Version: 1	Number of symbols: 3	Pictures exchange: true	Response Deadline: 2000
Trial_No	Virt_Trial_No	Prob_Shown	Feedback	RT	Stimulus_No	Resp	SymbolA_Stage	SymbolB_Stage	SymbolC_Stage	Prob_A	Prob_B	Prob_C	Jitter	StimOnset	RespOnset	Symbol_Changes	Bonus_sum
   1	   1	  30	   2	1066	   1	   1	   1	   0	   0	  30	  70	  50	 316	1466	2532	   0	 -10	
   2	   2	  50	   2	1657	   3	   1	   1	   0	   1	  30	  70	  50	 416	4267	5924	   0	 -20	
   3	   3	  30	   2	 732	   1	   1	   2	   0	   1	  30	  70	  50	 531	7768	8500	   0	 -30	
   4	   4	  50	   1	 669	   3	   1	   2	   0	   2	  30	  70	  50	 325	10135	10804	   0	 -20	
   5	   5	  70	   1	 771	   2	   1	   2	   1	   2	  30	  70	  50	 632	12753	13524	   0	 -10	
   6	   6	  30	   2	 604	   1	   1	   3	   1	   2	  30	  70	  50	 472	15304	15908	   0	 -20	
   7	   7	  50	   2	 620	   3	   1	   3	   1	   3	  30	  70	  50	 472	17688	18308	   0	 -30	
   8	   8	  70	   1	 546	   2	   1	   3	   2	   3	  30	  70	  50	 327	19938	20484	   0	 -20	
   9	   9	  50	   2	 922	   3	   1	   3	   2	   4	  30	  70	  50	 340	22122	23044	   0	 -30	
  10	  10	  30	   1	 682	   1	   1	   4	   2	   4	  30	  70	  50	 559	24906	25588	   0	 -20	
  11	  11	  50	   1	 714	   3	   1	   4	   2	   5	  30	  70	  50	 343	27257	27971	   0	 -10	
  12	  12	  70	   1	 761	   2	   1	   4	   3	   5	  30	  70	  50	 390	29674	30435	   0	   0	
  13	  13	  50	   2	 739	   3	   1	   4	   3	   6	  30	  70	  50	 477	32208	32947	   0	 -10	
  14	  14	  70	   4	 388	   2	   2	   4	   4	   6	  30	  70	  50	 686	34943	35331	   0	 -10	
  15	  15	  50	   1	 899	   3	   1	   4	   4	   7	  30	  70	  50	 331	36976	37875	   0	   0	
  16	  16	  30	   3	 740	   1	   2	   5	   4	   7	  30	  70	  50	 539	39727	40467	   0	   0	
  17	  17	  70	   2	 713	   2	   1	   5	   5	   7	  30	  70	  50	 613	42378	43091	   0	 -10	
  18	  18	  50	   1	1045	   3	   1	   5	   5	   8	  30	  70	  50	 479	44862	45907	   0	   0	
  19	  19	  70	   1	 565	   2	   1	   5	   6	   8	  30	  70	  50	 426	47630	48195	   0	  10	
  20	  20	  30	   4	 405	   1	   2	   6	   6	   8	  30	  70	  50	 519	50030	50435	   0	  10	
  21	  21	  50	   2	 476	   3	   1	   6	   6	   9	  30	  70	  50	 467	52231	52707	   0	   0	
  22	  22	  30	   2	 382	   1	   1	   7	   6	   9	  30	  70	  50	 578	54581	54963	   0	 -10	
  23	  23	  50	   3	 626	   3	   2	   7	   6	  10	  30	  70	  50	 578	56849	57475	   0	 -10	
  24	  24	  30	   4	 806	   1	   2	   8	   6	  10	  30	  70	  50	 353	59133	59939	   0	 -10	
  25	  25	  70	   1	 518	   2	   1	   8	   7	  10	  30	  70	  50	 675	61917	62435	   0	   0	
  26	  26	  50	   1	 705	   3	   1	   8	   7	  11	  30	  70	  50	 674	64418	65123	   0	  10	
  27	  27	  30	   4	 497	   1	   2	   9	   7	  11	  30	  70	  50	 348	66785	67282	   0	  10	
  28	  28	  50	   4	 630	   3	   2	   9	   7	  12	  30	  70	  50	 454	69052	69682	   0	  10	
  29	  29	  70	   1	 325	   2	   1	   9	   8	  12	  30	  70	  50	 478	71453	71778	   0	  20	
  30	  30	  50	   3	 732	   3	   2	   9	   8	  13	  30	  70	  50	 592	73670	74402	   0	  20	
  31	  31	  70	   1	 602	   2	   1	   9	   9	  13	  30	  70	  50	 355	76088	76690	   0	  30	
  32	  32	  50	   1	 742	   3	   1	   9	   9	  14	  30	  70	  50	 588	78588	79330	   0	  40	
  33	  33	  30	   3	 465	   1	   2	  10	   9	  14	  30	  70	  50	 464	81089	81554	   0	  40	
  34	  34	  70	   2	 498	   2	   1	  10	  10	  14	  30	  70	  50	 578	83440	83938	   0	  30	
  35	  35	  30	   4	 886	   1	   2	  11	  10	  14	  30	  70	  50	 467	85724	86610	   0	  30	
  36	  36	  70	   1	 387	   2	   1	  11	  11	  14	  30	  70	  50	 680	88591	88978	   0	  40	
  37	  37	  50	   2	 429	   3	   1	  11	  11	  15	  30	  70	  50	 439	90725	91154	   0	  30	
  38	  38	  30	   3	 698	   1	   2	  12	  11	  15	  30	  70	  50	 339	92792	93490	   0	  30	
  39	  39	  70	   2	 350	   2	   1	  12	  12	  15	  30	  70	  50	 654	95460	95810	   0	  20	
  40	  40	  30	   4	1263	   1	   2	  13	  12	  15	  30	  70	  50	 695	97811	99074	   0	  20	
  41	  41	  50	   1	 301	   3	   1	  13	  12	  16	  30	  70	  50	 672	101061	101362	   0	  30	
  42	  42	  70	   1	 317	   2	   1	  13	  13	  16	  30	  70	  50	 351	103029	103346	   0	  40	
  43	  43	  30	   4	 900	   1	   2	  14	  13	  16	  30	  70	  50	 587	105246	106146	   0	  40	
  44	  44	  70	   1	 520	   2	   1	  14	  14	  16	  30	  70	  50	 450	107913	108433	   0	  50	
  45	  45	  50	   2	 483	   3	   1	  14	  14	  17	  30	  70	  50	 668	110414	110897	   0	  40	
  46	  46	  30	   4	 646	   1	   2	  15	  14	  17	  30	  70	  50	 519	112731	113377	   0	  40	
  47	  47	  70	   1	 427	   2	   1	  15	  15	  17	  30	  70	  50	 698	115382	115809	   0	  50	
  48	  48	  30	   3	 723	   1	   2	  16	  15	  17	  30	  70	  50	 448	117566	118289	   0	  50	
  49	  49	  70	   2	 694	   2	   1	  16	  16	  17	  30	  70	  50	 676	120267	120961	   0	  40	
  50	  50	  30	   4	 546	   1	   2	  17	  16	  17	  30	  70	  50	 483	122751	123297	   0	  40	
  51	  51	  70	   3	 495	   2	   2	  17	  17	  17	  30	  70	  50	 597	125202	125697	   0	  40	
NaN	  52	  30	NaN	NaN	   1	   3	  17	  17	  17	  30	  70	  50	 411	125202	NaN	   0	  40	
  52	  53	  70	   3	 322	   2	   2	  17	  18	  17	  30	  70	  50	 426	131103	131425	   0	  40	
  53	  54	  30	   2	 742	   1	   1	  18	  18	  17	  30	  70	  50	 659	133387	134129	   0	  30	
  54	  55	  70	   2	 730	   2	   1	  18	  19	  17	  30	  70	  50	 615	136055	136785	   0	  20	
  55	  56	  50	   2	 520	   3	   1	  18	  19	  18	  30	  70	  50	 412	138489	139009	   0	  10	
  56	  57	  30	   3	 509	   1	   2	  19	  19	  18	  30	  70	  50	 422	140740	141249	   0	  10	
  57	  58	  70	   1	 569	   2	   1	  19	  20	  18	  30	  70	  50	 664	143207	143776	   0	  20	
  58	  59	  50	   1	 439	   3	   1	  19	  20	  19	  30	  70	  50	 554	145641	146080	   0	  30	
  59	  60	  30	   4	 586	   1	   2	  20	  20	  19	  30	  70	  50	 570	147958	148544	   0	  30	
  60	  61	  50	   4	 583	   3	   2	  20	  20	  20	  30	  70	  50	 549	150409	150992	   0	  30	
  61	  62	  70	   1	 319	   2	   1	  20	  21	  20	  30	  70	  50	 680	152993	153312	   0	  40	
  62	  63	  50	   2	 590	   3	   1	  20	  21	  21	  30	  70	  50	 392	155010	155600	   0	  30	
  63	  64	  70	   2	 551	   2	   1	  20	  22	  21	  30	  70	  50	 656	157561	158112	   0	  20	
  64	  65	  50	   1	 414	   3	   1	  20	  22	  22	  30	  70	  50	 343	159762	160176	   0	  30	
  65	  66	  30	   4	 597	   1	   2	  21	  22	  22	  30	  70	  50	 490	161979	162576	   0	  30	
  66	  67	  70	   1	 461	   2	   1	  21	  23	  22	  30	  70	  50	 665	164563	165024	   0	  40	
  67	  68	  30	   3	 688	   1	   2	  22	  23	  22	  30	  70	  50	 559	166880	167568	   0	  40	
  68	  69	  50	   2	 575	   3	   1	  22	  23	  23	  30	  70	  50	 400	169281	169856	   0	  30	
  69	  70	  70	   1	 600	   2	   1	  22	  24	  23	  30	  70	  50	 685	171848	172448	   0	  40	
  70	  71	  50	   2	 795	   3	   1	  22	  24	  24	  30	  70	  50	 397	174149	174944	   0	  30	
  71	  72	  70	   1	 606	   2	   1	  22	  25	  24	  30	  70	  50	 588	176850	177456	   0	  40	
  72	  73	  50	   3	1374	   3	   2	  22	  25	  25	  30	  70	  50	 473	179234	180608	   0	  40	
  73	  74	  70	   2	 627	   2	   1	  22	  26	  25	  30	  70	  50	 362	182268	182895	   0	  30	
  74	  75	  50	   4	 549	   3	   2	  22	  26	  26	  30	  70	  50	 412	184602	185151	   0	  30	
  75	  76	  70	   1	 446	   2	   1	  22	  27	  26	  30	  70	  50	 308	186769	187215	   0	  40	
  76	  77	  50	   1	 394	   3	   1	  22	  27	  27	  30	  70	  50	 313	188837	189231	   0	  50	
  77	  78	  70	   3	 354	   2	   2	  22	  28	  27	  30	  70	  50	 511	191037	191391	   0	  50	
  78	  79	  50	   1	 743	   3	   1	  22	  28	  28	  30	  70	  50	 583	193288	194031	   0	  60	
  79	  80	  30	   4	 396	   1	   2	  23	  28	  28	  30	  70	  50	 630	195955	196351	   0	  60	
  80	  81	  70	   2	 398	   2	   1	  23	  29	  28	  30	  70	  50	 623	198273	198671	   0	  50	
  81	  82	  30	   4	 716	   1	   2	  24	  29	  28	  30	  70	  50	 325	200323	201039	   0	  50	
  82	  83	  50	   2	 356	   3	   1	  24	  29	  29	  30	  70	  50	 536	202891	203247	   0	  40	
  83	  84	  30	   4	 626	   1	   2	  25	  29	  29	  30	  70	  50	 388	204941	205567	   0	  40	
  84	  85	  70	   1	 464	   2	   1	  25	  30	  29	  30	  70	  50	 493	207359	207823	   0	  50	
  85	  86	  50	   1	 612	   3	   1	  25	  30	  30	  30	  70	  50	 501	209643	210255	   0	  60	
  86	  87	  70	   1	 429	   2	   1	  25	  31	  30	  30	  70	  50	 650	212210	212639	   0	  70	
  87	  88	  30	   2	 830	   3	   1	  25	  31	   1	  30	  70	  30	 620	214577	215407	   3	  60	
  88	  89	  30	   3	 993	   1	   2	  26	  31	   1	  30	  70	  30	 565	217278	218271	   0	  60	
  89	  90	  70	   2	 656	   2	   1	  26	  32	   1	  30	  70	  30	 484	220062	220718	   0	  50	
  90	  91	  30	   1	1055	   3	   1	  26	  32	   2	  30	  70	  30	 446	222463	223518	   0	  60	
NaN	  92	  70	NaN	NaN	   2	   3	  26	  32	   2	  30	  70	  30	 505	222463	NaN	   0	  60	
  91	  93	  30	   4	 611	   1	   2	  27	  32	   2	  30	  70	  30	 485	229115	229726	   0	  60	
  92	  94	  30	   2	 853	   3	   1	  27	  32	   3	  30	  70	  30	 420	231449	232302	   0	  50	
  93	  95	  30	   4	 758	   1	   2	  28	  32	   3	  30	  70	  30	 611	234216	234974	   0	  50	
  94	  96	  70	   1	 574	   2	   1	  28	  33	   3	  30	  70	  30	 509	236784	237358	   0	  60	
  95	  97	  30	   3	 725	   1	   2	  29	  33	   3	  30	  70	  30	 341	239001	239726	   0	  60	
  96	  98	  30	   2	 522	   3	   1	  29	  33	   4	  30	  70	  30	 643	241668	242190	   0	  50	
  97	  99	  30	   4	1518	   1	   2	  30	  33	   4	  30	  70	  30	 446	243936	245454	   0	  50	
  98	 100	  30	   4	 693	   3	   2	  30	  33	   5	  30	  70	  30	 574	247337	248030	   0	  50	
  99	 101	  20	   2	 770	   2	   1	  30	   1	   5	  30	  20	  30	 457	249804	250574	   2	  40	
 100	 102	  30	   4	1300	   1	   2	  31	   1	   5	  30	  20	  30	 655	252538	253838	   0	  40	
 101	 103	  20	   2	 440	   2	   1	  31	   2	   5	  30	  20	  30	 452	255622	256062	   0	  30	
 102	 104	  30	   3	1079	   3	   2	  31	   2	   6	  30	  20	  30	 642	258006	259085	   0	  30	
 103	 105	  20	   3	 705	   2	   2	  31	   3	   6	  30	  20	  30	 544	260924	261629	   0	  30	
 104	 106	  30	   4	1283	   3	   2	  31	   3	   7	  30	  20	  30	 323	263258	264541	   0	  30	
 105	 107	  20	   4	 922	   2	   2	  31	   4	   7	  30	  20	  30	 416	266275	267197	   0	  30	
 106	 108	  30	   4	 503	   3	   2	  31	   4	   8	  30	  20	  30	 602	269110	269613	   0	  30	
 107	 109	  20	   4	 599	   2	   2	  31	   5	   8	  30	  20	  30	 579	271494	272093	   0	  30	
 108	 110	  30	   3	 624	   1	   2	  32	   5	   8	  30	  20	  30	 654	274061	274685	   0	  30	
 109	 111	  30	   4	 555	   3	   2	  32	   5	   9	  30	  20	  30	 568	276562	277117	   0	  30	
 110	 112	  20	   3	 400	   2	   2	  32	   6	   9	  30	  20	  30	 411	278829	279229	   0	  30	
 111	 113	  30	   3	 481	   3	   2	  32	   6	  10	  30	  20	  30	 628	281180	281661	   0	  30	
 112	 114	  30	   4	 609	   1	   2	  33	   6	  10	  30	  20	  30	 581	283564	284173	   0	  30	
 113	 115	  30	   3	 503	   3	   2	  33	   6	  11	  30	  20	  30	 323	285798	286301	   0	  30	
 114	 116	  30	   4	 446	   1	   2	  34	   6	  11	  30	  20	  30	 398	288015	288461	   0	  30	
 115	 117	  30	   4	 484	   3	   2	  34	   6	  12	  30	  20	  30	 485	290249	290733	   0	  30	
 116	 118	  30	   4	 481	   1	   2	  35	   6	  12	  30	  20	  30	 658	292700	293181	   0	  30	
 117	 119	  30	   4	 479	   3	   2	  35	   6	  13	  30	  20	  30	 657	295150	295629	   0	  30	
 118	 120	  20	   4	 402	   2	   2	  35	   7	  13	  30	  20	  30	 505	297434	297836	   0	  30	
 119	 121	  80	   3	 782	   1	   2	   1	   7	  13	  80	  20	  30	 334	299502	300284	   1	  30	
 120	 122	  30	   4	 822	   3	   2	   1	   7	  14	  80	  20	  30	 482	302086	302908	   0	  30	
 121	 123	  80	   1	 428	   1	   1	   2	   7	  14	  80	  20	  30	 486	304720	305148	   0	  40	
 122	 124	  30	   3	 406	   3	   2	   2	   7	  15	  80	  20	  30	 413	306854	307260	   0	  40	
 123	 125	  80	   4	 489	   1	   2	   3	   7	  15	  80	  20	  30	 604	309171	309660	   0	  40	
 124	 126	  30	   4	 649	   3	   2	   3	   7	  16	  80	  20	  30	 583	311555	312204	   0	  40	
 125	 127	  80	   1	 409	   1	   1	   4	   7	  16	  80	  20	  30	 419	313939	314348	   0	  50	
 126	 128	  30	   4	 522	   3	   2	   4	   7	  17	  80	  20	  30	 633	316290	316812	   0	  50	
 127	 129	  20	   2	 907	   2	   1	   4	   8	  17	  80	  20	  30	 535	318657	319564	   0	  40	
 128	 130	  80	   1	 507	   1	   1	   5	   8	  17	  80	  20	  30	 560	321425	321932	   0	  50	
 129	 131	  30	   2	 617	   3	   1	   5	   8	  18	  80	  20	  30	 621	323859	324476	   0	  40	
 130	 132	  80	   2	 719	   1	   1	   6	   8	  18	  80	  20	  30	 318	326109	326828	   0	  30	
 131	 133	  30	   3	 598	   3	   2	   6	   8	  19	  80	  20	  30	 556	328710	329308	   0	  30	
 132	 134	  80	   1	 504	   1	   1	   7	   8	  19	  80	  20	  30	 416	331044	331548	   0	  40	
 133	 135	  20	   4	 427	   2	   2	   7	   9	  19	  80	  20	  30	 511	333361	333788	   0	  40	
 134	 136	  80	   1	 399	   1	   1	   8	   9	  19	  80	  20	  30	 518	335612	336011	   0	  50	
 135	 137	  20	   4	 564	   2	   2	   8	  10	  19	  80	  20	  30	 535	337863	338427	   0	  50	
 136	 138	  80	   1	 480	   1	   1	   9	  10	  19	  80	  20	  30	 622	340363	340843	   0	  60	
 137	 139	  20	   3	 786	   2	   2	   9	  11	  19	  80	  20	  30	 532	342681	343467	   0	  60	
 138	 140	  30	   4	 681	   3	   2	   9	  11	  20	  80	  20	  30	 526	345298	345979	   0	  60	
 139	 141	  80	   1	 531	   1	   1	  10	  11	  20	  80	  20	  30	 540	347832	348363	   0	  70	
 140	 142	  30	   3	 396	   3	   2	  10	  11	  21	  80	  20	  30	 306	349983	350379	   0	  70	
 141	 143	  20	   4	 538	   2	   2	  10	  12	  21	  80	  20	  30	 343	352033	352571	   0	  70	
 142	 144	  80	   2	 511	   1	   1	  11	  12	  21	  80	  20	  30	 406	354284	354795	   0	  60	
 143	 145	  30	   4	 470	   3	   2	  11	  12	  22	  80	  20	  30	 405	356501	356971	   0	  60	
 144	 146	  20	   2	 425	   2	   1	  11	  13	  22	  80	  20	  30	 526	358802	359227	   0	  50	
 145	 147	  30	   4	 555	   3	   2	  11	  13	  23	  80	  20	  30	 609	361136	361691	   0	  50	
 146	 148	  20	   2	 807	   2	   1	  11	  14	  23	  80	  20	  30	 622	363620	364427	   0	  40	
 147	 149	  80	   1	 536	   1	   1	  12	  14	  23	  80	  20	  30	 651	366387	366923	   0	  50	
 148	 150	  20	   4	 438	   2	   2	  12	  15	  23	  80	  20	  30	 566	368805	369243	   0	  50	
 149	 151	  80	   1	 451	   1	   1	  13	  15	  23	  80	  20	  30	 316	370872	371323	   0	  60	
 150	 152	  20	   4	 651	   2	   2	  13	  16	  23	  80	  20	  30	 403	373039	373690	   0	  60	
 151	 153	  30	   2	 737	   3	   1	  13	  16	  24	  80	  20	  30	 648	375673	376410	   0	  50	
 152	 154	  20	   2	 428	   2	   1	  13	  17	  24	  80	  20	  30	 451	378174	378602	   0	  40	
 153	 155	  80	   1	 438	   1	   1	  14	  17	  24	  80	  20	  30	 405	380308	380746	   0	  50	
 154	 156	  30	   4	 561	   3	   2	  14	  17	  25	  80	  20	  30	 373	382425	382986	   0	  50	
 155	 157	  80	   1	 557	   1	   1	  15	  17	  25	  80	  20	  30	 623	384909	385466	   0	  60	
 156	 158	  20	   3	 615	   2	   2	  15	  18	  25	  80	  20	  30	 665	387443	388058	   0	  60	
 157	 159	  30	   4	 644	   3	   2	  15	  18	  26	  80	  20	  30	 524	389894	390538	   0	  60	
 158	 160	  80	   1	 380	   1	   1	  16	  18	  26	  80	  20	  30	 618	392462	392842	   0	  70	
 159	 161	  20	   4	 634	   2	   2	  16	  19	  26	  80	  20	  30	 335	394496	395130	   0	  70	
 160	 162	  30	   3	 526	   3	   2	  16	  19	  27	  80	  20	  30	 360	396796	397322	   0	  70	
 161	 163	  80	   1	 655	   1	   1	  17	  19	  27	  80	  20	  30	 513	399147	399802	   0	  80	
 162	 164	  30	   2	1004	   3	   1	  17	  19	  28	  80	  20	  30	 511	401614	402618	   0	  70	
 163	 165	  20	   4	 626	   2	   2	  17	  20	  28	  80	  20	  30	 326	404248	404874	   0	  70	
 164	 166	  30	   4	 618	   3	   2	  17	  20	  29	  80	  20	  30	 633	406816	407434	   0	  70	
 165	 167	  80	   2	 550	   1	   1	  18	  20	  29	  80	  20	  30	 571	409316	409866	   0	  60	
 166	 168	  30	   3	 486	   3	   2	  18	  20	  30	  80	  20	  30	 513	411684	412170	   0	  60	
 167	 169	  20	   4	 517	   2	   2	  18	  21	  30	  80	  20	  30	 606	414084	414601	   0	  60	
 168	 170	  30	   4	 521	   3	   2	  18	  21	  31	  80	  20	  30	 435	416352	416873	   0	  60	
 169	 171	  80	   1	 465	   1	   1	  19	  21	  31	  80	  20	  30	 375	418552	419017	   0	  70	
 170	 172	  30	   4	 451	   3	   2	  19	  21	  32	  80	  20	  30	 555	420886	421337	   0	  70	
 171	 173	  20	   4	 419	   2	   2	  19	  22	  32	  80	  20	  30	 589	423254	423673	   0	  70	
 172	 174	  80	   1	 479	   1	   1	  20	  22	  32	  80	  20	  30	 349	425338	425817	   0	  80	
 173	 175	  30	   4	 522	   3	   2	  20	  22	  33	  80	  20	  30	 343	427455	427977	   0	  80	
 174	 176	  80	   3	 360	   1	   2	  21	  22	  33	  80	  20	  30	 600	429889	430249	   0	  80	
 175	 177	  30	   3	 527	   3	   2	  21	  22	  34	  80	  20	  30	 552	432106	432633	   0	  80	
 176	 178	  80	   1	 506	   1	   1	  22	  22	  34	  80	  20	  30	 672	434607	435113	   0	  90	
 177	 179	  30	   4	 499	   3	   2	  22	  22	  35	  80	  20	  30	 349	436774	437273	   0	  90	
 178	 180	  20	   3	 696	   2	   2	  22	  23	  35	  80	  20	  30	 439	439025	439721	   0	  90	
 179	 181	  70	   1	 859	   3	   1	  22	  23	   1	  80	  20	  70	 672	441726	442585	   3	 100	
 180	 182	  20	   4	1144	   2	   2	  22	  24	   1	  80	  20	  70	 301	444193	445337	   0	 100	
 181	 183	  80	   2	 652	   1	   1	  23	  24	   1	  80	  20	  70	 614	447261	447913	   0	  90	
 182	 184	  70	   2	 542	   3	   1	  23	  24	   2	  80	  20	  70	 396	449611	450153	   0	  80	
 183	 185	  20	   3	1434	   2	   2	  23	  25	   2	  80	  20	  70	 603	452062	453496	   0	  80	
 184	 186	  70	   1	 644	   3	   1	  23	  25	   3	  80	  20	  70	 569	455380	456024	   0	  90	
 185	 187	  20	   4	 942	   2	   2	  23	  26	   3	  80	  20	  70	 598	457930	458872	   0	  90	
 186	 188	  70	   2	 791	   3	   1	  23	  26	   4	  80	  20	  70	 306	460481	461272	   0	  80	
 187	 189	  20	   2	 845	   2	   1	  23	  27	   4	  80	  20	  70	 536	463115	463960	   0	  70	
 188	 190	  80	   1	 634	   1	   1	  24	  27	   4	  80	  20	  70	 302	465566	466200	   0	  80	
 189	 191	  70	   1	 753	   3	   1	  24	  27	   5	  80	  20	  70	 674	468183	468936	   0	  90	
 190	 192	  80	   2	 552	   1	   1	  25	  27	   5	  80	  20	  70	 543	470784	471336	   0	  80	
 191	 193	  20	   4	 697	   2	   2	  25	  28	   5	  80	  20	  70	 477	473135	473832	   0	  80	
 192	 194	  70	   1	 436	   3	   1	  25	  28	   6	  80	  20	  70	 513	475652	476088	   0	  90	
 193	 195	  20	   4	 636	   2	   2	  25	  29	   6	  80	  20	  70	 437	477836	478472	   0	  90	
 194	 196	  70	   1	 593	   3	   1	  25	  29	   7	  80	  20	  70	 699	480487	481080	   0	 100	
 195	 197	  80	   1	 464	   1	   1	  26	  29	   7	  80	  20	  70	 520	482904	483368	   0	 110	
 196	 198	  20	   4	 701	   2	   2	  26	  30	   7	  80	  20	  70	 685	485355	486056	   0	 110	
 197	 199	  70	   2	 622	   3	   1	  26	  30	   8	  80	  20	  70	 349	487722	488344	   0	 100	
 198	 200	  50	   1	 806	   2	   1	  26	   1	   8	  80	  50	  70	 606	490273	491079	   2	 110	
 199	 201	  80	   1	 673	   1	   1	  27	   1	   8	  80	  50	  70	 414	492790	493463	   0	 120	
 200	 202	  70	   1	 771	   3	   1	  27	   1	   9	  80	  50	  70	 334	495108	495879	   0	 130	
 201	 203	  50	   2	 539	   2	   1	  27	   2	   9	  80	  50	  70	 482	497692	498231	   0	 120	
 202	 204	  70	   1	1155	   3	   1	  27	   2	  10	  80	  50	  70	 337	499876	501031	   0	 130	
 203	 205	  50	   1	 550	   2	   1	  27	   3	  10	  80	  50	  70	 637	502977	503527	   0	 140	
 204	 206	  70	   2	 576	   3	   1	  27	   3	  11	  80	  50	  70	 684	505527	506103	   0	 130	
 205	 207	  50	   2	 670	   2	   1	  27	   4	  11	  80	  50	  70	 557	507961	508631	   0	 120	
 206	 208	  80	   1	 731	   1	   1	  28	   4	  11	  80	  50	  70	 467	510412	511143	   0	 130	
 207	 209	  50	   2	 401	   2	   1	  28	   5	  11	  80	  50	  70	 587	513046	513447	   0	 120	
 208	 210	  80	   1	 486	   1	   1	  29	   5	  11	  80	  50	  70	 551	515313	515799	   0	 130	
 209	 211	  70	   2	 626	   3	   1	  29	   5	  12	  80	  50	  70	 695	517797	518423	   0	 120	
 210	 212	  50	   1	 503	   2	   1	  29	   6	  12	  80	  50	  70	 315	520048	520551	   0	 130	
 211	 213	  80	   1	 622	   1	   1	  30	   6	  12	  80	  50	  70	 387	522265	522887	   0	 140	
 212	 214	  70	   1	 542	   3	   1	  30	   6	  13	  80	  50	  70	 434	524633	525175	   0	 150	
 213	 215	  80	   1	 447	   1	   1	  31	   6	  13	  80	  50	  70	 527	527000	527447	   0	 160	
 214	 216	  70	   1	 503	   3	   1	  31	   6	  14	  80	  50	  70	 420	529167	529670	   0	 170	
 215	 217	  50	   3	 542	   2	   2	  31	   7	  14	  80	  50	  70	 389	531368	531910	   0	 170	
 216	 218	  80	   1	 743	   1	   1	  32	   7	  14	  80	  50	  70	 315	533535	534278	   0	 180	
 217	 219	  50	   4	 801	   2	   2	  32	   8	  14	  80	  50	  70	 487	536069	536870	   0	 180	
 218	 220	  80	   1	 504	   1	   1	  33	   8	  14	  80	  50	  70	 491	538670	539174	   0	 190	
 219	 221	  70	   1	 435	   3	   1	  33	   8	  15	  80	  50	  70	 691	541171	541606	   0	 200	
 220	 222	  50	   2	 419	   2	   1	  33	   9	  15	  80	  50	  70	 634	543555	543974	   0	 190	
 221	 223	  70	   1	1103	   3	   1	  33	   9	  16	  80	  50	  70	 360	545655	546758	   0	 200	
 222	 224	  20	   2	 900	   1	   1	   1	   9	  16	  20	  50	  70	 597	548690	549590	   1	 190	
 223	 225	  50	   1	1264	   2	   1	   1	  10	  16	  20	  50	  70	 675	551574	552838	   0	 200	
 224	 226	  70	   2	 687	   3	   1	   1	  10	  17	  20	  50	  70	 645	554791	555478	   0	 190	
 225	 227	  20	   2	 772	   1	   1	   2	  10	  17	  20	  50	  70	 660	557442	558214	   0	 180	
 226	 228	  70	   1	 969	   3	   1	   2	  10	  18	  20	  50	  70	 572	560093	561062	   0	 190	
 227	 229	  20	   2	 454	   1	   1	   3	  10	  18	  20	  50	  70	 581	562960	563414	   0	 180	
 228	 230	  50	   2	 895	   2	   1	   3	  11	  18	  20	  50	  70	 396	565111	566006	   0	 170	
 229	 231	  70	   1	 585	   3	   1	   3	  11	  19	  20	  50	  70	 310	567612	568197	   0	 180	
 230	 232	  50	   1	 877	   2	   1	   3	  12	  19	  20	  50	  70	 403	569912	570789	   0	 190	
 231	 233	  70	   1	 480	   3	   1	   3	  12	  20	  20	  50	  70	 505	572613	573093	   0	 200	
 232	 234	  20	   3	 388	   1	   2	   4	  12	  20	  20	  50	  70	 489	574881	575269	   0	 200	
 233	 235	  70	   2	 649	   3	   1	   4	  12	  21	  20	  50	  70	 580	577148	577797	   0	 190	
 234	 236	  20	   4	 784	   1	   2	   5	  12	  21	  20	  50	  70	 633	579749	580533	   0	 190	
 235	 237	  50	   2	 546	   2	   1	   5	  13	  21	  20	  50	  70	 646	582483	583029	   0	 180	
 236	 238	  70	   1	 380	   3	   1	   5	  13	  22	  20	  50	  70	 310	584633	585013	   0	 190	
 237	 239	  50	   2	 900	   2	   1	   5	  14	  22	  20	  50	  70	 486	586801	587701	   0	 180	
 238	 240	  70	   1	 573	   3	   1	   5	  14	  23	  20	  50	  70	 357	589368	589941	   0	 190	
 239	 241	  50	   1	 518	   2	   1	   5	  15	  23	  20	  50	  70	 683	591935	592453	   0	 200	
 240	 242	  20	   4	 515	   1	   2	   6	  15	  23	  20	  50	  70	 622	594386	594901	   0	 200	
 241	 243	  50	   3	 414	   2	   2	   6	  16	  23	  20	  50	  70	 648	596887	597301	   0	 200	
 242	 244	  20	   3	 542	   1	   2	   7	  16	  23	  20	  50	  70	 665	599287	599829	   0	 200	
 243	 245	  70	   1	 510	   3	   1	   7	  16	  24	  20	  50	  70	 524	601655	602165	   0	 210	
 244	 246	  50	   4	 658	   2	   2	   7	  17	  24	  20	  50	  70	 467	603939	604597	   0	 210	
 245	 247	  20	   4	 352	   1	   2	   8	  17	  24	  20	  50	  70	 441	606340	606692	   0	 210	
 246	 248	  50	   3	 503	   2	   2	   8	  18	  24	  20	  50	  70	 562	608557	609060	   0	 210	
 247	 249	  70	   1	 656	   3	   1	   8	  18	  25	  20	  50	  70	 352	610724	611380	   0	 220	
 248	 250	  20	   4	 643	   1	   2	   9	  18	  25	  20	  50	  70	 331	613025	613668	   0	 220	
 249	 251	  70	   4	 597	   3	   2	   9	  18	  26	  20	  50	  70	 405	615375	615972	   0	 220	
 250	 252	  50	   2	 465	   2	   1	   9	  19	  26	  20	  50	  70	 589	617859	618324	   0	 210	
 251	 253	  20	   4	 586	   1	   2	  10	  19	  26	  20	  50	  70	 357	620010	620596	   0	 210	
 252	 254	  70	   1	 511	   3	   1	  10	  19	  27	  20	  50	  70	 377	622277	622788	   0	 220	
 253	 255	  50	   1	 389	   2	   1	  10	  20	  27	  20	  50	  70	 407	624495	624884	   0	 230	
 254	 256	  70	   1	 694	   3	   1	  10	  20	  28	  20	  50	  70	 669	626862	627556	   0	 240	
 255	 257	  50	   3	 500	   2	   2	  10	  21	  28	  20	  50	  70	 437	629296	629796	   0	 240	
 256	 258	  70	   2	 831	   3	   1	  10	  21	  29	  20	  50	  70	 689	631797	632628	   0	 230	
 257	 259	  50	   4	 790	   2	   2	  10	  22	  29	  20	  50	  70	 469	634414	635204	   0	 230	
 258	 260	  70	   1	 516	   3	   1	  10	  22	  30	  20	  50	  70	 331	636848	637364	   0	 240	
 259	 261	  20	   4	 545	   1	   2	  11	  22	  30	  20	  50	  70	 616	639299	639844	   0	 240	
 260	 262	  50	   2	 688	   3	   1	  11	  22	   1	  20	  50	  50	 547	641700	642388	   3	 230	
 261	 263	  50	   4	 911	   2	   2	  11	  23	   1	  20	  50	  50	 385	644100	645011	   0	 230	
 262	 264	  20	   4	 584	   1	   2	  12	  23	   1	  20	  50	  50	 335	646651	647235	   0	 230	
 263	 265	  50	   2	 681	   3	   1	  12	  23	   2	  20	  50	  50	 463	649002	649683	   0	 220	
 264	 266	  50	   2	1162	   2	   1	  12	  24	   2	  20	  50	  50	 370	651369	652531	   0	 210	
 265	 267	  50	   1	 443	   3	   1	  12	  24	   3	  20	  50	  50	 681	654520	654963	   0	 220	
 266	 268	  50	   3	 762	   2	   2	  12	  25	   3	  20	  50	  50	 665	656937	657699	   0	 220	
 267	 269	  20	   4	 658	   1	   2	  13	  25	   3	  20	  50	  50	 513	659505	660163	   0	 220	
 268	 270	  50	   3	 640	   2	   2	  13	  26	   3	  20	  50	  50	 475	661939	662579	   0	 220	
 269	 271	  50	   2	 640	   3	   1	  13	  26	   4	  20	  50	  50	 450	664339	664979	   0	 210	
 270	 272	  50	   2	 754	   2	   1	  13	  27	   4	  20	  50	  50	 365	666657	667411	   0	 200	
 271	 273	  50	   1	 608	   3	   1	  13	  27	   5	  20	  50	  50	 370	669107	669715	   0	 210	
 272	 274	  50	   3	 913	   2	   2	  13	  28	   5	  20	  50	  50	 439	671458	672371	   0	 210	
 273	 275	  20	   3	 682	   1	   2	  14	  28	   5	  20	  50	  50	 334	674009	674691	   0	 210	
 274	 276	  50	   1	 612	   3	   1	  14	  28	   6	  20	  50	  50	 541	676543	677155	   0	 220	
 275	 277	  50	   4	 639	   2	   2	  14	  29	   6	  20	  50	  50	 613	679060	679699	   0	 220	
 276	 278	  20	   4	 427	   1	   2	  15	  29	   6	  20	  50	  50	 528	681528	681955	   0	 220	
 277	 279	  50	   2	 892	   3	   1	  15	  29	   7	  20	  50	  50	 629	683878	684770	   0	 210	
 278	 280	  20	   3	 555	   1	   2	  16	  29	   7	  20	  50	  50	 613	686679	687234	   0	 210	
 279	 281	  50	   2	 791	   3	   1	  16	  29	   8	  20	  50	  50	 607	689147	689938	   0	 200	
 280	 282	  20	   4	 595	   1	   2	  17	  29	   8	  20	  50	  50	 402	691647	692242	   0	 200	
 281	 283	  50	   3	 645	   3	   2	  17	  29	   9	  20	  50	  50	 401	693965	694610	   0	 200	
 282	 284	  50	   1	 872	   2	   1	  17	  30	   9	  20	  50	  50	 370	696282	697154	   0	 210	
 283	 285	  20	   4	 610	   1	   2	  18	  30	   9	  20	  50	  50	 348	698816	699426	   0	 210	
 284	 286	  50	   1	 808	   2	   1	  18	  31	   9	  20	  50	  50	 318	701050	701858	   0	 220	
 285	 287	  20	   4	 648	   1	   2	  19	  31	   9	  20	  50	  50	 673	703834	704482	   0	 220	
 286	 288	  50	   3	 486	   3	   2	  19	  31	  10	  20	  50	  50	 477	706268	706754	   0	 220	
 287	 289	  20	   4	 709	   1	   2	  20	  31	  10	  20	  50	  50	 628	708685	709394	   0	 220	
 288	 290	  50	   3	 673	   3	   2	  20	  31	  11	  20	  50	  50	 462	711153	711826	   0	 220	
 289	 291	  50	   2	 930	   2	   1	  20	  32	  11	  20	  50	  50	 372	713504	714434	   0	 210	
 290	 292	  50	   3	 434	   3	   2	  20	  32	  12	  20	  50	  50	 571	716304	716738	   0	 210	
 291	 293	  50	   1	1742	   2	   1	  20	  33	  12	  20	  50	  50	 324	718388	720130	   0	 220	
 292	 294	  50	   2	 552	   3	   1	  20	  33	  13	  20	  50	  50	 633	722073	722625	   0	 210	
 293	 295	  20	   4	 556	   1	   2	  21	  33	  13	  20	  50	  50	 439	724373	724929	   0	 210	
 294	 296	  20	   2	 737	   2	   1	  21	   1	  13	  20	  20	  50	 378	726624	727361	   2	 200	
 295	 297	  20	   3	 658	   1	   2	  22	   1	  13	  20	  20	  50	 304	728975	729633	   0	 200	
 296	 298	  20	   2	 520	   2	   1	  22	   2	  13	  20	  20	  50	 692	731625	732145	   0	 190	
 297	 299	  20	   4	 534	   1	   2	  23	   2	  13	  20	  20	  50	 596	734043	734577	   0	 190	
 298	 300	  20	   2	 612	   2	   1	  23	   3	  13	  20	  20	  50	 601	736493	737105	   0	 180	
 299	 301	  50	   1	 867	   3	   1	  23	   3	  14	  20	  20	  50	 489	738894	739761	   0	 190	
 300	 302	  20	   2	 448	   2	   1	  23	   4	  14	  20	  20	  50	 673	741745	742193	   0	 180	
 301	 303	  50	   1	 725	   3	   1	  23	   4	  15	  20	  20	  50	 481	744012	744737	   0	 190	
 302	 304	  20	   1	 823	   2	   1	  23	   5	  15	  20	  20	  50	 305	746346	747169	   0	 200	
 303	 305	  20	   4	 567	   1	   2	  24	   5	  15	  20	  20	  50	 642	749114	749681	   0	 200	
 304	 306	  50	   2	 827	   3	   1	  24	   5	  16	  20	  20	  50	 426	751414	752241	   0	 190	
 305	 307	  20	   4	 650	   1	   2	  25	   5	  16	  20	  20	  50	 657	754199	754849	   0	 190	
 306	 308	  50	   2	 613	   3	   1	  25	   5	  17	  20	  20	  50	 553	756716	757329	   0	 180	
 307	 309	  20	   4	 440	   1	   2	  26	   5	  17	  20	  20	  50	 377	759000	759440	   0	 180	
 308	 310	  50	   1	 559	   3	   1	  26	   5	  18	  20	  20	  50	 473	761217	761776	   0	 190	
 309	 311	  20	   4	 571	   1	   2	  27	   5	  18	  20	  20	  50	 614	763685	764256	   0	 190	
 310	 312	  50	   2	 743	   3	   1	  27	   5	  19	  20	  20	  50	 610	766169	766912	   0	 180	
 311	 313	  20	   2	 754	   2	   1	  27	   6	  19	  20	  20	  50	 464	768686	769440	   0	 170	
 312	 314	  50	   2	 662	   3	   1	  27	   6	  20	  20	  20	  50	 618	771370	772032	   0	 160	
 313	 315	  20	   2	 383	   2	   1	  27	   7	  20	  20	  20	  50	 582	773921	774304	   0	 150	
 314	 316	  20	   3	1136	   1	   2	  28	   7	  20	  20	  20	  50	 648	776272	777408	   0	 150	
 315	 317	  20	   2	 568	   2	   1	  28	   8	  20	  20	  20	  50	 539	779256	779824	   0	 140	
 316	 318	  50	   2	 599	   3	   1	  28	   8	  21	  20	  20	  50	 545	781673	782272	   0	 130	
 317	 319	  20	   1	 456	   2	   1	  28	   9	  21	  20	  20	  50	 454	784040	784496	   0	 140	
 318	 320	  20	   4	 706	   1	   2	  29	   9	  21	  20	  20	  50	 351	786158	786864	   0	 140	
 319	 321	  50	   3	 622	   3	   2	  29	   9	  22	  20	  20	  50	 484	788658	789280	   0	 140	
 320	 322	  20	   4	 654	   1	   2	  30	   9	  22	  20	  20	  50	 438	791026	791680	   0	 140	
 321	 323	  50	   2	 776	   3	   1	  30	   9	  23	  20	  20	  50	 573	793576	794352	   0	 130	
 322	 324	  20	   4	 567	   1	   2	  31	   9	  23	  20	  20	  50	 319	795977	796544	   0	 130	
 323	 325	  20	   2	 571	   2	   1	  31	  10	  23	  20	  20	  50	 392	798244	798815	   0	 120	
 324	 326	  20	   4	 586	   1	   2	  32	  10	  23	  20	  20	  50	 518	800645	801231	   0	 120	
 325	 327	  50	   3	 287	   3	   2	  32	  10	  24	  20	  20	  50	 377	802912	803199	   0	 120	
 326	 328	  20	   2	 465	   2	   1	  32	  11	  24	  20	  20	  50	 328	804830	805295	   0	 110	
 327	 329	  50	   1	 669	   3	   1	  32	  11	  25	  20	  20	  50	 315	806930	807599	   0	 120	
 328	 330	  20	   4	 577	   2	   2	  32	  12	  25	  20	  20	  50	 698	809614	810191	   0	 120	
 329	 331	  20	   3	 547	   1	   2	  33	  12	  25	  20	  20	  50	 441	811932	812479	   0	 120	
 330	 332	  20	   4	 507	   2	   2	  33	  13	  25	  20	  20	  50	 342	814132	814639	   0	 120	
 331	 333	  50	   2	 663	   3	   1	  33	  13	  26	  20	  20	  50	 651	816616	817279	   0	 110	
 332	 334	  20	   4	 771	   1	   2	  34	  13	  26	  20	  20	  50	 502	819084	819855	   0	 110	
 333	 335	  20	   2	 716	   2	   1	  34	  14	  26	  20	  20	  50	 470	821635	822351	   0	 100	
 334	 336	  50	   1	 424	   3	   1	  34	  14	  27	  20	  20	  50	 449	824119	824543	   0	 110	
 335	 337	  20	   4	 488	   1	   2	  35	  14	  27	  20	  20	  50	 668	826519	827007	   0	 110	
 336	 338	  20	   4	 408	   2	   2	  35	  15	  27	  20	  20	  50	 593	828903	829311	   0	 110	
 337	 339	  80	   1	 757	   1	   1	   1	  15	  27	  80	  20	  50	 321	830954	831711	   1	 120	
 338	 340	  20	   4	 636	   2	   2	   1	  16	  27	  80	  20	  50	 552	833571	834207	   0	 120	
 339	 341	  80	   1	 417	   1	   1	   2	  16	  27	  80	  20	  50	 681	836205	836622	   0	 130	
 340	 342	  50	   1	1025	   3	   1	   2	  16	  28	  80	  20	  50	 659	838589	839614	   0	 140	
 341	 343	  80	   1	 570	   1	   1	   3	  16	  28	  80	  20	  50	 596	841524	842094	   0	 150	
 342	 344	  20	   4	 738	   2	   2	   3	  17	  28	  80	  20	  50	 311	843708	844446	   0	 150	
 343	 345	  50	   4	 443	   3	   2	   3	  17	  29	  80	  20	  50	 518	846275	846718	   0	 150	
 344	 346	  20	   3	 575	   2	   2	   3	  18	  29	  80	  20	  50	 538	848559	849134	   0	 150	
 345	 347	  80	   1	 644	   1	   1	   4	  18	  29	  80	  20	  50	 378	850810	851454	   0	 160	
 346	 348	  20	   3	 768	   2	   2	   4	  19	  29	  80	  20	  50	 532	853294	854062	   0	 160	
 347	 349	  50	   4	 783	   3	   2	   4	  19	  30	  80	  20	  50	 341	855711	856494	   0	 160	
 348	 350	  80	   2	 618	   1	   1	   5	  19	  30	  80	  20	  50	 424	858228	858846	   0	 150	
 349	 351	  50	   4	 702	   3	   2	   5	  19	  31	  80	  20	  50	 340	860496	861198	   0	 150	
 350	 352	  80	   1	 376	   1	   1	   6	  19	  31	  80	  20	  50	 547	863046	863422	   0	 160	
 351	 353	  50	   4	 506	   3	   2	   6	  19	  32	  80	  20	  50	 640	865380	865886	   0	 160	
 352	 354	  80	   1	 506	   1	   1	   7	  19	  32	  80	  20	  50	 568	867764	868270	   0	 170	
 353	 355	  20	   4	 595	   2	   2	   7	  20	  32	  80	  20	  50	 333	869915	870510	   0	 170	
 354	 356	  80	   1	 420	   1	   1	   8	  20	  32	  80	  20	  50	 469	872282	872702	   0	 180	
 355	 357	  50	   3	 525	   3	   2	   8	  20	  33	  80	  20	  50	 426	874433	874958	   0	 180	
 356	 358	  20	   3	 785	   2	   2	   8	  21	  33	  80	  20	  50	 444	876700	877485	   0	 180	
 357	 359	  70	   1	 797	   3	   1	   8	  21	   1	  80	  20	  70	 353	879168	879965	   3	 190	
 358	 360	  20	   4	 633	   2	   2	   8	  22	   1	  80	  20	  70	 386	881668	882301	   0	 190	
 359	 361	  80	   2	 581	   1	   1	   9	  22	   1	  80	  20	  70	 526	884136	884717	   0	 180	
 360	 362	  20	   4	 635	   2	   2	   9	  23	   1	  80	  20	  70	 334	886370	887005	   0	 180	
 361	 363	  70	   2	 487	   3	   1	   9	  23	   2	  80	  20	  70	 481	888854	889341	   0	 170	
 362	 364	  80	   1	 646	   1	   1	  10	  23	   2	  80	  20	  70	 616	891271	891917	   0	 180	
 363	 365	  70	   2	 896	   3	   1	  10	  23	   3	  80	  20	  70	 573	893789	894685	   0	 170	
 364	 366	  20	   4	1152	   2	   2	  10	  24	   3	  80	  20	  70	 604	896589	897741	   0	 170	
 365	 367	  70	   1	 741	   3	   1	  10	  24	   4	  80	  20	  70	 570	899624	900365	   0	 180	
 366	 368	  20	   4	 697	   2	   2	  10	  25	   4	  80	  20	  70	 653	902324	903021	   0	 180	
 367	 369	  80	   1	 476	   1	   1	  11	  25	   4	  80	  20	  70	 311	904625	905101	   0	 190	
 368	 370	  70	   1	 365	   3	   1	  11	  25	   5	  80	  20	  70	 589	906992	907357	   0	 200	
 369	 371	  20	   4	 653	   2	   2	  11	  26	   5	  80	  20	  70	 313	908976	909629	   0	 200	
 370	 372	  70	   1	 407	   3	   1	  11	  26	   6	  80	  20	  70	 576	911510	911917	   0	 210	
 371	 373	  80	   1	 367	   1	   1	  12	  26	   6	  80	  20	  70	 427	913661	914028	   0	 220	
 372	 374	  70	   2	 463	   3	   1	  12	  26	   7	  80	  20	  70	 325	915661	916124	   0	 210	
 373	 375	  80	   1	 521	   1	   1	  13	  26	   7	  80	  20	  70	 356	917779	918300	   0	 220	
 374	 376	  70	   1	 523	   3	   1	  13	  26	   8	  80	  20	  70	 513	920113	920636	   0	 230	
 375	 377	  20	   3	 461	   2	   2	  13	  27	   8	  80	  20	  70	 509	922447	922908	   0	 230	
 376	 378	  80	   1	 509	   1	   1	  14	  27	   8	  80	  20	  70	 637	924847	925356	   0	 240	
 377	 379	  70	   1	 643	   3	   1	  14	  27	   9	  80	  20	  70	 411	927065	927708	   0	 250	
 378	 380	  80	   1	 471	   1	   1	  15	  27	   9	  80	  20	  70	 339	929349	929820	   0	 260	
 379	 381	  70	   1	 436	   3	   1	  15	  27	  10	  80	  20	  70	 683	931816	932252	   0	 270	
 380	 382	  80	   1	 459	   1	   1	  16	  27	  10	  80	  20	  70	 466	934033	934492	   0	 280	
 381	 383	  20	   4	 603	   2	   2	  16	  28	  10	  80	  20	  70	 585	936401	937004	   0	 280	
 382	 384	  80	   1	 666	   1	   1	  17	  28	  10	  80	  20	  70	 512	938818	939484	   0	 290	
 383	 385	  70	   2	 478	   3	   1	  17	  28	  11	  80	  20	  70	 699	941502	941980	   0	 280	
 384	 386	  80	   2	 491	   1	   1	  18	  28	  11	  80	  20	  70	 669	943953	944444	   0	 270	
 385	 387	  20	   4	 570	   2	   2	  18	  29	  11	  80	  20	  70	 605	946354	946924	   0	 270	
 386	 388	  70	   1	 473	   3	   1	  18	  29	  12	  80	  20	  70	 532	948771	949244	   0	 280	
 387	 389	  20	   4	 762	   2	   2	  18	  30	  12	  80	  20	  70	 571	951122	951884	   0	 280	
 388	 390	  70	   1	 489	   3	   1	  18	  30	  13	  80	  20	  70	 315	953506	953995	   0	 290	
 389	 391	  80	   2	 436	   1	   1	  19	  30	  13	  80	  20	  70	 319	955623	956059	   0	 280	
 390	 392	  70	   2	 674	   3	   1	  19	  30	  14	  80	  20	  70	 697	958057	958731	   0	 270	
 391	 393	  20	   4	 591	   2	   2	  19	  31	  14	  80	  20	  70	 463	960508	961099	   0	 270	
 392	 394	  70	   1	 325	   3	   1	  19	  31	  15	  80	  20	  70	 357	962758	963083	   0	 280	
 393	 395	  20	   4	 535	   2	   2	  19	  32	  15	  80	  20	  70	 313	964692	965227	   0	 280	
 394	 396	  70	   1	 618	   3	   1	  19	  32	  16	  80	  20	  70	 469	967009	967627	   0	 290	
 395	 397	  80	   1	 570	   1	   1	  20	  32	  16	  80	  20	  70	 442	969377	969947	   0	 300	
 396	 398	  70	   2	 652	   3	   1	  20	  32	  17	  80	  20	  70	 454	971711	972363	   0	 290	
 397	 399	  20	   3	 610	   2	   2	  20	  33	  17	  80	  20	  70	 674	974345	974955	   0	 290	
 398	 400	  80	   2	 423	   1	   1	  21	  33	  17	  80	  20	  70	 351	976612	977035	   0	 280	
 399	 401	  20	   4	 572	   2	   2	  21	  34	  17	  80	  20	  70	 516	978863	979435	   0	 280	
 400	 402	  80	   1	 438	   1	   1	  22	  34	  17	  80	  20	  70	 648	981397	981835	   0	 290	
 401	 403	  20	   4	 475	   2	   2	  22	  35	  17	  80	  20	  70	 484	983648	984123	   0	 290	
 402	 404	  80	   1	 544	   1	   1	  23	  35	  17	  80	  20	  70	 491	985915	986459	   0	 300	
 403	 405	  80	   1	 775	   2	   1	  23	   1	  17	  80	  80	  70	 331	988116	988891	   2	 310	
 404	 406	  80	   1	 880	   1	   1	  24	   1	  17	  80	  80	  70	 469	990666	991546	   0	 320	
 405	 407	  80	   1	 488	   2	   1	  24	   2	  17	  80	  80	  70	 396	993234	993722	   0	 330	
 406	 408	  80	   1	 502	   1	   1	  25	   2	  17	  80	  80	  70	 650	995684	996186	   0	 340	
 407	 409	  80	   1	 516	   2	   1	  25	   3	  17	  80	  80	  70	 609	998102	998618	   0	 350	
 408	 410	  80	   1	 510	   1	   1	  26	   3	  17	  80	  80	  70	 312	1000236	1000746	   0	 360	
 409	 411	  80	   2	 491	   2	   1	  26	   4	  17	  80	  80	  70	 663	1002703	1003194	   0	 350	
 410	 412	  80	   2	 522	   1	   1	  27	   4	  17	  80	  80	  70	 616	1005120	1005642	   0	 340	
 411	 413	  80	   1	 471	   2	   1	  27	   5	  17	  80	  80	  70	 611	1007571	1008042	   0	 350	
 412	 414	  80	   1	 471	   1	   1	  28	   5	  17	  80	  80	  70	 609	1009955	1010426	   0	 360	
 413	 415	  80	   1	 519	   2	   1	  28	   6	  17	  80	  80	  70	 606	1012339	1012858	   0	 370	
 414	 416	  80	   1	 471	   1	   1	  29	   6	  17	  80	  80	  70	 550	1014723	1015194	   0	 380	
 415	 417	  70	   1	 604	   3	   1	  29	   6	  18	  80	  80	  70	 477	1016974	1017578	   0	 390	
 416	 418	  80	   1	 471	   2	   1	  29	   7	  18	  80	  80	  70	 590	1019475	1019946	   0	 400	
 417	 419	  80	   1	 341	   1	   1	  30	   7	  18	  80	  80	  70	 679	1021925	1022266	   0	 410	
 418	 420	  80	   1	 416	   2	   1	  30	   8	  18	  80	  80	  70	 479	1024042	1024458	   0	 420	
 419	 421	  70	   1	 516	   3	   1	  30	   8	  19	  80	  80	  70	 551	1026326	1026842	   0	 430	
 420	 422	  80	   2	 510	   2	   1	  30	   9	  19	  80	  80	  70	 672	1028827	1029337	   0	 420	
 421	 423	  30	   2	 928	   1	   1	   1	   9	  19	  30	  80	  70	 489	1031161	1032089	   1	 410	
 422	 424	  70	   1	 538	   3	   1	   1	   9	  20	  30	  80	  70	 684	1034079	1034617	   0	 420	
 423	 425	  80	   1	 545	   2	   1	   1	  10	  20	  30	  80	  70	 366	1036296	1036841	   0	 430	
 424	 426	  30	   3	 388	   1	   2	   2	  10	  20	  30	  80	  70	 467	1038613	1039001	   0	 430	
 425	 427	  70	   1	 431	   3	   1	   2	  10	  21	  30	  80	  70	 409	1040714	1041145	   0	 440	
 426	 428	  80	   2	 424	   2	   1	   2	  11	  21	  30	  80	  70	 415	1042881	1043305	   0	 430	
 427	 429	  30	   3	 687	   1	   2	   3	  11	  21	  30	  80	  70	 466	1045082	1045769	   0	 430	
 428	 430	  70	   2	 676	   3	   1	   3	  11	  22	  30	  80	  70	 675	1047749	1048425	   0	 420	
 429	 431	  80	   1	 406	   2	   1	   3	  12	  22	  30	  80	  70	 343	1050067	1050473	   0	 430	
 430	 432	  70	   2	 546	   3	   1	   3	  12	  23	  30	  80	  70	 389	1052167	1052713	   0	 420	
 431	 433	  80	   1	 478	   2	   1	   3	  13	  23	  30	  80	  70	 607	1054635	1055113	   0	 430	
 432	 434	  70	   1	 600	   3	   1	   3	  13	  24	  30	  80	  70	 357	1056769	1057369	   0	 440	
 433	 435	  80	   1	 499	   2	   1	   3	  14	  24	  30	  80	  70	 605	1059286	1059785	   0	 450	
 434	 436	  70	   1	 491	   3	   1	   3	  14	  25	  30	  80	  70	 370	1061470	1061961	   0	 460	
 435	 437	  30	   2	 439	   1	   1	   4	  14	  25	  30	  80	  70	 306	1063570	1064009	   0	 450	
 436	 438	  70	   1	 575	   3	   1	   4	  14	  26	  30	  80	  70	 438	1065754	1066329	   0	 460	
 437	 439	  30	   2	1025	   1	   1	   5	  14	  26	  30	  80	  70	 427	1068055	1069080	   0	 450	
 438	 440	  70	   1	 697	   3	   1	   5	  14	  27	  30	  80	  70	 661	1071039	1071736	   0	 460	
 439	 441	  80	   1	 319	   2	   1	   5	  15	  27	  30	  80	  70	 619	1073673	1073992	   0	 470	
 440	 442	  70	   2	 487	   3	   1	   5	  15	  28	  30	  80	  70	 557	1075857	1076344	   0	 460	
 441	 443	  30	   2	 634	   1	   1	   6	  15	  28	  30	  80	  70	 493	1078158	1078792	   0	 450	
 442	 444	  80	   1	 437	   2	   1	   6	  16	  28	  30	  80	  70	 557	1080659	1081096	   0	 460	
 443	 445	  30	   3	 462	   1	   2	   7	  16	  28	  30	  80	  70	 430	1082826	1083288	   0	 460	
 444	 446	  80	   1	 494	   2	   1	   7	  17	  28	  30	  80	  70	 621	1085210	1085704	   0	 470	
 445	 447	  30	   4	 761	   1	   2	   8	  17	  28	  30	  80	  70	 326	1087327	1088088	   0	 470	
 446	 448	  80	   2	 685	   2	   1	   8	  18	  28	  30	  80	  70	 602	1089995	1090680	   0	 460	
 447	 449	  30	   4	 683	   1	   2	   9	  18	  28	  30	  80	  70	 433	1092429	1093112	   0	 460	
 448	 450	  70	   1	 370	   3	   1	   9	  18	  29	  30	  80	  70	 617	1095046	1095416	   0	 470	
 449	 451	  30	   4	 744	   1	   2	  10	  18	  29	  30	  80	  70	 554	1097280	1098024	   0	 470	
 450	 452	  80	   1	 471	   2	   1	  10	  19	  29	  30	  80	  70	 357	1099681	1100152	   0	 480	
 451	 453	  70	   1	 611	   3	   1	  10	  19	  30	  30	  80	  70	 688	1102165	1102776	   0	 490	
 452	 454	  80	   1	 537	   2	   1	  10	  20	  30	  30	  80	  70	 689	1104766	1105303	   0	 500	
 453	 455	  30	   3	 491	   1	   2	  11	  20	  30	  30	  80	  70	 509	1107116	1107607	   0	 500	
 454	 456	  80	   1	 418	   2	   1	  11	  21	  30	  30	  80	  70	 410	1109317	1109735	   0	 510	
 455	 457	  70	   1	 873	   3	   1	  11	  21	  31	  30	  80	  70	 490	1111534	1112407	   0	 520	
 456	 458	  30	   4	 481	   1	   2	  12	  21	  31	  30	  80	  70	 412	1114118	1114599	   0	 520	
 457	 459	  70	   1	 505	   3	   1	  12	  21	  32	  30	  80	  70	 380	1116286	1116791	   0	 530	
 458	 460	  30	   4	 788	   1	   2	  13	  21	  32	  30	  80	  70	 307	1118403	1119191	   0	 530	
 459	 461	  80	   1	 476	   2	   1	  13	  22	  32	  30	  80	  70	 483	1120987	1121463	   0	 540	
 460	 462	  70	   1	 505	   3	   1	  13	  22	  33	  30	  80	  70	 689	1123454	1123959	   0	 550	
 461	 463	  30	   3	 630	   1	   2	  14	  22	  33	  30	  80	  70	 623	1125905	1126535	   0	 550	
 462	 464	  80	   1	 475	   2	   1	  14	  23	  33	  30	  80	  70	 340	1128172	1128647	   0	 560	
 463	 465	  30	   4	 575	   1	   2	  15	  23	  33	  30	  80	  70	 503	1130456	1131031	   0	 560	
 464	 466	  70	   2	 718	   3	   1	  15	  23	  34	  30	  80	  70	 526	1132857	1133575	   0	 550	
 465	 467	  80	   1	 429	   2	   1	  15	  24	  34	  30	  80	  70	 381	1135274	1135703	   0	 560	
 466	 468	  70	   1	 500	   3	   1	  15	  24	  35	  30	  80	  70	 466	1137475	1137975	   0	 570	
 467	 469	  30	   4	 545	   1	   2	  16	  24	  35	  30	  80	  70	 655	1139942	1140487	   0	 570	
 468	 470	  80	   2	 451	   2	   1	  16	  25	  35	  30	  80	  70	 449	1142243	1142694	   0	 560	
 469	 471	  30	   1	 360	   1	   1	  17	  25	  35	  30	  80	  70	 492	1144494	1144854	   0	 570	
 470	 472	  50	   2	 794	   3	   1	  17	  25	   1	  30	  80	  50	 659	1146828	1147622	   3	 560	
 471	 473	  30	   4	1071	   1	   2	  18	  25	   1	  30	  80	  50	 560	1149495	1150566	   0	 560	
 472	 474	  80	   1	 589	   2	   1	  18	  26	   1	  30	  80	  50	 442	1152313	1152902	   0	 570	
 473	 475	  30	   4	 749	   1	   2	  19	  26	   1	  30	  80	  50	 498	1154713	1155462	   0	 570	
 474	 476	  50	   1	 627	   3	   1	  19	  26	   2	  30	  80	  50	 549	1157331	1157958	   0	 580	
 475	 477	  80	   1	1127	   2	   1	  19	  27	   2	  30	  80	  50	 361	1159615	1160742	   0	 590	
 476	 478	  50	   2	 882	   3	   1	  19	  27	   3	  30	  80	  50	 490	1162532	1163414	   0	 580	
 477	 479	  80	   1	 796	   2	   1	  19	  28	   3	  30	  80	  50	 323	1165050	1165846	   0	 590	
 478	 480	  30	   4	 380	   1	   2	  20	  28	   3	  30	  80	  50	 312	1167450	1167830	   0	 590	
 479	 481	  50	   2	 523	   3	   1	  20	  28	   4	  30	  80	  50	 318	1169451	1169974	   0	 580	
 480	 482	  80	   2	 764	   2	   1	  20	  29	   4	  30	  80	  50	 534	1171818	1172582	   0	 570	
 481	 483	  50	   1	 382	   3	   1	  20	  29	   5	  30	  80	  50	 649	1174552	1174934	   0	 580	
 482	 484	  80	   1	 889	   2	   1	  20	  30	   5	  30	  80	  50	 398	1176653	1177542	   0	 590	
 483	 485	  30	   4	 536	   1	   2	  21	  30	   5	  30	  80	  50	 623	1179470	1180006	   0	 590	
 484	 486	  20	   1	 708	   2	   1	  21	   1	   5	  30	  20	  50	 589	1181921	1182629	   2	 600	
 485	 487	  50	   1	 694	   3	   1	  21	   1	   6	  30	  20	  50	 326	1184255	1184949	   0	 610	
 486	 488	  20	   2	 539	   2	   1	  21	   2	   6	  30	  20	  50	 655	1186906	1187445	   0	 600	
 487	 489	  30	   3	 798	   1	   2	  22	   2	   6	  30	  20	  50	 477	1189223	1190021	   0	 600	
 488	 490	  50	   1	 459	   3	   1	  22	   2	   7	  30	  20	  50	 333	1191674	1192133	   0	 610	
 489	 491	  30	   3	 720	   1	   2	  23	   2	   7	  30	  20	  50	 501	1193941	1194661	   0	 610	
 490	 492	  50	   1	 379	   3	   1	  23	   2	   8	  30	  20	  50	 478	1196442	1196821	   0	 620	
 491	 493	  20	   2	 532	   2	   1	  23	   3	   8	  30	  20	  50	 477	1198609	1199141	   0	 610	
 492	 494	  50	   2	 433	   3	   1	  23	   3	   9	  30	  20	  50	 604	1201060	1201493	   0	 600	
 493	 495	  30	   2	 607	   1	   1	  24	   3	   9	  30	  20	  50	 684	1203494	1204101	   0	 590	
 494	 496	  20	   1	 470	   2	   1	  24	   4	   9	  30	  20	  50	 313	1205711	1206181	   0	 600	
 495	 497	  50	   2	 373	   3	   1	  24	   4	  10	  30	  20	  50	 616	1208112	1208485	   0	 590	
 496	 498	  30	   4	 635	   1	   2	  25	   4	  10	  30	  20	  50	 562	1210346	1210981	   0	 590	
 497	 499	  50	   3	 396	   3	   2	  25	   4	  11	  30	  20	  50	 426	1212713	1213109	   0	 590	
 498	 500	  30	   4	 644	   1	   2	  26	   4	  11	  30	  20	  50	 485	1214897	1215541	   0	 590	
 499	 501	  50	   2	 775	   3	   1	  26	   4	  12	  30	  20	  50	 351	1217198	1217973	   0	 580	
 500	 502	  20	   2	 450	   2	   1	  26	   5	  12	  30	  20	  50	 411	1219682	1220132	   0	 570	
 501	 503	  30	   4	 561	   1	   2	  27	   5	  12	  30	  20	  50	 640	1222099	1222660	   0	 570	
 502	 504	  50	   1	 447	   3	   1	  27	   5	  13	  30	  20	  50	 573	1224533	1224980	   0	 580	
 503	 505	  30	   3	 708	   1	   2	  28	   5	  13	  30	  20	  50	 494	1226784	1227492	   0	 580	
 504	 506	  20	   2	 539	   2	   1	  28	   6	  13	  30	  20	  50	 582	1229385	1229924	   0	 570	
 505	 507	  50	   1	1009	   3	   1	  28	   6	  14	  30	  20	  50	 399	1231635	1232644	   0	 580	
 506	 508	  20	   2	 819	   2	   1	  28	   7	  14	  30	  20	  50	 424	1234369	1235188	   0	 570	
 507	 509	  50	   2	 436	   3	   1	  28	   7	  15	  30	  20	  50	 624	1237120	1237556	   0	 560	
 508	 510	  30	   4	 934	   1	   2	  29	   7	  15	  30	  20	  50	 572	1239438	1240372	   0	 560	
 509	 511	  50	   2	 356	   3	   1	  29	   7	  16	  30	  20	  50	 598	1242288	1242644	   0	 550	
 510	 512	  30	   4	 748	   1	   2	  30	   7	  16	  30	  20	  50	 510	1244456	1245204	   0	 550	
 511	 513	  20	   2	 534	   2	   1	  30	   8	  16	  30	  20	  50	 470	1247006	1247540	   0	 540	
 512	 514	  30	   4	 586	   1	   2	  31	   8	  16	  30	  20	  50	 441	1249290	1249876	   0	 540	
 513	 515	  50	   1	 529	   3	   1	  31	   8	  17	  30	  20	  50	 310	1251491	1252020	   0	 550	
 514	 516	  30	   4	 562	   1	   2	  32	   8	  17	  30	  20	  50	 547	1253858	1254420	   0	 550	
 515	 517	  20	   2	 706	   2	   1	  32	   9	  17	  30	  20	  50	 510	1256226	1256932	   0	 540	
 516	 518	  50	   2	 583	   3	   1	  32	   9	  18	  30	  20	  50	 659	1258893	1259476	   0	 530	
 517	 519	  20	   2	 721	   2	   1	  32	  10	  18	  30	  20	  50	 603	1261394	1262115	   0	 520	
 518	 520	  30	   4	 657	   1	   2	  33	  10	  18	  30	  20	  50	 355	1263778	1264435	   0	 520	
 519	 521	  20	   2	 467	   2	   1	  33	  11	  18	  30	  20	  50	 370	1266112	1266579	   0	 510	
 520	 522	  50	   1	 507	   3	   1	  33	  11	  19	  30	  20	  50	 428	1268312	1268819	   0	 520	
 521	 523	  80	   2	 721	   1	   1	   1	  11	  19	  80	  20	  50	 396	1270546	1271267	   1	 510	
 522	 524	  50	   2	 619	   3	   1	   1	  11	  20	  80	  20	  50	 481	1273064	1273683	   0	 500	
 523	 525	  80	   1	 596	   1	   1	   2	  11	  20	  80	  20	  50	 636	1275631	1276227	   0	 510	
 524	 526	  50	   2	1564	   3	   1	   2	  11	  21	  80	  20	  50	 665	1278199	1279763	   0	 500	
 525	 527	  80	   1	 560	   1	   1	   3	  11	  21	  80	  20	  50	 608	1281683	1282243	   0	 510	
 526	 528	  50	   2	 393	   3	   1	   3	  11	  22	  80	  20	  50	 308	1283850	1284243	   0	 500	
 527	 529	  80	   2	 413	   1	   1	   4	  11	  22	  80	  20	  50	 590	1286134	1286547	   0	 490	
 528	 530	  50	   3	 567	   3	   2	   4	  11	  23	  80	  20	  50	 426	1288268	1288835	   0	 490	
 529	 531	  80	   1	 611	   1	   1	   5	  11	  23	  80	  20	  50	 612	1290752	1291363	   0	 500	
 530	 532	  50	   1	 387	   3	   1	   5	  11	  24	  80	  20	  50	 455	1293120	1293507	   0	 510	
 531	 533	  80	   1	 579	   1	   1	   6	  11	  24	  80	  20	  50	 692	1295520	1296099	   0	 520	
 532	 534	  20	   4	 714	   2	   2	   6	  12	  24	  80	  20	  50	 310	1297704	1298418	   0	 520	
 533	 535	  50	   3	 410	   3	   2	   6	  12	  25	  80	  20	  50	 336	1300072	1300482	   0	 520	
 534	 536	  20	   2	 697	   2	   1	   6	  13	  25	  80	  20	  50	 699	1302489	1303186	   0	 510	
 535	 537	  80	   1	 492	   1	   1	   7	  13	  25	  80	  20	  50	 685	1305190	1305682	   0	 520	
 536	 538	  50	   1	 826	   3	   1	   7	  13	  26	  80	  20	  50	 657	1307640	1308466	   0	 530	
 537	 539	  20	   3	 480	   2	   2	   7	  14	  26	  80	  20	  50	 483	1310258	1310738	   0	 530	
 538	 540	  50	   4	 365	   3	   2	   7	  14	  27	  80	  20	  50	 675	1312725	1313090	   0	 530	
 539	 541	  20	   4	 842	   2	   2	   7	  15	  27	  80	  20	  50	 374	1314776	1315618	   0	 530	
 540	 542	  50	   4	 740	   3	   2	   7	  15	  28	  80	  20	  50	 409	1317326	1318066	   0	 530	
 541	 543	  20	   3	 521	   2	   2	   7	  16	  28	  80	  20	  50	 577	1319961	1320482	   0	 530	
 542	 544	  80	   1	 707	   1	   1	   8	  16	  28	  80	  20	  50	 700	1322495	1323202	   0	 540	
 543	 545	  20	   4	 780	   2	   2	   8	  17	  28	  80	  20	  50	 556	1325062	1325842	   0	 540	
 544	 546	  50	   1	 960	   3	   1	   8	  17	  29	  80	  20	  50	 603	1327746	1328706	   0	 550	
 545	 547	  20	   4	 720	   2	   2	   8	  18	  29	  80	  20	  50	 520	1330530	1331250	   0	 550	
 546	 548	  80	   3	 746	   1	   2	   9	  18	  29	  80	  20	  50	 500	1333064	1333810	   0	 550	
 547	 549	  50	   2	 842	   3	   1	   9	  18	  30	  80	  20	  50	 303	1335415	1336257	   0	 540	
 548	 550	  20	   2	 674	   2	   1	   9	  19	  30	  80	  20	  50	 442	1337999	1338673	   0	 530	
 549	 551	  80	   1	 573	   1	   1	  10	  19	  30	  80	  20	  50	 547	1340516	1341089	   0	 540	
 550	 552	  20	   4	 418	   2	   2	  10	  20	  30	  80	  20	  50	 374	1342767	1343185	   0	 540	
 551	 553	  80	   3	 299	   1	   2	  11	  20	  30	  80	  20	  50	 406	1344918	1345217	   0	 540	
 552	 554	  50	   3	 505	   3	   2	  11	  20	  31	  80	  20	  50	 432	1346968	1347473	   0	 540	
 553	 555	  20	   4	 465	   2	   2	  11	  21	  31	  80	  20	  50	 365	1349152	1349617	   0	 540	
 554	 556	  50	   4	 497	   3	   2	  11	  21	  32	  80	  20	  50	 614	1351536	1352033	   0	 540	
 555	 557	  80	   1	 375	   1	   1	  12	  21	  32	  80	  20	  50	 415	1353754	1354129	   0	 550	
 556	 558	  50	   4	 511	   3	   2	  12	  21	  33	  80	  20	  50	 507	1355938	1356449	   0	 550	
 557	 559	  80	   1	 425	   1	   1	  13	  21	  33	  80	  20	  50	 336	1358088	1358513	   0	 560	
 558	 560	  30	   4	 333	   3	   2	  13	  21	   1	  80	  20	  30	 536	1360372	1360705	   3	 560	
 559	 561	  80	   2	 659	   1	   1	  14	  21	   1	  80	  20	  30	 585	1362606	1363265	   0	 550	
 560	 562	  20	   3	1085	   2	   2	  14	  22	   1	  80	  20	  30	 576	1365140	1366225	   0	 550	
 561	 563	  30	   4	 511	   3	   2	  14	  22	   2	  80	  20	  30	 700	1368258	1368769	   0	 550	
 562	 564	  20	   2	 776	   2	   1	  14	  23	   2	  80	  20	  30	 361	1370425	1371201	   0	 540	
 563	 565	  80	   1	 356	   1	   1	  15	  23	   2	  80	  20	  30	 409	1372909	1373265	   0	 550	
 564	 566	  20	   4	 691	   2	   2	  15	  24	   2	  80	  20	  30	 320	1374893	1375584	   0	 550	
 565	 567	  80	   2	 648	   1	   1	  16	  24	   2	  80	  20	  30	 650	1377544	1378192	   0	 540	
 566	 568	  30	   4	 744	   3	   2	  16	  24	   3	  80	  20	  30	 440	1379944	1380688	   0	 540	
 567	 569	  20	   2	 600	   2	   1	  16	  25	   3	  80	  20	  30	 337	1382328	1382928	   0	 530	
 568	 570	  80	   1	 326	   1	   1	  17	  25	   3	  80	  20	  30	 500	1384746	1385072	   0	 540	
 569	 571	  20	   4	 675	   2	   2	  17	  26	   3	  80	  20	  30	 438	1386813	1387488	   0	 540	
 570	 572	  80	   1	 682	   1	   1	  18	  26	   3	  80	  20	  30	 647	1389430	1390112	   0	 550	
 571	 573	  30	   2	 483	   3	   1	  18	  26	   4	  80	  20	  30	 519	1391965	1392448	   0	 540	
 572	 574	  20	   4	 542	   2	   2	  18	  27	   4	  80	  20	  30	 320	1394082	1394624	   0	 540	
 573	 575	  30	   1	 825	   3	   1	  18	  27	   5	  80	  20	  30	 658	1396583	1397408	   0	 550	
 574	 576	  20	   3	 647	   2	   2	  18	  28	   5	  80	  20	  30	 321	1399033	1399680	   0	 550	
 575	 577	  80	   1	 554	   1	   1	  19	  28	   5	  80	  20	  30	 361	1401334	1401888	   0	 560	
 576	 578	  20	   4	 617	   2	   2	  19	  29	   5	  80	  20	  30	 539	1403735	1404352	   0	 560	
 577	 579	  30	   4	 573	   3	   2	  19	  29	   6	  80	  20	  30	 353	1406019	1406592	   0	 560	
 578	 580	  20	   4	 757	   2	   2	  19	  30	   6	  80	  20	  30	 326	1408219	1408976	   0	 560	
 579	 581	  80	   1	 696	   1	   1	  20	  30	   6	  80	  20	  30	 636	1410920	1411616	   0	 570	
 580	 582	  20	   4	1440	   2	   2	  20	  31	   6	  80	  20	  30	 561	1413471	1414911	   0	 570	
 581	 583	  30	   3	 689	   3	   2	  20	  31	   7	  80	  20	  30	 390	1416622	1417311	   0	 570	
 582	 584	  20	   4	 597	   2	   2	  20	  32	   7	  80	  20	  30	 303	1418922	1419519	   0	 570	
 583	 585	  30	   4	 565	   3	   2	  20	  32	   8	  80	  20	  30	 473	1421306	1421871	   0	 570	
 584	 586	  80	   1	 469	   1	   1	  21	  32	   8	  80	  20	  30	 481	1423674	1424143	   0	 580	
 585	 587	  30	   4	 492	   3	   2	  21	  32	   9	  80	  20	  30	 436	1425891	1426383	   0	 580	
 586	 588	  80	   2	 463	   1	   1	  22	  32	   9	  80	  20	  30	 500	1428192	1428655	   0	 570	
 587	 589	  20	   4	 315	   2	   2	  22	  33	   9	  80	  20	  30	 700	1430676	1430991	   0	 570	
 588	 590	  30	   3	 469	   3	   2	  22	  33	  10	  80	  20	  30	 501	1432810	1433279	   0	 570	
 589	 591	  80	   1	 425	   1	   1	  23	  33	  10	  80	  20	  30	 524	1435110	1435535	   0	 580	
 590	 592	  20	   4	 443	   2	   2	  23	  34	  10	  80	  20	  30	 584	1437428	1437871	   0	 580	
 591	 593	  80	   1	 724	   1	   1	  24	  34	  10	  80	  20	  30	 400	1439595	1440319	   0	 590	
 592	 594	  20	   4	 527	   2	   2	  24	  35	  10	  80	  20	  30	 472	1442096	1442623	   0	 590	
 593	 595	  80	   1	 927	   1	   1	  25	  35	  10	  80	  20	  30	 579	1444496	1445423	   0	 600	
 594	 596	  30	   4	1811	   3	   2	  25	  35	  11	  80	  20	  30	 438	1447164	1448975	   0	 600	
 595	 597	  80	   1	 476	   1	   1	  26	  35	  11	  80	  20	  30	 661	1450931	1451407	   0	 610	
 596	 598	  70	   1	 767	   2	   1	  26	   1	  11	  80	  70	  30	 480	1453199	1453966	   2	 620	
 597	 599	  80	   1	 521	   1	   1	  27	   1	  11	  80	  70	  30	 474	1455749	1456270	   0	 630	
 598	 600	  30	   4	 611	   3	   2	  27	   1	  12	  80	  70	  30	 304	1457883	1458494	   0	 630	
 599	 601	  80	   2	 531	   1	   1	  28	   1	  12	  80	  70	  30	 455	1460251	1460782	   0	 620	
 600	 602	  70	   1	 482	   2	   1	  28	   2	  12	  80	  70	  30	 577	1462668	1463150	   0	 630	
 601	 603	  30	   4	 578	   3	   2	  28	   2	  13	  80	  70	  30	 573	1465052	1465630	   0	 630	
 602	 604	  70	   1	 417	   2	   1	  28	   3	  13	  80	  70	  30	 546	1467469	1467886	   0	 640	
 603	 605	  30	   4	 524	   3	   2	  28	   3	  14	  80	  70	  30	 375	1469570	1470094	   0	 640	
 604	 606	  70	   1	 773	   2	   1	  28	   4	  14	  80	  70	  30	 323	1471721	1472494	   0	 650	
 605	 607	  30	   3	 442	   3	   2	  28	   4	  15	  80	  70	  30	 589	1474388	1474830	   0	 650	
 606	 608	  70	   2	 647	   2	   1	  28	   5	  15	  80	  70	  30	 304	1476439	1477086	   0	 640	
 607	 609	  30	   4	 491	   3	   2	  28	   5	  16	  80	  70	  30	 315	1478723	1479214	   0	 640	
 608	 610	  80	   1	 395	   1	   1	  29	   5	  16	  80	  70	  30	 583	1481107	1481502	   0	 650	
 609	 611	  70	   1	 444	   2	   1	  29	   6	  16	  80	  70	  30	 675	1483474	1483918	   0	 660	
 610	 612	  30	   4	 461	   3	   2	  29	   6	  17	  80	  70	  30	 602	1485825	1486286	   0	 660	
 611	 613	  70	   2	 373	   2	   1	  29	   7	  17	  80	  70	  30	 408	1488009	1488382	   0	 650	
 612	 614	  80	   1	 395	   1	   1	  30	   7	  17	  80	  70	  30	 540	1490226	1490621	   0	 660	
 613	 615	  70	   1	 606	   2	   1	  30	   8	  17	  80	  70	  30	 622	1492543	1493149	   0	 670	
 614	 616	  30	   4	 758	   3	   2	  30	   8	  18	  80	  70	  30	 675	1495127	1495885	   0	 670	
 615	 617	  50	   2	1206	   1	   1	   1	   8	  18	  50	  70	  30	 300	1497511	1498717	   1	 660	
 616	 618	  30	   3	 539	   3	   2	   1	   8	  19	  50	  70	  30	 532	1500562	1501101	   0	 660	
 617	 619	  70	   1	 712	   2	   1	   1	   9	  19	  50	  70	  30	 600	1503013	1503725	   0	 670	
 618	 620	  30	   1	 493	   3	   1	   1	   9	  20	  50	  70	  30	 655	1505680	1506173	   0	 680	
 619	 621	  70	   2	 559	   2	   1	   1	  10	  20	  50	  70	  30	 529	1507998	1508557	   0	 670	
 620	 622	  50	   4	 442	   1	   2	   2	  10	  20	  50	  70	  30	 656	1510515	1510957	   0	 670	
 621	 623	  70	   1	 499	   2	   1	   2	  11	  20	  50	  70	  30	 413	1512682	1513181	   0	 680	
 622	 624	  50	   4	 546	   1	   2	   3	  11	  20	  50	  70	  30	 590	1515083	1515629	   0	 680	
 623	 625	  30	   1	 419	   3	   1	   3	  11	  21	  50	  70	  30	 511	1517434	1517853	   0	 690	
 624	 626	  70	   1	 433	   2	   1	   3	  12	  21	  50	  70	  30	 319	1519484	1519917	   0	 700	
 625	 627	  50	   3	 448	   1	   2	   4	  12	  21	  50	  70	  30	 654	1521885	1522333	   0	 700	
 626	 628	  30	   2	 570	   3	   1	   4	  12	  22	  50	  70	  30	 366	1524019	1524589	   0	 690	
 627	 629	  50	   3	1114	   1	   2	   5	  12	  22	  50	  70	  30	 498	1526403	1527517	   0	 690	
 628	 630	  70	   1	 754	   2	   1	   5	  13	  22	  50	  70	  30	 547	1529354	1530108	   0	 700	
 629	 631	  30	   2	 646	   3	   1	   5	  13	  23	  50	  70	  30	 614	1532038	1532684	   0	 690	
 630	 632	  50	   2	1266	   1	   1	   6	  13	  23	  50	  70	  30	 536	1534522	1535788	   0	 680	
 631	 633	  70	   1	 336	   2	   1	   6	  14	  23	  50	  70	  30	 625	1537740	1538076	   0	 690	
 632	 634	  30	   2	 666	   3	   1	   6	  14	  24	  50	  70	  30	 511	1539890	1540556	   0	 680	
 633	 635	  50	   1	 352	   1	   1	   7	  14	  24	  50	  70	  30	 631	1542508	1542860	   0	 690	
 634	 636	  30	   4	 561	   3	   2	   7	  14	  25	  50	  70	  30	 300	1544475	1545036	   0	 690	
 635	 637	  50	   1	 704	   1	   1	   8	  14	  25	  50	  70	  30	 558	1546892	1547596	   0	 700	
 636	 638	  30	   4	 767	   3	   2	   8	  14	  26	  50	  70	  30	 389	1549293	1550060	   0	 700	
 637	 639	  70	   2	 524	   2	   1	   8	  15	  26	  50	  70	  30	 385	1551760	1552284	   0	 690	
 638	 640	  50	   1	 403	   1	   1	   9	  15	  26	  50	  70	  30	 376	1553961	1554364	   0	 700	
 639	 641	  70	   1	 460	   2	   1	   9	  16	  26	  50	  70	  30	 456	1556128	1556588	   0	 710	
 640	 642	  30	   3	 999	   3	   2	   9	  16	  27	  50	  70	  30	 337	1558229	1559228	   0	 710	
 641	 643	  50	   2	1062	   1	   1	  10	  16	  27	  50	  70	  30	 475	1561030	1562092	   0	 700	
 642	 644	  70	   1	 940	   2	   1	  10	  17	  27	  50	  70	  30	 693	1564080	1565020	   0	 710	
 643	 645	  30	   4	 615	   3	   2	  10	  17	  28	  50	  70	  30	 622	1566948	1567563	   0	 710	
 644	 646	  70	   1	 542	   2	   1	  10	  18	  28	  50	  70	  30	 669	1569549	1570091	   0	 720	
 645	 647	  50	   1	 605	   1	   1	  11	  18	  28	  50	  70	  30	 572	1571966	1572571	   0	 730	
 646	 648	  30	   4	 513	   3	   2	  11	  18	  29	  50	  70	  30	 380	1574250	1574763	   0	 730	
 647	 649	  50	   4	 665	   1	   2	  12	  18	  29	  50	  70	  30	 375	1576434	1577099	   0	 730	
 648	 650	  30	   3	 741	   3	   2	  12	  18	  30	  50	  70	  30	 510	1578918	1579659	   0	 730	
 649	 651	  70	   2	 443	   2	   1	  12	  19	  30	  50	  70	  30	 596	1581552	1581995	   0	 720	
 650	 652	  30	   4	 638	   3	   2	  12	  19	   1	  50	  70	  30	 575	1583869	1584507	   0	 720	
 651	 653	  50	   2	 663	   1	   1	  13	  19	   1	  50	  70	  30	 588	1586420	1587083	   0	 710	
 652	 654	  70	   2	 485	   2	   1	  13	  20	   1	  50	  70	  30	 468	1588854	1589339	   0	 700	
 653	 655	  50	   1	 517	   1	   1	  14	  20	   1	  50	  70	  30	 577	1591222	1591739	   0	 710	
 654	 656	  70	   2	 387	   2	   1	  14	  21	   1	  50	  70	  30	 628	1593672	1594059	   0	 700	
 655	 657	  30	   4	 615	   3	   2	  14	  21	   2	  50	  70	  30	 576	1595940	1596555	   0	 700	
 656	 658	  50	   1	 721	   1	   1	  15	  21	   2	  50	  70	  30	 625	1598490	1599211	   0	 710	
 657	 659	  30	   4	1052	   3	   2	  15	  21	   3	  50	  70	  30	 479	1600991	1602043	   0	 710	
NaN	 660	  70	NaN	NaN	   2	   3	  15	  21	   3	  50	  70	  30	 697	1600991	NaN	   0	 710	
 658	 661	  30	   4	 615	   3	   2	  15	  21	   4	  50	  70	  30	 530	1607843	1608458	   0	 710	
 659	 662	  70	   1	 462	   2	   1	  15	  22	   4	  50	  70	  30	 668	1610444	1610906	   0	 720	
 660	 663	  30	   3	 676	   3	   2	  15	  22	   5	  50	  70	  30	 493	1612694	1613370	   0	 720	
 661	 664	  70	   1	 554	   2	   1	  15	  23	   5	  50	  70	  30	 619	1615312	1615866	   0	 730	
 662	 665	  50	   4	 515	   1	   2	  16	  23	   5	  50	  70	  30	 304	1617479	1617994	   0	 730	
 663	 666	  30	   2	 423	   3	   1	  16	  23	   6	  50	  70	  30	 459	1619763	1620186	   0	 720	
 664	 667	  70	   1	 410	   2	   1	  16	  24	   6	  50	  70	  30	 585	1622080	1622490	   0	 730	
 665	 668	  30	   3	 445	   3	   2	  16	  24	   7	  50	  70	  30	 583	1624381	1624826	   0	 730	
 666	 669	  50	   3	 562	   1	   2	  17	  24	   7	  50	  70	  30	 517	1626648	1627210	   0	 730	
 667	 670	  70	   1	 438	   2	   1	  17	  25	   7	  50	  70	  30	 404	1628916	1629354	   0	 740	
 668	 671	  50	   2	 425	   1	   1	  18	  25	   7	  50	  70	  30	 565	1631233	1631658	   0	 730	
 669	 672	  30	   2	 285	   3	   1	  18	  25	   8	  50	  70	  30	 559	1633517	1633802	   0	 720	
 670	 673	  70	   1	 512	   2	   1	  18	  26	   8	  50	  70	  30	 311	1635418	1635930	   0	 730	
 671	 674	  30	   2	 406	   3	   1	  18	  26	   9	  50	  70	  30	 406	1637652	1638058	   0	 720	
 672	 675	  50	   1	 268	   1	   1	  19	  26	   9	  50	  70	  30	 519	1639886	1640154	   0	 730	
 673	 676	  70	   2	 574	   2	   1	  19	  27	   9	  50	  70	  30	 365	1641836	1642410	   0	 720	
 674	 677	  30	   1	 635	   3	   1	  19	  27	  10	  50	  70	  30	 562	1644270	1644905	   0	 730	
 675	 678	  50	   2	 334	   1	   1	  20	  27	  10	  50	  70	  30	 373	1646587	1646921	   0	 720	
 676	 679	  70	   1	 611	   2	   1	  20	  28	  10	  50	  70	  30	 604	1648838	1649449	   0	 730	
 677	 680	  50	   3	 566	   1	   2	  21	  28	  10	  50	  70	  30	 400	1651155	1651721	   0	 730	
 678	 681	  30	   4	 717	   3	   2	  21	  28	  11	  50	  70	  30	 318	1653356	1654073	   0	 730	
 679	 682	  50	   3	 600	   1	   2	  22	  28	  11	  50	  70	  30	 495	1655873	1656473	   0	 730	
 680	 683	  30	   4	 488	   3	   2	  22	  28	  12	  50	  70	  30	 453	1658241	1658729	   0	 730	
 681	 684	  50	   1	 700	   1	   1	  23	  28	  12	  50	  70	  30	 469	1660525	1661225	   0	 740	
 682	 685	  70	   1	 615	   2	   1	  23	  29	  12	  50	  70	  30	 504	1663042	1663657	   0	 750	
 683	 686	  50	   2	 452	   1	   1	  24	  29	  12	  50	  70	  30	 519	1665493	1665945	   0	 740	
 684	 687	  70	   2	 509	   2	   1	  24	  30	  12	  50	  70	  30	 406	1667660	1668169	   0	 730	
 685	 688	  50	   2	 830	   1	   1	  25	  30	  12	  50	  70	  30	 559	1670027	1670857	   0	 720	
 686	 689	  30	   4	 470	   3	   2	  25	  30	  13	  50	  70	  30	 433	1672595	1673065	   0	 720	
 687	 690	  50	   2	 536	   1	   1	  26	  30	  13	  50	  70	  30	 552	1674929	1675465	   0	 710	
 688	 691	  30	   4	 667	   3	   2	  26	  30	  14	  50	  70	  30	 461	1677230	1677897	   0	 710	
 689	 692	  70	   1	 422	   2	   1	  26	  31	  14	  50	  70	  30	 536	1679747	1680169	   0	 720	
 690	 693	  30	   3	 680	   3	   2	  26	  31	  15	  50	  70	  30	 593	1682064	1682744	   0	 720	
 691	 694	  50	   4	 953	   1	   2	  27	  31	  15	  50	  70	  30	 362	1684415	1685368	   0	 720	
 692	 695	  70	   1	 600	   2	   1	  27	  32	  15	  50	  70	  30	 554	1687232	1687832	   0	 730	
 693	 696	  30	   4	 743	   3	   2	  27	  32	  16	  50	  70	  30	 493	1689633	1690376	   0	 730	
 694	 697	  50	   1	1012	   1	   1	  28	  32	  16	  50	  70	  30	 428	1692100	1693112	   0	 740	
 695	 698	  30	   2	 819	   3	   1	  28	  32	  17	  50	  70	  30	 482	1694901	1695720	   0	 730	
 696	 699	  50	   2	 531	   1	   1	  29	  32	  17	  50	  70	  30	 664	1697685	1698216	   0	 720	
 697	 700	  30	   2	 563	   3	   1	  29	  32	  18	  50	  70	  30	 524	1700053	1700616	   0	 710	
 698	 701	  70	   1	 489	   2	   1	  29	  33	  18	  50	  70	  30	 372	1702287	1702776	   0	 720	
 699	 702	  30	   3	 476	   3	   2	  29	  33	  19	  50	  70	  30	 528	1704604	1705080	   0	 720	
 700	 703	  50	   3	 529	   1	   2	  30	  33	  19	  50	  70	  30	 476	1706855	1707384	   0	 720	
 701	 704	  30	   3	 651	   3	   2	  30	  33	  20	  50	  70	  30	 314	1709005	1709656	   0	 720	
 702	 705	  50	   4	 442	   1	   2	  31	  33	  20	  50	  70	  30	 441	1711406	1711848	   0	 720	
 703	 706	  70	   2	 759	   2	   1	  31	  34	  20	  50	  70	  30	 321	1713473	1714232	   0	 710	
 704	 707	  50	   4	 620	   1	   2	  32	  34	  20	  50	  70	  30	 591	1716124	1716744	   0	 710	
 705	 708	  30	   1	 403	   3	   1	  32	  34	  21	  50	  70	  30	 673	1718725	1719128	   0	 720	
 706	 709	  50	   3	 472	   1	   2	  33	  34	  21	  50	  70	  30	 536	1720975	1721447	   0	 720	
 707	 710	  30	   4	 601	   3	   2	  33	  34	  22	  50	  70	  30	 565	1723326	1723927	   0	 720	
 708	 711	  70	   1	 361	   2	   1	  33	  35	  22	  50	  70	  30	 476	1725710	1726071	   0	 730	
 709	 712	  50	   4	 702	   1	   2	   1	  35	  22	  50	  70	  30	 594	1727961	1728663	   0	 730	
 710	 713	  70	   1	 619	   2	   1	   1	   1	  22	  50	  70	  30	 450	1730428	1731047	   0	 740	
