Version: 1	Number of symbols: 3	Pictures exchange: true	Response Deadline: 2000
Trial_No	Virt_Trial_No	Prob_Shown	Feedback	RT	Stimulus_No	Resp	SymbolA_Stage	SymbolB_Stage	SymbolC_Stage	Prob_A	Prob_B	Prob_C	Jitter	StimOnset	RespOnset	Symbol_Changes	Bonus_sum
NaN	   1	  30	NaN	NaN	   1	   3	   0	   0	   0	  30	  70	  50	 549	   0	NaN	   0	   0	
   1	   2	  50	   2	 478	   3	   1	   0	   0	   1	  30	  70	  50	 474	5506	5984	   0	 -10	
   2	   3	  30	   2	 678	   1	   1	   1	   0	   1	  30	  70	  50	 531	7786	8464	   0	 -20	
   3	   4	  50	   1	1153	   3	   1	   1	   0	   2	  30	  70	  50	 333	10079	11232	   0	 -10	
   4	   5	  70	   1	 742	   2	   1	   1	   1	   2	  30	  70	  50	 635	13146	13888	   0	   0	
   5	   6	  30	   4	 835	   1	   2	   2	   1	   2	  30	  70	  50	 445	15613	16448	   0	   0	
   6	   7	  50	   2	 713	   3	   1	   2	   1	   3	  30	  70	  50	 558	18279	18992	   0	 -10	
   7	   8	  70	   1	 830	   2	   1	   2	   2	   3	  30	  70	  50	 596	20866	21696	   0	   0	
   8	   9	  50	   4	 881	   3	   2	   2	   2	   4	  30	  70	  50	 301	23279	24160	   0	   0	
   9	  10	  30	   2	 779	   1	   1	   3	   2	   4	  30	  70	  50	 520	25973	26752	   0	 -10	
  10	  11	  50	   3	 790	   3	   2	   3	   2	   5	  30	  70	  50	 629	28666	29456	   0	 -10	
  11	  12	  70	   3	 915	   2	   2	   3	   3	   5	  30	  70	  50	 608	31373	32288	   0	 -10	
  12	  13	  50	   2	 833	   3	   1	   3	   3	   6	  30	  70	  50	 678	34239	35072	   0	 -20	
  13	  14	  70	   4	 681	   2	   2	   3	   4	   6	  30	  70	  50	 328	36679	37360	   0	 -20	
  14	  15	  50	   3	1169	   3	   2	   3	   4	   7	  30	  70	  50	 466	39119	40288	   0	 -20	
  15	  16	  30	   3	 937	   1	   2	   4	   4	   7	  30	  70	  50	 468	42039	42976	   0	 -20	
  16	  17	  70	   4	 897	   2	   2	   4	   5	   7	  30	  70	  50	 462	44719	45616	   0	 -20	
  17	  18	  50	   1	 851	   3	   1	   4	   5	   8	  30	  70	  50	 471	47373	48224	   0	 -10	
  18	  19	  70	   3	 774	   2	   2	   4	   6	   8	  30	  70	  50	 521	50026	50800	   0	 -10	
  19	  20	  30	   3	1174	   1	   2	   5	   6	   8	  30	  70	  50	 653	52746	53920	   0	 -10	
  20	  21	  50	   4	1022	   3	   2	   5	   6	   9	  30	  70	  50	 380	55586	56608	   0	 -10	
  21	  22	  30	   4	 726	   1	   2	   6	   6	   9	  30	  70	  50	 508	58426	59152	   0	 -10	
  22	  23	  50	   3	 897	   3	   2	   6	   6	  10	  30	  70	  50	 524	60959	61856	   0	 -10	
  23	  24	  30	   2	 790	   1	   1	   7	   6	  10	  30	  70	  50	 482	63626	64416	   0	 -20	
  24	  25	  70	   3	 947	   2	   2	   7	   7	  10	  30	  70	  50	 471	66173	67120	   0	 -20	
  25	  26	  50	   1	 939	   3	   1	   7	   7	  11	  30	  70	  50	 447	68853	69792	   0	 -10	
  26	  27	  30	   4	 739	   1	   2	   8	   7	  11	  30	  70	  50	 378	71453	72192	   0	 -10	
  27	  28	  50	   2	1115	   3	   1	   8	   7	  12	  30	  70	  50	 579	74053	75168	   0	 -20	
  28	  29	  70	   3	 992	   2	   2	   8	   8	  12	  30	  70	  50	 358	76800	77792	   0	 -20	
  29	  30	  50	   3	 918	   3	   2	   8	   8	  13	  30	  70	  50	 397	79466	80384	   0	 -20	
  30	  31	  70	   3	 723	   2	   2	   8	   9	  13	  30	  70	  50	 431	82093	82816	   0	 -20	
  31	  32	  50	   3	 566	   3	   2	   8	   9	  14	  30	  70	  50	 375	84506	85072	   0	 -20	
  32	  33	  30	   4	 888	   1	   2	   9	   9	  14	  30	  70	  50	 489	86840	87728	   0	 -20	
  33	  34	  70	   4	 699	   2	   2	   9	  10	  14	  30	  70	  50	 644	89653	90352	   0	 -20	
  34	  35	  30	   1	 808	   1	   1	  10	  10	  14	  30	  70	  50	 491	92120	92928	   0	 -10	
  35	  36	  70	   1	 611	   2	   1	  10	  11	  14	  30	  70	  50	 524	94733	95344	   0	   0	
  36	  37	  50	   4	 763	   3	   2	  10	  11	  15	  30	  70	  50	 466	97093	97856	   0	   0	
  37	  38	  30	   4	 856	   1	   2	  11	  11	  15	  30	  70	  50	 425	99560	100416	   0	   0	
  38	  39	  70	   2	 571	   2	   1	  11	  12	  15	  30	  70	  50	 514	102213	102784	   0	 -10	
  39	  40	  30	   1	 867	   1	   1	  12	  12	  15	  30	  70	  50	 506	104573	105440	   0	   0	
  40	  41	  50	   1	 816	   3	   1	  12	  12	  16	  30	  70	  50	 469	107200	108016	   0	  10	
  41	  42	  70	   1	1246	   2	   1	  12	  13	  16	  30	  70	  50	 653	109986	111232	   0	  20	
  42	  43	  30	   2	 611	   1	   1	  13	  13	  16	  30	  70	  50	 539	113053	113664	   0	  10	
  43	  44	  70	   1	 774	   2	   1	  13	  14	  16	  30	  70	  50	 691	115626	116400	   0	  20	
  44	  45	  50	   4	 872	   3	   2	  13	  14	  17	  30	  70	  50	 668	118360	119232	   0	  20	
  45	  46	  30	   2	 712	   1	   1	  14	  14	  17	  30	  70	  50	 399	120920	121632	   0	  10	
  46	  47	  70	   1	 840	   2	   1	  14	  15	  17	  30	  70	  50	 403	123320	124160	   0	  20	
  47	  48	  30	   2	 824	   1	   1	  15	  15	  17	  30	  70	  50	 354	125800	126624	   0	  10	
  48	  49	  70	   2	 720	   2	   1	  15	  16	  17	  30	  70	  50	 501	128400	129120	   0	   0	
  49	  50	  30	   3	 731	   1	   2	  16	  16	  17	  30	  70	  50	 366	130773	131504	   0	   0	
  50	  51	  70	   3	 520	   2	   2	  16	  17	  17	  30	  70	  50	 625	133400	133920	   0	   0	
  51	  52	  30	   4	 648	   1	   2	  17	  17	  17	  30	  70	  50	 564	135800	136448	   0	   0	
  52	  53	  70	   3	 790	   2	   2	  17	  18	  17	  30	  70	  50	 696	138426	139216	   0	   0	
  53	  54	  30	   2	 440	   1	   1	  18	  18	  17	  30	  70	  50	 503	141000	141440	   0	 -10	
  54	  55	  70	   4	1168	   2	   2	  18	  19	  17	  30	  70	  50	 316	143040	144208	   0	 -10	
  55	  56	  50	   4	1107	   3	   2	  18	  19	  18	  30	  70	  50	 600	146093	147200	   0	 -10	
  56	  57	  30	   3	1011	   1	   2	  19	  19	  18	  30	  70	  50	 651	149133	150144	   0	 -10	
  57	  58	  70	   3	 926	   2	   2	  19	  20	  18	  30	  70	  50	 491	151906	152832	   0	 -10	
  58	  59	  50	   3	 942	   3	   2	  19	  20	  19	  30	  70	  50	 666	154786	155728	   0	 -10	
NaN	  60	  30	NaN	NaN	   1	   3	  19	  20	  19	  30	  70	  50	 437	154786	NaN	   0	 -10	
  59	  61	  50	   4	 504	   3	   2	  19	  20	  20	  30	  70	  50	 467	161160	161664	   0	 -10	
  60	  62	  70	   3	1072	   2	   2	  19	  21	  20	  30	  70	  50	 416	163360	164432	   0	 -10	
  61	  63	  50	   4	 707	   3	   2	  19	  21	  21	  30	  70	  50	 589	166333	167040	   0	 -10	
  62	  64	  70	   4	 886	   2	   2	  19	  22	  21	  30	  70	  50	 343	168666	169552	   0	 -10	
  63	  65	  50	   3	 883	   3	   2	  19	  22	  22	  30	  70	  50	 614	171453	172336	   0	 -10	
  64	  66	  30	   2	1072	   1	   1	  20	  22	  22	  30	  70	  50	 693	174320	175392	   0	 -20	
  65	  67	  70	   1	 670	   2	   1	  20	  23	  22	  30	  70	  50	 435	177106	177776	   0	 -10	
  66	  68	  30	   4	 736	   1	   2	  21	  23	  22	  30	  70	  50	 536	179600	180336	   0	 -10	
  67	  69	  50	   4	 806	   3	   2	  21	  23	  23	  30	  70	  50	 559	182186	182992	   0	 -10	
  68	  70	  70	   1	 635	   2	   1	  21	  24	  23	  30	  70	  50	 576	184853	185488	   0	   0	
  69	  71	  50	   2	 584	   3	   1	  21	  24	  24	  30	  70	  50	 631	187400	187984	   0	 -10	
  70	  72	  70	   1	 795	   2	   1	  21	  25	  24	  30	  70	  50	 628	189893	190688	   0	   0	
  71	  73	  50	   1	 630	   3	   1	  21	  25	  25	  30	  70	  50	 347	192346	192976	   0	  10	
  72	  74	  70	   2	 662	   2	   1	  21	  26	  25	  30	  70	  50	 562	194826	195488	   0	   0	
  73	  75	  50	   2	 888	   3	   1	  21	  26	  26	  30	  70	  50	 552	197320	198208	   0	 -10	
  74	  76	  70	   1	 806	   2	   1	  21	  27	  26	  30	  70	  50	 462	199946	200752	   0	   0	
  75	  77	  50	   1	 648	   3	   1	  21	  27	  27	  30	  70	  50	 639	202680	203328	   0	  10	
  76	  78	  70	   1	 702	   2	   1	  21	  28	  27	  30	  70	  50	 413	205026	205728	   0	  20	
  77	  79	  50	   1	 534	   3	   1	  21	  28	  28	  30	  70	  50	 373	207386	207920	   0	  30	
  78	  80	  30	   3	 643	   1	   2	  22	  28	  28	  30	  70	  50	 330	209533	210176	   0	  30	
  79	  81	  70	   2	 686	   2	   1	  22	  29	  28	  30	  70	  50	 529	211986	212672	   0	  20	
  80	  82	  30	   4	1176	   1	   2	  23	  29	  28	  30	  70	  50	 645	214600	215776	   0	  20	
  81	  83	  50	   2	 566	   3	   1	  23	  29	  29	  30	  70	  50	 381	217466	218032	   0	  10	
  82	  84	  30	   4	 611	   1	   2	  24	  29	  29	  30	  70	  50	 697	220013	220624	   0	  10	
  83	  85	  70	   1	 686	   2	   1	  24	  30	  29	  30	  70	  50	 324	222226	222912	   0	  20	
  84	  86	  50	   1	 555	   3	   1	  24	  30	  30	  30	  70	  50	 659	224853	225408	   0	  30	
  85	  87	  70	   1	 651	   2	   1	  24	  31	  30	  30	  70	  50	 401	227093	227744	   0	  40	
  86	  88	  30	   2	 787	   3	   1	  24	  31	   1	  30	  70	  30	 548	229613	230400	   3	  30	
  87	  89	  30	   2	 848	   1	   1	  25	  31	   1	  30	  70	  30	 307	232000	232848	   0	  20	
  88	  90	  70	   2	 651	   2	   1	  25	  32	   1	  30	  70	  30	 486	234613	235264	   0	  10	
  89	  91	  30	   3	 822	   3	   2	  25	  32	   2	  30	  70	  30	 680	237226	238048	   0	  10	
  90	  92	  70	   1	 606	   2	   1	  25	  33	   2	  30	  70	  30	 575	239906	240512	   0	  20	
  91	  93	  30	   3	 539	   1	   2	  26	  33	   2	  30	  70	  30	 637	242453	242992	   0	  20	
  92	  94	  30	   2	 587	   3	   1	  26	  33	   3	  30	  70	  30	 415	244693	245280	   0	  10	
  93	  95	  30	   4	 608	   1	   2	  27	  33	   3	  30	  70	  30	 554	247120	247728	   0	  10	
  94	  96	  20	   4	 880	   2	   2	  27	   1	   3	  30	  20	  30	 462	249520	250400	   2	  10	
  95	  97	  30	   2	 771	   1	   1	  28	   1	   3	  30	  20	  30	 569	252253	253024	   0	   0	
  96	  98	  30	   4	 683	   3	   2	  28	   1	   4	  30	  20	  30	 628	254933	255616	   0	   0	
  97	  99	  30	   1	 755	   1	   1	  29	   1	   4	  30	  20	  30	 638	257533	258288	   0	  10	
  98	 100	  30	   2	 478	   3	   1	  29	   1	   5	  30	  20	  30	 494	260066	260544	   0	   0	
  99	 101	  20	   2	 662	   2	   1	  29	   2	   5	  30	  20	  30	 612	262426	263088	   0	 -10	
 100	 102	  30	   2	 630	   1	   1	  30	   2	   5	  30	  20	  30	 459	264826	265456	   0	 -20	
 101	 103	  20	   3	 648	   2	   2	  30	   3	   5	  30	  20	  30	 635	267400	268048	   0	 -20	
 102	 104	  30	   3	 467	   3	   2	  30	   3	   6	  30	  20	  30	 452	269773	270240	   0	 -20	
 103	 105	  20	   4	 462	   2	   2	  30	   4	   6	  30	  20	  30	 544	272066	272528	   0	 -20	
 104	 106	  30	   2	 406	   3	   1	  30	   4	   7	  30	  20	  30	 699	274506	274912	   0	 -30	
 105	 107	  20	   4	 422	   2	   2	  30	   5	   7	  30	  20	  30	 547	276746	277168	   0	 -30	
 106	 108	  30	   2	 414	   3	   1	  30	   5	   8	  30	  20	  30	 502	278946	279360	   0	 -40	
 107	 109	  20	   3	 518	   2	   2	  30	   6	   8	  30	  20	  30	 417	281066	281584	   0	 -40	
 108	 110	  30	   4	 835	   1	   2	  31	   6	   8	  30	  20	  30	 675	283533	284368	   0	 -40	
 109	 111	  30	   4	 707	   3	   2	  31	   6	   9	  30	  20	  30	 612	286253	286960	   0	 -40	
 110	 112	  20	   4	 678	   2	   2	  31	   7	   9	  30	  20	  30	 344	288586	289264	   0	 -40	
 111	 113	  30	   1	 558	   3	   1	  31	   7	  10	  30	  20	  30	 613	291186	291744	   0	 -30	
 112	 114	  30	   1	 440	   1	   1	  32	   7	  10	  30	  20	  30	 461	293480	293920	   0	 -20	
 113	 115	  30	   1	 526	   3	   1	  32	   7	  11	  30	  20	  30	 617	295826	296352	   0	 -10	
 114	 116	  30	   2	 440	   1	   1	  33	   7	  11	  30	  20	  30	 399	298040	298480	   0	 -20	
 115	 117	  30	   2	 803	   3	   1	  33	   7	  12	  30	  20	  30	 321	300093	300896	   0	 -30	
 116	 118	  30	   4	 675	   1	   2	  34	   7	  12	  30	  20	  30	 470	302653	303328	   0	 -30	
 117	 119	  30	   2	 438	   3	   1	  34	   7	  13	  30	  20	  30	 302	304906	305344	   0	 -40	
 118	 120	  20	   2	 432	   2	   1	  34	   8	  13	  30	  20	  30	 500	307120	307552	   0	 -50	
 119	 121	  30	   2	 467	   1	   1	  35	   8	  13	  30	  20	  30	 453	309293	309760	   0	 -60	
 120	 122	  30	   4	 576	   3	   2	  35	   8	  14	  30	  20	  30	 555	311600	312176	   0	 -60	
 121	 123	  80	   1	 742	   1	   1	   1	   8	  14	  80	  20	  30	 483	314026	314768	   1	 -50	
 122	 124	  30	   1	 795	   3	   1	   1	   8	  15	  80	  20	  30	 561	316613	317408	   0	 -40	
 123	 125	  80	   1	 483	   1	   1	   2	   8	  15	  80	  20	  30	 364	319053	319536	   0	 -30	
 124	 126	  30	   2	 622	   3	   1	   2	   8	  16	  80	  20	  30	 367	321186	321808	   0	 -40	
 125	 127	  80	   2	 510	   1	   1	   3	   8	  16	  80	  20	  30	 414	323506	324016	   0	 -50	
 126	 128	  30	   4	 886	   3	   2	   3	   8	  17	  80	  20	  30	 322	325626	326512	   0	 -50	
 127	 129	  20	   2	 974	   2	   1	   3	   9	  17	  80	  20	  30	 587	328386	329360	   0	 -60	
 128	 130	  80	   1	 686	   1	   1	   4	   9	  17	  80	  20	  30	 623	331266	331952	   0	 -50	
 129	 131	  30	   2	 680	   3	   1	   4	   9	  18	  80	  20	  30	 410	333640	334320	   0	 -60	
 130	 132	  80	   1	 483	   1	   1	   5	   9	  18	  80	  20	  30	 489	336093	336576	   0	 -50	
 131	 133	  30	   1	 603	   3	   1	   5	   9	  19	  80	  20	  30	 556	338453	339056	   0	 -40	
 132	 134	  80	   2	 454	   1	   1	   6	   9	  19	  80	  20	  30	 402	340746	341200	   0	 -50	
 133	 135	  20	   4	 928	   2	   2	   6	  10	  19	  80	  20	  30	 309	342800	343728	   0	 -50	
 134	 136	  80	   1	 622	   1	   1	   7	  10	  19	  80	  20	  30	 417	345426	346048	   0	 -40	
 135	 137	  20	   1	 467	   2	   1	   7	  11	  19	  80	  20	  30	 522	347853	348320	   0	 -30	
 136	 138	  80	   1	 427	   1	   1	   8	  11	  19	  80	  20	  30	 452	350053	350480	   0	 -20	
 137	 139	  20	   2	 651	   2	   1	   8	  12	  19	  80	  20	  30	 601	352373	353024	   0	 -30	
 138	 140	  30	   2	 723	   3	   1	   8	  12	  20	  80	  20	  30	 595	354893	355616	   0	 -40	
 139	 141	  80	   1	 507	   1	   1	   9	  12	  20	  80	  20	  30	 354	357253	357760	   0	 -30	
 140	 142	  30	   1	 630	   3	   1	   9	  12	  21	  80	  20	  30	 345	359386	360016	   0	 -20	
 141	 143	  20	   2	 683	   2	   1	   9	  13	  21	  80	  20	  30	 317	361653	362336	   0	 -30	
 142	 144	  80	   1	 446	   1	   1	  10	  13	  21	  80	  20	  30	 687	364306	364752	   0	 -20	
 143	 145	  30	   2	 616	   3	   1	  10	  13	  22	  80	  20	  30	 567	366600	367216	   0	 -30	
 144	 146	  20	   2	 630	   2	   1	  10	  14	  22	  80	  20	  30	 561	369066	369696	   0	 -40	
 145	 147	  30	   4	 784	   3	   2	  10	  14	  23	  80	  20	  30	 385	371360	372144	   0	 -40	
 146	 148	  20	   4	 747	   2	   2	  10	  15	  23	  80	  20	  30	 308	373733	374480	   0	 -40	
 147	 149	  80	   2	 598	   1	   1	  11	  15	  23	  80	  20	  30	 338	376106	376704	   0	 -50	
 148	 150	  20	   4	1043	   2	   2	  11	  16	  23	  80	  20	  30	 589	378573	379616	   0	 -50	
 149	 151	  80	   1	 443	   1	   1	  12	  16	  23	  80	  20	  30	 508	381413	381856	   0	 -40	
 150	 152	  20	   2	 464	   2	   1	  12	  17	  23	  80	  20	  30	 463	383600	384064	   0	 -50	
 151	 153	  30	   2	 635	   3	   1	  12	  17	  24	  80	  20	  30	 362	385733	386368	   0	 -60	
 152	 154	  20	   3	 662	   2	   2	  12	  18	  24	  80	  20	  30	 538	388186	388848	   0	 -60	
 153	 155	  80	   3	 448	   1	   2	  13	  18	  24	  80	  20	  30	 586	390720	391168	   0	 -60	
 154	 156	  30	   4	 971	   3	   2	  13	  18	  25	  80	  20	  30	 325	392773	393744	   0	 -60	
 155	 157	  80	   1	 475	   1	   1	  14	  18	  25	  80	  20	  30	 388	395413	395888	   0	 -50	
 156	 158	  20	   2	 638	   2	   1	  14	  19	  25	  80	  20	  30	 425	397586	398224	   0	 -60	
 157	 159	  30	   4	 486	   3	   2	  14	  19	  26	  80	  20	  30	 445	399946	400432	   0	 -60	
 158	 160	  80	   1	 390	   1	   1	  15	  19	  26	  80	  20	  30	 311	402026	402416	   0	 -50	
 159	 161	  20	   2	 560	   2	   1	  15	  20	  26	  80	  20	  30	 385	404080	404640	   0	 -60	
 160	 162	  30	   3	 518	   3	   2	  15	  20	  27	  80	  20	  30	 500	406426	406944	   0	 -60	
 161	 163	  80	   1	 584	   1	   1	  16	  20	  27	  80	  20	  30	 434	408680	409264	   0	 -50	
 162	 164	  30	   4	 566	   3	   2	  16	  20	  28	  80	  20	  30	 362	410906	411472	   0	 -50	
 163	 165	  20	   4	 547	   2	   2	  16	  21	  28	  80	  20	  30	 536	413293	413840	   0	 -50	
 164	 166	  30	   2	 680	   3	   1	  16	  21	  29	  80	  20	  30	 592	415720	416400	   0	 -60	
 165	 167	  80	   1	 368	   1	   1	  17	  21	  29	  80	  20	  30	 308	418000	418368	   0	 -50	
 166	 168	  30	   1	 611	   3	   1	  17	  21	  30	  80	  20	  30	 532	420173	420784	   0	 -40	
 167	 169	  20	   4	 819	   2	   2	  17	  22	  30	  80	  20	  30	 434	422493	423312	   0	 -40	
 168	 170	  30	   4	 656	   3	   2	  17	  22	  31	  80	  20	  30	 362	424960	425616	   0	 -40	
 169	 171	  80	   2	 451	   1	   1	  18	  22	  31	  80	  20	  30	 632	427533	427984	   0	 -50	
 170	 172	  30	   2	 838	   3	   1	  18	  22	  32	  80	  20	  30	 362	429626	430464	   0	 -60	
 171	 173	  20	   3	1139	   2	   2	  18	  23	  32	  80	  20	  30	 478	432253	433392	   0	 -60	
 172	 174	  80	   1	 710	   1	   1	  19	  23	  32	  80	  20	  30	 313	434986	435696	   0	 -50	
 173	 175	  30	   2	 451	   3	   1	  19	  23	  33	  80	  20	  30	 317	437293	437744	   0	 -60	
 174	 176	  80	   1	 536	   1	   1	  20	  23	  33	  80	  20	  30	 460	439480	440016	   0	 -50	
 175	 177	  30	   3	 646	   3	   2	  20	  23	  34	  80	  20	  30	 319	441626	442272	   0	 -50	
 176	 178	  80	   1	 411	   1	   1	  21	  23	  34	  80	  20	  30	 501	444053	444464	   0	 -40	
 177	 179	  30	   4	 432	   3	   2	  21	  23	  35	  80	  20	  30	 502	446240	446672	   0	 -40	
 178	 180	  20	   4	 760	   2	   2	  21	  24	  35	  80	  20	  30	 647	448600	449360	   0	 -40	
 179	 181	  70	   1	 640	   3	   1	  21	  24	   1	  80	  20	  70	 672	451360	452000	   3	 -30	
 180	 182	  20	   3	 816	   2	   2	  21	  25	   1	  80	  20	  70	 635	453920	454736	   0	 -30	
 181	 183	  80	   1	 696	   1	   1	  22	  25	   1	  80	  20	  70	 469	456520	457216	   0	 -20	
 182	 184	  70	   4	 438	   3	   2	  22	  25	   2	  80	  20	  70	 559	459066	459504	   0	 -20	
 183	 185	  20	   2	 491	   2	   1	  22	  26	   2	  80	  20	  70	 549	461333	461824	   0	 -30	
 184	 186	  70	   1	 651	   3	   1	  22	  26	   3	  80	  20	  70	 634	463733	464384	   0	 -20	
 185	 187	  20	   4	 830	   2	   2	  22	  27	   3	  80	  20	  70	 568	466226	467056	   0	 -20	
 186	 188	  70	   2	 544	   3	   1	  22	  27	   4	  80	  20	  70	 536	468880	469424	   0	 -30	
 187	 189	  20	   2	 912	   2	   1	  22	  28	   4	  80	  20	  70	 575	471280	472192	   0	 -40	
 188	 190	  80	   2	 968	   1	   1	  23	  28	   4	  80	  20	  70	 402	473880	474848	   0	 -50	
 189	 191	  70	   1	 790	   3	   1	  23	  28	   5	  80	  20	  70	 305	476426	477216	   0	 -40	
 190	 192	  80	   1	 638	   1	   1	  24	  28	   5	  80	  20	  70	 360	478866	479504	   0	 -30	
 191	 193	  20	   4	 784	   2	   2	  24	  29	   5	  80	  20	  70	 376	481200	481984	   0	 -30	
 192	 194	  70	   1	 614	   3	   1	  24	  29	   6	  80	  20	  70	 523	483786	484400	   0	 -20	
 193	 195	  20	   2	 952	   2	   1	  24	  30	   6	  80	  20	  70	 353	486040	486992	   0	 -30	
 194	 196	  70	   1	 630	   3	   1	  24	  30	   7	  80	  20	  70	 478	488746	489376	   0	 -20	
 195	 197	  80	   2	 678	   1	   1	  25	  30	   7	  80	  20	  70	 487	491146	491824	   0	 -30	
 196	 198	  50	   1	1030	   2	   1	  25	   1	   7	  80	  50	  70	 324	493466	494496	   2	 -20	
 197	 199	  70	   2	 667	   3	   1	  25	   1	   8	  80	  50	  70	 593	496373	497040	   0	 -30	
 198	 200	  50	   2	 854	   2	   1	  25	   2	   8	  80	  50	  70	 342	498666	499520	   0	 -40	
 199	 201	  80	   1	 659	   1	   1	  26	   2	   8	  80	  50	  70	 328	501133	501792	   0	 -30	
 200	 202	  70	   1	 470	   3	   1	  26	   2	   9	  80	  50	  70	 478	503546	504016	   0	 -20	
 201	 203	  50	   3	 667	   2	   2	  26	   3	   9	  80	  50	  70	 318	505653	506320	   0	 -20	
 202	 204	  70	   1	 576	   3	   1	  26	   3	  10	  80	  50	  70	 388	508000	508576	   0	 -10	
 203	 205	  50	   4	 518	   2	   2	  26	   4	  10	  80	  50	  70	 572	510426	510944	   0	 -10	
 204	 206	  70	   2	 552	   3	   1	  26	   4	  11	  80	  50	  70	 375	512600	513152	   0	 -20	
 205	 207	  50	   2	 800	   2	   1	  26	   5	  11	  80	  50	  70	 360	514800	515600	   0	 -30	
 206	 208	  80	   1	 643	   1	   1	  27	   5	  11	  80	  50	  70	 652	517533	518176	   0	 -20	
 207	 209	  50	   1	 555	   2	   1	  27	   6	  11	  80	  50	  70	 428	519893	520448	   0	 -10	
 208	 210	  80	   1	 640	   1	   1	  28	   6	  11	  80	  50	  70	 514	522240	522880	   0	   0	
 209	 211	  70	   2	 683	   3	   1	  28	   6	  12	  80	  50	  70	 530	524693	525376	   0	 -10	
 210	 212	  50	   1	 499	   2	   1	  28	   7	  12	  80	  50	  70	 633	527293	527792	   0	   0	
 211	 213	  80	   1	 606	   1	   1	  29	   7	  12	  80	  50	  70	 471	529586	530192	   0	  10	
 212	 214	  70	   1	 408	   3	   1	  29	   7	  13	  80	  50	  70	 648	532120	532528	   0	  20	
 213	 215	  80	   1	 496	   1	   1	  30	   7	  13	  80	  50	  70	 432	534240	534736	   0	  30	
 214	 216	  70	   1	 550	   3	   1	  30	   7	  14	  80	  50	  70	 406	536426	536976	   0	  40	
 215	 217	  50	   2	 515	   2	   1	  30	   8	  14	  80	  50	  70	 311	538573	539088	   0	  30	
 216	 218	  80	   1	 454	   1	   1	  31	   8	  14	  80	  50	  70	 695	541066	541520	   0	  40	
 217	 219	  50	   4	 491	   2	   2	  31	   9	  14	  80	  50	  70	 681	543493	543984	   0	  40	
 218	 220	  80	   1	 507	   1	   1	  32	   9	  14	  80	  50	  70	 552	545813	546320	   0	  50	
 219	 221	  70	   1	 459	   3	   1	  32	   9	  15	  80	  50	  70	 607	548213	548672	   0	  60	
 220	 222	  50	   3	 606	   2	   2	  32	  10	  15	  80	  50	  70	 430	550386	550992	   0	  60	
 221	 223	  70	   1	 563	   3	   1	  32	  10	  16	  80	  50	  70	 341	552653	553216	   0	  70	
 222	 224	  80	   1	 720	   1	   1	  33	  10	  16	  80	  50	  70	 536	555040	555760	   0	  80	
 223	 225	  50	   4	 475	   2	   2	  33	  11	  16	  80	  50	  70	 441	557493	557968	   0	  80	
 224	 226	  70	   2	 478	   3	   1	  33	  11	  17	  80	  50	  70	 422	559666	560144	   0	  70	
 225	 227	  20	   2	 608	   1	   1	   1	  11	  17	  20	  50	  70	 696	562160	562768	   1	  60	
 226	 228	  70	   1	 544	   3	   1	   1	  11	  18	  20	  50	  70	 589	564640	565184	   0	  70	
 227	 229	  20	   4	 416	   1	   2	   2	  11	  18	  20	  50	  70	 659	567120	567536	   0	  70	
 228	 230	  50	   1	 454	   2	   1	   2	  12	  18	  20	  50	  70	 408	569226	569680	   0	  80	
 229	 231	  70	   1	 478	   3	   1	   2	  12	  19	  20	  50	  70	 463	571426	571904	   0	  90	
 230	 232	  50	   2	 483	   2	   1	   2	  13	  19	  20	  50	  70	 511	573693	574176	   0	  80	
 231	 233	  70	   1	 494	   3	   1	   2	  13	  20	  20	  50	  70	 321	575826	576320	   0	  90	
 232	 234	  20	   4	 718	   1	   2	   3	  13	  20	  20	  50	  70	 382	577986	578704	   0	  90	
 233	 235	  70	   2	 499	   3	   1	   3	  13	  21	  20	  50	  70	 587	580573	581072	   0	  80	
 234	 236	  20	   1	 483	   1	   1	   4	  13	  21	  20	  50	  70	 693	583053	583536	   0	  90	
 235	 237	  50	   2	 728	   2	   1	   4	  14	  21	  20	  50	  70	 334	585160	585888	   0	  80	
 236	 238	  70	   1	 568	   3	   1	   4	  14	  22	  20	  50	  70	 391	587560	588128	   0	  90	
 237	 239	  50	   3	 416	   2	   2	   4	  15	  22	  20	  50	  70	 587	590000	590416	   0	  90	
 238	 240	  70	   1	 563	   3	   1	   4	  15	  23	  20	  50	  70	 386	592093	592656	   0	 100	
 239	 241	  50	   1	 459	   2	   1	   4	  16	  23	  20	  50	  70	 510	594453	594912	   0	 110	
 240	 242	  20	   2	 552	   1	   1	   5	  16	  23	  20	  50	  70	 483	596680	597232	   0	 100	
 241	 243	  50	   2	 699	   2	   1	   5	  17	  23	  20	  50	  70	 373	598933	599632	   0	  90	
 242	 244	  20	   2	 480	   1	   1	   6	  17	  23	  20	  50	  70	 682	601600	602080	   0	  80	
 243	 245	  70	   1	 640	   3	   1	   6	  17	  24	  20	  50	  70	 309	603680	604320	   0	  90	
 244	 246	  50	   3	 448	   2	   2	   6	  18	  24	  20	  50	  70	 556	606160	606608	   0	  90	
 245	 247	  20	   3	 382	   1	   2	   7	  18	  24	  20	  50	  70	 660	608546	608928	   0	  90	
 246	 248	  50	   4	 483	   2	   2	   7	  19	  24	  20	  50	  70	 679	610893	611376	   0	  90	
 247	 249	  70	   1	 638	   3	   1	   7	  19	  25	  20	  50	  70	 361	613026	613664	   0	 100	
 248	 250	  20	   4	 816	   1	   2	   8	  19	  25	  20	  50	  70	 575	615520	616336	   0	 100	
 249	 251	  70	   2	 566	   3	   1	   8	  19	  26	  20	  50	  70	 400	618026	618592	   0	  90	
 250	 252	  50	   3	 712	   2	   2	   8	  20	  26	  20	  50	  70	 644	620520	621232	   0	  90	
 251	 253	  20	   4	 528	   1	   2	   9	  20	  26	  20	  50	  70	 319	622880	623408	   0	  90	
 252	 254	  70	   1	 568	   3	   1	   9	  20	  27	  20	  50	  70	 628	625320	625888	   0	 100	
 253	 255	  50	   1	 926	   2	   1	   9	  21	  27	  20	  50	  70	 493	627666	628592	   0	 110	
 254	 256	  70	   1	 608	   3	   1	   9	  21	  28	  20	  50	  70	 441	630320	630928	   0	 120	
 255	 257	  50	   2	 571	   2	   1	   9	  22	  28	  20	  50	  70	 491	632693	633264	   0	 110	
 256	 258	  70	   2	 539	   3	   1	   9	  22	  29	  20	  50	  70	 391	634933	635472	   0	 100	
 257	 259	  50	   2	 456	   2	   1	   9	  23	  29	  20	  50	  70	 639	637400	637856	   0	  90	
 258	 260	  70	   3	 480	   3	   2	   9	  23	  30	  20	  50	  70	 693	639840	640320	   0	  90	
 259	 261	  20	   4	 776	   1	   2	  10	  23	  30	  20	  50	  70	 352	641960	642736	   0	  90	
 260	 262	  50	   2	 819	   3	   1	  10	  23	   1	  20	  50	  50	 517	644573	645392	   3	  80	
 261	 263	  50	   2	 931	   2	   1	  10	  24	   1	  20	  50	  50	 514	647213	648144	   0	  70	
 262	 264	  20	   4	 782	   1	   2	  11	  24	   1	  20	  50	  50	 330	649746	650528	   0	  70	
 263	 265	  50	   4	 726	   3	   2	  11	  24	   2	  20	  50	  50	 621	652426	653152	   0	  70	
 264	 266	  50	   3	 870	   2	   2	  11	  25	   2	  20	  50	  50	 554	654986	655856	   0	  70	
 265	 267	  50	   3	 835	   3	   2	  11	  25	   3	  20	  50	  50	 311	657453	658288	   0	  70	
 266	 268	  50	   3	 640	   2	   2	  11	  26	   3	  20	  50	  50	 427	660000	660640	   0	  70	
 267	 269	  20	   4	 531	   1	   2	  12	  26	   3	  20	  50	  50	 323	662253	662784	   0	  70	
 268	 270	  50	   2	 656	   2	   1	  12	  27	   3	  20	  50	  50	 341	664400	665056	   0	  60	
 269	 271	  50	   4	 371	   3	   2	  12	  27	   4	  20	  50	  50	 628	666973	667344	   0	  60	
 270	 272	  50	   1	 678	   2	   1	  12	  28	   4	  20	  50	  50	 608	669226	669904	   0	  70	
 271	 273	  50	   1	 664	   3	   1	  12	  28	   5	  20	  50	  50	 424	671640	672304	   0	  80	
 272	 274	  50	   2	 491	   2	   1	  12	  29	   5	  20	  50	  50	 389	673973	674464	   0	  70	
 273	 275	  20	   4	 384	   1	   2	  13	  29	   5	  20	  50	  50	 654	676400	676784	   0	  70	
 274	 276	  50	   3	 376	   3	   2	  13	  29	   6	  20	  50	  50	 534	678600	678976	   0	  70	
 275	 277	  50	   3	 528	   2	   2	  13	  30	   6	  20	  50	  50	 539	680800	681328	   0	  70	
 276	 278	  20	   3	 475	   1	   2	  14	  30	   6	  20	  50	  50	 403	683013	683488	   0	  70	
 277	 279	  50	   4	 598	   3	   2	  14	  30	   7	  20	  50	  50	 302	685066	685664	   0	  70	
 278	 280	  20	   4	 544	   1	   2	  15	  30	   7	  20	  50	  50	 499	687440	687984	   0	  70	
 279	 281	  50	   2	 475	   3	   1	  15	  30	   8	  20	  50	  50	 557	689813	690288	   0	  60	
 280	 282	  20	   3	 544	   1	   2	  16	  30	   8	  20	  50	  50	 432	692000	692544	   0	  60	
 281	 283	  50	   3	 579	   3	   2	  16	  30	   9	  20	  50	  50	 393	694253	694832	   0	  60	
 282	 284	  50	   3	 691	   2	   2	  16	  31	   9	  20	  50	  50	 614	696733	697424	   0	  60	
 283	 285	  20	   4	 480	   1	   2	  17	  31	   9	  20	  50	  50	 337	699040	699520	   0	  60	
 284	 286	  50	   4	 758	   2	   2	  17	  32	   9	  20	  50	  50	 660	701466	702224	   0	  60	
 285	 287	  20	   4	 520	   1	   2	  18	  32	   9	  20	  50	  50	 377	703880	704400	   0	  60	
 286	 288	  50	   3	 640	   3	   2	  18	  32	  10	  20	  50	  50	 311	706000	706640	   0	  60	
 287	 289	  20	   2	 779	   1	   1	  19	  32	  10	  20	  50	  50	 691	708613	709392	   0	  50	
 288	 290	  50	   1	 560	   3	   1	  19	  32	  11	  20	  50	  50	 443	711120	711680	   0	  60	
 289	 291	  50	   3	 643	   2	   2	  19	  33	  11	  20	  50	  50	 399	713373	714016	   0	  60	
 290	 292	  50	   1	 600	   3	   1	  19	  33	  12	  20	  50	  50	 340	715640	716240	   0	  70	
 291	 293	  20	   4	 528	   2	   2	  19	   1	  12	  20	  20	  50	 476	718080	718608	   2	  70	
 292	 294	  50	   2	 974	   3	   1	  19	   1	  13	  20	  20	  50	 334	720226	721200	   0	  60	
 293	 295	  20	   4	 571	   1	   2	  20	   1	  13	  20	  20	  50	 529	723013	723584	   0	  60	
 294	 296	  20	   4	 547	   2	   2	  20	   2	  13	  20	  20	  50	 594	725453	726000	   0	  60	
 295	 297	  20	   4	 696	   1	   2	  21	   2	  13	  20	  20	  50	 435	727720	728416	   0	  60	
 296	 298	  20	   2	 627	   2	   1	  21	   3	  13	  20	  20	  50	 316	730013	730640	   0	  50	
 297	 299	  20	   3	 360	   1	   2	  22	   3	  13	  20	  20	  50	 516	732440	732800	   0	  50	
 298	 300	  20	   4	 630	   2	   2	  22	   4	  13	  20	  20	  50	 345	734426	735056	   0	  50	
 299	 301	  50	   3	 680	   3	   2	  22	   4	  14	  20	  20	  50	 499	736840	737520	   0	  50	
 300	 302	  20	   1	 451	   2	   1	  22	   5	  14	  20	  20	  50	 492	739293	739744	   0	  60	
 301	 303	  50	   3	 510	   3	   2	  22	   5	  15	  20	  20	  50	 440	741506	742016	   0	  60	
 302	 304	  20	   2	 464	   2	   1	  22	   6	  15	  20	  20	  50	 379	743680	744144	   0	  50	
 303	 305	  20	   4	 422	   1	   2	  23	   6	  15	  20	  20	  50	 521	745946	746368	   0	  50	
 304	 306	  50	   4	1083	   3	   2	  23	   6	  16	  20	  20	  50	 332	747973	749056	   0	  50	
 305	 307	  20	   4	 800	   1	   2	  24	   6	  16	  20	  20	  50	 694	751040	751840	   0	  50	
 306	 308	  50	   2	 603	   3	   1	  24	   6	  17	  20	  20	  50	 681	753813	754416	   0	  40	
 307	 309	  20	   4	 643	   1	   2	  25	   6	  17	  20	  20	  50	 546	756253	756896	   0	  40	
 308	 310	  50	   1	 803	   3	   1	  25	   6	  18	  20	  20	  50	 387	758573	759376	   0	  50	
 309	 311	  20	   2	 459	   1	   1	  26	   6	  18	  20	  20	  50	 346	761013	761472	   0	  40	
 310	 312	  50	   2	 752	   3	   1	  26	   6	  19	  20	  20	  50	 610	763360	764112	   0	  30	
 311	 313	  20	   2	 723	   2	   1	  26	   7	  19	  20	  20	  50	 420	765853	766576	   0	  20	
 312	 314	  50	   2	 614	   3	   1	  26	   7	  20	  20	  20	  50	 320	768186	768800	   0	  10	
 313	 315	  20	   4	 326	   2	   2	  26	   8	  20	  20	  20	  50	 577	770666	770992	   0	  10	
 314	 316	  20	   4	 699	   1	   2	  27	   8	  20	  20	  20	  50	 337	772613	773312	   0	  10	
 315	 317	  20	   1	 526	   2	   1	  27	   9	  20	  20	  20	  50	 430	775026	775552	   0	  20	
 316	 318	  50	   2	 574	   3	   1	  27	   9	  21	  20	  20	  50	 677	777506	778080	   0	  10	
 317	 319	  20	   2	 598	   2	   1	  27	  10	  21	  20	  20	  50	 579	779946	780544	   0	   0	
 318	 320	  20	   3	 424	   1	   2	  28	  10	  21	  20	  20	  50	 616	782440	782864	   0	   0	
 319	 321	  50	   3	 467	   3	   2	  28	  10	  22	  20	  20	  50	 506	784653	785120	   0	   0	
 320	 322	  20	   4	 590	   1	   2	  29	  10	  22	  20	  20	  50	 373	786786	787376	   0	   0	
 321	 323	  50	   4	 432	   3	   2	  29	  10	  23	  20	  20	  50	 334	789040	789472	   0	   0	
 322	 324	  20	   2	 534	   1	   1	  30	  10	  23	  20	  20	  50	 467	791226	791760	   0	 -10	
 323	 325	  20	   2	 499	   2	   1	  30	  11	  23	  20	  20	  50	 645	793693	794192	   0	 -20	
 324	 326	  20	   2	 667	   1	   1	  31	  11	  23	  20	  20	  50	 580	796053	796720	   0	 -30	
 325	 327	  50	   3	 414	   3	   2	  31	  11	  24	  20	  20	  50	 545	798546	798960	   0	 -30	
 326	 328	  20	   4	 419	   2	   2	  31	  12	  24	  20	  20	  50	 559	800813	801232	   0	 -30	
 327	 329	  50	   1	 403	   3	   1	  31	  12	  25	  20	  20	  50	 538	803053	803456	   0	 -20	
 328	 330	  20	   2	 427	   2	   1	  31	  13	  25	  20	  20	  50	 597	805333	805760	   0	 -30	
 329	 331	  20	   4	 507	   1	   2	  32	  13	  25	  20	  20	  50	 441	807493	808000	   0	 -30	
 330	 332	  20	   2	 302	   2	   1	  32	  14	  25	  20	  20	  50	 697	809986	810288	   0	 -40	
 331	 333	  50	   4	 374	   3	   2	  32	  14	  26	  20	  20	  50	 696	812346	812720	   0	 -40	
 332	 334	  20	   3	 320	   1	   2	  33	  14	  26	  20	  20	  50	 468	814480	814800	   0	 -40	
 333	 335	  20	   4	 440	   2	   2	  33	  15	  26	  20	  20	  50	 348	816440	816880	   0	 -40	
 334	 336	  50	   3	  11	   3	   2	  33	  15	  27	  20	  20	  50	 372	818533	818544	   0	 -40	
 335	 337	  20	   4	 286	   1	   2	  34	  15	  27	  20	  20	  50	 571	820386	820672	   0	 -40	
 336	 338	  20	   4	1790	   2	   2	  34	  16	  27	  20	  20	  50	 587	822546	824336	   0	 -40	
 337	 339	  20	   4	 398	   1	   2	  35	  16	  27	  20	  20	  50	 601	826226	826624	   0	 -40	
 338	 340	  20	   2	 342	   2	   1	  35	  17	  27	  20	  20	  50	 523	828426	828768	   0	 -50	
 339	 341	  80	   1	 624	   1	   1	   1	  17	  27	  80	  20	  50	 638	830720	831344	   1	 -40	
 340	 342	  50	   1	 704	   3	   1	   1	  17	  28	  80	  20	  50	 577	833200	833904	   0	 -30	
 341	 343	  80	   1	 542	   1	   1	   2	  17	  28	  80	  20	  50	 384	835586	836128	   0	 -20	
 342	 344	  20	   3	 736	   2	   2	   2	  18	  28	  80	  20	  50	 347	837760	838496	   0	 -20	
 343	 345	  50	   2	 414	   3	   1	   2	  18	  29	  80	  20	  50	 525	840306	840720	   0	 -30	
 344	 346	  20	   3	 843	   2	   2	   2	  19	  29	  80	  20	  50	 367	842373	843216	   0	 -30	
 345	 347	  80	   3	 720	   1	   2	   3	  19	  29	  80	  20	  50	 301	844800	845520	   0	 -30	
 346	 348	  20	   4	 630	   2	   2	   3	  20	  29	  80	  20	  50	 414	847226	847856	   0	 -30	
 347	 349	  50	   2	 747	   3	   1	   3	  20	  30	  80	  20	  50	 357	849493	850240	   0	 -40	
 348	 350	  80	   1	 723	   1	   1	   4	  20	  30	  80	  20	  50	 486	852013	852736	   0	 -30	
 349	 351	  50	   4	 590	   3	   2	   4	  20	  31	  80	  20	  50	 368	854386	854976	   0	 -30	
 350	 352	  80	   2	 315	   1	   1	   5	  20	  31	  80	  20	  50	 428	856693	857008	   0	 -40	
 351	 353	  50	   2	 646	   3	   1	   5	  20	  32	  80	  20	  50	 342	858666	859312	   0	 -50	
 352	 354	  80	   3	 555	   1	   2	   6	  20	  32	  80	  20	  50	 344	860933	861488	   0	 -50	
 353	 355	  20	   3	 552	   2	   2	   6	  21	  32	  80	  20	  50	 550	863320	863872	   0	 -50	
 354	 356	  80	   3	 558	   1	   2	   7	  21	  32	  80	  20	  50	 593	865746	866304	   0	 -50	
 355	 357	  50	   3	 440	   3	   2	   7	  21	  33	  80	  20	  50	 698	868280	868720	   0	 -50	
 356	 358	  20	   4	 459	   2	   2	   7	  22	  33	  80	  20	  50	 611	870613	871072	   0	 -50	
 357	 359	  70	   1	 760	   3	   1	   7	  22	   1	  80	  20	  70	 529	872920	873680	   3	 -40	
 358	 360	  20	   4	 774	   2	   2	   7	  23	   1	  80	  20	  70	 663	875626	876400	   0	 -40	
 359	 361	  80	   1	1014	   1	   1	   8	  23	   1	  80	  20	  70	 421	878106	879120	   0	 -30	
 360	 362	  20	   4	 579	   2	   2	   8	  24	   1	  80	  20	  70	 642	881053	881632	   0	 -30	
 361	 363	  70	   2	 256	   3	   1	   8	  24	   2	  80	  20	  70	 648	883600	883856	   0	 -40	
 362	 364	  80	   4	 440	   1	   2	   9	  24	   2	  80	  20	  70	 661	885800	886240	   0	 -40	
 363	 365	  70	   4	 718	   3	   2	   9	  24	   3	  80	  20	  70	 624	888146	888864	   0	 -40	
 364	 366	  20	   2	 734	   2	   1	   9	  25	   3	  80	  20	  70	 484	890626	891360	   0	 -50	
 365	 367	  70	   1	 430	   3	   1	   9	  25	   4	  80	  20	  70	 613	893266	893696	   0	 -40	
 366	 368	  20	   4	 656	   2	   2	   9	  26	   4	  80	  20	  70	 465	895440	896096	   0	 -40	
 367	 369	  80	   1	 867	   1	   1	  10	  26	   4	  80	  20	  70	 387	897773	898640	   0	 -30	
 368	 370	  70	   1	 646	   3	   1	  10	  26	   5	  80	  20	  70	 664	900586	901232	   0	 -20	
 369	 371	  20	   3	 670	   2	   2	  10	  27	   5	  80	  20	  70	 511	903026	903696	   0	 -20	
 370	 372	  70	   1	 536	   3	   1	  10	  27	   6	  80	  20	  70	 333	905320	905856	   0	 -10	
 371	 373	  80	   1	 624	   1	   1	  11	  27	   6	  80	  20	  70	 408	907600	908224	   0	   0	
 372	 374	  70	   2	 566	   3	   1	  11	  27	   7	  80	  20	  70	 687	910186	910752	   0	 -10	
 373	 375	  80	   1	 806	   1	   1	  12	  27	   7	  80	  20	  70	 393	912426	913232	   0	   0	
 374	 376	  70	   3	 608	   3	   2	  12	  27	   8	  80	  20	  70	 450	914960	915568	   0	   0	
 375	 377	  20	   4	 608	   2	   2	  12	  28	   8	  80	  20	  70	 348	917200	917808	   0	   0	
 376	 378	  80	   1	 480	   1	   1	  13	  28	   8	  80	  20	  70	 350	919440	919920	   0	  10	
 377	 379	  70	   1	 408	   3	   1	  13	  28	   9	  80	  20	  70	 434	921640	922048	   0	  20	
 378	 380	  80	   1	 475	   1	   1	  14	  28	   9	  80	  20	  70	 492	923813	924288	   0	  30	
 379	 381	  70	   1	 523	   3	   1	  14	  28	  10	  80	  20	  70	 404	925973	926496	   0	  40	
 380	 382	  80	   1	 507	   1	   1	  15	  28	  10	  80	  20	  70	 675	928453	928960	   0	  50	
 381	 383	  20	   4	 582	   2	   2	  15	  29	  10	  80	  20	  70	 534	930826	931408	   0	  50	
 382	 384	  80	   1	 472	   1	   1	  16	  29	  10	  80	  20	  70	 391	933080	933552	   0	  60	
 383	 385	  70	   2	 438	   3	   1	  16	  29	  11	  80	  20	  70	 314	935146	935584	   0	  50	
 384	 386	  80	   1	 531	   1	   1	  17	  29	  11	  80	  20	  70	 595	937453	937984	   0	  60	
 385	 387	  20	   2	 544	   2	   1	  17	  30	  11	  80	  20	  70	 339	939600	940144	   0	  50	
 386	 388	  70	   1	 480	   3	   1	  17	  30	  12	  80	  20	  70	 416	941840	942320	   0	  60	
 387	 389	  20	   2	 454	   2	   1	  17	  31	  12	  80	  20	  70	 418	944026	944480	   0	  50	
 388	 390	  70	   1	 382	   3	   1	  17	  31	  13	  80	  20	  70	 537	946306	946688	   0	  60	
 389	 391	  80	   2	 656	   1	   1	  18	  31	  13	  80	  20	  70	 350	948320	948976	   0	  50	
 390	 392	  70	   2	 379	   3	   1	  18	  31	  14	  80	  20	  70	 429	950693	951072	   0	  40	
 391	 393	  20	   4	 675	   2	   2	  18	  32	  14	  80	  20	  70	 336	952733	953408	   0	  40	
 392	 394	  70	   1	 451	   3	   1	  18	  32	  15	  80	  20	  70	 521	955213	955664	   0	  50	
 393	 395	  20	   3	 395	   2	   2	  18	  33	  15	  80	  20	  70	 551	957493	957888	   0	  50	
 394	 396	  70	   1	 566	   3	   1	  18	  33	  16	  80	  20	  70	 621	959786	960352	   0	  60	
 395	 397	  80	   4	 502	   1	   2	  19	  33	  16	  80	  20	  70	 307	961946	962448	   0	  60	
 396	 398	  70	   2	 403	   3	   1	  19	  33	  17	  80	  20	  70	 439	964173	964576	   0	  50	
 397	 399	  20	   2	 590	   2	   1	  19	  34	  17	  80	  20	  70	 369	966226	966816	   0	  40	
 398	 400	  80	   1	 774	   1	   1	  20	  34	  17	  80	  20	  70	 479	968586	969360	   0	  50	
 399	 401	  20	   4	 659	   2	   2	  20	  35	  17	  80	  20	  70	 319	970973	971632	   0	  50	
 400	 402	  80	   2	 411	   1	   1	  21	  35	  17	  80	  20	  70	 423	973333	973744	   0	  40	
 401	 403	  80	   1	 659	   2	   1	  21	   1	  17	  80	  80	  70	 594	975693	976352	   2	  50	
 402	 404	  80	   1	 614	   1	   1	  22	   1	  17	  80	  80	  70	 466	978106	978720	   0	  60	
 403	 405	  80	   1	 600	   2	   1	  22	   2	  17	  80	  80	  70	 514	980520	981120	   0	  70	
 404	 406	  80	   3	 595	   1	   2	  23	   2	  17	  80	  80	  70	 642	983053	983648	   0	  70	
 405	 407	  80	   1	 459	   2	   1	  23	   3	  17	  80	  80	  70	 561	985493	985952	   0	  80	
 406	 408	  80	   1	 526	   1	   1	  24	   3	  17	  80	  80	  70	 514	987746	988272	   0	  90	
 407	 409	  80	   2	 654	   2	   1	  24	   4	  17	  80	  80	  70	 593	990146	990800	   0	  80	
 408	 410	  80	   1	 392	   1	   1	  25	   4	  17	  80	  80	  70	 669	992760	993152	   0	  90	
 409	 411	  80	   1	 483	   2	   1	  25	   5	  17	  80	  80	  70	 454	994893	995376	   0	 100	
 410	 412	  80	   1	 443	   1	   1	  26	   5	  17	  80	  80	  70	 513	997173	997616	   0	 110	
 411	 413	  80	   1	 448	   2	   1	  26	   6	  17	  80	  80	  70	 338	999280	999728	   0	 120	
 412	 414	  80	   2	 376	   1	   1	  27	   6	  17	  80	  80	  70	 472	1001480	1001856	   0	 110	
 413	 415	  80	   1	 400	   2	   1	  27	   7	  17	  80	  80	  70	 456	1003600	1004000	   0	 120	
 414	 416	  80	   1	 491	   1	   1	  28	   7	  17	  80	  80	  70	 530	1005813	1006304	   0	 130	
 415	 417	  70	   1	 547	   3	   1	  28	   7	  18	  80	  80	  70	 591	1008173	1008720	   0	 140	
 416	 418	  80	   1	 536	   2	   1	  28	   8	  18	  80	  80	  70	 595	1010600	1011136	   0	 150	
 417	 419	  80	   1	 435	   1	   1	  29	   8	  18	  80	  80	  70	 467	1012893	1013328	   0	 160	
 418	 420	  80	   2	 478	   2	   1	  29	   9	  18	  80	  80	  70	 420	1015026	1015504	   0	 150	
 419	 421	  70	   1	 400	   3	   1	  29	   9	  19	  80	  80	  70	 496	1017280	1017680	   0	 160	
 420	 422	  80	   1	 419	   2	   1	  29	  10	  19	  80	  80	  70	 400	1019373	1019792	   0	 170	
 421	 423	  80	   1	 475	   1	   1	  30	  10	  19	  80	  80	  70	 303	1021413	1021888	   0	 180	
 422	 424	  70	   1	 430	   3	   1	  30	  10	  20	  80	  80	  70	 495	1023666	1024096	   0	 190	
 423	 425	  80	   2	 392	   2	   1	  30	  11	  20	  80	  80	  70	 494	1025880	1026272	   0	 180	
 424	 426	  30	   2	 552	   1	   1	   1	  11	  20	  30	  80	  70	 444	1028040	1028592	   1	 170	
 425	 427	  70	   1	 560	   3	   1	   1	  11	  21	  30	  80	  70	 521	1030400	1030960	   0	 180	
 426	 428	  80	   1	 526	   2	   1	   1	  12	  21	  30	  80	  70	 620	1032866	1033392	   0	 190	
 427	 429	  30	   3	 574	   1	   2	   2	  12	  21	  30	  80	  70	 435	1035106	1035680	   0	 190	
 428	 430	  70	   2	 430	   3	   1	   2	  12	  22	  30	  80	  70	 537	1037506	1037936	   0	 180	
 429	 431	  80	   1	 531	   2	   1	   2	  13	  22	  30	  80	  70	 550	1039773	1040304	   0	 190	
 430	 432	  70	   2	 475	   3	   1	   2	  13	  23	  30	  80	  70	 316	1041893	1042368	   0	 180	
 431	 433	  80	   1	 427	   2	   1	   2	  14	  23	  30	  80	  70	 530	1044213	1044640	   0	 190	
 432	 434	  70	   3	 392	   3	   2	   2	  14	  24	  30	  80	  70	 432	1046360	1046752	   0	 190	
 433	 435	  80	   1	 326	   2	   1	   2	  15	  24	  30	  80	  70	 469	1048506	1048832	   0	 200	
 434	 436	  70	   3	 454	   3	   2	   2	  15	  25	  30	  80	  70	 388	1050506	1050960	   0	 200	
 435	 437	  30	   1	 592	   1	   1	   3	  15	  25	  30	  80	  70	 306	1052560	1053152	   0	 210	
 436	 438	  70	   1	 483	   3	   1	   3	  15	  26	  30	  80	  70	 533	1054973	1055456	   0	 220	
 437	 439	  30	   2	 398	   1	   1	   4	  15	  26	  30	  80	  70	 681	1057426	1057824	   0	 210	
 438	 440	  70	   3	 534	   3	   2	   4	  15	  27	  30	  80	  70	 685	1059786	1060320	   0	 210	
 439	 441	  80	   1	 438	   2	   1	   4	  16	  27	  30	  80	  70	 342	1061946	1062384	   0	 220	
 440	 442	  70	   2	 518	   3	   1	   4	  16	  28	  30	  80	  70	 448	1064106	1064624	   0	 210	
 441	 443	  30	   2	 475	   1	   1	   5	  16	  28	  30	  80	  70	 596	1066533	1067008	   0	 200	
 442	 444	  80	   1	 571	   2	   1	   5	  17	  28	  30	  80	  70	 641	1068933	1069504	   0	 210	
 443	 445	  30	   4	 440	   1	   2	   6	  17	  28	  30	  80	  70	 616	1071400	1071840	   0	 210	
 444	 446	  80	   2	 318	   2	   1	   6	  18	  28	  30	  80	  70	 535	1073666	1073984	   0	 200	
 445	 447	  30	   1	 510	   1	   1	   7	  18	  28	  30	  80	  70	 487	1075746	1076256	   0	 210	
 446	 448	  80	   1	 534	   2	   1	   7	  19	  28	  30	  80	  70	 407	1077946	1078480	   0	 220	
 447	 449	  30	   2	 424	   1	   1	   8	  19	  28	  30	  80	  70	 671	1080440	1080864	   0	 210	
 448	 450	  70	   1	 456	   3	   1	   8	  19	  29	  30	  80	  70	 374	1082520	1082976	   0	 220	
 449	 451	  30	   2	 440	   1	   1	   9	  19	  29	  30	  80	  70	 495	1084760	1085200	   0	 210	
 450	 452	  80	   1	 635	   2	   1	   9	  20	  29	  30	  80	  70	 370	1086853	1087488	   0	 220	
 451	 453	  70	   3	 280	   3	   2	   9	  20	  30	  30	  80	  70	 512	1089320	1089600	   0	 220	
 452	 454	  80	   1	 419	   2	   1	   9	  21	  30	  30	  80	  70	 565	1091453	1091872	   0	 230	
 453	 455	  30	   4	 422	   1	   2	  10	  21	  30	  30	  80	  70	 318	1093466	1093888	   0	 230	
 454	 456	  80	   1	 379	   2	   1	  10	  22	  30	  30	  80	  70	 320	1095493	1095872	   0	 240	
 455	 457	  70	   1	 358	   3	   1	  10	  22	  31	  30	  80	  70	 552	1097706	1098064	   0	 250	
 456	 458	  30	   1	 400	   1	   1	  11	  22	  31	  30	  80	  70	 418	1099760	1100160	   0	 260	
 457	 459	  70	   1	 342	   3	   1	  11	  22	  32	  30	  80	  70	 505	1101946	1102288	   0	 270	
 458	 460	  30	   2	 424	   1	   1	  12	  22	  32	  30	  80	  70	 547	1104120	1104544	   0	 260	
 459	 461	  80	   1	 523	   2	   1	  12	  23	  32	  30	  80	  70	 398	1106213	1106736	   0	 270	
 460	 462	  70	   1	 328	   3	   1	  12	  23	  33	  30	  80	  70	 662	1108680	1109008	   0	 280	
 461	 463	  30	   2	 406	   1	   1	  13	  23	  33	  30	  80	  70	 339	1110666	1111072	   0	 270	
 462	 464	  80	   1	 307	   2	   1	  13	  24	  33	  30	  80	  70	 463	1112813	1113120	   0	 280	
 463	 465	  30	   1	 400	   1	   1	  14	  24	  33	  30	  80	  70	 396	1114800	1115200	   0	 290	
 464	 466	  70	   2	 304	   3	   1	  14	  24	  34	  30	  80	  70	 552	1117040	1117344	   0	 280	
 465	 467	  80	   2	 326	   2	   1	  14	  25	  34	  30	  80	  70	 602	1119226	1119552	   0	 270	
 466	 468	  70	   1	 472	   3	   1	  14	  25	  35	  30	  80	  70	 650	1121480	1121952	   0	 280	
 467	 469	  30	   2	 355	   1	   1	  15	  25	  35	  30	  80	  70	 537	1123773	1124128	   0	 270	
 468	 470	  80	   1	 256	   2	   1	  15	  26	  35	  30	  80	  70	 677	1126080	1126336	   0	 280	
 469	 471	  30	   2	 384	   1	   1	  16	  26	  35	  30	  80	  70	 699	1128320	1128704	   0	 270	
 470	 472	  50	   2	 400	   3	   1	  16	  26	   1	  30	  80	  50	 448	1130480	1130880	   3	 260	
 471	 473	  30	   1	 656	   1	   1	  17	  26	   1	  30	  80	  50	 524	1132720	1133376	   0	 270	
 472	 474	  80	   1	 566	   2	   1	  17	  27	   1	  30	  80	  50	 490	1135146	1135712	   0	 280	
 473	 475	  30	   2	 590	   1	   1	  18	  27	   1	  30	  80	  50	 350	1137346	1137936	   0	 270	
 474	 476	  50	   1	 592	   3	   1	  18	  27	   2	  30	  80	  50	 303	1139520	1140112	   0	 280	
 475	 477	  80	   1	 608	   2	   1	  18	  28	   2	  30	  80	  50	 368	1141760	1142368	   0	 290	
 476	 478	  50	   2	 507	   3	   1	  18	  28	   3	  30	  80	  50	 327	1143973	1144480	   0	 280	
 477	 479	  80	   2	 387	   2	   1	  18	  29	   3	  30	  80	  50	 571	1146333	1146720	   0	 270	
 478	 480	  30	   2	 534	   1	   1	  19	  29	   3	  30	  80	  50	 495	1148506	1149040	   0	 260	
 479	 481	  50	   2	 451	   3	   1	  19	  29	   4	  30	  80	  50	 484	1150813	1151264	   0	 250	
 480	 482	  80	   3	 414	   2	   2	  19	  30	   4	  30	  80	  50	 326	1152866	1153280	   0	 250	
 481	 483	  50	   3	 435	   3	   2	  19	  30	   5	  30	  80	  50	 531	1155133	1155568	   0	 250	
 482	 484	  20	   3	 547	   2	   2	  19	   1	   5	  30	  20	  50	 635	1157533	1158080	   2	 250	
 483	 485	  30	   4	 398	   1	   2	  20	   1	   5	  30	  20	  50	 693	1160066	1160464	   0	 250	
 484	 486	  20	   4	 507	   2	   2	  20	   2	   5	  30	  20	  50	 389	1162133	1162640	   0	 250	
 485	 487	  50	   1	 416	   3	   1	  20	   2	   6	  30	  20	  50	 316	1164240	1164656	   0	 260	
 486	 488	  20	   2	 435	   2	   1	  20	   3	   6	  30	  20	  50	 389	1166333	1166768	   0	 250	
 487	 489	  30	   2	 363	   1	   1	  21	   3	   6	  30	  20	  50	 564	1168613	1168976	   0	 240	
 488	 490	  50	   3	 467	   3	   2	  21	   3	   7	  30	  20	  50	 392	1170653	1171120	   0	 240	
 489	 491	  30	   3	 403	   1	   2	  22	   3	   7	  30	  20	  50	 646	1173053	1173456	   0	 240	
 490	 492	  50	   3	 387	   3	   2	  22	   3	   8	  30	  20	  50	 558	1175293	1175680	   0	 240	
 491	 493	  20	   3	 408	   2	   2	  22	   4	   8	  30	  20	  50	 547	1177560	1177968	   0	 240	
 492	 494	  50	   4	 459	   3	   2	  22	   4	   9	  30	  20	  50	 562	1179813	1180272	   0	 240	
 493	 495	  30	   3	 520	   1	   2	  23	   4	   9	  30	  20	  50	 329	1181880	1182400	   0	 240	
 494	 496	  20	   4	 352	   2	   2	  23	   5	   9	  30	  20	  50	 636	1184320	1184672	   0	 240	
 495	 497	  50	   4	 406	   3	   2	  23	   5	  10	  30	  20	  50	 556	1186506	1186912	   0	 240	
 496	 498	  30	   2	 323	   1	   1	  24	   5	  10	  30	  20	  50	 304	1188493	1188816	   0	 230	
 497	 499	  50	   1	 336	   3	   1	  24	   5	  11	  30	  20	  50	 378	1190480	1190816	   0	 240	
 498	 500	  30	   2	 720	   1	   1	  25	   5	  11	  30	  20	  50	 460	1192560	1193280	   0	 230	
 499	 501	  50	   4	 400	   3	   2	  25	   5	  12	  30	  20	  50	 632	1195200	1195600	   0	 230	
 500	 502	  20	   4	 696	   2	   2	  25	   6	  12	  30	  20	  50	 348	1197240	1197936	   0	 230	
 501	 503	  30	   2	 307	   1	   1	  26	   6	  12	  30	  20	  50	 598	1199853	1200160	   0	 220	
 502	 504	  50	   1	 523	   3	   1	  26	   6	  13	  30	  20	  50	 530	1201973	1202496	   0	 230	
 503	 505	  30	   2	 563	   1	   1	  27	   6	  13	  30	  20	  50	 632	1204413	1204976	   0	 220	
 504	 506	  20	   2	 555	   2	   1	  27	   7	  13	  30	  20	  50	 592	1206853	1207408	   0	 210	
 505	 507	  50	   3	 987	   3	   2	  27	   7	  14	  30	  20	  50	 409	1209093	1210080	   0	 210	
 506	 508	  20	   4	 422	   2	   2	  27	   8	  14	  30	  20	  50	 653	1212026	1212448	   0	 210	
 507	 509	  50	   4	 342	   3	   2	  27	   8	  15	  30	  20	  50	 621	1214346	1214688	   0	 210	
 508	 510	  30	   3	 414	   1	   2	  28	   8	  15	  30	  20	  50	 414	1216386	1216800	   0	 210	
 509	 511	  50	   4	 328	   3	   2	  28	   8	  16	  30	  20	  50	 677	1218760	1219088	   0	 210	
 510	 512	  30	   2	 374	   1	   1	  29	   8	  16	  30	  20	  50	 694	1221066	1221440	   0	 200	
 511	 513	  20	   2	 358	   2	   1	  29	   9	  16	  30	  20	  50	 621	1223386	1223744	   0	 190	
 512	 514	  30	   4	 427	   1	   2	  30	   9	  16	  30	  20	  50	 548	1225573	1226000	   0	 190	
 513	 515	  50	   3	 680	   3	   2	  30	   9	  17	  30	  20	  50	 430	1227720	1228400	   0	 190	
 514	 516	  30	   4	 726	   1	   2	  31	   9	  17	  30	  20	  50	 342	1230026	1230752	   0	 190	
 515	 517	  20	   4	 643	   2	   2	  31	  10	  17	  30	  20	  50	 613	1232653	1233296	   0	 190	
 516	 518	  50	   2	 491	   3	   1	  31	  10	  18	  30	  20	  50	 673	1235253	1235744	   0	 180	
 517	 519	  20	   4	 630	   2	   2	  31	  11	  18	  30	  20	  50	 683	1237706	1238336	   0	 180	
 518	 520	  30	   2	 600	   1	   1	  32	  11	  18	  30	  20	  50	 419	1240040	1240640	   0	 170	
 519	 521	  20	   4	 691	   2	   2	  32	  12	  18	  30	  20	  50	 647	1242573	1243264	   0	 170	
 520	 522	  50	   1	 478	   3	   1	  32	  12	  19	  30	  20	  50	 562	1245106	1245584	   0	 180	
 521	 523	  30	   2	 750	   1	   1	  33	  12	  19	  30	  20	  50	 521	1247426	1248176	   0	 170	
 522	 524	  50	   2	 451	   3	   1	  33	  12	  20	  30	  20	  50	 638	1250093	1250544	   0	 160	
 523	 525	  80	   2	 587	   1	   1	   1	  12	  20	  80	  20	  50	 497	1252373	1252960	   1	 150	
 524	 526	  50	   2	 656	   3	   1	   1	  12	  21	  80	  20	  50	 626	1254880	1255536	   0	 140	
 525	 527	  80	   3	 846	   1	   2	   2	  12	  21	  80	  20	  50	 531	1257346	1258192	   0	 140	
 526	 528	  50	   4	 747	   3	   2	   2	  12	  22	  80	  20	  50	 415	1259893	1260640	   0	 140	
 527	 529	  80	   3	 691	   1	   2	   3	  12	  22	  80	  20	  50	 321	1262253	1262944	   0	 140	
 528	 530	  50	   1	 318	   3	   1	   3	  12	  23	  80	  20	  50	 559	1264786	1265104	   0	 150	
 529	 531	  80	   2	 470	   1	   1	   4	  12	  23	  80	  20	  50	 688	1267066	1267536	   0	 140	
 530	 532	  50	   1	 547	   3	   1	   4	  12	  24	  80	  20	  50	 393	1269213	1269760	   0	 150	
 531	 533	  80	   1	 627	   1	   1	   5	  12	  24	  80	  20	  50	 361	1271453	1272080	   0	 160	
 532	 534	  20	   2	 568	   2	   1	   5	  13	  24	  80	  20	  50	 596	1273960	1274528	   0	 150	
 533	 535	  50	   1	 536	   3	   1	   5	  13	  25	  80	  20	  50	 478	1276280	1276816	   0	 160	
 534	 536	  20	   1	 371	   2	   1	   5	  14	  25	  80	  20	  50	 397	1278493	1278864	   0	 170	
 535	 537	  80	   1	 571	   1	   1	   6	  14	  25	  80	  20	  50	 389	1280533	1281104	   0	 180	
 536	 538	  50	   1	 496	   3	   1	   6	  14	  26	  80	  20	  50	 421	1282800	1283296	   0	 190	
 537	 539	  20	   2	1168	   2	   1	   6	  15	  26	  80	  20	  50	 622	1285200	1286368	   0	 180	
 538	 540	  50	   4	 582	   3	   2	   6	  15	  27	  80	  20	  50	 618	1288266	1288848	   0	 180	
 539	 541	  20	   1	 846	   2	   1	   6	  16	  27	  80	  20	  50	 574	1290706	1291552	   0	 190	
 540	 542	  50	   2	 432	   3	   1	   6	  16	  28	  80	  20	  50	 690	1293520	1293952	   0	 180	
 541	 543	  20	   2	 574	   2	   1	   6	  17	  28	  80	  20	  50	 549	1295826	1296400	   0	 170	
 542	 544	  80	   3	 558	   1	   2	   7	  17	  28	  80	  20	  50	 383	1298066	1298624	   0	 170	
 543	 545	  20	   4	 424	   2	   2	   7	  18	  28	  80	  20	  50	 382	1300280	1300704	   0	 170	
 544	 546	  50	   1	 384	   3	   1	   7	  18	  29	  80	  20	  50	 583	1302560	1302944	   0	 180	
 545	 547	  20	   2	 403	   2	   1	   7	  19	  29	  80	  20	  50	 670	1304893	1305296	   0	 170	
 546	 548	  80	   3	 510	   1	   2	   8	  19	  29	  80	  20	  50	 364	1306946	1307456	   0	 170	
 547	 549	  50	   4	 448	   3	   2	   8	  19	  30	  80	  20	  50	 378	1309120	1309568	   0	 170	
 548	 550	  20	   2	 630	   2	   1	   8	  20	  30	  80	  20	  50	 700	1311546	1312176	   0	 160	
 549	 551	  80	   1	 542	   1	   1	   9	  20	  30	  80	  20	  50	 443	1313906	1314448	   0	 170	
 550	 552	  20	   2	 440	   2	   1	   9	  21	  30	  80	  20	  50	 633	1316360	1316800	   0	 160	
 551	 553	  80	   1	  43	   1	   1	  10	  21	  30	  80	  20	  50	 483	1318613	1318656	   0	 170	
 552	 554	  50	   1	 606	   3	   1	  10	  21	  31	  80	  20	  50	 691	1320626	1321232	   0	 180	
 553	 555	  20	   1	 616	   2	   1	  10	  22	  31	  80	  20	  50	 490	1323000	1323616	   0	 190	
 554	 556	  50	   2	 480	   3	   1	  10	  22	  32	  80	  20	  50	 459	1325360	1325840	   0	 180	
 555	 557	  80	   1	 584	   1	   1	  11	  22	  32	  80	  20	  50	 669	1327800	1328384	   0	 190	
 556	 558	  50	   2	1064	   3	   1	  11	  22	  33	  80	  20	  50	 381	1330040	1331104	   0	 180	
 557	 559	  80	   1	  46	   1	   1	  12	  22	  33	  80	  20	  50	 332	1332706	1332752	   0	 190	
 558	 560	  30	   2	1558	   3	   1	  12	  22	   1	  80	  20	  30	 433	1334506	1336064	   3	 180	
 559	 561	  80	   1	 544	   1	   1	  13	  22	   1	  80	  20	  30	 664	1338000	1338544	   0	 190	
 560	 562	  20	   2	 446	   2	   1	  13	  23	   1	  80	  20	  30	 640	1340466	1340912	   0	 180	
 561	 563	  30	   2	1352	   3	   1	  13	  23	   2	  80	  20	  30	 609	1342840	1344192	   0	 170	
 562	 564	  20	   2	 483	   2	   1	  13	  24	   2	  80	  20	  30	 699	1346173	1346656	   0	 160	
 563	 565	  80	   4	 414	   1	   2	  14	  24	   2	  80	  20	  30	 691	1348626	1349040	   0	 160	
 564	 566	  20	   4	 390	   2	   2	  14	  25	   2	  80	  20	  30	 661	1350986	1351376	   0	 160	
 565	 567	  80	   1	 595	   1	   1	  15	  25	   2	  80	  20	  30	 554	1353213	1353808	   0	 170	
 566	 568	  30	   2	 579	   3	   1	  15	  25	   3	  80	  20	  30	 601	1355693	1356272	   0	 160	
 567	 569	  20	   2	 555	   2	   1	  15	  26	   3	  80	  20	  30	 659	1358213	1358768	   0	 150	
 568	 570	  80	   4	 355	   1	   2	  16	  26	   3	  80	  20	  30	 600	1360653	1361008	   0	 150	
 569	 571	  20	   4	 806	   2	   2	  16	  27	   3	  80	  20	  30	 698	1362986	1363792	   0	 150	
 570	 572	  80	   3	1526	   1	   2	  17	  27	   3	  80	  20	  30	 553	1365626	1367152	   0	 150	
 571	 573	  30	   4	 795	   3	   2	  17	  27	   4	  80	  20	  30	 616	1369093	1369888	   0	 150	
 572	 574	  20	   3	 584	   2	   2	  17	  28	   4	  80	  20	  30	 315	1371480	1372064	   0	 150	
 573	 575	  30	   3	 382	   3	   2	  17	  28	   5	  80	  20	  30	 409	1373746	1374128	   0	 150	
 574	 576	  20	   4	 376	   2	   2	  17	  29	   5	  80	  20	  30	 627	1376040	1376416	   0	 150	
 575	 577	  80	   3	 587	   1	   2	  18	  29	   5	  80	  20	  30	 512	1378213	1378800	   0	 150	
 576	 578	  20	   4	 544	   2	   2	  18	  30	   5	  80	  20	  30	 470	1380560	1381104	   0	 150	
 577	 579	  30	   2	 611	   3	   1	  18	  30	   6	  80	  20	  30	 514	1382893	1383504	   0	 140	
 578	 580	  20	   4	 422	   2	   2	  18	  31	   6	  80	  20	  30	 684	1385466	1385888	   0	 140	
 579	 581	  80	   3	1203	   1	   2	  19	  31	   6	  80	  20	  30	 692	1387853	1389056	   0	 140	
 580	 582	  20	   4	 536	   2	   2	  19	  32	   6	  80	  20	  30	 343	1390680	1391216	   0	 140	
 581	 583	  30	   3	 536	   3	   2	  19	  32	   7	  80	  20	  30	 699	1393240	1393776	   0	 140	
 582	 584	  20	   2	 702	   2	   1	  19	  33	   7	  80	  20	  30	 524	1395586	1396288	   0	 130	
 583	 585	  30	   4	 326	   3	   2	  19	  33	   8	  80	  20	  30	 305	1397866	1398192	   0	 130	
 584	 586	  80	   3	 448	   1	   2	  20	  33	   8	  80	  20	  30	 526	1400000	1400448	   0	 130	
 585	 587	  30	   2	 478	   3	   1	  20	  33	   9	  80	  20	  30	 662	1402386	1402864	   0	 120	
 586	 588	  80	   1	 462	   1	   1	  21	  33	   9	  80	  20	  30	 567	1404706	1405168	   0	 130	
 587	 589	  20	   2	 643	   2	   1	  21	  34	   9	  80	  20	  30	 612	1407053	1407696	   0	 120	
 588	 590	  30	   1	 672	   3	   1	  21	  34	  10	  80	  20	  30	 618	1409600	1410272	   0	 130	
 589	 591	  80	   4	 328	   1	   2	  22	  34	  10	  80	  20	  30	 490	1412040	1412368	   0	 130	
 590	 592	  20	   2	 662	   2	   1	  22	  35	  10	  80	  20	  30	 305	1413946	1414608	   0	 120	
 591	 593	  80	   1	 587	   1	   1	  23	  35	  10	  80	  20	  30	 365	1416293	1416880	   0	 130	
 592	 594	  70	   1	 678	   2	   1	  23	   1	  10	  80	  70	  30	 622	1418826	1419504	   2	 140	
 593	 595	  80	   1	 470	   1	   1	  24	   1	  10	  80	  70	  30	 690	1421466	1421936	   0	 150	
 594	 596	  30	   2	 635	   3	   1	  24	   1	  11	  80	  70	  30	 506	1423733	1424368	   0	 140	
 595	 597	  80	   1	 483	   1	   1	  25	   1	  11	  80	  70	  30	 441	1426093	1426576	   0	 150	
 596	 598	  70	   1	1184	   2	   1	  25	   2	  11	  80	  70	  30	 464	1428320	1429504	   0	 160	
 597	 599	  80	   1	 907	   1	   1	  26	   2	  11	  80	  70	  30	 635	1431413	1432320	   0	 170	
 598	 600	  30	   2	 550	   3	   1	  26	   2	  12	  80	  70	  30	 657	1434266	1434816	   0	 160	
 599	 601	  80	   1	 128	   1	   1	  27	   2	  12	  80	  70	  30	 385	1436480	1436608	   0	 170	
 600	 602	  70	   1	 670	   2	   1	  27	   3	  12	  80	  70	  30	 417	1438306	1438976	   0	 180	
 601	 603	  30	   2	 422	   3	   1	  27	   3	  13	  80	  70	  30	 361	1440666	1441088	   0	 170	
 602	 604	  70	   1	 422	   2	   1	  27	   4	  13	  80	  70	  30	 458	1442826	1443248	   0	 180	
 603	 605	  30	   4	 595	   3	   2	  27	   4	  14	  80	  70	  30	 600	1445133	1445728	   0	 180	
 604	 606	  70	   2	 432	   2	   1	  27	   5	  14	  80	  70	  30	 346	1447360	1447792	   0	 170	
 605	 607	  30	   1	 736	   3	   1	  27	   5	  15	  80	  70	  30	 525	1449600	1450336	   0	 180	
 606	 608	  70	   1	 606	   2	   1	  27	   6	  15	  80	  70	  30	 530	1452146	1452752	   0	 190	
 607	 609	  30	   2	 408	   3	   1	  27	   6	  16	  80	  70	  30	 641	1454680	1455088	   0	 180	
 608	 610	  80	   2	 712	   1	   1	  28	   6	  16	  80	  70	  30	 555	1456920	1457632	   0	 170	
 609	 611	  70	   2	 664	   2	   1	  28	   7	  16	  80	  70	  30	 325	1459240	1459904	   0	 160	
 610	 612	  30	   4	 568	   3	   2	  28	   7	  17	  80	  70	  30	 381	1461560	1462128	   0	 160	
 611	 613	  70	   1	 518	   2	   1	  28	   8	  17	  80	  70	  30	 502	1463946	1464464	   0	 170	
 612	 614	  80	   1	 822	   1	   1	  29	   8	  17	  80	  70	  30	 525	1466266	1467088	   0	 180	
 613	 615	  70	   1	 558	   2	   1	  29	   9	  17	  80	  70	  30	 581	1468946	1469504	   0	 190	
 614	 616	  30	   2	 464	   3	   1	  29	   9	  18	  80	  70	  30	 345	1471120	1471584	   0	 180	
 615	 617	  80	   1	 374	   1	   1	  30	   9	  18	  80	  70	  30	 603	1473466	1473840	   0	 190	
 616	 618	  30	   3	 792	   3	   2	  30	   9	  19	  80	  70	  30	 597	1475720	1476512	   0	 190	
 617	 619	  70	   2	 467	   2	   1	  30	  10	  19	  80	  70	  30	 300	1478093	1478560	   0	 180	
 618	 620	  30	   3	 702	   3	   2	  30	  10	  20	  80	  70	  30	 537	1480386	1481088	   0	 180	
 619	 621	  70	   3	 675	   2	   2	  30	  11	  20	  80	  70	  30	 528	1482893	1483568	   0	 180	
 620	 622	  50	   2	 808	   1	   1	   1	  11	  20	  50	  70	  30	 598	1485480	1486288	   1	 170	
 621	 623	  70	   3	1147	   2	   2	   1	  12	  20	  50	  70	  30	 363	1487973	1489120	   0	 170	
 622	 624	  50	   2	 782	   1	   1	   2	  12	  20	  50	  70	  30	 458	1490866	1491648	   0	 160	
 623	 625	  30	   3	 688	   3	   2	   2	  12	  21	  50	  70	  30	 590	1493520	1494208	   0	 160	
 624	 626	  70	   3	 800	   2	   2	   2	  13	  21	  50	  70	  30	 358	1495840	1496640	   0	 160	
 625	 627	  50	   4	 662	   1	   2	   3	  13	  21	  50	  70	  30	 653	1498586	1499248	   0	 160	
 626	 628	  30	   4	 534	   3	   2	   3	  13	  22	  50	  70	  30	 693	1501226	1501760	   0	 160	
 627	 629	  50	   1	 766	   1	   1	   4	  13	  22	  50	  70	  30	 695	1503746	1504512	   0	 170	
 628	 630	  70	   1	 872	   2	   1	   4	  14	  22	  50	  70	  30	 331	1506120	1506992	   0	 180	
 629	 631	  30	   4	 968	   3	   2	   4	  14	  23	  50	  70	  30	 569	1508840	1509808	   0	 180	
 630	 632	  50	   1	 792	   1	   1	   5	  14	  23	  50	  70	  30	 550	1511640	1512432	   0	 190	
 631	 633	  70	   4	1131	   2	   2	   5	  15	  23	  50	  70	  30	 384	1514133	1515264	   0	 190	
 632	 634	  30	   4	 798	   3	   2	   5	  15	  24	  50	  70	  30	 327	1516866	1517664	   0	 190	
 633	 635	  50	   2	 624	   1	   1	   6	  15	  24	  50	  70	  30	 416	1519360	1519984	   0	 180	
 634	 636	  30	   2	 483	   3	   1	   6	  15	  25	  50	  70	  30	 593	1521853	1522336	   0	 170	
 635	 637	  50	   1	 795	   1	   1	   7	  15	  25	  50	  70	  30	 667	1524293	1525088	   0	 180	
 636	 638	  30	   2	 608	   3	   1	   7	  15	  26	  50	  70	  30	 517	1526880	1527488	   0	 170	
 637	 639	  70	   1	 675	   2	   1	   7	  16	  26	  50	  70	  30	 442	1529213	1529888	   0	 180	
 638	 640	  50	   1	 499	   1	   1	   8	  16	  26	  50	  70	  30	 444	1531613	1532112	   0	 190	
 639	 641	  70	   1	 424	   2	   1	   8	  17	  26	  50	  70	  30	 641	1534040	1534464	   0	 200	
 640	 642	  30	   1	 494	   3	   1	   8	  17	  27	  50	  70	  30	 404	1536146	1536640	   0	 210	
 641	 643	  50	   1	 462	   1	   1	   9	  17	  27	  50	  70	  30	 659	1538626	1539088	   0	 220	
 642	 644	  70	   1	 462	   2	   1	   9	  18	  27	  50	  70	  30	 339	1540706	1541168	   0	 230	
 643	 645	  30	   2	 462	   3	   1	   9	  18	  28	  50	  70	  30	 418	1542866	1543328	   0	 220	
 644	 646	  70	   2	 438	   2	   1	   9	  19	  28	  50	  70	  30	 465	1545066	1545504	   0	 210	
 645	 647	  50	   2	 352	   1	   1	  10	  19	  28	  50	  70	  30	 584	1547360	1547712	   0	 200	
 646	 648	  30	   2	 384	   3	   1	  10	  19	  29	  50	  70	  30	 449	1549440	1549824	   0	 190	
NaN	 649	  50	NaN	NaN	   1	   3	  10	  19	  29	  50	  70	  30	 463	1549440	NaN	   0	 190	
 647	 650	  30	   3	 395	   3	   2	  10	  19	  30	  50	  70	  30	 447	1555253	1555648	   0	 190	
 648	 651	  70	   4	 571	   2	   2	  10	  20	  30	  50	  70	  30	 320	1557253	1557824	   0	 190	
 649	 652	  30	   4	 531	   3	   2	  10	  20	   1	  50	  70	  30	 586	1559693	1560224	   0	 190	
 650	 653	  50	   3	 672	   1	   2	  11	  20	   1	  50	  70	  30	 660	1562160	1562832	   0	 190	
 651	 654	  70	   4	 592	   2	   2	  11	  21	   1	  50	  70	  30	 484	1564640	1565232	   0	 190	
 652	 655	  50	   2	 358	   1	   1	  12	  21	   1	  50	  70	  30	 552	1567066	1567424	   0	 180	
 653	 656	  70	   1	 475	   2	   1	  12	  22	   1	  50	  70	  30	 395	1569093	1569568	   0	 190	
 654	 657	  30	   2	 520	   3	   1	  12	  22	   2	  50	  70	  30	 556	1571400	1571920	   0	 180	
 655	 658	  50	   2	 542	   1	   1	  13	  22	   2	  50	  70	  30	 618	1573826	1574368	   0	 170	
 656	 659	  30	   4	 448	   3	   2	  13	  22	   3	  50	  70	  30	 356	1576000	1576448	   0	 170	
 657	 660	  70	   3	 648	   2	   2	  13	  23	   3	  50	  70	  30	 312	1578040	1578688	   0	 170	
 658	 661	  30	   4	 491	   3	   2	  13	  23	   4	  50	  70	  30	 411	1580373	1580864	   0	 170	
 659	 662	  70	   1	 915	   2	   1	  13	  24	   4	  50	  70	  30	 588	1582733	1583648	   0	 180	
 660	 663	  30	   1	 403	   3	   1	  13	  24	   5	  50	  70	  30	 599	1585533	1585936	   0	 190	
 661	 664	  70	   1	 398	   2	   1	  13	  25	   5	  50	  70	  30	 643	1587906	1588304	   0	 200	
 662	 665	  50	   1	1240	   1	   1	  14	  25	   5	  50	  70	  30	 543	1590120	1591360	   0	 210	
 663	 666	  30	   2	 539	   3	   1	  14	  25	   6	  50	  70	  30	 601	1593253	1593792	   0	 200	
 664	 667	  70	   1	 510	   2	   1	  14	  26	   6	  50	  70	  30	 513	1595586	1596096	   0	 210	
 665	 668	  30	   3	 435	   3	   2	  14	  26	   7	  50	  70	  30	 471	1597853	1598288	   0	 210	
 666	 669	  50	   1	 419	   1	   1	  15	  26	   7	  50	  70	  30	 531	1600093	1600512	   0	 220	
 667	 670	  70	   2	 379	   2	   1	  15	  27	   7	  50	  70	  30	 338	1602133	1602512	   0	 210	
 668	 671	  50	   2	 696	   1	   1	  16	  27	   7	  50	  70	  30	 481	1604280	1604976	   0	 200	
 669	 672	  30	   4	 691	   3	   2	  16	  27	   8	  50	  70	  30	 558	1606813	1607504	   0	 200	
 670	 673	  70	   3	 483	   2	   2	  16	  28	   8	  50	  70	  30	 435	1609213	1609696	   0	 200	
 671	 674	  30	   4	 547	   3	   2	  16	  28	   9	  50	  70	  30	 592	1611613	1612160	   0	 200	
NaN	 675	  50	NaN	NaN	   1	   3	  16	  28	   9	  50	  70	  30	 333	1611613	NaN	   0	 200	
 672	 676	  70	   3	 592	   2	   2	  16	  29	   9	  50	  70	  30	 326	1617360	1617952	   0	 200	
 673	 677	  30	   1	 563	   3	   1	  16	  29	  10	  50	  70	  30	 383	1619613	1620176	   0	 210	
 674	 678	  50	   1	 734	   1	   1	  17	  29	  10	  50	  70	  30	 448	1621906	1622640	   0	 220	
 675	 679	  70	   2	 440	   2	   1	  17	  30	  10	  50	  70	  30	 427	1624360	1624800	   0	 210	
 676	 680	  50	   2	 507	   1	   1	  18	  30	  10	  50	  70	  30	 687	1626773	1627280	   0	 200	
 677	 681	  30	   2	 600	   3	   1	  18	  30	  11	  50	  70	  30	 433	1629000	1629600	   0	 190	
 678	 682	  50	   1	 616	   1	   1	  19	  30	  11	  50	  70	  30	 593	1631480	1632096	   0	 200	
 679	 683	  30	   2	 467	   3	   1	  19	  30	  12	  50	  70	  30	 627	1634013	1634480	   0	 190	
 680	 684	  50	   2	 678	   1	   1	  20	  30	  12	  50	  70	  30	 574	1636346	1637024	   0	 180	
 681	 685	  70	   1	 331	   2	   1	  20	  31	  12	  50	  70	  30	 354	1638693	1639024	   0	 190	
 682	 686	  50	   1	 560	   1	   1	  21	  31	  12	  50	  70	  30	 344	1640640	1641200	   0	 200	
 683	 687	  70	   1	 406	   2	   1	  21	  32	  12	  50	  70	  30	 343	1642826	1643232	   0	 210	
 684	 688	  50	   1	 563	   1	   1	  22	  32	  12	  50	  70	  30	 613	1645133	1645696	   0	 220	
 685	 689	  30	   2	 416	   3	   1	  22	  32	  13	  50	  70	  30	 382	1647360	1647776	   0	 210	
 686	 690	  50	   1	 400	   1	   1	  23	  32	  13	  50	  70	  30	 458	1649520	1649920	   0	 220	
 687	 691	  30	   2	 571	   3	   1	  23	  32	  14	  50	  70	  30	 524	1651733	1652304	   0	 210	
 688	 692	  70	   1	 310	   2	   1	  23	  33	  14	  50	  70	  30	 686	1654266	1654576	   0	 220	
 689	 693	  30	   1	 355	   3	   1	  23	  33	  15	  50	  70	  30	 469	1656333	1656688	   0	 230	
 690	 694	  50	   2	 267	   1	   1	  24	  33	  15	  50	  70	  30	 405	1658373	1658640	   0	 220	
 691	 695	  70	   2	 288	   2	   1	  24	  34	  15	  50	  70	  30	 346	1660320	1660608	   0	 210	
 692	 696	  30	   2	 416	   3	   1	  24	  34	  16	  50	  70	  30	 597	1662480	1662896	   0	 200	
 693	 697	  50	   2	 358	   1	   1	  25	  34	  16	  50	  70	  30	 402	1664586	1664944	   0	 190	
 694	 698	  30	   4	 707	   3	   2	  25	  34	  17	  50	  70	  30	 678	1666893	1667600	   0	 190	
 695	 699	  50	   4	 360	   1	   2	  26	  34	  17	  50	  70	  30	 346	1669240	1669600	   0	 190	
 696	 700	  30	   4	 552	   3	   2	  26	  34	  18	  50	  70	  30	 428	1671320	1671872	   0	 190	
 697	 701	  70	   1	 320	   2	   1	  26	  35	  18	  50	  70	  30	 607	1673760	1674080	   0	 200	
 698	 702	  30	   1	 459	   3	   1	  26	  35	  19	  50	  70	  30	 367	1675733	1676192	   0	 210	
 699	 703	  50	   2	 310	   1	   1	  27	  35	  19	  50	  70	  30	 390	1677866	1678176	   0	 200	
 700	 704	  30	   1	 384	   3	   1	  27	  35	  20	  50	  70	  30	 621	1680080	1680464	   0	 210	
 701	 705	  50	   1	 536	   1	   1	  28	  35	  20	  50	  70	  30	 655	1682440	1682976	   0	 220	
 702	 706	  70	   1	 694	   2	   1	  28	   1	  20	  50	  70	  30	 328	1684586	1685280	   0	 230	
 703	 707	  50	   4	 467	   1	   2	  29	   1	  20	  50	  70	  30	 483	1687053	1687520	   0	 230	
 704	 708	  30	   1	 464	   3	   1	  29	   1	  21	  50	  70	  30	 476	1689280	1689744	   0	 240	
 705	 709	  50	   1	 587	   1	   1	  30	   1	  21	  50	  70	  30	 388	1691413	1692000	   0	 250	
 706	 710	  30	   2	 747	   3	   1	  30	   1	  22	  50	  70	  30	 527	1693813	1694560	   0	 240	
 707	 711	  70	   1	 704	   2	   1	  30	   2	  22	  50	  70	  30	 395	1696240	1696944	   0	 250	
 708	 712	  50	   2	 507	   1	   1	  31	   2	  22	  50	  70	  30	 317	1698533	1699040	   0	 240	
 709	 713	  70	   1	 451	   2	   1	  31	   3	  22	  50	  70	  30	 410	1700733	1701184	   0	 250	
 710	 714	  50	   4	 723	   1	   2	  32	   3	  22	  50	  70	  30	 598	1703053	1703776	   0	 250	
 711	 715	  30	   2	 438	   3	   1	  32	   3	  23	  50	  70	  30	 693	1705866	1706304	   0	 240	
 712	 716	  50	   1	1363	   1	   1	  33	   3	  23	  50	  70	  30	 512	1708093	1709456	   0	 250	
 713	 717	  30	   2	 179	   3	   1	  33	   3	  24	  50	  70	  30	 632	1711373	1711552	   0	 240	
 714	 718	  50	   2	 392	   1	   1	   1	   3	  24	  50	  70	  30	 559	1713400	1713792	   0	 230	
