Version: 1	Number of symbols: 3	Pictures exchange: true	Response Deadline: 2000
Trial_No	Virt_Trial_No	Prob_Shown	Feedback	RT	Stimulus_No	Resp	SymbolA_Stage	SymbolB_Stage	SymbolC_Stage	Prob_A	Prob_B	Prob_C	Jitter	StimOnset	RespOnset	Symbol_Changes	Bonus_sum
NaN	   1	  30	NaN	NaN	   1	   3	   0	   0	   0	  30	  70	  50	 695	   0	NaN	   0	   0	
   1	   2	  50	   4	1447	   3	   2	   0	   0	   1	  30	  70	  50	 585	5759	7206	   0	   0	
   2	   3	  30	   4	 860	   1	   2	   1	   0	   1	  30	  70	  50	 653	9146	10006	   0	   0	
   3	   4	  50	   3	 753	   3	   2	   1	   0	   2	  30	  70	  50	 439	11733	12486	   0	   0	
   4	   5	  70	   3	 759	   2	   2	   1	   1	   2	  30	  70	  50	 468	14239	14998	   0	   0	
   5	   6	  30	   4	 607	   1	   2	   2	   1	   2	  30	  70	  50	 474	16759	17366	   0	   0	
   6	   7	  50	   4	 687	   3	   2	   2	   1	   3	  30	  70	  50	 352	18999	19686	   0	   0	
   7	   8	  70	   3	 444	   2	   2	   2	   2	   3	  30	  70	  50	 496	21466	21910	   0	   0	
   8	   9	  50	   2	1199	   3	   1	   2	   2	   4	  30	  70	  50	 690	23879	25078	   0	 -10	
   9	  10	  30	   4	 794	   1	   2	   3	   2	   4	  30	  70	  50	 452	26812	27606	   0	 -10	
  10	  11	  50	   3	1044	   3	   2	   3	   2	   5	  30	  70	  50	 378	29266	30310	   0	 -10	
  11	  12	  70	   1	 794	   2	   1	   3	   3	   5	  30	  70	  50	 328	31932	32726	   0	   0	
  12	  13	  50	   2	 893	   3	   1	   3	   3	   6	  30	  70	  50	 659	34665	35558	   0	 -10	
  13	  14	  70	   2	 682	   2	   1	   3	   4	   6	  30	  70	  50	 691	37532	38214	   0	 -20	
  14	  15	  50	   1	 786	   3	   1	   3	   4	   7	  30	  70	  50	 627	40132	40918	   0	 -10	
  15	  16	  30	   3	 882	   1	   2	   4	   4	   7	  30	  70	  50	 406	42612	43494	   0	 -10	
  16	  17	  70	   2	 734	   2	   1	   4	   5	   7	  30	  70	  50	 618	45399	46133	   0	 -20	
  17	  18	  50	   1	 729	   3	   1	   4	   5	   8	  30	  70	  50	 429	47852	48581	   0	 -10	
  18	  19	  70	   1	 713	   2	   1	   4	   6	   8	  30	  70	  50	 549	50412	51125	   0	   0	
  19	  20	  30	   3	 511	   1	   2	   5	   6	   8	  30	  70	  50	 668	53078	53589	   0	   0	
  20	  21	  50	   4	 641	   3	   2	   5	   6	   9	  30	  70	  50	 455	55332	55973	   0	   0	
  21	  22	  30	   4	 641	   1	   2	   6	   6	   9	  30	  70	  50	 455	57732	58373	   0	   0	
  22	  23	  50	   1	 601	   3	   1	   6	   6	  10	  30	  70	  50	 596	60252	60853	   0	  10	
  23	  24	  30	   4	 546	   1	   2	   7	   6	  10	  30	  70	  50	 633	62771	63317	   0	  10	
  24	  25	  70	   1	 554	   2	   1	   7	   7	  10	  30	  70	  50	 686	65291	65845	   0	  20	
  25	  26	  50	   1	 570	   3	   1	   7	   7	  11	  30	  70	  50	 571	67691	68261	   0	  30	
  26	  27	  30	   4	 444	   1	   2	   8	   7	  11	  30	  70	  50	 331	69865	70309	   0	  30	
  27	  28	  50	   2	 519	   3	   1	   8	   7	  12	  30	  70	  50	 411	71998	72517	   0	  20	
  28	  29	  70	   1	 404	   2	   1	   8	   8	  12	  30	  70	  50	 654	74465	74869	   0	  30	
  29	  30	  50	   3	 498	   3	   2	   8	   8	  13	  30	  70	  50	 384	76531	77029	   0	  30	
  30	  31	  70	   1	 813	   2	   1	   8	   9	  13	  30	  70	  50	 346	78664	79477	   0	  40	
  31	  32	  50	   1	 589	   3	   1	   8	   9	  14	  30	  70	  50	 601	81384	81973	   0	  50	
  32	  33	  30	   4	 447	   1	   2	   9	   9	  14	  30	  70	  50	 537	83798	84245	   0	  50	
  33	  34	  70	   2	 583	   2	   1	   9	  10	  14	  30	  70	  50	 311	85838	86421	   0	  40	
  34	  35	  30	   3	 589	   1	   2	  10	  10	  14	  30	  70	  50	 564	88264	88853	   0	  40	
  35	  36	  70	   1	 622	   2	   1	  10	  11	  14	  30	  70	  50	 455	90598	91220	   0	  50	
  36	  37	  50	   2	 532	   3	   1	  10	  11	  15	  30	  70	  50	 607	93104	93636	   0	  40	
  37	  38	  30	   4	 559	   1	   2	  11	  11	  15	  30	  70	  50	 631	95557	96116	   0	  40	
  38	  39	  70	   2	 791	   2	   1	  11	  12	  15	  30	  70	  50	 590	97997	98788	   0	  30	
  39	  40	  30	   3	 572	   1	   2	  12	  12	  15	  30	  70	  50	 673	100744	101316	   0	  30	
  40	  41	  50	   1	 777	   3	   1	  12	  12	  16	  30	  70	  50	 446	103051	103828	   0	  40	
  41	  42	  70	   1	 505	   2	   1	  12	  13	  16	  30	  70	  50	 479	105611	106116	   0	  50	
  42	  43	  30	   4	 503	   1	   2	  13	  13	  16	  30	  70	  50	 355	107757	108260	   0	  50	
  43	  44	  70	   1	 567	   2	   1	  13	  14	  16	  30	  70	  50	 305	109837	110404	   0	  60	
  44	  45	  50	   2	 562	   3	   1	  13	  14	  17	  30	  70	  50	 366	112050	112612	   0	  50	
  45	  46	  30	   2	 423	   1	   1	  14	  14	  17	  30	  70	  50	 585	114477	114900	   0	  40	
  46	  47	  70	   1	 482	   2	   1	  14	  15	  17	  30	  70	  50	 589	116770	117252	   0	  50	
  47	  48	  30	   4	 506	   1	   2	  15	  15	  17	  30	  70	  50	 518	119050	119556	   0	  50	
  48	  49	  70	   2	 546	   2	   1	  15	  16	  17	  30	  70	  50	 572	121410	121956	   0	  40	
  49	  50	  30	   3	 637	   1	   2	  16	  16	  17	  30	  70	  50	 615	123863	124500	   0	  40	
  50	  51	  70	   1	 535	   2	   1	  16	  17	  17	  30	  70	  50	 699	126477	127012	   0	  50	
  51	  52	  30	   4	 485	   1	   2	  17	  17	  17	  30	  70	  50	 638	128943	129428	   0	  50	
  52	  53	  70	   1	 517	   2	   1	  17	  18	  17	  30	  70	  50	 628	131343	131860	   0	  60	
  53	  54	  30	   4	 429	   1	   2	  18	  18	  17	  30	  70	  50	 409	133543	133972	   0	  60	
  54	  55	  70	   2	 457	   2	   1	  18	  19	  17	  30	  70	  50	 678	135930	136387	   0	  50	
  55	  56	  50	   4	 553	   3	   2	  18	  19	  18	  30	  70	  50	 661	138330	138883	   0	  50	
  56	  57	  30	   3	 663	   1	   2	  19	  19	  18	  30	  70	  50	 466	140636	141299	   0	  50	
  57	  58	  70	   1	 412	   2	   1	  19	  20	  18	  30	  70	  50	 327	142903	143315	   0	  60	
  58	  59	  50	   3	 537	   3	   2	  19	  20	  19	  30	  70	  50	 609	145210	145747	   0	  60	
  59	  60	  30	   4	 548	   1	   2	  20	  20	  19	  30	  70	  50	 551	147583	148131	   0	  60	
  60	  61	  50	   2	 577	   3	   1	  20	  20	  20	  30	  70	  50	 632	150050	150627	   0	  50	
  61	  62	  70	   1	 415	   2	   1	  20	  21	  20	  30	  70	  50	 671	152596	153011	   0	  60	
  62	  63	  50	   4	 514	   3	   2	  20	  21	  21	  30	  70	  50	 553	154849	155363	   0	  60	
  63	  64	  70	   2	 519	   2	   1	  20	  22	  21	  30	  70	  50	 628	157276	157795	   0	  50	
  64	  65	  50	   1	 636	   3	   1	  20	  22	  22	  30	  70	  50	 458	159543	160179	   0	  60	
  65	  66	  30	   4	 359	   1	   2	  21	  22	  22	  30	  70	  50	 542	161996	162355	   0	  60	
  66	  67	  70	   1	 500	   2	   1	  21	  23	  22	  30	  70	  50	 415	164063	164563	   0	  70	
  67	  68	  30	   3	 492	   1	   2	  22	  23	  22	  30	  70	  50	 660	166503	166995	   0	  70	
  68	  69	  50	   4	 658	   3	   2	  22	  23	  23	  30	  70	  50	 488	168769	169427	   0	  70	
  69	  70	  70	   1	 511	   2	   1	  22	  24	  23	  30	  70	  50	 362	171076	171587	   0	  80	
  70	  71	  50	   2	 541	   3	   1	  22	  24	  24	  30	  70	  50	 592	173462	174003	   0	  70	
  71	  72	  70	   1	 594	   2	   1	  22	  25	  24	  30	  70	  50	 595	175889	176483	   0	  80	
  72	  73	  50	   3	 567	   3	   2	  22	  25	  25	  30	  70	  50	 387	178156	178723	   0	  80	
  73	  74	  70	   2	 677	   2	   1	  22	  26	  25	  30	  70	  50	 693	180702	181379	   0	  70	
  74	  75	  50	   2	 622	   3	   1	  22	  26	  26	  30	  70	  50	 416	183076	183698	   0	  60	
  75	  76	  70	   1	 527	   2	   1	  22	  27	  26	  30	  70	  50	 662	185635	186162	   0	  70	
  76	  77	  50	   1	 444	   3	   1	  22	  27	  27	  30	  70	  50	 334	187782	188226	   0	  80	
  77	  78	  70	   1	 495	   2	   1	  22	  28	  27	  30	  70	  50	 602	190115	190610	   0	  90	
  78	  79	  50	   1	 697	   3	   1	  22	  28	  28	  30	  70	  50	 353	192249	192946	   0	 100	
  79	  80	  30	   4	 516	   1	   2	  23	  28	  28	  30	  70	  50	 396	194622	195138	   0	 100	
  80	  81	  70	   2	 505	   2	   1	  23	  29	  28	  30	  70	  50	 391	196809	197314	   0	  90	
  81	  82	  30	   4	 511	   1	   2	  24	  29	  28	  30	  70	  50	 542	199155	199666	   0	  90	
  82	  83	  50	   4	 538	   3	   2	  24	  29	  29	  30	  70	  50	 337	201288	201826	   0	  90	
  83	  84	  30	   4	 580	   1	   2	  25	  29	  29	  30	  70	  50	 471	203582	204162	   0	  90	
  84	  85	  70	   1	 431	   2	   1	  25	  30	  29	  30	  70	  50	 432	205875	206306	   0	 100	
  85	  86	  50	   1	 647	   3	   1	  25	  30	  30	  30	  70	  50	 648	208235	208882	   0	 110	
  86	  87	  70	   3	 895	   2	   2	  25	  31	  30	  30	  70	  50	 434	210595	211490	   0	 110	
  87	  88	  30	   4	 935	   3	   2	  25	  31	   1	  30	  70	  30	 315	213115	214050	   3	 110	
  88	  89	  30	   3	 599	   1	   2	  26	  31	   1	  30	  70	  30	 505	215835	216434	   0	 110	
  89	  90	  70	   2	 549	   2	   1	  26	  32	   1	  30	  70	  30	 500	218221	218770	   0	 100	
  90	  91	  30	   3	 943	   3	   2	  26	  32	   2	  30	  70	  30	 381	220435	221378	   0	 100	
  91	  92	  70	   1	 631	   2	   1	  26	  33	   2	  30	  70	  30	 606	223275	223906	   0	 110	
  92	  93	  30	   4	 546	   1	   2	  27	  33	   2	  30	  70	  30	 373	225568	226114	   0	 110	
  93	  94	  30	   4	 756	   3	   2	  27	  33	   3	  30	  70	  30	 664	228061	228817	   0	 110	
  94	  95	  30	   4	 556	   1	   2	  28	  33	   3	  30	  70	  30	 564	230661	231217	   0	 110	
  95	  96	  20	   4	 703	   2	   2	  28	   1	   3	  30	  20	  30	 562	233074	233777	   2	 110	
  96	  97	  30	   3	 583	   1	   2	  29	   1	   3	  30	  20	  30	 698	235754	236337	   0	 110	
  97	  98	  30	   4	 708	   3	   2	  29	   1	   4	  30	  20	  30	 450	238061	238769	   0	 110	
  98	  99	  30	   4	 772	   1	   2	  30	   1	   4	  30	  20	  30	 651	240701	241473	   0	 110	
  99	 100	  30	   4	 721	   3	   2	  30	   1	   5	  30	  20	  30	 481	243248	243969	   0	 110	
 100	 101	  20	   2	 570	   2	   1	  30	   2	   5	  30	  20	  30	 677	245927	246497	   0	 100	
 101	 102	  30	   4	 564	   1	   2	  31	   2	   5	  30	  20	  30	 586	248381	248945	   0	 100	
 102	 103	  20	   3	 444	   2	   2	  31	   3	   5	  30	  20	  30	 670	250901	251345	   0	 100	
 103	 104	  30	   3	 575	   3	   2	  31	   3	   6	  30	  20	  30	 604	253234	253809	   0	 100	
 104	 105	  20	   4	 503	   2	   2	  31	   4	   6	  30	  20	  30	 497	255594	256097	   0	 100	
 105	 106	  30	   4	 634	   3	   2	  31	   4	   7	  30	  20	  30	 478	257847	258481	   0	 100	
 106	 107	  20	   4	 389	   2	   2	  31	   5	   7	  30	  20	  30	 453	260220	260609	   0	 100	
 107	 108	  30	   4	 439	   3	   2	  31	   5	   8	  30	  20	  30	 423	262314	262753	   0	 100	
 108	 109	  20	   3	 362	   2	   2	  31	   6	   8	  30	  20	  30	 439	264487	264849	   0	 100	
 109	 110	  30	   3	 485	   1	   2	  32	   6	   8	  30	  20	  30	 479	266620	267105	   0	 100	
 110	 111	  30	   4	 527	   3	   2	  32	   6	   9	  30	  20	  30	 683	269074	269601	   0	 100	
 111	 112	  20	   4	 407	   2	   2	  32	   7	   9	  30	  20	  30	 623	271514	271921	   0	 100	
 112	 113	  30	   3	 476	   3	   2	  32	   7	  10	  30	  20	  30	 578	273780	274256	   0	 100	
 113	 114	  30	   4	 399	   1	   2	  33	   7	  10	  30	  20	  30	 505	276033	276432	   0	 100	
 114	 115	  30	   3	 492	   3	   2	  33	   7	  11	  30	  20	  30	 301	278020	278512	   0	 100	
 115	 116	  30	   4	 412	   1	   2	  34	   7	  11	  30	  20	  30	 384	280180	280592	   0	 100	
 116	 117	  30	   2	 431	   3	   1	  34	   7	  12	  30	  20	  30	 631	282513	282944	   0	  90	
 117	 118	  30	   4	 540	   1	   2	  35	   7	  12	  30	  20	  30	 678	284900	285440	   0	  90	
 118	 119	  30	   2	 471	   3	   1	  35	   7	  13	  30	  20	  30	 634	287353	287824	   0	  80	
 119	 120	  20	   4	 857	   2	   2	  35	   8	  13	  30	  20	  30	 335	289447	290304	   0	  80	
 120	 121	  80	   3	 866	   1	   2	   1	   8	  13	  80	  20	  30	 350	291966	292832	   1	  80	
 121	 122	  30	   4	 778	   3	   2	   1	   8	  14	  80	  20	  30	 352	294486	295264	   0	  80	
 122	 123	  80	   1	 836	   1	   1	   2	   8	  14	  80	  20	  30	 387	296940	297776	   0	  90	
 123	 124	  30	   3	 652	   3	   2	   2	   8	  15	  80	  20	  30	 650	299700	300352	   0	  90	
 124	 125	  80	   2	 575	   1	   1	   3	   8	  15	  80	  20	  30	 546	302193	302768	   0	  80	
 125	 126	  30	   4	 626	   3	   2	   3	   8	  16	  80	  20	  30	 551	304606	305232	   0	  80	
 126	 127	  80	   3	 711	   1	   2	   4	   8	  16	  80	  20	  30	 358	306873	307584	   0	  80	
 127	 128	  30	   4	 733	   3	   2	   4	   8	  17	  80	  20	  30	 358	309219	309952	   0	  80	
 128	 129	  20	   4	 525	   2	   2	   4	   9	  17	  80	  20	  30	 692	311939	312464	   0	  80	
 129	 130	  80	   1	 461	   1	   1	   5	   9	  17	  80	  20	  30	 427	314179	314640	   0	  90	
 130	 131	  30	   4	 533	   3	   2	   5	   9	  18	  80	  20	  30	 615	316539	317072	   0	  90	
 131	 132	  80	   2	 620	   1	   1	   6	   9	  18	  80	  20	  30	 687	319059	319679	   0	  80	
 132	 133	  30	   3	 687	   3	   2	   6	   9	  19	  80	  20	  30	 348	321312	321999	   0	  80	
 133	 134	  80	   1	 761	   1	   1	   7	   9	  19	  80	  20	  30	 566	323846	324607	   0	  90	
 134	 135	  20	   4	 663	   2	   2	   7	  10	  19	  80	  20	  30	 422	326312	326975	   0	  90	
 135	 136	  80	   1	 647	   1	   1	   8	  10	  19	  80	  20	  30	 382	328632	329279	   0	 100	
 136	 137	  20	   3	 652	   2	   2	   8	  11	  19	  80	  20	  30	 415	330979	331631	   0	 100	
 137	 138	  80	   1	 495	   1	   1	   9	  11	  19	  80	  20	  30	 638	333552	334047	   0	 110	
 138	 139	  20	   4	 708	   2	   2	   9	  12	  19	  80	  20	  30	 408	335739	336447	   0	 110	
 139	 140	  30	   4	 743	   3	   2	   9	  12	  20	  80	  20	  30	 501	338232	338975	   0	 110	
 140	 141	  80	   1	 482	   1	   1	  10	  12	  20	  80	  20	  30	 506	340765	341247	   0	 120	
 141	 142	  30	   3	 666	   3	   2	  10	  12	  21	  80	  20	  30	 334	342885	343551	   0	 120	
 142	 143	  20	   4	 519	   2	   2	  10	  13	  21	  80	  20	  30	 347	345192	345711	   0	 120	
 143	 144	  80	   2	 522	   1	   1	  11	  13	  21	  80	  20	  30	 605	347605	348127	   0	 110	
 144	 145	  30	   4	 506	   3	   2	  11	  13	  22	  80	  20	  30	 430	349845	350351	   0	 110	
 145	 146	  20	   4	 535	   2	   2	  11	  14	  22	  80	  20	  30	 512	352152	352687	   0	 110	
 146	 147	  30	   4	1023	   3	   2	  11	  14	  23	  80	  20	  30	 544	354512	355535	   0	 110	
 147	 148	  20	   4	 599	   2	   2	  11	  15	  23	  80	  20	  30	 693	357512	358111	   0	 110	
 148	 149	  80	   1	 954	   1	   1	  12	  15	  23	  80	  20	  30	 679	360085	361039	   0	 120	
 149	 150	  20	   4	 559	   2	   2	  12	  16	  23	  80	  20	  30	 675	362992	363551	   0	 120	
 150	 151	  80	   1	 524	   1	   1	  13	  16	  23	  80	  20	  30	 621	365458	365982	   0	 130	
 151	 152	  20	   4	 569	   2	   2	  13	  17	  23	  80	  20	  30	 319	367605	368174	   0	 130	
 152	 153	  30	   4	 511	   3	   2	  13	  17	  24	  80	  20	  30	 418	369871	370382	   0	 130	
 153	 154	  20	   3	 639	   2	   2	  13	  18	  24	  80	  20	  30	 371	372031	372670	   0	 130	
 154	 155	  80	   1	 732	   1	   1	  14	  18	  24	  80	  20	  30	 304	374258	374990	   0	 140	
 155	 156	  30	   4	 460	   3	   2	  14	  18	  25	  80	  20	  30	 304	376578	377038	   0	 140	
 156	 157	  80	   1	 561	   1	   1	  15	  18	  25	  80	  20	  30	 603	378925	379486	   0	 150	
 157	 158	  20	   4	1033	   2	   2	  15	  19	  25	  80	  20	  30	 517	381285	382318	   0	 150	
 158	 159	  30	   4	 951	   3	   2	  15	  19	  26	  80	  20	  30	 477	384071	385022	   0	 150	
 159	 160	  80	   1	 546	   1	   1	  16	  19	  26	  80	  20	  30	 700	387004	387550	   0	 160	
 160	 161	  20	   4	 474	   2	   2	  16	  20	  26	  80	  20	  30	 686	389524	389998	   0	 160	
 161	 162	  30	   3	 516	   3	   2	  16	  20	  27	  80	  20	  30	 606	391898	392414	   0	 160	
 162	 163	  80	   1	 479	   1	   1	  17	  20	  27	  80	  20	  30	 663	394351	394830	   0	 170	
 163	 164	  30	   4	 564	   3	   2	  17	  20	  28	  80	  20	  30	 417	396538	397102	   0	 170	
 164	 165	  20	   4	 543	   2	   2	  17	  21	  28	  80	  20	  30	 526	398911	399454	   0	 170	
 165	 166	  30	   4	 538	   3	   2	  17	  21	  29	  80	  20	  30	 553	401284	401822	   0	 170	
 166	 167	  80	   2	 546	   1	   1	  18	  21	  29	  80	  20	  30	 543	403644	404190	   0	 160	
 167	 168	  30	   3	 477	   3	   2	  18	  21	  30	  80	  20	  30	 620	406097	406574	   0	 160	
 168	 169	  20	   4	 450	   2	   2	  18	  22	  30	  80	  20	  30	 512	408364	408814	   0	 160	
 169	 170	  30	   4	 625	   3	   2	  18	  22	  31	  80	  20	  30	 352	410444	411069	   0	 160	
 170	 171	  80	   1	 513	   1	   1	  19	  22	  31	  80	  20	  30	 319	412684	413197	   0	 170	
 171	 172	  30	   4	 484	   3	   2	  19	  22	  32	  80	  20	  30	 371	414857	415341	   0	 170	
 172	 173	  20	   3	 569	   2	   2	  19	  23	  32	  80	  20	  30	 665	417284	417853	   0	 170	
 173	 174	  80	   1	 497	   1	   1	  20	  23	  32	  80	  20	  30	 667	419804	420301	   0	 180	
 174	 175	  30	   4	 481	   3	   2	  20	  23	  33	  80	  20	  30	 625	422204	422685	   0	 180	
 175	 176	  80	   1	 580	   1	   1	  21	  23	  33	  80	  20	  30	 410	424377	424957	   0	 190	
 176	 177	  30	   3	 455	   3	   2	  21	  23	  34	  80	  20	  30	 472	426710	427165	   0	 190	
 177	 178	  80	   1	 546	   1	   1	  22	  23	  34	  80	  20	  30	 308	428763	429309	   0	 200	
 178	 179	  30	   4	 447	   3	   2	  22	  23	  35	  80	  20	  30	 466	431070	431517	   0	 200	
 179	 180	  20	   4	 450	   2	   2	  22	  24	  35	  80	  20	  30	 364	433163	433613	   0	 200	
 180	 181	  70	   3	 708	   3	   2	  22	  24	   1	  80	  20	  70	 413	435337	436045	   3	 200	
 181	 182	  20	   3	 639	   2	   2	  22	  25	   1	  80	  20	  70	 604	437950	438589	   0	 200	
 182	 183	  80	   2	 882	   1	   1	  23	  25	   1	  80	  20	  70	 322	440203	441085	   0	 190	
 183	 184	  70	   4	 378	   3	   2	  23	  25	   2	  80	  20	  70	 673	443043	443421	   0	 190	
 184	 185	  20	   4	 498	   2	   2	  23	  26	   2	  80	  20	  70	 375	445083	445581	   0	 190	
 185	 186	  70	   3	 437	   3	   2	  23	  26	   3	  80	  20	  70	 475	447336	447773	   0	 190	
 186	 187	  20	   4	 479	   2	   2	  23	  27	   3	  80	  20	  70	 655	449710	450189	   0	 190	
 187	 188	  70	   4	 607	   3	   2	  23	  27	   4	  80	  20	  70	 554	452030	452637	   0	 190	
 188	 189	  20	   4	 466	   2	   2	  23	  28	   4	  80	  20	  70	 610	454523	454989	   0	 190	
 189	 190	  80	   1	 681	   1	   1	  24	  28	   4	  80	  20	  70	 605	456883	457564	   0	 200	
 190	 191	  70	   3	 508	   3	   2	  24	  28	   5	  80	  20	  70	 603	459456	459964	   0	 200	
 191	 192	  80	   2	 596	   1	   1	  25	  28	   5	  80	  20	  70	 474	461736	462332	   0	 190	
 192	 193	  20	   4	 631	   2	   2	  25	  29	   5	  80	  20	  70	 373	463989	464620	   0	 190	
 193	 194	  70	   3	 617	   3	   2	  25	  29	   6	  80	  20	  70	 340	466243	466860	   0	 190	
 194	 195	  20	   4	 543	   2	   2	  25	  30	   6	  80	  20	  70	 609	468749	469292	   0	 190	
 195	 196	  70	   1	 455	   3	   1	  25	  30	   7	  80	  20	  70	 383	470949	471404	   0	 200	
 196	 197	  80	   1	 516	   1	   1	  26	  30	   7	  80	  20	  70	 324	473016	473532	   0	 210	
 197	 198	  50	   3	 658	   2	   2	  26	   1	   7	  80	  50	  70	 659	475482	476140	   2	 210	
 198	 199	  70	   2	 994	   3	   1	  26	   1	   8	  80	  50	  70	 300	477722	478716	   0	 200	
 199	 200	  50	   4	 650	   2	   2	  26	   2	   8	  80	  50	  70	 649	480642	481292	   0	 200	
 200	 201	  80	   1	 652	   1	   1	  27	   2	   8	  80	  50	  70	 412	482976	483628	   0	 210	
 201	 202	  70	   3	 583	   3	   2	  27	   2	   9	  80	  50	  70	 343	485269	485852	   0	 210	
 202	 203	  50	   3	 532	   2	   2	  27	   3	   9	  80	  50	  70	 441	487576	488108	   0	 210	
 203	 204	  70	   1	 522	   3	   1	  27	   3	  10	  80	  50	  70	 359	489762	490284	   0	 220	
 204	 205	  50	   2	1045	   2	   1	  27	   4	  10	  80	  50	  70	 563	492135	493180	   0	 210	
 205	 206	  70	   2	 759	   3	   1	  27	   4	  11	  80	  50	  70	 567	495029	495788	   0	 200	
 206	 207	  50	   4	 682	   2	   2	  27	   5	  11	  80	  50	  70	 360	497442	498124	   0	 200	
 207	 208	  80	   1	 615	   1	   1	  28	   5	  11	  80	  50	  70	 337	499749	500364	   0	 210	
 208	 209	  50	   3	 766	   2	   2	  28	   6	  11	  80	  50	  70	 305	501949	502715	   0	 210	
 209	 210	  80	   1	 609	   1	   1	  29	   6	  11	  80	  50	  70	 605	504602	505211	   0	 220	
 210	 211	  70	   2	 841	   3	   1	  29	   6	  12	  80	  50	  70	 394	506882	507723	   0	 210	
 211	 212	  50	   3	 695	   2	   2	  29	   7	  12	  80	  50	  70	 640	509668	510363	   0	 210	
 212	 213	  80	   1	 513	   1	   1	  30	   7	  12	  80	  50	  70	 477	512122	512635	   0	 220	
 213	 214	  70	   3	 564	   3	   2	  30	   7	  13	  80	  50	  70	 545	514455	515019	   0	 220	
 214	 215	  80	   1	 671	   1	   1	  31	   7	  13	  80	  50	  70	 530	516828	517499	   0	 230	
 215	 216	  70	   3	 850	   3	   2	  31	   7	  14	  80	  50	  70	 536	519321	520171	   0	 230	
 216	 217	  50	   4	 868	   2	   2	  31	   8	  14	  80	  50	  70	 526	521975	522843	   0	 230	
 217	 218	  80	   1	 511	   1	   1	  32	   8	  14	  80	  50	  70	 700	524828	525339	   0	 240	
 218	 219	  50	   2	 559	   2	   1	  32	   9	  14	  80	  50	  70	 361	526988	527547	   0	 230	
 219	 220	  80	   1	 631	   1	   1	  33	   9	  14	  80	  50	  70	 511	529348	529979	   0	 240	
 220	 221	  70	   3	 828	   3	   2	  33	   9	  15	  80	  50	  70	 516	531775	532603	   0	 240	
 221	 222	  50	   3	 645	   2	   2	  33	  10	  15	  80	  50	  70	 316	534214	534859	   0	 240	
 222	 223	  70	   3	 653	   3	   2	  33	  10	  16	  80	  50	  70	 427	536574	537227	   0	 240	
 223	 224	  20	   4	 706	   1	   2	   1	  10	  16	  20	  50	  70	 300	538841	539547	   1	 240	
 224	 225	  50	   4	 669	   2	   2	   1	  11	  16	  20	  50	  70	 300	541134	541803	   0	 240	
 225	 226	  70	   4	 725	   3	   2	   1	  11	  17	  20	  50	  70	 411	543494	544219	   0	 240	
 226	 227	  20	   4	 562	   1	   2	   2	  11	  17	  20	  50	  70	 543	546041	546603	   0	 240	
 227	 228	  70	   3	 497	   3	   2	   2	  11	  18	  20	  50	  70	 550	548441	548938	   0	 240	
 228	 229	  20	   4	 492	   1	   2	   3	  11	  18	  20	  50	  70	 595	550814	551306	   0	 240	
 229	 230	  50	   3	 599	   2	   2	   3	  12	  18	  20	  50	  70	 432	553027	553626	   0	 240	
 230	 231	  70	   3	 561	   3	   2	   3	  12	  19	  20	  50	  70	 407	555321	555882	   0	 240	
 231	 232	  50	   4	 452	   2	   2	   3	  13	  19	  20	  50	  70	 310	557494	557946	   0	 240	
 232	 233	  70	   3	 492	   3	   2	   3	  13	  20	  20	  50	  70	 544	559774	560266	   0	 240	
 233	 234	  20	   3	 463	   1	   2	   4	  13	  20	  20	  50	  70	 556	562107	562570	   0	 240	
 234	 235	  70	   4	 567	   3	   2	   4	  13	  21	  20	  50	  70	 695	564547	565114	   0	 240	
 235	 236	  20	   4	 863	   1	   2	   5	  13	  21	  20	  50	  70	 592	566987	567850	   0	 240	
 236	 237	  50	   2	1026	   2	   1	   5	  14	  21	  20	  50	  70	 513	569640	570666	   0	 230	
 237	 238	  70	   1	 692	   3	   1	   5	  14	  22	  20	  50	  70	 505	572454	573146	   0	 240	
 238	 239	  50	   3	 676	   2	   2	   5	  15	  22	  20	  50	  70	 338	574774	575450	   0	 240	
 239	 240	  70	   1	 567	   3	   1	   5	  15	  23	  20	  50	  70	 613	577347	577914	   0	 250	
 240	 241	  50	   3	 783	   2	   2	   5	  16	  23	  20	  50	  70	 586	579787	580570	   0	 250	
 241	 242	  20	   4	 797	   1	   2	   6	  16	  23	  20	  50	  70	 388	582253	583050	   0	 250	
 242	 243	  50	   2	 541	   2	   1	   6	  17	  23	  20	  50	  70	 484	584813	585354	   0	 240	
 243	 244	  20	   3	 794	   1	   2	   7	  17	  23	  20	  50	  70	 327	586960	587754	   0	 240	
 244	 245	  70	   3	 575	   3	   2	   7	  17	  24	  20	  50	  70	 355	589387	589962	   0	 240	
 245	 246	  50	   3	 741	   2	   2	   7	  18	  24	  20	  50	  70	 406	591653	592394	   0	 240	
 246	 247	  20	   4	 812	   1	   2	   8	  18	  24	  20	  50	  70	 499	594173	594985	   0	 240	
 247	 248	  50	   2	 489	   2	   1	   8	  19	  24	  20	  50	  70	 610	596880	597369	   0	 230	
 248	 249	  70	   1	 759	   3	   1	   8	  19	  25	  20	  50	  70	 453	599106	599865	   0	 240	
 249	 250	  20	   4	 652	   1	   2	   9	  19	  25	  20	  50	  70	 694	601853	602505	   0	 240	
 250	 251	  70	   2	 473	   3	   1	   9	  19	  26	  20	  50	  70	 608	604400	604873	   0	 230	
 251	 252	  50	   1	1068	   2	   1	   9	  20	  26	  20	  50	  70	 322	606493	607561	   0	 240	
 252	 253	  20	   4	 473	   1	   2	  10	  20	  26	  20	  50	  70	 354	609200	609673	   0	 240	
 253	 254	  70	   3	 436	   3	   2	  10	  20	  27	  20	  50	  70	 618	611573	612009	   0	 240	
 254	 255	  50	   3	 476	   2	   2	  10	  21	  27	  20	  50	  70	 480	613773	614249	   0	 240	
 255	 256	  70	   1	 578	   3	   1	  10	  21	  28	  20	  50	  70	 673	616199	616777	   0	 250	
 256	 257	  50	   2	 503	   2	   1	  10	  22	  28	  20	  50	  70	 330	618386	618889	   0	 240	
 257	 258	  70	   2	 615	   3	   1	  10	  22	  29	  20	  50	  70	 378	620546	621161	   0	 230	
 258	 259	  50	   4	 516	   2	   2	  10	  23	  29	  20	  50	  70	 562	623013	623529	   0	 230	
 259	 260	  70	   3	 397	   3	   2	  10	  23	  30	  20	  50	  70	 647	625452	625849	   0	 230	
 260	 261	  20	   4	 679	   1	   2	  11	  23	  30	  20	  50	  70	 375	627506	628185	   0	 230	
 261	 262	  50	   4	 690	   3	   2	  11	  23	   1	  20	  50	  50	 367	629879	630569	   3	 230	
 262	 263	  50	   4	 815	   2	   2	  11	  24	   1	  20	  50	  50	 419	632266	633081	   0	 230	
 263	 264	  20	   4	 637	   1	   2	  12	  24	   1	  20	  50	  50	 363	634732	635369	   0	 230	
 264	 265	  50	   4	 695	   3	   2	  12	  24	   2	  20	  50	  50	 619	637266	637961	   0	 230	
 265	 266	  50	   1	 820	   2	   1	  12	  25	   2	  20	  50	  50	 572	639812	640632	   0	 240	
 266	 267	  50	   3	 577	   3	   2	  12	  25	   3	  20	  50	  50	 447	642359	642936	   0	 240	
 267	 268	  50	   3	 631	   2	   2	  12	  26	   3	  20	  50	  50	 572	644785	645416	   0	 240	
 268	 269	  20	   4	 705	   1	   2	  13	  26	   3	  20	  50	  50	 693	647399	648104	   0	 240	
 269	 270	  50	   2	 607	   2	   1	  13	  27	   3	  20	  50	  50	 638	650025	650632	   0	 230	
 270	 271	  50	   4	 471	   3	   2	  13	  27	   4	  20	  50	  50	 469	652385	652856	   0	 230	
 271	 272	  50	   3	1068	   2	   2	  13	  28	   4	  20	  50	  50	 330	654492	655560	   0	 230	
 272	 273	  50	   3	 759	   3	   2	  13	  28	   5	  20	  50	  50	 655	657505	658264	   0	 230	
 273	 274	  50	   4	 900	   2	   2	  13	  29	   5	  20	  50	  50	 579	660132	661032	   0	 230	
 274	 275	  20	   3	 564	   1	   2	  14	  29	   5	  20	  50	  50	 460	662772	663336	   0	 230	
 275	 276	  50	   3	 794	   3	   2	  14	  29	   6	  20	  50	  50	 341	664958	665752	   0	 230	
 276	 277	  50	   3	 530	   2	   2	  14	  30	   6	  20	  50	  50	 439	667478	668008	   0	 230	
 277	 278	  20	   4	 578	   1	   2	  15	  30	   6	  20	  50	  50	 432	669718	670296	   0	 230	
 278	 279	  50	   4	 605	   3	   2	  15	  30	   7	  20	  50	  50	 349	671931	672536	   0	 230	
 279	 280	  20	   3	 581	   1	   2	  16	  30	   7	  20	  50	  50	 637	674451	675032	   0	 230	
 280	 281	  50	   4	 781	   3	   2	  16	  30	   8	  20	  50	  50	 494	676811	677592	   0	 230	
 281	 282	  20	   4	 554	   1	   2	  17	  30	   8	  20	  50	  50	 538	679438	679992	   0	 230	
 282	 283	  50	   3	 663	   3	   2	  17	  30	   9	  20	  50	  50	 633	681905	682568	   0	 230	
 283	 284	  50	   1	 926	   2	   1	  17	  31	   9	  20	  50	  50	 343	684185	685111	   0	 240	
 284	 285	  20	   4	 521	   1	   2	  18	  31	   9	  20	  50	  50	 559	686958	687479	   0	 240	
 285	 286	  50	   2	 732	   2	   1	  18	  32	   9	  20	  50	  50	 451	689211	689943	   0	 230	
 286	 287	  20	   4	 468	   1	   2	  19	  32	   9	  20	  50	  50	 501	691731	692199	   0	 230	
 287	 288	  50	   3	 572	   3	   2	  19	  32	  10	  20	  50	  50	 372	693851	694423	   0	 230	
 288	 289	  20	   4	 665	   1	   2	  20	  32	  10	  20	  50	  50	 361	696078	696743	   0	 230	
 289	 290	  50	   3	 721	   3	   2	  20	  32	  11	  20	  50	  50	 563	698598	699319	   0	 230	
 290	 291	  50	   1	 700	   2	   1	  20	  33	  11	  20	  50	  50	 684	701291	701991	   0	 240	
 291	 292	  50	   3	 674	   3	   2	  20	  33	  12	  20	  50	  50	 505	703797	704471	   0	 240	
 292	 293	  20	   4	 732	   2	   2	  20	   1	  12	  20	  20	  50	 627	706411	707143	   2	 240	
 293	 294	  50	   4	 796	   3	   2	  20	   1	  13	  20	  20	  50	 541	708971	709767	   0	 240	
 294	 295	  20	   4	 532	   1	   2	  21	   1	  13	  20	  20	  50	 611	711651	712183	   0	 240	
 295	 296	  20	   4	 759	   2	   2	  21	   2	  13	  20	  20	  50	 506	713984	714743	   0	 240	
 296	 297	  20	   3	 844	   1	   2	  22	   2	  13	  20	  20	  50	 376	716411	717255	   0	 240	
 297	 298	  20	   4	 578	   2	   2	  22	   3	  13	  20	  20	  50	 625	719157	719735	   0	 240	
 298	 299	  20	   4	 743	   1	   2	  23	   3	  13	  20	  20	  50	 651	721664	722407	   0	 240	
 299	 300	  20	   4	 658	   2	   2	  23	   4	  13	  20	  20	  50	 432	724117	724775	   0	 240	
 300	 301	  50	   3	 615	   3	   2	  23	   4	  14	  20	  20	  50	 408	726464	727079	   0	 240	
 301	 302	  20	   3	 663	   2	   2	  23	   5	  14	  20	  20	  50	 555	728944	729607	   0	 240	
 302	 303	  50	   3	 614	   3	   2	  23	   5	  15	  20	  20	  50	 614	731504	732118	   0	 240	
 303	 304	  20	   4	 745	   2	   2	  23	   6	  15	  20	  20	  50	 431	733837	734582	   0	 240	
 304	 305	  20	   4	 575	   1	   2	  24	   6	  15	  20	  20	  50	 549	736423	736998	   0	 240	
 305	 306	  50	   4	 809	   3	   2	  24	   6	  16	  20	  20	  50	 358	738637	739446	   0	 240	
 306	 307	  20	   4	 553	   1	   2	  25	   6	  16	  20	  20	  50	 552	741277	741830	   0	 240	
 307	 308	  50	   4	 697	   3	   2	  25	   6	  17	  20	  20	  50	 639	743757	744454	   0	 240	
 308	 309	  20	   4	 644	   1	   2	  26	   6	  17	  20	  20	  50	 627	746370	747014	   0	 240	
 309	 310	  50	   3	 700	   3	   2	  26	   6	  18	  20	  20	  50	 674	748970	749670	   0	 240	
 310	 311	  20	   4	 559	   1	   2	  27	   6	  18	  20	  20	  50	 598	751543	752102	   0	 240	
 311	 312	  50	   2	 578	   3	   1	  27	   6	  19	  20	  20	  50	 381	753796	754374	   0	 230	
 312	 313	  20	   2	 711	   2	   1	  27	   7	  19	  20	  20	  50	 322	755983	756694	   0	 220	
 313	 314	  50	   2	 540	   3	   1	  27	   7	  20	  20	  20	  50	 430	758410	758950	   0	 210	
 314	 315	  20	   2	 812	   2	   1	  27	   8	  20	  20	  20	  50	 340	760570	761382	   0	 200	
 315	 316	  20	   3	 506	   1	   2	  28	   8	  20	  20	  20	  50	 360	763036	763542	   0	 200	
 316	 317	  20	   3	 589	   2	   2	  28	   9	  20	  20	  20	  50	 613	765449	766038	   0	 200	
 317	 318	  50	   4	 525	   3	   2	  28	   9	  21	  20	  20	  50	 530	767849	768374	   0	 200	
 318	 319	  20	   2	 727	   2	   1	  28	  10	  21	  20	  20	  50	 562	770223	770950	   0	 190	
 319	 320	  20	   4	 823	   1	   2	  29	  10	  21	  20	  20	  50	 308	772543	773366	   0	 190	
 320	 321	  50	   1	 974	   3	   1	  29	  10	  22	  20	  20	  50	 581	775223	776197	   0	 200	
 321	 322	  20	   4	 561	   1	   2	  30	  10	  22	  20	  20	  50	 366	777876	778437	   0	 200	
 322	 323	  50	   4	 759	   3	   2	  30	  10	  23	  20	  20	  50	 417	780142	780901	   0	 200	
 323	 324	  20	   4	 508	   1	   2	  31	  10	  23	  20	  20	  50	 376	782569	783077	   0	 200	
 324	 325	  20	   2	 612	   2	   1	  31	  11	  23	  20	  20	  50	 492	784849	785461	   0	 190	
 325	 326	  20	   4	 639	   1	   2	  32	  11	  23	  20	  20	  50	 633	787382	788021	   0	 190	
 326	 327	  50	   1	 799	   3	   1	  32	  11	  24	  20	  20	  50	 309	789622	790421	   0	 200	
 327	 328	  20	   2	 833	   2	   1	  32	  12	  24	  20	  20	  50	 409	792116	792949	   0	 190	
 328	 329	  50	   3	 684	   3	   2	  32	  12	  25	  20	  20	  50	 498	794729	795413	   0	 190	
 329	 330	  20	   2	1015	   2	   1	  32	  13	  25	  20	  20	  50	 411	797102	798117	   0	 180	
 330	 331	  20	   3	 527	   1	   2	  33	  13	  25	  20	  20	  50	 534	799942	800469	   0	 180	
 331	 332	  20	   2	 815	   2	   1	  33	  14	  25	  20	  20	  50	 479	802262	803077	   0	 170	
 332	 333	  50	   2	 708	   3	   1	  33	  14	  26	  20	  20	  50	 322	804689	805397	   0	 160	
 333	 334	  20	   4	 559	   1	   2	  34	  14	  26	  20	  20	  50	 619	807302	807861	   0	 160	
 334	 335	  20	   2	 695	   2	   1	  34	  15	  26	  20	  20	  50	 674	809822	810517	   0	 150	
 335	 336	  50	   1	 685	   3	   1	  34	  15	  27	  20	  20	  50	 365	812168	812853	   0	 160	
 336	 337	  20	   4	 495	   1	   2	  35	  15	  27	  20	  20	  50	 679	814822	815317	   0	 160	
 337	 338	  20	   2	 698	   2	   1	  35	  16	  27	  20	  20	  50	 435	817035	817733	   0	 150	
 338	 339	  80	   3	 866	   1	   2	   1	  16	  27	  80	  20	  50	 611	819635	820501	   1	 150	
 339	 340	  20	   2	 958	   2	   1	   1	  17	  27	  80	  20	  50	 558	822342	823300	   0	 140	
 340	 341	  80	   1	 663	   1	   1	   2	  17	  27	  80	  20	  50	 433	825021	825684	   0	 150	
 341	 342	  50	   3	 545	   3	   2	   2	  17	  28	  80	  20	  50	 487	827475	828020	   0	 150	
 342	 343	  80	   1	 705	   1	   1	   3	  17	  28	  80	  20	  50	 320	829635	830340	   0	 160	
 343	 344	  20	   3	 673	   2	   2	   3	  18	  28	  80	  20	  50	 645	832275	832948	   0	 160	
 344	 345	  50	   4	 615	   3	   2	   3	  18	  29	  80	  20	  50	 546	834781	835396	   0	 160	
 345	 346	  20	   1	 895	   2	   1	   3	  19	  29	  80	  20	  50	 695	837381	838276	   0	 170	
 346	 347	  80	   1	 415	   1	   1	   4	  19	  29	  80	  20	  50	 694	840261	840676	   0	 180	
 347	 348	  20	   4	 740	   2	   2	   4	  20	  29	  80	  20	  50	 401	842368	843108	   0	 180	
 348	 349	  50	   4	 711	   3	   2	   4	  20	  30	  80	  20	  50	 391	844781	845492	   0	 180	
 349	 350	  80	   2	 599	   1	   1	   5	  20	  30	  80	  20	  50	 412	847181	847780	   0	 170	
 350	 351	  50	   4	 596	   3	   2	   5	  20	  31	  80	  20	  50	 339	849408	850004	   0	 170	
 351	 352	  80	   1	 522	   1	   1	   6	  20	  31	  80	  20	  50	 528	851834	852356	   0	 180	
 352	 353	  50	   4	 610	   3	   2	   6	  20	  32	  80	  20	  50	 468	854114	854724	   0	 180	
 353	 354	  80	   1	 559	   1	   1	   7	  20	  32	  80	  20	  50	 334	856341	856900	   0	 190	
 354	 355	  20	   3	 437	   2	   2	   7	  21	  32	  80	  20	  50	 659	858847	859284	   0	 190	
 355	 356	  80	   1	 562	   1	   1	   8	  21	  32	  80	  20	  50	 351	860914	861476	   0	 200	
 356	 357	  50	   3	 487	   3	   2	   8	  21	  33	  80	  20	  50	 501	863261	863748	   0	 200	
 357	 358	  20	   4	 509	   2	   2	   8	  22	  33	  80	  20	  50	 505	865527	866036	   0	 200	
 358	 359	  70	   3	 681	   3	   2	   8	  22	   1	  80	  20	  70	 651	867994	868675	   3	 200	
 359	 360	  20	   2	1116	   2	   1	   8	  23	   1	  80	  20	  70	 686	870647	871763	   0	 190	
 360	 361	  80	   2	 540	   1	   1	   9	  23	   1	  80	  20	  70	 485	873527	874067	   0	 180	
 361	 362	  20	   4	 945	   2	   2	   9	  24	   1	  80	  20	  70	 417	875794	876739	   0	 180	
 362	 363	  70	   2	 577	   3	   1	   9	  24	   2	  80	  20	  70	 649	878674	879251	   0	 170	
 363	 364	  80	   1	 607	   1	   1	  10	  24	   2	  80	  20	  70	 365	880900	881507	   0	 180	
 364	 365	  70	   4	 551	   3	   2	  10	  24	   3	  80	  20	  70	 471	883260	883811	   0	 180	
 365	 366	  20	   2	 943	   2	   1	  10	  25	   3	  80	  20	  70	 599	885700	886643	   0	 170	
 366	 367	  70	   3	 626	   3	   2	  10	  25	   4	  80	  20	  70	 668	888593	889219	   0	 170	
 367	 368	  20	   4	 551	   2	   2	  10	  26	   4	  80	  20	  70	 358	890860	891411	   0	 170	
 368	 369	  80	   1	 407	   1	   1	  11	  26	   4	  80	  20	  70	 487	893180	893587	   0	 180	
 369	 370	  70	   3	 540	   3	   2	  11	  26	   5	  80	  20	  70	 424	895287	895827	   0	 180	
 370	 371	  20	   3	 492	   2	   2	  11	  27	   5	  80	  20	  70	 581	897687	898179	   0	 180	
 371	 372	  70	   3	 501	   3	   2	  11	  27	   6	  80	  20	  70	 395	899886	900387	   0	 180	
 372	 373	  80	   1	 767	   1	   1	  12	  27	   6	  80	  20	  70	 356	902020	902787	   0	 190	
 373	 374	  70	   4	 541	   3	   2	  12	  27	   7	  80	  20	  70	 498	904566	905107	   0	 190	
 374	 375	  80	   1	 589	   1	   1	  13	  27	   7	  80	  20	  70	 334	906726	907315	   0	 200	
 375	 376	  70	   1	 509	   3	   1	  13	  27	   8	  80	  20	  70	 605	909206	909715	   0	 210	
 376	 377	  20	   4	 463	   2	   2	  13	  28	   8	  80	  20	  70	 694	911700	912163	   0	 210	
 377	 378	  80	   1	 545	   1	   1	  14	  28	   8	  80	  20	  70	 670	914113	914658	   0	 220	
 378	 379	  70	   1	 748	   3	   1	  14	  28	   9	  80	  20	  70	 544	916486	917234	   0	 230	
 379	 380	  80	   1	 425	   1	   1	  15	  28	   9	  80	  20	  70	 666	919193	919618	   0	 240	
 380	 381	  70	   3	 564	   3	   2	  15	  28	  10	  80	  20	  70	 418	921326	921890	   0	 240	
 381	 382	  80	   1	 535	   1	   1	  16	  28	  10	  80	  20	  70	 373	923579	924114	   0	 250	
 382	 383	  20	   4	 527	   2	   2	  16	  29	  10	  80	  20	  70	 385	925779	926306	   0	 250	
 383	 384	  80	   1	 751	   1	   1	  17	  29	  10	  80	  20	  70	 510	928099	928850	   0	 260	
 384	 385	  70	   4	 810	   3	   2	  17	  29	  11	  80	  20	  70	 334	930472	931282	   0	 260	
 385	 386	  80	   2	 546	   1	   1	  18	  29	  11	  80	  20	  70	 594	933152	933698	   0	 250	
 386	 387	  20	   4	 519	   2	   2	  18	  30	  11	  80	  20	  70	 675	935659	936178	   0	 250	
 387	 388	  70	   1	 799	   3	   1	  18	  30	  12	  80	  20	  70	 553	938019	938818	   0	 260	
 388	 389	  20	   4	 564	   2	   2	  18	  31	  12	  80	  20	  70	 501	940606	941170	   0	 260	
 389	 390	  70	   3	 570	   3	   2	  18	  31	  13	  80	  20	  70	 653	943112	943682	   0	 260	
 390	 391	  80	   2	 639	   1	   1	  19	  31	  13	  80	  20	  70	 336	945299	945938	   0	 250	
 391	 392	  70	   4	 669	   3	   2	  19	  31	  14	  80	  20	  70	 354	947605	948274	   0	 250	
 392	 393	  20	   4	 525	   2	   2	  19	  32	  14	  80	  20	  70	 522	950085	950610	   0	 250	
 393	 394	  70	   1	 410	   3	   1	  19	  32	  15	  80	  20	  70	 414	952312	952722	   0	 260	
 394	 395	  20	   3	 450	   2	   2	  19	  33	  15	  80	  20	  70	 508	954512	954962	   0	 260	
 395	 396	  70	   3	 839	   3	   2	  19	  33	  16	  80	  20	  70	 302	956539	957378	   0	 260	
 396	 397	  80	   1	 505	   1	   1	  20	  33	  16	  80	  20	  70	 359	959032	959537	   0	 270	
 397	 398	  70	   4	 655	   3	   2	  20	  33	  17	  80	  20	  70	 556	961378	962033	   0	 270	
 398	 399	  20	   4	 783	   2	   2	  20	  34	  17	  80	  20	  70	 455	963778	964561	   0	 270	
 399	 400	  80	   2	 521	   1	   1	  21	  34	  17	  80	  20	  70	 474	966312	966833	   0	 260	
 400	 401	  20	   4	 540	   2	   2	  21	  35	  17	  80	  20	  70	 683	968805	969345	   0	 260	
 401	 402	  80	   1	 519	   1	   1	  22	  35	  17	  80	  20	  70	 608	971258	971777	   0	 270	
 402	 403	  80	   3	1028	   2	   2	  22	   1	  17	  80	  80	  70	 396	973485	974513	   2	 270	
 403	 404	  80	   1	 863	   1	   1	  23	   1	  17	  80	  80	  70	 459	976258	977121	   0	 280	
 404	 405	  80	   3	 698	   2	   2	  23	   2	  17	  80	  80	  70	 466	978871	979569	   0	 280	
 405	 406	  80	   1	 511	   1	   1	  24	   2	  17	  80	  80	  70	 522	981378	981889	   0	 290	
 406	 407	  80	   3	 596	   2	   2	  24	   3	  17	  80	  80	  70	 398	983565	984161	   0	 290	
 407	 408	  80	   1	 927	   1	   1	  25	   3	  17	  80	  80	  70	 337	985778	986705	   0	 300	
 408	 409	  80	   4	 788	   2	   2	  25	   4	  17	  80	  80	  70	 533	988525	989313	   0	 300	
 409	 410	  80	   1	 525	   1	   1	  26	   4	  17	  80	  80	  70	 449	991044	991569	   0	 310	
 410	 411	  80	   3	 562	   2	   2	  26	   5	  17	  80	  80	  70	 300	993151	993713	   0	 310	
 411	 412	  80	   2	 551	   1	   1	  27	   5	  17	  80	  80	  70	 555	995578	996129	   0	 300	
 412	 413	  80	   3	 506	   2	   2	  27	   6	  17	  80	  80	  70	 585	997991	998497	   0	 300	
 413	 414	  80	   1	 733	   1	   1	  28	   6	  17	  80	  80	  70	 376	1000164	1000897	   0	 310	
 414	 415	  80	   1	 677	   2	   1	  28	   7	  17	  80	  80	  70	 585	1002764	1003441	   0	 320	
 415	 416	  80	   1	 596	   1	   1	  29	   7	  17	  80	  80	  70	 684	1005404	1006000	   0	 330	
 416	 417	  70	   3	 713	   3	   2	  29	   7	  18	  80	  80	  70	 318	1007591	1008304	   0	 330	
 417	 418	  80	   3	 839	   2	   2	  29	   8	  18	  80	  80	  70	 547	1010137	1010976	   0	 330	
 418	 419	  80	   1	 564	   1	   1	  30	   8	  18	  80	  80	  70	 342	1012604	1013168	   0	 340	
 419	 420	  80	   2	 497	   2	   1	  30	   9	  18	  80	  80	  70	 305	1014751	1015248	   0	 330	
 420	 421	  70	   3	 727	   3	   2	  30	   9	  19	  80	  80	  70	 482	1017017	1017744	   0	 330	
 421	 422	  80	   1	1124	   2	   1	  30	  10	  19	  80	  80	  70	 347	1019404	1020528	   0	 340	
 422	 423	  30	   4	 684	   1	   2	   1	  10	  19	  30	  80	  70	 628	1022484	1023168	   1	 340	
 423	 424	  70	   1	1012	   3	   1	   1	  10	  20	  30	  80	  70	 476	1024924	1025936	   0	 350	
 424	 425	  80	   4	 602	   2	   2	   1	  11	  20	  30	  80	  70	 527	1027750	1028352	   0	 350	
 425	 426	  30	   3	 719	   1	   2	   2	  11	  20	  30	  80	  70	 373	1030017	1030736	   0	 350	
 426	 427	  70	   3	 711	   3	   2	   2	  11	  21	  30	  80	  70	 595	1032617	1033328	   0	 350	
 427	 428	  80	   3	 762	   2	   2	   2	  12	  21	  30	  80	  70	 338	1034950	1035712	   0	 350	
 428	 429	  30	   1	 666	   1	   1	   3	  12	  21	  30	  80	  70	 678	1037670	1038336	   0	 360	
 429	 430	  70	   4	 629	   3	   2	   3	  12	  22	  30	  80	  70	 420	1040043	1040672	   0	 360	
 430	 431	  80	   3	 690	   2	   2	   3	  13	  22	  30	  80	  70	 391	1042350	1043040	   0	 360	
 431	 432	  70	   4	 714	   3	   2	   3	  13	  23	  30	  80	  70	 600	1044950	1045664	   0	 360	
 432	 433	  80	   1	 791	   2	   1	   3	  14	  23	  30	  80	  70	 318	1047257	1048048	   0	 370	
 433	 434	  70	   3	 481	   3	   2	   3	  14	  24	  30	  80	  70	 698	1050030	1050511	   0	 370	
 434	 435	  80	   3	 489	   2	   2	   3	  15	  24	  30	  80	  70	 666	1052470	1052959	   0	 370	
 435	 436	  70	   1	 593	   3	   1	   3	  15	  25	  30	  80	  70	 510	1054750	1055343	   0	 380	
 436	 437	  30	   4	 508	   1	   2	   4	  15	  25	  30	  80	  70	 342	1056963	1057471	   0	 380	
 437	 438	  70	   3	 700	   3	   2	   4	  15	  26	  30	  80	  70	 679	1059443	1060143	   0	 380	
 438	 439	  30	   4	 575	   1	   2	   5	  15	  26	  30	  80	  70	 515	1061936	1062511	   0	 380	
 439	 440	  70	   1	 524	   3	   1	   5	  15	  27	  30	  80	  70	 525	1064323	1064847	   0	 390	
 440	 441	  80	   3	 636	   2	   2	   5	  16	  27	  30	  80	  70	 597	1066723	1067359	   0	 390	
 441	 442	  70	   2	 719	   3	   1	   5	  16	  28	  30	  80	  70	 630	1069296	1070015	   0	 380	
 442	 443	  30	   4	 948	   1	   2	   6	  16	  28	  30	  80	  70	 338	1071643	1072591	   0	 380	
 443	 444	  80	   1	 439	   2	   1	   6	  17	  28	  30	  80	  70	 576	1074456	1074895	   0	 390	
 444	 445	  30	   3	 444	   1	   2	   7	  17	  28	  30	  80	  70	 700	1076883	1077327	   0	 390	
 445	 446	  80	   4	 716	   2	   2	   7	  18	  28	  30	  80	  70	 591	1079203	1079919	   0	 390	
 446	 447	  30	   4	 804	   1	   2	   8	  18	  28	  30	  80	  70	 611	1081803	1082607	   0	 390	
 447	 448	  80	   1	 719	   2	   1	   8	  19	  28	  30	  80	  70	 602	1084496	1085215	   0	 400	
 448	 449	  30	   4	1178	   1	   2	   9	  19	  28	  30	  80	  70	 369	1086869	1088047	   0	 400	
 449	 450	  70	   1	1727	   3	   1	   9	  19	  29	  30	  80	  70	 681	1090016	1091743	   0	 410	
 450	 451	  30	   4	 522	   1	   2	  10	  19	  29	  30	  80	  70	 559	1093589	1094111	   0	 410	
 451	 452	  80	   1	 958	   2	   1	  10	  20	  29	  30	  80	  70	 352	1095776	1096734	   0	 420	
 452	 453	  70	   3	 495	   3	   2	  10	  20	  30	  30	  80	  70	 637	1098655	1099150	   0	 420	
 453	 454	  80	   3	 905	   2	   2	  10	  21	  30	  30	  80	  70	 438	1100869	1101774	   0	 420	
 454	 455	  30	   3	 673	   1	   2	  11	  21	  30	  30	  80	  70	 411	1103469	1104142	   0	 420	
 455	 456	  80	   1	 559	   2	   1	  11	  22	  30	  30	  80	  70	 355	1105775	1106334	   0	 430	
 456	 457	  70	   1	 663	   3	   1	  11	  22	  31	  30	  80	  70	 354	1107975	1108638	   0	 440	
 457	 458	  30	   4	 489	   1	   2	  12	  22	  31	  30	  80	  70	 627	1110549	1111038	   0	 440	
 458	 459	  70	   1	1092	   3	   1	  12	  22	  32	  30	  80	  70	 450	1112762	1113854	   0	 450	
 459	 460	  30	   4	 706	   1	   2	  13	  22	  32	  30	  80	  70	 485	1115628	1116334	   0	 450	
 460	 461	  80	   1	 780	   2	   1	  13	  23	  32	  30	  80	  70	 698	1118322	1119102	   0	 460	
 461	 462	  70	   3	 540	   3	   2	  13	  23	  33	  30	  80	  70	 318	1120722	1121262	   0	 460	
 462	 463	  30	   3	 716	   1	   2	  14	  23	  33	  30	  80	  70	 573	1123122	1123838	   0	 460	
 463	 464	  80	   1	 492	   2	   1	  14	  24	  33	  30	  80	  70	 569	1125682	1126174	   0	 470	
 464	 465	  30	   4	 426	   1	   2	  15	  24	  33	  30	  80	  70	 684	1128148	1128574	   0	 470	
 465	 466	  70	   2	 983	   3	   1	  15	  24	  34	  30	  80	  70	 673	1130535	1131518	   0	 460	
 466	 467	  80	   4	 373	   2	   2	  15	  25	  34	  30	  80	  70	 684	1133481	1133854	   0	 460	
 467	 468	  70	   3	 783	   3	   2	  15	  25	  35	  30	  80	  70	 308	1135455	1136238	   0	 460	
 468	 469	  30	   4	 634	   1	   2	  16	  25	  35	  30	  80	  70	 316	1137828	1138462	   0	 460	
 469	 470	  80	   1	 477	   2	   1	  16	  26	  35	  30	  80	  70	 500	1140241	1140718	   0	 470	
 470	 471	  30	   3	 668	   1	   2	  17	  26	  35	  30	  80	  70	 409	1142401	1143069	   0	 470	
 471	 472	  50	   4	 780	   3	   2	  17	  26	   1	  30	  80	  50	 696	1145121	1145901	   3	 470	
 472	 473	  30	   4	 449	   1	   2	  18	  26	   1	  30	  80	  50	 603	1147788	1148237	   0	 470	
 473	 474	  80	   3	 497	   2	   2	  18	  27	   1	  30	  80	  50	 346	1149868	1150365	   0	 470	
 474	 475	  30	   4	 481	   1	   2	  19	  27	   1	  30	  80	  50	 537	1152188	1152669	   0	 470	
 475	 476	  50	   3	 703	   3	   2	  19	  27	   2	  30	  80	  50	 540	1154494	1155197	   0	 470	
 476	 477	  80	   3	 761	   2	   2	  19	  28	   2	  30	  80	  50	 546	1157028	1157789	   0	 470	
 477	 478	  50	   4	 754	   3	   2	  19	  28	   3	  30	  80	  50	 390	1159467	1160221	   0	 470	
 478	 479	  80	   4	 506	   2	   2	  19	  29	   3	  30	  80	  50	 648	1162147	1162653	   0	 470	
 479	 480	  30	   4	 386	   1	   2	  20	  29	   3	  30	  80	  50	 408	1164347	1164733	   0	 470	
 480	 481	  50	   4	 327	   3	   2	  20	  29	   4	  30	  80	  50	 592	1166614	1166941	   0	 470	
 481	 482	  80	   3	 407	   2	   2	  20	  30	   4	  30	  80	  50	 448	1168694	1169101	   0	 470	
 482	 483	  50	   3	 452	   3	   2	  20	  30	   5	  30	  80	  50	 533	1170921	1171373	   0	 470	
 483	 484	  20	   3	 404	   2	   2	  20	   1	   5	  30	  20	  50	 480	1173161	1173565	   2	 470	
 484	 485	  30	   4	 583	   1	   2	  21	   1	   5	  30	  20	  50	 331	1175174	1175757	   0	 470	
 485	 486	  20	   2	 863	   2	   1	  21	   2	   5	  30	  20	  50	 421	1177454	1178317	   0	 460	
 486	 487	  50	   3	 218	   3	   2	  21	   2	   6	  30	  20	  50	 466	1180067	1180285	   0	 460	
 487	 488	  20	   4	 429	   2	   2	  21	   3	   6	  30	  20	  50	 587	1182160	1182589	   0	 460	
 488	 489	  30	   1	 493	   1	   1	  22	   3	   6	  30	  20	  50	 372	1184240	1184733	   0	 470	
 489	 490	  50	   1	 581	   3	   1	  22	   3	   7	  30	  20	  50	 503	1186520	1187101	   0	 480	
 490	 491	  30	   3	 478	   1	   2	  23	   3	   7	  30	  20	  50	 507	1188894	1189372	   0	 480	
 491	 492	  50	   3	 468	   3	   2	  23	   3	   8	  30	  20	  50	 314	1191000	1191468	   0	 480	
 492	 493	  20	   3	 612	   2	   2	  23	   4	   8	  30	  20	  50	 483	1193240	1193852	   0	 480	
 493	 494	  50	   2	 668	   3	   1	  23	   4	   9	  30	  20	  50	 614	1195760	1196428	   0	 470	
 494	 495	  30	   4	 791	   1	   2	  24	   4	   9	  30	  20	  50	 654	1198373	1199164	   0	 470	
 495	 496	  20	   2	 428	   2	   1	  24	   5	   9	  30	  20	  50	 517	1200960	1201388	   0	 460	
 496	 497	  50	   2	 753	   3	   1	  24	   5	  10	  30	  20	  50	 472	1203147	1203900	   0	 450	
 497	 498	  30	   4	 823	   1	   2	  25	   5	  10	  30	  20	  50	 308	1205493	1206316	   0	 450	
 498	 499	  50	   3	 615	   3	   2	  25	   5	  11	  30	  20	  50	 458	1208053	1208668	   0	 450	
 499	 500	  30	   4	 415	   1	   2	  26	   5	  11	  30	  20	  50	 537	1210493	1210908	   0	 450	
 500	 501	  50	   2	 466	   3	   1	  26	   5	  12	  30	  20	  50	 546	1212746	1213212	   0	 440	
 501	 502	  20	   2	 567	   2	   1	  26	   6	  12	  30	  20	  50	 331	1214853	1215420	   0	 430	
 502	 503	  30	   2	 746	   1	   1	  27	   6	  12	  30	  20	  50	 404	1217106	1217852	   0	 420	
 503	 504	  50	   3	 519	   3	   2	  27	   6	  13	  30	  20	  50	 358	1219493	1220012	   0	 420	
 504	 505	  30	   3	 479	   1	   2	  28	   6	  13	  30	  20	  50	 306	1221613	1222092	   0	 420	
 505	 506	  20	   4	 338	   2	   2	  28	   7	  13	  30	  20	  50	 408	1223786	1224124	   0	 420	
 506	 507	  50	   1	 605	   3	   1	  28	   7	  14	  30	  20	  50	 597	1225999	1226604	   0	 430	
 507	 508	  20	   2	 570	   2	   1	  28	   8	  14	  30	  20	  50	 345	1228226	1228796	   0	 420	
 508	 509	  50	   4	 725	   3	   2	  28	   8	  15	  30	  20	  50	 368	1230439	1231164	   0	 420	
 509	 510	  30	   2	 564	   1	   1	  29	   8	  15	  30	  20	  50	 317	1232759	1233323	   0	 410	
 510	 511	  50	   2	 799	   3	   1	  29	   8	  16	  30	  20	  50	 607	1235212	1236011	   0	 400	
 511	 512	  30	   4	 399	   1	   2	  30	   8	  16	  30	  20	  50	 368	1237692	1238091	   0	 400	
 512	 513	  20	   4	 532	   2	   2	  30	   9	  16	  30	  20	  50	 499	1239879	1240411	   0	 400	
 513	 514	  30	   4	 591	   1	   2	  31	   9	  16	  30	  20	  50	 637	1242332	1242923	   0	 400	
 514	 515	  50	   3	 663	   3	   2	  31	   9	  17	  30	  20	  50	 570	1244772	1245435	   0	 400	
 515	 516	  30	   4	 599	   1	   2	  32	   9	  17	  30	  20	  50	 459	1247172	1247771	   0	 400	
 516	 517	  20	   4	 801	   2	   2	  32	  10	  17	  30	  20	  50	 651	1249706	1250507	   0	 400	
 517	 518	  50	   2	 924	   3	   1	  32	  10	  18	  30	  20	  50	 361	1252159	1253083	   0	 390	
 518	 519	  20	   4	 402	   2	   2	  32	  11	  18	  30	  20	  50	 303	1254665	1255067	   0	 390	
 519	 520	  30	   4	 580	   1	   2	  33	  11	  18	  30	  20	  50	 560	1256919	1257499	   0	 390	
 520	 521	  20	   4	 599	   2	   2	  33	  12	  18	  30	  20	  50	 311	1259092	1259691	   0	 390	
 521	 522	  50	   1	1084	   3	   1	  33	  12	  19	  30	  20	  50	 512	1261519	1262603	   0	 400	
 522	 523	  80	   4	1052	   1	   2	   1	  12	  19	  80	  20	  50	 332	1264239	1265291	   1	 400	
 523	 524	  50	   4	 975	   3	   2	   1	  12	  20	  80	  20	  50	 478	1267052	1268027	   0	 400	
 524	 525	  80	   1	 639	   1	   1	   2	  12	  20	  80	  20	  50	 381	1269692	1270331	   0	 410	
 525	 526	  50	   4	 461	   3	   2	   2	  12	  21	  80	  20	  50	 620	1272238	1272699	   0	 410	
 526	 527	  80	   3	 591	   1	   2	   3	  12	  21	  80	  20	  50	 591	1274572	1275163	   0	 410	
 527	 528	  50	   2	1530	   3	   1	   3	  12	  22	  80	  20	  50	 344	1276785	1278315	   0	 400	
 528	 529	  80	   2	 454	   1	   1	   4	  12	  22	  80	  20	  50	 538	1280132	1280586	   0	 390	
 529	 530	  50	   1	 908	   3	   1	   4	  12	  23	  80	  20	  50	 607	1282478	1283386	   0	 400	
 530	 531	  80	   3	 511	   1	   2	   5	  12	  23	  80	  20	  50	 543	1285211	1285722	   0	 400	
 531	 532	  50	   3	 529	   3	   2	   5	  12	  24	  80	  20	  50	 590	1287625	1288154	   0	 400	
 532	 533	  80	   3	 647	   1	   2	   6	  12	  24	  80	  20	  50	 384	1289811	1290458	   0	 400	
 533	 534	  20	   4	 521	   2	   2	   6	  13	  24	  80	  20	  50	 483	1292225	1292746	   0	 400	
 534	 535	  50	   3	 505	   3	   2	   6	  13	  25	  80	  20	  50	 436	1294465	1294970	   0	 400	
 535	 536	  20	   3	 511	   2	   2	   6	  14	  25	  80	  20	  50	 476	1296731	1297242	   0	 400	
 536	 537	  80	   1	 402	   1	   1	   7	  14	  25	  80	  20	  50	 696	1299224	1299626	   0	 410	
 537	 538	  50	   1	 436	   3	   1	   7	  14	  26	  80	  20	  50	 572	1301478	1301914	   0	 420	
 538	 539	  20	   2	 452	   2	   1	   7	  15	  26	  80	  20	  50	 686	1303878	1304330	   0	 410	
 539	 540	  50	   4	 546	   3	   2	   7	  15	  27	  80	  20	  50	 401	1306024	1306570	   0	 410	
 540	 541	  20	   3	 450	   2	   2	   7	  16	  27	  80	  20	  50	 645	1308504	1308954	   0	 410	
 541	 542	  50	   4	 564	   3	   2	   7	  16	  28	  80	  20	  50	 413	1310678	1311242	   0	 410	
 542	 543	  20	   4	 543	   2	   2	   7	  17	  28	  80	  20	  50	 683	1313211	1313754	   0	 410	
 543	 544	  80	   1	 597	   1	   1	   8	  17	  28	  80	  20	  50	 605	1315637	1316234	   0	 420	
 544	 545	  20	   4	 578	   2	   2	   8	  18	  28	  80	  20	  50	 507	1318024	1318602	   0	 420	
 545	 546	  50	   3	 471	   3	   2	   8	  18	  29	  80	  20	  50	 483	1320371	1320842	   0	 420	
 546	 547	  20	   4	 695	   2	   2	   8	  19	  29	  80	  20	  50	 401	1322531	1323226	   0	 420	
 547	 548	  80	   1	 558	   1	   1	   9	  19	  29	  80	  20	  50	 384	1324891	1325449	   0	 430	
 548	 549	  50	   2	 772	   3	   1	   9	  19	  30	  80	  20	  50	 653	1327397	1328169	   0	 420	
 549	 550	  20	   4	 556	   2	   2	   9	  20	  30	  80	  20	  50	 539	1329997	1330553	   0	 420	
 550	 551	  80	   1	 577	   1	   1	  10	  20	  30	  80	  20	  50	 673	1332504	1333081	   0	 430	
 551	 552	  20	   4	 564	   2	   2	  10	  21	  30	  80	  20	  50	 687	1335077	1335641	   0	 430	
 552	 553	  80	   1	 564	   1	   1	  11	  21	  30	  80	  20	  50	 546	1337477	1338041	   0	 440	
 553	 554	  50	   3	 553	   3	   2	  11	  21	  31	  80	  20	  50	 503	1339824	1340377	   0	 440	
 554	 555	  20	   3	 570	   2	   2	  11	  22	  31	  80	  20	  50	 401	1342063	1342633	   0	 440	
 555	 556	  50	   2	 396	   3	   1	  11	  22	  32	  80	  20	  50	 491	1344397	1344793	   0	 430	
 556	 557	  80	   1	 434	   1	   1	  12	  22	  32	  80	  20	  50	 435	1346503	1346937	   0	 440	
 557	 558	  50	   4	 434	   3	   2	  12	  22	  33	  80	  20	  50	 439	1348663	1349097	   0	 440	
 558	 559	  80	   3	 594	   1	   2	  13	  22	  33	  80	  20	  50	 680	1351063	1351657	   0	 440	
 559	 560	  30	   4	 658	   3	   2	  13	  22	   1	  80	  20	  30	 666	1353623	1354281	   3	 440	
 560	 561	  80	   2	 620	   1	   1	  14	  22	   1	  80	  20	  30	 672	1356237	1356857	   0	 430	
 561	 562	  20	   4	 495	   2	   2	  14	  23	   1	  80	  20	  30	 481	1358650	1359145	   0	 430	
 562	 563	  30	   2	 631	   3	   1	  14	  23	   2	  80	  20	  30	 496	1360930	1361561	   0	 420	
 563	 564	  20	   4	 517	   2	   2	  14	  24	   2	  80	  20	  30	 388	1363236	1363753	   0	 420	
 564	 565	  80	   3	 871	   1	   2	  15	  24	   2	  80	  20	  30	 699	1365730	1366601	   0	 420	
 565	 566	  20	   4	 463	   2	   2	  15	  25	   2	  80	  20	  30	 528	1368410	1368873	   0	 420	
 566	 567	  80	   2	 929	   1	   1	  16	  25	   2	  80	  20	  30	 350	1370503	1371432	   0	 410	
 567	 568	  30	   4	 668	   3	   2	  16	  25	   3	  80	  20	  30	 560	1373276	1373944	   0	 410	
 568	 569	  20	   4	 732	   2	   2	  16	  26	   3	  80	  20	  30	 447	1375676	1376408	   0	 410	
 569	 570	  80	   1	 468	   1	   1	  17	  26	   3	  80	  20	  30	 416	1378116	1378584	   0	 420	
 570	 571	  20	   4	 513	   2	   2	  17	  27	   3	  80	  20	  30	 630	1380503	1381016	   0	 420	
 571	 572	  80	   1	 471	   1	   1	  18	  27	   3	  80	  20	  30	 447	1382769	1383240	   0	 430	
 572	 573	  30	   2	 732	   3	   1	  18	  27	   4	  80	  20	  30	 429	1384956	1385688	   0	 420	
 573	 574	  20	   3	 628	   2	   2	  18	  28	   4	  80	  20	  30	 499	1387476	1388104	   0	 420	
 574	 575	  30	   3	 380	   3	   2	  18	  28	   5	  80	  20	  30	 524	1389916	1390296	   0	 420	
 575	 576	  20	   4	 551	   2	   2	  18	  29	   5	  80	  20	  30	 397	1391969	1392520	   0	 420	
 576	 577	  80	   1	 652	   1	   1	  19	  29	   5	  80	  20	  30	 357	1394156	1394808	   0	 430	
 577	 578	  20	   4	 735	   2	   2	  19	  30	   5	  80	  20	  30	 635	1396729	1397464	   0	 430	
 578	 579	  30	   4	 839	   3	   2	  19	  30	   6	  80	  20	  30	 495	1399249	1400088	   0	 430	
 579	 580	  20	   4	 559	   2	   2	  19	  31	   6	  80	  20	  30	 546	1401929	1402488	   0	 430	
 580	 581	  80	   1	 474	   1	   1	  20	  31	   6	  80	  20	  30	 604	1404382	1404856	   0	 440	
 581	 582	  20	   4	 415	   2	   2	  20	  32	   6	  80	  20	  30	 562	1406729	1407144	   0	 440	
 582	 583	  30	   3	 549	   3	   2	  20	  32	   7	  80	  20	  30	 409	1408835	1409384	   0	 440	
 583	 584	  20	   4	 634	   2	   2	  20	  33	   7	  80	  20	  30	 508	1411182	1411816	   0	 440	
 584	 585	  30	   4	 589	   3	   2	  20	  33	   8	  80	  20	  30	 658	1413755	1414344	   0	 440	
 585	 586	  80	   1	 476	   1	   1	  21	  33	   8	  80	  20	  30	 359	1415995	1416471	   0	 450	
 586	 587	  30	   4	 500	   3	   2	  21	  33	   9	  80	  20	  30	 447	1418195	1418695	   0	 450	
 587	 588	  80	   2	 604	   1	   1	  22	  33	   9	  80	  20	  30	 421	1420395	1420999	   0	 440	
 588	 589	  20	   4	 412	   2	   2	  22	  34	   9	  80	  20	  30	 517	1422795	1423207	   0	 440	
 589	 590	  30	   3	 476	   3	   2	  22	  34	  10	  80	  20	  30	 458	1424955	1425431	   0	 440	
 590	 591	  80	   3	 417	   1	   2	  23	  34	  10	  80	  20	  30	 433	1427142	1427559	   0	 440	
 591	 592	  20	   4	 580	   2	   2	  23	  35	  10	  80	  20	  30	 605	1429475	1430055	   0	 440	
 592	 593	  80	   1	 457	   1	   1	  24	  35	  10	  80	  20	  30	 330	1431662	1432119	   0	 450	
 593	 594	  70	   3	 804	   2	   2	  24	   1	  10	  80	  70	  30	 614	1434035	1434839	   2	 450	
 594	 595	  80	   3	 522	   1	   2	  25	   1	  10	  80	  70	  30	 661	1436781	1437303	   0	 450	
 595	 596	  30	   4	 522	   3	   2	  25	   1	  11	  80	  70	  30	 355	1438941	1439463	   0	 450	
 596	 597	  80	   1	 455	   1	   1	  26	   1	  11	  80	  70	  30	 421	1441168	1441623	   0	 460	
 597	 598	  70	   3	 572	   2	   2	  26	   2	  11	  80	  70	  30	 360	1443275	1443847	   0	 460	
 598	 599	  80	   1	 394	   1	   1	  27	   2	  11	  80	  70	  30	 445	1445581	1445975	   0	 470	
 599	 600	  30	   4	 423	   3	   2	  27	   2	  12	  80	  70	  30	 471	1447728	1448151	   0	 470	
 600	 601	  80	   2	 389	   1	   1	  28	   2	  12	  80	  70	  30	 441	1449874	1450263	   0	 460	
 601	 602	  70	   1	 407	   2	   1	  28	   3	  12	  80	  70	  30	 474	1452048	1452455	   0	 470	
 602	 603	  30	   4	 458	   3	   2	  28	   3	  13	  80	  70	  30	 492	1454221	1454679	   0	 470	
 603	 604	  70	   1	 479	   2	   1	  28	   4	  13	  80	  70	  30	 361	1456328	1456807	   0	 480	
 604	 605	  30	   4	 463	   3	   2	  28	   4	  14	  80	  70	  30	 557	1458648	1459111	   0	 480	
 605	 606	  70	   2	 458	   2	   1	  28	   5	  14	  80	  70	  30	 558	1460941	1461399	   0	 470	
 606	 607	  30	   3	 414	   3	   2	  28	   5	  15	  80	  70	  30	 528	1463208	1463622	   0	 470	
 607	 608	  70	   1	 409	   2	   1	  28	   6	  15	  80	  70	  30	 429	1465341	1465750	   0	 480	
 608	 609	  30	   4	 444	   3	   2	  28	   6	  16	  80	  70	  30	 322	1467354	1467798	   0	 480	
 609	 610	  80	   1	 425	   1	   1	  29	   6	  16	  80	  70	  30	 333	1469421	1469846	   0	 490	
 610	 611	  70	   2	 569	   2	   1	  29	   7	  16	  80	  70	  30	 445	1471581	1472150	   0	 480	
 611	 612	  30	   4	 468	   3	   2	  29	   7	  17	  80	  70	  30	 496	1473954	1474422	   0	 480	
 612	 613	  70	   3	 497	   2	   2	  29	   8	  17	  80	  70	  30	 395	1476101	1476598	   0	 480	
 613	 614	  80	   1	 465	   1	   1	  30	   8	  17	  80	  70	  30	 377	1478261	1478726	   0	 490	
 614	 615	  70	   1	 372	   2	   1	  30	   9	  17	  80	  70	  30	 664	1480674	1481046	   0	 500	
 615	 616	  30	   4	 463	   3	   2	  30	   9	  18	  80	  70	  30	 466	1482807	1483270	   0	 500	
 616	 617	  50	   4	 580	   1	   2	   1	   9	  18	  50	  70	  30	 330	1484914	1485494	   1	 500	
 617	 618	  30	   3	 503	   3	   2	   1	   9	  19	  50	  70	  30	 392	1487167	1487670	   0	 500	
 618	 619	  70	   2	 487	   2	   1	   1	  10	  19	  50	  70	  30	 461	1489407	1489894	   0	 490	
 619	 620	  30	   3	 516	   3	   2	   1	  10	  20	  50	  70	  30	 301	1491474	1491990	   0	 490	
 620	 621	  70	   1	 511	   2	   1	   1	  11	  20	  50	  70	  30	 501	1493767	1494278	   0	 500	
 621	 622	  50	   4	 525	   1	   2	   2	  11	  20	  50	  70	  30	 567	1496153	1496678	   0	 500	
 622	 623	  70	   1	 535	   2	   1	   2	  12	  20	  50	  70	  30	 400	1498367	1498902	   0	 510	
 623	 624	  50	   4	 498	   1	   2	   3	  12	  20	  50	  70	  30	 551	1500740	1501238	   0	 510	
 624	 625	  30	   3	 503	   3	   2	   3	  12	  21	  50	  70	  30	 322	1502847	1503350	   0	 510	
 625	 626	  70	   1	 482	   2	   1	   3	  13	  21	  50	  70	  30	 509	1505140	1505622	   0	 520	
 626	 627	  50	   3	 550	   1	   2	   4	  13	  21	  50	  70	  30	 497	1507407	1507957	   0	 520	
 627	 628	  30	   4	 649	   3	   2	   4	  13	  22	  50	  70	  30	 420	1509660	1510309	   0	 520	
 628	 629	  50	   3	 497	   1	   2	   5	  13	  22	  50	  70	  30	 514	1512100	1512597	   0	 520	
 629	 630	  70	   1	 785	   2	   1	   5	  14	  22	  50	  70	  30	 539	1514420	1515205	   0	 530	
 630	 631	  30	   4	 561	   3	   2	   5	  14	  23	  50	  70	  30	 643	1517140	1517701	   0	 530	
 631	 632	  50	   4	 617	   1	   2	   6	  14	  23	  50	  70	  30	 571	1519580	1520197	   0	 530	
 632	 633	  70	   2	 623	   2	   1	   6	  15	  23	  50	  70	  30	 439	1521926	1522549	   0	 520	
 633	 634	  30	   4	 506	   3	   2	   6	  15	  24	  50	  70	  30	 632	1524459	1524965	   0	 520	
 634	 635	  50	   3	 471	   1	   2	   7	  15	  24	  50	  70	  30	 355	1526606	1527077	   0	 520	
 635	 636	  30	   4	 482	   3	   2	   7	  15	  25	  50	  70	  30	 625	1528979	1529461	   0	 520	
 636	 637	  50	   1	 666	   1	   1	   8	  15	  25	  50	  70	  30	 427	1531179	1531845	   0	 530	
 637	 638	  30	   4	 487	   3	   2	   8	  15	  26	  50	  70	  30	 587	1533726	1534213	   0	 530	
 638	 639	  70	   1	 714	   2	   1	   8	  16	  26	  50	  70	  30	 483	1535979	1536693	   0	 540	
 639	 640	  50	   3	 471	   1	   2	   9	  16	  26	  50	  70	  30	 316	1538286	1538757	   0	 540	
 640	 641	  70	   1	 503	   2	   1	   9	  17	  26	  50	  70	  30	 485	1540526	1541029	   0	 550	
 641	 642	  30	   3	 522	   3	   2	   9	  17	  27	  50	  70	  30	 602	1542939	1543461	   0	 550	
 642	 643	  50	   4	 666	   1	   2	  10	  17	  27	  50	  70	  30	 587	1545339	1546005	   0	 550	
 643	 644	  70	   1	 522	   2	   1	  10	  18	  27	  50	  70	  30	 528	1547819	1548341	   0	 560	
 644	 645	  30	   4	 461	   3	   2	  10	  18	  28	  50	  70	  30	 519	1550152	1550613	   0	 560	
 645	 646	  70	   2	 436	   2	   1	  10	  19	  28	  50	  70	  30	 536	1552432	1552868	   0	 550	
 646	 647	  50	   3	 590	   1	   2	  11	  19	  28	  50	  70	  30	 421	1554566	1555156	   0	 550	
 647	 648	  30	   4	 487	   3	   2	  11	  19	  29	  50	  70	  30	 487	1556925	1557412	   0	 550	
 648	 649	  50	   2	 447	   1	   1	  12	  19	  29	  50	  70	  30	 677	1559365	1559812	   0	 540	
 649	 650	  30	   3	 604	   3	   2	  12	  19	  30	  50	  70	  30	 337	1561432	1562036	   0	 540	
 650	 651	  70	   2	 516	   2	   1	  12	  20	  30	  50	  70	  30	 471	1563792	1564308	   0	 530	
 651	 652	  30	   4	 511	   3	   2	  12	  20	   1	  50	  70	  30	 468	1566085	1566596	   0	 530	
 652	 653	  50	   2	 436	   1	   1	  13	  20	   1	  50	  70	  30	 551	1568432	1568868	   0	 520	
 653	 654	  70	   2	 607	   2	   1	  13	  21	   1	  50	  70	  30	 499	1570645	1571252	   0	 510	
 654	 655	  50	   1	 535	   1	   1	  14	  21	   1	  50	  70	  30	 311	1572845	1573380	   0	 520	
 655	 656	  70	   1	 482	   2	   1	  14	  22	   1	  50	  70	  30	 629	1575298	1575780	   0	 530	
 656	 657	  30	   4	 727	   3	   2	  14	  22	   2	  50	  70	  30	 337	1577405	1578132	   0	 530	
 657	 658	  50	   1	 522	   1	   1	  15	  22	   2	  50	  70	  30	 327	1579738	1580260	   0	 540	
 658	 659	  30	   4	 466	   3	   2	  15	  22	   3	  50	  70	  30	 390	1581938	1582404	   0	 540	
 659	 660	  70	   1	 647	   2	   1	  15	  23	   3	  50	  70	  30	 511	1584205	1584852	   0	 550	
 660	 661	  30	   4	 597	   3	   2	  15	  23	   4	  50	  70	  30	 456	1586591	1587188	   0	 550	
 661	 662	  70	   1	 434	   2	   1	  15	  24	   4	  50	  70	  30	 324	1588818	1589252	   0	 560	
 662	 663	  30	   3	 503	   3	   2	  15	  24	   5	  50	  70	  30	 549	1591085	1591588	   0	 560	
 663	 664	  70	   1	 477	   2	   1	  15	  25	   5	  50	  70	  30	 403	1593271	1593748	   0	 570	
 664	 665	  50	   4	 415	   1	   2	  16	  25	   5	  50	  70	  30	 497	1595525	1595940	   0	 570	
 665	 666	  30	   4	 597	   3	   2	  16	  25	   6	  50	  70	  30	 327	1597551	1598148	   0	 570	
 666	 667	  70	   1	 462	   2	   1	  16	  26	   6	  50	  70	  30	 418	1599845	1600307	   0	 580	
 667	 668	  30	   3	 473	   3	   2	  16	  26	   7	  50	  70	  30	 396	1601978	1602451	   0	 580	
 668	 669	  50	   1	 524	   1	   1	  17	  26	   7	  50	  70	  30	 494	1604231	1604755	   0	 590	
 669	 670	  70	   4	 436	   2	   2	  17	  27	   7	  50	  70	  30	 471	1606511	1606947	   0	 590	
 670	 671	  50	   2	 748	   1	   1	  18	  27	   7	  50	  70	  30	 639	1608871	1609619	   0	 580	
 671	 672	  30	   4	 532	   3	   2	  18	  27	   8	  50	  70	  30	 462	1611391	1611923	   0	 580	
 672	 673	  70	   1	 593	   2	   1	  18	  28	   8	  50	  70	  30	 566	1613778	1614371	   0	 590	
 673	 674	  30	   4	 479	   3	   2	  18	  28	   9	  50	  70	  30	 667	1616324	1616803	   0	 590	
 674	 675	  50	   3	 868	   1	   2	  19	  28	   9	  50	  70	  30	 423	1618511	1619379	   0	 590	
 675	 676	  70	   1	 482	   2	   1	  19	  29	   9	  50	  70	  30	 473	1621137	1621619	   0	 600	
 676	 677	  30	   3	 543	   3	   2	  19	  29	  10	  50	  70	  30	 539	1623444	1623987	   0	 600	
 677	 678	  50	   4	 572	   1	   2	  20	  29	  10	  50	  70	  30	 649	1625911	1626483	   0	 600	
 678	 679	  70	   2	 378	   2	   1	  20	  30	  10	  50	  70	  30	 449	1628217	1628595	   0	 590	
 679	 680	  50	   3	 434	   1	   2	  21	  30	  10	  50	  70	  30	 613	1630497	1630931	   0	 590	
 680	 681	  30	   4	 509	   3	   2	  21	  30	  11	  50	  70	  30	 418	1632630	1633139	   0	 590	
 681	 682	  50	   1	 413	   1	   1	  22	  30	  11	  50	  70	  30	 416	1634870	1635283	   0	 600	
 682	 683	  30	   4	 495	   3	   2	  22	  30	  12	  50	  70	  30	 638	1637204	1637699	   0	 600	
 683	 684	  50	   1	 607	   1	   1	  23	  30	  12	  50	  70	  30	 377	1639364	1639971	   0	 610	
 684	 685	  70	   1	 479	   2	   1	  23	  31	  12	  50	  70	  30	 587	1641844	1642323	   0	 620	
 685	 686	  50	   4	 582	   1	   2	  24	  31	  12	  50	  70	  30	 510	1644124	1644706	   0	 620	
 686	 687	  70	   1	 420	   2	   1	  24	  32	  12	  50	  70	  30	 685	1646670	1647090	   0	 630	
 687	 688	  50	   4	 420	   1	   2	  25	  32	  12	  50	  70	  30	 377	1648750	1649170	   0	 630	
 688	 689	  30	   4	 495	   3	   2	  25	  32	  13	  50	  70	  30	 512	1650963	1651458	   0	 630	
 689	 690	  50	   4	 580	   1	   2	  26	  32	  13	  50	  70	  30	 565	1653310	1653890	   0	 630	
 690	 691	  30	   4	 569	   3	   2	  26	  32	  14	  50	  70	  30	 562	1655737	1656306	   0	 630	
 691	 692	  70	   1	 433	   2	   1	  26	  33	  14	  50	  70	  30	 639	1658257	1658690	   0	 640	
 692	 693	  30	   3	 540	   3	   2	  26	  33	  15	  50	  70	  30	 573	1660550	1661090	   0	 640	
 693	 694	  50	   4	 546	   1	   2	  27	  33	  15	  50	  70	  30	 522	1662896	1663442	   0	 640	
 694	 695	  70	   2	 564	   2	   1	  27	  34	  15	  50	  70	  30	 416	1665150	1665714	   0	 630	
 695	 696	  30	   4	 580	   3	   2	  27	  34	  16	  50	  70	  30	 467	1667470	1668050	   0	 630	
 696	 697	  50	   1	 508	   1	   1	  28	  34	  16	  50	  70	  30	 335	1669670	1670178	   0	 640	
 697	 698	  30	   4	 420	   3	   2	  28	  34	  17	  50	  70	  30	 644	1672110	1672530	   0	 640	
 698	 699	  50	   4	 367	   1	   2	  29	  34	  17	  50	  70	  30	 669	1674483	1674850	   0	 640	
 699	 700	  30	   2	 578	   3	   1	  29	  34	  18	  50	  70	  30	 447	1676576	1677154	   0	 630	
 700	 701	  70	   1	 671	   2	   1	  29	  35	  18	  50	  70	  30	 680	1679123	1679794	   0	 640	
 701	 702	  30	   3	 565	   3	   2	  29	  35	  19	  50	  70	  30	 360	1681469	1682034	   0	 640	
 702	 703	  50	   1	 687	   1	   1	  30	  35	  19	  50	  70	  30	 369	1683683	1684370	   0	 650	
 703	 704	  30	   3	 538	   3	   2	  30	  35	  20	  50	  70	  30	 407	1686056	1686594	   0	 650	
 704	 705	  50	   4	 567	   1	   2	  31	  35	  20	  50	  70	  30	 409	1688283	1688850	   0	 650	
 705	 706	  70	   1	 478	   2	   1	  31	   1	  20	  50	  70	  30	 506	1690643	1691121	   0	 660	
 706	 707	  50	   4	 537	   1	   2	  32	   1	  20	  50	  70	  30	 687	1693096	1693633	   0	 660	
 707	 708	  30	   3	 444	   3	   2	  32	   1	  21	  50	  70	  30	 587	1695509	1695953	   0	 660	
 708	 709	  50	   3	 553	   1	   2	  33	   1	  21	  50	  70	  30	 417	1697656	1698209	   0	 660	
 709	 710	  30	   4	 471	   3	   2	  33	   1	  22	  50	  70	  30	 627	1700122	1700593	   0	 660	
 710	 711	  70	   1	 487	   2	   1	  33	   2	  22	  50	  70	  30	 487	1702362	1702849	   0	 670	
 711	 712	  50	   4	 559	   1	   2	   1	   2	  22	  50	  70	  30	 492	1704642	1705201	   0	 670	
