Version: 1	Number of symbols: 3	Pictures exchange: true	Response Deadline: 2000
Trial_No	Virt_Trial_No	Prob_Shown	Feedback	RT	Stimulus_No	Resp	SymbolA_Stage	SymbolB_Stage	SymbolC_Stage	Prob_A	Prob_B	Prob_C	Jitter	StimOnset	RespOnset	Symbol_Changes	Bonus_sum
   1	   1	  30	   4	 600	   1	   2	   1	   0	   0	  30	  70	  50	 382	1559	2159	   0	   0	
   2	   2	  50	   4	 706	   3	   2	   1	   0	   1	  30	  70	  50	 319	3773	4479	   0	   0	
   3	   3	  30	   4	 637	   1	   2	   2	   0	   1	  30	  70	  50	 382	6146	6783	   0	   0	
   4	   4	  50	   3	 493	   3	   2	   2	   0	   2	  30	  70	  50	 482	8546	9039	   0	   0	
   5	   5	  70	   3	 799	   2	   2	   2	   1	   2	  30	  70	  50	 307	10639	11438	   0	   0	
   6	   6	  30	   4	 708	   1	   2	   3	   1	   2	  30	  70	  50	 418	13146	13854	   0	   0	
   7	   7	  50	   4	 535	   3	   2	   3	   1	   3	  30	  70	  50	 338	15479	16014	   0	   0	
   8	   8	  70	   1	 604	   2	   1	   3	   2	   3	  30	  70	  50	 450	17746	18350	   0	  10	
   9	   9	  50	   4	 722	   3	   2	   3	   2	   4	  30	  70	  50	 536	20172	20894	   0	  10	
  10	  10	  30	   3	 738	   1	   2	   4	   2	   4	  30	  70	  50	 389	22572	23310	   0	  10	
  11	  11	  50	   3	 575	   3	   2	   4	   2	   5	  30	  70	  50	 433	25039	25614	   0	  10	
  12	  12	  70	   1	 589	   2	   1	   4	   3	   5	  30	  70	  50	 681	27585	28174	   0	  20	
  13	  13	  50	   4	 397	   3	   2	   4	   3	   6	  30	  70	  50	 680	30145	30542	   0	  20	
  14	  14	  70	   2	 391	   2	   1	   4	   4	   6	  30	  70	  50	 454	32279	32670	   0	  10	
  15	  15	  50	   3	 437	   3	   2	   4	   4	   7	  30	  70	  50	 393	34345	34782	   0	  10	
  16	  16	  30	   3	 426	   1	   2	   5	   4	   7	  30	  70	  50	 551	36612	37038	   0	  10	
  17	  17	  70	   2	 618	   2	   1	   5	   5	   7	  30	  70	  50	 360	38692	39310	   0	   0	
  18	  18	  50	   3	 373	   3	   2	   5	   5	   8	  30	  70	  50	 474	41065	41438	   0	   0	
  19	  19	  70	   1	 536	   2	   1	   5	   6	   8	  30	  70	  50	 346	43078	43614	   0	  10	
  20	  20	  30	   4	 408	   1	   2	   6	   6	   8	  30	  70	  50	 578	45478	45886	   0	  10	
  21	  21	  50	   4	 385	   3	   2	   6	   6	   9	  30	  70	  50	 673	47852	48237	   0	  10	
  22	  22	  30	   4	 844	   1	   2	   7	   6	   9	  30	  70	  50	 545	50065	50909	   0	  10	
  23	  23	  50	   1	 786	   3	   1	   7	   6	  10	  30	  70	  50	 462	52651	53437	   0	  20	
  24	  24	  30	   4	 412	   1	   2	   8	   6	  10	  30	  70	  50	 381	55105	55517	   0	  20	
  25	  25	  70	   1	 567	   2	   1	   8	   7	  10	  30	  70	  50	 587	57398	57965	   0	  30	
  26	  26	  50	   3	 380	   3	   2	   8	   7	  11	  30	  70	  50	 424	59665	60045	   0	  30	
  27	  27	  30	   4	 469	   1	   2	   9	   7	  11	  30	  70	  50	 374	61704	62173	   0	  30	
  28	  28	  50	   4	 519	   3	   2	   9	   7	  12	  30	  70	  50	 335	63798	64317	   0	  30	
  29	  29	  70	   1	 450	   2	   1	   9	   8	  12	  30	  70	  50	 572	66171	66621	   0	  40	
  30	  30	  50	   3	 359	   3	   2	   9	   8	  13	  30	  70	  50	 534	68438	68797	   0	  40	
  31	  31	  70	   1	 919	   2	   1	   9	   9	  13	  30	  70	  50	 653	70758	71677	   0	  50	
  32	  32	  50	   3	 597	   3	   2	   9	   9	  14	  30	  70	  50	 333	73304	73901	   0	  50	
  33	  33	  30	   3	 480	   1	   2	  10	   9	  14	  30	  70	  50	 336	75517	75997	   0	  50	
  34	  34	  70	   2	 469	   2	   1	  10	  10	  14	  30	  70	  50	 337	77624	78093	   0	  40	
  35	  35	  30	   4	 573	   1	   2	  11	  10	  14	  30	  70	  50	 451	79824	80397	   0	  40	
  36	  36	  70	   1	 567	   2	   1	  11	  11	  14	  30	  70	  50	 512	82197	82764	   0	  50	
  37	  37	  50	   4	 450	   3	   2	  11	  11	  15	  30	  70	  50	 692	84730	85180	   0	  50	
  38	  38	  30	   3	 706	   1	   2	  12	  11	  15	  30	  70	  50	 351	86810	87516	   0	  50	
  39	  39	  70	   2	 620	   2	   1	  12	  12	  15	  30	  70	  50	 453	89264	89884	   0	  40	
  40	  40	  30	   4	 682	   1	   2	  13	  12	  15	  30	  70	  50	 643	91810	92492	   0	  40	
  41	  41	  50	   3	 588	   3	   2	  13	  12	  16	  30	  70	  50	 352	94144	94732	   0	  40	
  42	  42	  70	   1	 698	   2	   1	  13	  13	  16	  30	  70	  50	 666	96690	97388	   0	  50	
  43	  43	  30	   4	 535	   1	   2	  14	  13	  16	  30	  70	  50	 651	99317	99852	   0	  50	
  44	  44	  70	   1	 658	   2	   1	  14	  14	  16	  30	  70	  50	 306	101450	102108	   0	  60	
  45	  45	  50	   4	 458	   3	   2	  14	  14	  17	  30	  70	  50	 341	103730	104188	   0	  60	
  46	  46	  30	   4	 735	   1	   2	  15	  14	  17	  30	  70	  50	 443	105917	106652	   0	  60	
  47	  47	  70	   1	 661	   2	   1	  15	  15	  17	  30	  70	  50	 320	108263	108924	   0	  70	
  48	  48	  30	   3	 418	   1	   2	  16	  15	  17	  30	  70	  50	 524	110730	111148	   0	  70	
  49	  49	  70	   2	 488	   2	   1	  16	  16	  17	  30	  70	  50	 564	112996	113484	   0	  60	
  50	  50	  30	   4	 528	   1	   2	  17	  16	  17	  30	  70	  50	 511	115276	115804	   0	  60	
  51	  51	  70	   1	 544	   2	   1	  17	  17	  17	  30	  70	  50	 337	117436	117980	   0	  70	
  52	  52	  30	   4	 468	   1	   2	  18	  17	  17	  30	  70	  50	 447	119703	120171	   0	  70	
  53	  53	  70	   1	 380	   2	   1	  18	  18	  17	  30	  70	  50	 364	121823	122203	   0	  80	
  54	  54	  30	   3	 482	   1	   2	  19	  18	  17	  30	  70	  50	 687	124169	124651	   0	  80	
  55	  55	  70	   2	 634	   2	   1	  19	  19	  17	  30	  70	  50	 596	126529	127163	   0	  70	
  56	  56	  50	   4	 479	   3	   2	  19	  19	  18	  30	  70	  50	 666	129116	129595	   0	  70	
  57	  57	  30	   4	 591	   1	   2	  20	  19	  18	  30	  70	  50	 631	131516	132107	   0	  70	
  58	  58	  70	   1	 453	   2	   1	  20	  20	  18	  30	  70	  50	 627	134022	134475	   0	  80	
  59	  59	  50	   3	 522	   3	   2	  20	  20	  19	  30	  70	  50	 603	136369	136891	   0	  80	
  60	  60	  30	   4	 495	   1	   2	  21	  20	  19	  30	  70	  50	 380	138556	139051	   0	  80	
  61	  61	  50	   4	 871	   3	   2	  21	  20	  20	  30	  70	  50	 559	140916	141787	   0	  80	
  62	  62	  70	   1	 557	   2	   1	  21	  21	  20	  30	  70	  50	 669	143742	144299	   0	  90	
  63	  63	  50	   4	 432	   3	   2	  21	  21	  21	  30	  70	  50	 340	145915	146347	   0	  90	
  64	  64	  70	   2	 434	   2	   1	  21	  22	  21	  30	  70	  50	 382	148009	148443	   0	  80	
  65	  65	  50	   3	 482	   3	   2	  21	  22	  22	  30	  70	  50	 365	150089	150571	   0	  80	
  66	  66	  30	   3	 493	   1	   2	  22	  22	  22	  30	  70	  50	 452	152302	152795	   0	  80	
  67	  67	  70	   1	 584	   2	   1	  22	  23	  22	  30	  70	  50	 508	154595	155179	   0	  90	
  68	  68	  30	   4	 498	   1	   2	  23	  23	  22	  30	  70	  50	 349	156808	157306	   0	  90	
  69	  69	  50	   4	 567	   3	   2	  23	  23	  23	  30	  70	  50	 322	158915	159482	   0	  90	
  70	  70	  70	   1	 396	   2	   1	  23	  24	  23	  30	  70	  50	 654	161422	161818	   0	 100	
  71	  71	  50	   4	 412	   3	   2	  23	  24	  24	  30	  70	  50	 471	163582	163994	   0	 100	
  72	  72	  70	   1	 594	   2	   1	  23	  25	  24	  30	  70	  50	 491	165768	166362	   0	 110	
  73	  73	  50	   3	 407	   3	   2	  23	  25	  25	  30	  70	  50	 315	167955	168362	   0	 110	
  74	  74	  70	   2	 602	   2	   1	  23	  26	  25	  30	  70	  50	 328	169968	170570	   0	 100	
  75	  75	  50	   4	 405	   3	   2	  23	  26	  26	  30	  70	  50	 567	172421	172826	   0	 100	
  76	  76	  70	   1	 461	   2	   1	  23	  27	  26	  30	  70	  50	 597	174701	175162	   0	 110	
  77	  77	  50	   3	 375	   3	   2	  23	  27	  27	  30	  70	  50	 549	176995	177370	   0	 110	
  78	  78	  70	   1	 439	   2	   1	  23	  28	  27	  30	  70	  50	 582	179235	179674	   0	 120	
  79	  79	  50	   3	 648	   3	   2	  23	  28	  28	  30	  70	  50	 675	181634	182282	   0	 120	
  80	  80	  30	   4	 456	   1	   2	  24	  28	  28	  30	  70	  50	 551	184114	184570	   0	 120	
  81	  81	  70	   2	 493	   2	   1	  24	  29	  28	  30	  70	  50	 513	186381	186874	   0	 110	
  82	  82	  30	   4	 376	   1	   2	  25	  29	  28	  30	  70	  50	 349	188514	188890	   0	 110	
  83	  83	  50	   4	 476	   3	   2	  25	  29	  29	  30	  70	  50	 611	190781	191257	   0	 110	
  84	  84	  30	   3	 559	   1	   2	  26	  29	  29	  30	  70	  50	 338	192874	193433	   0	 110	
  85	  85	  70	   1	 370	   2	   1	  26	  30	  29	  30	  70	  50	 564	195287	195657	   0	 120	
  86	  86	  50	   3	 476	   3	   2	  26	  30	  30	  30	  70	  50	 332	197261	197737	   0	 120	
  87	  87	  70	   1	 415	   2	   1	  26	  31	  30	  30	  70	  50	 574	199594	200009	   0	 130	
  88	  88	  30	   4	 692	   3	   2	  26	  31	   1	  30	  70	  30	 303	201621	202313	   3	 130	
  89	  89	  30	   4	 647	   1	   2	  27	  31	   1	  30	  70	  30	 349	203954	204601	   0	 130	
  90	  90	  70	   2	 615	   2	   1	  27	  32	   1	  30	  70	  30	 474	206354	206969	   0	 120	
  91	  91	  30	   3	 778	   3	   2	  27	  32	   2	  30	  70	  30	 334	208607	209385	   0	 120	
  92	  92	  70	   1	 551	   2	   1	  27	  33	   2	  30	  70	  30	 321	210994	211545	   0	 130	
  93	  93	  30	   4	 410	   1	   2	  28	  33	   2	  30	  70	  30	 501	213327	213737	   0	 130	
  94	  94	  30	   4	 503	   3	   2	  28	  33	   3	  30	  70	  30	 537	215554	216057	   0	 130	
  95	  95	  30	   3	 461	   1	   2	  29	  33	   3	  30	  70	  30	 327	217660	218121	   0	 130	
  96	  96	  20	   4	 818	   2	   2	  29	   1	   3	  30	  20	  30	 656	220087	220905	   2	 130	
  97	  97	  30	   4	 485	   1	   2	  30	   1	   3	  30	  20	  30	 313	222500	222985	   0	 130	
  98	  98	  30	   4	 698	   3	   2	  30	   1	   4	  30	  20	  30	 423	224687	225385	   0	 130	
  99	  99	  30	   4	 407	   1	   2	  31	   1	   4	  30	  20	  30	 489	227153	227560	   0	 130	
 100	 100	  30	   4	 402	   3	   2	  31	   1	   5	  30	  20	  30	 442	229286	229688	   0	 130	
 101	 101	  20	   4	 554	   2	   2	  31	   2	   5	  30	  20	  30	 656	231646	232200	   0	 130	
 102	 102	  30	   3	 444	   1	   2	  32	   2	   5	  30	  20	  30	 504	233980	234424	   0	 130	
 103	 103	  20	   3	 428	   2	   2	  32	   3	   5	  30	  20	  30	 432	236140	236568	   0	 130	
 104	 104	  30	   3	 474	   3	   2	  32	   3	   6	  30	  20	  30	 356	238206	238680	   0	 130	
 105	 105	  20	   4	 474	   2	   2	  32	   4	   6	  30	  20	  30	 328	240286	240760	   0	 130	
 106	 106	  30	   4	 477	   3	   2	  32	   4	   7	  30	  20	  30	 333	242379	242856	   0	 130	
 107	 107	  20	   4	 437	   2	   2	  32	   5	   7	  30	  20	  30	 446	244579	245016	   0	 130	
 108	 108	  30	   4	 445	   3	   2	  32	   5	   8	  30	  20	  30	 644	246939	247384	   0	 130	
 109	 109	  20	   3	 335	   2	   2	  32	   6	   8	  30	  20	  30	 691	249353	249688	   0	 130	
 110	 110	  30	   4	 410	   1	   2	  33	   6	   8	  30	  20	  30	 430	251406	251816	   0	 130	
 111	 111	  30	   4	 461	   3	   2	  33	   6	   9	  30	  20	  30	 548	253659	254120	   0	 130	
 112	 112	  20	   4	 410	   2	   2	  33	   7	   9	  30	  20	  30	 644	256046	256456	   0	 130	
 113	 113	  30	   3	 469	   3	   2	  33	   7	  10	  30	  20	  30	 610	258339	258808	   0	 130	
 114	 114	  30	   4	 392	   1	   2	  34	   7	  10	  30	  20	  30	 665	260752	261144	   0	 130	
 115	 115	  30	   3	 506	   3	   2	  34	   7	  11	  30	  20	  30	 497	262926	263432	   0	 130	
 116	 116	  30	   4	 436	   1	   2	  35	   7	  11	  30	  20	  30	 573	265299	265735	   0	 130	
 117	 117	  30	   4	 428	   3	   2	  35	   7	  12	  30	  20	  30	 570	267579	268007	   0	 130	
 118	 118	  80	   3	 700	   1	   2	   1	   7	  12	  80	  20	  30	 572	269899	270599	   1	 130	
 119	 119	  30	   4	 383	   3	   2	   1	   7	  13	  80	  20	  30	 586	272472	272855	   0	 130	
 120	 120	  20	   4	 503	   2	   2	   1	   8	  13	  80	  20	  30	 454	274592	275095	   0	 130	
 121	 121	  80	   1	 386	   1	   1	   2	   8	  13	  80	  20	  30	 495	276885	277271	   0	 140	
 122	 122	  30	   4	 373	   3	   2	   2	   8	  14	  80	  20	  30	 576	279138	279511	   0	 140	
 123	 123	  80	   2	 506	   1	   1	   3	   8	  14	  80	  20	  30	 525	281325	281831	   0	 130	
 124	 124	  30	   3	 423	   3	   2	   3	   8	  15	  80	  20	  30	 430	283552	283975	   0	 130	
 125	 125	  80	   1	 477	   1	   1	   4	   8	  15	  80	  20	  30	 641	285898	286375	   0	 140	
 126	 126	  30	   4	 415	   3	   2	   4	   8	  16	  80	  20	  30	 498	288152	288567	   0	 140	
 127	 127	  80	   1	 408	   1	   1	   5	   8	  16	  80	  20	  30	 334	290191	290599	   0	 150	
 128	 128	  30	   4	 386	   3	   2	   5	   8	  17	  80	  20	  30	 443	292325	292711	   0	 150	
 129	 129	  20	   4	 512	   2	   2	   5	   9	  17	  80	  20	  30	 478	294471	294983	   0	 150	
 130	 130	  80	   2	 464	   1	   1	   6	   9	  17	  80	  20	  30	 519	296791	297255	   0	 140	
 131	 131	  30	   4	 389	   3	   2	   6	   9	  18	  80	  20	  30	 598	299138	299527	   0	 140	
 132	 132	  80	   1	 548	   1	   1	   7	   9	  18	  80	  20	  30	 646	301458	302006	   0	 150	
 133	 133	  30	   3	 372	   3	   2	   7	   9	  19	  80	  20	  30	 651	303938	304310	   0	 150	
 134	 134	  80	   1	 474	   1	   1	   8	   9	  19	  80	  20	  30	 372	305964	306438	   0	 160	
 135	 135	  20	   4	 468	   2	   2	   8	  10	  19	  80	  20	  30	 615	308338	308806	   0	 160	
 136	 136	  80	   1	 367	   1	   1	   9	  10	  19	  80	  20	  30	 700	310791	311158	   0	 170	
 137	 137	  20	   3	 410	   2	   2	   9	  11	  19	  80	  20	  30	 406	312844	313254	   0	 170	
 138	 138	  80	   1	 506	   1	   1	  10	  11	  19	  80	  20	  30	 310	314844	315350	   0	 180	
 139	 139	  20	   4	 405	   2	   2	  10	  12	  19	  80	  20	  30	 422	317057	317462	   0	 180	
 140	 140	  30	   4	 546	   3	   2	  10	  12	  20	  80	  20	  30	 623	319364	319910	   0	 180	
 141	 141	  80	   2	 506	   1	   1	  11	  12	  20	  80	  20	  30	 350	321564	322070	   0	 170	
 142	 142	  30	   3	 381	   3	   2	  11	  12	  21	  80	  20	  30	 540	323897	324278	   0	 170	
 143	 143	  20	   4	 472	   2	   2	  11	  13	  21	  80	  20	  30	 386	325950	326422	   0	 170	
 144	 144	  80	   1	 525	   1	   1	  12	  13	  21	  80	  20	  30	 591	328297	328822	   0	 180	
 145	 145	  30	   4	 520	   3	   2	  12	  13	  22	  80	  20	  30	 640	330750	331270	   0	 180	
 146	 146	  20	   4	 464	   2	   2	  12	  14	  22	  80	  20	  30	 306	332870	333334	   0	 180	
 147	 147	  30	   4	 468	   3	   2	  12	  14	  23	  80	  20	  30	 610	335217	335685	   0	 180	
 148	 148	  20	   4	 506	   2	   2	  12	  15	  23	  80	  20	  30	 511	337483	337989	   0	 180	
 149	 149	  80	   1	 428	   1	   1	  13	  15	  23	  80	  20	  30	 384	339657	340085	   0	 190	
 150	 150	  20	   4	 407	   2	   2	  13	  16	  23	  80	  20	  30	 422	341790	342197	   0	 190	
 151	 151	  80	   1	 514	   1	   1	  14	  16	  23	  80	  20	  30	 500	344003	344517	   0	 200	
 152	 152	  20	   4	 415	   2	   2	  14	  17	  23	  80	  20	  30	 594	346390	346805	   0	 200	
 153	 153	  30	   4	 532	   3	   2	  14	  17	  24	  80	  20	  30	 331	348417	348949	   0	 200	
 154	 154	  20	   3	 423	   2	   2	  14	  18	  24	  80	  20	  30	 506	350750	351173	   0	 200	
 155	 155	  80	   1	 509	   1	   1	  15	  18	  24	  80	  20	  30	 569	353016	353525	   0	 210	
 156	 156	  30	   4	 565	   3	   2	  15	  18	  25	  80	  20	  30	 485	355296	355861	   0	 210	
 157	 157	  80	   1	 490	   1	   1	  16	  18	  25	  80	  20	  30	 422	357563	358053	   0	 220	
 158	 158	  20	   4	 415	   2	   2	  16	  19	  25	  80	  20	  30	 664	359990	360405	   0	 220	
 159	 159	  30	   4	 472	   3	   2	  16	  19	  26	  80	  20	  30	 662	362349	362821	   0	 220	
 160	 160	  80	   1	 458	   1	   1	  17	  19	  26	  80	  20	  30	 493	364603	365061	   0	 230	
 161	 161	  20	   4	 432	   2	   2	  17	  20	  26	  80	  20	  30	 504	366869	367301	   0	 230	
 162	 162	  30	   3	 458	   3	   2	  17	  20	  27	  80	  20	  30	 339	368923	369381	   0	 230	
 163	 163	  80	   2	 399	   1	   1	  18	  20	  27	  80	  20	  30	 602	371269	371668	   0	 220	
 164	 164	  30	   4	 343	   3	   2	  18	  20	  28	  80	  20	  30	 511	373469	373812	   0	 220	
 165	 165	  20	   4	 404	   2	   2	  18	  21	  28	  80	  20	  30	 610	375696	376100	   0	 220	
 166	 166	  30	   4	 458	   3	   2	  18	  21	  29	  80	  20	  30	 344	377722	378180	   0	 220	
 167	 167	  80	   1	 546	   1	   1	  19	  21	  29	  80	  20	  30	 458	379922	380468	   0	 230	
 168	 168	  30	   3	 359	   3	   2	  19	  21	  30	  80	  20	  30	 438	382189	382548	   0	 230	
 169	 169	  20	   4	 511	   2	   2	  19	  22	  30	  80	  20	  30	 477	384309	384820	   0	 230	
 170	 170	  30	   4	 477	   3	   2	  19	  22	  31	  80	  20	  30	 431	386535	387012	   0	 230	
 171	 171	  80	   1	 367	   1	   1	  20	  22	  31	  80	  20	  30	 390	388709	389076	   0	 240	
 172	 172	  30	   4	 469	   3	   2	  20	  22	  32	  80	  20	  30	 385	390735	391204	   0	 240	
 173	 173	  20	   3	 405	   2	   2	  20	  23	  32	  80	  20	  30	 404	392895	393300	   0	 240	
 174	 174	  80	   1	 415	   1	   1	  21	  23	  32	  80	  20	  30	 609	395189	395604	   0	 250	
 175	 175	  30	   4	 402	   3	   2	  21	  23	  33	  80	  20	  30	 386	397282	397684	   0	 250	
 176	 176	  80	   1	 386	   1	   1	  22	  23	  33	  80	  20	  30	 632	399602	399988	   0	 260	
 177	 177	  30	   3	 357	   3	   2	  22	  23	  34	  80	  20	  30	 502	401775	402132	   0	 260	
 178	 178	  80	   2	 378	   1	   1	  23	  23	  34	  80	  20	  30	 550	403962	404340	   0	 250	
 179	 179	  30	   4	 338	   3	   2	  23	  23	  35	  80	  20	  30	 544	406162	406500	   0	 250	
 180	 180	  20	   4	 521	   2	   2	  23	  24	  35	  80	  20	  30	 343	408122	408643	   0	 250	
 181	 181	  70	   1	1338	   3	   1	  23	  24	   1	  80	  20	  70	 689	410681	412019	   3	 260	
 182	 182	  20	   3	 466	   2	   2	  23	  25	   1	  80	  20	  70	 621	413921	414387	   0	 260	
 183	 183	  80	   1	 460	   1	   1	  24	  25	   1	  80	  20	  70	 462	416135	416595	   0	 270	
 184	 184	  70	   2	 508	   3	   1	  24	  25	   2	  80	  20	  70	 495	418375	418883	   0	 260	
 185	 185	  20	   4	 426	   2	   2	  24	  26	   2	  80	  20	  70	 349	420521	420947	   0	 260	
 186	 186	  70	   1	 546	   3	   1	  24	  26	   3	  80	  20	  70	 644	422881	423427	   0	 270	
 187	 187	  20	   4	 431	   2	   2	  24	  27	   3	  80	  20	  70	 631	425348	425779	   0	 270	
 188	 188	  70	   2	 597	   3	   1	  24	  27	   4	  80	  20	  70	 307	427374	427971	   0	 260	
 189	 189	  20	   4	 506	   2	   2	  24	  28	   4	  80	  20	  70	 307	429561	430067	   0	 260	
 190	 190	  80	   2	 509	   1	   1	  25	  28	   4	  80	  20	  70	 544	431894	432403	   0	 250	
 191	 191	  70	   3	 725	   3	   2	  25	  28	   5	  80	  20	  70	 544	434254	434979	   0	 250	
 192	 192	  80	   1	 528	   1	   1	  26	  28	   5	  80	  20	  70	 448	436707	437235	   0	 260	
 193	 193	  20	   4	 565	   2	   2	  26	  29	   5	  80	  20	  70	 300	438814	439379	   0	 260	
 194	 194	  70	   1	 397	   3	   1	  26	  29	   6	  80	  20	  70	 667	441334	441731	   0	 270	
 195	 195	  20	   4	 455	   2	   2	  26	  30	   6	  80	  20	  70	 301	443307	443762	   0	 270	
 196	 196	  70	   1	 500	   3	   1	  26	  30	   7	  80	  20	  70	 643	445694	446194	   0	 280	
 197	 197	  80	   1	 535	   1	   1	  27	  30	   7	  80	  20	  70	 311	447787	448322	   0	 290	
 198	 198	  50	   3	 786	   2	   2	  27	   1	   7	  80	  50	  70	 444	450080	450866	   2	 290	
 199	 199	  70	   2	 618	   3	   1	  27	   1	   8	  80	  50	  70	 362	452520	453138	   0	 280	
 200	 200	  50	   4	 764	   2	   2	  27	   2	   8	  80	  50	  70	 590	455014	455778	   0	 280	
 201	 201	  80	   1	 546	   1	   1	  28	   2	   8	  80	  50	  70	 591	457680	458226	   0	 290	
 202	 202	  70	   1	 719	   3	   1	  28	   2	   9	  80	  50	  70	 470	459987	460706	   0	 300	
 203	 203	  50	   3	 791	   2	   2	  28	   3	   9	  80	  50	  70	 596	462587	463378	   0	 300	
 204	 204	  70	   1	 645	   3	   1	  28	   3	  10	  80	  50	  70	 638	465293	465938	   0	 310	
 205	 205	  50	   4	 575	   2	   2	  28	   4	  10	  80	  50	  70	 686	467907	468482	   0	 310	
 206	 206	  70	   2	 768	   3	   1	  28	   4	  11	  80	  50	  70	 625	470386	471154	   0	 300	
 207	 207	  50	   4	 546	   2	   2	  28	   5	  11	  80	  50	  70	 605	473040	473586	   0	 300	
 208	 208	  80	   1	 530	   1	   1	  29	   5	  11	  80	  50	  70	 481	475360	475890	   0	 310	
 209	 209	  50	   3	 805	   2	   2	  29	   6	  11	  80	  50	  70	 531	477693	478498	   0	 310	
 210	 210	  80	   1	 599	   1	   1	  30	   6	  11	  80	  50	  70	 492	480266	480865	   0	 320	
 211	 211	  70	   2	 802	   3	   1	  30	   6	  12	  80	  50	  70	 385	482559	483361	   0	 310	
 212	 212	  50	   3	 471	   2	   2	  30	   7	  12	  80	  50	  70	 662	485306	485777	   0	 310	
 213	 213	  80	   1	 564	   1	   1	  31	   7	  12	  80	  50	  70	 470	487533	488097	   0	 320	
 214	 214	  70	   1	 596	   3	   1	  31	   7	  13	  80	  50	  70	 311	489693	490289	   0	 330	
 215	 215	  80	   1	 506	   1	   1	  32	   7	  13	  80	  50	  70	 394	491959	492465	   0	 340	
 216	 216	  70	   1	 538	   3	   1	  32	   7	  14	  80	  50	  70	 527	494279	494817	   0	 350	
 217	 217	  50	   4	 538	   2	   2	  32	   8	  14	  80	  50	  70	 657	496759	497297	   0	 350	
 218	 218	  80	   1	 511	   1	   1	  33	   8	  14	  80	  50	  70	 530	499106	499617	   0	 360	
 219	 219	  50	   4	 567	   2	   2	  33	   9	  14	  80	  50	  70	 330	501226	501793	   0	 360	
 220	 220	  20	   4	 805	   1	   2	   1	   9	  14	  20	  50	  70	 513	503612	504417	   1	 360	
 221	 221	  70	   1	 682	   3	   1	   1	   9	  15	  20	  50	  70	 632	506359	507041	   0	 370	
 222	 222	  50	   3	 482	   2	   2	   1	  10	  15	  20	  50	  70	 312	508639	509121	   0	 370	
 223	 223	  70	   1	 557	   3	   1	   1	  10	  16	  20	  50	  70	 685	511092	511649	   0	 380	
 224	 224	  20	   4	 573	   1	   2	   2	  10	  16	  20	  50	  70	 643	513572	514145	   0	 380	
 225	 225	  50	   4	 647	   2	   2	   2	  11	  16	  20	  50	  70	 678	516105	516752	   0	 380	
 226	 226	  70	   2	 620	   3	   1	   2	  11	  17	  20	  50	  70	 493	518532	519152	   0	 370	
 227	 227	  20	   4	 500	   1	   2	   3	  11	  17	  20	  50	  70	 624	521052	521552	   0	 370	
 228	 228	  70	   1	 764	   3	   1	   3	  11	  18	  20	  50	  70	 662	523492	524256	   0	 380	
 229	 229	  20	   3	 476	   1	   2	   4	  11	  18	  20	  50	  70	 586	526132	526608	   0	 380	
 230	 230	  50	   3	1276	   2	   2	   4	  12	  18	  20	  50	  70	 642	528532	529808	   0	 380	
 231	 231	  70	   1	 554	   3	   1	   4	  12	  19	  20	  50	  70	 528	531638	532192	   0	 390	
 232	 232	  50	   4	 591	   2	   2	   4	  13	  19	  20	  50	  70	 350	533825	534416	   0	 390	
 233	 233	  70	   1	 730	   3	   1	   4	  13	  20	  20	  50	  70	 417	536118	536848	   0	 400	
 234	 234	  20	   4	 418	   1	   2	   5	  13	  20	  20	  50	  70	 595	538718	539136	   0	 400	
 235	 235	  70	   2	 578	   3	   1	   5	  13	  21	  20	  50	  70	 300	540718	541296	   0	 390	
 236	 236	  20	   4	 464	   1	   2	   6	  13	  21	  20	  50	  70	 368	542944	543408	   0	 390	
 237	 237	  50	   4	 664	   2	   2	   6	  14	  21	  20	  50	  70	 543	545224	545888	   0	 390	
 238	 238	  70	   1	 544	   3	   1	   6	  14	  22	  20	  50	  70	 420	547584	548128	   0	 400	
 239	 239	  50	   3	 477	   2	   2	   6	  15	  22	  20	  50	  70	 489	549891	550368	   0	 400	
 240	 240	  70	   1	 719	   3	   1	   6	  15	  23	  20	  50	  70	 340	551984	552703	   0	 410	
 241	 241	  50	   3	 444	   2	   2	   6	  16	  23	  20	  50	  70	 355	554371	554815	   0	 410	
 242	 242	  20	   3	 452	   1	   2	   7	  16	  23	  20	  50	  70	 397	556491	556943	   0	 410	
 243	 243	  50	   4	 650	   2	   2	   7	  17	  23	  20	  50	  70	 442	558677	559327	   0	 410	
 244	 244	  20	   4	 588	   1	   2	   8	  17	  23	  20	  50	  70	 569	561171	561759	   0	 410	
 245	 245	  70	   1	 559	   3	   1	   8	  17	  24	  20	  50	  70	 533	563584	564143	   0	 420	
 246	 246	  50	   3	 546	   2	   2	   8	  18	  24	  20	  50	  70	 640	566077	566623	   0	 420	
 247	 247	  20	   4	 437	   1	   2	   9	  18	  24	  20	  50	  70	 418	568330	568767	   0	 420	
 248	 248	  50	   4	 554	   2	   2	   9	  19	  24	  20	  50	  70	 469	570517	571071	   0	 420	
 249	 249	  70	   1	 498	   3	   1	   9	  19	  25	  20	  50	  70	 599	572957	573455	   0	 430	
 250	 250	  20	   4	 469	   1	   2	  10	  19	  25	  20	  50	  70	 467	575210	575679	   0	 430	
 251	 251	  70	   2	 602	   3	   1	  10	  19	  26	  20	  50	  70	 404	577397	577999	   0	 420	
 252	 252	  50	   3	 488	   2	   2	  10	  20	  26	  20	  50	  70	 345	579623	580111	   0	 420	
 253	 253	  20	   4	 530	   1	   2	  11	  20	  26	  20	  50	  70	 446	581837	582367	   0	 420	
 254	 254	  70	   1	 512	   3	   1	  11	  20	  27	  20	  50	  70	 334	583983	584495	   0	 430	
 255	 255	  50	   3	 472	   2	   2	  11	  21	  27	  20	  50	  70	 483	586263	586735	   0	 430	
 256	 256	  70	   1	 503	   3	   1	  11	  21	  28	  20	  50	  70	 491	588503	589006	   0	 440	
 257	 257	  50	   4	 431	   2	   2	  11	  22	  28	  20	  50	  70	 574	590863	591294	   0	 440	
 258	 258	  70	   2	 543	   3	   1	  11	  22	  29	  20	  50	  70	 366	592943	593486	   0	 430	
 259	 259	  50	   4	 428	   2	   2	  11	  23	  29	  20	  50	  70	 559	595330	595758	   0	 430	
 260	 260	  70	   1	 519	   3	   1	  11	  23	  30	  20	  50	  70	 424	597463	597982	   0	 440	
 261	 261	  20	   4	 450	   1	   2	  12	  23	  30	  20	  50	  70	 694	599996	600446	   0	 440	
 262	 262	  50	   4	 970	   3	   2	  12	  23	   1	  20	  50	  50	 451	602196	603166	   3	 440	
 263	 263	  50	   4	 551	   2	   2	  12	  24	   1	  20	  50	  50	 304	604743	605294	   0	 440	
 264	 264	  20	   4	 578	   1	   2	  13	  24	   1	  20	  50	  50	 384	606956	607534	   0	 440	
 265	 265	  50	   4	 514	   3	   2	  13	  24	   2	  20	  50	  50	 379	609196	609710	   0	 440	
 266	 266	  50	   3	 533	   2	   2	  13	  25	   2	  20	  50	  50	 464	611449	611982	   0	 440	
 267	 267	  50	   3	 690	   3	   2	  13	  25	   3	  20	  50	  50	 407	613676	614366	   0	 440	
 268	 268	  50	   3	 434	   2	   2	  13	  26	   3	  20	  50	  50	 672	616316	616750	   0	 440	
 269	 269	  20	   3	 450	   1	   2	  14	  26	   3	  20	  50	  50	 531	618556	619006	   0	 440	
 270	 270	  50	   4	 512	   2	   2	  14	  27	   3	  20	  50	  50	 665	620942	621454	   0	 440	
 271	 271	  50	   4	 583	   3	   2	  14	  27	   4	  20	  50	  50	 461	623222	623805	   0	 440	
 272	 272	  50	   3	 540	   2	   2	  14	  28	   4	  20	  50	  50	 482	625569	626109	   0	 440	
 273	 273	  50	   3	 514	   3	   2	  14	  28	   5	  20	  50	  50	 451	627835	628349	   0	 440	
 274	 274	  50	   4	 463	   2	   2	  14	  29	   5	  20	  50	  50	 351	629982	630445	   0	 440	
 275	 275	  20	   4	 490	   1	   2	  15	  29	   5	  20	  50	  50	 396	632115	632605	   0	 440	
 276	 276	  50	   3	 980	   3	   2	  15	  29	   6	  20	  50	  50	 452	634329	635309	   0	 440	
 277	 277	  50	   3	 535	   2	   2	  15	  30	   6	  20	  50	  50	 393	636982	637517	   0	 440	
 278	 278	  20	   3	 442	   1	   2	  16	  30	   6	  20	  50	  50	 434	639235	639677	   0	 440	
 279	 279	  50	   4	 597	   3	   2	  16	  30	   7	  20	  50	  50	 488	641448	642045	   0	 440	
 280	 280	  20	   4	 405	   1	   2	  17	  30	   7	  20	  50	  50	 521	643848	644253	   0	 440	
 281	 281	  50	   4	 581	   3	   2	  17	  30	   8	  20	  50	  50	 364	645928	646509	   0	 440	
 282	 282	  20	   4	 989	   1	   2	  18	  30	   8	  20	  50	  50	 421	648208	649197	   0	 440	
 283	 283	  50	   3	 506	   3	   2	  18	  30	   9	  20	  50	  50	 594	651075	651581	   0	 440	
 284	 284	  50	   3	 418	   2	   2	  18	  31	   9	  20	  50	  50	 651	653515	653933	   0	 440	
 285	 285	  20	   4	 408	   1	   2	  19	  31	   9	  20	  50	  50	 480	655701	656109	   0	 440	
 286	 286	  50	   4	 461	   2	   2	  19	  32	   9	  20	  50	  50	 334	657728	658189	   0	 440	
 287	 287	  20	   4	 572	   1	   2	  20	  32	   9	  20	  50	  50	 578	660048	660620	   0	 440	
 288	 288	  50	   3	 530	   3	   2	  20	  32	  10	  20	  50	  50	 572	662474	663004	   0	 440	
 289	 289	  20	   4	 404	   1	   2	  21	  32	  10	  20	  50	  50	 680	664968	665372	   0	 440	
 290	 290	  50	   3	 450	   3	   2	  21	  32	  11	  20	  50	  50	 376	667034	667484	   0	 440	
 291	 291	  50	   3	 452	   2	   2	  21	  33	  11	  20	  50	  50	 496	669288	669740	   0	 440	
 292	 292	  50	   3	 468	   3	   2	  21	  33	  12	  20	  50	  50	 493	671528	671996	   0	 440	
 293	 293	  20	   4	 509	   2	   2	  21	   1	  12	  20	  20	  50	 660	673967	674476	   2	 440	
 294	 294	  50	   4	 461	   3	   2	  21	   1	  13	  20	  20	  50	 448	676207	676668	   0	 440	
 295	 295	  20	   3	 474	   1	   2	  22	   1	  13	  20	  20	  50	 486	678434	678908	   0	 440	
 296	 296	  20	   4	 575	   2	   2	  22	   2	  13	  20	  20	  50	 518	680701	681276	   0	 440	
 297	 297	  20	   4	 679	   1	   2	  23	   2	  13	  20	  20	  50	 657	683221	683900	   0	 440	
 298	 298	  20	   4	 464	   2	   2	  23	   3	  13	  20	  20	  50	 626	685820	686284	   0	 440	
 299	 299	  20	   4	 944	   1	   2	  24	   3	  13	  20	  20	  50	 422	687980	688924	   0	 440	
 300	 300	  20	   4	 402	   2	   2	  24	   4	  13	  20	  20	  50	 432	690634	691036	   0	 440	
 301	 301	  50	   3	 434	   3	   2	  24	   4	  14	  20	  20	  50	 446	692794	693228	   0	 440	
 302	 302	  20	   3	 412	   2	   2	  24	   5	  14	  20	  20	  50	 423	694927	695339	   0	 440	
 303	 303	  50	   3	 378	   3	   2	  24	   5	  15	  20	  20	  50	 681	697313	697691	   0	 440	
 304	 304	  20	   4	 386	   2	   2	  24	   6	  15	  20	  20	  50	 461	699433	699819	   0	 440	
 305	 305	  20	   4	 386	   1	   2	  25	   6	  15	  20	  20	  50	 639	701753	702139	   0	 440	
 306	 306	  50	   4	 508	   3	   2	  25	   6	  16	  20	  20	  50	 539	703967	704475	   0	 440	
 307	 307	  20	   4	 428	   1	   2	  26	   6	  16	  20	  20	  50	 680	706447	706875	   0	 440	
 308	 308	  50	   4	 437	   3	   2	  26	   6	  17	  20	  20	  50	 565	708726	709163	   0	 440	
 309	 309	  20	   4	 431	   1	   2	  27	   6	  17	  20	  20	  50	 584	711020	711451	   0	 440	
 310	 310	  50	   3	 466	   3	   2	  27	   6	  18	  20	  20	  50	 377	713113	713579	   0	 440	
 311	 311	  20	   3	 386	   1	   2	  28	   6	  18	  20	  20	  50	 693	715593	715979	   0	 440	
 312	 312	  50	   2	 397	   3	   1	  28	   6	  19	  20	  20	  50	 465	717726	718123	   0	 430	
 313	 313	  20	   4	 538	   2	   2	  28	   7	  19	  20	  20	  50	 546	719953	720491	   0	 430	
 314	 314	  50	   2	 408	   3	   1	  28	   7	  20	  20	  20	  50	 483	722259	722667	   0	 420	
 315	 315	  20	   4	 346	   2	   2	  28	   8	  20	  20	  20	  50	 324	724273	724619	   0	 420	
 316	 316	  20	   4	 432	   1	   2	  29	   8	  20	  20	  20	  50	 397	726299	726731	   0	 420	
 317	 317	  20	   3	 434	   2	   2	  29	   9	  20	  20	  20	  50	 615	728633	729067	   0	 420	
 318	 318	  50	   2	 712	   3	   1	  29	   9	  21	  20	  20	  50	 629	730979	731691	   0	 410	
 319	 319	  20	   4	 378	   2	   2	  29	  10	  21	  20	  20	  50	 665	733632	734010	   0	 410	
 320	 320	  20	   4	 463	   1	   2	  30	  10	  21	  20	  20	  50	 612	735899	736362	   0	 410	
 321	 321	  50	   1	 479	   3	   1	  30	  10	  22	  20	  20	  50	 398	738059	738538	   0	 420	
 322	 322	  20	   4	 452	   1	   2	  31	  10	  22	  20	  20	  50	 574	740406	740858	   0	 420	
 323	 323	  50	   2	 428	   3	   1	  31	  10	  23	  20	  20	  50	 544	742686	743114	   0	 410	
 324	 324	  20	   4	 405	   1	   2	  32	  10	  23	  20	  20	  50	 565	744965	745370	   0	 410	
 325	 325	  20	   4	 421	   2	   2	  32	  11	  23	  20	  20	  50	 471	747125	747546	   0	 410	
 326	 326	  20	   3	 439	   1	   2	  33	  11	  23	  20	  20	  50	 632	749459	749898	   0	 410	
 327	 327	  50	   1	 565	   3	   1	  33	  11	  24	  20	  20	  50	 413	751605	752170	   0	 420	
 328	 328	  20	   4	 394	   2	   2	  33	  12	  24	  20	  20	  50	 345	753792	754186	   0	 420	
 329	 329	  50	   1	 679	   3	   1	  33	  12	  25	  20	  20	  50	 393	755859	756538	   0	 430	
 330	 330	  20	   4	 365	   2	   2	  33	  13	  25	  20	  20	  50	 377	758205	758570	   0	 430	
 331	 331	  20	   4	 413	   1	   2	  34	  13	  25	  20	  20	  50	 325	760205	760618	   0	 430	
 332	 332	  20	   4	 429	   2	   2	  34	  14	  25	  20	  20	  50	 301	762205	762634	   0	 430	
 333	 333	  50	   4	 701	   3	   2	  34	  14	  26	  20	  20	  50	 681	764605	765306	   0	 430	
 334	 334	  20	   4	 389	   1	   2	  35	  14	  26	  20	  20	  50	 461	767045	767434	   0	 430	
 335	 335	  20	   4	 396	   2	   2	  35	  15	  26	  20	  20	  50	 684	769405	769801	   0	 430	
 336	 336	  50	   3	 868	   3	   2	  35	  15	  27	  20	  20	  50	 370	771445	772313	   0	 430	
 337	 337	  80	   1	 620	   1	   1	   1	  15	  27	  80	  20	  50	 425	774045	774665	   1	 440	
 338	 338	  20	   4	 394	   2	   2	   1	  16	  27	  80	  20	  50	 410	776351	776745	   0	 440	
 339	 339	  80	   1	 394	   1	   1	   2	  16	  27	  80	  20	  50	 647	778671	779065	   0	 450	
 340	 340	  20	   4	 402	   2	   2	   2	  17	  27	  80	  20	  50	 365	780711	781113	   0	 450	
 341	 341	  80	   1	 431	   1	   1	   3	  17	  27	  80	  20	  50	 350	782778	783209	   0	 460	
 342	 342	  50	   1	 839	   3	   1	   3	  17	  28	  80	  20	  50	 404	784898	785737	   0	 470	
 343	 343	  80	   1	 530	   1	   1	   4	  17	  28	  80	  20	  50	 327	787351	787881	   0	 480	
 344	 344	  20	   3	 511	   2	   2	   4	  18	  28	  80	  20	  50	 584	789738	790249	   0	 480	
 345	 345	  50	   4	 607	   3	   2	   4	  18	  29	  80	  20	  50	 691	792218	792825	   0	 480	
 346	 346	  20	   3	 501	   2	   2	   4	  19	  29	  80	  20	  50	 615	794724	795225	   0	 480	
 347	 347	  80	   2	1354	   1	   1	   5	  19	  29	  80	  20	  50	 644	797151	798505	   0	 470	
 348	 348	  20	   4	 392	   2	   2	   5	  20	  29	  80	  20	  50	 475	800257	800649	   0	 470	
 349	 349	  50	   4	 810	   3	   2	   5	  20	  30	  80	  20	  50	 580	802511	803321	   0	 470	
 350	 350	  80	   1	1031	   1	   1	   6	  20	  30	  80	  20	  50	 534	805137	806168	   0	 480	
 351	 351	  50	   4	1010	   3	   2	   6	  20	  31	  80	  20	  50	 671	808150	809160	   0	 480	
 352	 352	  80	   1	 508	   1	   1	   7	  20	  31	  80	  20	  50	 482	810924	811432	   0	 490	
 353	 353	  50	   4	 634	   3	   2	   7	  20	  32	  80	  20	  50	 668	813390	814024	   0	 490	
 354	 354	  80	   1	 492	   1	   1	   8	  20	  32	  80	  20	  50	 339	815644	816136	   0	 500	
 355	 355	  20	   3	 495	   2	   2	   8	  21	  32	  80	  20	  50	 546	817977	818472	   0	 500	
 356	 356	  80	   2	1770	   1	   1	   9	  21	  32	  80	  20	  50	 598	820350	822120	   0	 490	
 357	 357	  50	   3	 639	   3	   2	   9	  21	  33	  80	  20	  50	 422	823817	824456	   0	 490	
 358	 358	  20	   4	 511	   2	   2	   9	  22	  33	  80	  20	  50	 476	826217	826728	   0	 490	
 359	 359	  70	   1	1109	   3	   1	   9	  22	   1	  80	  20	  70	 442	828483	829592	   3	 500	
 360	 360	  20	   4	 434	   2	   2	   9	  23	   1	  80	  20	  70	 398	831270	831704	   0	 500	
 361	 361	  80	   1	 520	   1	   1	  10	  23	   1	  80	  20	  70	 526	833536	834056	   0	 510	
 362	 362	  20	   4	 469	   2	   2	  10	  24	   1	  80	  20	  70	 500	835843	836312	   0	 510	
 363	 363	  70	   2	 637	   3	   1	  10	  24	   2	  80	  20	  70	 523	838123	838760	   0	 500	
 364	 364	  80	   1	 391	   1	   1	  11	  24	   2	  80	  20	  70	 693	840736	841127	   0	 510	
 365	 365	  70	   2	 407	   3	   1	  11	  24	   3	  80	  20	  70	 322	842736	843143	   0	 500	
 366	 366	  20	   4	 434	   2	   2	  11	  25	   3	  80	  20	  70	 445	844869	845303	   0	 500	
 367	 367	  70	   1	 602	   3	   1	  11	  25	   4	  80	  20	  70	 410	846989	847591	   0	 510	
 368	 368	  20	   4	 402	   2	   2	  11	  26	   4	  80	  20	  70	 546	849429	849831	   0	 510	
 369	 369	  80	   1	 530	   1	   1	  12	  26	   4	  80	  20	  70	 316	851429	851959	   0	 520	
 370	 370	  70	   1	 730	   3	   1	  12	  26	   5	  80	  20	  70	 553	853789	854519	   0	 530	
 371	 371	  20	   3	 367	   2	   2	  12	  27	   5	  80	  20	  70	 467	856296	856663	   0	 530	
 372	 372	  70	   1	 791	   3	   1	  12	  27	   6	  80	  20	  70	 467	858416	859207	   0	 540	
 373	 373	  80	   1	 551	   1	   1	  13	  27	   6	  80	  20	  70	 481	860976	861527	   0	 550	
 374	 374	  70	   2	 517	   3	   1	  13	  27	   7	  80	  20	  70	 555	863362	863879	   0	 540	
 375	 375	  80	   1	 482	   1	   1	  14	  27	   7	  80	  20	  70	 509	865669	866151	   0	 550	
 376	 376	  70	   1	 914	   3	   1	  14	  27	   8	  80	  20	  70	 471	867909	868823	   0	 560	
 377	 377	  20	   4	 458	   2	   2	  14	  28	   8	  80	  20	  70	 566	870669	871127	   0	 560	
 378	 378	  80	   1	 461	   1	   1	  15	  28	   8	  80	  20	  70	 516	872922	873383	   0	 570	
 379	 379	  70	   1	 641	   3	   1	  15	  28	   9	  80	  20	  70	 691	875349	875990	   0	 580	
 380	 380	  80	   1	 522	   1	   1	  16	  28	   9	  80	  20	  70	 507	877788	878310	   0	 590	
 381	 381	  70	   1	 743	   3	   1	  16	  28	  10	  80	  20	  70	 473	880095	880838	   0	 600	
 382	 382	  80	   1	 431	   1	   1	  17	  28	  10	  80	  20	  70	 342	882455	882886	   0	 610	
 383	 383	  20	   4	 492	   2	   2	  17	  29	  10	  80	  20	  70	 671	884842	885334	   0	 610	
 384	 384	  80	   2	 583	   1	   1	  18	  29	  10	  80	  20	  70	 351	886975	887558	   0	 600	
 385	 385	  70	   2	 543	   3	   1	  18	  29	  11	  80	  20	  70	 659	889495	890038	   0	 590	
 386	 386	  80	   2	 565	   1	   1	  19	  29	  11	  80	  20	  70	 604	891921	892486	   0	 580	
 387	 387	  20	   4	 485	   2	   2	  19	  30	  11	  80	  20	  70	 314	894081	894566	   0	 580	
 388	 388	  70	   1	 690	   3	   1	  19	  30	  12	  80	  20	  70	 545	896388	897078	   0	 590	
 389	 389	  20	   4	 479	   2	   2	  19	  31	  12	  80	  20	  70	 585	898935	899414	   0	 590	
 390	 390	  70	   1	 592	   3	   1	  19	  31	  13	  80	  20	  70	 547	901254	901846	   0	 600	
 391	 391	  80	   1	 469	   1	   1	  20	  31	  13	  80	  20	  70	 365	903521	903990	   0	 610	
 392	 392	  70	   2	 613	   3	   1	  20	  31	  14	  80	  20	  70	 488	905761	906374	   0	 600	
 393	 393	  20	   4	 458	   2	   2	  20	  32	  14	  80	  20	  70	 532	908188	908646	   0	 600	
 394	 394	  70	   1	 560	   3	   1	  20	  32	  15	  80	  20	  70	 369	910294	910854	   0	 610	
 395	 395	  20	   3	 439	   2	   2	  20	  33	  15	  80	  20	  70	 666	912814	913253	   0	 610	
 396	 396	  70	   1	 610	   3	   1	  20	  33	  16	  80	  20	  70	 569	915107	915717	   0	 620	
 397	 397	  80	   2	 431	   1	   1	  21	  33	  16	  80	  20	  70	 418	917414	917845	   0	 610	
 398	 398	  70	   2	 474	   3	   1	  21	  33	  17	  80	  20	  70	 502	919627	920101	   0	 600	
 399	 399	  20	   4	 498	   2	   2	  21	  34	  17	  80	  20	  70	 521	921907	922405	   0	 600	
 400	 400	  80	   1	 522	   1	   1	  22	  34	  17	  80	  20	  70	 659	924347	924869	   0	 610	
 401	 401	  20	   4	 466	   2	   2	  22	  35	  17	  80	  20	  70	 685	926867	927333	   0	 610	
 402	 402	  80	   1	 541	   1	   1	  23	  35	  17	  80	  20	  70	 624	929240	929781	   0	 620	
 403	 403	  80	   3	 802	   2	   2	  23	   1	  17	  80	  80	  70	 497	931587	932389	   2	 620	
 404	 404	  80	   1	 533	   1	   1	  24	   1	  17	  80	  80	  70	 568	934240	934773	   0	 630	
 405	 405	  80	   3	 986	   2	   2	  24	   2	  17	  80	  80	  70	 440	936507	937493	   0	 630	
 406	 406	  80	   1	 445	   1	   1	  25	   2	  17	  80	  80	  70	 377	939160	939605	   0	 640	
 407	 407	  80	   1	 384	   2	   1	  25	   3	  17	  80	  80	  70	 604	941493	941877	   0	 650	
 408	 408	  80	   1	 413	   1	   1	  26	   3	  17	  80	  80	  70	 403	943560	943973	   0	 660	
 409	 409	  80	   2	 408	   2	   1	  26	   4	  17	  80	  80	  70	 588	945853	946261	   0	 650	
 410	 410	  80	   2	 431	   1	   1	  27	   4	  17	  80	  80	  70	 670	948213	948644	   0	 640	
 411	 411	  80	   1	 404	   2	   1	  27	   5	  17	  80	  80	  70	 531	950480	950884	   0	 650	
 412	 412	  80	   1	 340	   1	   1	  28	   5	  17	  80	  80	  70	 388	952560	952900	   0	 660	
 413	 413	  80	   1	 506	   2	   1	  28	   6	  17	  80	  80	  70	 400	954586	955092	   0	 670	
 414	 414	  80	   1	 444	   1	   1	  29	   6	  17	  80	  80	  70	 613	957000	957444	   0	 680	
 415	 415	  80	   1	 447	   2	   1	  29	   7	  17	  80	  80	  70	 442	959173	959620	   0	 690	
 416	 416	  80	   1	 394	   1	   1	  30	   7	  17	  80	  80	  70	 324	961226	961620	   0	 700	
 417	 417	  70	   1	 746	   3	   1	  30	   7	  18	  80	  80	  70	 569	963466	964212	   0	 710	
 418	 418	  80	   1	 447	   2	   1	  30	   8	  18	  80	  80	  70	 310	965813	966260	   0	 720	
 419	 419	  30	   4	 567	   1	   2	   1	   8	  18	  30	  80	  70	 682	968253	968820	   1	 720	
 420	 420	  80	   2	 471	   2	   1	   1	   9	  18	  30	  80	  70	 316	970413	970884	   0	 710	
 421	 421	  70	   3	 674	   3	   2	   1	   9	  19	  30	  80	  70	 348	972546	973220	   0	 710	
 422	 422	  80	   1	 658	   2	   1	   1	  10	  19	  30	  80	  70	 368	974866	975524	   0	 720	
 423	 423	  30	   3	 576	   1	   2	   2	  10	  19	  30	  80	  70	 519	977332	977908	   0	 720	
 424	 424	  70	   1	 602	   3	   1	   2	  10	  20	  30	  80	  70	 594	979786	980388	   0	 730	
 425	 425	  80	   2	 498	   2	   1	   2	  11	  20	  30	  80	  70	 548	982226	982724	   0	 720	
 426	 426	  30	   3	 532	   1	   2	   3	  11	  20	  30	  80	  70	 391	984399	984931	   0	 720	
 427	 427	  70	   1	 588	   3	   1	   3	  11	  21	  30	  80	  70	 699	986919	987507	   0	 730	
 428	 428	  80	   1	 628	   2	   1	   3	  12	  21	  30	  80	  70	 641	989439	990067	   0	 740	
 429	 429	  30	   4	 551	   1	   2	   4	  12	  21	  30	  80	  70	 419	991772	992323	   0	 740	
 430	 430	  70	   2	 799	   3	   1	   4	  12	  22	  30	  80	  70	 687	994292	995091	   0	 730	
 431	 431	  80	   1	 533	   2	   1	   4	  13	  22	  30	  80	  70	 311	996718	997251	   0	 740	
 432	 432	  70	   2	 597	   3	   1	   4	  13	  23	  30	  80	  70	 497	999038	999635	   0	 730	
 433	 433	  80	   1	 495	   2	   1	   4	  14	  23	  30	  80	  70	 501	1001412	1001907	   0	 740	
 434	 434	  70	   1	 466	   3	   1	   4	  14	  24	  30	  80	  70	 549	1003745	1004211	   0	 750	
 435	 435	  80	   1	 495	   2	   1	   4	  15	  24	  30	  80	  70	 546	1006052	1006547	   0	 760	
 436	 436	  70	   1	 711	   3	   1	   4	  15	  25	  30	  80	  70	 505	1008332	1009043	   0	 770	
 437	 437	  30	   4	 517	   1	   2	   5	  15	  25	  30	  80	  70	 392	1010718	1011235	   0	 770	
 438	 438	  70	   1	 466	   3	   1	   5	  15	  26	  30	  80	  70	 436	1012945	1013411	   0	 780	
 439	 439	  30	   4	 424	   1	   2	   6	  15	  26	  30	  80	  70	 516	1015211	1015635	   0	 780	
 440	 440	  70	   1	 704	   3	   1	   6	  15	  27	  30	  80	  70	 577	1017491	1018195	   0	 790	
 441	 441	  80	   1	 556	   2	   1	   6	  16	  27	  30	  80	  70	 614	1020118	1020674	   0	 800	
 442	 442	  70	   2	 535	   3	   1	   6	  16	  28	  30	  80	  70	 380	1022331	1022866	   0	 790	
 443	 443	  30	   3	 522	   1	   2	   7	  16	  28	  30	  80	  70	 430	1024584	1025106	   0	 790	
 444	 444	  80	   1	 586	   2	   1	   7	  17	  28	  30	  80	  70	 510	1026904	1027490	   0	 800	
 445	 445	  30	   4	 738	   1	   2	   8	  17	  28	  30	  80	  70	 645	1029424	1030162	   0	 800	
 446	 446	  80	   2	1036	   2	   1	   8	  18	  28	  30	  80	  70	 670	1032118	1033154	   0	 790	
 447	 447	  30	   4	 466	   1	   2	   9	  18	  28	  30	  80	  70	 669	1035104	1035570	   0	 790	
 448	 448	  80	   1	 794	   2	   1	   9	  19	  28	  30	  80	  70	 605	1037464	1038258	   0	 800	
 449	 449	  30	   4	 509	   1	   2	  10	  19	  28	  30	  80	  70	 423	1039957	1040466	   0	 800	
 450	 450	  70	   1	1007	   3	   1	  10	  19	  29	  30	  80	  70	 535	1042291	1043298	   0	 810	
 451	 451	  30	   3	 437	   1	   2	  11	  19	  29	  30	  80	  70	 591	1045197	1045634	   0	 810	
 452	 452	  80	   1	 506	   2	   1	  11	  20	  29	  30	  80	  70	 478	1047384	1047890	   0	 820	
 453	 453	  70	   1	 552	   3	   1	  11	  20	  30	  30	  80	  70	 507	1049690	1050242	   0	 830	
 454	 454	  80	   1	 517	   2	   1	  11	  21	  30	  30	  80	  70	 396	1051917	1052434	   0	 840	
 455	 455	  30	   4	 488	   1	   2	  12	  21	  30	  30	  80	  70	 374	1054090	1054578	   0	 840	
 456	 456	  80	   1	 567	   2	   1	  12	  22	  30	  30	  80	  70	 627	1056490	1057057	   0	 850	
 457	 457	  70	   1	 527	   3	   1	  12	  22	  31	  30	  80	  70	 589	1058930	1059457	   0	 860	
 458	 458	  30	   4	 516	   1	   2	  13	  22	  31	  30	  80	  70	 300	1061037	1061553	   0	 860	
 459	 459	  70	   1	 564	   3	   1	  13	  22	  32	  30	  80	  70	 522	1063357	1063921	   0	 870	
 460	 460	  30	   3	 514	   1	   2	  14	  22	  32	  30	  80	  70	 460	1065663	1066177	   0	 870	
 461	 461	  80	   1	 506	   2	   1	  14	  23	  32	  30	  80	  70	 464	1067943	1068449	   0	 880	
 462	 462	  70	   1	 490	   3	   1	  14	  23	  33	  30	  80	  70	 522	1070263	1070753	   0	 890	
 463	 463	  30	   4	 415	   1	   2	  15	  23	  33	  30	  80	  70	 494	1072530	1072945	   0	 890	
 464	 464	  80	   1	 482	   2	   1	  15	  24	  33	  30	  80	  70	 392	1074623	1075105	   0	 900	
 465	 465	  30	   4	 490	   1	   2	  16	  24	  33	  30	  80	  70	 358	1076743	1077233	   0	 900	
 466	 466	  70	   2	1135	   3	   1	  16	  24	  34	  30	  80	  70	 583	1079090	1080225	   0	 890	
 467	 467	  80	   2	 421	   2	   1	  16	  25	  34	  30	  80	  70	 490	1081996	1082417	   0	 880	
 468	 468	  70	   1	 432	   3	   1	  16	  25	  35	  30	  80	  70	 346	1084049	1084481	   0	 890	
 469	 469	  30	   3	 458	   1	   2	  17	  25	  35	  30	  80	  70	 579	1086343	1086801	   0	 890	
 470	 470	  80	   1	 360	   2	   1	  17	  26	  35	  30	  80	  70	 646	1088729	1089089	   0	 900	
 471	 471	  30	   4	 519	   1	   2	  18	  26	  35	  30	  80	  70	 324	1090729	1091248	   0	 900	
 472	 472	  50	   4	1060	   3	   2	  18	  26	   1	  30	  80	  50	 556	1093116	1094176	   3	 900	
 473	 473	  30	   4	 535	   1	   2	  19	  26	   1	  30	  80	  50	 632	1096089	1096624	   0	 900	
 474	 474	  80	   1	 580	   2	   1	  19	  27	   1	  30	  80	  50	 409	1098316	1098896	   0	 910	
 475	 475	  30	   4	 578	   1	   2	  20	  27	   1	  30	  80	  50	 529	1100702	1101280	   0	 910	
 476	 476	  50	   3	 839	   3	   2	  20	  27	   2	  30	  80	  50	 643	1103209	1104048	   0	 910	
 477	 477	  80	   1	 653	   2	   1	  20	  28	   2	  30	  80	  50	 539	1105875	1106528	   0	 920	
 478	 478	  50	   4	 741	   3	   2	  20	  28	   3	  30	  80	  50	 420	1108235	1108976	   0	 920	
NaN	 479	  80	NaN	NaN	   2	   3	  20	  28	   3	  30	  80	  50	 373	1108235	NaN	   0	 920	
 479	 480	  30	   4	 469	   1	   2	  21	  28	   3	  30	  80	  50	 675	1114555	1115024	   0	 920	
 480	 481	  50	   4	 573	   3	   2	  21	  28	   4	  30	  80	  50	 446	1116755	1117328	   0	 920	
 481	 482	  80	   2	 400	   2	   1	  21	  29	   4	  30	  80	  50	 691	1119328	1119728	   0	 910	
 482	 483	  50	   3	 437	   3	   2	  21	  29	   5	  30	  80	  50	 662	1121675	1122112	   0	 910	
 483	 484	  80	   1	 397	   2	   1	  21	  30	   5	  30	  80	  50	 647	1124035	1124432	   0	 920	
 484	 485	  30	   3	 413	   1	   2	  22	  30	   5	  30	  80	  50	 572	1126275	1126688	   0	 920	
 485	 486	  20	   3	 682	   2	   2	  22	   1	   5	  30	  20	  50	 497	1128501	1129183	   2	 920	
 486	 487	  50	   3	 540	   3	   2	  22	   1	   6	  30	  20	  50	 599	1131075	1131615	   0	 920	
 487	 488	  20	   4	 436	   2	   2	  22	   2	   6	  30	  20	  50	 533	1133435	1133871	   0	 920	
 488	 489	  30	   3	 471	   1	   2	  23	   2	   6	  30	  20	  50	 544	1135688	1136159	   0	 920	
 489	 490	  50	   3	 531	   3	   2	  23	   2	   7	  30	  20	  50	 619	1138061	1138592	   0	 920	
 490	 491	  30	   4	 365	   1	   2	  24	   2	   7	  30	  20	  50	 639	1140514	1140879	   0	 920	
 491	 492	  50	   3	 373	   3	   2	  24	   2	   8	  30	  20	  50	 609	1142794	1143167	   0	 920	
 492	 493	  20	   4	 431	   2	   2	  24	   3	   8	  30	  20	  50	 398	1144848	1145279	   0	 920	
 493	 494	  50	   2	 426	   3	   1	  24	   3	   9	  30	  20	  50	 338	1146901	1147327	   0	 910	
 494	 495	  30	   4	 394	   1	   2	  25	   3	   9	  30	  20	  50	 687	1149301	1149695	   0	 910	
 495	 496	  20	   3	 423	   2	   2	  25	   4	   9	  30	  20	  50	 393	1151368	1151791	   0	 910	
 496	 497	  50	   2	 434	   3	   1	  25	   4	  10	  30	  20	  50	 593	1153661	1154095	   0	 900	
 497	 498	  30	   4	 376	   1	   2	  26	   4	  10	  30	  20	  50	 470	1155847	1156223	   0	 900	
 498	 499	  50	   1	 453	   3	   1	  26	   4	  11	  30	  20	  50	 566	1158074	1158527	   0	 910	
 499	 500	  30	   4	 392	   1	   2	  27	   4	  11	  30	  20	  50	 668	1160487	1160879	   0	 910	
 500	 501	  50	   2	 410	   3	   1	  27	   4	  12	  30	  20	  50	 664	1162821	1163231	   0	 900	
 501	 502	  20	   4	 356	   2	   2	  27	   5	  12	  30	  20	  50	 487	1165034	1165390	   0	 900	
 502	 503	  30	   3	 370	   1	   2	  28	   5	  12	  30	  20	  50	 510	1167180	1167550	   0	 900	
 503	 504	  50	   1	 468	   3	   1	  28	   5	  13	  30	  20	  50	 610	1169434	1169902	   0	 910	
 504	 505	  30	   4	 370	   1	   2	  29	   5	  13	  30	  20	  50	 549	1171740	1172110	   0	 910	
 505	 506	  20	   4	 511	   2	   2	  29	   6	  13	  30	  20	  50	 585	1173967	1174478	   0	 910	
 506	 507	  50	   1	 647	   3	   1	  29	   6	  14	  30	  20	  50	 325	1176087	1176734	   0	 920	
 507	 508	  20	   4	 415	   2	   2	  29	   7	  14	  30	  20	  50	 350	1178367	1178782	   0	 920	
 508	 509	  50	   4	 503	   3	   2	  29	   7	  15	  30	  20	  50	 504	1180567	1181070	   0	 920	
 509	 510	  30	   4	 466	   1	   2	  30	   7	  15	  30	  20	  50	 670	1183020	1183486	   0	 920	
 510	 511	  50	   4	1221	   3	   2	  30	   7	  16	  30	  20	  50	 418	1185193	1186414	   0	 920	
 511	 512	  30	   4	 402	   1	   2	  31	   7	  16	  30	  20	  50	 339	1188060	1188462	   0	 920	
 512	 513	  20	   4	 448	   2	   2	  31	   8	  16	  30	  20	  50	 620	1190366	1190814	   0	 920	
 513	 514	  30	   4	 416	   1	   2	  32	   8	  16	  30	  20	  50	 507	1192606	1193022	   0	 920	
 514	 515	  50	   1	 546	   3	   1	  32	   8	  17	  30	  20	  50	 390	1194700	1195246	   0	 930	
 515	 516	  30	   4	 376	   1	   2	  33	   8	  17	  30	  20	  50	 511	1197046	1197422	   0	 930	
 516	 517	  20	   4	 481	   2	   2	  33	   9	  17	  30	  20	  50	 637	1199340	1199821	   0	 930	
 517	 518	  50	   2	 524	   3	   1	  33	   9	  18	  30	  20	  50	 519	1201633	1202157	   0	 920	
 518	 519	  20	   4	 332	   2	   2	  33	  10	  18	  30	  20	  50	 671	1204113	1204445	   0	 920	
 519	 520	  80	   2	 567	   1	   1	   1	  10	  18	  80	  20	  50	 559	1206326	1206893	   1	 910	
 520	 521	  20	   4	 372	   2	   2	   1	  11	  18	  80	  20	  50	 465	1208633	1209005	   0	 910	
 521	 522	  50	   1	 626	   3	   1	   1	  11	  19	  80	  20	  50	 362	1210699	1211325	   0	 920	
 522	 523	  80	   1	 418	   1	   1	   2	  11	  19	  80	  20	  50	 641	1213259	1213677	   0	 930	
 523	 524	  50	   2	 538	   3	   1	   2	  11	  20	  80	  20	  50	 496	1215459	1215997	   0	 920	
 524	 525	  80	   1	 407	   1	   1	   3	  11	  20	  80	  20	  50	 320	1217606	1218013	   0	 930	
 525	 526	  50	   2	 658	   3	   1	   3	  11	  21	  80	  20	  50	 612	1219899	1220557	   0	 920	
 526	 527	  80	   2	 383	   1	   1	   4	  11	  21	  80	  20	  50	 680	1222526	1222909	   0	 910	
 527	 528	  50	   2	 488	   3	   1	   4	  11	  22	  80	  20	  50	 544	1224725	1225213	   0	 900	
 528	 529	  80	   1	 349	   1	   1	   5	  11	  22	  80	  20	  50	 419	1226912	1227261	   0	 910	
 529	 530	  50	   1	 533	   3	   1	   5	  11	  23	  80	  20	  50	 324	1228872	1229405	   0	 920	
 530	 531	  80	   1	 365	   1	   1	   6	  11	  23	  80	  20	  50	 621	1231312	1231677	   0	 930	
 531	 532	  50	   1	 605	   3	   1	   6	  11	  24	  80	  20	  50	 394	1233392	1233997	   0	 940	
 532	 533	  80	   1	 745	   1	   1	   7	  11	  24	  80	  20	  50	 422	1235699	1236444	   0	 950	
 533	 534	  20	   4	 498	   2	   2	   7	  12	  24	  80	  20	  50	 400	1238138	1238636	   0	 950	
 534	 535	  50	   1	 495	   3	   1	   7	  12	  25	  80	  20	  50	 519	1240445	1240940	   0	 960	
 535	 536	  20	   4	 538	   2	   2	   7	  13	  25	  80	  20	  50	 432	1242658	1243196	   0	 960	
 536	 537	  80	   1	 434	   1	   1	   8	  13	  25	  80	  20	  50	 465	1244938	1245372	   0	 970	
 537	 538	  50	   3	 743	   3	   2	   8	  13	  26	  80	  20	  50	 553	1247205	1247948	   0	 970	
 538	 539	  20	   3	 458	   2	   2	   8	  14	  26	  80	  20	  50	 476	1249698	1250156	   0	 970	
 539	 540	  50	   2	 653	   3	   1	   8	  14	  27	  80	  20	  50	 673	1252111	1252764	   0	 960	
 540	 541	  20	   4	 565	   2	   2	   8	  15	  27	  80	  20	  50	 420	1254471	1255036	   0	 960	
 541	 542	  50	   2	 725	   3	   1	   8	  15	  28	  80	  20	  50	 358	1256711	1257436	   0	 950	
 542	 543	  20	   3	 463	   2	   2	   8	  16	  28	  80	  20	  50	 449	1259165	1259628	   0	 950	
 543	 544	  80	   1	 501	   1	   1	   9	  16	  28	  80	  20	  50	 365	1261271	1261772	   0	 960	
 544	 545	  20	   4	 482	   2	   2	   9	  17	  28	  80	  20	  50	 368	1263418	1263900	   0	 960	
 545	 546	  50	   1	 610	   3	   1	   9	  17	  29	  80	  20	  50	 633	1265818	1266428	   0	 970	
 546	 547	  20	   4	 506	   2	   2	   9	  18	  29	  80	  20	  50	 311	1268018	1268524	   0	 970	
 547	 548	  80	   1	 404	   1	   1	  10	  18	  29	  80	  20	  50	 422	1270231	1270635	   0	 980	
 548	 549	  50	   2	 737	   3	   1	  10	  18	  30	  80	  20	  50	 301	1272218	1272955	   0	 970	
 549	 550	  20	   4	 778	   2	   2	  10	  19	  30	  80	  20	  50	 579	1274817	1275595	   0	 970	
 550	 551	  80	   1	 410	   1	   1	  11	  19	  30	  80	  20	  50	 501	1277377	1277787	   0	 980	
 551	 552	  20	   4	 684	   2	   2	  11	  20	  30	  80	  20	  50	 682	1279791	1280475	   0	 980	
 552	 553	  80	   1	 954	   1	   1	  12	  20	  30	  80	  20	  50	 336	1282097	1283051	   0	 990	
 553	 554	  50	   1	 567	   3	   1	  12	  20	  31	  80	  20	  50	 466	1284804	1285371	   0	1000	
 554	 555	  20	   4	 487	   2	   2	  12	  21	  31	  80	  20	  50	 388	1287044	1287531	   0	1000	
 555	 556	  50	   2	1247	   3	   1	  12	  21	  32	  80	  20	  50	 672	1289484	1290731	   0	 990	
 556	 557	  80	   1	 426	   1	   1	  13	  21	  32	  80	  20	  50	 641	1292657	1293083	   0	1000	
 557	 558	  50	   2	 706	   3	   1	  13	  21	  33	  80	  20	  50	 569	1294937	1295643	   0	 990	
 558	 559	  80	   2	 485	   1	   1	  14	  21	  33	  80	  20	  50	 578	1297510	1297995	   0	 980	
 559	 560	  30	   4	 648	   3	   2	  14	  21	   1	  80	  20	  30	 304	1299603	1300251	   3	 980	
 560	 561	  80	   1	 482	   1	   1	  15	  21	   1	  80	  20	  30	 681	1302217	1302699	   0	 990	
 561	 562	  20	   3	 493	   2	   2	  15	  22	   1	  80	  20	  30	 405	1304430	1304923	   0	 990	
 562	 563	  30	   2	 753	   3	   1	  15	  22	   2	  80	  20	  30	 648	1306857	1307610	   0	 980	
 563	 564	  20	   4	 522	   2	   2	  15	  23	   2	  80	  20	  30	 569	1309456	1309978	   0	 980	
 564	 565	  80	   2	 436	   1	   1	  16	  23	   2	  80	  20	  30	 327	1311590	1312026	   0	 970	
 565	 566	  20	   4	 500	   2	   2	  16	  24	   2	  80	  20	  30	 443	1313750	1314250	   0	 970	
 566	 567	  80	   1	 506	   1	   1	  17	  24	   2	  80	  20	  30	 331	1315856	1316362	   0	 980	
 567	 568	  30	   4	 751	   3	   2	  17	  24	   3	  80	  20	  30	 471	1318123	1318874	   0	 980	
 568	 569	  20	   4	 543	   2	   2	  17	  25	   3	  80	  20	  30	 604	1320763	1321306	   0	 980	
 569	 570	  80	   1	 837	   1	   1	  18	  25	   3	  80	  20	  30	 519	1323109	1323946	   0	 990	
 570	 571	  20	   4	 466	   2	   2	  18	  26	   3	  80	  20	  30	 352	1325576	1326042	   0	 990	
 571	 572	  80	   1	 663	   1	   1	  19	  26	   3	  80	  20	  30	 308	1327683	1328346	   0	1000	
 572	 573	  30	   4	 477	   3	   2	  19	  26	   4	  80	  20	  30	 407	1330029	1330506	   0	1000	
 573	 574	  20	   2	 394	   2	   1	  19	  27	   4	  80	  20	  30	 626	1332416	1332810	   0	 990	
 574	 575	  30	   3	 562	   3	   2	  19	  27	   5	  80	  20	  30	 608	1334696	1335258	   0	 990	
 575	 576	  20	   3	 586	   2	   2	  19	  28	   5	  80	  20	  30	 666	1337216	1337802	   0	 990	
 576	 577	  80	   1	 466	   1	   1	  20	  28	   5	  80	  20	  30	 486	1339576	1340042	   0	1000	
 577	 578	  20	   4	 378	   2	   2	  20	  29	   5	  80	  20	  30	 444	1341776	1342154	   0	1000	
 578	 579	  30	   2	 937	   3	   1	  20	  29	   6	  80	  20	  30	 578	1344016	1344953	   0	 990	
 579	 580	  20	   4	 519	   2	   2	  20	  30	   6	  80	  20	  30	 650	1346882	1347401	   0	 990	
 580	 581	  80	   1	 442	   1	   1	  21	  30	   6	  80	  20	  30	 372	1349055	1349497	   0	1000	
 581	 582	  20	   4	 423	   2	   2	  21	  31	   6	  80	  20	  30	 625	1351442	1351865	   0	1000	
 582	 583	  30	   3	 554	   3	   2	  21	  31	   7	  80	  20	  30	 478	1353615	1354169	   0	1000	
 583	 584	  20	   4	 572	   2	   2	  21	  32	   7	  80	  20	  30	 422	1355869	1356441	   0	1000	
 584	 585	  30	   4	 626	   3	   2	  21	  32	   8	  80	  20	  30	 399	1358135	1358761	   0	1000	
 585	 586	  80	   2	1162	   1	   1	  22	  32	   8	  80	  20	  30	 451	1360495	1361657	   0	 990	
 586	 587	  30	   4	 391	   3	   2	  22	  32	   9	  80	  20	  30	 501	1363442	1363833	   0	 990	
 587	 588	  80	   1	 533	   1	   1	  23	  32	   9	  80	  20	  30	 629	1365748	1366281	   0	1000	
 588	 589	  20	   4	 415	   2	   2	  23	  33	   9	  80	  20	  30	 389	1367962	1368377	   0	1000	
 589	 590	  30	   3	 562	   3	   2	  23	  33	  10	  80	  20	  30	 397	1370055	1370617	   0	1000	
 590	 591	  80	   1	 464	   1	   1	  24	  33	  10	  80	  20	  30	 543	1372441	1372905	   0	1010	
 591	 592	  20	   4	 554	   2	   2	  24	  34	  10	  80	  20	  30	 666	1374895	1375449	   0	1010	
 592	 593	  80	   1	 640	   1	   1	  25	  34	  10	  80	  20	  30	 346	1377081	1377721	   0	1020	
 593	 594	  20	   4	 508	   2	   2	  25	  35	  10	  80	  20	  30	 457	1379468	1379976	   0	1020	
NaN	 595	  80	NaN	NaN	   1	   3	  25	  35	  10	  80	  20	  30	 545	1379468	NaN	   0	1020	
 594	 596	  30	   4	 423	   3	   2	  25	  35	  11	  80	  20	  30	 634	1385681	1386104	   0	1020	
 595	 597	  80	   1	 388	   1	   1	  26	  35	  11	  80	  20	  30	 525	1387908	1388296	   0	1030	
 596	 598	  70	   3	 887	   2	   2	  26	   1	  11	  80	  70	  30	 605	1390241	1391128	   2	1030	
 597	 599	  80	   1	 511	   1	   1	  27	   1	  11	  80	  70	  30	 589	1393001	1393512	   0	1040	
 598	 600	  30	   4	 498	   3	   2	  27	   1	  12	  80	  70	  30	 378	1395174	1395672	   0	1040	
 599	 601	  80	   2	 469	   1	   1	  28	   1	  12	  80	  70	  30	 637	1397587	1398056	   0	1030	
 600	 602	  70	   3	 823	   2	   2	  28	   2	  12	  80	  70	  30	 495	1399841	1400664	   0	1030	
 601	 603	  30	   4	 471	   3	   2	  28	   2	  13	  80	  70	  30	 338	1402321	1402792	   0	1030	
 602	 604	  70	   3	 898	   2	   2	  28	   3	  13	  80	  70	  30	 699	1404774	1405672	   0	1030	
 603	 605	  30	   4	 442	   3	   2	  28	   3	  14	  80	  70	  30	 425	1407374	1407816	   0	1030	
 604	 606	  70	   1	 445	   2	   1	  28	   4	  14	  80	  70	  30	 682	1409787	1410232	   0	1040	
 605	 607	  30	   3	 501	   3	   2	  28	   4	  15	  80	  70	  30	 551	1412067	1412568	   0	1040	
 606	 608	  70	   2	 506	   2	   1	  28	   5	  15	  80	  70	  30	 319	1414174	1414680	   0	1030	
 607	 609	  30	   4	 551	   3	   2	  28	   5	  16	  80	  70	  30	 510	1416480	1417031	   0	1030	
 608	 610	  80	   1	 476	   1	   1	  29	   5	  16	  80	  70	  30	 512	1418827	1419303	   0	1040	
 609	 611	  70	   1	 466	   2	   1	  29	   6	  16	  80	  70	  30	 433	1421013	1421479	   0	1050	
 610	 612	  30	   4	 484	   3	   2	  29	   6	  17	  80	  70	  30	 341	1423107	1423591	   0	1050	
 611	 613	  70	   2	 602	   2	   1	  29	   7	  17	  80	  70	  30	 619	1425533	1426135	   0	1040	
 612	 614	  80	   1	 690	   1	   1	  30	   7	  17	  80	  70	  30	 316	1427733	1428423	   0	1050	
 613	 615	  70	   1	 535	   2	   1	  30	   8	  17	  80	  70	  30	 541	1430240	1430775	   0	1060	
 614	 616	  30	   2	 647	   3	   1	  30	   8	  18	  80	  70	  30	 658	1432720	1433367	   0	1050	
 615	 617	  50	   4	 706	   1	   2	   1	   8	  18	  50	  70	  30	 496	1435173	1435879	   1	1050	
 616	 618	  30	   3	 557	   3	   2	   1	   8	  19	  50	  70	  30	 373	1437546	1438103	   0	1050	
 617	 619	  70	   1	 666	   2	   1	   1	   9	  19	  50	  70	  30	 628	1440013	1440679	   0	1060	
 618	 620	  30	   3	 536	   3	   2	   1	   9	  20	  50	  70	  30	 354	1442319	1442855	   0	1060	
 619	 621	  70	   2	 554	   2	   1	   1	  10	  20	  50	  70	  30	 436	1444573	1445127	   0	1050	
 620	 622	  50	   4	 706	   1	   2	   2	  10	  20	  50	  70	  30	 367	1446773	1447479	   0	1050	
 621	 623	  70	   1	 474	   2	   1	   2	  11	  20	  50	  70	  30	 406	1449213	1449687	   0	1060	
 622	 624	  50	   4	 599	   1	   2	   3	  11	  20	  50	  70	  30	 397	1451359	1451958	   0	1060	
 623	 625	  30	   3	 527	   3	   2	   3	  11	  21	  50	  70	  30	 633	1453879	1454406	   0	1060	
 624	 626	  70	   1	 615	   2	   1	   3	  12	  21	  50	  70	  30	 316	1455999	1456614	   0	1070	
 625	 627	  50	   3	 583	   1	   2	   4	  12	  21	  50	  70	  30	 499	1458399	1458982	   0	1070	
 626	 628	  30	   4	 567	   3	   2	   4	  12	  22	  50	  70	  30	 465	1460719	1461286	   0	1070	
 627	 629	  50	   3	 396	   1	   2	   5	  12	  22	  50	  70	  30	 494	1463066	1463462	   0	1070	
 628	 630	  70	   1	 554	   2	   1	   5	  13	  22	  50	  70	  30	 316	1465052	1465606	   0	1080	
 629	 631	  30	   4	 442	   3	   2	   5	  13	  23	  50	  70	  30	 651	1467532	1467974	   0	1080	
 630	 632	  50	   4	 546	   1	   2	   6	  13	  23	  50	  70	  30	 313	1469572	1470118	   0	1080	
 631	 633	  70	   1	 554	   2	   1	   6	  14	  23	  50	  70	  30	 400	1471852	1472406	   0	1090	
 632	 634	  30	   4	 679	   3	   2	   6	  14	  24	  50	  70	  30	 469	1474159	1474838	   0	1090	
 633	 635	  50	   3	 544	   1	   2	   7	  14	  24	  50	  70	  30	 315	1476438	1476982	   0	1090	
 634	 636	  30	   4	 493	   3	   2	   7	  14	  25	  50	  70	  30	 482	1478745	1479238	   0	1090	
 635	 637	  50	   3	 474	   1	   2	   8	  14	  25	  50	  70	  30	 451	1480972	1481446	   0	1090	
 636	 638	  30	   4	 469	   3	   2	   8	  14	  26	  50	  70	  30	 460	1483185	1483654	   0	1090	
 637	 639	  70	   2	 512	   2	   1	   8	  15	  26	  50	  70	  30	 381	1485318	1485830	   0	1080	
 638	 640	  50	   1	 796	   1	   1	   9	  15	  26	  50	  70	  30	 594	1487705	1488501	   0	1090	
 639	 641	  70	   1	 607	   2	   1	   9	  16	  26	  50	  70	  30	 418	1490198	1490805	   0	1100	
 640	 642	  30	   3	 492	   3	   2	   9	  16	  27	  50	  70	  30	 573	1492665	1493157	   0	1100	
 641	 643	  50	   2	 663	   1	   1	  10	  16	  27	  50	  70	  30	 558	1495038	1495701	   0	1090	
 642	 644	  70	   1	 476	   2	   1	  10	  17	  27	  50	  70	  30	 563	1497545	1498021	   0	1100	
 643	 645	  30	   4	 452	   3	   2	  10	  17	  28	  50	  70	  30	 680	1499985	1500437	   0	1100	
 644	 646	  70	   1	 557	   2	   1	  10	  18	  28	  50	  70	  30	 454	1502184	1502741	   0	1110	
 645	 647	  50	   3	 562	   1	   2	  11	  18	  28	  50	  70	  30	 589	1504611	1505173	   0	1110	
 646	 648	  30	   4	 501	   3	   2	  11	  18	  29	  50	  70	  30	 481	1506944	1507445	   0	1110	
 647	 649	  50	   4	 717	   1	   2	  12	  18	  29	  50	  70	  30	 665	1509384	1510101	   0	1110	
 648	 650	  30	   3	 506	   3	   2	  12	  18	  30	  50	  70	  30	 628	1512011	1512517	   0	1110	
 649	 651	  70	   2	 808	   2	   1	  12	  19	  30	  50	  70	  30	 355	1514157	1514965	   0	1100	
 650	 652	  30	   4	 506	   3	   2	  12	  19	   1	  50	  70	  30	 570	1516811	1517317	   0	1100	
 651	 653	  50	   4	 560	   1	   2	  13	  19	   1	  50	  70	  30	 435	1519077	1519637	   0	1100	
 652	 654	  70	   2	 472	   2	   1	  13	  20	   1	  50	  70	  30	 432	1521357	1521829	   0	1090	
 653	 655	  50	   3	 657	   1	   2	  14	  20	   1	  50	  70	  30	 455	1523571	1524228	   0	1090	
 654	 656	  70	   2	 503	   2	   1	  14	  21	   1	  50	  70	  30	 402	1525917	1526420	   0	1080	
 655	 657	  30	   4	 524	   3	   2	  14	  21	   2	  50	  70	  30	 326	1528024	1528548	   0	1080	
 656	 658	  50	   3	1071	   1	   2	  15	  21	   2	  50	  70	  30	 602	1530437	1531508	   0	1080	
 657	 659	  30	   4	 468	   3	   2	  15	  21	   3	  50	  70	  30	 466	1533264	1533732	   0	1080	
 658	 660	  70	   1	 428	   2	   1	  15	  22	   3	  50	  70	  30	 600	1535624	1536052	   0	1090	
 659	 661	  30	   4	 485	   3	   2	  15	  22	   4	  50	  70	  30	 568	1537903	1538388	   0	1090	
 660	 662	  70	   3	 469	   2	   2	  15	  23	   4	  50	  70	  30	 551	1540223	1540692	   0	1090	
 661	 663	  30	   3	 482	   3	   2	  15	  23	   5	  50	  70	  30	 508	1542530	1543012	   0	1090	
 662	 664	  70	   1	 533	   2	   1	  15	  24	   5	  50	  70	  30	 652	1544943	1545476	   0	1100	
 663	 665	  50	   4	 671	   1	   2	  16	  24	   5	  50	  70	  30	 388	1547157	1547828	   0	1100	
 664	 666	  30	   4	 568	   3	   2	  16	  24	   6	  50	  70	  30	 322	1549436	1550004	   0	1100	
 665	 667	  70	   1	 589	   2	   1	  16	  25	   6	  50	  70	  30	 580	1551863	1552452	   0	1110	
 666	 668	  30	   3	 493	   3	   2	  16	  25	   7	  50	  70	  30	 609	1554343	1554836	   0	1110	
 667	 669	  50	   3	 717	   1	   2	  17	  25	   7	  50	  70	  30	 619	1556743	1557460	   0	1110	
 668	 670	  70	   1	 593	   2	   1	  17	  26	   7	  50	  70	  30	 349	1559090	1559683	   0	1120	
 669	 671	  50	   4	 666	   1	   2	  18	  26	   7	  50	  70	  30	 571	1561529	1562195	   0	1120	
 670	 672	  30	   4	 844	   3	   2	  18	  26	   8	  50	  70	  30	 693	1564183	1565027	   0	1120	
 671	 673	  70	   2	 970	   2	   1	  18	  27	   8	  50	  70	  30	 302	1566649	1567619	   0	1110	
 672	 674	  30	   4	 367	   3	   2	  18	  27	   9	  50	  70	  30	 582	1569476	1569843	   0	1110	
 673	 675	  50	   3	 634	   1	   2	  19	  27	   9	  50	  70	  30	 649	1571769	1572403	   0	1110	
 674	 676	  70	   1	 591	   2	   1	  19	  28	   9	  50	  70	  30	 429	1574116	1574707	   0	1120	
 675	 677	  30	   3	 581	   3	   2	  19	  28	  10	  50	  70	  30	 557	1576542	1577123	   0	1120	
 676	 678	  50	   4	 479	   1	   2	  20	  28	  10	  50	  70	  30	 589	1578996	1579475	   0	1120	
 677	 679	  70	   1	 749	   2	   1	  20	  29	  10	  50	  70	  30	 543	1581302	1582051	   0	1130	
 678	 680	  50	   3	 413	   1	   2	  21	  29	  10	  50	  70	  30	 524	1583862	1584275	   0	1130	
 679	 681	  30	   2	 450	   3	   1	  21	  29	  11	  50	  70	  30	 647	1586209	1586659	   0	1120	
 680	 682	  50	   3	 536	   1	   2	  22	  29	  11	  50	  70	  30	 381	1588315	1588851	   0	1120	
 681	 683	  30	   4	 373	   3	   2	  22	  29	  12	  50	  70	  30	 451	1590622	1590995	   0	1120	
 682	 684	  50	   1	 709	   1	   1	  23	  29	  12	  50	  70	  30	 420	1592702	1593411	   0	1130	
 683	 685	  70	   2	 513	   2	   1	  23	  30	  12	  50	  70	  30	 557	1595249	1595762	   0	1120	
 684	 686	  50	   2	 623	   1	   1	  24	  30	  12	  50	  70	  30	 356	1597395	1598018	   0	1110	
 685	 687	  70	   1	 388	   2	   1	  24	  31	  12	  50	  70	  30	 524	1599822	1600210	   0	1120	
 686	 688	  50	   4	 386	   1	   2	  25	  31	  12	  50	  70	  30	 551	1602048	1602434	   0	1120	
 687	 689	  30	   4	 580	   3	   2	  25	  31	  13	  50	  70	  30	 339	1604062	1604642	   0	1120	
 688	 690	  50	   2	 607	   1	   1	  26	  31	  13	  50	  70	  30	 518	1606435	1607042	   0	1110	
 689	 691	  30	   4	 471	   3	   2	  26	  31	  14	  50	  70	  30	 392	1608715	1609186	   0	1110	
 690	 692	  70	   1	 471	   2	   1	  26	  32	  14	  50	  70	  30	 484	1610955	1611426	   0	1120	
 691	 693	  30	   3	 434	   3	   2	  26	  32	  15	  50	  70	  30	 420	1613168	1613602	   0	1120	
 692	 694	  50	   2	 479	   1	   1	  27	  32	  15	  50	  70	  30	 510	1615395	1615874	   0	1110	
 693	 695	  70	   1	 407	   2	   1	  27	  33	  15	  50	  70	  30	 588	1617755	1618162	   0	1120	
 694	 696	  30	   4	 429	   3	   2	  27	  33	  16	  50	  70	  30	 655	1620101	1620530	   0	1120	
 695	 697	  50	   3	 637	   1	   2	  28	  33	  16	  50	  70	  30	 610	1622421	1623058	   0	1120	
 696	 698	  30	   4	 466	   3	   2	  28	  33	  17	  50	  70	  30	 513	1624848	1625314	   0	1120	
 697	 699	  50	   2	 594	   1	   1	  29	  33	  17	  50	  70	  30	 648	1627248	1627842	   0	1110	
 698	 700	  30	   4	 514	   3	   2	  29	  33	  18	  50	  70	  30	 440	1629568	1630082	   0	1110	
 699	 701	  70	   2	 519	   2	   1	  29	  34	  18	  50	  70	  30	 476	1631834	1632353	   0	1100	
 700	 702	  30	   3	 554	   3	   2	  29	  34	  19	  50	  70	  30	 685	1634327	1634881	   0	1100	
 701	 703	  50	   1	 738	   1	   1	  30	  34	  19	  50	  70	  30	 406	1636607	1637345	   0	1110	
 702	 704	  30	   3	 391	   3	   2	  30	  34	  20	  50	  70	  30	 487	1639114	1639505	   0	1110	
 703	 705	  50	   4	 580	   1	   2	  31	  34	  20	  50	  70	  30	 468	1641261	1641841	   0	1110	
 704	 706	  70	   1	 346	   2	   1	  31	  35	  20	  50	  70	  30	 644	1643767	1644113	   0	1120	
 705	 707	  50	   4	 386	   1	   2	  32	  35	  20	  50	  70	  30	 570	1645967	1646353	   0	1120	
 706	 708	  30	   3	 519	   3	   2	  32	  35	  21	  50	  70	  30	 431	1648074	1648593	   0	1120	
 707	 709	  50	   3	 463	   1	   2	  33	  35	  21	  50	  70	  30	 388	1650274	1650737	   0	1120	
 708	 710	  30	   4	 453	   3	   2	  33	  35	  22	  50	  70	  30	 450	1652460	1652913	   0	1120	
 709	 711	  70	   1	 541	   2	   1	  33	   1	  22	  50	  70	  30	 455	1654660	1655201	   0	1130	
 710	 712	  50	   4	 562	   1	   2	   1	   1	  22	  50	  70	  30	 612	1657087	1657649	   0	1130	
