Version: 1	Number of symbols: 3	Pictures exchange: true	Response Deadline: 2000
Trial_No	Virt_Trial_No	Prob_Shown	Feedback	RT	Stimulus_No	Resp	SymbolA_Stage	SymbolB_Stage	SymbolC_Stage	Prob_A	Prob_B	Prob_C	Jitter	StimOnset	RespOnset	Symbol_Changes	Bonus_sum
   1	   1	  30	   2	1632	   1	   1	   1	   0	   0	  30	  70	  50	 687	-146	1486	   0	 -10	
   2	   2	  50	   2	1292	   3	   1	   1	   0	   1	  30	  70	  50	 505	3266	4558	   0	 -20	
   3	   3	  30	   2	 852	   1	   1	   2	   0	   1	  30	  70	  50	 678	6506	7358	   0	 -30	
   4	   4	  50	   1	 831	   3	   1	   2	   0	   2	  30	  70	  50	 565	9199	10030	   0	 -20	
   5	   5	  70	   1	1002	   2	   1	   2	   1	   2	  30	  70	  50	 464	11772	12774	   0	 -10	
   6	   6	  30	   4	 487	   1	   2	   3	   1	   2	  30	  70	  50	 494	14559	15046	   0	 -10	
   7	   7	  50	   2	 642	   3	   1	   3	   1	   3	  30	  70	  50	 329	16652	17294	   0	 -20	
   8	   8	  70	   1	 394	   2	   1	   3	   2	   3	  30	  70	  50	 316	18892	19286	   0	 -10	
   9	   9	  50	   4	 637	   3	   2	   3	   2	   4	  30	  70	  50	 341	20905	21542	   0	 -10	
  10	  10	  30	   3	 391	   1	   2	   4	   2	   4	  30	  70	  50	 420	23239	23630	   0	 -10	
  11	  11	  50	   3	1277	   3	   2	   4	   2	   5	  30	  70	  50	 385	25305	26582	   0	 -10	
  12	  12	  70	   1	 586	   2	   1	   4	   3	   5	  30	  70	  50	 511	28372	28958	   0	   0	
  13	  13	  50	   2	 741	   3	   1	   4	   3	   6	  30	  70	  50	 535	30785	31526	   0	 -10	
  14	  14	  70	   2	 336	   2	   1	   4	   4	   6	  30	  70	  50	 626	33438	33774	   0	 -20	
  15	  15	  50	   1	 595	   3	   1	   4	   4	   7	  30	  70	  50	 678	35731	36326	   0	 -10	
  16	  16	  30	   1	 596	   1	   1	   5	   4	   7	  30	  70	  50	 615	38225	38821	   0	   0	
  17	  17	  70	   2	 658	   2	   1	   5	   5	   7	  30	  70	  50	 596	40691	41349	   0	 -10	
  18	  18	  50	   1	 756	   3	   1	   5	   5	   8	  30	  70	  50	 313	42945	43701	   0	   0	
  19	  19	  70	   1	 581	   2	   1	   5	   6	   8	  30	  70	  50	 324	45304	45885	   0	  10	
  20	  20	  30	   4	 365	   1	   2	   6	   6	   8	  30	  70	  50	 414	47584	47949	   0	  10	
  21	  21	  50	   4	 373	   3	   2	   6	   6	   9	  30	  70	  50	 460	49704	50077	   0	  10	
  22	  22	  30	   4	 397	   1	   2	   7	   6	   9	  30	  70	  50	 465	51824	52221	   0	  10	
  23	  23	  50	   3	 466	   3	   2	   7	   6	  10	  30	  70	  50	 594	54091	54557	   0	  10	
  24	  24	  30	   2	 482	   1	   1	   8	   6	  10	  30	  70	  50	 371	56211	56693	   0	   0	
  25	  25	  70	   1	 373	   2	   1	   8	   7	  10	  30	  70	  50	 319	58304	58677	   0	  10	
  26	  26	  50	   1	 421	   3	   1	   8	   7	  11	  30	  70	  50	 333	60304	60725	   0	  20	
  27	  27	  30	   4	 333	   1	   2	   9	   7	  11	  30	  70	  50	 385	62384	62717	   0	  20	
  28	  28	  50	   4	 296	   3	   2	   9	   7	  12	  30	  70	  50	 514	64517	64813	   0	  20	
  29	  29	  70	   3	 384	   2	   2	   9	   8	  12	  30	  70	  50	 302	66397	66781	   0	  20	
  30	  30	  50	   1	 408	   3	   1	   9	   8	  13	  30	  70	  50	 665	68717	69125	   0	  30	
  31	  31	  70	   3	 296	   2	   2	   9	   9	  13	  30	  70	  50	 377	70797	71093	   0	  30	
  32	  32	  50	   1	 637	   3	   1	   9	   9	  14	  30	  70	  50	 561	72944	73581	   0	  40	
  33	  33	  30	   3	 870	   1	   2	  10	   9	  14	  30	  70	  50	 365	75223	76093	   0	  40	
  34	  34	  70	   4	 488	   2	   2	  10	  10	  14	  30	  70	  50	 657	78037	78525	   0	  40	
  35	  35	  30	   4	 768	   1	   2	  11	  10	  14	  30	  70	  50	 587	80397	81165	   0	  40	
  36	  36	  70	   1	 694	   2	   1	  11	  11	  14	  30	  70	  50	 304	82743	83437	   0	  50	
  37	  37	  50	   2	 638	   3	   1	  11	  11	  15	  30	  70	  50	 699	85423	86061	   0	  40	
  38	  38	  30	   1	 715	   1	   1	  12	  11	  15	  30	  70	  50	 471	87810	88525	   0	  50	
  39	  39	  70	   2	 581	   2	   1	  12	  12	  15	  30	  70	  50	 620	90423	91004	   0	  40	
  40	  40	  30	   2	 507	   1	   1	  13	  12	  15	  30	  70	  50	 559	92849	93356	   0	  30	
  41	  41	  50	   1	 336	   3	   1	  13	  12	  16	  30	  70	  50	 699	95356	95692	   0	  40	
  42	  42	  70	   3	 469	   2	   2	  13	  13	  16	  30	  70	  50	 369	97343	97812	   0	  40	
  43	  43	  30	   4	 501	   1	   2	  14	  13	  16	  30	  70	  50	 691	99783	100284	   0	  40	
  44	  44	  70	   1	 291	   2	   1	  14	  14	  16	  30	  70	  50	 329	101889	102180	   0	  50	
  45	  45	  50	   2	 587	   3	   1	  14	  14	  17	  30	  70	  50	 390	103849	104436	   0	  40	
  46	  46	  30	   4	1072	   1	   2	  15	  14	  17	  30	  70	  50	 358	106076	107148	   0	  40	
  47	  47	  70	   1	 643	   2	   1	  15	  15	  17	  30	  70	  50	 463	108889	109532	   0	  50	
  48	  48	  30	   1	 814	   1	   1	  16	  15	  17	  30	  70	  50	 522	111342	112156	   0	  60	
  49	  49	  70	   4	1523	   2	   2	  16	  16	  17	  30	  70	  50	 647	114089	115612	   0	  60	
  50	  50	  30	   4	1193	   1	   2	  17	  16	  17	  30	  70	  50	 413	117315	118508	   0	  60	
  51	  51	  70	   1	1012	   2	   1	  17	  17	  17	  30	  70	  50	 604	120408	121420	   0	  70	
  52	  52	  30	   2	 940	   1	   1	  18	  17	  17	  30	  70	  50	 553	123248	124188	   0	  60	
  53	  53	  70	   1	 689	   2	   1	  18	  18	  17	  30	  70	  50	 564	126035	126724	   0	  70	
  54	  54	  30	   3	 404	   1	   2	  19	  18	  17	  30	  70	  50	 565	128568	128972	   0	  70	
  55	  55	  70	   4	 295	   2	   2	  19	  19	  17	  30	  70	  50	 606	130861	131156	   0	  70	
  56	  56	  50	   2	 761	   3	   1	  19	  19	  18	  30	  70	  50	 353	132795	133556	   0	  60	
  57	  57	  30	   2	 428	   1	   1	  20	  19	  18	  30	  70	  50	 486	135328	135756	   0	  50	
  58	  58	  70	   1	 308	   2	   1	  20	  20	  18	  30	  70	  50	 642	137688	137996	   0	  60	
  59	  59	  50	   1	 922	   3	   1	  20	  20	  19	  30	  70	  50	 306	139594	140516	   0	  70	
  60	  60	  30	   4	1874	   1	   2	  21	  20	  19	  30	  70	  50	 390	142194	144068	   0	  70	
  61	  61	  50	   2	 678	   3	   1	  21	  20	  20	  30	  70	  50	 655	146021	146699	   0	  60	
  62	  62	  70	   1	 609	   2	   1	  21	  21	  20	  30	  70	  50	 338	148314	148923	   0	  70	
  63	  63	  50	   2	 809	   3	   1	  21	  21	  21	  30	  70	  50	 551	150754	151563	   0	  60	
  64	  64	  70	   2	 700	   2	   1	  21	  22	  21	  30	  70	  50	 645	153487	154187	   0	  50	
  65	  65	  50	   1	 492	   3	   1	  21	  22	  22	  30	  70	  50	 301	155767	156259	   0	  60	
  66	  66	  30	   1	 689	   1	   1	  22	  22	  22	  30	  70	  50	 415	157954	158643	   0	  70	
  67	  67	  70	   1	 697	   2	   1	  22	  23	  22	  30	  70	  50	 550	160474	161171	   0	  80	
  68	  68	  30	   2	 567	   1	   1	  23	  23	  22	  30	  70	  50	 327	162780	163347	   0	  70	
  69	  69	  50	   2	 639	   3	   1	  23	  23	  23	  30	  70	  50	 674	165300	165939	   0	  60	
  70	  70	  70	   3	 676	   2	   2	  23	  24	  23	  30	  70	  50	 659	167887	168563	   0	  60	
  71	  71	  50	   2	 487	   3	   1	  23	  24	  24	  30	  70	  50	 330	170180	170667	   0	  50	
  72	  72	  70	   1	 399	   2	   1	  23	  25	  24	  30	  70	  50	 511	172460	172859	   0	  60	
  73	  73	  50	   1	 668	   3	   1	  23	  25	  25	  30	  70	  50	 655	174807	175475	   0	  70	
  74	  74	  70	   2	 626	   2	   1	  23	  26	  25	  30	  70	  50	 594	177353	177979	   0	  60	
  75	  75	  50	   2	 677	   3	   1	  23	  26	  26	  30	  70	  50	 573	179846	180523	   0	  50	
  76	  76	  70	   1	 519	   2	   1	  23	  27	  26	  30	  70	  50	 413	182220	182739	   0	  60	
  77	  77	  50	   3	 615	   3	   2	  23	  27	  27	  30	  70	  50	 558	184580	185195	   0	  60	
  78	  78	  70	   1	 451	   2	   1	  23	  28	  27	  30	  70	  50	 439	186912	187363	   0	  70	
  79	  79	  50	   3	 490	   3	   2	  23	  28	  28	  30	  70	  50	 477	189113	189603	   0	  70	
  80	  80	  30	   2	 381	   1	   1	  24	  28	  28	  30	  70	  50	 685	191566	191947	   0	  60	
  81	  81	  70	   2	 424	   2	   1	  24	  29	  28	  30	  70	  50	 574	193819	194243	   0	  50	
  82	  82	  30	   2	 283	   1	   1	  25	  29	  28	  30	  70	  50	 638	196152	196435	   0	  40	
  83	  83	  50	   2	 368	   3	   1	  25	  29	  29	  30	  70	  50	 585	198299	198667	   0	  30	
  84	  84	  30	   1	 298	   1	   1	  26	  29	  29	  30	  70	  50	 445	200392	200690	   0	  40	
  85	  85	  70	   1	 450	   2	   1	  26	  30	  29	  30	  70	  50	 493	202472	202922	   0	  50	
  86	  86	  50	   3	 287	   3	   2	  26	  30	  30	  30	  70	  50	 697	204899	205186	   0	  50	
  87	  87	  70	   1	 303	   2	   1	  26	  31	  30	  30	  70	  50	 506	206979	207282	   0	  60	
  88	  88	  30	   2	 863	   3	   1	  26	  31	   1	  30	  70	  30	 594	209179	210042	   3	  50	
  89	  89	  30	   2	 567	   1	   1	  27	  31	   1	  30	  70	  30	 303	211619	212186	   0	  40	
  90	  90	  70	   2	 461	   2	   1	  27	  32	   1	  30	  70	  30	 498	213965	214426	   0	  30	
  91	  91	  30	   1	 768	   3	   1	  27	  32	   2	  30	  70	  30	 416	216138	216906	   0	  40	
  92	  92	  70	   3	 426	   2	   2	  27	  33	   2	  30	  70	  30	 449	218632	219058	   0	  40	
  93	  93	  30	   2	 490	   1	   1	  28	  33	   2	  30	  70	  30	 405	220752	221242	   0	  30	
  94	  94	  30	   2	 672	   3	   1	  28	  33	   3	  30	  70	  30	 463	222978	223650	   0	  20	
  95	  95	  30	   1	 685	   1	   1	  29	  33	   3	  30	  70	  30	 635	225565	226250	   0	  30	
  96	  96	  20	   2	 880	   2	   1	  29	   1	   3	  30	  20	  30	 420	227978	228858	   2	  20	
  97	  97	  30	   2	 555	   1	   1	  30	   1	   3	  30	  20	  30	 601	230751	231306	   0	  10	
  98	  98	  30	   2	 683	   3	   1	  30	   1	   4	  30	  20	  30	 490	233071	233754	   0	   0	
  99	  99	  30	   4	 939	   1	   2	  31	   1	   4	  30	  20	  30	 395	235431	236370	   0	   0	
 100	 100	  30	   4	 347	   3	   2	  31	   1	   5	  30	  20	  30	 420	238071	238418	   0	   0	
 101	 101	  20	   4	 782	   2	   2	  31	   2	   5	  30	  20	  30	 612	240324	241106	   0	   0	
 102	 102	  30	   3	 433	   1	   2	  32	   2	   5	  30	  20	  30	 508	242897	243330	   0	   0	
 103	 103	  20	   3	1129	   2	   2	  32	   3	   5	  30	  20	  30	 683	245297	246426	   0	   0	
 104	 104	  30	   1	 689	   3	   1	  32	   3	   6	  30	  20	  30	 468	248177	248866	   0	  10	
 105	 105	  20	   2	 737	   2	   1	  32	   4	   6	  30	  20	  30	 350	250497	251234	   0	   0	
 106	 106	  30	   2	 891	   3	   1	  32	   4	   7	  30	  20	  30	 507	253030	253921	   0	 -10	
 107	 107	  20	   2	 456	   2	   1	  32	   5	   7	  30	  20	  30	 535	255737	256193	   0	 -20	
 108	 108	  30	   4	 413	   3	   2	  32	   5	   8	  30	  20	  30	 371	257844	258257	   0	 -20	
 109	 109	  20	   3	 296	   2	   2	  32	   6	   8	  30	  20	  30	 349	259897	260193	   0	 -20	
 110	 110	  30	   2	 544	   1	   1	  33	   6	   8	  30	  20	  30	 700	262177	262721	   0	 -30	
 111	 111	  30	   2	 459	   3	   1	  33	   6	   9	  30	  20	  30	 382	264390	264849	   0	 -40	
 112	 112	  20	   2	 616	   2	   1	  33	   7	   9	  30	  20	  30	 601	266737	267353	   0	 -50	
 113	 113	  30	   1	 606	   3	   1	  33	   7	  10	  30	  20	  30	 409	269043	269649	   0	 -40	
 114	 114	  30	   2	 731	   1	   1	  34	   7	  10	  30	  20	  30	 425	271350	272081	   0	 -50	
 115	 115	  30	   1	 443	   3	   1	  34	   7	  11	  30	  20	  30	 513	273870	274313	   0	 -40	
 116	 116	  30	   2	 798	   1	   1	  35	   7	  11	  30	  20	  30	 683	276283	277081	   0	 -50	
 117	 117	  30	   2	 484	   3	   1	  35	   7	  12	  30	  20	  30	 466	278829	279313	   0	 -60	
 118	 118	  80	   1	 358	   1	   1	   1	   7	  12	  80	  20	  30	 538	281163	281521	   1	 -50	
 119	 119	  30	   2	 630	   3	   1	   1	   7	  13	  80	  20	  30	 569	283363	283993	   0	 -60	
 120	 120	  20	   2	 550	   2	   1	   1	   8	  13	  80	  20	  30	 404	285683	286233	   0	 -70	
 121	 121	  80	   1	 439	   1	   1	   2	   8	  13	  80	  20	  30	 593	288122	288561	   0	 -60	
 122	 122	  30	   2	1001	   3	   1	   2	   8	  14	  80	  20	  30	 543	290376	291377	   0	 -70	
 123	 123	  80	   2	 708	   1	   1	   3	   8	  14	  80	  20	  30	 332	292989	293697	   0	 -80	
 124	 124	  30	   3	 591	   3	   2	   3	   8	  15	  80	  20	  30	 336	295322	295913	   0	 -80	
 125	 125	  80	   1	 740	   1	   1	   4	   8	  15	  80	  20	  30	 595	297789	298529	   0	 -70	
 126	 126	  30	   2	 919	   3	   1	   4	   8	  16	  80	  20	  30	 389	300202	301121	   0	 -80	
 127	 127	  80	   3	 364	   1	   2	   5	   8	  16	  80	  20	  30	 430	302829	303193	   0	 -80	
 128	 128	  30	   4	 434	   3	   2	   5	   8	  17	  80	  20	  30	 300	304775	305209	   0	 -80	
 129	 129	  20	   4	 446	   2	   2	   5	   9	  17	  80	  20	  30	 553	307042	307488	   0	 -80	
 130	 130	  80	   4	 436	   1	   2	   6	   9	  17	  80	  20	  30	 494	309268	309704	   0	 -80	
 131	 131	  30	   4	 374	   3	   2	   6	   9	  18	  80	  20	  30	 450	311442	311816	   0	 -80	
 132	 132	  80	   3	 422	   1	   2	   7	   9	  18	  80	  20	  30	 342	313442	313864	   0	 -80	
 133	 133	  30	   1	 814	   3	   1	   7	   9	  19	  80	  20	  30	 542	315682	316496	   0	 -70	
 134	 134	  80	   1	 684	   1	   1	   8	   9	  19	  80	  20	  30	 368	318148	318832	   0	 -60	
 135	 135	  20	   4	 281	   2	   2	   8	  10	  19	  80	  20	  30	 665	320775	321056	   0	 -60	
 136	 136	  80	   3	 241	   1	   2	   9	  10	  19	  80	  20	  30	 426	322775	323016	   0	 -60	
 137	 137	  20	   3	 343	   2	   2	   9	  11	  19	  80	  20	  30	 378	324681	325024	   0	 -60	
 138	 138	  80	   3	 924	   1	   2	  10	  11	  19	  80	  20	  30	 332	326628	327552	   0	 -60	
 139	 139	  20	   4	 479	   2	   2	  10	  12	  19	  80	  20	  30	 599	329441	329920	   0	 -60	
 140	 140	  30	   2	 554	   3	   1	  10	  12	  20	  80	  20	  30	 686	331894	332448	   0	 -70	
 141	 141	  80	   2	 532	   1	   1	  11	  12	  20	  80	  20	  30	 610	334348	334880	   0	 -80	
 142	 142	  30	   1	 791	   3	   1	  11	  12	  21	  80	  20	  30	 590	336761	337552	   0	 -70	
 143	 143	  20	   4	 519	   2	   2	  11	  13	  21	  80	  20	  30	 410	339241	339760	   0	 -70	
 144	 144	  80	   3	 381	   1	   2	  12	  13	  21	  80	  20	  30	 382	341427	341808	   0	 -70	
 145	 145	  30	   2	 567	   3	   1	  12	  13	  22	  80	  20	  30	 394	343481	344048	   0	 -80	
 146	 146	  20	   2	 576	   2	   1	  12	  14	  22	  80	  20	  30	 307	345640	346216	   0	 -90	
 147	 147	  30	   2	 666	   3	   1	  12	  14	  23	  80	  20	  30	 316	347814	348480	   0	-100	
 148	 148	  20	   2	 728	   2	   1	  12	  15	  23	  80	  20	  30	 395	350160	350888	   0	-110	
 149	 149	  80	   1	 317	   1	   1	  13	  15	  23	  80	  20	  30	 496	352667	352984	   0	-100	
 150	 150	  20	   2	 688	   2	   1	  13	  16	  23	  80	  20	  30	 614	354880	355568	   0	-110	
 151	 151	  80	   1	 532	   1	   1	  14	  16	  23	  80	  20	  30	 685	357547	358079	   0	-100	
 152	 152	  20	   2	 428	   2	   1	  14	  17	  23	  80	  20	  30	 424	359787	360215	   0	-110	
 153	 153	  30	   2	 519	   3	   1	  14	  17	  24	  80	  20	  30	 414	361920	362439	   0	-120	
 154	 154	  20	   1	 677	   2	   1	  14	  18	  24	  80	  20	  30	 303	364026	364703	   0	-110	
 155	 155	  80	   1	 741	   1	   1	  15	  18	  24	  80	  20	  30	 648	366626	367367	   0	-100	
 156	 156	  30	   4	 453	   3	   2	  15	  18	  25	  80	  20	  30	 622	369266	369719	   0	-100	
 157	 157	  80	   3	 325	   1	   2	  16	  18	  25	  80	  20	  30	 578	371586	371911	   0	-100	
 158	 158	  20	   4	 274	   2	   2	  16	  19	  25	  80	  20	  30	 342	373533	373807	   0	-100	
 159	 159	  30	   4	 296	   3	   2	  16	  19	  26	  80	  20	  30	 518	375599	375895	   0	-100	
 160	 160	  80	   3	 272	   1	   2	  17	  19	  26	  80	  20	  30	 384	377559	377831	   0	-100	
 161	 161	  20	   4	 344	   2	   2	  17	  20	  26	  80	  20	  30	 468	379599	379943	   0	-100	
 162	 162	  30	   3	 355	   3	   2	  17	  20	  27	  80	  20	  30	 354	381572	381927	   0	-100	
 163	 163	  80	   2	 765	   1	   1	  18	  20	  27	  80	  20	  30	 539	383746	384511	   0	-110	
 164	 164	  30	   4	 264	   3	   2	  18	  20	  28	  80	  20	  30	 647	386439	386703	   0	-110	
 165	 165	  20	   4	 307	   2	   2	  18	  21	  28	  80	  20	  30	 586	388572	388879	   0	-110	
 166	 166	  30	   2	 518	   3	   1	  18	  21	  29	  80	  20	  30	 456	390625	391143	   0	-120	
 167	 167	  80	   3	 358	   1	   2	  19	  21	  29	  80	  20	  30	 406	392825	393183	   0	-120	
 168	 168	  30	   3	 280	   3	   2	  19	  21	  30	  80	  20	  30	 663	395119	395399	   0	-120	
 169	 169	  20	   2	 512	   2	   1	  19	  22	  30	  80	  20	  30	 312	396999	397511	   0	-130	
 170	 170	  30	   2	 768	   3	   1	  19	  22	  31	  80	  20	  30	 328	399119	399887	   0	-140	
 171	 171	  80	   1	 587	   1	   1	  20	  22	  31	  80	  20	  30	 546	401732	402319	   0	-130	
 172	 172	  30	   4	1222	   3	   2	  20	  22	  32	  80	  20	  30	 655	404265	405487	   0	-130	
 173	 173	  20	   1	 566	   2	   1	  20	  23	  32	  80	  20	  30	 697	407465	408031	   0	-120	
 174	 174	  80	   3	1054	   1	   2	  21	  23	  32	  80	  20	  30	 554	409865	410919	   0	-120	
 175	 175	  30	   4	1901	   3	   2	  21	  23	  33	  80	  20	  30	 536	412745	414646	   0	-120	
 176	 176	  80	   1	 544	   1	   1	  22	  23	  33	  80	  20	  30	 358	416278	416822	   0	-110	
 177	 177	  30	   3	1035	   3	   2	  22	  23	  34	  80	  20	  30	 347	418451	419486	   0	-110	
 178	 178	  80	   4	1440	   1	   2	  23	  23	  34	  80	  20	  30	 396	421158	422598	   0	-110	
 179	 179	  30	   2	1134	   3	   1	  23	  23	  35	  80	  20	  30	 374	424264	425398	   0	-120	
 180	 180	  20	   4	 558	   2	   2	  23	  24	  35	  80	  20	  30	 581	427264	427822	   0	-120	
 181	 181	  70	   3	 406	   3	   2	  23	  24	   1	  80	  20	  70	 370	429504	429910	   3	-120	
 182	 182	  20	   3	1139	   2	   2	  23	  25	   1	  80	  20	  70	 383	431571	432710	   0	-120	
 183	 183	  80	   1	 838	   1	   1	  24	  25	   1	  80	  20	  70	 508	434504	435342	   0	-110	
 184	 184	  70	   2	 830	   3	   1	  24	  25	   2	  80	  20	  70	 319	436944	437774	   0	-120	
 185	 185	  20	   4	 660	   2	   2	  24	  26	   2	  80	  20	  70	 394	439450	440110	   0	-120	
 186	 186	  70	   1	 804	   3	   1	  24	  26	   3	  80	  20	  70	 460	441850	442654	   0	-110	
 187	 187	  20	   4	 574	   2	   2	  24	  27	   3	  80	  20	  70	 402	444344	444918	   0	-110	
 188	 188	  70	   4	1273	   3	   2	  24	  27	   4	  80	  20	  70	 548	446757	448030	   0	-110	
 189	 189	  20	   2	 959	   2	   1	  24	  28	   4	  80	  20	  70	 466	449783	450742	   0	-120	
NaN	 190	  80	NaN	NaN	   1	   3	  24	  28	   4	  80	  20	  70	 623	449783	NaN	   0	-120	
 190	 191	  70	   1	 564	   3	   1	  24	  28	   5	  80	  20	  70	 681	456570	457134	   0	-110	
 191	 192	  80	   4	 714	   1	   2	  25	  28	   5	  80	  20	  70	 641	459076	459790	   0	-110	
 192	 193	  20	   4	 514	   2	   2	  25	  29	   5	  80	  20	  70	 406	461476	461990	   0	-110	
 193	 194	  70	   1	 770	   3	   1	  25	  29	   6	  80	  20	  70	 691	463956	464726	   0	-100	
 194	 195	  20	   2	 900	   2	   1	  25	  30	   6	  80	  20	  70	 611	466609	467509	   0	-110	
 195	 196	  70	   1	 764	   3	   1	  25	  30	   7	  80	  20	  70	 425	469209	469973	   0	-100	
 196	 197	  80	   1	 876	   1	   1	  26	  30	   7	  80	  20	  70	 670	471929	472805	   0	 -90	
 197	 198	  50	   3	1079	   2	   2	  26	   1	   7	  80	  50	  70	 316	474422	475501	   2	 -90	
 198	 199	  70	   2	 937	   3	   1	  26	   1	   8	  80	  50	  70	 623	477396	478333	   0	-100	
 199	 200	  50	   2	 761	   2	   1	  26	   2	   8	  80	  50	  70	 653	480276	481037	   0	-110	
 200	 201	  80	   1	 785	   1	   1	  27	   2	   8	  80	  50	  70	 351	482676	483461	   0	-100	
 201	 202	  70	   1	 922	   3	   1	  27	   2	   9	  80	  50	  70	 398	485155	486077	   0	 -90	
 202	 203	  50	   1	 722	   2	   1	  27	   3	   9	  80	  50	  70	 678	488035	488757	   0	 -80	
 203	 204	  70	   1	 820	   3	   1	  27	   3	  10	  80	  50	  70	 440	490489	491309	   0	 -70	
 204	 205	  50	   4	 282	   2	   2	  27	   4	  10	  80	  50	  70	 561	493155	493437	   0	 -70	
 205	 206	  70	   4	 466	   3	   2	  27	   4	  11	  80	  50	  70	 318	495035	495501	   0	 -70	
 206	 207	  50	   4	 698	   2	   2	  27	   5	  11	  80	  50	  70	 689	497475	498173	   0	 -70	
 207	 208	  80	   3	 522	   1	   2	  28	   5	  11	  80	  50	  70	 500	499955	500477	   0	 -70	
 208	 209	  50	   1	 616	   2	   1	  28	   6	  11	  80	  50	  70	 421	502181	502797	   0	 -60	
 209	 210	  80	   1	 544	   1	   1	  29	   6	  11	  80	  50	  70	 419	504501	505045	   0	 -50	
 210	 211	  70	   2	 672	   3	   1	  29	   6	  12	  80	  50	  70	 457	506781	507453	   0	 -60	
 211	 212	  50	   1	 480	   2	   1	  29	   7	  12	  80	  50	  70	 350	509101	509581	   0	 -50	
 212	 213	  80	   1	 856	   1	   1	  30	   7	  12	  80	  50	  70	 517	511381	512237	   0	 -40	
 213	 214	  70	   1	 485	   3	   1	  30	   7	  13	  80	  50	  70	 570	514088	514573	   0	 -30	
 214	 215	  80	   3	 453	   1	   2	  31	   7	  13	  80	  50	  70	 517	516368	516821	   0	 -30	
 215	 216	  70	   1	 523	   3	   1	  31	   7	  14	  80	  50	  70	 564	518674	519197	   0	 -20	
 216	 217	  50	   2	 685	   2	   1	  31	   8	  14	  80	  50	  70	 492	520967	521652	   0	 -30	
 217	 218	  80	   3	 365	   1	   2	  32	   8	  14	  80	  50	  70	 551	523487	523852	   0	 -30	
 218	 219	  50	   2	 293	   2	   1	  32	   9	  14	  80	  50	  70	 631	525767	526060	   0	 -40	
 219	 220	  80	   1	 506	   1	   1	  33	   9	  14	  80	  50	  70	 609	527954	528460	   0	 -30	
 220	 221	  70	   1	 469	   3	   1	  33	   9	  15	  80	  50	  70	 378	530127	530596	   0	 -20	
 221	 222	  50	   1	 461	   2	   1	  33	  10	  15	  80	  50	  70	 350	532247	532708	   0	 -10	
 222	 223	  70	   1	 434	   3	   1	  33	  10	  16	  80	  50	  70	 360	534354	534788	   0	   0	
 223	 224	  20	   4	 869	   1	   2	   1	  10	  16	  20	  50	  70	 554	536647	537516	   1	   0	
 224	 225	  50	   4	 370	   2	   2	   1	  11	  16	  20	  50	  70	 555	539354	539724	   0	   0	
 225	 226	  70	   4	 456	   3	   2	   1	  11	  17	  20	  50	  70	 616	541620	542076	   0	   0	
 226	 227	  20	   4	 459	   1	   2	   2	  11	  17	  20	  50	  70	 667	544033	544492	   0	   0	
 227	 228	  70	   1	 637	   3	   1	   2	  11	  18	  20	  50	  70	 597	546367	547004	   0	  10	
 228	 229	  20	   4	 571	   1	   2	   3	  11	  18	  20	  50	  70	 517	548793	549364	   0	  10	
 229	 230	  50	   3	 352	   2	   2	   3	  12	  18	  20	  50	  70	 385	551020	551372	   0	  10	
 230	 231	  70	   1	 320	   3	   1	   3	  12	  19	  20	  50	  70	 359	553020	553340	   0	  20	
 231	 232	  50	   4	 278	   2	   2	   3	  13	  19	  20	  50	  70	 604	555246	555524	   0	  20	
 232	 233	  70	   3	 296	   3	   2	   3	  13	  20	  20	  50	  70	 495	557300	557596	   0	  20	
 233	 234	  20	   1	 523	   1	   1	   4	  13	  20	  20	  50	  70	 356	559233	559756	   0	  30	
 234	 235	  70	   2	 571	   3	   1	   4	  13	  21	  20	  50	  70	 627	561673	562244	   0	  20	
 235	 236	  20	   4	 467	   1	   2	   5	  13	  21	  20	  50	  70	 476	563993	564460	   0	  20	
 236	 237	  50	   2	 417	   2	   1	   5	  14	  21	  20	  50	  70	 551	566299	566716	   0	  10	
 237	 238	  70	   3	 529	   3	   2	   5	  14	  22	  20	  50	  70	 535	568539	569068	   0	  10	
 238	 239	  50	   3	 396	   2	   2	   5	  15	  22	  20	  50	  70	 526	570872	571268	   0	  10	
 239	 240	  70	   1	 542	   3	   1	   5	  15	  23	  20	  50	  70	 423	572966	573508	   0	  20	
 240	 241	  50	   1	 600	   2	   1	   5	  16	  23	  20	  50	  70	 428	575219	575819	   0	  30	
 241	 242	  20	   4	 379	   1	   2	   6	  16	  23	  20	  50	  70	 550	577672	578051	   0	  30	
 242	 243	  50	   2	 438	   2	   1	   6	  17	  23	  20	  50	  70	 434	579765	580203	   0	  20	
 243	 244	  20	   3	 419	   1	   2	   7	  17	  23	  20	  50	  70	 358	581832	582251	   0	  20	
 244	 245	  70	   3	 854	   3	   2	   7	  17	  24	  20	  50	  70	 595	584125	584979	   0	  20	
 245	 246	  50	   1	 419	   2	   1	   7	  18	  24	  20	  50	  70	 604	586872	587291	   0	  30	
 246	 247	  20	   4	 617	   1	   2	   8	  18	  24	  20	  50	  70	 450	589018	589635	   0	  30	
 247	 248	  50	   4	 579	   2	   2	   8	  19	  24	  20	  50	  70	 467	591392	591971	   0	  30	
 248	 249	  70	   1	 678	   3	   1	   8	  19	  25	  20	  50	  70	 514	593765	594443	   0	  40	
 249	 250	  20	   2	 484	   1	   1	   9	  19	  25	  20	  50	  70	 398	596111	596595	   0	  30	
 250	 251	  70	   4	 286	   3	   2	   9	  19	  26	  20	  50	  70	 325	598205	598491	   0	  30	
 251	 252	  50	   1	 350	   2	   1	   9	  20	  26	  20	  50	  70	 463	600245	600595	   0	  40	
 252	 253	  20	   2	 417	   1	   1	  10	  20	  26	  20	  50	  70	 382	602258	602675	   0	  30	
 253	 254	  70	   3	 441	   3	   2	  10	  20	  27	  20	  50	  70	 698	604658	605099	   0	  30	
 254	 255	  50	   1	 487	   2	   1	  10	  21	  27	  20	  50	  70	 463	606844	607331	   0	  40	
 255	 256	  70	   1	 537	   3	   1	  10	  21	  28	  20	  50	  70	 690	609298	609835	   0	  50	
 256	 257	  50	   2	 527	   2	   1	  10	  22	  28	  20	  50	  70	 639	611764	612291	   0	  40	
 257	 258	  70	   4	 439	   3	   2	  10	  22	  29	  20	  50	  70	 595	614164	614603	   0	  40	
 258	 259	  50	   2	 319	   2	   1	  10	  23	  29	  20	  50	  70	 567	616444	616763	   0	  30	
 259	 260	  70	   1	 618	   3	   1	  10	  23	  30	  20	  50	  70	 578	618617	619235	   0	  40	
 260	 261	  20	   2	 468	   1	   1	  11	  23	  30	  20	  50	  70	 355	620871	621339	   0	  30	
 261	 262	  50	   4	 322	   3	   2	  11	  23	   1	  20	  50	  50	 431	623097	623419	   3	  30	
 262	 263	  50	   2	 317	   2	   1	  11	  24	   1	  20	  50	  50	 359	625070	625387	   0	  20	
 263	 264	  20	   4	 421	   1	   2	  12	  24	   1	  20	  50	  50	 444	627110	627531	   0	  20	
 264	 265	  50	   2	 278	   3	   1	  12	  24	   2	  20	  50	  50	 669	629484	629762	   0	  10	
 265	 266	  50	   3	 326	   2	   2	  12	  25	   2	  20	  50	  50	 411	631444	631770	   0	  10	
 266	 267	  50	   1	 407	   3	   1	  12	  25	   3	  20	  50	  50	 509	633563	633970	   0	  20	
 267	 268	  50	   1	 537	   2	   1	  12	  26	   3	  20	  50	  50	 564	635817	636354	   0	  30	
 268	 269	  20	   2	 529	   1	   1	  13	  26	   3	  20	  50	  50	 463	638097	638626	   0	  20	
 269	 270	  50	   2	 407	   2	   1	  13	  27	   3	  20	  50	  50	 495	640403	640810	   0	  10	
 270	 271	  50	   4	 271	   3	   2	  13	  27	   4	  20	  50	  50	 346	642443	642714	   0	  10	
 271	 272	  50	   3	 290	   2	   2	  13	  28	   4	  20	  50	  50	 569	644576	644866	   0	  10	
 272	 273	  50	   1	 348	   3	   1	  13	  28	   5	  20	  50	  50	 610	646750	647098	   0	  20	
 273	 274	  50	   2	 370	   2	   1	  13	  29	   5	  20	  50	  50	 630	649016	649386	   0	  10	
 274	 275	  20	   1	 338	   1	   1	  14	  29	   5	  20	  50	  50	 555	651216	651554	   0	  20	
 275	 276	  50	   1	 437	   3	   1	  14	  29	   6	  20	  50	  50	 397	653229	653666	   0	  30	
 276	 277	  50	   3	 325	   2	   2	  14	  30	   6	  20	  50	  50	 323	655269	655594	   0	  30	
 277	 278	  20	   2	 551	   1	   1	  15	  30	   6	  20	  50	  50	 325	657203	657754	   0	  20	
 278	 279	  50	   2	 271	   3	   1	  15	  30	   7	  20	  50	  50	 647	659683	659954	   0	  10	
 279	 280	  20	   3	 658	   1	   2	  16	  30	   7	  20	  50	  50	 698	661936	662594	   0	  10	
 280	 281	  50	   2	 312	   3	   1	  16	  30	   8	  20	  50	  50	 523	664402	664714	   0	   0	
 281	 282	  20	   2	 293	   1	   1	  17	  30	   8	  20	  50	  50	 577	666589	666882	   0	 -10	
 282	 283	  50	   1	 354	   3	   1	  17	  30	   9	  20	  50	  50	 399	668576	668930	   0	   0	
 283	 284	  50	   1	 400	   2	   1	  17	  31	   9	  20	  50	  50	 346	670562	670962	   0	  10	
 284	 285	  20	   4	 496	   1	   2	  18	  31	   9	  20	  50	  50	 635	672882	673378	   0	  10	
 285	 286	  50	   2	 267	   2	   1	  18	  32	   9	  20	  50	  50	 628	675295	675562	   0	   0	
 286	 287	  20	   4	 581	   1	   2	  19	  32	   9	  20	  50	  50	 337	677189	677770	   0	   0	
 287	 288	  50	   3	 307	   3	   2	  19	  32	  10	  20	  50	  50	 603	679655	679962	   0	   0	
 288	 289	  20	   4	 282	   1	   2	  20	  32	  10	  20	  50	  50	 692	681935	682217	   0	   0	
 289	 290	  50	   3	 255	   3	   2	  20	  32	  11	  20	  50	  50	 540	684042	684297	   0	   0	
 290	 291	  50	   1	 301	   2	   1	  20	  33	  11	  20	  50	  50	 444	686028	686329	   0	  10	
 291	 292	  50	   3	 263	   3	   2	  20	  33	  12	  20	  50	  50	 376	688002	688265	   0	  10	
 292	 293	  20	   4	 533	   2	   2	  20	   1	  12	  20	  20	  50	 503	690068	690601	   2	  10	
 293	 294	  50	   4	 450	   3	   2	  20	   1	  13	  20	  20	  50	 320	692215	692665	   0	  10	
 294	 295	  20	   4	 261	   1	   2	  21	   1	  13	  20	  20	  50	 643	694588	694849	   0	  10	
 295	 296	  20	   2	 682	   2	   1	  21	   2	  13	  20	  20	  50	 485	696615	697297	   0	   0	
 296	 297	  20	   3	  27	   1	   2	  22	   2	  13	  20	  20	  50	 551	699134	699161	   0	   0	
 297	 298	  20	   4	 320	   2	   2	  22	   3	  13	  20	  20	  50	 556	701001	701321	   0	   0	
 298	 299	  20	   4	 283	   1	   2	  23	   3	  13	  20	  20	  50	 368	702974	703257	   0	   0	
 299	 300	  20	   4	 373	   2	   2	  23	   4	  13	  20	  20	  50	 681	705228	705601	   0	   0	
 300	 301	  50	   3	 355	   3	   2	  23	   4	  14	  20	  20	  50	 523	707414	707769	   0	   0	
 301	 302	  20	   3	 387	   2	   2	  23	   5	  14	  20	  20	  50	 598	709654	710041	   0	   0	
 302	 303	  50	   3	 704	   3	   2	  23	   5	  15	  20	  20	  50	 637	711961	712665	   0	   0	
 303	 304	  20	   4	1248	   2	   2	  23	   6	  15	  20	  20	  50	 573	714521	715769	   0	   0	
 304	 305	  20	   4	 561	   1	   2	  24	   6	  15	  20	  20	  50	 592	717640	718201	   0	   0	
 305	 306	  50	   2	 723	   3	   1	  24	   6	  16	  20	  20	  50	 410	719894	720617	   0	 -10	
 306	 307	  20	   4	 358	   1	   2	  25	   6	  16	  20	  20	  50	 363	722267	722625	   0	 -10	
 307	 308	  50	   4	 294	   3	   2	  25	   6	  17	  20	  20	  50	 411	724307	724601	   0	 -10	
 308	 309	  20	   4	 372	   1	   2	  26	   6	  17	  20	  20	  50	 681	726573	726945	   0	 -10	
 309	 310	  50	   3	 414	   3	   2	  26	   6	  18	  20	  20	  50	 488	728707	729121	   0	 -10	
 310	 311	  20	   2	 329	   1	   1	  27	   6	  18	  20	  20	  50	 474	730880	731209	   0	 -20	
 311	 312	  50	   4	 297	   3	   2	  27	   6	  19	  20	  20	  50	 545	733040	733337	   0	 -20	
 312	 313	  20	   4	 301	   2	   2	  27	   7	  19	  20	  20	  50	 443	735067	735368	   0	 -20	
 313	 314	  50	   4	 318	   3	   2	  27	   7	  20	  20	  20	  50	 655	737306	737624	   0	 -20	
 314	 315	  20	   4	 222	   2	   2	  27	   8	  20	  20	  20	  50	 406	739306	739528	   0	 -20	
 315	 316	  20	   3	 232	   1	   2	  28	   8	  20	  20	  20	  50	 311	741120	741352	   0	 -20	
 316	 317	  20	   1	 398	   2	   1	  28	   9	  20	  20	  20	  50	 470	743106	743504	   0	 -10	
 317	 318	  50	   4	 353	   3	   2	  28	   9	  21	  20	  20	  50	 533	745319	745672	   0	 -10	
 318	 319	  20	   4	 259	   2	   2	  28	  10	  21	  20	  20	  50	 417	747373	747632	   0	 -10	
 319	 320	  20	   4	 326	   1	   2	  29	  10	  21	  20	  20	  50	 307	749226	749552	   0	 -10	
 320	 321	  50	   3	 270	   3	   2	  29	  10	  22	  20	  20	  50	 509	751346	751616	   0	 -10	
 321	 322	  20	   2	 590	   1	   1	  30	  10	  22	  20	  20	  50	 517	753426	754016	   0	 -20	
 322	 323	  50	   4	 481	   3	   2	  30	  10	  23	  20	  20	  50	 465	755759	756240	   0	 -20	
 323	 324	  20	   4	 286	   1	   2	  31	  10	  23	  20	  20	  50	 418	757946	758232	   0	 -20	
 324	 325	  20	   2	 318	   2	   1	  31	  11	  23	  20	  20	  50	 395	759906	760224	   0	 -30	
 325	 326	  20	   4	 510	   1	   2	  32	  11	  23	  20	  20	  50	 522	762026	762536	   0	 -30	
 326	 327	  50	   3	 276	   3	   2	  32	  11	  24	  20	  20	  50	 358	764172	764448	   0	 -30	
 327	 328	  20	   2	 468	   2	   1	  32	  12	  24	  20	  20	  50	 646	766372	766840	   0	 -40	
 328	 329	  50	   3	 244	   3	   2	  32	  12	  25	  20	  20	  50	 531	768652	768896	   0	 -40	
 329	 330	  20	   4	 361	   2	   2	  32	  13	  25	  20	  20	  50	 345	770519	770880	   0	 -40	
 330	 331	  20	   3	 244	   1	   2	  33	  13	  25	  20	  20	  50	 599	772772	773016	   0	 -40	
 331	 332	  20	   2	 410	   2	   1	  33	  14	  25	  20	  20	  50	 486	774798	775208	   0	 -50	
 332	 333	  50	   4	 372	   3	   2	  33	  14	  26	  20	  20	  50	 362	776852	777224	   0	 -50	
 333	 334	  20	   4	 252	   1	   2	  34	  14	  26	  20	  20	  50	 310	778812	779064	   0	 -50	
 334	 335	  20	   4	 340	   2	   2	  34	  15	  26	  20	  20	  50	 592	780932	781272	   0	 -50	
 335	 336	  50	   3	 295	   3	   2	  34	  15	  27	  20	  20	  50	 318	782865	783160	   0	 -50	
 336	 337	  20	   4	 591	   1	   2	  35	  15	  27	  20	  20	  50	 344	784785	785376	   0	 -50	
 337	 338	  20	   4	 274	   2	   2	  35	  16	  27	  20	  20	  50	 621	787278	787552	   0	 -50	
 338	 339	  80	   1	 324	   1	   1	   1	  16	  27	  80	  20	  50	 631	789491	789815	   1	 -40	
 339	 340	  20	   4	 316	   2	   2	   1	  17	  27	  80	  20	  50	 470	791571	791887	   0	 -40	
 340	 341	  80	   3	 303	   1	   2	   2	  17	  27	  80	  20	  50	 417	793584	793887	   0	 -40	
 341	 342	  50	   3	 321	   3	   2	   2	  17	  28	  80	  20	  50	 575	795758	796079	   0	 -40	
 342	 343	  80	   1	 436	   1	   1	   3	  17	  28	  80	  20	  50	 680	798051	798487	   0	 -30	
 343	 344	  20	   3	 409	   2	   2	   3	  18	  28	  80	  20	  50	 516	800278	800687	   0	 -30	
 344	 345	  50	   2	 391	   3	   1	   3	  18	  29	  80	  20	  50	 460	802424	802815	   0	 -40	
 345	 346	  20	   3	 255	   2	   2	   3	  19	  29	  80	  20	  50	 320	804424	804679	   0	 -40	
 346	 347	  80	   3	 274	   1	   2	   4	  19	  29	  80	  20	  50	 674	806637	806911	   0	 -40	
 347	 348	  20	   4	 252	   2	   2	   4	  20	  29	  80	  20	  50	 618	808811	809063	   0	 -40	
 348	 349	  50	   4	 263	   3	   2	   4	  20	  30	  80	  20	  50	 313	810664	810927	   0	 -40	
 349	 350	  80	   4	 287	   1	   2	   5	  20	  30	  80	  20	  50	 373	812584	812871	   0	 -40	
 350	 351	  50	   4	 431	   3	   2	   5	  20	  31	  80	  20	  50	 396	814544	814975	   0	 -40	
 351	 352	  80	   3	 295	   1	   2	   6	  20	  31	  80	  20	  50	 509	816784	817079	   0	 -40	
 352	 353	  50	   2	 565	   3	   1	   6	  20	  32	  80	  20	  50	 483	818850	819415	   0	 -50	
 353	 354	  80	   3	 312	   1	   2	   7	  20	  32	  80	  20	  50	 565	821263	821575	   0	 -50	
 354	 355	  20	   3	 352	   2	   2	   7	  21	  32	  80	  20	  50	 688	823543	823895	   0	 -50	
 355	 356	  80	   1	 298	   1	   1	   8	  21	  32	  80	  20	  50	 342	825517	825815	   0	 -40	
 356	 357	  50	   3	 341	   3	   2	   8	  21	  33	  80	  20	  50	 315	827410	827751	   0	 -40	
 357	 358	  20	   4	 323	   2	   2	   8	  22	  33	  80	  20	  50	 687	829716	830039	   0	 -40	
 358	 359	  70	   3	 293	   3	   2	   8	  22	   1	  80	  20	  70	 658	832010	832303	   3	 -40	
 359	 360	  20	   4	 307	   2	   2	   8	  23	   1	  80	  20	  70	 691	834276	834583	   0	 -40	
 360	 361	  80	   4	 280	   1	   2	   9	  23	   1	  80	  20	  70	 307	836183	836463	   0	 -40	
 361	 362	  20	   4	 342	   2	   2	   9	  24	   1	  80	  20	  70	 608	838369	838711	   0	 -40	
 362	 363	  70	   4	 363	   3	   2	   9	  24	   2	  80	  20	  70	 610	840596	840959	   0	 -40	
 363	 364	  80	   3	 303	   1	   2	  10	  24	   2	  80	  20	  70	 696	842943	843246	   0	 -40	
 364	 365	  70	   4	 261	   3	   2	  10	  24	   3	  80	  20	  70	 531	845049	845310	   0	 -40	
 365	 366	  20	   4	 317	   2	   2	  10	  25	   3	  80	  20	  70	 462	847049	847366	   0	 -40	
 366	 367	  70	   3	 248	   3	   2	  10	  25	   4	  80	  20	  70	 462	849102	849350	   0	 -40	
 367	 368	  20	   4	 296	   2	   2	  10	  26	   4	  80	  20	  70	 589	851222	851518	   0	 -40	
 368	 369	  80	   3	 277	   1	   2	  11	  26	   4	  80	  20	  70	 484	853289	853566	   0	 -40	
 369	 370	  70	   3	 453	   3	   2	  11	  26	   5	  80	  20	  70	 529	855369	855822	   0	 -40	
 370	 371	  20	   1	 307	   2	   1	  11	  27	   5	  80	  20	  70	 564	857675	857982	   0	 -30	
 371	 372	  70	   3	 400	   3	   2	  11	  27	   6	  80	  20	  70	 465	859742	860142	   0	 -30	
 372	 373	  80	   1	 344	   1	   1	  12	  27	   6	  80	  20	  70	 588	862022	862366	   0	 -20	
 373	 374	  70	   4	 451	   3	   2	  12	  27	   7	  80	  20	  70	 391	864035	864486	   0	 -20	
 374	 375	  80	   3	 342	   1	   2	  13	  27	   7	  80	  20	  70	 366	866128	866470	   0	 -20	
 375	 376	  70	   3	 171	   3	   2	  13	  27	   8	  80	  20	  70	 372	868115	868286	   0	 -20	
 376	 377	  20	   4	 275	   2	   2	  13	  28	   8	  80	  20	  70	 549	870115	870390	   0	 -20	
 377	 378	  80	   3	 259	   1	   2	  14	  28	   8	  80	  20	  70	 602	872275	872534	   0	 -20	
 378	 379	  70	   1	 323	   3	   1	  14	  28	   9	  80	  20	  70	 423	874235	874558	   0	 -10	
 379	 380	  80	   3	 339	   1	   2	  15	  28	   9	  80	  20	  70	 677	876515	876854	   0	 -10	
 380	 381	  70	   1	 225	   3	   1	  15	  28	  10	  80	  20	  70	 686	878821	879046	   0	   0	
 381	 382	  80	   1	 502	   1	   1	  16	  28	  10	  80	  20	  70	 356	880688	881190	   0	  10	
 382	 383	  20	   4	 398	   2	   2	  16	  29	  10	  80	  20	  70	 374	882848	883246	   0	  10	
 383	 384	  80	   1	 233	   1	   1	  17	  29	  10	  80	  20	  70	 585	885101	885334	   0	  20	
 384	 385	  70	   4	 230	   3	   2	  17	  29	  11	  80	  20	  70	 553	887168	887398	   0	  20	
 385	 386	  80	   4	 236	   1	   2	  18	  29	  11	  80	  20	  70	 592	889274	889510	   0	  20	
 386	 387	  20	   4	 465	   2	   2	  18	  30	  11	  80	  20	  70	 666	891461	891926	   0	  20	
 387	 388	  70	   3	 300	   3	   2	  18	  30	  12	  80	  20	  70	 429	893634	893934	   0	  20	
 388	 389	  20	   4	 398	   2	   2	  18	  31	  12	  80	  20	  70	 478	895687	896085	   0	  20	
 389	 390	  70	   1	 456	   3	   1	  18	  31	  13	  80	  20	  70	 417	897781	898237	   0	  30	
 390	 391	  80	   4	 448	   1	   2	  19	  31	  13	  80	  20	  70	 579	900101	900549	   0	  30	
 391	 392	  70	   2	1072	   3	   1	  19	  31	  14	  80	  20	  70	 494	902341	903413	   0	  20	
 392	 393	  20	   4	 430	   2	   2	  19	  32	  14	  80	  20	  70	 475	905167	905597	   0	  20	
 393	 394	  70	   1	 515	   3	   1	  19	  32	  15	  80	  20	  70	 506	907394	907909	   0	  30	
 394	 395	  20	   1	 526	   2	   1	  19	  33	  15	  80	  20	  70	 582	909767	910293	   0	  40	
 395	 396	  70	   3	 550	   3	   2	  19	  33	  16	  80	  20	  70	 552	912127	912677	   0	  40	
 396	 397	  80	   3	 596	   1	   2	  20	  33	  16	  80	  20	  70	 392	914353	914949	   0	  40	
 397	 398	  70	   4	 950	   3	   2	  20	  33	  17	  80	  20	  70	 424	916647	917597	   0	  40	
 398	 399	  20	   4	 521	   2	   2	  20	  34	  17	  80	  20	  70	 505	919380	919901	   0	  40	
 399	 400	  80	   4	 479	   1	   2	  21	  34	  17	  80	  20	  70	 623	921806	922285	   0	  40	
 400	 401	  20	   4	 404	   2	   2	  21	  35	  17	  80	  20	  70	 670	924233	924637	   0	  40	
 401	 402	  80	   3	 343	   1	   2	  22	  35	  17	  80	  20	  70	 675	926606	926949	   0	  40	
 402	 403	  80	   1	1028	   2	   1	  22	   1	  17	  80	  80	  70	 465	928713	929741	   2	  50	
 403	 404	  80	   3	 538	   1	   2	  23	   1	  17	  80	  80	  70	 428	931459	931997	   0	  50	
 404	 405	  80	   3	 620	   2	   2	  23	   2	  17	  80	  80	  70	 387	933673	934293	   0	  50	
 405	 406	  80	   1	 791	   1	   1	  24	   2	  17	  80	  80	  70	 356	935926	936717	   0	  60	
 406	 407	  80	   3	 924	   2	   2	  24	   3	  17	  80	  80	  70	 348	938353	939277	   0	  60	
 407	 408	  80	   1	 650	   1	   1	  25	   3	  17	  80	  80	  70	 373	940939	941589	   0	  70	
 408	 409	  80	   2	 386	   2	   1	  25	   4	  17	  80	  80	  70	 312	943179	943565	   0	  60	
 409	 410	  80	   3	 575	   1	   2	  26	   4	  17	  80	  80	  70	 561	945406	945981	   0	  60	
 410	 411	  80	   1	 266	   2	   1	  26	   5	  17	  80	  80	  70	 307	947579	947845	   0	  70	
 411	 412	  80	   4	 532	   1	   2	  27	   5	  17	  80	  80	  70	 689	949832	950364	   0	  70	
 412	 413	  80	   1	 313	   2	   1	  27	   6	  17	  80	  80	  70	 330	951979	952292	   0	  80	
 413	 414	  80	   3	 407	   1	   2	  28	   6	  17	  80	  80	  70	 434	954005	954412	   0	  80	
 414	 415	  80	   1	 673	   2	   1	  28	   7	  17	  80	  80	  70	 408	956099	956772	   0	  90	
 415	 416	  80	   1	 617	   1	   1	  29	   7	  17	  80	  80	  70	 321	958379	958996	   0	 100	
 416	 417	  70	   3	 298	   3	   2	  29	   7	  18	  80	  80	  70	 300	960578	960876	   0	 100	
 417	 418	  80	   3	 623	   2	   2	  29	   8	  18	  80	  80	  70	 649	962805	963428	   0	 100	
 418	 419	  80	   1	 543	   1	   1	  30	   8	  18	  80	  80	  70	 462	965165	965708	   0	 110	
 419	 420	  80	   2	 447	   2	   1	  30	   9	  18	  80	  80	  70	 657	967645	968092	   0	 100	
 420	 421	  70	   3	 247	   3	   2	  30	   9	  19	  80	  80	  70	 667	970045	970292	   0	 100	
 421	 422	  80	   3	 287	   2	   2	  30	  10	  19	  80	  80	  70	 544	972125	972412	   0	 100	
 422	 423	  30	   2	 250	   1	   1	   1	  10	  19	  30	  80	  70	 496	974218	974468	   1	  90	
 423	 424	  70	   1	 311	   3	   1	   1	  10	  20	  30	  80	  70	 585	976325	976636	   0	 100	
 424	 425	  80	   2	 402	   2	   1	   1	  11	  20	  30	  80	  70	 335	978258	978660	   0	  90	
 425	 426	  30	   3	 274	   1	   2	   2	  11	  20	  30	  80	  70	 435	980378	980652	   0	  90	
 426	 427	  70	   1	 616	   3	   1	   2	  11	  21	  30	  80	  70	 310	982244	982860	   0	 100	
 427	 428	  80	   3	 296	   2	   2	   2	  12	  21	  30	  80	  70	 422	984564	984860	   0	 100	
 428	 429	  30	   3	 488	   1	   2	   3	  12	  21	  30	  80	  70	 377	986524	987012	   0	 100	
 429	 430	  70	   2	 240	   3	   1	   3	  12	  22	  30	  80	  70	 469	988764	989004	   0	  90	
 430	 431	  80	   3	 136	   2	   2	   3	  13	  22	  30	  80	  70	 598	990884	991020	   0	  90	
 431	 432	  70	   4	 491	   3	   2	   3	  13	  23	  30	  80	  70	 658	992977	993468	   0	  90	
 432	 433	  80	   1	 357	   2	   1	   3	  14	  23	  30	  80	  70	 608	995351	995708	   0	 100	
 433	 434	  70	   3	 371	   3	   2	   3	  14	  24	  30	  80	  70	 312	997297	997668	   0	 100	
 434	 435	  80	   1	 323	   2	   1	   3	  15	  24	  30	  80	  70	 358	999297	999620	   0	 110	
 435	 436	  70	   1	 387	   3	   1	   3	  15	  25	  30	  80	  70	 357	1001257	1001644	   0	 120	
 436	 437	  30	   4	 277	   1	   2	   4	  15	  25	  30	  80	  70	 543	1003470	1003747	   0	 120	
 437	 438	  70	   3	 386	   3	   2	   4	  15	  26	  30	  80	  70	 346	1005377	1005763	   0	 120	
 438	 439	  30	   2	 309	   1	   1	   5	  15	  26	  30	  80	  70	 496	1007550	1007859	   0	 110	
 439	 440	  70	   3	 512	   3	   2	   5	  15	  27	  30	  80	  70	 545	1009683	1010195	   0	 110	
 440	 441	  80	   3	 245	   2	   2	   5	  16	  27	  30	  80	  70	 517	1011990	1012235	   0	 110	
 441	 442	  70	   2	 288	   3	   1	   5	  16	  28	  30	  80	  70	 549	1014083	1014371	   0	 100	
 442	 443	  30	   4	 432	   1	   2	   6	  16	  28	  30	  80	  70	 592	1016243	1016675	   0	 100	
 443	 444	  80	   3	 323	   2	   2	   6	  17	  28	  30	  80	  70	 415	1018376	1018699	   0	 100	
 444	 445	  30	   3	 243	   1	   2	   7	  17	  28	  30	  80	  70	 353	1020336	1020579	   0	 100	
 445	 446	  80	   4	 523	   2	   2	   7	  18	  28	  30	  80	  70	 513	1022376	1022899	   0	 100	
 446	 447	  30	   4	 318	   1	   2	   8	  18	  28	  30	  80	  70	 647	1024829	1025147	   0	 100	
 447	 448	  80	   1	 262	   2	   1	   8	  19	  28	  30	  80	  70	 360	1026789	1027051	   0	 110	
 448	 449	  30	   2	 323	   1	   1	   9	  19	  28	  30	  80	  70	 683	1029016	1029339	   0	 100	
 449	 450	  70	   1	 251	   3	   1	   9	  19	  29	  30	  80	  70	 669	1031296	1031547	   0	 110	
 450	 451	  30	   2	 448	   1	   1	  10	  19	  29	  30	  80	  70	 533	1033363	1033811	   0	 100	
 451	 452	  80	   3	 449	   2	   2	  10	  20	  29	  30	  80	  70	 584	1035682	1036131	   0	 100	
 452	 453	  70	   1	 387	   3	   1	  10	  20	  30	  30	  80	  70	 450	1037856	1038243	   0	 110	
 453	 454	  80	   1	 454	   2	   1	  10	  21	  30	  30	  80	  70	 383	1039909	1040363	   0	 120	
 454	 455	  30	   3	 275	   1	   2	  11	  21	  30	  30	  80	  70	 480	1042136	1042411	   0	 120	
 455	 456	  80	   1	 268	   2	   1	  11	  22	  30	  30	  80	  70	 323	1044015	1044283	   0	 130	
 456	 457	  70	   1	 318	   3	   1	  11	  22	  31	  30	  80	  70	 578	1046149	1046467	   0	 140	
 457	 458	  30	   2	 414	   1	   1	  12	  22	  31	  30	  80	  70	 364	1048109	1048523	   0	 130	
 458	 459	  70	   3	 313	   3	   2	  12	  22	  32	  30	  80	  70	 358	1050162	1050475	   0	 130	
 459	 460	  30	   4	 502	   1	   2	  13	  22	  32	  30	  80	  70	 429	1052189	1052691	   0	 130	
 460	 461	  80	   1	 361	   2	   1	  13	  23	  32	  30	  80	  70	 547	1054522	1054883	   0	 140	
 461	 462	  70	   3	 324	   3	   2	  13	  23	  33	  30	  80	  70	 346	1056535	1056859	   0	 140	
 462	 463	  30	   3	 278	   1	   2	  14	  23	  33	  30	  80	  70	 446	1058588	1058866	   0	 140	
 463	 464	  80	   1	 259	   2	   1	  14	  24	  33	  30	  80	  70	 671	1060815	1061074	   0	 150	
 464	 465	  30	   4	 374	   1	   2	  15	  24	  33	  30	  80	  70	 390	1062748	1063122	   0	 150	
 465	 466	  70	   4	 459	   3	   2	  15	  24	  34	  30	  80	  70	 479	1064895	1065354	   0	 150	
 466	 467	  80	   4	 289	   2	   2	  15	  25	  34	  30	  80	  70	 572	1067201	1067490	   0	 150	
 467	 468	  70	   1	 387	   3	   1	  15	  25	  35	  30	  80	  70	 403	1069175	1069562	   0	 160	
 468	 469	  30	   4	  60	   1	   2	  16	  25	  35	  30	  80	  70	 523	1071374	1071434	   0	 160	
 469	 470	  80	   3	 137	   2	   2	  16	  26	  35	  30	  80	  70	 488	1073201	1073338	   0	 160	
 470	 471	  30	   3	 356	   1	   2	  17	  26	  35	  30	  80	  70	 397	1075014	1075370	   0	 160	
 471	 472	  50	   2	 374	   3	   1	  17	  26	   1	  30	  80	  50	 685	1077388	1077762	   3	 150	
 472	 473	  30	   4	 361	   1	   2	  18	  26	   1	  30	  80	  50	 670	1079721	1080082	   0	 150	
 473	 474	  80	   3	 311	   2	   2	  18	  27	   1	  30	  80	  50	 496	1081867	1082178	   0	 150	
 474	 475	  30	   4	 281	   1	   2	  19	  27	   1	  30	  80	  50	 304	1083761	1084042	   0	 150	
 475	 476	  50	   3	 241	   3	   2	  19	  27	   2	  30	  80	  50	 394	1085721	1085962	   0	 150	
 476	 477	  80	   1	 340	   2	   1	  19	  28	   2	  30	  80	  50	 331	1087574	1087914	   0	 160	
 477	 478	  50	   4	 308	   3	   2	  19	  28	   3	  30	  80	  50	 537	1089734	1090042	   0	 160	
 478	 479	  80	   4	 303	   2	   2	  19	  29	   3	  30	  80	  50	 695	1092027	1092330	   0	 160	
 479	 480	  30	   4	 274	   1	   2	  20	  29	   3	  30	  80	  50	 354	1093960	1094234	   0	 160	
 480	 481	  50	   4	 228	   3	   2	  20	  29	   4	  30	  80	  50	 336	1095854	1096082	   0	 160	
 481	 482	  80	   3	 242	   2	   2	  20	  30	   4	  30	  80	  50	 683	1098080	1098322	   0	 160	
 482	 483	  50	   1	 370	   3	   1	  20	  30	   5	  30	  80	  50	 546	1100160	1100530	   0	 170	
 483	 484	  20	   3	 194	   2	   2	  20	   1	   5	  30	  20	  50	 373	1102200	1102394	   2	 170	
 484	 485	  30	   2	 311	   1	   1	  21	   1	   5	  30	  20	  50	 475	1104147	1104458	   0	 160	
 485	 486	  20	   4	 277	   2	   2	  21	   2	   5	  30	  20	  50	 428	1106173	1106450	   0	 160	
 486	 487	  50	   3	 282	   3	   2	  21	   2	   6	  30	  20	  50	 347	1108080	1108362	   0	 160	
 487	 488	  20	   4	 269	   2	   2	  21	   3	   6	  30	  20	  50	 332	1109973	1110242	   0	 160	
 488	 489	  30	   3	 415	   1	   2	  22	   3	   6	  30	  20	  50	 498	1112026	1112441	   0	 160	
 489	 490	  50	   1	 383	   3	   1	  22	   3	   7	  30	  20	  50	 304	1114026	1114409	   0	 170	
 490	 491	  30	   3	 271	   1	   2	  23	   3	   7	  30	  20	  50	 659	1116346	1116617	   0	 170	
 491	 492	  50	   1	 362	   3	   1	  23	   3	   8	  30	  20	  50	 311	1118239	1118601	   0	 180	
 492	 493	  20	   1	 455	   2	   1	  23	   4	   8	  30	  20	  50	 456	1120346	1120801	   0	 190	
 493	 494	  50	   4	 550	   3	   2	  23	   4	   9	  30	  20	  50	 572	1122651	1123201	   0	 190	
 494	 495	  30	   2	 287	   1	   1	  24	   4	   9	  30	  20	  50	 417	1124906	1125193	   0	 180	
 495	 496	  20	   4	 247	   2	   2	  24	   5	   9	  30	  20	  50	 466	1126946	1127193	   0	 180	
 496	 497	  50	   4	 354	   3	   2	  24	   5	  10	  30	  20	  50	 411	1128879	1129233	   0	 180	
 497	 498	  30	   2	 431	   1	   1	  25	   5	  10	  30	  20	  50	 512	1131026	1131457	   0	 170	
 498	 499	  50	   3	 194	   3	   2	  25	   5	  11	  30	  20	  50	 423	1133159	1133353	   0	 170	
 499	 500	  30	   4	 247	   1	   2	  26	   5	  11	  30	  20	  50	 514	1135146	1135393	   0	 170	
 500	 501	  50	   4	 293	   3	   2	  26	   5	  12	  30	  20	  50	 422	1137092	1137385	   0	 170	
 501	 502	  20	   4	 312	   2	   2	  26	   6	  12	  30	  20	  50	 406	1139105	1139417	   0	 170	
 502	 503	  30	   4	 258	   1	   2	  27	   6	  12	  30	  20	  50	 543	1141239	1141497	   0	 170	
 503	 504	  50	   3	 221	   3	   2	  27	   6	  13	  30	  20	  50	 672	1143452	1143673	   0	 170	
 504	 505	  30	   1	 344	   1	   1	  28	   6	  13	  30	  20	  50	 551	1145505	1145849	   0	 180	
 505	 506	  20	   4	 275	   2	   2	  28	   7	  13	  30	  20	  50	 630	1147758	1148033	   0	 180	
 506	 507	  50	   3	 280	   3	   2	  28	   7	  14	  30	  20	  50	 470	1149785	1150065	   0	 180	
 507	 508	  20	   4	 312	   2	   2	  28	   8	  14	  30	  20	  50	 358	1151705	1152017	   0	 180	
 508	 509	  50	   4	 307	   3	   2	  28	   8	  15	  30	  20	  50	 625	1153918	1154225	   0	 180	
 509	 510	  30	   4	 302	   1	   2	  29	   8	  15	  30	  20	  50	 421	1155931	1156233	   0	 180	
 510	 511	  50	   4	 235	   3	   2	  29	   8	  16	  30	  20	  50	 606	1158118	1158353	   0	 180	
 511	 512	  30	   4	 254	   1	   2	  30	   8	  16	  30	  20	  50	 311	1159971	1160225	   0	 180	
 512	 513	  20	   4	 264	   2	   2	  30	   9	  16	  30	  20	  50	 428	1161945	1162209	   0	 180	
 513	 514	  30	   2	 432	   1	   1	  31	   9	  16	  30	  20	  50	 333	1163825	1164257	   0	 170	
 514	 515	  50	   3	 440	   3	   2	  31	   9	  17	  30	  20	  50	 608	1166144	1166584	   0	 170	
 515	 516	  30	   4	 504	   1	   2	  32	   9	  17	  30	  20	  50	 548	1168424	1168928	   0	 170	
 516	 517	  20	   4	 578	   2	   2	  32	  10	  17	  30	  20	  50	 312	1170518	1171096	   0	 170	
 517	 518	  50	   2	 488	   3	   1	  32	  10	  18	  30	  20	  50	 530	1172904	1173392	   0	 160	
 518	 519	  20	   4	 325	   2	   2	  32	  11	  18	  30	  20	  50	 300	1174971	1175296	   0	 160	
 519	 520	  30	   4	 240	   1	   2	  33	  11	  18	  30	  20	  50	 642	1177224	1177464	   0	 160	
 520	 521	  20	   4	 253	   2	   2	  33	  12	  18	  30	  20	  50	 340	1179091	1179344	   0	 160	
 521	 522	  50	   3	 363	   3	   2	  33	  12	  19	  30	  20	  50	 502	1181157	1181520	   0	 160	
 522	 523	  80	   4	 291	   1	   2	   1	  12	  19	  80	  20	  50	 610	1183437	1183728	   1	 160	
 523	 524	  50	   4	 232	   3	   2	   1	  12	  20	  80	  20	  50	 341	1185344	1185576	   0	 160	
 524	 525	  80	   3	 272	   1	   2	   2	  12	  20	  80	  20	  50	 641	1187504	1187776	   0	 160	
 525	 526	  50	   4	 104	   3	   2	   2	  12	  21	  80	  20	  50	 409	1189464	1189568	   0	 160	
 526	 527	  80	   3	 371	   1	   2	   3	  12	  21	  80	  20	  50	 398	1191237	1191608	   0	 160	
 527	 528	  50	   4	 153	   3	   2	   3	  12	  22	  80	  20	  50	 537	1193423	1193576	   0	 160	
 528	 529	  80	   4	 446	   1	   2	   4	  12	  22	  80	  20	  50	 387	1195250	1195696	   0	 160	
 529	 530	  50	   3	 379	   3	   2	   4	  12	  23	  80	  20	  50	 697	1197677	1198056	   0	 160	
 530	 531	  80	   1	 337	   1	   1	   5	  12	  23	  80	  20	  50	 487	1199823	1200160	   0	 170	
 531	 532	  50	   3	 494	   3	   2	   5	  12	  24	  80	  20	  50	 380	1201850	1202344	   0	 170	
 532	 533	  80	   3	 286	   1	   2	   6	  12	  24	  80	  20	  50	 458	1204090	1204376	   0	 170	
 533	 534	  20	   2	 924	   2	   1	   6	  13	  24	  80	  20	  50	 334	1205996	1206920	   0	 160	
 534	 535	  50	   3	 580	   3	   2	   6	  13	  25	  80	  20	  50	 666	1208876	1209456	   0	 160	
 535	 536	  20	   3	 505	   2	   2	   6	  14	  25	  80	  20	  50	 609	1211343	1211848	   0	 160	
 536	 537	  80	   1	 385	   1	   1	   7	  14	  25	  80	  20	  50	 333	1213463	1213848	   0	 170	
 537	 538	  50	   1	 484	   3	   1	   7	  14	  26	  80	  20	  50	 430	1215556	1216040	   0	 180	
 538	 539	  20	   4	 638	   2	   2	   7	  15	  26	  80	  20	  50	 645	1217969	1218607	   0	 180	
 539	 540	  50	   2	 249	   3	   1	   7	  15	  27	  80	  20	  50	 422	1220302	1220551	   0	 170	
 540	 541	  20	   3	 243	   2	   2	   7	  16	  27	  80	  20	  50	 600	1222436	1222679	   0	 170	
 541	 542	  50	   4	 467	   3	   2	   7	  16	  28	  80	  20	  50	 559	1224556	1225023	   0	 170	
 542	 543	  20	   2	 414	   2	   1	   7	  17	  28	  80	  20	  50	 540	1226849	1227263	   0	 160	
 543	 544	  80	   3	 366	   1	   2	   8	  17	  28	  80	  20	  50	 664	1229209	1229575	   0	 160	
 544	 545	  20	   2	 228	   2	   1	   8	  18	  28	  80	  20	  50	 583	1231435	1231663	   0	 150	
 545	 546	  50	   3	 369	   3	   2	   8	  18	  29	  80	  20	  50	 592	1233542	1233911	   0	 150	
 546	 547	  20	   4	 292	   2	   2	   8	  19	  29	  80	  20	  50	 569	1235755	1236047	   0	 150	
 547	 548	  80	   1	 404	   1	   1	   9	  19	  29	  80	  20	  50	 666	1237995	1238399	   0	 160	
 548	 549	  50	   4	 313	   3	   2	   9	  19	  30	  80	  20	  50	 585	1240262	1240575	   0	 160	
 549	 550	  20	   4	 287	   2	   2	   9	  20	  30	  80	  20	  50	 426	1242288	1242575	   0	 160	
 550	 551	  80	   1	 225	   1	   1	  10	  20	  30	  80	  20	  50	 522	1244382	1244607	   0	 170	
 551	 552	  20	   2	 879	   2	   1	  10	  21	  30	  80	  20	  50	 343	1246248	1247127	   0	 160	
 552	 553	  80	   3	 279	   1	   2	  11	  21	  30	  80	  20	  50	 322	1248728	1249007	   0	 160	
 553	 554	  50	   1	 338	   3	   1	  11	  21	  31	  80	  20	  50	 498	1250781	1251119	   0	 170	
 554	 555	  20	   1	 364	   2	   1	  11	  22	  31	  80	  20	  50	 512	1252915	1253279	   0	 180	
 555	 556	  50	   2	 436	   3	   1	  11	  22	  32	  80	  20	  50	 313	1254875	1255311	   0	 170	
 556	 557	  80	   3	 279	   1	   2	  12	  22	  32	  80	  20	  50	 577	1257168	1257447	   0	 170	
 557	 558	  50	   4	 327	   3	   2	  12	  22	  33	  80	  20	  50	 612	1259328	1259655	   0	 170	
 558	 559	  80	   3	 279	   1	   2	  13	  22	  33	  80	  20	  50	 592	1261528	1261807	   0	 170	
 559	 560	  30	   4	 213	   3	   2	  13	  22	   1	  80	  20	  30	 563	1263674	1263887	   3	 170	
 560	 561	  80	   4	 295	   1	   2	  14	  22	   1	  80	  20	  30	 638	1265808	1266103	   0	 170	
 561	 562	  20	   4	 240	   2	   2	  14	  23	   1	  80	  20	  30	 437	1267847	1268087	   0	 170	
 562	 563	  30	   4	 314	   3	   2	  14	  23	   2	  80	  20	  30	 489	1269861	1270175	   0	 170	
 563	 564	  20	   4	 319	   2	   2	  14	  24	   2	  80	  20	  30	 550	1272007	1272326	   0	 170	
 564	 565	  80	   3	 268	   1	   2	  15	  24	   2	  80	  20	  30	 654	1274274	1274542	   0	 170	
 565	 566	  20	   2	 330	   2	   1	  15	  25	   2	  80	  20	  30	 476	1276300	1276630	   0	 160	
 566	 567	  80	   4	 231	   1	   2	  16	  25	   2	  80	  20	  30	 417	1278327	1278558	   0	 160	
 567	 568	  30	   4	  84	   3	   2	  16	  25	   3	  80	  20	  30	 513	1280354	1280438	   0	 160	
 568	 569	  20	   4	 330	   2	   2	  16	  26	   3	  80	  20	  30	 500	1282220	1282550	   0	 160	
 569	 570	  80	   3	 268	   1	   2	  17	  26	   3	  80	  20	  30	 604	1284434	1284702	   0	 160	
 570	 571	  20	   2	 455	   2	   1	  17	  27	   3	  80	  20	  30	 541	1286527	1286982	   0	 150	
NaN	 572	  80	NaN	NaN	   1	   3	  17	  27	   3	  80	  20	  30	 508	1286527	NaN	   0	 150	
 571	 573	  30	   4	 405	   3	   2	  17	  27	   4	  80	  20	  30	 584	1292633	1293038	   0	 150	
 572	 574	  20	   3	 322	   2	   2	  17	  28	   4	  80	  20	  30	 581	1294900	1295222	   0	 150	
 573	 575	  30	   1	 442	   3	   1	  17	  28	   5	  80	  20	  30	 546	1297060	1297502	   0	 160	
 574	 576	  20	   2	 370	   2	   1	  17	  29	   5	  80	  20	  30	 586	1299380	1299750	   0	 150	
 575	 577	  80	   3	 261	   1	   2	  18	  29	   5	  80	  20	  30	 366	1301393	1301654	   0	 150	
 576	 578	  20	   4	 282	   2	   2	  18	  30	   5	  80	  20	  30	 650	1303580	1303862	   0	 150	
 577	 579	  30	   4	 288	   3	   2	  18	  30	   6	  80	  20	  30	 340	1305486	1305774	   0	 150	
 578	 580	  20	   4	 253	   2	   2	  18	  31	   6	  80	  20	  30	 300	1307353	1307606	   0	 150	
 579	 581	  80	   3	 584	   1	   2	  19	  31	   6	  80	  20	  30	 587	1309486	1310070	   0	 150	
 580	 582	  20	   2	 397	   2	   1	  19	  32	   6	  80	  20	  30	 564	1311913	1312310	   0	 140	
 581	 583	  30	   3	 267	   3	   2	  19	  32	   7	  80	  20	  30	 645	1314259	1314526	   0	 140	
 582	 584	  20	   4	 627	   2	   2	  19	  33	   7	  80	  20	  30	 368	1316179	1316806	   0	 140	
 583	 585	  30	   2	 419	   3	   1	  19	  33	   8	  80	  20	  30	 372	1318459	1318878	   0	 130	
 584	 586	  80	   1	 606	   1	   1	  20	  33	   8	  80	  20	  30	 356	1320512	1321118	   0	 140	
 585	 587	  30	   2	 873	   3	   1	  20	  33	   9	  80	  20	  30	 691	1323085	1323958	   0	 130	
 586	 588	  80	   3	 461	   1	   2	  21	  33	   9	  80	  20	  30	 632	1325872	1326333	   0	 130	
 587	 589	  20	   2	 466	   2	   1	  21	  34	   9	  80	  20	  30	 651	1328259	1328725	   0	 120	
 588	 590	  30	   3	 282	   3	   2	  21	  34	  10	  80	  20	  30	 605	1330619	1330901	   0	 120	
 589	 591	  80	   2	 400	   1	   1	  22	  34	  10	  80	  20	  30	 374	1332565	1332965	   0	 110	
 590	 592	  20	   4	 611	   2	   2	  22	  35	  10	  80	  20	  30	 520	1334778	1335389	   0	 110	
 591	 593	  80	   1	 469	   1	   1	  23	  35	  10	  80	  20	  30	 455	1337152	1337621	   0	 120	
 592	 594	  70	   1	 707	   2	   1	  23	   1	  10	  80	  70	  30	 449	1339378	1340085	   2	 130	
 593	 595	  80	   3	 470	   1	   2	  24	   1	  10	  80	  70	  30	 623	1341991	1342461	   0	 130	
 594	 596	  30	   4	 734	   3	   2	  24	   1	  11	  80	  70	  30	 479	1344231	1344965	   0	 130	
 595	 597	  80	   1	 694	   1	   1	  25	   1	  11	  80	  70	  30	 417	1346671	1347365	   0	 140	
 596	 598	  70	   3	 528	   2	   2	  25	   2	  11	  80	  70	  30	 598	1349245	1349773	   0	 140	
 597	 599	  80	   1	 625	   1	   1	  26	   2	  11	  80	  70	  30	 629	1351684	1352309	   0	 150	
 598	 600	  30	   4	 601	   3	   2	  26	   2	  12	  80	  70	  30	 501	1354084	1354685	   0	 150	
 599	 601	  80	   3	 699	   1	   2	  27	   2	  12	  80	  70	  30	 640	1356618	1357317	   0	 150	
 600	 602	  70	   1	 643	   2	   1	  27	   3	  12	  80	  70	  30	 694	1359298	1359941	   0	 160	
 601	 603	  30	   4	 638	   3	   2	  27	   3	  13	  80	  70	  30	 574	1361831	1362469	   0	 160	
 602	 604	  70	   1	 668	   2	   1	  27	   4	  13	  80	  70	  30	 358	1364097	1364765	   0	 170	
 603	 605	  30	   4	 486	   3	   2	  27	   4	  14	  80	  70	  30	 424	1366471	1366957	   0	 170	
 604	 606	  70	   4	 593	   2	   2	  27	   5	  14	  80	  70	  30	 360	1368604	1369197	   0	 170	
 605	 607	  30	   3	 625	   3	   2	  27	   5	  15	  80	  70	  30	 410	1370884	1371509	   0	 170	
 606	 608	  70	   1	 385	   2	   1	  27	   6	  15	  80	  70	  30	 535	1373324	1373709	   0	 180	
 607	 609	  30	   4	 439	   3	   2	  27	   6	  16	  80	  70	  30	 404	1375390	1375829	   0	 180	
 608	 610	  80	   2	 956	   1	   1	  28	   6	  16	  80	  70	  30	 632	1377737	1378693	   0	 170	
 609	 611	  70	   2	 579	   2	   1	  28	   7	  16	  80	  70	  30	 484	1380457	1381036	   0	 160	
 610	 612	  30	   4	 515	   3	   2	  28	   7	  17	  80	  70	  30	 616	1382937	1383452	   0	 160	
 611	 613	  70	   1	 350	   2	   1	  28	   8	  17	  80	  70	  30	 467	1385230	1385580	   0	 170	
 612	 614	  80	   1	 409	   1	   1	  29	   8	  17	  80	  70	  30	 580	1387443	1387852	   0	 180	
 613	 615	  70	   1	 697	   2	   1	  29	   9	  17	  80	  70	  30	 470	1389603	1390300	   0	 190	
 614	 616	  30	   4	 718	   3	   2	  29	   9	  18	  80	  70	  30	 644	1392230	1392948	   0	 190	
 615	 617	  80	   1	 414	   1	   1	  30	   9	  18	  80	  70	  30	 531	1394750	1395164	   0	 200	
 616	 618	  30	   3	 500	   3	   2	  30	   9	  19	  80	  70	  30	 680	1397136	1397636	   0	 200	
 617	 619	  70	   2	 359	   2	   1	  30	  10	  19	  80	  70	  30	 668	1399589	1399948	   0	 190	
 618	 620	  30	   1	 844	   3	   1	  30	  10	  20	  80	  70	  30	 354	1401576	1402420	   0	 200	
 619	 621	  70	   1	1201	   2	   1	  30	  11	  20	  80	  70	  30	 533	1404243	1405444	   0	 210	
 620	 622	  50	   2	1247	   1	   1	   1	  11	  20	  50	  70	  30	 557	1407309	1408556	   1	 200	
 621	 623	  70	   1	 498	   2	   1	   1	  12	  20	  50	  70	  30	 694	1410562	1411060	   0	 210	
 622	 624	  50	   4	 546	   1	   2	   2	  12	  20	  50	  70	  30	 537	1412882	1413428	   0	 210	
 623	 625	  30	   3	 564	   3	   2	   2	  12	  21	  50	  70	  30	 583	1415296	1415860	   0	 210	
 624	 626	  70	   1	 863	   2	   1	   2	  13	  21	  50	  70	  30	 320	1417469	1418332	   0	 220	
 625	 627	  50	   2	 447	   1	   1	   3	  13	  21	  50	  70	  30	 422	1420029	1420476	   0	 210	
 626	 628	  30	   4	 511	   3	   2	   3	  13	  22	  50	  70	  30	 391	1422149	1422660	   0	 210	
 627	 629	  50	   3	 421	   1	   2	   4	  13	  22	  50	  70	  30	 588	1424535	1424956	   0	 210	
 628	 630	  70	   1	 661	   2	   1	   4	  14	  22	  50	  70	  30	 377	1426615	1427276	   0	 220	
 629	 631	  30	   4	 664	   3	   2	   4	  14	  23	  50	  70	  30	 667	1429228	1429892	   0	 220	
 630	 632	  50	   3	1508	   1	   2	   5	  14	  23	  50	  70	  30	 319	1431495	1433003	   0	 220	
 631	 633	  70	   4	 900	   2	   2	   5	  15	  23	  50	  70	  30	 455	1434775	1435675	   0	 220	
 632	 634	  30	   4	 940	   3	   2	   5	  15	  24	  50	  70	  30	 383	1437335	1438275	   0	 220	
 633	 635	  50	   2	 698	   1	   1	   6	  15	  24	  50	  70	  30	 680	1440241	1440939	   0	 210	
 634	 636	  30	   4	 516	   3	   2	   6	  15	  25	  50	  70	  30	 436	1442655	1443171	   0	 210	
 635	 637	  50	   3	 479	   1	   2	   7	  15	  25	  50	  70	  30	 422	1444868	1445347	   0	 210	
 636	 638	  30	   4	 583	   3	   2	   7	  15	  26	  50	  70	  30	 606	1447228	1447811	   0	 210	
 637	 639	  70	   1	 477	   2	   1	   7	  16	  26	  50	  70	  30	 405	1449494	1449971	   0	 220	
 638	 640	  50	   3	1138	   1	   2	   8	  16	  26	  50	  70	  30	 669	1451921	1453059	   0	 220	
 639	 641	  70	   3	 469	   2	   2	   8	  17	  26	  50	  70	  30	 549	1454894	1455363	   0	 220	
 640	 642	  30	   3	 629	   3	   2	   8	  17	  27	  50	  70	  30	 491	1457134	1457763	   0	 220	
 641	 643	  50	   1	 330	   1	   1	   9	  17	  27	  50	  70	  30	 603	1459681	1460011	   0	 230	
 642	 644	  70	   3	 413	   2	   2	   9	  18	  27	  50	  70	  30	 562	1461854	1462267	   0	 230	
 643	 645	  30	   4	 264	   3	   2	   9	  18	  28	  50	  70	  30	 435	1463987	1464251	   0	 230	
 644	 646	  70	   4	 261	   2	   2	   9	  19	  28	  50	  70	  30	 360	1465894	1466155	   0	 230	
 645	 647	  50	   4	 243	   1	   2	  10	  19	  28	  50	  70	  30	 568	1468000	1468243	   0	 230	
 646	 648	  30	   4	 285	   3	   2	  10	  19	  29	  50	  70	  30	 329	1469854	1470139	   0	 230	
 647	 649	  50	   3	 256	   1	   2	  11	  19	  29	  50	  70	  30	 446	1471867	1472123	   0	 230	
 648	 650	  30	   3	 400	   3	   2	  11	  19	  30	  50	  70	  30	 619	1474027	1474427	   0	 230	
 649	 651	  70	   2	 651	   2	   1	  11	  20	  30	  50	  70	  30	 644	1476360	1477011	   0	 220	
 650	 652	  30	   4	 254	   3	   2	  11	  20	   1	  50	  70	  30	 409	1478693	1478947	   0	 220	
 651	 653	  50	   4	 392	   1	   2	  12	  20	   1	  50	  70	  30	 370	1480627	1481019	   0	 220	
 652	 654	  70	   4	 403	   2	   2	  12	  21	   1	  50	  70	  30	 414	1482720	1483123	   0	 220	
 653	 655	  50	   4	 566	   1	   2	  13	  21	   1	  50	  70	  30	 560	1484973	1485539	   0	 220	
 654	 656	  70	   3	 597	   2	   2	  13	  22	   1	  50	  70	  30	 470	1487293	1487890	   0	 220	
 655	 657	  30	   4	 637	   3	   2	  13	  22	   2	  50	  70	  30	 327	1489493	1490130	   0	 220	
 656	 658	  50	   3	 365	   1	   2	  14	  22	   2	  50	  70	  30	 331	1491733	1492098	   0	 220	
 657	 659	  30	   4	 435	   3	   2	  14	  22	   3	  50	  70	  30	 663	1494039	1494474	   0	 220	
 658	 660	  70	   1	 723	   2	   1	  14	  23	   3	  50	  70	  30	 561	1496319	1497042	   0	 230	
 659	 661	  30	   2	 848	   3	   1	  14	  23	   4	  50	  70	  30	 461	1498786	1499634	   0	 220	
 660	 662	  70	   3	 392	   2	   2	  14	  24	   4	  50	  70	  30	 431	1501346	1501738	   0	 220	
 661	 663	  30	   1	 299	   3	   1	  14	  24	   5	  50	  70	  30	 637	1503679	1503978	   0	 230	
 662	 664	  70	   3	 326	   2	   2	  14	  25	   5	  50	  70	  30	 675	1505932	1506258	   0	 230	
 663	 665	  50	   1	 307	   1	   1	  15	  25	   5	  50	  70	  30	 657	1508199	1508506	   0	 240	
 664	 666	  30	   4	 411	   3	   2	  15	  25	   6	  50	  70	  30	 332	1510119	1510530	   0	 240	
 665	 667	  70	   3	 345	   2	   2	  15	  26	   6	  50	  70	  30	 695	1512505	1512850	   0	 240	
 666	 668	  30	   1	 505	   3	   1	  15	  26	   7	  50	  70	  30	 575	1514705	1515210	   0	 250	
 667	 669	  50	   2	 414	   1	   1	  16	  26	   7	  50	  70	  30	 681	1517172	1517586	   0	 240	
 668	 670	  70	   4	 278	   2	   2	  16	  27	   7	  50	  70	  30	 576	1519452	1519730	   0	 240	
 669	 671	  50	   3	 294	   1	   2	  17	  27	   7	  50	  70	  30	 564	1521572	1521866	   0	 240	
 670	 672	  30	   4	 308	   3	   2	  17	  27	   8	  50	  70	  30	 408	1523558	1523866	   0	 240	
 671	 673	  70	   3	 369	   2	   2	  17	  28	   8	  50	  70	  30	 443	1525625	1525994	   0	 240	
 672	 674	  30	   4	 262	   3	   2	  17	  28	   9	  50	  70	  30	 380	1527652	1527914	   0	 240	
 673	 675	  50	   2	 356	   1	   1	  18	  28	   9	  50	  70	  30	 605	1529798	1530154	   0	 230	
 674	 676	  70	   3	 252	   2	   2	  18	  29	   9	  50	  70	  30	 409	1531838	1532090	   0	 230	
 675	 677	  30	   3	 345	   3	   2	  18	  29	  10	  50	  70	  30	 502	1533865	1534210	   0	 230	
 676	 678	  50	   3	 375	   1	   2	  19	  29	  10	  50	  70	  30	 529	1536011	1536386	   0	 230	
 677	 679	  70	   2	 415	   2	   1	  19	  30	  10	  50	  70	  30	 495	1538171	1538586	   0	 220	
 678	 680	  50	   4	 398	   1	   2	  20	  30	  10	  50	  70	  30	 385	1540251	1540649	   0	 220	
 679	 681	  30	   4	 555	   3	   2	  20	  30	  11	  50	  70	  30	 436	1542358	1542913	   0	 220	
 680	 682	  50	   3	 337	   1	   2	  21	  30	  11	  50	  70	  30	 347	1544544	1544881	   0	 220	
 681	 683	  30	   4	 398	   3	   2	  21	  30	  12	  50	  70	  30	 339	1546531	1546929	   0	 220	
 682	 684	  50	   3	 254	   1	   2	  22	  30	  12	  50	  70	  30	 323	1548531	1548785	   0	 220	
 683	 685	  70	   3	 374	   2	   2	  22	  31	  12	  50	  70	  30	 698	1550771	1551145	   0	 220	
 684	 686	  50	   3	 393	   1	   2	  23	  31	  12	  50	  70	  30	 355	1552784	1553177	   0	 220	
 685	 687	  70	   3	 313	   2	   2	  23	  32	  12	  50	  70	  30	 685	1555144	1555457	   0	 220	
 686	 688	  50	   4	 343	   1	   2	  24	  32	  12	  50	  70	  30	 386	1557130	1557473	   0	 220	
 687	 689	  30	   4	 369	   3	   2	  24	  32	  13	  50	  70	  30	 426	1559184	1559553	   0	 220	
 688	 690	  50	   4	 529	   1	   2	  25	  32	  13	  50	  70	  30	 475	1561304	1561833	   0	 220	
 689	 691	  30	   4	 249	   3	   2	  25	  32	  14	  50	  70	  30	 432	1563544	1563793	   0	 220	
 690	 692	  70	   1	 643	   2	   1	  25	  33	  14	  50	  70	  30	 679	1565742	1566385	   0	 230	
 691	 693	  30	   3	 543	   3	   2	  25	  33	  15	  50	  70	  30	 554	1568250	1568793	   0	 230	
 692	 694	  50	   2	 479	   1	   1	  26	  33	  15	  50	  70	  30	 305	1570370	1570849	   0	 220	
 693	 695	  70	   2	 519	   2	   1	  26	  34	  15	  50	  70	  30	 633	1572770	1573289	   0	 210	
 694	 696	  30	   4	 647	   3	   2	  26	  34	  16	  50	  70	  30	 666	1575250	1575897	   0	 210	
 695	 697	  50	   4	 599	   1	   2	  27	  34	  16	  50	  70	  30	 429	1577610	1578209	   0	 210	
 696	 698	  30	   2	 661	   3	   1	  27	  34	  17	  50	  70	  30	 697	1580196	1580857	   0	 200	
 697	 699	  50	   1	 954	   1	   1	  28	  34	  17	  50	  70	  30	 371	1582503	1583457	   0	 210	
 698	 700	  30	   4	 645	   3	   2	  28	  34	  18	  50	  70	  30	 574	1585316	1585961	   0	 210	
 699	 701	  70	   1	 701	   2	   1	  28	  35	  18	  50	  70	  30	 354	1587596	1588297	   0	 220	
 700	 702	  30	   3	 498	   3	   2	  28	  35	  19	  50	  70	  30	 692	1590263	1590761	   0	 220	
 701	 703	  50	   4	 384	   1	   2	  29	  35	  19	  50	  70	  30	 494	1592569	1592953	   0	 220	
 702	 704	  30	   3	 527	   3	   2	  29	  35	  20	  50	  70	  30	 503	1594729	1595256	   0	 220	
 703	 705	  50	   1	 386	   1	   1	  30	  35	  20	  50	  70	  30	 650	1597182	1597568	   0	 230	
 704	 706	  70	   3	 428	   2	   2	  30	   1	  20	  50	  70	  30	 301	1599156	1599584	   0	 230	
 705	 707	  50	   4	 599	   1	   2	  31	   1	  20	  50	  70	  30	 539	1601409	1602008	   0	 230	
 706	 708	  30	   3	 349	   3	   2	  31	   1	  21	  50	  70	  30	 574	1603875	1604224	   0	 230	
 707	 709	  50	   4	 279	   1	   2	  32	   1	  21	  50	  70	  30	 333	1605849	1606128	   0	 230	
 708	 710	  30	   4	 247	   3	   2	  32	   1	  22	  50	  70	  30	 468	1607889	1608136	   0	 230	
 709	 711	  70	   3	 362	   2	   2	  32	   2	  22	  50	  70	  30	 445	1609862	1610224	   0	 230	
 710	 712	  50	   1	 522	   1	   1	  33	   2	  22	  50	  70	  30	 516	1612022	1612544	   0	 240	
 711	 713	  70	   3	 256	   2	   2	  33	   3	  22	  50	  70	  30	 666	1614528	1614784	   0	 240	
 712	 714	  50	   2	 869	   1	   1	   1	   3	  22	  50	  70	  30	 532	1616595	1617464	   0	 230	
