Version: 1	Number of symbols: 3	Pictures exchange: true	Response Deadline: 2000
Trial_No	Virt_Trial_No	Prob_Shown	Feedback	RT	Stimulus_No	Resp	SymbolA_Stage	SymbolB_Stage	SymbolC_Stage	Prob_A	Prob_B	Prob_C	Jitter	StimOnset	RespOnset	Symbol_Changes	Bonus_sum
NaN	   1	  30	NaN	NaN	   1	   3	   0	   0	   0	  30	  70	  50	 581	   0	NaN	   0	   0	
   1	   2	  50	   4	 976	   3	   2	   0	   0	   1	  30	  70	  50	 365	5388	6364	   0	   0	
   2	   3	  30	   4	 773	   1	   2	   1	   0	   1	  30	  70	  50	 333	7997	8770	   0	   0	
   3	   4	  50	   1	 655	   3	   1	   1	   0	   2	  30	  70	  50	 442	10507	11162	   0	  10	
   4	   5	  70	   1	 444	   2	   1	   1	   1	   2	  30	  70	  50	 662	13134	13578	   0	  20	
   5	   6	  30	   2	 504	   1	   1	   2	   1	   2	  30	  70	  50	 549	15428	15932	   0	  10	
   6	   7	  50	   2	 566	   3	   1	   2	   1	   3	  30	  70	  50	 550	17788	18354	   0	   0	
   7	   8	  70	   3	 500	   2	   2	   2	   2	   3	  30	  70	  50	 493	20148	20648	   0	   0	
   8	   9	  50	   2	 425	   3	   1	   2	   2	   4	  30	  70	  50	 560	22509	22934	   0	 -10	
   9	  10	  30	   2	 419	   1	   1	   3	   2	   4	  30	  70	  50	 432	24669	25088	   0	 -20	
  10	  11	  50	   1	 513	   3	   1	   3	   2	   5	  30	  70	  50	 517	26913	27426	   0	 -10	
  11	  12	  70	   1	 507	   2	   1	   3	   3	   5	  30	  70	  50	 604	29357	29864	   0	   0	
  12	  13	  50	   2	 454	   3	   1	   3	   3	   6	  30	  70	  50	 630	31800	32254	   0	 -10	
  13	  14	  70	   2	 419	   2	   1	   3	   4	   6	  30	  70	  50	 697	34261	34680	   0	 -20	
  14	  15	  50	   1	 386	   3	   1	   3	   4	   7	  30	  70	  50	 579	36554	36940	   0	 -10	
  15	  16	  30	   1	 466	   1	   1	   4	   4	   7	  30	  70	  50	 487	38732	39198	   0	   0	
  16	  17	  70	   4	 309	   2	   2	   4	   5	   7	  30	  70	  50	 497	41009	41318	   0	   0	
  17	  18	  50	   3	 379	   3	   2	   4	   5	   8	  30	  70	  50	 529	43137	43516	   0	   0	
  18	  19	  70	   1	 372	   2	   1	   4	   6	   8	  30	  70	  50	 664	45480	45852	   0	  10	
  19	  20	  30	   1	 376	   1	   1	   5	   6	   8	  30	  70	  50	 358	47508	47884	   0	  20	
  20	  21	  50	   4	 422	   3	   2	   5	   6	   9	  30	  70	  50	 309	49486	49908	   0	  20	
  21	  22	  30	   2	 443	   1	   1	   6	   6	   9	  30	  70	  50	 375	51597	52040	   0	  10	
  22	  23	  50	   1	 323	   3	   1	   6	   6	  10	  30	  70	  50	 480	53825	54148	   0	  20	
  23	  24	  30	   4	 425	   1	   2	   7	   6	  10	  30	  70	  50	 461	55903	56328	   0	  20	
  24	  25	  70	   1	 342	   2	   1	   7	   7	  10	  30	  70	  50	 597	58230	58572	   0	  30	
  25	  26	  50	   1	 375	   3	   1	   7	   7	  11	  30	  70	  50	 478	60341	60716	   0	  40	
  26	  27	  30	   2	 286	   1	   1	   8	   7	  11	  30	  70	  50	 339	62352	62638	   0	  30	
  27	  28	  50	   2	 359	   3	   1	   8	   7	  12	  30	  70	  50	 522	64463	64822	   0	  20	
  28	  29	  70	   3	 376	   2	   2	   8	   8	  12	  30	  70	  50	 501	66624	67000	   0	  20	
  29	  30	  50	   1	 256	   3	   1	   8	   8	  13	  30	  70	  50	 615	68918	69174	   0	  30	
  30	  31	  70	   1	 309	   2	   1	   8	   9	  13	  30	  70	  50	 607	71079	71388	   0	  40	
  31	  32	  50	   1	 233	   3	   1	   8	   9	  14	  30	  70	  50	 567	73273	73506	   0	  50	
  32	  33	  30	   4	 242	   1	   2	   9	   9	  14	  30	  70	  50	 569	75384	75626	   0	  50	
  33	  34	  70	   2	 300	   2	   1	   9	  10	  14	  30	  70	  50	 439	77362	77662	   0	  40	
  34	  35	  30	   1	 297	   1	   1	  10	  10	  14	  30	  70	  50	 404	79373	79670	   0	  50	
  35	  36	  70	   1	 362	   2	   1	  10	  11	  14	  30	  70	  50	 657	81634	81996	   0	  60	
  36	  37	  50	   4	 231	   3	   2	  10	  11	  15	  30	  70	  50	 523	83811	84042	   0	  60	
  37	  38	  30	   2	 284	   1	   1	  11	  11	  15	  30	  70	  50	 527	85872	86156	   0	  50	
  38	  39	  70	   2	 270	   2	   1	  11	  12	  15	  30	  70	  50	 650	88116	88386	   0	  40	
  39	  40	  30	   3	 292	   1	   2	  12	  12	  15	  30	  70	  50	 697	90394	90686	   0	  40	
  40	  41	  50	   1	 359	   3	   1	  12	  12	  16	  30	  70	  50	 570	92555	92914	   0	  50	
  41	  42	  70	   1	 297	   2	   1	  12	  13	  16	  30	  70	  50	 317	94549	94846	   0	  60	
  42	  43	  30	   4	 317	   1	   2	  13	  13	  16	  30	  70	  50	 307	96461	96778	   0	  60	
  43	  44	  70	   1	 301	   2	   1	  13	  14	  16	  30	  70	  50	 397	98489	98790	   0	  70	
  44	  45	  50	   4	 228	   3	   2	  13	  14	  17	  30	  70	  50	 499	100600	100828	   0	  70	
  45	  46	  30	   2	 272	   1	   1	  14	  14	  17	  30	  70	  50	 403	102528	102800	   0	  60	
  46	  47	  70	   1	 293	   2	   1	  14	  15	  17	  30	  70	  50	 333	104439	104732	   0	  70	
  47	  48	  30	   2	 269	   1	   1	  15	  15	  17	  30	  70	  50	 538	106567	106836	   0	  60	
  48	  49	  70	   4	 240	   2	   2	  15	  16	  17	  30	  70	  50	 531	108678	108918	   0	  60	
  49	  50	  30	   1	 227	   1	   1	  16	  16	  17	  30	  70	  50	 450	110673	110900	   0	  70	
  50	  51	  70	   1	 337	   2	   1	  16	  17	  17	  30	  70	  50	 508	112701	113038	   0	  80	
  51	  52	  30	   2	 433	   1	   1	  17	  17	  17	  30	  70	  50	 600	114961	115394	   0	  70	
  52	  53	  70	   1	 330	   2	   1	  17	  18	  17	  30	  70	  50	 378	117072	117402	   0	  80	
  53	  54	  30	   2	 276	   1	   1	  18	  18	  17	  30	  70	  50	 655	119366	119642	   0	  70	
  54	  55	  70	   2	 493	   2	   1	  18	  19	  17	  30	  70	  50	 323	121261	121754	   0	  60	
  55	  56	  50	   2	 274	   3	   1	  18	  19	  18	  30	  70	  50	 481	123538	123812	   0	  50	
  56	  57	  30	   1	 270	   1	   1	  19	  19	  18	  30	  70	  50	 667	125782	126052	   0	  60	
  57	  58	  70	   1	 246	   2	   1	  19	  20	  18	  30	  70	  50	 489	127844	128090	   0	  70	
  58	  59	  50	   1	 224	   3	   1	  19	  20	  19	  30	  70	  50	 540	129938	130162	   0	  80	
  59	  60	  30	   2	 304	   1	   1	  20	  20	  19	  30	  70	  50	 351	131816	132120	   0	  70	
  60	  61	  50	   4	 218	   3	   2	  20	  20	  20	  30	  70	  50	 421	133844	134062	   0	  70	
  61	  62	  70	   3	 238	   2	   2	  20	  21	  20	  30	  70	  50	 378	135756	135994	   0	  70	
  62	  63	  50	   2	 212	   3	   1	  20	  21	  21	  30	  70	  50	 506	137800	138012	   0	  60	
  63	  64	  70	   2	 229	   2	   1	  20	  22	  21	  30	  70	  50	 661	139961	140190	   0	  50	
  64	  65	  50	   3	 162	   3	   2	  20	  22	  22	  30	  70	  50	 692	142172	142334	   0	  50	
  65	  66	  30	   4	 275	   1	   2	  21	  22	  22	  30	  70	  50	 647	144283	144558	   0	  50	
  66	  67	  70	   1	 255	   2	   1	  21	  23	  22	  30	  70	  50	 510	146361	146616	   0	  60	
  67	  68	  30	   3	 232	   1	   2	  22	  23	  22	  30	  70	  50	 618	148538	148770	   0	  60	
  68	  69	  50	   2	 270	   3	   1	  22	  23	  23	  30	  70	  50	 434	150516	150786	   0	  50	
  69	  70	  70	   1	 267	   2	   1	  22	  24	  23	  30	  70	  50	 364	152461	152728	   0	  60	
  70	  71	  50	   2	 221	   3	   1	  22	  24	  24	  30	  70	  50	 579	154605	154826	   0	  50	
  71	  72	  70	   3	 328	   2	   2	  22	  25	  24	  30	  70	  50	 300	156450	156778	   0	  50	
  72	  73	  50	   1	 394	   3	   1	  22	  25	  25	  30	  70	  50	 570	158644	159038	   0	  60	
  73	  74	  70	   2	 324	   2	   1	  22	  26	  25	  30	  70	  50	 383	160722	161046	   0	  50	
  74	  75	  50	   4	 430	   3	   2	  22	  26	  26	  30	  70	  50	 602	162950	163380	   0	  50	
  75	  76	  70	   1	 109	   2	   1	  22	  27	  26	  30	  70	  50	 548	165243	165352	   0	  60	
  76	  77	  50	   1	 254	   3	   1	  22	  27	  27	  30	  70	  50	 690	167338	167592	   0	  70	
  77	  78	  70	   3	 230	   2	   2	  22	  28	  27	  30	  70	  50	 519	169416	169646	   0	  70	
  78	  79	  50	   1	  76	   3	   1	  22	  28	  28	  30	  70	  50	 562	171510	171586	   0	  80	
  79	  80	  30	   2	 305	   1	   1	  23	  28	  28	  30	  70	  50	 640	173521	173826	   0	  70	
  80	  81	  70	   2	 348	   2	   1	  23	  29	  28	  30	  70	  50	 384	175516	175864	   0	  60	
  81	  82	  30	   2	 378	   1	   1	  24	  29	  28	  30	  70	  50	 572	177760	178138	   0	  50	
  82	  83	  50	   4	 523	   3	   2	  24	  29	  29	  30	  70	  50	 329	179755	180278	   0	  50	
  83	  84	  30	   2	 345	   1	   1	  25	  29	  29	  30	  70	  50	 320	181899	182244	   0	  40	
  84	  85	  70	   1	 385	   2	   1	  25	  30	  29	  30	  70	  50	 559	184093	184478	   0	  50	
  85	  86	  50	   3	 298	   3	   2	  25	  30	  30	  30	  70	  50	 593	186370	186668	   0	  50	
  86	  87	  70	   1	 165	   2	   1	  25	  31	  30	  30	  70	  50	 611	188581	188746	   0	  60	
  87	  88	  30	   4	 468	   3	   2	  25	  31	   1	  30	  70	  30	 394	190476	190944	   3	  60	
  88	  89	  30	   1	 364	   1	   1	  26	  31	   1	  30	  70	  30	 577	192820	193184	   0	  70	
  89	  90	  70	   2	 580	   2	   1	  26	  32	   1	  30	  70	  30	 362	194848	195428	   0	  60	
  90	  91	  30	   1	 387	   3	   1	  26	  32	   2	  30	  70	  30	 554	197291	197678	   0	  70	
  91	  92	  70	   1	 440	   2	   1	  26	  33	   2	  30	  70	  30	 308	199302	199742	   0	  80	
  92	  93	  30	   4	 685	   1	   2	  27	  33	   2	  30	  70	  30	 356	201397	202082	   0	  80	
  93	  94	  30	   2	 313	   3	   1	  27	  33	   3	  30	  70	  30	 361	203741	204054	   0	  70	
  94	  95	  30	   2	 512	   1	   1	  28	  33	   3	  30	  70	  30	 492	205852	206364	   0	  60	
  95	  96	  20	   4	 585	   2	   2	  28	   1	   3	  30	  20	  30	 440	208129	208714	   2	  60	
  96	  97	  30	   1	 386	   1	   1	  29	   1	   3	  30	  20	  30	 456	210472	210858	   0	  70	
  97	  98	  30	   2	 362	   3	   1	  29	   1	   4	  30	  20	  30	 632	212800	213162	   0	  60	
  98	  99	  30	   2	 432	   1	   1	  30	   1	   4	  30	  20	  30	 505	214960	215392	   0	  50	
  99	 100	  30	   2	 355	   3	   1	  30	   1	   5	  30	  20	  30	 456	217155	217510	   0	  40	
 100	 101	  20	   2	 504	   2	   1	  30	   2	   5	  30	  20	  30	 510	219316	219820	   0	  30	
 101	 102	  30	   2	 427	   1	   1	  31	   2	   5	  30	  20	  30	 691	221825	222252	   0	  20	
 102	 103	  20	   3	 377	   2	   2	  31	   3	   5	  30	  20	  30	 458	224003	224380	   0	  20	
 103	 104	  30	   3	 606	   3	   2	  31	   3	   6	  30	  20	  30	 325	225998	226604	   0	  20	
 104	 105	  20	   2	 403	   2	   1	  31	   4	   6	  30	  20	  30	 585	228491	228894	   0	  10	
 105	 106	  30	   4	 523	   3	   2	  31	   4	   7	  30	  20	  30	 598	230801	231324	   0	  10	
 106	 107	  20	   4	 435	   2	   2	  31	   5	   7	  30	  20	  30	 688	233311	233746	   0	  10	
 107	 108	  30	   4	 535	   3	   2	  31	   5	   8	  30	  20	  30	 345	235389	235924	   0	  10	
 108	 109	  20	   3	 394	   2	   2	  31	   6	   8	  30	  20	  30	 524	237750	238144	   0	  10	
 109	 110	  30	   1	 464	   1	   1	  32	   6	   8	  30	  20	  30	 464	239910	240374	   0	  20	
 110	 111	  30	   4	 404	   3	   2	  32	   6	   9	  30	  20	  30	 518	242204	242608	   0	  20	
 111	 112	  20	   4	 403	   2	   2	  32	   7	   9	  30	  20	  30	 637	244565	244968	   0	  20	
 112	 113	  30	   1	 291	   3	   1	  32	   7	  10	  30	  20	  30	 547	246825	247116	   0	  30	
 113	 114	  30	   4	 377	   1	   2	  33	   7	  10	  30	  20	  30	 482	248903	249280	   0	  30	
 114	 115	  30	   1	 258	   3	   1	  33	   7	  11	  30	  20	  30	 391	250964	251222	   0	  40	
 115	 116	  30	   4	 327	   1	   2	  34	   7	  11	  30	  20	  30	 659	253175	253502	   0	  40	
 116	 117	  30	   2	 305	   3	   1	  34	   7	  12	  30	  20	  30	 311	255103	255408	   0	  30	
 117	 118	  30	   4	 423	   1	   2	  35	   7	  12	  30	  20	  30	 614	257330	257753	   0	  30	
 118	 119	  30	   2	 418	   3	   1	  35	   7	  13	  30	  20	  30	 362	259408	259826	   0	  20	
 119	 120	  20	   4	 356	   2	   2	  35	   8	  13	  30	  20	  30	 548	261686	262042	   0	  20	
 120	 121	  80	   1	 393	   1	   1	   1	   8	  13	  80	  20	  30	 494	263863	264256	   1	  30	
 121	 122	  30	   2	 626	   3	   1	   1	   8	  14	  80	  20	  30	 309	265874	266500	   0	  20	
 122	 123	  80	   1	 512	   1	   1	   2	   8	  14	  80	  20	  30	 422	268218	268730	   0	  30	
 123	 124	  30	   3	 715	   3	   2	   2	   8	  15	  80	  20	  30	 632	270661	271376	   0	  30	
 124	 125	  80	   2	 320	   1	   1	   3	   8	  15	  80	  20	  30	 532	273221	273541	   0	  20	
 125	 126	  30	   4	 415	   3	   2	   3	   8	  16	  80	  20	  30	 332	275183	275598	   0	  20	
 126	 127	  80	   1	 359	   1	   1	   4	   8	  16	  80	  20	  30	 425	277327	277686	   0	  30	
 127	 128	  30	   4	 435	   3	   2	   4	   8	  17	  80	  20	  30	 582	279571	280006	   0	  30	
 128	 129	  20	   2	 407	   2	   1	   4	   9	  17	  80	  20	  30	 606	281915	282322	   0	  20	
 129	 130	  80	   1	 496	   1	   1	   5	   9	  17	  80	  20	  30	 370	283993	284489	   0	  30	
 130	 131	  30	   4	 436	   3	   2	   5	   9	  18	  80	  20	  30	 679	286469	286905	   0	  30	
 131	 132	  80	   2	 349	   1	   1	   6	   9	  18	  80	  20	  30	 521	288746	289095	   0	  20	
 132	 133	  30	   1	 489	   3	   1	   6	   9	  19	  80	  20	  30	 330	290741	291230	   0	  30	
 133	 134	  80	   1	 396	   1	   1	   7	   9	  19	  80	  20	  30	 352	292885	293281	   0	  40	
 134	 135	  20	   2	 413	   2	   1	   7	  10	  19	  80	  20	  30	 634	295229	295642	   0	  30	
 135	 136	  80	   1	 440	   1	   1	   8	  10	  19	  80	  20	  30	 508	297456	297896	   0	  40	
 136	 137	  20	   1	 401	   2	   1	   8	  11	  19	  80	  20	  30	 552	299750	300151	   0	  50	
 137	 138	  80	   1	 492	   1	   1	   9	  11	  19	  80	  20	  30	 364	301828	302320	   0	  60	
 138	 139	  20	   2	 391	   2	   1	   9	  12	  19	  80	  20	  30	 630	304255	304646	   0	  50	
 139	 140	  30	   2	 386	   3	   1	   9	  12	  20	  80	  20	  30	 368	306316	306702	   0	  40	
 140	 141	  80	   1	 367	   1	   1	  10	  12	  20	  80	  20	  30	 435	308444	308811	   0	  50	
 141	 142	  30	   1	 414	   3	   1	  10	  12	  21	  80	  20	  30	 547	310688	311102	   0	  60	
 142	 143	  20	   2	 360	   2	   1	  10	  13	  21	  80	  20	  30	 596	313015	313375	   0	  50	
 143	 144	  80	   2	 367	   1	   1	  11	  13	  21	  80	  20	  30	 402	315076	315443	   0	  40	
 144	 145	  30	   4	 320	   3	   2	  11	  13	  22	  80	  20	  30	 587	317337	317657	   0	  40	
 145	 146	  20	   2	 315	   2	   1	  11	  14	  22	  80	  20	  30	 412	319365	319680	   0	  30	
 146	 147	  30	   2	 569	   3	   1	  11	  14	  23	  80	  20	  30	 434	321426	321995	   0	  20	
 147	 148	  20	   4	 377	   2	   2	  11	  15	  23	  80	  20	  30	 535	323836	324213	   0	  20	
 148	 149	  80	   3	 427	   1	   2	  12	  15	  23	  80	  20	  30	 652	326163	326590	   0	  20	
 149	 150	  20	   4	 333	   2	   2	  12	  16	  23	  80	  20	  30	 388	328274	328607	   0	  20	
 150	 151	  80	   1	 312	   1	   1	  13	  16	  23	  80	  20	  30	 621	330535	330847	   0	  30	
 151	 152	  20	   4	 392	   2	   2	  13	  17	  23	  80	  20	  30	 617	332795	333187	   0	  30	
 152	 153	  30	   2	 273	   3	   1	  13	  17	  24	  80	  20	  30	 449	334940	335213	   0	  20	
 153	 154	  20	   3	 465	   2	   2	  13	  18	  24	  80	  20	  30	 643	337150	337615	   0	  20	
 154	 155	  80	   1	 429	   1	   1	  14	  18	  24	  80	  20	  30	 423	339344	339773	   0	  30	
 155	 156	  30	   2	 325	   3	   1	  14	  18	  25	  80	  20	  30	 486	341572	341897	   0	  20	
 156	 157	  80	   1	 410	   1	   1	  15	  18	  25	  80	  20	  30	 586	343783	344193	   0	  30	
 157	 158	  20	   4	 291	   2	   2	  15	  19	  25	  80	  20	  30	 473	345960	346251	   0	  30	
 158	 159	  30	   2	 339	   3	   1	  15	  19	  26	  80	  20	  30	 392	347938	348277	   0	  20	
 159	 160	  80	   1	 464	   1	   1	  16	  19	  26	  80	  20	  30	 456	350033	350497	   0	  30	
 160	 161	  20	   4	 331	   2	   2	  16	  20	  26	  80	  20	  30	 341	352144	352475	   0	  30	
 161	 162	  30	   1	 336	   3	   1	  16	  20	  27	  80	  20	  30	 349	354155	354491	   0	  40	
 162	 163	  80	   1	 346	   1	   1	  17	  20	  27	  80	  20	  30	 500	356299	356645	   0	  50	
 163	 164	  30	   2	 316	   3	   1	  17	  20	  28	  80	  20	  30	 488	358443	358759	   0	  40	
 164	 165	  20	   4	1248	   2	   2	  17	  21	  28	  80	  20	  30	 622	360687	361935	   0	  40	
 165	 166	  30	   2	 354	   3	   1	  17	  21	  29	  80	  20	  30	 571	363812	364166	   0	  30	
 166	 167	  80	   2	 453	   1	   1	  18	  21	  29	  80	  20	  30	 317	365790	366243	   0	  20	
 167	 168	  30	   3	 370	   3	   2	  18	  21	  30	  80	  20	  30	 341	367885	368255	   0	  20	
 168	 169	  20	   4	 353	   2	   2	  18	  22	  30	  80	  20	  30	 435	369996	370349	   0	  20	
 169	 170	  30	   2	 476	   3	   1	  18	  22	  31	  80	  20	  30	 554	372207	372683	   0	  10	
 170	 171	  80	   1	 453	   1	   1	  19	  22	  31	  80	  20	  30	 305	374284	374737	   0	  20	
 171	 172	  30	   4	 345	   3	   2	  19	  22	  32	  80	  20	  30	 448	376512	376857	   0	  20	
 172	 173	  20	   1	 300	   2	   1	  19	  23	  32	  80	  20	  30	 309	378473	378773	   0	  30	
 173	 174	  80	   1	 291	   1	   1	  20	  23	  32	  80	  20	  30	 512	380584	380875	   0	  40	
 174	 175	  30	   4	 307	   3	   2	  20	  23	  33	  80	  20	  30	 494	382662	382969	   0	  40	
 175	 176	  80	   1	 277	   1	   1	  21	  23	  33	  80	  20	  30	 643	384906	385183	   0	  50	
 176	 177	  30	   1	 562	   3	   1	  21	  23	  34	  80	  20	  30	 532	387017	387579	   0	  60	
 177	 178	  80	   1	 366	   1	   1	  22	  23	  34	  80	  20	  30	 445	389327	389693	   0	  70	
 178	 179	  30	   4	 251	   3	   2	  22	  23	  35	  80	  20	  30	 444	391438	391689	   0	  70	
 179	 180	  20	   2	 277	   2	   1	  22	  24	  35	  80	  20	  30	 464	393466	393743	   0	  60	
 180	 181	  70	   3	 515	   3	   2	  22	  24	   1	  80	  20	  70	 639	395710	396225	   3	  60	
 181	 182	  20	   1	 340	   2	   1	  22	  25	   1	  80	  20	  70	 318	397871	398211	   0	  70	
 182	 183	  80	   2	 314	   1	   1	  23	  25	   1	  80	  20	  70	 335	399849	400163	   0	  60	
 183	 184	  70	   2	 321	   3	   1	  23	  25	   2	  80	  20	  70	 482	401960	402281	   0	  50	
 184	 185	  20	   2	 341	   2	   1	  23	  26	   2	  80	  20	  70	 345	403922	404263	   0	  40	
 185	 186	  70	   1	 265	   3	   1	  23	  26	   3	  80	  20	  70	 625	406182	406447	   0	  50	
 186	 187	  20	   2	 310	   2	   1	  23	  27	   3	  80	  20	  70	 527	408277	408587	   0	  40	
 187	 188	  70	   2	 314	   3	   1	  23	  27	   4	  80	  20	  70	 366	410255	410569	   0	  30	
 188	 189	  20	   2	 354	   2	   1	  23	  28	   4	  80	  20	  70	 422	412299	412653	   0	  20	
 189	 190	  80	   1	 410	   1	   1	  24	  28	   4	  80	  20	  70	 466	414427	414837	   0	  30	
 190	 191	  70	   3	 364	   3	   2	  24	  28	   5	  80	  20	  70	 321	416455	416819	   0	  30	
 191	 192	  80	   4	 294	   1	   2	  25	  28	   5	  80	  20	  70	 663	418815	419109	   0	  30	
 192	 193	  20	   4	 321	   2	   2	  25	  29	   5	  80	  20	  70	 516	420926	421247	   0	  30	
 193	 194	  70	   1	 396	   3	   1	  25	  29	   6	  80	  20	  70	 641	423187	423583	   0	  40	
 194	 195	  20	   4	 512	   2	   2	  25	  30	   6	  80	  20	  70	 640	425531	426043	   0	  40	
 195	 196	  70	   1	 299	   3	   1	  25	  30	   7	  80	  20	  70	 456	427808	428107	   0	  50	
 196	 197	  80	   3	 406	   1	   2	  26	  30	   7	  80	  20	  70	 525	429935	430341	   0	  50	
 197	 198	  50	   1	 263	   2	   1	  26	   1	   7	  80	  50	  70	 485	432146	432409	   2	  60	
 198	 199	  70	   4	 346	   3	   2	  26	   1	   8	  80	  50	  70	 519	434241	434587	   0	  60	
 199	 200	  50	   2	 359	   2	   1	  26	   2	   8	  80	  50	  70	 693	436584	436943	   0	  50	
 200	 201	  80	   1	 521	   1	   1	  27	   2	   8	  80	  50	  70	 514	438762	439283	   0	  60	
 201	 202	  70	   1	 500	   3	   1	  27	   2	   9	  80	  50	  70	 301	440923	441423	   0	  70	
 202	 203	  50	   3	 385	   2	   2	  27	   3	   9	  80	  50	  70	 466	443200	443585	   0	  70	
 203	 204	  70	   1	 395	   3	   1	  27	   3	  10	  80	  50	  70	 343	445228	445623	   0	  80	
 204	 205	  50	   2	 566	   2	   1	  27	   4	  10	  80	  50	  70	 385	447322	447888	   0	  70	
 205	 206	  70	   2	 397	   3	   1	  27	   4	  11	  80	  50	  70	 617	449816	450213	   0	  60	
 206	 207	  50	   2	 381	   2	   1	  27	   5	  11	  80	  50	  70	 389	451910	452291	   0	  50	
 207	 208	  80	   1	 617	   1	   1	  28	   5	  11	  80	  50	  70	 339	453938	454555	   0	  60	
 208	 209	  50	   1	 546	   2	   1	  28	   6	  11	  80	  50	  70	 554	456415	456961	   0	  70	
 209	 210	  80	   3	 329	   1	   2	  29	   6	  11	  80	  50	  70	 476	458742	459071	   0	  70	
 210	 211	  70	   2	 321	   3	   1	  29	   6	  12	  80	  50	  70	 354	460736	461057	   0	  60	
 211	 212	  50	   1	 309	   2	   1	  29	   7	  12	  80	  50	  70	 687	463064	463373	   0	  70	
 212	 213	  80	   1	 466	   1	   1	  30	   7	  12	  80	  50	  70	 306	464975	465441	   0	  80	
 213	 214	  70	   1	 394	   3	   1	  30	   7	  13	  80	  50	  70	 463	467219	467613	   0	  90	
 214	 215	  80	   1	 343	   1	   1	  31	   7	  13	  80	  50	  70	 680	469596	469939	   0	 100	
 215	 216	  70	   1	 390	   3	   1	  31	   7	  14	  80	  50	  70	 526	471757	472147	   0	 110	
 216	 217	  50	   4	 268	   2	   2	  31	   8	  14	  80	  50	  70	 699	474151	474419	   0	 110	
 217	 218	  80	   3	 297	   1	   2	  32	   8	  14	  80	  50	  70	 693	476411	476708	   0	 110	
 218	 219	  50	   4	 402	   2	   2	  32	   9	  14	  80	  50	  70	 526	478539	478941	   0	 110	
 219	 220	  80	   1	 474	   1	   1	  33	   9	  14	  80	  50	  70	 316	480567	481041	   0	 120	
 220	 221	  70	   1	 816	   3	   1	  33	   9	  15	  80	  50	  70	 377	482711	483527	   0	 130	
 221	 222	  50	   3	 768	   2	   2	  33	  10	  15	  80	  50	  70	 406	485271	486039	   0	 130	
 222	 223	  70	   1	 816	   3	   1	  33	  10	  16	  80	  50	  70	 446	487781	488597	   0	 140	
 223	 224	  20	   2	 816	   1	   1	   1	  10	  16	  20	  50	  70	 531	490457	491273	   1	 130	
 224	 225	  50	   2	 537	   2	   1	   1	  11	  16	  20	  50	  70	 314	492900	493437	   0	 120	
 225	 226	  70	   2	 648	   3	   1	   1	  11	  17	  20	  50	  70	 632	495377	496025	   0	 110	
 226	 227	  20	   4	 697	   1	   2	   2	  11	  17	  20	  50	  70	 319	497654	498351	   0	 110	
 227	 228	  70	   1	 262	   3	   1	   2	  11	  18	  20	  50	  70	 303	499965	500227	   0	 120	
 228	 229	  20	   2	 280	   1	   1	   3	  11	  18	  20	  50	  70	 307	501843	502123	   0	 110	
 229	 230	  50	   1	 343	   2	   1	   3	  12	  18	  20	  50	  70	 572	504004	504347	   0	 120	
 230	 231	  70	   1	 410	   3	   1	   3	  12	  19	  20	  50	  70	 370	506015	506425	   0	 130	
 231	 232	  50	   2	 494	   2	   1	   3	  13	  19	  20	  50	  70	 665	508409	508903	   0	 120	
 232	 233	  70	   3	 348	   3	   2	   3	  13	  20	  20	  50	  70	 454	510653	511001	   0	 120	
 233	 234	  20	   1	 223	   1	   1	   4	  13	  20	  20	  50	  70	 407	512714	512937	   0	 130	
 234	 235	  70	   2	 343	   3	   1	   4	  13	  21	  20	  50	  70	 413	514642	514985	   0	 120	
 235	 236	  20	   2	 412	   1	   1	   5	  13	  21	  20	  50	  70	 616	516903	517315	   0	 110	
 236	 237	  50	   4	 326	   2	   2	   5	  14	  21	  20	  50	  70	 585	519213	519539	   0	 110	
 237	 238	  70	   1	 227	   3	   1	   5	  14	  22	  20	  50	  70	 419	521258	521485	   0	 120	
 238	 239	  50	   1	 385	   2	   1	   5	  15	  22	  20	  50	  70	 549	523336	523721	   0	 130	
 239	 240	  70	   1	 340	   3	   1	   5	  15	  23	  20	  50	  70	 493	525513	525853	   0	 140	
 240	 241	  50	   1	 519	   2	   1	   5	  16	  23	  20	  50	  70	 305	527458	527977	   0	 150	
 241	 242	  20	   4	 482	   1	   2	   6	  16	  23	  20	  50	  70	 371	529669	530151	   0	 150	
 242	 243	  50	   4	 665	   2	   2	   6	  17	  23	  20	  50	  70	 555	532012	532677	   0	 150	
 243	 244	  20	   1	 627	   1	   1	   7	  17	  23	  20	  50	  70	 360	534340	534967	   0	 160	
 244	 245	  70	   3	 534	   3	   2	   7	  17	  24	  20	  50	  70	 477	536733	537267	   0	 160	
 245	 246	  50	   1	 381	   2	   1	   7	  18	  24	  20	  50	  70	 433	539010	539391	   0	 170	
 246	 247	  20	   2	 360	   1	   1	   8	  18	  24	  20	  50	  70	 451	541155	541515	   0	 160	
 247	 248	  50	   2	 460	   2	   1	   8	  19	  24	  20	  50	  70	 653	543465	543925	   0	 150	
 248	 249	  70	   3	 293	   3	   2	   8	  19	  25	  20	  50	  70	 343	545560	545853	   0	 150	
 249	 250	  20	   2	 105	   1	   1	   9	  19	  25	  20	  50	  70	 578	547720	547825	   0	 140	
 250	 251	  70	   4	 307	   3	   2	   9	  19	  26	  20	  50	  70	 662	549798	550105	   0	 140	
 251	 252	  50	   1	 297	   2	   1	   9	  20	  26	  20	  50	  70	 412	551826	552123	   0	 150	
 252	 253	  20	   2	 323	   1	   1	  10	  20	  26	  20	  50	  70	 684	554120	554443	   0	 140	
 253	 254	  70	   1	 357	   3	   1	  10	  20	  27	  20	  50	  70	 309	556048	556405	   0	 150	
 254	 255	  50	   1	 432	   2	   1	  10	  21	  27	  20	  50	  70	 653	558359	558791	   0	 160	
 255	 256	  70	   1	 489	   3	   1	  10	  21	  28	  20	  50	  70	 606	560702	561191	   0	 170	
 256	 257	  50	   2	 424	   2	   1	  10	  22	  28	  20	  50	  70	 630	563129	563553	   0	 160	
 257	 258	  70	   2	 612	   3	   1	  10	  22	  29	  20	  50	  70	 498	565357	565969	   0	 150	
 258	 259	  50	   2	 406	   2	   1	  10	  23	  29	  20	  50	  70	 607	567883	568289	   0	 140	
 259	 260	  70	   1	 446	   3	   1	  10	  23	  30	  20	  50	  70	 490	570077	570523	   0	 150	
 260	 261	  20	   2	 645	   1	   1	  11	  23	  30	  20	  50	  70	 344	572172	572817	   0	 140	
 261	 262	  50	   2	 707	   3	   1	  11	  23	   1	  20	  50	  50	 329	574482	575189	   3	 130	
 262	 263	  50	   2	 536	   2	   1	  11	  24	   1	  20	  50	  50	 541	577025	577561	   0	 120	
 263	 264	  20	   4	 533	   1	   2	  12	  24	   1	  20	  50	  50	 366	579236	579769	   0	 120	
 264	 265	  50	   2	 326	   3	   1	  12	  24	   2	  20	  50	  50	 425	581497	581823	   0	 110	
 265	 266	  50	   1	 429	   2	   1	  12	  25	   2	  20	  50	  50	 604	583724	584153	   0	 120	
 266	 267	  50	   3	 500	   3	   2	  12	  25	   3	  20	  50	  50	 318	585785	586285	   0	 120	
 267	 268	  50	   1	 302	   2	   1	  12	  26	   3	  20	  50	  50	 681	588279	588581	   0	 130	
 268	 269	  20	   2	 383	   1	   1	  13	  26	   3	  20	  50	  50	 410	590290	590673	   0	 120	
 269	 270	  50	   2	 432	   2	   1	  13	  27	   3	  20	  50	  50	 528	592501	592933	   0	 110	
 270	 271	  50	   2	 545	   3	   1	  13	  27	   4	  20	  50	  50	 554	594794	595339	   0	 100	
 271	 272	  50	   3	 351	   2	   2	  13	  28	   4	  20	  50	  50	 652	597304	597655	   0	 100	
 272	 273	  50	   3	 338	   3	   2	  13	  28	   5	  20	  50	  50	 339	599299	599637	   0	 100	
 273	 274	  50	   4	 355	   2	   2	  13	  29	   5	  20	  50	  50	 313	601244	601599	   0	 100	
 274	 275	  20	   3	 259	   1	   2	  14	  29	   5	  20	  50	  50	 589	603488	603747	   0	 100	
 275	 276	  50	   1	 213	   3	   1	  14	  29	   6	  20	  50	  50	 379	605416	605629	   0	 110	
 276	 277	  50	   1	 290	   2	   1	  14	  30	   6	  20	  50	  50	 645	607577	607867	   0	 120	
 277	 278	  20	   2	 372	   1	   1	  15	  30	   6	  20	  50	  50	 490	609655	610027	   0	 110	
 278	 279	  50	   4	 572	   3	   2	  15	  30	   7	  20	  50	  50	 469	611799	612371	   0	 110	
 279	 280	  20	   1	  10	   1	   1	  16	  30	   7	  20	  50	  50	 682	614359	614369	   0	 120	
 280	 281	  50	   2	 336	   3	   1	  16	  30	   8	  20	  50	  50	 502	616171	616507	   0	 110	
 281	 282	  20	   2	 595	   1	   1	  17	  30	   8	  20	  50	  50	 306	618132	618727	   0	 100	
 282	 283	  50	   1	 269	   3	   1	  17	  30	   9	  20	  50	  50	 606	620642	620911	   0	 110	
 283	 284	  50	   3	 339	   2	   2	  17	  31	   9	  20	  50	  50	 550	622770	623109	   0	 110	
 284	 285	  20	   2	 311	   1	   1	  18	  31	   9	  20	  50	  50	 611	625014	625325	   0	 100	
 285	 286	  50	   2	 528	   2	   1	  18	  32	   9	  20	  50	  50	 520	627141	627669	   0	  90	
 286	 287	  20	   4	 264	   1	   2	  19	  32	   9	  20	  50	  50	 675	629635	629899	   0	  90	
 287	 288	  50	   3	 288	   3	   2	  19	  32	  10	  20	  50	  50	 347	631563	631851	   0	  90	
 288	 289	  20	   4	 305	   1	   2	  20	  32	  10	  20	  50	  50	 539	633690	633995	   0	  90	
 289	 290	  50	   1	 468	   3	   1	  20	  32	  11	  20	  50	  50	 327	635619	636087	   0	 100	
 290	 291	  50	   1	 314	   2	   1	  20	  33	  11	  20	  50	  50	 685	638079	638393	   0	 110	
 291	 292	  50	   1	 375	   3	   1	  20	  33	  12	  20	  50	  50	 542	640256	640631	   0	 120	
 292	 293	  20	   4	 308	   2	   2	  20	   1	  12	  20	  20	  50	 397	642351	642659	   2	 120	
 293	 294	  50	   2	 371	   3	   1	  20	   1	  13	  20	  20	  50	 693	644644	645015	   0	 110	
 294	 295	  20	   2	 291	   1	   1	  21	   1	  13	  20	  20	  50	 572	646888	647179	   0	 100	
 295	 296	  20	   2	 311	   2	   1	  21	   2	  13	  20	  20	  50	 374	648850	649161	   0	  90	
 296	 297	  20	   3	 381	   1	   2	  22	   2	  13	  20	  20	  50	 522	650978	651359	   0	  90	
 297	 298	  20	   4	 244	   2	   2	  22	   3	  13	  20	  20	  50	 419	653089	653333	   0	  90	
 298	 299	  20	   2	 322	   1	   1	  23	   3	  13	  20	  20	  50	 340	654967	655289	   0	  80	
 299	 300	  20	   4	 283	   2	   2	  23	   4	  13	  20	  20	  50	 345	656928	657211	   0	  80	
 300	 301	  50	   1	 279	   3	   1	  23	   4	  14	  20	  20	  50	 643	659156	659435	   0	  90	
 301	 302	  20	   3	 273	   2	   2	  23	   5	  14	  20	  20	  50	 630	661400	661673	   0	  90	
 302	 303	  50	   1	 282	   3	   1	  23	   5	  15	  20	  20	  50	 588	663561	663843	   0	 100	
 303	 304	  20	   4	 266	   2	   2	  23	   6	  15	  20	  20	  50	 568	665721	665987	   0	 100	
 304	 305	  20	   2	 333	   1	   1	  24	   6	  15	  20	  20	  50	 350	667650	667983	   0	  90	
 305	 306	  50	   2	 333	   3	   1	  24	   6	  16	  20	  20	  50	 575	669860	670193	   0	  80	
 306	 307	  20	   4	 979	   1	   2	  25	   6	  16	  20	  20	  50	 543	672038	673017	   0	  80	
 307	 308	  50	   4	 544	   3	   2	  25	   6	  17	  20	  20	  50	 372	674697	675241	   0	  80	
 308	 309	  20	   4	 432	   1	   2	  26	   6	  17	  20	  20	  50	 658	677191	677623	   0	  80	
 309	 310	  50	   3	 362	   3	   2	  26	   6	  18	  20	  20	  50	 557	679485	679847	   0	  80	
 310	 311	  20	   2	 357	   1	   1	  27	   6	  18	  20	  20	  50	 449	681612	681969	   0	  70	
 311	 312	  50	   2	 299	   3	   1	  27	   6	  19	  20	  20	  50	 666	683956	684255	   0	  60	
 312	 313	  20	   2	 733	   2	   1	  27	   7	  19	  20	  20	  50	 590	686150	686883	   0	  50	
 313	 314	  50	   2	 583	   3	   1	  27	   7	  20	  20	  20	  50	 469	688660	689243	   0	  40	
 314	 315	  20	   2	 301	   2	   1	  27	   8	  20	  20	  20	  50	 466	691020	691321	   0	  30	
 315	 316	  20	   1	 454	   1	   1	  28	   8	  20	  20	  20	  50	 338	692965	693419	   0	  40	
 316	 317	  20	   3	 519	   2	   2	  28	   9	  20	  20	  20	  50	 564	695292	695811	   0	  40	
 317	 318	  50	   4	 319	   3	   2	  28	   9	  21	  20	  20	  50	 615	697736	698055	   0	  40	
 318	 319	  20	   4	 334	   2	   2	  28	  10	  21	  20	  20	  50	 334	699697	700031	   0	  40	
 319	 320	  20	   4	 331	   1	   2	  29	  10	  21	  20	  20	  50	 465	701808	702139	   0	  40	
 320	 321	  50	   1	 260	   3	   1	  29	  10	  22	  20	  20	  50	 567	704019	704279	   0	  50	
 321	 322	  20	   2	 437	   1	   1	  30	  10	  22	  20	  20	  50	 364	705964	706401	   0	  40	
 322	 323	  50	   2	 489	   3	   1	  30	  10	  23	  20	  20	  50	 405	708108	708597	   0	  30	
 323	 324	  20	   2	 267	   1	   1	  31	  10	  23	  20	  20	  50	 611	710502	710769	   0	  20	
 324	 325	  20	   2	 586	   2	   1	  31	  11	  23	  20	  20	  50	 395	712463	713049	   0	  10	
 325	 326	  20	   2	 300	   1	   1	  32	  11	  23	  20	  20	  50	 502	714857	715157	   0	   0	
 326	 327	  50	   3	 273	   3	   2	  32	  11	  24	  20	  20	  50	 574	717034	717307	   0	   0	
 327	 328	  20	   4	 609	   2	   2	  32	  12	  24	  20	  20	  50	 362	718962	719571	   0	   0	
 328	 329	  50	   3	 352	   3	   2	  32	  12	  25	  20	  20	  50	 685	721555	721907	   0	   0	
 329	 330	  20	   2	 416	   2	   1	  32	  13	  25	  20	  20	  50	 327	723533	723949	   0	 -10	
 330	 331	  20	   3	 274	   1	   2	  33	  13	  25	  20	  20	  50	 355	725611	725885	   0	 -10	
 331	 332	  20	   2	 389	   2	   1	  33	  14	  25	  20	  20	  50	 687	727888	728277	   0	 -20	
 332	 333	  50	   2	 415	   3	   1	  33	  14	  26	  20	  20	  50	 551	730132	730547	   0	 -30	
 333	 334	  20	   4	 650	   1	   2	  34	  14	  26	  20	  20	  50	 463	732327	732977	   0	 -30	
 334	 335	  20	   2	 395	   2	   1	  34	  15	  26	  20	  20	  50	 345	734620	735015	   0	 -40	
 335	 336	  50	   3	 196	   3	   2	  34	  15	  27	  20	  20	  50	 424	736731	736927	   0	 -40	
 336	 337	  20	   4	 349	   1	   2	  35	  15	  27	  20	  20	  50	 391	738626	738975	   0	 -40	
 337	 338	  20	   2	 319	   2	   1	  35	  16	  27	  20	  20	  50	 470	740754	741073	   0	 -50	
 338	 339	  80	   3	 240	   1	   2	   1	  16	  27	  80	  20	  50	 577	742965	743205	   1	 -50	
 339	 340	  20	   2	 295	   2	   1	   1	  17	  27	  80	  20	  50	 664	745176	745471	   0	 -60	
 340	 341	  80	   1	 551	   1	   1	   2	  17	  27	  80	  20	  50	 574	747336	747887	   0	 -50	
 341	 342	  50	   1	 706	   3	   1	   2	  17	  28	  80	  20	  50	 598	749813	750519	   0	 -40	
 342	 343	  80	   1	 625	   1	   1	   3	  17	  28	  80	  20	  50	 367	752190	752815	   0	 -30	
 343	 344	  20	   3	 299	   2	   2	   3	  18	  28	  80	  20	  50	 517	754634	754933	   0	 -30	
 344	 345	  50	   2	 522	   3	   1	   3	  18	  29	  80	  20	  50	 568	756811	757333	   0	 -40	
 345	 346	  20	   1	 376	   2	   1	   3	  19	  29	  80	  20	  50	 425	759055	759431	   0	 -30	
 346	 347	  80	   3	 680	   1	   2	   4	  19	  29	  80	  20	  50	 412	761133	761813	   0	 -30	
 347	 348	  20	   2	 322	   2	   1	   4	  20	  29	  80	  20	  50	 590	763709	764031	   0	 -40	
 348	 349	  50	   2	 337	   3	   1	   4	  20	  30	  80	  20	  50	 694	766020	766357	   0	 -50	
 349	 350	  80	   2	 320	   1	   1	   5	  20	  30	  80	  20	  50	 567	768231	768551	   0	 -60	
 350	 351	  50	   4	 519	   3	   2	   5	  20	  31	  80	  20	  50	 548	770408	770927	   0	 -60	
 351	 352	  80	   3	 406	   1	   2	   6	  20	  31	  80	  20	  50	 643	772885	773291	   0	 -60	
 352	 353	  50	   4	 502	   3	   2	   6	  20	  32	  80	  20	  50	 320	774913	775415	   0	 -60	
 353	 354	  80	   1	 317	   1	   1	   7	  20	  32	  80	  20	  50	 317	777040	777357	   0	 -50	
 354	 355	  20	   1	 469	   2	   1	   7	  21	  32	  80	  20	  50	 332	779002	779471	   0	 -40	
 355	 356	  80	   1	 564	   1	   1	   8	  21	  32	  80	  20	  50	 606	781379	781943	   0	 -30	
 356	 357	  50	   1	 656	   3	   1	   8	  21	  33	  80	  20	  50	 416	783673	784329	   0	 -20	
 357	 358	  20	   4	 705	   2	   2	   8	  22	  33	  80	  20	  50	 422	786050	786755	   0	 -20	
 358	 359	  70	   1	 808	   3	   1	   8	  22	   1	  80	  20	  70	 309	788393	789201	   3	 -10	
 359	 360	  20	   4	 691	   2	   2	   8	  23	   1	  80	  20	  70	 473	790970	791661	   0	 -10	
 360	 361	  80	   2	 574	   1	   1	   9	  23	   1	  80	  20	  70	 616	793579	794153	   0	 -20	
 361	 362	  20	   2	 534	   2	   1	   9	  24	   1	  80	  20	  70	 357	795823	796357	   0	 -30	
 362	 363	  70	   2	 635	   3	   1	   9	  24	   2	  80	  20	  70	 643	798300	798935	   0	 -40	
 363	 364	  80	   1	 625	   1	   1	  10	  24	   2	  80	  20	  70	 350	800594	801219	   0	 -30	
 364	 365	  70	   2	 601	   3	   1	  10	  24	   3	  80	  20	  70	 491	803004	803605	   0	 -40	
 365	 366	  20	   4	 683	   2	   2	  10	  25	   3	  80	  20	  70	 558	805464	806147	   0	 -40	
 366	 367	  70	   1	 536	   3	   1	  10	  25	   4	  80	  20	  70	 364	807825	808361	   0	 -30	
 367	 368	  20	   4	 722	   2	   2	  10	  26	   4	  80	  20	  70	 316	809985	810707	   0	 -30	
 368	 369	  80	   1	 396	   1	   1	  11	  26	   4	  80	  20	  70	 424	812429	812825	   0	 -20	
 369	 370	  70	   3	 438	   3	   2	  11	  26	   5	  80	  20	  70	 427	814557	814995	   0	 -20	
 370	 371	  20	   1	 327	   2	   1	  11	  27	   5	  80	  20	  70	 387	816684	817011	   0	 -10	
 371	 372	  70	   1	 462	   3	   1	  11	  27	   6	  80	  20	  70	 460	818779	819241	   0	   0	
 372	 373	  80	   1	 488	   1	   1	  12	  27	   6	  80	  20	  70	 593	821139	821627	   0	  10	
 373	 374	  70	   2	 550	   3	   1	  12	  27	   7	  80	  20	  70	 559	823483	824033	   0	   0	
 374	 375	  80	   1	 566	   1	   1	  13	  27	   7	  80	  20	  70	 597	825943	826509	   0	  10	
 375	 376	  70	   1	 751	   3	   1	  13	  27	   8	  80	  20	  70	 334	828154	828905	   0	  20	
 376	 377	  20	   4	 587	   2	   2	  13	  28	   8	  80	  20	  70	 691	830896	831483	   0	  20	
 377	 378	  80	   1	 339	   1	   1	  14	  28	   8	  80	  20	  70	 515	833306	833645	   0	  30	
 378	 379	  70	   1	 649	   3	   1	  14	  28	   9	  80	  20	  70	 639	835584	836233	   0	  40	
 379	 380	  80	   1	 774	   1	   1	  15	  28	   9	  80	  20	  70	 374	837911	838685	   0	  50	
 380	 381	  70	   1	 585	   3	   1	  15	  28	  10	  80	  20	  70	 593	840570	841155	   0	  60	
 381	 382	  80	   1	 495	   1	   1	  16	  28	  10	  80	  20	  70	 330	842814	843309	   0	  70	
 382	 383	  20	   4	 360	   2	   2	  16	  29	  10	  80	  20	  70	 407	845009	845369	   0	  70	
 383	 384	  80	   1	 399	   1	   1	  17	  29	  10	  80	  20	  70	 666	847336	847735	   0	  80	
 384	 385	  70	   2	 365	   3	   1	  17	  29	  11	  80	  20	  70	 548	849596	849961	   0	  70	
 385	 386	  80	   2	 594	   1	   1	  18	  29	  11	  80	  20	  70	 493	851757	852351	   0	  60	
 386	 387	  20	   4	 626	   2	   2	  18	  30	  11	  80	  20	  70	 462	854101	854727	   0	  60	
 387	 388	  70	   1	 423	   3	   1	  18	  30	  12	  80	  20	  70	 673	856694	857117	   0	  70	
 388	 389	  20	   4	 632	   2	   2	  18	  31	  12	  80	  20	  70	 455	858871	859503	   0	  70	
 389	 390	  70	   1	 246	   3	   1	  18	  31	  13	  80	  20	  70	 648	861465	861711	   0	  80	
 390	 391	  80	   2	 410	   1	   1	  19	  31	  13	  80	  20	  70	 378	863393	863803	   0	  70	
 391	 392	  70	   2	 519	   3	   1	  19	  31	  14	  80	  20	  70	 660	865770	866289	   0	  60	
 392	 393	  20	   4	1043	   2	   2	  19	  32	  14	  80	  20	  70	 425	868014	869057	   0	  60	
 393	 394	  70	   1	 454	   3	   1	  19	  32	  15	  80	  20	  70	 638	870989	871443	   0	  70	
 394	 395	  20	   1	 964	   2	   1	  19	  33	  15	  80	  20	  70	 435	873183	874147	   0	  80	
 395	 396	  70	   3	 335	   3	   2	  19	  33	  16	  80	  20	  70	 682	876142	876477	   0	  80	
 396	 397	  80	   1	 415	   1	   1	  20	  33	  16	  80	  20	  70	 509	878286	878701	   0	  90	
 397	 398	  70	   2	 640	   3	   1	  20	  33	  17	  80	  20	  70	 553	880563	881203	   0	  80	
 398	 399	  20	   4	 251	   2	   2	  20	  34	  17	  80	  20	  70	 580	883090	883341	   0	  80	
 399	 400	  80	   4	 462	   1	   2	  21	  34	  17	  80	  20	  70	 337	884985	885447	   0	  80	
 400	 401	  20	   2	 382	   2	   1	  21	  35	  17	  80	  20	  70	 367	887129	887511	   0	  70	
 401	 402	  80	   1	 415	   1	   1	  22	  35	  17	  80	  20	  70	 455	889290	889705	   0	  80	
 402	 403	  80	   3	 388	   2	   2	  22	   1	  17	  80	  80	  70	 324	891351	891739	   2	  80	
 403	 404	  80	   1	 444	   1	   1	  23	   1	  17	  80	  80	  70	 602	893645	894089	   0	  90	
 404	 405	  80	   1	 987	   2	   1	  23	   2	  17	  80	  80	  70	 479	895856	896843	   0	 100	
 405	 406	  80	   1	 386	   1	   1	  24	   2	  17	  80	  80	  70	 479	898615	899001	   0	 110	
 406	 407	  80	   1	 458	   2	   1	  24	   3	  17	  80	  80	  70	 557	900859	901317	   0	 120	
 407	 408	  80	   1	 551	   1	   1	  25	   3	  17	  80	  80	  70	 578	903186	903737	   0	 130	
 408	 409	  80	   2	 563	   2	   1	  25	   4	  17	  80	  80	  70	 548	905596	906159	   0	 120	
 409	 410	  80	   1	 517	   1	   1	  26	   4	  17	  80	  80	  70	 309	907774	908291	   0	 130	
 410	 411	  80	   1	 592	   2	   1	  26	   5	  17	  80	  80	  70	 407	910001	910593	   0	 140	
 411	 412	  80	   2	 462	   1	   1	  27	   5	  17	  80	  80	  70	 436	912345	912807	   0	 130	
 412	 413	  80	   1	 405	   2	   1	  27	   6	  17	  80	  80	  70	 499	914606	915011	   0	 140	
 413	 414	  80	   1	 300	   1	   1	  28	   6	  17	  80	  80	  70	 365	916683	916983	   0	 150	
 414	 415	  80	   3	 442	   2	   2	  28	   7	  17	  80	  80	  70	 399	918695	919137	   0	 150	
 415	 416	  80	   1	 396	   1	   1	  29	   7	  17	  80	  80	  70	 453	920889	921285	   0	 160	
 416	 417	  70	   1	 512	   3	   1	  29	   7	  18	  80	  80	  70	 610	923199	923711	   0	 170	
 417	 418	  80	   1	 414	   2	   1	  29	   8	  18	  80	  80	  70	 691	925693	926107	   0	 180	
 418	 419	  80	   1	 441	   1	   1	  30	   8	  18	  80	  80	  70	 432	927854	928295	   0	 190	
 419	 420	  80	   2	 394	   2	   1	  30	   9	  18	  80	  80	  70	 377	929965	930359	   0	 180	
 420	 421	  70	   1	 474	   3	   1	  30	   9	  19	  80	  80	  70	 618	932275	932749	   0	 190	
 421	 422	  80	   1	 417	   2	   1	  30	  10	  19	  80	  80	  70	 474	934536	934953	   0	 200	
 422	 423	  30	   4	 805	   1	   2	   1	  10	  19	  30	  80	  70	 311	936580	937385	   1	 200	
 423	 424	  70	   1	 443	   3	   1	   1	  10	  20	  30	  80	  70	 305	938990	939433	   0	 210	
 424	 425	  80	   2	 508	   2	   1	   1	  11	  20	  30	  80	  70	 638	941367	941875	   0	 200	
 425	 426	  30	   3	 547	   1	   2	   2	  11	  20	  30	  80	  70	 646	943828	944375	   0	 200	
 426	 427	  70	   1	 476	   3	   1	   2	  11	  21	  30	  80	  70	 522	946205	946681	   0	 210	
 427	 428	  80	   1	 360	   2	   1	   2	  12	  21	  30	  80	  70	 594	948565	948925	   0	 220	
 428	 429	  30	   1	 472	   1	   1	   3	  12	  21	  30	  80	  70	 635	950859	951331	   0	 230	
 429	 430	  70	   2	 531	   3	   1	   3	  12	  22	  30	  80	  70	 596	953236	953767	   0	 220	
 430	 431	  80	   1	 464	   2	   1	   3	  13	  22	  30	  80	  70	 603	955679	956143	   0	 230	
 431	 432	  70	   2	 364	   3	   1	   3	  13	  23	  30	  80	  70	 431	957907	958271	   0	 220	
 432	 433	  80	   1	 256	   2	   1	   3	  14	  23	  30	  80	  70	 496	960067	960323	   0	 230	
 433	 434	  70	   1	 358	   3	   1	   3	  14	  24	  30	  80	  70	 418	962045	962403	   0	 240	
 434	 435	  80	   1	 285	   2	   1	   3	  15	  24	  30	  80	  70	 556	964256	964541	   0	 250	
 435	 436	  70	   1	 288	   3	   1	   3	  15	  25	  30	  80	  70	 460	966301	966589	   0	 260	
 436	 437	  30	   2	 297	   1	   1	   4	  15	  25	  30	  80	  70	 686	968578	968875	   0	 250	
 437	 438	  70	   1	 340	   3	   1	   4	  15	  26	  30	  80	  70	 438	970623	970963	   0	 260	
 438	 439	  30	   2	 284	   1	   1	   5	  15	  26	  30	  80	  70	 528	972783	973067	   0	 250	
 439	 440	  70	   3	 341	   3	   2	   5	  15	  27	  30	  80	  70	 527	974894	975235	   0	 250	
 440	 441	  80	   1	 344	   2	   1	   5	  16	  27	  30	  80	  70	 450	976989	977333	   0	 260	
 441	 442	  70	   4	 507	   3	   2	   5	  16	  28	  30	  80	  70	 478	979116	979623	   0	 260	
 442	 443	  30	   2	 357	   1	   1	   6	  16	  28	  30	  80	  70	 314	981244	981601	   0	 250	
 443	 444	  80	   1	 344	   2	   1	   6	  17	  28	  30	  80	  70	 381	983289	983633	   0	 260	
 444	 445	  30	   1	 558	   1	   1	   7	  17	  28	  30	  80	  70	 313	985233	985791	   0	 270	
 445	 446	  80	   2	 611	   2	   1	   7	  18	  28	  30	  80	  70	 311	987394	988005	   0	 260	
 446	 447	  30	   2	 371	   1	   1	   8	  18	  28	  30	  80	  70	 547	989854	990225	   0	 250	
 447	 448	  80	   1	 506	   2	   1	   8	  19	  28	  30	  80	  70	 494	992015	992521	   0	 260	
 448	 449	  30	   4	 525	   1	   2	   9	  19	  28	  30	  80	  70	 671	994492	995017	   0	 260	
 449	 450	  70	   1	 246	   3	   1	   9	  19	  29	  30	  80	  70	 646	996969	997215	   0	 270	
 450	 451	  30	   2	 544	   1	   1	  10	  19	  29	  30	  80	  70	 530	999063	999607	   0	 260	
 451	 452	  80	   1	  74	   2	   1	  10	  20	  29	  30	  80	  70	 331	1001257	1001331	   0	 270	
 452	 453	  70	   1	 313	   3	   1	  10	  20	  30	  30	  80	  70	 572	1003202	1003515	   0	 280	
 453	 454	  80	   3	 333	   2	   2	  10	  21	  30	  30	  80	  70	 623	1005446	1005779	   0	 280	
 454	 455	  30	   1	 349	   1	   1	  11	  21	  30	  30	  80	  70	 534	1007624	1007973	   0	 290	
 455	 456	  80	   1	 361	   2	   1	  11	  22	  30	  30	  80	  70	 580	1009868	1010229	   0	 300	
 456	 457	  70	   1	 475	   3	   1	  11	  22	  31	  30	  80	  70	 562	1012078	1012553	   0	 310	
 457	 458	  30	   2	 364	   1	   1	  12	  22	  31	  30	  80	  70	 589	1014439	1014803	   0	 300	
 458	 459	  70	   1	 365	   3	   1	  12	  22	  32	  30	  80	  70	 507	1016616	1016981	   0	 310	
 459	 460	  30	   2	 421	   1	   1	  13	  22	  32	  30	  80	  70	 473	1018760	1019181	   0	 300	
 460	 461	  80	   1	 321	   2	   1	  13	  23	  32	  30	  80	  70	 553	1021038	1021359	   0	 310	
 461	 462	  70	   1	 314	   3	   1	  13	  23	  33	  30	  80	  70	 476	1023149	1023463	   0	 320	
 462	 463	  30	   1	 324	   1	   1	  14	  23	  33	  30	  80	  70	 625	1025393	1025717	   0	 330	
 463	 464	  80	   1	 474	   2	   1	  14	  24	  33	  30	  80	  70	 308	1027321	1027795	   0	 340	
 464	 465	  30	   2	 381	   1	   1	  15	  24	  33	  30	  80	  70	 332	1029432	1029813	   0	 330	
 465	 466	  70	   2	 358	   3	   1	  15	  24	  34	  30	  80	  70	 312	1031427	1031785	   0	 320	
 466	 467	  80	   2	 339	   2	   1	  15	  25	  34	  30	  80	  70	 375	1033454	1033793	   0	 310	
 467	 468	  70	   1	 302	   3	   1	  15	  25	  35	  30	  80	  70	 508	1035599	1035901	   0	 320	
 468	 469	  30	   2	 319	   1	   1	  16	  25	  35	  30	  80	  70	 559	1037760	1038079	   0	 310	
 469	 470	  80	   1	 359	   2	   1	  16	  26	  35	  30	  80	  70	 694	1040070	1040429	   0	 320	
 470	 471	  30	   1	 395	   1	   1	  17	  26	  35	  30	  80	  70	 324	1042048	1042443	   0	 330	
 471	 472	  50	   4	 451	   3	   2	  17	  26	   1	  30	  80	  50	 457	1044226	1044677	   3	 330	
 472	 473	  30	   2	 332	   1	   1	  18	  26	   1	  30	  80	  50	 574	1046553	1046885	   0	 320	
 473	 474	  80	   1	 361	   2	   1	  18	  27	   1	  30	  80	  50	 417	1048614	1048975	   0	 330	
 474	 475	  30	   2	 348	   1	   1	  19	  27	   1	  30	  80	  50	 619	1050891	1051239	   0	 320	
 475	 476	  50	   1	 662	   3	   1	  19	  27	   2	  30	  80	  50	 520	1053069	1053731	   0	 330	
 476	 477	  80	   1	 463	   2	   1	  19	  28	   2	  30	  80	  50	 694	1055728	1056191	   0	 340	
 477	 478	  50	   2	 499	   3	   1	  19	  28	   3	  30	  80	  50	 372	1057872	1058371	   0	 330	
 478	 479	  80	   2	 509	   2	   1	  19	  29	   3	  30	  80	  50	 484	1060166	1060675	   0	 320	
 479	 480	  30	   2	 375	   1	   1	  20	  29	   3	  30	  80	  50	 414	1062394	1062769	   0	 310	
 480	 481	  50	   2	 378	   3	   1	  20	  29	   4	  30	  80	  50	 672	1064737	1065115	   0	 300	
 481	 482	  80	   1	 452	   2	   1	  20	  30	   4	  30	  80	  50	 395	1066815	1067267	   0	 310	
 482	 483	  50	   1	 462	   3	   1	  20	  30	   5	  30	  80	  50	 440	1069009	1069471	   0	 320	
 483	 484	  20	   1	 338	   2	   1	  20	   1	   5	  30	  20	  50	 356	1071137	1071475	   2	 330	
 484	 485	  30	   4	 444	   1	   2	  21	   1	   5	  30	  20	  50	 548	1073331	1073775	   0	 330	
 485	 486	  20	   4	 444	   2	   2	  21	   2	   5	  30	  20	  50	 649	1075725	1076169	   0	 330	
 486	 487	  50	   3	 499	   3	   2	  21	   2	   6	  30	  20	  50	 644	1078102	1078601	   0	 330	
 487	 488	  20	   4	 569	   2	   2	  21	   3	   6	  30	  20	  50	 334	1080246	1080815	   0	 330	
 488	 489	  30	   3	 515	   1	   2	  22	   3	   6	  30	  20	  50	 372	1082490	1083005	   0	 330	
 489	 490	  50	   1	 577	   3	   1	  22	   3	   7	  30	  20	  50	 524	1084834	1085411	   0	 340	
 490	 491	  30	   3	 637	   1	   2	  23	   3	   7	  30	  20	  50	 371	1087078	1087715	   0	 340	
 491	 492	  50	   1	 494	   3	   1	  23	   3	   8	  30	  20	  50	 532	1089571	1090065	   0	 350	
 492	 493	  20	   1	 689	   2	   1	  23	   4	   8	  30	  20	  50	 437	1091798	1092487	   0	 360	
 493	 494	  50	   2	 546	   3	   1	  23	   4	   9	  30	  20	  50	 436	1094225	1094771	   0	 350	
 494	 495	  30	   2	 711	   1	   1	  24	   4	   9	  30	  20	  50	 309	1096386	1097097	   0	 340	
 495	 496	  20	   2	 763	   2	   1	  24	   5	   9	  30	  20	  50	 615	1099012	1099775	   0	 330	
 496	 497	  50	   2	 481	   3	   1	  24	   5	  10	  30	  20	  50	 324	1101406	1101887	   0	 320	
 497	 498	  30	   4	 616	   1	   2	  25	   5	  10	  30	  20	  50	 592	1103783	1104399	   0	 320	
 498	 499	  50	   3	 243	   3	   2	  25	   5	  11	  30	  20	  50	 503	1106210	1106453	   0	 320	
 499	 500	  30	   2	 393	   1	   1	  26	   5	  11	  30	  20	  50	 321	1108072	1108465	   0	 310	
 500	 501	  50	   2	 394	   3	   1	  26	   5	  12	  30	  20	  50	 393	1110149	1110543	   0	 300	
 501	 502	  20	   2	 320	   2	   1	  26	   6	  12	  30	  20	  50	 424	1112277	1112597	   0	 290	
 502	 503	  30	   2	 374	   1	   1	  27	   6	  12	  30	  20	  50	 415	1114321	1114695	   0	 280	
 503	 504	  50	   3	 351	   3	   2	  27	   6	  13	  30	  20	  50	 366	1116366	1116717	   0	 280	
 504	 505	  30	   3	 380	   1	   2	  28	   6	  13	  30	  20	  50	 626	1118643	1119023	   0	 280	
 505	 506	  20	   4	 268	   2	   2	  28	   7	  13	  30	  20	  50	 441	1120771	1121039	   0	 280	
 506	 507	  50	   3	 285	   3	   2	  28	   7	  14	  30	  20	  50	 437	1122782	1123067	   0	 280	
 507	 508	  20	   4	 351	   2	   2	  28	   8	  14	  30	  20	  50	 486	1124860	1125211	   0	 280	
 508	 509	  50	   2	 291	   3	   1	  28	   8	  15	  30	  20	  50	 417	1126938	1127229	   0	 270	
 509	 510	  30	   2	 252	   1	   1	  29	   8	  15	  30	  20	  50	 517	1129049	1129301	   0	 260	
 510	 511	  50	   2	 301	   3	   1	  29	   8	  16	  30	  20	  50	 668	1131276	1131577	   0	 250	
 511	 512	  30	   4	 271	   1	   2	  30	   8	  16	  30	  20	  50	 503	1133404	1133675	   0	 250	
 512	 513	  20	   4	 244	   2	   2	  30	   9	  16	  30	  20	  50	 643	1135615	1135859	   0	 250	
 513	 514	  30	   4	 278	   1	   2	  31	   9	  16	  30	  20	  50	 503	1137659	1137937	   0	 250	
 514	 515	  50	   1	 281	   3	   1	  31	   9	  17	  30	  20	  50	 379	1139604	1139885	   0	 260	
 515	 516	  30	   2	 379	   1	   1	  32	   9	  17	  30	  20	  50	 340	1141532	1141911	   0	 250	
 516	 517	  20	   2	 286	   2	   1	  32	  10	  17	  30	  20	  50	 605	1143809	1144095	   0	 240	
 517	 518	  50	   2	 326	   3	   1	  32	  10	  18	  30	  20	  50	 544	1145937	1146263	   0	 230	
 518	 519	  20	   4	 564	   2	   2	  32	  11	  18	  30	  20	  50	 628	1148181	1148745	   0	 230	
 519	 520	  30	   4	 750	   1	   2	  33	  11	  18	  30	  20	  50	 655	1150707	1151457	   0	 230	
 520	 521	  20	   4	 760	   2	   2	  33	  12	  18	  30	  20	  50	 337	1153101	1153861	   0	 230	
 521	 522	  50	   1	 358	   3	   1	  33	  12	  19	  30	  20	  50	 696	1155877	1156235	   0	 240	
 522	 523	  80	   2	 321	   1	   1	   1	  12	  19	  80	  20	  50	 376	1157922	1158243	   1	 230	
 523	 524	  50	   2	 371	   3	   1	   1	  12	  20	  80	  20	  50	 349	1159900	1160271	   0	 220	
 524	 525	  80	   3	 401	   1	   2	   2	  12	  20	  80	  20	  50	 518	1162094	1162495	   0	 220	
 525	 526	  50	   2	 523	   3	   1	   2	  12	  21	  80	  20	  50	 646	1164454	1164977	   0	 210	
 526	 527	  80	   1	 377	   1	   1	   3	  12	  21	  80	  20	  50	 414	1166698	1167075	   0	 220	
 527	 528	  50	   2	 400	   3	   1	   3	  12	  22	  80	  20	  50	 326	1168693	1169093	   0	 210	
 528	 529	  80	   2	 367	   1	   1	   4	  12	  22	  80	  20	  50	 573	1170970	1171337	   0	 200	
 529	 530	  50	   3	 503	   3	   2	   4	  12	  23	  80	  20	  50	 573	1173214	1173717	   0	 200	
 530	 531	  80	   3	 303	   1	   2	   5	  12	  23	  80	  20	  50	 659	1175674	1175977	   0	 200	
 531	 532	  50	   3	 326	   3	   2	   5	  12	  24	  80	  20	  50	 592	1177885	1178211	   0	 200	
 532	 533	  80	   1	 522	   1	   1	   6	  12	  24	  80	  20	  50	 426	1179929	1180451	   0	 210	
 533	 534	  20	   2	 548	   2	   1	   6	  13	  24	  80	  20	  50	 527	1182273	1182821	   0	 200	
 534	 535	  50	   3	 795	   3	   2	   6	  13	  25	  80	  20	  50	 397	1184534	1185329	   0	 200	
 535	 536	  20	   1	 533	   2	   1	   6	  14	  25	  80	  20	  50	 634	1187276	1187809	   0	 210	
 536	 537	  80	   1	 443	   1	   1	   7	  14	  25	  80	  20	  50	 500	1189620	1190063	   0	 220	
 537	 538	  50	   1	 591	   3	   1	   7	  14	  26	  80	  20	  50	 386	1191748	1192339	   0	 230	
 538	 539	  20	   2	 648	   2	   1	   7	  15	  26	  80	  20	  50	 453	1194091	1194739	   0	 220	
 539	 540	  50	   2	 355	   3	   1	   7	  15	  27	  80	  20	  50	 679	1196734	1197089	   0	 210	
 540	 541	  20	   3	 339	   2	   2	   7	  16	  27	  80	  20	  50	 379	1198762	1199101	   0	 210	
 541	 542	  50	   2	 238	   3	   1	   7	  16	  28	  80	  20	  50	 382	1200807	1201045	   0	 200	
 542	 543	  20	   2	 123	   2	   1	   7	  17	  28	  80	  20	  50	 593	1202934	1203057	   0	 190	
 543	 544	  80	   3	 223	   1	   2	   8	  17	  28	  80	  20	  50	 428	1204780	1205003	   0	 190	
 544	 545	  20	   2	 277	   2	   1	   8	  18	  28	  80	  20	  50	 366	1206674	1206951	   0	 180	
 545	 546	  50	   3	 251	   3	   2	   8	  18	  29	  80	  20	  50	 405	1208652	1208903	   0	 180	
 546	 547	  20	   2	 358	   2	   1	   8	  19	  29	  80	  20	  50	 330	1210547	1210905	   0	 170	
 547	 548	  80	   1	 547	   1	   1	   9	  19	  29	  80	  20	  50	 396	1212592	1213139	   0	 180	
 548	 549	  50	   2	 232	   3	   1	   9	  19	  30	  80	  20	  50	 682	1215135	1215367	   0	 170	
 549	 550	  20	   4	 381	   2	   2	   9	  20	  30	  80	  20	  50	 356	1217030	1217411	   0	 170	
 550	 551	  80	   1	 254	   1	   1	  10	  20	  30	  80	  20	  50	 347	1219075	1219329	   0	 180	
 551	 552	  20	   4	 275	   2	   2	  10	  21	  30	  80	  20	  50	 562	1221202	1221477	   0	 180	
 552	 553	  80	   1	 236	   1	   1	  11	  21	  30	  80	  20	  50	 494	1223263	1223499	   0	 190	
 553	 554	  50	   1	 289	   3	   1	  11	  21	  31	  80	  20	  50	 676	1225474	1225763	   0	 200	
 554	 555	  20	   1	 399	   2	   1	  11	  22	  31	  80	  20	  50	 395	1227452	1227851	   0	 210	
 555	 556	  50	   2	 266	   3	   1	  11	  22	  32	  80	  20	  50	 567	1229729	1229995	   0	 200	
 556	 557	  80	   3	 351	   1	   2	  12	  22	  32	  80	  20	  50	 635	1231940	1232291	   0	 200	
 557	 558	  50	   2	 169	   3	   1	  12	  22	  33	  80	  20	  50	 463	1234068	1234237	   0	 190	
 558	 559	  80	   1	 262	   1	   1	  13	  22	  33	  80	  20	  50	 642	1236179	1236441	   0	 200	
 559	 560	  30	   2	 485	   3	   1	  13	  22	   1	  80	  20	  30	 331	1238090	1238575	   3	 190	
 560	 561	  80	   2	 295	   1	   1	  14	  22	   1	  80	  20	  30	 611	1240484	1240779	   0	 180	
 561	 562	  20	   2	 597	   2	   1	  14	  23	   1	  80	  20	  30	 514	1242612	1243209	   0	 170	
 562	 563	  30	   4	 603	   3	   2	  14	  23	   2	  80	  20	  30	 385	1244906	1245509	   0	 170	
 563	 564	  20	   2	 831	   2	   1	  14	  24	   2	  80	  20	  30	 451	1247266	1248097	   0	 160	
 564	 565	  80	   3	 438	   1	   2	  15	  24	   2	  80	  20	  30	 599	1250009	1250447	   0	 160	
 565	 566	  20	   2	 583	   2	   1	  15	  25	   2	  80	  20	  30	 494	1252236	1252819	   0	 150	
 566	 567	  80	   2	 524	   1	   1	  16	  25	   2	  80	  20	  30	 395	1254513	1255037	   0	 140	
 567	 568	  30	   2	 228	   3	   1	  16	  25	   3	  80	  20	  30	 400	1256741	1256969	   0	 130	
 568	 569	  20	   2	 272	   2	   1	  16	  26	   3	  80	  20	  30	 459	1258719	1258991	   0	 120	
 569	 570	  80	   1	 324	   1	   1	  17	  26	   3	  80	  20	  30	 664	1260963	1261287	   0	 130	
 570	 571	  20	   4	   7	   2	   2	  17	  27	   3	  80	  20	  30	 560	1263140	1263147	   0	 130	
 571	 572	  80	   1	 289	   1	   1	  18	  27	   3	  80	  20	  30	 696	1265168	1265457	   0	 140	
 572	 573	  30	   4	 304	   3	   2	  18	  27	   4	  80	  20	  30	 666	1267429	1267733	   0	 140	
 573	 574	  20	   3	 371	   2	   2	  18	  28	   4	  80	  20	  30	 677	1269706	1270077	   0	 140	
 574	 575	  30	   1	 363	   3	   1	  18	  28	   5	  80	  20	  30	 576	1271950	1272313	   0	 150	
 575	 576	  20	   2	 345	   2	   1	  18	  29	   5	  80	  20	  30	 308	1273928	1274273	   0	 140	
 576	 577	  80	   1	 265	   1	   1	  19	  29	   5	  80	  20	  30	 604	1276172	1276437	   0	 150	
 577	 578	  20	   2	 182	   2	   1	  19	  30	   5	  80	  20	  30	 661	1278399	1278581	   0	 140	
 578	 579	  30	   2	 285	   3	   1	  19	  30	   6	  80	  20	  30	 667	1280560	1280845	   0	 130	
 579	 580	  20	   2	 238	   2	   1	  19	  31	   6	  80	  20	  30	 685	1282837	1283075	   0	 120	
 580	 581	  80	   1	 278	   1	   1	  20	  31	   6	  80	  20	  30	 587	1284965	1285243	   0	 130	
 581	 582	  20	   2	 297	   2	   1	  20	  32	   6	  80	  20	  30	 567	1287126	1287423	   0	 120	
 582	 583	  30	   1	 401	   3	   1	  20	  32	   7	  80	  20	  30	 440	1289170	1289571	   0	 130	
 583	 584	  20	   2	 341	   2	   1	  20	  33	   7	  80	  20	  30	 531	1291414	1291755	   0	 120	
 584	 585	  30	   2	 631	   3	   1	  20	  33	   8	  80	  20	  30	 586	1293642	1294273	   0	 110	
 585	 586	  80	   1	 911	   1	   1	  21	  33	   8	  80	  20	  30	 513	1296102	1297013	   0	 120	
 586	 587	  30	   4	 345	   3	   2	  21	  33	   9	  80	  20	  30	 350	1298662	1299007	   0	 120	
 587	 588	  80	   4	 263	   1	   2	  22	  33	   9	  80	  20	  30	 573	1300872	1301135	   0	 120	
 588	 589	  20	   4	 551	   2	   2	  22	  34	   9	  80	  20	  30	 527	1302950	1303501	   0	 120	
 589	 590	  30	   3	 306	   3	   2	  22	  34	  10	  80	  20	  30	 416	1305227	1305533	   0	 120	
 590	 591	  80	   3	 349	   1	   2	  23	  34	  10	  80	  20	  30	 345	1307172	1307521	   0	 120	
 591	 592	  20	   4	 217	   2	   2	  23	  35	  10	  80	  20	  30	 352	1309200	1309417	   0	 120	
 592	 593	  80	   1	 274	   1	   1	  24	  35	  10	  80	  20	  30	 491	1311211	1311485	   0	 130	
 593	 594	  70	   1	 237	   2	   1	  24	   1	  10	  80	  70	  30	 618	1313422	1313659	   2	 140	
 594	 595	  80	   1	 282	   1	   1	  25	   1	  10	  80	  70	  30	 601	1315567	1315849	   0	 150	
 595	 596	  30	   2	 450	   3	   1	  25	   1	  11	  80	  70	  30	 305	1317461	1317911	   0	 140	
 596	 597	  80	   1	 559	   1	   1	  26	   1	  11	  80	  70	  30	 332	1319556	1320115	   0	 150	
 597	 598	  70	   3	 496	   2	   2	  26	   2	  11	  80	  70	  30	 377	1321783	1322279	   0	 150	
 598	 599	  80	   1	 360	   1	   1	  27	   2	  11	  80	  70	  30	 395	1323977	1324337	   0	 160	
 599	 600	  30	   2	 393	   3	   1	  27	   2	  12	  80	  70	  30	 495	1326122	1326515	   0	 150	
 600	 601	  80	   2	 340	   1	   1	  28	   2	  12	  80	  70	  30	 595	1328399	1328739	   0	 140	
 601	 602	  70	   1	 372	   2	   1	  28	   3	  12	  80	  70	  30	 690	1330743	1331115	   0	 150	
 602	 603	  30	   2	 490	   3	   1	  28	   3	  13	  80	  70	  30	 694	1333103	1333593	   0	 140	
 603	 604	  70	   1	 262	   2	   1	  28	   4	  13	  80	  70	  30	 573	1335463	1335725	   0	 150	
 604	 605	  30	   2	  79	   3	   1	  28	   4	  14	  80	  70	  30	 562	1337574	1337653	   0	 140	
 605	 606	  70	   4	 290	   2	   2	  28	   5	  14	  80	  70	  30	 478	1339419	1339709	   0	 140	
 606	 607	  30	   1	 322	   3	   1	  28	   5	  15	  80	  70	  30	 466	1341481	1341803	   0	 150	
 607	 608	  70	   3	 418	   2	   2	  28	   6	  15	  80	  70	  30	 576	1343675	1344093	   0	 150	
 608	 609	  30	   2	 435	   3	   1	  28	   6	  16	  80	  70	  30	 336	1345736	1346171	   0	 140	
 609	 610	  80	   1	 389	   1	   1	  29	   6	  16	  80	  70	  30	 566	1348046	1348435	   0	 150	
 610	 611	  70	   2	 510	   2	   1	  29	   7	  16	  80	  70	  30	 489	1350224	1350734	   0	 140	
 611	 612	  30	   2	 358	   3	   1	  29	   7	  17	  80	  70	  30	 403	1352451	1352809	   0	 130	
 612	 613	  70	   1	 267	   2	   1	  29	   8	  17	  80	  70	  30	 663	1354778	1355045	   0	 140	
 613	 614	  80	   3	 303	   1	   2	  30	   8	  17	  80	  70	  30	 367	1356723	1357026	   0	 140	
 614	 615	  70	   3	 314	   2	   2	  30	   9	  17	  80	  70	  30	 353	1358685	1358999	   0	 140	
 615	 616	  30	   2	 378	   3	   1	  30	   9	  18	  80	  70	  30	 475	1360779	1361157	   0	 130	
 616	 617	  50	   4	 692	   1	   2	   1	   9	  18	  50	  70	  30	 598	1363073	1363765	   1	 130	
 617	 618	  30	   1	 364	   3	   1	   1	   9	  19	  50	  70	  30	 371	1365433	1365797	   0	 140	
 618	 619	  70	   2	 490	   2	   1	   1	  10	  19	  50	  70	  30	 565	1367677	1368167	   0	 130	
 619	 620	  30	   1	 286	   3	   1	   1	  10	  20	  50	  70	  30	 386	1369855	1370141	   0	 140	
 620	 621	  70	   1	 390	   2	   1	   1	  11	  20	  50	  70	  30	 393	1371833	1372223	   0	 150	
 621	 622	  50	   4	 556	   1	   2	   2	  11	  20	  50	  70	  30	 600	1374143	1374699	   0	 150	
 622	 623	  70	   1	 323	   2	   1	   2	  12	  20	  50	  70	  30	 413	1376420	1376743	   0	 160	
 623	 624	  50	   2	 433	   1	   1	   3	  12	  20	  50	  70	  30	 385	1378432	1378865	   0	 150	
 624	 625	  30	   1	 434	   3	   1	   3	  12	  21	  50	  70	  30	 333	1380509	1380943	   0	 160	
 625	 626	  70	   1	 498	   2	   1	   3	  13	  21	  50	  70	  30	 667	1382920	1383418	   0	 170	
 626	 627	  50	   3	 597	   1	   2	   4	  13	  21	  50	  70	  30	 368	1385097	1385694	   0	 170	
 627	 628	  30	   4	 599	   3	   2	   4	  13	  22	  50	  70	  30	 538	1387541	1388140	   0	 170	
 628	 629	  50	   3	 619	   1	   2	   5	  13	  22	  50	  70	  30	 345	1389785	1390404	   0	 170	
 629	 630	  70	   3	 824	   2	   2	   5	  14	  22	  50	  70	  30	 494	1392195	1393019	   0	 170	
 630	 631	  30	   4	 574	   3	   2	   5	  14	  23	  50	  70	  30	 536	1394854	1395428	   0	 170	
 631	 632	  50	   2	 308	   1	   1	   6	  14	  23	  50	  70	  30	 579	1397315	1397623	   0	 160	
 632	 633	  70	   2	 376	   2	   1	   6	  15	  23	  50	  70	  30	 673	1399592	1399968	   0	 150	
 633	 634	  30	   4	 623	   3	   2	   6	  15	  24	  50	  70	  30	 587	1401852	1402475	   0	 150	
 634	 635	  50	   1	 323	   1	   1	   7	  15	  24	  50	  70	  30	 447	1404229	1404552	   0	 160	
 635	 636	  30	   2	 333	   3	   1	   7	  15	  25	  50	  70	  30	 615	1406473	1406806	   0	 150	
 636	 637	  50	   1	 320	   1	   1	   8	  15	  25	  50	  70	  30	 647	1408767	1409087	   0	 160	
 637	 638	  30	   2	 379	   3	   1	   8	  15	  26	  50	  70	  30	 643	1411028	1411407	   0	 150	
 638	 639	  70	   1	 318	   2	   1	   8	  16	  26	  50	  70	  30	 629	1413338	1413656	   0	 160	
 639	 640	  50	   3	 537	   1	   2	   9	  16	  26	  50	  70	  30	 329	1415283	1415820	   0	 160	
 640	 641	  70	   1	 315	   2	   1	   9	  17	  26	  50	  70	  30	 517	1417643	1417958	   0	 170	
 641	 642	  30	   1	 322	   3	   1	   9	  17	  27	  50	  70	  30	 338	1419638	1419960	   0	 180	
 642	 643	  50	   4	 544	   1	   2	  10	  17	  27	  50	  70	  30	 354	1421616	1422160	   0	 180	
 643	 644	  70	   1	 361	   2	   1	  10	  18	  27	  50	  70	  30	 379	1423827	1424188	   0	 190	
 644	 645	  30	   2	 374	   3	   1	  10	  18	  28	  50	  70	  30	 567	1426054	1426428	   0	 180	
 645	 646	  70	   4	 427	   2	   2	  10	  19	  28	  50	  70	  30	 648	1428381	1428808	   0	 180	
 646	 647	  50	   1	 250	   1	   1	  11	  19	  28	  50	  70	  30	 632	1430742	1430992	   0	 190	
 647	 648	  30	   2	 523	   3	   1	  11	  19	  29	  50	  70	  30	 334	1432637	1433160	   0	 180	
 648	 649	  50	   4	 678	   1	   2	  12	  19	  29	  50	  70	  30	 679	1435130	1435808	   0	 180	
 649	 650	  30	   1	 412	   3	   1	  12	  19	  30	  50	  70	  30	 310	1437424	1437836	   0	 190	
 650	 651	  70	   4	 618	   2	   2	  12	  20	  30	  50	  70	  30	 371	1439518	1440136	   0	 190	
 651	 652	  30	   2	 524	   3	   1	  12	  20	   1	  50	  70	  30	 389	1441862	1442386	   0	 180	
 652	 653	  50	   2	 289	   1	   1	  13	  20	   1	  50	  70	  30	 434	1444123	1444412	   0	 170	
 653	 654	  70	   2	 491	   2	   1	  13	  21	   1	  50	  70	  30	 435	1446151	1446642	   0	 160	
 654	 655	  50	   1	 342	   1	   1	  14	  21	   1	  50	  70	  30	 558	1448494	1448836	   0	 170	
 655	 656	  70	   3	 377	   2	   2	  14	  22	   1	  50	  70	  30	 336	1450472	1450849	   0	 170	
 656	 657	  30	   2	 296	   3	   1	  14	  22	   2	  50	  70	  30	 337	1452484	1452780	   0	 160	
 657	 658	  50	   3	 296	   1	   2	  15	  22	   2	  50	  70	  30	 612	1454694	1454990	   0	 160	
 658	 659	  30	   2	 313	   3	   1	  15	  22	   3	  50	  70	  30	 484	1456789	1457102	   0	 150	
 659	 660	  70	   1	 302	   2	   1	  15	  23	   3	  50	  70	  30	 586	1459000	1459302	   0	 160	
 660	 661	  30	   4	 486	   3	   2	  15	  23	   4	  50	  70	  30	 336	1460944	1461430	   0	 160	
 661	 662	  70	   1	 296	   2	   1	  15	  24	   4	  50	  70	  30	 639	1463388	1463684	   0	 170	
 662	 663	  30	   1	 285	   3	   1	  15	  24	   5	  50	  70	  30	 596	1465599	1465884	   0	 180	
 663	 664	  70	   1	 415	   2	   1	  15	  25	   5	  50	  70	  30	 620	1467809	1468224	   0	 190	
 664	 665	  50	   2	 388	   1	   1	  16	  25	   5	  50	  70	  30	 586	1470120	1470508	   0	 180	
 665	 666	  30	   2	 291	   3	   1	  16	  25	   6	  50	  70	  30	 538	1472347	1472638	   0	 170	
 666	 667	  70	   3	 274	   2	   2	  16	  26	   6	  50	  70	  30	 462	1474392	1474666	   0	 170	
 667	 668	  30	   3	 238	   3	   2	  16	  26	   7	  50	  70	  30	 692	1476652	1476890	   0	 170	
 668	 669	  50	   1	 236	   1	   1	  17	  26	   7	  50	  70	  30	 442	1478630	1478866	   0	 180	
 669	 670	  70	   4	 368	   2	   2	  17	  27	   7	  50	  70	  30	 477	1480642	1481010	   0	 180	
 670	 671	  50	   4	 424	   1	   2	  18	  27	   7	  50	  70	  30	 688	1483002	1483426	   0	 180	
 671	 672	  30	   4	 433	   3	   2	  18	  27	   8	  50	  70	  30	 527	1485263	1485696	   0	 180	
 672	 673	  70	   1	 307	   2	   1	  18	  28	   8	  50	  70	  30	 673	1487673	1487980	   0	 190	
 673	 674	  30	   2	 307	   3	   1	  18	  28	   9	  50	  70	  30	 495	1489767	1490074	   0	 180	
 674	 675	  50	   1	 310	   1	   1	  19	  28	   9	  50	  70	  30	 550	1491928	1492238	   0	 190	
 675	 676	  70	   1	 317	   2	   1	  19	  29	   9	  50	  70	  30	 666	1494205	1494522	   0	 200	
 676	 677	  30	   1	 363	   3	   1	  19	  29	  10	  50	  70	  30	 507	1496333	1496696	   0	 210	
 677	 678	  50	   4	 174	   1	   2	  20	  29	  10	  50	  70	  30	 483	1498494	1498668	   0	 210	
 678	 679	  70	   2	 257	   2	   1	  20	  30	  10	  50	  70	  30	 543	1500505	1500762	   0	 200	
 679	 680	  50	   1	 291	   1	   1	  21	  30	  10	  50	  70	  30	 355	1502417	1502708	   0	 210	
 680	 681	  30	   4	 192	   3	   2	  21	  30	  11	  50	  70	  30	 359	1504362	1504554	   0	 210	
 681	 682	  50	   1	 132	   1	   1	  22	  30	  11	  50	  70	  30	 686	1506556	1506688	   0	 220	
 682	 683	  30	   2	 262	   3	   1	  22	  30	  12	  50	  70	  30	 582	1508584	1508846	   0	 210	
 683	 684	  50	   1	 209	   1	   1	  23	  30	  12	  50	  70	  30	 605	1510761	1510970	   0	 220	
 684	 685	  70	   3	 220	   2	   2	  23	  31	  12	  50	  70	  30	 547	1512822	1513042	   0	 220	
 685	 686	  50	   2	 253	   1	   1	  24	  31	  12	  50	  70	  30	 575	1514917	1515170	   0	 210	
 686	 687	  70	   1	 270	   2	   1	  24	  32	  12	  50	  70	  30	 509	1516978	1517248	   0	 220	
 687	 688	  50	   2	 314	   1	   1	  25	  32	  12	  50	  70	  30	 356	1518906	1519220	   0	 210	
 688	 689	  30	   4	 324	   3	   2	  25	  32	  13	  50	  70	  30	 311	1520834	1521158	   0	 210	
 689	 690	  50	   4	 308	   1	   2	  26	  32	  13	  50	  70	  30	 563	1523028	1523336	   0	 210	
 690	 691	  30	   2	 584	   3	   1	  26	  32	  14	  50	  70	  30	 565	1525206	1525790	   0	 200	
 691	 692	  70	   1	 352	   2	   1	  26	  33	  14	  50	  70	  30	 606	1527716	1528068	   0	 210	
 692	 693	  30	   1	 515	   3	   1	  26	  33	  15	  50	  70	  30	 356	1529727	1530242	   0	 220	
 693	 694	  50	   2	 315	   1	   1	  27	  33	  15	  50	  70	  30	 642	1532187	1532502	   0	 210	
 694	 695	  70	   2	 556	   2	   1	  27	  34	  15	  50	  70	  30	 693	1534498	1535054	   0	 200	
 695	 696	  30	   2	 451	   3	   1	  27	  34	  16	  50	  70	  30	 416	1536775	1537226	   0	 190	
 696	 697	  50	   1	 337	   1	   1	  28	  34	  16	  50	  70	  30	 326	1538853	1539190	   0	 200	
 697	 698	  30	   2	 279	   3	   1	  28	  34	  17	  50	  70	  30	 576	1541063	1541342	   0	 190	
 698	 699	  50	   4	 367	   1	   2	  29	  34	  17	  50	  70	  30	 660	1543291	1543658	   0	 190	
 699	 700	  30	   2	 478	   3	   1	  29	  34	  18	  50	  70	  30	 675	1545634	1546112	   0	 180	
 700	 701	  70	   3	 483	   2	   2	  29	  35	  18	  50	  70	  30	 364	1547779	1548262	   0	 180	
 701	 702	  30	   1	 368	   3	   1	  29	  35	  19	  50	  70	  30	 322	1549906	1550274	   0	 190	
 702	 703	  50	   3	 678	   1	   2	  30	  35	  19	  50	  70	  30	 342	1551918	1552596	   0	 190	
 703	 704	  30	   1	 458	   3	   1	  30	  35	  20	  50	  70	  30	 632	1554544	1555002	   0	 200	
 704	 705	  50	   2	 598	   1	   1	  31	  35	  20	  50	  70	  30	 389	1556688	1557286	   0	 190	
 705	 706	  70	   1	 597	   2	   1	  31	   1	  20	  50	  70	  30	 301	1558899	1559496	   0	 200	
 706	 707	  50	   2	 441	   1	   1	  32	   1	  20	  50	  70	  30	 431	1561243	1561684	   0	 190	
 707	 708	  30	   1	 442	   3	   1	  32	   1	  21	  50	  70	  30	 332	1563320	1563762	   0	 200	
 708	 709	  50	   1	 362	   1	   1	  33	   1	  21	  50	  70	  30	 650	1565714	1566076	   0	 210	
 709	 710	  30	   4	 554	   3	   2	  33	   1	  22	  50	  70	  30	 465	1567858	1568412	   0	 210	
 710	 711	  70	   1	 420	   2	   1	  33	   2	  22	  50	  70	  30	 316	1570036	1570456	   0	 220	
 711	 712	  50	   2	 560	   1	   1	   1	   2	  22	  50	  70	  30	 309	1572080	1572640	   0	 210	
