Version: 1	Number of symbols: 3	Pictures exchange: true	Response Deadline: 2000
Trial_No	Virt_Trial_No	Prob_Shown	Feedback	RT	Stimulus_No	Resp	SymbolA_Stage	SymbolB_Stage	SymbolC_Stage	Prob_A	Prob_B	Prob_C	Jitter	StimOnset	RespOnset	Symbol_Changes	Bonus_sum
   1	   1	  30	   2	1416	   1	   1	   1	   0	   0	  30	  70	  50	 532	2033	3449	   0	 -10	
   2	   2	  50	   2	 728	   3	   1	   1	   0	   1	  30	  70	  50	 445	5201	5929	   0	 -20	
   3	   3	  30	   4	 669	   1	   2	   2	   0	   1	  30	  70	  50	 643	7868	8537	   0	 -20	
   4	   4	  50	   3	 403	   3	   2	   2	   0	   2	  30	  70	  50	 646	10486	10889	   0	 -20	
   5	   5	  70	   1	1176	   2	   1	   2	   1	   2	  30	  70	  50	 547	12753	13929	   0	 -10	
   6	   6	  30	   4	 630	   1	   2	   3	   1	   2	  30	  70	  50	 359	15587	16217	   0	 -10	
   7	   7	  50	   4	 715	   3	   2	   3	   1	   3	  30	  70	  50	 346	17854	18569	   0	 -10	
   8	   8	  70	   1	 354	   2	   1	   3	   2	   3	  30	  70	  50	 571	20455	20809	   0	   0	
   9	   9	  50	   4	 604	   3	   2	   3	   2	   4	  30	  70	  50	 466	22589	23193	   0	   0	
  10	  10	  30	   3	 712	   1	   2	   4	   2	   4	  30	  70	  50	 574	25073	25785	   0	   0	
  11	  11	  50	   3	 608	   3	   2	   4	   2	   5	  30	  70	  50	 549	27657	28265	   0	   0	
  12	  12	  70	   1	 542	   2	   1	   4	   3	   5	  30	  70	  50	 501	30075	30617	   0	  10	
  13	  13	  50	   4	 889	   3	   2	   4	   3	   6	  30	  70	  50	 659	32575	33464	   0	  10	
  14	  14	  70	   2	 577	   2	   1	   4	   4	   6	  30	  70	  50	 370	35143	35720	   0	   0	
  15	  15	  50	   1	 855	   3	   1	   4	   4	   7	  30	  70	  50	 354	37377	38232	   0	  10	
  16	  16	  30	   3	 658	   1	   2	   5	   4	   7	  30	  70	  50	 363	39894	40552	   0	  10	
  17	  17	  70	   2	 568	   2	   1	   5	   5	   7	  30	  70	  50	 650	42512	43080	   0	   0	
  18	  18	  50	   3	 603	   3	   2	   5	   5	   8	  30	  70	  50	 436	44829	45432	   0	   0	
  19	  19	  70	   1	 636	   2	   1	   5	   6	   8	  30	  70	  50	 445	47180	47816	   0	  10	
  20	  20	  30	   4	 531	   1	   2	   6	   6	   8	  30	  70	  50	 652	49781	50312	   0	  10	
  21	  21	  50	   2	 723	   3	   1	   6	   6	   9	  30	  70	  50	 544	52181	52904	   0	   0	
  22	  22	  30	   4	 741	   1	   2	   7	   6	   9	  30	  70	  50	 301	54515	55256	   0	   0	
  23	  23	  50	   1	 575	   3	   1	   7	   6	  10	  30	  70	  50	 474	57033	57608	   0	  10	
  24	  24	  30	   4	 683	   1	   2	   8	   6	  10	  30	  70	  50	 603	59517	60200	   0	  10	
  25	  25	  70	   1	 606	   2	   1	   8	   7	  10	  30	  70	  50	 329	61834	62440	   0	  20	
  26	  26	  50	   3	 511	   3	   2	   8	   7	  11	  30	  70	  50	 433	64185	64696	   0	  20	
  27	  27	  30	   4	 533	   1	   2	   9	   7	  11	  30	  70	  50	 444	66435	66968	   0	  20	
  28	  28	  50	   4	 519	   3	   2	   9	   7	  12	  30	  70	  50	 497	68769	69288	   0	  20	
  29	  29	  70	   1	 404	   2	   1	   9	   8	  12	  30	  70	  50	 625	71220	71624	   0	  30	
  30	  30	  50	   3	 739	   3	   2	   9	   8	  13	  30	  70	  50	 695	73621	74360	   0	  30	
  31	  31	  70	   1	 776	   2	   1	   9	   9	  13	  30	  70	  50	 603	76288	77064	   0	  40	
  32	  32	  50	   3	 549	   3	   2	   9	   9	  14	  30	  70	  50	 366	78739	79288	   0	  40	
  33	  33	  30	   3	 580	   1	   2	  10	   9	  14	  30	  70	  50	 531	81140	81720	   0	  40	
  34	  34	  70	   2	 520	   2	   1	  10	  10	  14	  30	  70	  50	 418	83440	83960	   0	  30	
  35	  35	  30	   4	 502	   1	   2	  11	  10	  14	  30	  70	  50	 591	85858	86360	   0	  30	
  36	  36	  70	   1	 587	   2	   1	  11	  11	  14	  30	  70	  50	 435	88108	88695	   0	  40	
  37	  37	  50	   4	 683	   3	   2	  11	  11	  15	  30	  70	  50	 476	90476	91159	   0	  40	
  38	  38	  30	   3	 582	   1	   2	  12	  11	  15	  30	  70	  50	 498	92977	93559	   0	  40	
  39	  39	  70	   2	 609	   2	   1	  12	  12	  15	  30	  70	  50	 630	95494	96103	   0	  30	
  40	  40	  30	   4	 628	   1	   2	  13	  12	  15	  30	  70	  50	 381	97795	98423	   0	  30	
  41	  41	  50	   1	 398	   3	   1	  13	  12	  16	  30	  70	  50	 594	100329	100727	   0	  40	
  42	  42	  70	   1	 945	   2	   1	  13	  13	  16	  30	  70	  50	 611	102646	103591	   0	  50	
  43	  43	  30	   4	 468	   1	   2	  14	  13	  16	  30	  70	  50	 464	105347	105815	   0	  50	
  44	  44	  70	   1	 611	   2	   1	  14	  14	  16	  30	  70	  50	 638	107764	108375	   0	  60	
  45	  45	  50	   4	 473	   3	   2	  14	  14	  17	  30	  70	  50	 322	109998	110471	   0	  60	
  46	  46	  30	   4	 535	   1	   2	  15	  14	  17	  30	  70	  50	 653	112432	112967	   0	  60	
  47	  47	  70	   1	 534	   2	   1	  15	  15	  17	  30	  70	  50	 561	114833	115367	   0	  70	
  48	  48	  30	   3	 610	   1	   2	  16	  15	  17	  30	  70	  50	 637	117317	117927	   0	  70	
  49	  49	  70	   2	 586	   2	   1	  16	  16	  17	  30	  70	  50	 676	119901	120487	   0	  60	
  50	  50	  30	   4	 830	   1	   2	  17	  16	  17	  30	  70	  50	 367	122169	122999	   0	  60	
  51	  51	  70	   1	 570	   2	   1	  17	  17	  17	  30	  70	  50	 363	124669	125239	   0	  70	
  52	  52	  30	   4	 584	   1	   2	  18	  17	  17	  30	  70	  50	 536	127087	127671	   0	  70	
  53	  53	  70	   1	 632	   2	   1	  18	  18	  17	  30	  70	  50	 489	129471	130103	   0	  80	
  54	  54	  30	   3	 469	   1	   2	  19	  18	  17	  30	  70	  50	 518	131938	132407	   0	  80	
  55	  55	  70	   2	 520	   2	   1	  19	  19	  17	  30	  70	  50	 535	134255	134775	   0	  70	
  56	  56	  50	   4	 554	   3	   2	  19	  19	  18	  30	  70	  50	 482	136573	137127	   0	  70	
  57	  57	  30	   4	 619	   1	   2	  20	  19	  18	  30	  70	  50	 504	138940	139559	   0	  70	
  58	  58	  70	   1	 588	   2	   1	  20	  20	  18	  30	  70	  50	 447	141307	141895	   0	  80	
  59	  59	  50	   1	 780	   3	   1	  20	  20	  19	  30	  70	  50	 454	143658	144438	   0	  90	
  60	  60	  30	   4	 455	   1	   2	  21	  20	  19	  30	  70	  50	 404	146159	146614	   0	  90	
  61	  61	  50	   4	1033	   3	   2	  21	  20	  20	  30	  70	  50	 560	148493	149526	   0	  90	
  62	  62	  70	   1	 840	   2	   1	  21	  21	  20	  30	  70	  50	 476	151310	152150	   0	 100	
  63	  63	  50	   4	 467	   3	   2	  21	  21	  21	  30	  70	  50	 356	153811	154278	   0	 100	
  64	  64	  70	   2	1240	   2	   1	  21	  22	  21	  30	  70	  50	 468	156062	157302	   0	  90	
  65	  65	  50	   3	 810	   3	   2	  21	  22	  22	  30	  70	  50	 589	159196	160006	   0	  90	
  66	  66	  30	   3	 738	   1	   2	  22	  22	  22	  30	  70	  50	 449	161764	162502	   0	  90	
  67	  67	  70	   1	 518	   2	   1	  22	  23	  22	  30	  70	  50	 644	164448	164966	   0	 100	
  68	  68	  30	   4	 801	   1	   2	  23	  23	  22	  30	  70	  50	 697	166965	167766	   0	 100	
  69	  69	  50	   2	 624	   3	   1	  23	  23	  23	  30	  70	  50	 312	169382	170006	   0	  90	
  70	  70	  70	   1	 636	   2	   1	  23	  24	  23	  30	  70	  50	 558	171866	172502	   0	 100	
  71	  71	  50	   2	 680	   3	   1	  23	  24	  24	  30	  70	  50	 513	174334	175014	   0	  90	
  72	  72	  70	   1	 491	   2	   1	  23	  25	  24	  30	  70	  50	 339	176651	177142	   0	 100	
  73	  73	  50	   1	 440	   3	   1	  23	  25	  25	  30	  70	  50	 660	179102	179542	   0	 110	
  74	  74	  70	   2	 412	   2	   1	  23	  26	  25	  30	  70	  50	 538	181386	181798	   0	 100	
  75	  75	  50	   4	 945	   3	   2	  23	  26	  26	  30	  70	  50	 564	183653	184598	   0	 100	
  76	  76	  70	   1	 395	   2	   1	  23	  27	  26	  30	  70	  50	 688	186587	186982	   0	 110	
  77	  77	  50	   3	 816	   3	   2	  23	  27	  27	  30	  70	  50	 553	188838	189654	   0	 110	
  78	  78	  70	   1	 524	   2	   1	  23	  28	  27	  30	  70	  50	 343	191306	191830	   0	 120	
  79	  79	  50	   3	 544	   3	   2	  23	  28	  28	  30	  70	  50	 473	193606	194150	   0	 120	
  80	  80	  30	   4	 554	   1	   2	  24	  28	  28	  30	  70	  50	 681	196140	196694	   0	 120	
  81	  81	  70	   2	 618	   2	   1	  24	  29	  28	  30	  70	  50	 496	198508	199126	   0	 110	
  82	  82	  30	   4	 579	   1	   2	  25	  29	  28	  30	  70	  50	 612	201042	201621	   0	 110	
  83	  83	  50	   4	 722	   3	   2	  25	  29	  29	  30	  70	  50	 532	203459	204181	   0	 110	
  84	  84	  30	   3	 710	   1	   2	  26	  29	  29	  30	  70	  50	 631	206127	206837	   0	 110	
  85	  85	  70	   1	 564	   2	   1	  26	  30	  29	  30	  70	  50	 445	208577	209141	   0	 120	
  86	  86	  50	   3	 525	   3	   2	  26	  30	  30	  30	  70	  50	 676	211128	211653	   0	 120	
  87	  87	  70	   1	 647	   2	   1	  26	  31	  30	  30	  70	  50	 311	213262	213909	   0	 130	
  88	  88	  30	   2	 844	   3	   1	  26	  31	   1	  30	  70	  30	 637	215913	216757	   3	 120	
  89	  89	  30	   4	 564	   1	   2	  27	  31	   1	  30	  70	  30	 436	218497	219061	   0	 120	
  90	  90	  70	   2	 716	   2	   1	  27	  32	   1	  30	  70	  30	 699	221081	221797	   0	 110	
  91	  91	  30	   3	 765	   3	   2	  27	  32	   2	  30	  70	  30	 302	223432	224197	   0	 110	
  92	  92	  70	   1	 782	   2	   1	  27	  33	   2	  30	  70	  30	 696	226199	226981	   0	 120	
  93	  93	  30	   4	 438	   1	   2	  28	  33	   2	  30	  70	  30	 494	228783	229221	   0	 120	
  94	  94	  30	   4	 548	   3	   2	  28	  33	   3	  30	  70	  30	 683	231217	231765	   0	 120	
  95	  95	  30	   3	 728	   1	   2	  29	  33	   3	  30	  70	  30	 403	233485	234213	   0	 120	
  96	  96	  20	   2	1073	   2	   1	  29	   1	   3	  30	  20	  30	 529	236052	237125	   2	 110	
  97	  97	  30	   4	 650	   1	   2	  30	   1	   3	  30	  20	  30	 576	239003	239653	   0	 110	
  98	  98	  30	   4	 604	   3	   2	  30	   1	   4	  30	  20	  30	 373	241337	241941	   0	 110	
  99	  99	  30	   4	 549	   1	   2	  31	   1	   4	  30	  20	  30	 658	243904	244453	   0	 110	
 100	 100	  30	   4	 536	   3	   2	  31	   1	   5	  30	  20	  30	 444	246205	246741	   0	 110	
 101	 101	  20	   4	 825	   2	   2	  31	   2	   5	  30	  20	  30	 491	248556	249381	   0	 110	
 102	 102	  30	   3	 394	   1	   2	  32	   2	   5	  30	  20	  30	 635	251323	251717	   0	 110	
 103	 103	  20	   3	 340	   2	   2	  32	   3	   5	  30	  20	  30	 445	253457	253797	   0	 110	
 104	 104	  30	   3	 593	   3	   2	  32	   3	   6	  30	  20	  30	 388	255491	256084	   0	 110	
 105	 105	  20	   4	 494	   2	   2	  32	   4	   6	  30	  20	  30	 553	257942	258436	   0	 110	
 106	 106	  30	   4	 528	   3	   2	  32	   4	   7	  30	  20	  30	 535	260276	260804	   0	 110	
 107	 107	  20	   4	 329	   2	   2	  32	   5	   7	  30	  20	  30	 327	262427	262756	   0	 110	
 108	 108	  30	   4	 380	   3	   2	  32	   5	   8	  30	  20	  30	 307	264360	264740	   0	 110	
 109	 109	  20	   3	 250	   2	   2	  32	   6	   8	  30	  20	  30	 339	266378	266628	   0	 110	
 110	 110	  30	   4	 400	   1	   2	  33	   6	   8	  30	  20	  30	 682	268628	269028	   0	 110	
 111	 111	  30	   4	 538	   3	   2	  33	   6	   9	  30	  20	  30	 383	270746	271284	   0	 110	
 112	 112	  20	   4	 424	   2	   2	  33	   7	   9	  30	  20	  30	 582	273180	273604	   0	 110	
 113	 113	  30	   3	 441	   3	   2	  33	   7	  10	  30	  20	  30	 635	275547	275988	   0	 110	
 114	 114	  30	   4	 474	   1	   2	  34	   7	  10	  30	  20	  30	 626	277914	278388	   0	 110	
 115	 115	  30	   3	 382	   3	   2	  34	   7	  11	  30	  20	  30	 506	280198	280580	   0	 110	
 116	 116	  30	   4	 342	   1	   2	  35	   7	  11	  30	  20	  30	 496	282382	282724	   0	 110	
 117	 117	  30	   4	 433	   3	   2	  35	   7	  12	  30	  20	  30	 464	284483	284916	   0	 110	
 118	 118	  80	   1	 723	   1	   1	   1	   7	  12	  80	  20	  30	 516	286817	287540	   1	 120	
 119	 119	  30	   4	 422	   3	   2	   1	   7	  13	  80	  20	  30	 671	289518	289940	   0	 120	
 120	 120	  20	   4	 965	   2	   2	   1	   8	  13	  80	  20	  30	 667	291919	292884	   0	 120	
 121	 121	  80	   1	 387	   1	   1	   2	   8	  13	  80	  20	  30	 540	294753	295140	   0	 130	
 122	 122	  30	   4	 437	   3	   2	   2	   8	  14	  80	  20	  30	 635	297087	297524	   0	 130	
 123	 123	  80	   2	 651	   1	   1	   3	   8	  14	  80	  20	  30	 511	299337	299988	   0	 120	
 124	 124	  30	   3	 438	   3	   2	   3	   8	  15	  80	  20	  30	 537	301838	302276	   0	 120	
 125	 125	  80	   1	 557	   1	   1	   4	   8	  15	  80	  20	  30	 453	304039	304596	   0	 130	
 126	 126	  30	   4	 512	   3	   2	   4	   8	  16	  80	  20	  30	 457	306356	306868	   0	 130	
 127	 127	  80	   3	 504	   1	   2	   5	   8	  16	  80	  20	  30	 377	308540	309044	   0	 130	
 128	 128	  30	   4	1022	   3	   2	   5	   8	  17	  80	  20	  30	 416	310774	311796	   0	 130	
 129	 129	  20	   4	 681	   2	   2	   5	   9	  17	  80	  20	  30	 535	313642	314323	   0	 130	
 130	 130	  80	   2	 398	   1	   1	   6	   9	  17	  80	  20	  30	 676	316309	316707	   0	 120	
 131	 131	  30	   4	 511	   3	   2	   6	   9	  18	  80	  20	  30	 643	318676	319187	   0	 120	
 132	 132	  80	   1	 555	   1	   1	   7	   9	  18	  80	  20	  30	 666	321160	321715	   0	 130	
 133	 133	  30	   3	 544	   3	   2	   7	   9	  19	  80	  20	  30	 387	323411	323955	   0	 130	
 134	 134	  80	   1	 448	   1	   1	   8	   9	  19	  80	  20	  30	 518	325779	326227	   0	 140	
 135	 135	  20	   4	 594	   2	   2	   8	  10	  19	  80	  20	  30	 566	328113	328707	   0	 140	
 136	 136	  80	   1	 501	   1	   1	   9	  10	  19	  80	  20	  30	 427	330430	330931	   0	 150	
 137	 137	  20	   3	 840	   2	   2	   9	  11	  19	  80	  20	  30	 484	332731	333571	   0	 150	
 138	 138	  80	   1	 471	   1	   1	  10	  11	  19	  80	  20	  30	 669	335548	336019	   0	 160	
 139	 139	  20	   4	 548	   2	   2	  10	  12	  19	  80	  20	  30	 678	337999	338547	   0	 160	
 140	 140	  30	   4	 592	   3	   2	  10	  12	  20	  80	  20	  30	 625	340483	341075	   0	 160	
 141	 141	  80	   2	 569	   1	   1	  11	  12	  20	  80	  20	  30	 657	343050	343619	   0	 150	
 142	 142	  30	   3	 467	   3	   2	  11	  12	  21	  80	  20	  30	 656	345584	346051	   0	 150	
 143	 143	  20	   4	 577	   2	   2	  11	  13	  21	  80	  20	  30	 653	348018	348595	   0	 150	
 144	 144	  80	   1	 455	   1	   1	  12	  13	  21	  80	  20	  30	 345	350236	350691	   0	 160	
 145	 145	  30	   4	 773	   3	   2	  12	  13	  22	  80	  20	  30	 673	352670	353443	   0	 160	
 146	 146	  20	   4	 647	   2	   2	  12	  14	  22	  80	  20	  30	 661	355404	356051	   0	 160	
 147	 147	  30	   4	 560	   3	   2	  12	  14	  23	  80	  20	  30	 616	357971	358531	   0	 160	
 148	 148	  20	   4	 441	   2	   2	  12	  15	  23	  80	  20	  30	 685	360522	360963	   0	 160	
 149	 149	  80	   1	 532	   1	   1	  13	  15	  23	  80	  20	  30	 379	362639	363171	   0	 170	
 150	 150	  20	   4	 508	   2	   2	  13	  16	  23	  80	  20	  30	 320	364807	365315	   0	 170	
 151	 151	  80	   1	 602	   1	   1	  14	  16	  23	  80	  20	  30	 627	367257	367859	   0	 180	
 152	 152	  20	   4	 464	   2	   2	  14	  17	  23	  80	  20	  30	 689	369858	370322	   0	 180	
 153	 153	  30	   4	 523	   3	   2	  14	  17	  24	  80	  20	  30	 320	371959	372482	   0	 180	
 154	 154	  20	   3	 548	   2	   2	  14	  18	  24	  80	  20	  30	 337	374126	374674	   0	 180	
 155	 155	  80	   1	 513	   1	   1	  15	  18	  24	  80	  20	  30	 599	376593	377106	   0	 190	
 156	 156	  30	   4	 510	   3	   2	  15	  18	  25	  80	  20	  30	 630	379028	379538	   0	 190	
 157	 157	  80	   1	 565	   1	   1	  16	  18	  25	  80	  20	  30	 411	381245	381810	   0	 200	
 158	 158	  20	   4	1080	   2	   2	  16	  19	  25	  80	  20	  30	 429	383546	384626	   0	 200	
 159	 159	  30	   4	 529	   3	   2	  16	  19	  26	  80	  20	  30	 568	386513	387042	   0	 200	
 160	 160	  80	   1	 480	   1	   1	  17	  19	  26	  80	  20	  30	 573	388914	389394	   0	 210	
 161	 161	  20	   4	 499	   2	   2	  17	  20	  26	  80	  20	  30	 498	391231	391730	   0	 210	
 162	 162	  30	   3	 479	   3	   2	  17	  20	  27	  80	  20	  30	 652	393699	394178	   0	 210	
 163	 163	  80	   2	 432	   1	   1	  18	  20	  27	  80	  20	  30	 593	396066	396498	   0	 200	
 164	 164	  30	   4	 447	   3	   2	  18	  20	  28	  80	  20	  30	 666	398483	398930	   0	 200	
 165	 165	  20	   4	 493	   2	   2	  18	  21	  28	  80	  20	  30	 670	400901	401394	   0	 200	
 166	 166	  30	   4	 481	   3	   2	  18	  21	  29	  80	  20	  30	 486	403185	403666	   0	 200	
 167	 167	  80	   1	 494	   1	   1	  19	  21	  29	  80	  20	  30	 680	405652	406146	   0	 210	
 168	 168	  30	   3	 381	   3	   2	  19	  21	  30	  80	  20	  30	 600	408053	408434	   0	 210	
 169	 169	  20	   4	 430	   2	   2	  19	  22	  30	  80	  20	  30	 668	410420	410850	   0	 210	
 170	 170	  30	   4	 825	   3	   2	  19	  22	  31	  80	  20	  30	 387	412537	413362	   0	 210	
 171	 171	  80	   1	 444	   1	   1	  20	  22	  31	  80	  20	  30	 531	415222	415666	   0	 220	
 172	 172	  30	   4	 426	   3	   2	  20	  22	  32	  80	  20	  30	 683	417656	418082	   0	 220	
 173	 173	  20	   3	 558	   2	   2	  20	  23	  32	  80	  20	  30	 575	419956	420514	   0	 220	
 174	 174	  80	   1	 679	   1	   1	  21	  23	  32	  80	  20	  30	 693	422507	423186	   0	 230	
 175	 175	  30	   4	 683	   3	   2	  21	  23	  33	  80	  20	  30	 675	425158	425841	   0	 230	
 176	 176	  80	   1	 456	   1	   1	  22	  23	  33	  80	  20	  30	 472	427625	428081	   0	 240	
 177	 177	  30	   3	 455	   3	   2	  22	  23	  34	  80	  20	  30	 633	430026	430481	   0	 240	
 178	 178	  80	   2	 374	   1	   1	  23	  23	  34	  80	  20	  30	 646	432427	432801	   0	 230	
 179	 179	  30	   4	 408	   3	   2	  23	  23	  35	  80	  20	  30	 667	434777	435185	   0	 230	
 180	 180	  20	   4	 500	   2	   2	  23	  24	  35	  80	  20	  30	 360	436845	437345	   0	 230	
 181	 181	  70	   1	1076	   3	   1	  23	  24	   1	  80	  20	  70	 525	439229	440305	   3	 240	
 182	 182	  20	   3	 654	   2	   2	  23	  25	   1	  80	  20	  70	 580	442179	442833	   0	 240	
 183	 183	  80	   1	 519	   1	   1	  24	  25	   1	  80	  20	  70	 593	444730	445249	   0	 250	
 184	 184	  70	   2	 506	   3	   1	  24	  25	   2	  80	  20	  70	 478	447031	447537	   0	 240	
 185	 185	  20	   4	 629	   2	   2	  24	  26	   2	  80	  20	  70	 312	449148	449777	   0	 240	
 186	 186	  70	   1	 657	   3	   1	  24	  26	   3	  80	  20	  70	 561	451632	452289	   0	 250	
 187	 187	  20	   4	 535	   2	   2	  24	  27	   3	  80	  20	  70	 674	454266	454801	   0	 250	
 188	 188	  70	   2	 511	   3	   1	  24	  27	   4	  80	  20	  70	 327	456434	456945	   0	 240	
 189	 189	  20	   4	 719	   2	   2	  24	  28	   4	  80	  20	  70	 571	458818	459537	   0	 240	
 190	 190	  80	   2	 408	   1	   1	  25	  28	   4	  80	  20	  70	 542	461385	461793	   0	 230	
 191	 191	  70	   1	 595	   3	   1	  25	  28	   5	  80	  20	  70	 386	463502	464097	   0	 240	
 192	 192	  80	   1	 499	   1	   1	  26	  28	   5	  80	  20	  70	 473	465870	466369	   0	 250	
 193	 193	  20	   4	 594	   2	   2	  26	  29	   5	  80	  20	  70	 594	468271	468865	   0	 250	
 194	 194	  70	   3	 409	   3	   2	  26	  29	   6	  80	  20	  70	 321	470488	470897	   0	 250	
 195	 195	  20	   4	 557	   2	   2	  26	  30	   6	  80	  20	  70	 566	472772	473329	   0	 250	
 196	 196	  70	   3	1119	   3	   2	  26	  30	   7	  80	  20	  70	 473	475106	476225	   0	 250	
 197	 197	  80	   1	 520	   1	   1	  27	  30	   7	  80	  20	  70	 527	478057	478577	   0	 260	
 198	 198	  50	   1	1029	   2	   1	  27	   1	   7	  80	  50	  70	 589	480491	481520	   2	 270	
 199	 199	  70	   2	 726	   3	   1	  27	   1	   8	  80	  50	  70	 420	483242	483968	   0	 260	
 200	 200	  50	   2	 432	   2	   1	  27	   2	   8	  80	  50	  70	 507	485776	486208	   0	 250	
 201	 201	  80	   1	 591	   1	   1	  28	   2	   8	  80	  50	  70	 660	488193	488784	   0	 260	
 202	 202	  70	   1	 788	   3	   1	  28	   2	   9	  80	  50	  70	 363	490444	491232	   0	 270	
 203	 203	  50	   1	1126	   2	   1	  28	   3	   9	  80	  50	  70	 634	493178	494304	   0	 280	
 204	 204	  70	   3	1210	   3	   2	  28	   3	  10	  80	  50	  70	 659	496262	497472	   0	 280	
 205	 205	  50	   2	 717	   2	   1	  28	   4	  10	  80	  50	  70	 589	499363	500080	   0	 270	
 206	 206	  70	   2	 679	   3	   1	  28	   4	  11	  80	  50	  70	 508	501897	502576	   0	 260	
 207	 207	  50	   2	 598	   2	   1	  28	   5	  11	  80	  50	  70	 430	504298	504896	   0	 250	
 208	 208	  80	   1	 545	   1	   1	  29	   5	  11	  80	  50	  70	 581	506799	507344	   0	 260	
 209	 209	  50	   3	 971	   2	   2	  29	   6	  11	  80	  50	  70	 302	508949	509920	   0	 260	
 210	 210	  80	   1	 570	   1	   1	  30	   6	  11	  80	  50	  70	 523	511750	512320	   0	 270	
 211	 211	  70	   2	 950	   3	   1	  30	   6	  12	  80	  50	  70	 590	514234	515184	   0	 260	
 212	 212	  50	   3	 516	   2	   2	  30	   7	  12	  80	  50	  70	 557	517052	517568	   0	 260	
 213	 213	  80	   1	 565	   1	   1	  31	   7	  12	  80	  50	  70	 544	519419	519984	   0	 270	
 214	 214	  70	   3	 749	   3	   2	  31	   7	  13	  80	  50	  70	 308	521603	522352	   0	 270	
 215	 215	  80	   1	 566	   1	   1	  32	   7	  13	  80	  50	  70	 514	524170	524736	   0	 280	
 216	 216	  70	   3	 991	   3	   2	  32	   7	  14	  80	  50	  70	 671	526721	527712	   0	 280	
 217	 217	  50	   4	 963	   2	   2	  32	   8	  14	  80	  50	  70	 375	529389	530352	   0	 280	
 218	 218	  80	   1	 433	   1	   1	  33	   8	  14	  80	  50	  70	 593	532239	532672	   0	 290	
 219	 219	  50	   4	 978	   2	   2	  33	   9	  14	  80	  50	  70	 606	534590	535568	   0	 290	
 220	 220	  20	   4	1170	   1	   2	   1	   9	  14	  20	  50	  70	 436	537341	538511	   1	 290	
 221	 221	  70	   3	1595	   3	   2	   1	   9	  15	  20	  50	  70	 457	540292	541887	   0	 290	
 222	 222	  50	   3	1613	   2	   2	   1	  10	  15	  20	  50	  70	 644	543826	545439	   0	 290	
 223	 223	  70	   3	 889	   3	   2	   1	  10	  16	  20	  50	  70	 375	547110	547999	   0	 290	
 224	 224	  20	   4	 623	   1	   2	   2	  10	  16	  20	  50	  70	 418	549728	550351	   0	 290	
 225	 225	  50	   2	 760	   2	   1	   2	  11	  16	  20	  50	  70	 641	552295	553055	   0	 280	
 226	 226	  70	   2	 534	   3	   1	   2	  11	  17	  20	  50	  70	 369	554729	555263	   0	 270	
 227	 227	  20	   4	 552	   1	   2	   3	  11	  17	  20	  50	  70	 472	557047	557599	   0	 270	
 228	 228	  70	   1	 442	   3	   1	   3	  11	  18	  20	  50	  70	 491	559397	559839	   0	 280	
 229	 229	  20	   3	 621	   1	   2	   4	  11	  18	  20	  50	  70	 552	561698	562319	   0	 280	
 230	 230	  50	   1	 718	   2	   1	   4	  12	  18	  20	  50	  70	 427	564049	564767	   0	 290	
 231	 231	  70	   3	1004	   3	   2	   4	  12	  19	  20	  50	  70	 395	566483	567487	   0	 290	
 232	 232	  50	   2	1271	   2	   1	   4	  13	  19	  20	  50	  70	 586	569384	570655	   0	 280	
 233	 233	  70	   1	 584	   3	   1	   4	  13	  20	  20	  50	  70	 592	572551	573135	   0	 290	
 234	 234	  20	   4	 564	   1	   2	   5	  13	  20	  20	  50	  70	 590	575035	575599	   0	 290	
 235	 235	  70	   2	 666	   3	   1	   5	  13	  21	  20	  50	  70	 372	577269	577935	   0	 280	
 236	 236	  20	   4	 500	   1	   2	   6	  13	  21	  20	  50	  70	 556	579803	580303	   0	 280	
 237	 237	  50	   4	 453	   2	   2	   6	  14	  21	  20	  50	  70	 536	582154	582607	   0	 280	
 238	 238	  70	   1	 408	   3	   1	   6	  14	  22	  20	  50	  70	 560	584471	584879	   0	 290	
 239	 239	  50	   3	 763	   2	   2	   6	  15	  22	  20	  50	  70	 585	586772	587535	   0	 290	
 240	 240	  70	   1	 774	   3	   1	   6	  15	  23	  20	  50	  70	 447	589273	590047	   0	 300	
 241	 241	  50	   3	 595	   2	   2	   6	  16	  23	  20	  50	  70	 358	591724	592319	   0	 300	
 242	 242	  20	   3	 560	   1	   2	   7	  16	  23	  20	  50	  70	 552	594174	594734	   0	 300	
 243	 243	  50	   4	1006	   2	   2	   7	  17	  23	  20	  50	  70	 563	596592	597598	   0	 300	
 244	 244	  20	   4	 612	   1	   2	   8	  17	  23	  20	  50	  70	 334	599242	599854	   0	 300	
 245	 245	  70	   1	 589	   3	   1	   8	  17	  24	  20	  50	  70	 645	601793	602382	   0	 310	
 246	 246	  50	   3	 475	   2	   2	   8	  18	  24	  20	  50	  70	 529	604211	604686	   0	 310	
 247	 247	  20	   4	 586	   1	   2	   9	  18	  24	  20	  50	  70	 639	606628	607214	   0	 310	
 248	 248	  50	   2	 984	   2	   1	   9	  19	  24	  20	  50	  70	 540	609062	610046	   0	 300	
 249	 249	  70	   1	 509	   3	   1	   9	  19	  25	  20	  50	  70	 365	611729	612238	   0	 310	
 250	 250	  20	   4	 515	   1	   2	  10	  19	  25	  20	  50	  70	 414	613963	614478	   0	 310	
 251	 251	  70	   2	1163	   3	   1	  10	  19	  26	  20	  50	  70	 335	616147	617310	   0	 300	
 252	 252	  50	   1	 446	   2	   1	  10	  20	  26	  20	  50	  70	 633	619248	619694	   0	 310	
 253	 253	  20	   4	 507	   1	   2	  11	  20	  26	  20	  50	  70	 700	621699	622206	   0	 310	
 254	 254	  70	   1	 771	   3	   1	  11	  20	  27	  20	  50	  70	 367	623883	624654	   0	 320	
 255	 255	  50	   3	 489	   2	   2	  11	  21	  27	  20	  50	  70	 552	626517	627006	   0	 320	
 256	 256	  70	   3	1012	   3	   2	  11	  21	  28	  20	  50	  70	 324	628634	629646	   0	 320	
 257	 257	  50	   2	 813	   2	   1	  11	  22	  28	  20	  50	  70	 633	631585	632398	   0	 310	
 258	 258	  70	   2	 821	   3	   1	  11	  22	  29	  20	  50	  70	 448	634153	634974	   0	 300	
 259	 259	  50	   2	 611	   2	   1	  11	  23	  29	  20	  50	  70	 324	636603	637214	   0	 290	
 260	 260	  70	   1	 445	   3	   1	  11	  23	  30	  20	  50	  70	 602	639121	639566	   0	 300	
 261	 261	  20	   4	 448	   1	   2	  12	  23	  30	  20	  50	  70	 533	641422	641870	   0	 300	
 262	 262	  50	   2	 898	   3	   1	  12	  23	   1	  20	  50	  50	 521	643772	644670	   3	 290	
 263	 263	  50	   2	 796	   2	   1	  12	  24	   1	  20	  50	  50	 311	646290	647086	   0	 280	
 264	 264	  20	   4	 584	   1	   2	  13	  24	   1	  20	  50	  50	 388	648774	649358	   0	 280	
 265	 265	  50	   4	1019	   3	   2	  13	  24	   2	  20	  50	  50	 395	651058	652077	   0	 280	
 266	 266	  50	   1	 854	   2	   1	  13	  25	   2	  20	  50	  50	 578	653959	654813	   0	 290	
 267	 267	  50	   3	 546	   3	   2	  13	  25	   3	  20	  50	  50	 341	656459	657005	   0	 290	
 268	 268	  50	   1	1014	   2	   1	  13	  26	   3	  20	  50	  50	 421	658727	659741	   0	 300	
 269	 269	  20	   3	 612	   1	   2	  14	  26	   3	  20	  50	  50	 516	661577	662189	   0	 300	
 270	 270	  50	   4	 632	   2	   2	  14	  27	   3	  20	  50	  50	 378	663861	664493	   0	 300	
 271	 271	  50	   4	 368	   3	   2	  14	  27	   4	  20	  50	  50	 614	666429	666797	   0	 300	
 272	 272	  50	   1	1424	   2	   1	  14	  28	   4	  20	  50	  50	 326	668429	669853	   0	 310	
 273	 273	  50	   3	 444	   3	   2	  14	  28	   5	  20	  50	  50	 538	671697	672141	   0	 310	
 274	 274	  50	   4	 564	   2	   2	  14	  29	   5	  20	  50	  50	 445	673881	674445	   0	 310	
 275	 275	  20	   4	 479	   1	   2	  15	  29	   5	  20	  50	  50	 623	676382	676861	   0	 310	
 276	 276	  50	   3	 450	   3	   2	  15	  29	   6	  20	  50	  50	 519	678683	679133	   0	 310	
 277	 277	  50	   3	 383	   2	   2	  15	  30	   6	  20	  50	  50	 315	680766	681149	   0	 310	
 278	 278	  20	   3	 559	   1	   2	  16	  30	   6	  20	  50	  50	 674	683134	683693	   0	 310	
 279	 279	  50	   2	 381	   3	   1	  16	  30	   7	  20	  50	  50	 573	685568	685949	   0	 300	
 280	 280	  20	   4	 672	   1	   2	  17	  30	   7	  20	  50	  50	 618	687885	688557	   0	 300	
 281	 281	  50	   2	 740	   3	   1	  17	  30	   8	  20	  50	  50	 684	690569	691309	   0	 290	
 282	 282	  20	   4	 479	   1	   2	  18	  30	   8	  20	  50	  50	 456	693070	693549	   0	 290	
 283	 283	  50	   3	 434	   3	   2	  18	  30	   9	  20	  50	  50	 533	695387	695821	   0	 290	
 284	 284	  50	   1	 824	   2	   1	  18	  31	   9	  20	  50	  50	 485	697621	698445	   0	 300	
 285	 285	  20	   4	 514	   1	   2	  19	  31	   9	  20	  50	  50	 383	700139	700653	   0	 300	
 286	 286	  50	   4	 499	   2	   2	  19	  32	   9	  20	  50	  50	 538	702506	703005	   0	 300	
 287	 287	  20	   4	 446	   1	   2	  20	  32	   9	  20	  50	  50	 306	704623	705069	   0	 300	
 288	 288	  50	   3	 595	   3	   2	  20	  32	  10	  20	  50	  50	 486	706857	707452	   0	 300	
 289	 289	  20	   4	 516	   1	   2	  21	  32	  10	  20	  50	  50	 462	709208	709724	   0	 300	
 290	 290	  50	   3	 427	   3	   2	  21	  32	  11	  20	  50	  50	 384	711425	711852	   0	 300	
 291	 291	  50	   3	 417	   2	   2	  21	  33	  11	  20	  50	  50	 495	713659	714076	   0	 300	
 292	 292	  50	   3	1191	   3	   2	  21	  33	  12	  20	  50	  50	 496	715877	717068	   0	 300	
 293	 293	  20	   2	1178	   2	   1	  21	   1	  12	  20	  20	  50	 435	718994	720172	   2	 290	
 294	 294	  50	   2	1225	   3	   1	  21	   1	  13	  20	  20	  50	 320	721795	723020	   0	 280	
 295	 295	  20	   3	 438	   1	   2	  22	   1	  13	  20	  20	  50	 324	724646	725084	   0	 280	
 296	 296	  20	   4	1053	   2	   2	  22	   2	  13	  20	  20	  50	 471	726863	727916	   0	 280	
 297	 297	  20	   4	 804	   1	   2	  23	   2	  13	  20	  20	  50	 646	729864	730668	   0	 280	
 298	 298	  20	   4	 874	   2	   2	  23	   3	  13	  20	  20	  50	 499	732482	733356	   0	 280	
 299	 299	  20	   4	 523	   1	   2	  24	   3	  13	  20	  20	  50	 580	735233	735756	   0	 280	
 300	 300	  20	   4	 461	   2	   2	  24	   4	  13	  20	  20	  50	 525	737583	738044	   0	 280	
 301	 301	  50	   1	 730	   3	   1	  24	   4	  14	  20	  20	  50	 673	740034	740764	   0	 290	
 302	 302	  20	   3	 457	   2	   2	  24	   5	  14	  20	  20	  50	 387	742451	742908	   0	 290	
 303	 303	  50	   1	 633	   3	   1	  24	   5	  15	  20	  20	  50	 608	744819	745452	   0	 300	
 304	 304	  20	   4	 473	   2	   2	  24	   6	  15	  20	  20	  50	 452	747219	747692	   0	 300	
 305	 305	  20	   4	 596	   1	   2	  25	   6	  15	  20	  20	  50	 319	749320	749916	   0	 300	
 306	 306	  50	   4	 473	   3	   2	  25	   6	  16	  20	  20	  50	 362	751571	752044	   0	 300	
 307	 307	  20	   4	 527	   1	   2	  26	   6	  16	  20	  20	  50	 478	753821	754348	   0	 300	
 308	 308	  50	   2	 947	   3	   1	  26	   6	  17	  20	  20	  50	 463	756105	757052	   0	 290	
 309	 309	  20	   4	 373	   1	   2	  27	   6	  17	  20	  20	  50	 475	758823	759196	   0	 290	
 310	 310	  50	   3	 628	   3	   2	  27	   6	  18	  20	  20	  50	 345	760840	761468	   0	 290	
 311	 311	  20	   3	 505	   1	   2	  28	   6	  18	  20	  20	  50	 692	763474	763979	   0	 290	
 312	 312	  50	   4	 858	   3	   2	  28	   6	  19	  20	  20	  50	 546	765825	766683	   0	 290	
 313	 313	  20	   4	 401	   2	   2	  28	   7	  19	  20	  20	  50	 447	768426	768827	   0	 290	
 314	 314	  50	   4	 561	   3	   2	  28	   7	  20	  20	  20	  50	 697	770826	771387	   0	 290	
 315	 315	  20	   4	 357	   2	   2	  28	   8	  20	  20	  20	  50	 416	773110	773467	   0	 290	
 316	 316	  20	   4	 520	   1	   2	  29	   8	  20	  20	  20	  50	 644	775411	775931	   0	 290	
 317	 317	  20	   3	 269	   2	   2	  29	   9	  20	  20	  20	  50	 422	777662	777931	   0	 290	
 318	 318	  50	   4	 238	   3	   2	  29	   9	  21	  20	  20	  50	 384	779629	779867	   0	 290	
 319	 319	  20	   4	 447	   2	   2	  29	  10	  21	  20	  20	  50	 425	781596	782043	   0	 290	
 320	 320	  20	   4	 317	   1	   2	  30	  10	  21	  20	  20	  50	 666	784030	784347	   0	 290	
 321	 321	  50	   3	 289	   3	   2	  30	  10	  22	  20	  20	  50	 636	786314	786603	   0	 290	
 322	 322	  20	   4	 642	   1	   2	  31	  10	  22	  20	  20	  50	 352	788265	788907	   0	 290	
 323	 323	  50	   4	1032	   3	   2	  31	  10	  23	  20	  20	  50	 312	790515	791547	   0	 290	
 324	 324	  20	   4	 355	   1	   2	  32	  10	  23	  20	  20	  50	 559	793416	793771	   0	 290	
 325	 325	  20	   4	 409	   2	   2	  32	  11	  23	  20	  20	  50	 562	795634	796043	   0	 290	
 326	 326	  20	   3	 379	   1	   2	  33	  11	  23	  20	  20	  50	 616	797968	798347	   0	 290	
 327	 327	  50	   3	 451	   3	   2	  33	  11	  24	  20	  20	  50	 501	800152	800603	   0	 290	
 328	 328	  20	   4	 369	   2	   2	  33	  12	  24	  20	  20	  50	 688	802602	802971	   0	 290	
 329	 329	  50	   3	 574	   3	   2	  33	  12	  25	  20	  20	  50	 367	804653	805227	   0	 290	
 330	 330	  20	   4	 355	   2	   2	  33	  13	  25	  20	  20	  50	 369	806904	807259	   0	 290	
 331	 331	  20	   4	 426	   1	   2	  34	  13	  25	  20	  20	  50	 537	809121	809547	   0	 290	
 332	 332	  20	   4	 605	   2	   2	  34	  14	  25	  20	  20	  50	 578	811422	812027	   0	 290	
 333	 333	  50	   4	 608	   3	   2	  34	  14	  26	  20	  20	  50	 401	813739	814347	   0	 290	
 334	 334	  20	   4	 356	   1	   2	  35	  14	  26	  20	  20	  50	 365	816023	816379	   0	 290	
 335	 335	  20	   4	 319	   2	   2	  35	  15	  26	  20	  20	  50	 435	818124	818443	   0	 290	
 336	 336	  50	   3	 510	   3	   2	  35	  15	  27	  20	  20	  50	 360	820108	820618	   0	 290	
 337	 337	  80	   1	1076	   1	   1	   1	  15	  27	  80	  20	  50	 373	822358	823434	   1	 300	
 338	 338	  20	   4	 419	   2	   2	   1	  16	  27	  80	  20	  50	 426	825159	825578	   0	 300	
 339	 339	  80	   1	 378	   1	   1	   2	  16	  27	  80	  20	  50	 496	827376	827754	   0	 310	
 340	 340	  20	   4	 392	   2	   2	   2	  17	  27	  80	  20	  50	 343	829394	829786	   0	 310	
 341	 341	  80	   1	 354	   1	   1	   3	  17	  27	  80	  20	  50	 425	831528	831882	   0	 320	
 342	 342	  50	   3	 605	   3	   2	   3	  17	  28	  80	  20	  50	 464	833645	834250	   0	 320	
 343	 343	  80	   1	 384	   1	   1	   4	  17	  28	  80	  20	  50	 400	835962	836346	   0	 330	
 344	 344	  20	   3	 441	   2	   2	   4	  18	  28	  80	  20	  50	 476	838129	838570	   0	 330	
 345	 345	  50	   4	 597	   3	   2	   4	  18	  29	  80	  20	  50	 343	840213	840810	   0	 330	
 346	 346	  20	   3	 517	   2	   2	   4	  19	  29	  80	  20	  50	 459	842581	843098	   0	 330	
 347	 347	  80	   2	 442	   1	   1	   5	  19	  29	  80	  20	  50	 432	844848	845290	   0	 320	
 348	 348	  20	   4	 493	   2	   2	   5	  20	  29	  80	  20	  50	 571	847165	847658	   0	 320	
 349	 349	  50	   4	 671	   3	   2	   5	  20	  30	  80	  20	  50	 528	849483	850154	   0	 320	
 350	 350	  80	   1	 537	   1	   1	   6	  20	  30	  80	  20	  50	 557	852017	852554	   0	 330	
 351	 351	  50	   4	 408	   3	   2	   6	  20	  31	  80	  20	  50	 557	854434	854842	   0	 330	
 352	 352	  80	   1	 441	   1	   1	   7	  20	  31	  80	  20	  50	 644	856785	857226	   0	 340	
 353	 353	  50	   4	 404	   3	   2	   7	  20	  32	  80	  20	  50	 376	858902	859306	   0	 340	
 354	 354	  80	   1	 461	   1	   1	   8	  20	  32	  80	  20	  50	 441	861053	861514	   0	 350	
 355	 355	  20	   3	 426	   2	   2	   8	  21	  32	  80	  20	  50	 304	863120	863546	   0	 350	
 356	 356	  80	   2	 608	   1	   1	   9	  21	  32	  80	  20	  50	 505	865354	865962	   0	 340	
 357	 357	  50	   3	 470	   3	   2	   9	  21	  33	  80	  20	  50	 324	867588	868058	   0	 340	
 358	 358	  20	   4	 453	   2	   2	   9	  22	  33	  80	  20	  50	 628	869989	870442	   0	 340	
 359	 359	  70	   1	1021	   3	   1	   9	  22	   1	  80	  20	  70	 396	872173	873194	   3	 350	
 360	 360	  20	   4	 478	   2	   2	   9	  23	   1	  80	  20	  70	 402	874907	875385	   0	 350	
 361	 361	  80	   1	 541	   1	   1	  10	  23	   1	  80	  20	  70	 628	877324	877865	   0	 360	
 362	 362	  20	   4	 686	   2	   2	  10	  24	   1	  80	  20	  70	 502	879675	880361	   0	 360	
 363	 363	  70	   4	 503	   3	   2	  10	  24	   2	  80	  20	  70	 550	882226	882729	   0	 360	
 364	 364	  80	   1	 419	   1	   1	  11	  24	   2	  80	  20	  70	 669	884710	885129	   0	 370	
 365	 365	  70	   4	 398	   3	   2	  11	  24	   3	  80	  20	  70	 373	886811	887209	   0	 370	
 366	 366	  20	   4	 414	   2	   2	  11	  25	   3	  80	  20	  70	 684	889211	889625	   0	 370	
 367	 367	  70	   3	 854	   3	   2	  11	  25	   4	  80	  20	  70	 442	891379	892233	   0	 370	
 368	 368	  20	   4	 792	   2	   2	  11	  26	   4	  80	  20	  70	 583	894129	894921	   0	 370	
 369	 369	  80	   1	 904	   1	   1	  12	  26	   4	  80	  20	  70	 691	896913	897817	   0	 380	
 370	 370	  70	   3	 437	   3	   2	  12	  26	   5	  80	  20	  70	 623	899748	900185	   0	 380	
 371	 371	  20	   3	 369	   2	   2	  12	  27	   5	  80	  20	  70	 318	901832	902201	   0	 380	
 372	 372	  70	   3	 362	   3	   2	  12	  27	   6	  80	  20	  70	 492	903999	904361	   0	 380	
 373	 373	  80	   1	 667	   1	   1	  13	  27	   6	  80	  20	  70	 692	906350	907017	   0	 390	
 374	 374	  70	   4	 547	   3	   2	  13	  27	   7	  80	  20	  70	 621	908950	909497	   0	 390	
 375	 375	  80	   1	 523	   1	   1	  14	  27	   7	  80	  20	  70	 344	911134	911657	   0	 400	
 376	 376	  70	   3	 517	   3	   2	  14	  27	   8	  80	  20	  70	 309	913268	913785	   0	 400	
 377	 377	  20	   4	 659	   2	   2	  14	  28	   8	  80	  20	  70	 601	915702	916361	   0	 400	
 378	 378	  80	   1	 507	   1	   1	  15	  28	   8	  80	  20	  70	 620	918286	918793	   0	 410	
 379	 379	  70	   3	 944	   3	   2	  15	  28	   9	  80	  20	  70	 441	920537	921481	   0	 410	
 380	 380	  80	   1	 937	   1	   1	  16	  28	   9	  80	  20	  70	 300	923088	924025	   0	 420	
 381	 381	  70	   3	 951	   3	   2	  16	  28	  10	  80	  20	  70	 568	925922	926873	   0	 420	
 382	 382	  80	   1	 493	   1	   1	  17	  28	  10	  80	  20	  70	 371	928556	929049	   0	 430	
 383	 383	  20	   4	 466	   2	   2	  17	  29	  10	  80	  20	  70	 445	930790	931256	   0	 430	
 384	 384	  80	   2	 493	   1	   1	  18	  29	  10	  80	  20	  70	 344	932907	933400	   0	 420	
 385	 385	  70	   4	 566	   3	   2	  18	  29	  11	  80	  20	  70	 361	935058	935624	   0	 420	
 386	 386	  80	   2	 607	   1	   1	  19	  29	  11	  80	  20	  70	 693	937625	938232	   0	 410	
 387	 387	  20	   4	 475	   2	   2	  19	  30	  11	  80	  20	  70	 554	940093	940568	   0	 410	
 388	 388	  70	   3	 919	   3	   2	  19	  30	  12	  80	  20	  70	 313	942177	943096	   0	 410	
 389	 389	  20	   4	 582	   2	   2	  19	  31	  12	  80	  20	  70	 587	944994	945576	   0	 410	
 390	 390	  70	   3	 670	   3	   2	  19	  31	  13	  80	  20	  70	 685	947578	948248	   0	 410	
 391	 391	  80	   1	 401	   1	   1	  20	  31	  13	  80	  20	  70	 301	949879	950280	   0	 420	
 392	 392	  70	   4	 460	   3	   2	  20	  31	  14	  80	  20	  70	 395	951980	952440	   0	 420	
 393	 393	  20	   4	 778	   2	   2	  20	  32	  14	  80	  20	  70	 665	954414	955192	   0	 420	
 394	 394	  70	   3	 642	   3	   2	  20	  32	  15	  80	  20	  70	 503	956998	957640	   0	 420	
 395	 395	  20	   3	 519	   2	   2	  20	  33	  15	  80	  20	  70	 325	959265	959784	   0	 420	
 396	 396	  70	   3	 774	   3	   2	  20	  33	  16	  80	  20	  70	 574	961666	962440	   0	 420	
 397	 397	  80	   4	 444	   1	   2	  21	  33	  16	  80	  20	  70	 549	964300	964744	   0	 420	
 398	 398	  70	   4	 683	   3	   2	  21	  33	  17	  80	  20	  70	 672	966717	967400	   0	 420	
 399	 399	  20	   4	 494	   2	   2	  21	  34	  17	  80	  20	  70	 700	969418	969912	   0	 420	
 400	 400	  80	   1	 635	   1	   1	  22	  34	  17	  80	  20	  70	 664	971869	972504	   0	 430	
 401	 401	  20	   4	 470	   2	   2	  22	  35	  17	  80	  20	  70	 531	974370	974840	   0	 430	
 402	 402	  80	   1	 498	   1	   1	  23	  35	  17	  80	  20	  70	 303	976454	976952	   0	 440	
 403	 403	  80	   3	 947	   2	   2	  23	   1	  17	  80	  80	  70	 515	978821	979768	   2	 440	
 404	 404	  80	   1	 567	   1	   1	  24	   1	  17	  80	  80	  70	 434	981505	982072	   0	 450	
 405	 405	  80	   3	 488	   2	   2	  24	   2	  17	  80	  80	  70	 471	983856	984344	   0	 450	
 406	 406	  80	   1	 439	   1	   1	  25	   2	  17	  80	  80	  70	 624	986273	986712	   0	 460	
 407	 407	  80	   1	 404	   2	   1	  25	   3	  17	  80	  80	  70	 677	988691	989095	   0	 470	
 408	 408	  80	   1	 391	   1	   1	  26	   3	  17	  80	  80	  70	 608	991008	991399	   0	 480	
 409	 409	  80	   2	 352	   2	   1	  26	   4	  17	  80	  80	  70	 480	993175	993527	   0	 470	
 410	 410	  80	   2	 395	   1	   1	  27	   4	  17	  80	  80	  70	 444	995276	995671	   0	 460	
 411	 411	  80	   1	 416	   2	   1	  27	   5	  17	  80	  80	  70	 558	997543	997959	   0	 470	
 412	 412	  80	   1	 385	   1	   1	  28	   5	  17	  80	  80	  70	 620	999894	1000279	   0	 480	
 413	 413	  80	   1	 381	   2	   1	  28	   6	  17	  80	  80	  70	 403	1001994	1002375	   0	 490	
 414	 414	  80	   1	 453	   1	   1	  29	   6	  17	  80	  80	  70	 489	1004178	1004631	   0	 500	
 415	 415	  80	   1	 390	   2	   1	  29	   7	  17	  80	  80	  70	 595	1006529	1006919	   0	 510	
 416	 416	  80	   1	 377	   1	   1	  30	   7	  17	  80	  80	  70	 605	1008830	1009207	   0	 520	
 417	 417	  70	   3	 617	   3	   2	  30	   7	  18	  80	  80	  70	 329	1010830	1011447	   0	 520	
 418	 418	  80	   1	 503	   2	   1	  30	   8	  18	  80	  80	  70	 501	1013264	1013767	   0	 530	
 419	 419	  30	   4	1127	   1	   2	   1	   8	  18	  30	  80	  70	 546	1015632	1016759	   1	 530	
 420	 420	  80	   2	 550	   2	   1	   1	   9	  18	  30	  80	  70	 381	1018449	1018999	   0	 520	
 421	 421	  70	   3	 534	   3	   2	   1	   9	  19	  30	  80	  70	 513	1020833	1021367	   0	 520	
 422	 422	  80	   1	 439	   2	   1	   1	  10	  19	  30	  80	  70	 514	1023184	1023623	   0	 530	
 423	 423	  30	   3	 526	   1	   2	   2	  10	  19	  30	  80	  70	 452	1025385	1025911	   0	 530	
 424	 424	  70	   3	 520	   3	   2	   2	  10	  20	  30	  80	  70	 324	1027535	1028055	   0	 530	
 425	 425	  80	   2	 614	   2	   1	   2	  11	  20	  30	  80	  70	 585	1029953	1030567	   0	 520	
 426	 426	  30	   3	 692	   1	   2	   3	  11	  20	  30	  80	  70	 508	1032387	1033079	   0	 520	
 427	 427	  70	   3	 569	   3	   2	   3	  11	  21	  30	  80	  70	 669	1035054	1035623	   0	 520	
 428	 428	  80	   1	 727	   2	   1	   3	  12	  21	  30	  80	  70	 543	1037472	1038199	   0	 530	
 429	 429	  30	   4	 497	   1	   2	   4	  12	  21	  30	  80	  70	 506	1040006	1040503	   0	 530	
 430	 430	  70	   4	 573	   3	   2	   4	  12	  22	  30	  80	  70	 692	1042490	1043063	   0	 530	
 431	 431	  80	   1	 775	   2	   1	   4	  13	  22	  30	  80	  70	 628	1045007	1045782	   0	 540	
 432	 432	  70	   4	 589	   3	   2	   4	  13	  23	  30	  80	  70	 542	1047625	1048214	   0	 540	
 433	 433	  80	   1	 537	   2	   1	   4	  14	  23	  30	  80	  70	 591	1050109	1050646	   0	 550	
 434	 434	  70	   3	 557	   3	   2	   4	  14	  24	  30	  80	  70	 440	1052393	1052950	   0	 550	
 435	 435	  80	   1	 448	   2	   1	   4	  15	  24	  30	  80	  70	 453	1054710	1055158	   0	 560	
 436	 436	  70	   3	 486	   3	   2	   4	  15	  25	  30	  80	  70	 479	1056944	1057430	   0	 560	
 437	 437	  30	   4	 495	   1	   2	   5	  15	  25	  30	  80	  70	 372	1059111	1059606	   0	 560	
 438	 438	  70	   3	 617	   3	   2	   5	  15	  26	  30	  80	  70	 320	1061229	1061846	   0	 560	
 439	 439	  30	   4	 451	   1	   2	   6	  15	  26	  30	  80	  70	 627	1063779	1064230	   0	 560	
 440	 440	  70	   3	 583	   3	   2	   6	  15	  27	  30	  80	  70	 504	1066047	1066630	   0	 560	
 441	 441	  80	   1	 589	   2	   1	   6	  16	  27	  30	  80	  70	 329	1068281	1068870	   0	 570	
 442	 442	  70	   2	 375	   3	   1	   6	  16	  28	  30	  80	  70	 633	1070815	1071190	   0	 560	
 443	 443	  30	   3	 471	   1	   2	   7	  16	  28	  30	  80	  70	 328	1072815	1073286	   0	 560	
 444	 444	  80	   1	 388	   2	   1	   7	  17	  28	  30	  80	  70	 665	1075266	1075654	   0	 570	
 445	 445	  30	   4	 587	   1	   2	   8	  17	  28	  30	  80	  70	 499	1077467	1078054	   0	 570	
 446	 446	  80	   2	 542	   2	   1	   8	  18	  28	  30	  80	  70	 425	1079784	1080326	   0	 560	
 447	 447	  30	   4	 565	   1	   2	   9	  18	  28	  30	  80	  70	 357	1081985	1082550	   0	 560	
 448	 448	  80	   1	 604	   2	   1	   9	  19	  28	  30	  80	  70	 342	1084202	1084806	   0	 570	
 449	 449	  30	   4	 534	   1	   2	  10	  19	  28	  30	  80	  70	 617	1086736	1087270	   0	 570	
 450	 450	  70	   1	 633	   3	   1	  10	  19	  29	  30	  80	  70	 465	1089053	1089686	   0	 580	
 451	 451	  30	   3	 487	   1	   2	  11	  19	  29	  30	  80	  70	 479	1091487	1091974	   0	 580	
 452	 452	  80	   1	 530	   2	   1	  11	  20	  29	  30	  80	  70	 689	1093972	1094502	   0	 590	
 453	 453	  70	   1	 517	   3	   1	  11	  20	  30	  30	  80	  70	 491	1096289	1096806	   0	 600	
 454	 454	  80	   1	 624	   2	   1	  11	  21	  30	  30	  80	  70	 682	1098806	1099430	   0	 610	
 455	 455	  30	   4	 526	   1	   2	  12	  21	  30	  30	  80	  70	 469	1101207	1101733	   0	 610	
 456	 456	  80	   1	 625	   2	   1	  12	  22	  30	  30	  80	  70	 485	1103524	1104149	   0	 620	
 457	 457	  70	   1	1066	   3	   1	  12	  22	  31	  30	  80	  70	 630	1106075	1107141	   0	 630	
 458	 458	  30	   4	 484	   1	   2	  13	  22	  31	  30	  80	  70	 564	1109009	1109493	   0	 630	
 459	 459	  70	   3	 931	   3	   2	  13	  22	  32	  30	  80	  70	 607	1111410	1112341	   0	 630	
 460	 460	  30	   3	 587	   1	   2	  14	  22	  32	  30	  80	  70	 344	1113994	1114581	   0	 630	
 461	 461	  80	   1	 446	   2	   1	  14	  23	  32	  30	  80	  70	 385	1116295	1116741	   0	 640	
 462	 462	  70	   1	 402	   3	   1	  14	  23	  33	  30	  80	  70	 560	1118595	1118997	   0	 650	
 463	 463	  30	   4	 741	   1	   2	  15	  23	  33	  30	  80	  70	 588	1120896	1121637	   0	 650	
 464	 464	  80	   1	 443	   2	   1	  15	  24	  33	  30	  80	  70	 579	1123514	1123957	   0	 660	
 465	 465	  30	   4	 578	   1	   2	  16	  24	  33	  30	  80	  70	 465	1125731	1126309	   0	 660	
 466	 466	  70	   2	 569	   3	   1	  16	  24	  34	  30	  80	  70	 326	1127932	1128501	   0	 650	
 467	 467	  80	   2	 489	   2	   1	  16	  25	  34	  30	  80	  70	 503	1130316	1130805	   0	 640	
 468	 468	  70	   1	 391	   3	   1	  16	  25	  35	  30	  80	  70	 653	1132766	1133157	   0	 650	
 469	 469	  30	   3	 509	   1	   2	  17	  25	  35	  30	  80	  70	 516	1134984	1135493	   0	 650	
 470	 470	  80	   1	 519	   2	   1	  17	  26	  35	  30	  80	  70	 340	1137134	1137653	   0	 660	
 471	 471	  30	   4	 603	   1	   2	  18	  26	  35	  30	  80	  70	 446	1139418	1140021	   0	 660	
 472	 472	  50	   4	1152	   3	   2	  18	  26	   1	  30	  80	  50	 308	1141669	1142821	   3	 660	
 473	 473	  30	   4	 639	   1	   2	  19	  26	   1	  30	  80	  50	 337	1144470	1145109	   0	 660	
 474	 474	  80	   1	 697	   2	   1	  19	  27	   1	  30	  80	  50	 591	1147004	1147701	   0	 670	
 475	 475	  30	   4	 560	   1	   2	  20	  27	   1	  30	  80	  50	 606	1149605	1150165	   0	 670	
 476	 476	  50	   3	 656	   3	   2	  20	  27	   2	  30	  80	  50	 516	1151989	1152645	   0	 670	
 477	 477	  80	   1	 581	   2	   1	  20	  28	   2	  30	  80	  50	 302	1154256	1154837	   0	 680	
 478	 478	  50	   4	 568	   3	   2	  20	  28	   3	  30	  80	  50	 429	1156573	1157141	   0	 680	
 479	 479	  80	   2	 588	   2	   1	  20	  29	   3	  30	  80	  50	 368	1158824	1159412	   0	 670	
 480	 480	  30	   4	 450	   1	   2	  21	  29	   3	  30	  80	  50	 347	1161058	1161508	   0	 670	
 481	 481	  50	   4	 443	   3	   2	  21	  29	   4	  30	  80	  50	 367	1163209	1163652	   0	 670	
 482	 482	  80	   1	 684	   2	   1	  21	  30	   4	  30	  80	  50	 629	1165576	1166260	   0	 680	
 483	 483	  50	   3	 563	   3	   2	  21	  30	   5	  30	  80	  50	 618	1168193	1168756	   0	 680	
 484	 484	  20	   1	 876	   2	   1	  21	   1	   5	  30	  20	  50	 573	1170744	1171620	   2	 690	
 485	 485	  30	   3	 496	   1	   2	  22	   1	   5	  30	  20	  50	 482	1173412	1173908	   0	 690	
 486	 486	  20	   2	 366	   2	   1	  22	   2	   5	  30	  20	  50	 619	1175846	1176212	   0	 680	
 487	 487	  50	   3	 578	   3	   2	  22	   2	   6	  30	  20	  50	 629	1178146	1178724	   0	 680	
 488	 488	  20	   2	 574	   2	   1	  22	   3	   6	  30	  20	  50	 591	1180614	1181188	   0	 670	
 489	 489	  30	   3	 562	   1	   2	  23	   3	   6	  30	  20	  50	 400	1182898	1183460	   0	 670	
 490	 490	  50	   1	 406	   3	   1	  23	   3	   7	  30	  20	  50	 426	1185182	1185588	   0	 680	
 491	 491	  30	   4	 614	   1	   2	  24	   3	   7	  30	  20	  50	 625	1187566	1188180	   0	 680	
 492	 492	  50	   1	 684	   3	   1	  24	   3	   8	  30	  20	  50	 699	1190200	1190884	   0	 690	
 493	 493	  20	   3	 823	   2	   2	  24	   4	   8	  30	  20	  50	 509	1192701	1193524	   0	 690	
 494	 494	  50	   2	 603	   3	   1	  24	   4	   9	  30	  20	  50	 572	1195401	1196004	   0	 680	
 495	 495	  30	   4	 542	   1	   2	  25	   4	   9	  30	  20	  50	 395	1197702	1198244	   0	 680	
 496	 496	  20	   4	 865	   2	   2	  25	   5	   9	  30	  20	  50	 462	1200003	1200868	   0	 680	
 497	 497	  50	   2	 372	   3	   1	  25	   5	  10	  30	  20	  50	 515	1202704	1203076	   0	 670	
 498	 498	  30	   4	 516	   1	   2	  26	   5	  10	  30	  20	  50	 311	1204688	1205204	   0	 670	
 499	 499	  50	   1	 937	   3	   1	  26	   5	  11	  30	  20	  50	 435	1206955	1207892	   0	 680	
 500	 500	  30	   4	 581	   1	   2	  27	   5	  11	  30	  20	  50	 634	1209839	1210420	   0	 680	
 501	 501	  50	   4	 956	   3	   2	  27	   5	  12	  30	  20	  50	 300	1212056	1213012	   0	 680	
 502	 502	  20	   4	 847	   2	   2	  27	   6	  12	  30	  20	  50	 414	1214724	1215571	   0	 680	
 503	 503	  30	   3	 372	   1	   2	  28	   6	  12	  30	  20	  50	 483	1217375	1217747	   0	 680	
 504	 504	  50	   3	 784	   3	   2	  28	   6	  13	  30	  20	  50	 417	1219475	1220259	   0	 680	
 505	 505	  30	   4	 469	   1	   2	  29	   6	  13	  30	  20	  50	 551	1222126	1222595	   0	 680	
 506	 506	  20	   2	 828	   2	   1	  29	   7	  13	  30	  20	  50	 436	1224343	1225171	   0	 670	
 507	 507	  50	   1	1010	   3	   1	  29	   7	  14	  30	  20	  50	 485	1226961	1227971	   0	 680	
 508	 508	  20	   4	 385	   2	   2	  29	   8	  14	  30	  20	  50	 494	1229762	1230147	   0	 680	
 509	 509	  50	   2	 923	   3	   1	  29	   8	  15	  30	  20	  50	 458	1231912	1232835	   0	 670	
 510	 510	  30	   4	 607	   1	   2	  30	   8	  15	  30	  20	  50	 445	1234580	1235187	   0	 670	
 511	 511	  50	   2	1811	   3	   1	  30	   8	  16	  30	  20	  50	 364	1236864	1238675	   0	 660	
 512	 512	  30	   4	 470	   1	   2	  31	   8	  16	  30	  20	  50	 401	1240381	1240851	   0	 660	
 513	 513	  20	   4	 598	   2	   2	  31	   9	  16	  30	  20	  50	 610	1242765	1243363	   0	 660	
 514	 514	  30	   4	 538	   1	   2	  32	   9	  16	  30	  20	  50	 360	1245033	1245571	   0	 660	
 515	 515	  50	   1	 416	   3	   1	  32	   9	  17	  30	  20	  50	 412	1247283	1247699	   0	 670	
 516	 516	  30	   4	 398	   1	   2	  33	   9	  17	  30	  20	  50	 697	1249701	1250099	   0	 670	
 517	 517	  20	   4	 308	   2	   2	  33	  10	  17	  30	  20	  50	 517	1251935	1252243	   0	 670	
 518	 518	  50	   4	 286	   3	   2	  33	  10	  18	  30	  20	  50	 534	1254085	1254371	   0	 670	
 519	 519	  20	   4	 434	   2	   2	  33	  11	  18	  30	  20	  50	 697	1256369	1256803	   0	 670	
 520	 520	  80	   2	 856	   1	   1	   1	  11	  18	  80	  20	  50	 465	1258603	1259459	   1	 660	
 521	 521	  20	   4	 585	   2	   2	   1	  12	  18	  80	  20	  50	 569	1261354	1261939	   0	 660	
 522	 522	  50	   1	1013	   3	   1	   1	  12	  19	  80	  20	  50	 584	1263838	1264851	   0	 670	
 523	 523	  80	   3	 641	   1	   2	   2	  12	  19	  80	  20	  50	 553	1266706	1267347	   0	 670	
 524	 524	  50	   4	 629	   3	   2	   2	  12	  20	  80	  20	  50	 358	1269006	1269635	   0	 670	
 525	 525	  80	   1	 859	   1	   1	   3	  12	  20	  80	  20	  50	 664	1271591	1272450	   0	 680	
 526	 526	  50	   4	 526	   3	   2	   3	  12	  21	  80	  20	  50	 552	1274308	1274834	   0	 680	
 527	 527	  80	   2	 901	   1	   1	   4	  12	  21	  80	  20	  50	 385	1276525	1277426	   0	 670	
 528	 528	  50	   4	 354	   3	   2	   4	  12	  22	  80	  20	  50	 622	1279360	1279714	   0	 670	
 529	 529	  80	   1	 691	   1	   1	   5	  12	  22	  80	  20	  50	 304	1281327	1282018	   0	 680	
 530	 530	  50	   3	 501	   3	   2	   5	  12	  23	  80	  20	  50	 356	1283677	1284178	   0	 680	
 531	 531	  80	   1	 578	   1	   1	   6	  12	  23	  80	  20	  50	 625	1286128	1286706	   0	 690	
 532	 532	  50	   3	 379	   3	   2	   6	  12	  24	  80	  20	  50	 668	1288679	1289058	   0	 690	
 533	 533	  80	   1	 396	   1	   1	   7	  12	  24	  80	  20	  50	 676	1291030	1291426	   0	 700	
 534	 534	  20	   4	 698	   2	   2	   7	  13	  24	  80	  20	  50	 345	1293064	1293762	   0	 700	
 535	 535	  50	   3	 870	   3	   2	   7	  13	  25	  80	  20	  50	 496	1295564	1296434	   0	 700	
 536	 536	  20	   3	 530	   2	   2	   7	  14	  25	  80	  20	  50	 690	1298432	1298962	   0	 700	
 537	 537	  80	   1	1496	   1	   1	   8	  14	  25	  80	  20	  50	 398	1300666	1302162	   0	 710	
 538	 538	  50	   3	 988	   3	   2	   8	  14	  26	  80	  20	  50	 696	1304150	1305138	   0	 710	
 539	 539	  20	   4	 504	   2	   2	   8	  15	  26	  80	  20	  50	 594	1307034	1307538	   0	 710	
 540	 540	  50	   4	 853	   3	   2	   8	  15	  27	  80	  20	  50	 631	1309485	1310338	   0	 710	
 541	 541	  20	   3	 558	   2	   2	   8	  16	  27	  80	  20	  50	 382	1312052	1312610	   0	 710	
 542	 542	  50	   4	1075	   3	   2	   8	  16	  28	  80	  20	  50	 386	1314303	1315378	   0	 710	
 543	 543	  20	   4	 421	   2	   2	   8	  17	  28	  80	  20	  50	 349	1317037	1317458	   0	 710	
 544	 544	  80	   1	 697	   1	   1	   9	  17	  28	  80	  20	  50	 558	1319321	1320018	   0	 720	
 545	 545	  20	   4	 466	   2	   2	   9	  18	  28	  80	  20	  50	 555	1321872	1322338	   0	 720	
 546	 546	  50	   1	 703	   3	   1	   9	  18	  29	  80	  20	  50	 680	1324323	1325026	   0	 730	
 547	 547	  20	   4	 375	   2	   2	   9	  19	  29	  80	  20	  50	 547	1326874	1327249	   0	 730	
 548	 548	  80	   1	 681	   1	   1	  10	  19	  29	  80	  20	  50	 652	1329208	1329889	   0	 740	
 549	 549	  50	   4	 471	   3	   2	  10	  19	  30	  80	  20	  50	 433	1331642	1332113	   0	 740	
 550	 550	  20	   4	 399	   2	   2	  10	  20	  30	  80	  20	  50	 415	1333842	1334241	   0	 740	
 551	 551	  80	   1	 821	   1	   1	  11	  20	  30	  80	  20	  50	 498	1336076	1336897	   0	 750	
 552	 552	  20	   4	 349	   2	   2	  11	  21	  30	  80	  20	  50	 444	1338644	1338993	   0	 750	
 553	 553	  80	   3	 350	   1	   2	  12	  21	  30	  80	  20	  50	 301	1340611	1340961	   0	 750	
 554	 554	  50	   3	 660	   3	   2	  12	  21	  31	  80	  20	  50	 565	1342845	1343505	   0	 750	
 555	 555	  20	   3	 557	   2	   2	  12	  22	  31	  80	  20	  50	 598	1345412	1345969	   0	 750	
 556	 556	  50	   2	 837	   3	   1	  12	  22	  32	  80	  20	  50	 310	1347580	1348417	   0	 740	
 557	 557	  80	   1	 608	   1	   1	  13	  22	  32	  80	  20	  50	 371	1350097	1350705	   0	 750	
 558	 558	  50	   2	1085	   3	   1	  13	  22	  33	  80	  20	  50	 550	1352564	1353649	   0	 740	
 559	 559	  80	   2	 720	   1	   1	  14	  22	  33	  80	  20	  50	 313	1355265	1355985	   0	 730	
 560	 560	  30	   4	 785	   3	   2	  14	  22	   1	  80	  20	  30	 642	1358016	1358801	   3	 730	
 561	 561	  80	   1	 658	   1	   1	  15	  22	   1	  80	  20	  30	 656	1360783	1361441	   0	 740	
 562	 562	  20	   4	 518	   2	   2	  15	  23	   1	  80	  20	  30	 303	1363051	1363569	   0	 740	
 563	 563	  30	   4	 569	   3	   2	  15	  23	   2	  80	  20	  30	 490	1365368	1365937	   0	 740	
 564	 564	  20	   4	 559	   2	   2	  15	  24	   2	  80	  20	  30	 341	1367586	1368145	   0	 740	
 565	 565	  80	   2	 845	   1	   1	  16	  24	   2	  80	  20	  30	 582	1370036	1370881	   0	 730	
 566	 566	  20	   4	 402	   2	   2	  16	  25	   2	  80	  20	  30	 514	1372687	1373089	   0	 730	
 567	 567	  80	   1	 733	   1	   1	  17	  25	   2	  80	  20	  30	 390	1374788	1375521	   0	 740	
 568	 568	  30	   4	 396	   3	   2	  17	  25	   3	  80	  20	  30	 368	1377205	1377601	   0	 740	
 569	 569	  20	   4	 415	   2	   2	  17	  26	   3	  80	  20	  30	 625	1379522	1379937	   0	 740	
 570	 570	  80	   1	 746	   1	   1	  18	  26	   3	  80	  20	  30	 370	1381623	1382369	   0	 750	
 571	 571	  20	   4	 374	   2	   2	  18	  27	   3	  80	  20	  30	 410	1384090	1384464	   0	 750	
 572	 572	  80	   1	 810	   1	   1	  19	  27	   3	  80	  20	  30	 583	1386358	1387168	   0	 760	
 573	 573	  30	   4	 376	   3	   2	  19	  27	   4	  80	  20	  30	 344	1388808	1389184	   0	 760	
 574	 574	  20	   3	 447	   2	   2	  19	  28	   4	  80	  20	  30	 529	1391009	1391456	   0	 760	
 575	 575	  30	   3	 716	   3	   2	  19	  28	   5	  80	  20	  30	 699	1393476	1394192	   0	 760	
 576	 576	  20	   4	 373	   2	   2	  19	  29	   5	  80	  20	  30	 504	1396011	1396384	   0	 760	
 577	 577	  80	   1	 743	   1	   1	  20	  29	   5	  80	  20	  30	 655	1398345	1399088	   0	 770	
 578	 578	  20	   4	 387	   2	   2	  20	  30	   5	  80	  20	  30	 444	1400829	1401216	   0	 770	
 579	 579	  30	   4	 393	   3	   2	  20	  30	   6	  80	  20	  30	 562	1403079	1403472	   0	 770	
 580	 580	  20	   4	 377	   2	   2	  20	  31	   6	  80	  20	  30	 669	1405447	1405824	   0	 770	
 581	 581	  80	   1	 703	   1	   1	  21	  31	   6	  80	  20	  30	 551	1407697	1408400	   0	 780	
 582	 582	  20	   4	 453	   2	   2	  21	  32	   6	  80	  20	  30	 615	1410331	1410784	   0	 780	
 583	 583	  30	   3	 479	   3	   2	  21	  32	   7	  80	  20	  30	 364	1412449	1412928	   0	 780	
 584	 584	  20	   4	 399	   2	   2	  21	  33	   7	  80	  20	  30	 604	1414833	1415232	   0	 780	
 585	 585	  30	   4	 456	   3	   2	  21	  33	   8	  80	  20	  30	 458	1417000	1417456	   0	 780	
 586	 586	  80	   2	 677	   1	   1	  22	  33	   8	  80	  20	  30	 691	1419451	1420128	   0	 770	
 587	 587	  30	   4	 437	   3	   2	  22	  33	   9	  80	  20	  30	 400	1421835	1422272	   0	 770	
 588	 588	  80	   1	 765	   1	   1	  23	  33	   9	  80	  20	  30	 441	1424019	1424784	   0	 780	
 589	 589	  20	   4	 428	   2	   2	  23	  34	   9	  80	  20	  30	 327	1426420	1426848	   0	 780	
 590	 590	  30	   3	 388	   3	   2	  23	  34	  10	  80	  20	  30	 479	1428620	1429008	   0	 780	
 591	 591	  80	   1	 794	   1	   1	  24	  34	  10	  80	  20	  30	 521	1430854	1431648	   0	 790	
 592	 592	  20	   4	 339	   2	   2	  24	  35	  10	  80	  20	  30	 454	1433405	1433744	   0	 790	
 593	 593	  80	   1	 624	   1	   1	  25	  35	  10	  80	  20	  30	 398	1435456	1436080	   0	 800	
 594	 594	  70	   1	1256	   2	   1	  25	   1	  10	  80	  70	  30	 625	1438040	1439296	   2	 810	
 595	 595	  80	   1	 658	   1	   1	  26	   1	  10	  80	  70	  30	 350	1440957	1441615	   0	 820	
 596	 596	  30	   4	 472	   3	   2	  26	   1	  11	  80	  70	  30	 654	1443575	1444047	   0	 820	
 597	 597	  80	   1	 539	   1	   1	  27	   1	  11	  80	  70	  30	 531	1445892	1446431	   0	 830	
 598	 598	  70	   1	 636	   2	   1	  27	   2	  11	  80	  70	  30	 529	1448259	1448895	   0	 840	
 599	 599	  80	   2	 596	   1	   1	  28	   2	  11	  80	  70	  30	 625	1450827	1451423	   0	 830	
 600	 600	  30	   2	 464	   3	   1	  28	   2	  12	  80	  70	  30	 595	1453311	1453775	   0	 820	
 601	 601	  80	   1	 463	   1	   1	  29	   2	  12	  80	  70	  30	 617	1455728	1456191	   0	 830	
 602	 602	  70	   1	 528	   2	   1	  29	   3	  12	  80	  70	  30	 588	1458079	1458607	   0	 840	
 603	 603	  30	   4	 706	   3	   2	  29	   3	  13	  80	  70	  30	 510	1460413	1461119	   0	 840	
 604	 604	  70	   1	 692	   2	   1	  29	   4	  13	  80	  70	  30	 319	1462747	1463439	   0	 850	
 605	 605	  30	   4	 735	   3	   2	  29	   4	  14	  80	  70	  30	 505	1465248	1465983	   0	 850	
 606	 606	  70	   2	1532	   2	   1	  29	   5	  14	  80	  70	  30	 424	1467715	1469247	   0	 840	
 607	 607	  30	   3	 772	   3	   2	  29	   5	  15	  80	  70	  30	 521	1471083	1471855	   0	 840	
 608	 608	  70	   1	 622	   2	   1	  29	   6	  15	  80	  70	  30	 465	1473633	1474255	   0	 850	
 609	 609	  30	   4	 636	   3	   2	  29	   6	  16	  80	  70	  30	 513	1476067	1476703	   0	 850	
 610	 610	  80	   1	 387	   1	   1	  30	   6	  16	  80	  70	  30	 656	1478668	1479055	   0	 860	
 611	 611	  70	   2	 488	   2	   1	  30	   7	  16	  80	  70	  30	 522	1480919	1481407	   0	 850	
 612	 612	  30	   4	 753	   3	   2	  30	   7	  17	  80	  70	  30	 350	1483070	1483823	   0	 850	
 613	 613	  70	   1	 556	   2	   1	  30	   8	  17	  80	  70	  30	 460	1485587	1486143	   0	 860	
 614	 614	  50	   4	1062	   1	   2	   1	   8	  17	  50	  70	  30	 648	1488121	1489183	   1	 860	
 615	 615	  70	   1	 648	   2	   1	   1	   9	  17	  50	  70	  30	 379	1490855	1491503	   0	 870	
 616	 616	  30	   4	 808	   3	   2	   1	   9	  18	  50	  70	  30	 418	1493239	1494047	   0	 870	
 617	 617	  50	   4	 873	   1	   2	   2	   9	  18	  50	  70	  30	 622	1495973	1496846	   0	 870	
 618	 618	  30	   3	 484	   3	   2	   2	   9	  19	  50	  70	  30	 315	1498474	1498958	   0	 870	
 619	 619	  70	   2	 779	   2	   1	   2	  10	  19	  50	  70	  30	 398	1500675	1501454	   0	 860	
 620	 620	  30	   3	 506	   3	   2	   2	  10	  20	  50	  70	  30	 331	1503092	1503598	   0	 860	
 621	 621	  70	   1	 619	   2	   1	   2	  11	  20	  50	  70	  30	 543	1505459	1506078	   0	 870	
 622	 622	  50	   4	 782	   1	   2	   3	  11	  20	  50	  70	  30	 377	1507760	1508542	   0	 870	
 623	 623	  70	   1	 653	   2	   1	   3	  12	  20	  50	  70	  30	 304	1510161	1510814	   0	 880	
 624	 624	  50	   3	 642	   1	   2	   4	  12	  20	  50	  70	  30	 302	1512428	1513070	   0	 880	
 625	 625	  30	   3	 744	   3	   2	   4	  12	  21	  50	  70	  30	 680	1515046	1515790	   0	 880	
 626	 626	  70	   1	 612	   2	   1	   4	  13	  21	  50	  70	  30	 440	1517530	1518142	   0	 890	
 627	 627	  50	   3	 704	   1	   2	   5	  13	  21	  50	  70	  30	 589	1520030	1520734	   0	 890	
 628	 628	  30	   4	 878	   3	   2	   5	  13	  22	  50	  70	  30	 427	1522464	1523342	   0	 890	
 629	 629	  50	   4	 591	   1	   2	   6	  13	  22	  50	  70	  30	 564	1525199	1525790	   0	 890	
 630	 630	  70	   1	 865	   2	   1	   6	  14	  22	  50	  70	  30	 461	1527549	1528414	   0	 900	
 631	 631	  30	   4	 793	   3	   2	   6	  14	  23	  50	  70	  30	 375	1530117	1530910	   0	 900	
 632	 632	  50	   3	 887	   1	   2	   7	  14	  23	  50	  70	  30	 359	1532567	1533454	   0	 900	
 633	 633	  70	   2	 452	   2	   1	   7	  15	  23	  50	  70	  30	 661	1535418	1535870	   0	 890	
 634	 634	  30	   4	 418	   3	   2	   7	  15	  24	  50	  70	  30	 665	1537852	1538270	   0	 890	
 635	 635	  50	   3	 602	   1	   2	   8	  15	  24	  50	  70	  30	 462	1540036	1540638	   0	 890	
 636	 636	  30	   4	 526	   3	   2	   8	  15	  25	  50	  70	  30	 371	1542320	1542846	   0	 890	
 637	 637	  50	   3	 906	   1	   2	   9	  15	  25	  50	  70	  30	 643	1544788	1545694	   0	 890	
 638	 638	  30	   4	 445	   3	   2	   9	  15	  26	  50	  70	  30	 484	1547489	1547934	   0	 890	
 639	 639	  70	   1	 542	   2	   1	   9	  16	  26	  50	  70	  30	 597	1549823	1550365	   0	 900	
 640	 640	  50	   4	 529	   1	   2	  10	  16	  26	  50	  70	  30	 509	1552173	1552702	   0	 900	
 641	 641	  70	   1	 532	   2	   1	  10	  17	  26	  50	  70	  30	 422	1554441	1554973	   0	 910	
 642	 642	  30	   3	 532	   3	   2	  10	  17	  27	  50	  70	  30	 561	1556841	1557373	   0	 910	
 643	 643	  50	   3	 558	   1	   2	  11	  17	  27	  50	  70	  30	 676	1559359	1559917	   0	 910	
 644	 644	  70	   1	 558	   2	   1	  11	  18	  27	  50	  70	  30	 533	1561759	1562317	   0	 920	
 645	 645	  30	   4	1032	   3	   2	  11	  18	  28	  50	  70	  30	 648	1564277	1565309	   0	 920	
 646	 646	  70	   2	 491	   2	   1	  11	  19	  28	  50	  70	  30	 352	1566978	1567469	   0	 910	
 647	 647	  50	   4	 494	   1	   2	  12	  19	  28	  50	  70	  30	 521	1569295	1569789	   0	 910	
 648	 648	  30	   4	 649	   3	   2	  12	  19	  29	  50	  70	  30	 700	1571796	1572445	   0	 910	
 649	 649	  50	   4	 583	   1	   2	  13	  19	  29	  50	  70	  30	 478	1574230	1574813	   0	 910	
 650	 650	  30	   3	 750	   3	   2	  13	  19	  30	  50	  70	  30	 325	1576447	1577197	   0	 910	
 651	 651	  70	   2	 459	   2	   1	  13	  20	  30	  50	  70	  30	 388	1578914	1579373	   0	 900	
 652	 652	  30	   4	 386	   3	   2	  13	  20	   1	  50	  70	  30	 446	1581115	1581501	   0	 900	
 653	 653	  50	   3	 409	   1	   2	  14	  20	   1	  50	  70	  30	 501	1583316	1583725	   0	 900	
 654	 654	  70	   2	 576	   2	   1	  14	  21	   1	  50	  70	  30	 506	1585533	1586109	   0	 890	
 655	 655	  50	   3	 359	   1	   2	  15	  21	   1	  50	  70	  30	 322	1587734	1588093	   0	 890	
 656	 656	  70	   1	 426	   2	   1	  15	  22	   1	  50	  70	  30	 654	1590051	1590477	   0	 900	
 657	 657	  30	   4	 401	   3	   2	  15	  22	   2	  50	  70	  30	 475	1592252	1592653	   0	 900	
 658	 658	  50	   4	 431	   1	   2	  16	  22	   2	  50	  70	  30	 326	1594286	1594717	   0	 900	
 659	 659	  30	   4	 415	   3	   2	  16	  22	   3	  50	  70	  30	 660	1596686	1597101	   0	 900	
 660	 660	  70	   1	 469	   2	   1	  16	  23	   3	  50	  70	  30	 500	1598920	1599389	   0	 910	
 661	 661	  30	   4	 379	   3	   2	  16	  23	   4	  50	  70	  30	 438	1601154	1601533	   0	 910	
 662	 662	  70	   1	 589	   2	   1	  16	  24	   4	  50	  70	  30	 662	1603488	1604077	   0	 920	
 663	 663	  30	   3	 463	   3	   2	  16	  24	   5	  50	  70	  30	 441	1605822	1606285	   0	 920	
 664	 664	  70	   1	 497	   2	   1	  16	  25	   5	  50	  70	  30	 538	1608123	1608620	   0	 930	
 665	 665	  50	   3	 560	   1	   2	  17	  25	   5	  50	  70	  30	 585	1610524	1611084	   0	 930	
 666	 666	  30	   4	 495	   3	   2	  17	  25	   6	  50	  70	  30	 559	1612941	1613436	   0	 930	
 667	 667	  70	   1	 643	   2	   1	  17	  26	   6	  50	  70	  30	 486	1615225	1615868	   0	 940	
 668	 668	  30	   3	 477	   3	   2	  17	  26	   7	  50	  70	  30	 589	1617759	1618236	   0	 940	
 669	 669	  50	   4	 709	   1	   2	  18	  26	   7	  50	  70	  30	 393	1619927	1620636	   0	 940	
 670	 670	  70	   2	 547	   2	   1	  18	  27	   7	  50	  70	  30	 444	1622377	1622924	   0	 930	
 671	 671	  50	   3	 470	   1	   2	  19	  27	   7	  50	  70	  30	 427	1624678	1625148	   0	 930	
 672	 672	  30	   4	 529	   3	   2	  19	  27	   8	  50	  70	  30	 332	1626795	1627324	   0	 930	
 673	 673	  70	   1	 501	   2	   1	  19	  28	   8	  50	  70	  30	 463	1629079	1629580	   0	 940	
 674	 674	  30	   4	 400	   3	   2	  19	  28	   9	  50	  70	  30	 681	1631580	1631980	   0	 940	
 675	 675	  50	   4	 481	   1	   2	  20	  28	   9	  50	  70	  30	 633	1633931	1634412	   0	 940	
 676	 676	  70	   1	 515	   2	   1	  20	  29	   9	  50	  70	  30	 550	1636281	1636796	   0	 950	
 677	 677	  30	   3	 433	   3	   2	  20	  29	  10	  50	  70	  30	 596	1638699	1639132	   0	 950	
 678	 678	  50	   3	 516	   1	   2	  21	  29	  10	  50	  70	  30	 565	1641016	1641532	   0	 950	
 679	 679	  70	   2	 517	   2	   1	  21	  30	  10	  50	  70	  30	 531	1643383	1643900	   0	 940	
 680	 680	  50	   3	 612	   1	   2	  22	  30	  10	  50	  70	  30	 576	1645784	1646396	   0	 940	
 681	 681	  30	   4	 639	   3	   2	  22	  30	  11	  50	  70	  30	 567	1648285	1648924	   0	 940	
 682	 682	  50	   3	 539	   1	   2	  23	  30	  11	  50	  70	  30	 543	1650769	1651308	   0	 940	
 683	 683	  30	   4	 477	   3	   2	  23	  30	  12	  50	  70	  30	 491	1653103	1653580	   0	 940	
 684	 684	  50	   4	 421	   1	   2	  24	  30	  12	  50	  70	  30	 411	1655287	1655708	   0	 940	
 685	 685	  70	   1	 501	   2	   1	  24	  31	  12	  50	  70	  30	 660	1657671	1658172	   0	 950	
 686	 686	  50	   4	 548	   1	   2	  25	  31	  12	  50	  70	  30	 609	1660088	1660636	   0	 950	
 687	 687	  70	   1	 609	   2	   1	  25	  32	  12	  50	  70	  30	 593	1662539	1663148	   0	 960	
 688	 688	  50	   4	 543	   1	   2	  26	  32	  12	  50	  70	  30	 514	1664956	1665499	   0	 960	
 689	 689	  30	   4	 874	   3	   2	  26	  32	  13	  50	  70	  30	 641	1667441	1668315	   0	 960	
 690	 690	  50	   4	 505	   1	   2	  27	  32	  13	  50	  70	  30	 641	1670258	1670763	   0	 960	
 691	 691	  30	   4	 432	   3	   2	  27	  32	  14	  50	  70	  30	 382	1672475	1672907	   0	 960	
 692	 692	  70	   1	 616	   2	   1	  27	  33	  14	  50	  70	  30	 425	1674643	1675259	   0	 970	
 693	 693	  30	   3	 397	   3	   2	  27	  33	  15	  50	  70	  30	 341	1676910	1677307	   0	 970	
 694	 694	  50	   3	 549	   1	   2	  28	  33	  15	  50	  70	  30	 466	1679094	1679643	   0	 970	
 695	 695	  70	   2	 545	   2	   1	  28	  34	  15	  50	  70	  30	 617	1681578	1682123	   0	 960	
 696	 696	  30	   4	 420	   3	   2	  28	  34	  16	  50	  70	  30	 477	1683895	1684315	   0	 960	
 697	 697	  50	   4	 540	   1	   2	  29	  34	  16	  50	  70	  30	 460	1686079	1686619	   0	 960	
 698	 698	  30	   4	 602	   3	   2	  29	  34	  17	  50	  70	  30	 581	1688513	1689115	   0	 960	
 699	 699	  50	   3	 498	   1	   2	  30	  34	  17	  50	  70	  30	 674	1691097	1691595	   0	 960	
 700	 700	  30	   4	 445	   3	   2	  30	  34	  18	  50	  70	  30	 686	1693598	1694043	   0	 960	
 701	 701	  70	   3	 453	   2	   2	  30	  35	  18	  50	  70	  30	 426	1695782	1696235	   0	 960	
 702	 702	  30	   3	 514	   3	   2	  30	  35	  19	  50	  70	  30	 311	1697849	1698363	   0	 960	
 703	 703	  50	   4	 369	   1	   2	  31	  35	  19	  50	  70	  30	 582	1700250	1700619	   0	 960	
 704	 704	  30	   3	 444	   3	   2	  31	  35	  20	  50	  70	  30	 429	1702351	1702795	   0	 960	
 705	 705	  50	   4	 437	   1	   2	  32	  35	  20	  50	  70	  30	 423	1704518	1704955	   0	 960	
 706	 706	  70	   1	 630	   2	   1	  32	   1	  20	  50	  70	  30	 612	1706869	1707499	   0	 970	
 707	 707	  50	   3	 594	   1	   2	  33	   1	  20	  50	  70	  30	 549	1709353	1709947	   0	 970	
 708	 708	  30	   3	 585	   3	   2	  33	   1	  21	  50	  70	  30	 320	1711570	1712155	   0	 970	
 709	 709	  50	   4	 846	   1	   2	   1	   1	  21	  50	  70	  30	 355	1713821	1714667	   0	 970	
