Version: 1	Number of symbols: 3	Pictures exchange: true	Response Deadline: 2000
Trial_No	Virt_Trial_No	Prob_Shown	Feedback	RT	Stimulus_No	Resp	SymbolA_Stage	SymbolB_Stage	SymbolC_Stage	Prob_A	Prob_B	Prob_C	Jitter	StimOnset	RespOnset	Symbol_Changes	Bonus_sum
NaN	   1	  30	NaN	NaN	   1	   3	   0	   0	   0	  30	  70	  50	 586	 122	NaN	   0	   0	
   1	   2	  50	   2	 635	   3	   1	   0	   0	   1	  30	  70	  50	 404	3399	4034	   0	 -10	
   2	   3	  30	   2	 387	   1	   1	   1	   0	   1	  30	  70	  50	 648	5959	6346	   0	 -20	
   3	   4	  50	   1	 488	   3	   1	   1	   0	   2	  30	  70	  50	 437	8066	8554	   0	 -10	
   4	   5	  70	   1	 267	   2	   1	   1	   1	   2	  30	  70	  50	 610	10439	10706	   0	   0	
   5	   6	  30	   2	 336	   1	   1	   2	   1	   2	  30	  70	  50	 627	12626	12962	   0	 -10	
   6	   7	  50	   2	1550	   3	   1	   2	   1	   3	  30	  70	  50	 570	14812	16362	   0	 -20	
   7	   8	  70	   1	 390	   2	   1	   2	   2	   3	  30	  70	  50	 407	18052	18442	   0	 -10	
   8	   9	  50	   2	 649	   3	   1	   2	   2	   4	  30	  70	  50	 374	20105	20754	   0	 -20	
NaN	  10	  30	NaN	NaN	   1	   3	   2	   2	   4	  30	  70	  50	 467	20105	NaN	   0	 -20	
   9	  11	  50	   1	 310	   3	   1	   2	   2	   5	  30	  70	  50	 336	26092	26402	   0	 -10	
  10	  12	  70	   1	 289	   2	   1	   2	   3	   5	  30	  70	  50	 301	27985	28274	   0	   0	
  11	  13	  50	   2	 463	   3	   1	   2	   3	   6	  30	  70	  50	 361	29931	30394	   0	 -10	
  12	  14	  70	   2	 457	   2	   1	   2	   4	   6	  30	  70	  50	 478	32145	32602	   0	 -20	
  13	  15	  50	   1	 409	   3	   1	   2	   4	   7	  30	  70	  50	 504	34385	34794	   0	 -10	
  14	  16	  30	   2	 443	   1	   1	   3	   4	   7	  30	  70	  50	 405	36478	36921	   0	 -20	
  15	  17	  70	   2	 795	   2	   1	   3	   5	   7	  30	  70	  50	 598	38798	39593	   0	 -30	
  16	  18	  50	   1	 433	   3	   1	   3	   5	   8	  30	  70	  50	 627	41504	41937	   0	 -20	
  17	  19	  70	   1	 425	   2	   1	   3	   6	   8	  30	  70	  50	 399	43624	44049	   0	 -10	
  18	  20	  30	   1	1009	   1	   1	   4	   6	   8	  30	  70	  50	 579	45904	46913	   0	   0	
NaN	  21	  50	NaN	NaN	   3	   3	   4	   6	   8	  30	  70	  50	 665	45904	NaN	   0	   0	
  19	  22	  30	   1	1225	   1	   1	   5	   6	   8	  30	  70	  50	 560	52664	53889	   0	  10	
NaN	  23	  50	NaN	NaN	   3	   3	   5	   6	   8	  30	  70	  50	 619	52664	NaN	   0	  10	
  20	  24	  30	   2	 401	   1	   1	   6	   6	   8	  30	  70	  50	 434	59464	59865	   0	   0	
  21	  25	  70	   1	1239	   2	   1	   6	   7	   8	  30	  70	  50	 452	61610	62849	   0	  10	
  22	  26	  50	   2	 348	   3	   1	   6	   7	   9	  30	  70	  50	 308	64437	64785	   0	   0	
  23	  27	  30	   2	 530	   1	   1	   7	   7	   9	  30	  70	  50	 388	66463	66993	   0	 -10	
NaN	  28	  50	NaN	NaN	   3	   3	   7	   7	   9	  30	  70	  50	 528	66463	NaN	   0	 -10	
  24	  29	  70	   1	 437	   2	   1	   7	   8	   9	  30	  70	  50	 317	72356	72793	   0	   0	
  25	  30	  50	   1	 794	   3	   1	   7	   8	  10	  30	  70	  50	 393	74463	75257	   0	  10	
NaN	  31	  70	NaN	NaN	   2	   3	   7	   8	  10	  30	  70	  50	 541	74463	NaN	   0	  10	
  26	  32	  50	   1	 543	   3	   1	   7	   8	  11	  30	  70	  50	 442	80769	81312	   0	  20	
  27	  33	  30	   2	 809	   1	   1	   8	   8	  11	  30	  70	  50	 516	83103	83912	   0	  10	
  28	  34	  70	   1	 778	   2	   1	   8	   9	  11	  30	  70	  50	 552	85742	86520	   0	  20	
  29	  35	  30	   2	1431	   1	   1	   9	   9	  11	  30	  70	  50	 442	88249	89680	   0	  10	
  30	  36	  70	   2	 274	   2	   1	   9	  10	  11	  30	  70	  50	 617	91582	91856	   0	   0	
  31	  37	  50	   2	 335	   3	   1	   9	  10	  12	  30	  70	  50	 583	93729	94064	   0	 -10	
  32	  38	  30	   1	1298	   1	   1	  10	  10	  12	  30	  70	  50	 398	95742	97040	   0	   0	
  33	  39	  70	   1	 805	   2	   1	  10	  11	  12	  30	  70	  50	 438	98755	99560	   0	  10	
  34	  40	  30	   2	 429	   1	   1	  11	  11	  12	  30	  70	  50	 508	101355	101784	   0	   0	
  35	  41	  50	   1	 397	   3	   1	  11	  11	  13	  30	  70	  50	 411	103475	103872	   0	  10	
  36	  42	  70	   2	 858	   2	   1	  11	  12	  13	  30	  70	  50	 592	105742	106600	   0	   0	
  37	  43	  30	   1	 453	   1	   1	  12	  12	  13	  30	  70	  50	 676	108555	109008	   0	  10	
  38	  44	  70	   1	 653	   2	   1	  12	  13	  13	  30	  70	  50	 658	110955	111608	   0	  20	
  39	  45	  50	   1	1920	   3	   1	  12	  13	  14	  30	  70	  50	 313	113208	115128	   0	  30	
NaN	  46	  30	NaN	NaN	   1	   3	  12	  13	  14	  30	  70	  50	 502	113208	NaN	   0	  30	
  40	  47	  70	   1	1943	   2	   1	  12	  14	  14	  30	  70	  50	 647	120808	122751	   0	  40	
NaN	  48	  30	NaN	NaN	   1	   3	  12	  14	  14	  30	  70	  50	 373	120808	NaN	   0	  40	
  41	  49	  70	   1	 565	   2	   1	  12	  15	  14	  30	  70	  50	 526	128194	128759	   0	  50	
NaN	  50	  30	NaN	NaN	   1	   3	  12	  15	  14	  30	  70	  50	 488	128194	NaN	   0	  50	
  42	  51	  70	   2	 317	   2	   1	  12	  16	  14	  30	  70	  50	 664	134434	134751	   0	  40	
  43	  52	  30	   2	 464	   1	   1	  13	  16	  14	  30	  70	  50	 662	136687	137151	   0	  30	
  44	  53	  70	   1	 277	   2	   1	  13	  17	  14	  30	  70	  50	 685	139114	139391	   0	  40	
  45	  54	  30	   2	1283	   1	   1	  14	  17	  14	  30	  70	  50	 547	141220	142503	   0	  30	
  46	  55	  70	   1	 288	   2	   1	  14	  18	  14	  30	  70	  50	 456	144247	144535	   0	  40	
  47	  56	  50	   2	 374	   3	   1	  14	  18	  15	  30	  70	  50	 301	146113	146487	   0	  30	
  48	  57	  30	   2	 438	   1	   1	  15	  18	  15	  30	  70	  50	 374	148153	148591	   0	  20	
  49	  58	  70	   2	1811	   2	   1	  15	  19	  15	  30	  70	  50	 510	150380	152191	   0	  10	
  50	  59	  50	   1	 113	   3	   1	  15	  19	  16	  30	  70	  50	 625	154086	154199	   0	  20	
  51	  60	  30	   1	 891	   1	   1	  16	  19	  16	  30	  70	  50	 532	156019	156910	   0	  30	
  52	  61	  50	   2	  35	   3	   1	  16	  19	  17	  30	  70	  50	 307	158499	158534	   0	  20	
  53	  62	  70	   1	 859	   2	   1	  16	  20	  17	  30	  70	  50	 525	160339	161198	   0	  30	
  54	  63	  50	   2	 533	   3	   1	  16	  20	  18	  30	  70	  50	 432	162913	163446	   0	  20	
  55	  64	  70	   1	 275	   2	   1	  16	  21	  18	  30	  70	  50	 684	165419	165694	   0	  30	
  56	  65	  50	   1	 627	   3	   1	  16	  21	  19	  30	  70	  50	 650	167619	168246	   0	  40	
  57	  66	  30	   2	 368	   1	   1	  17	  21	  19	  30	  70	  50	 476	170006	170374	   0	  30	
  58	  67	  70	   2	 318	   2	   1	  17	  22	  19	  30	  70	  50	 419	172072	172390	   0	  20	
  59	  68	  30	   2	 323	   1	   1	  18	  22	  19	  30	  70	  50	 428	174099	174422	   0	  10	
  60	  69	  50	   2	 321	   3	   1	  18	  22	  20	  30	  70	  50	 337	176045	176366	   0	   0	
  61	  70	  70	   1	 414	   2	   1	  18	  23	  20	  30	  70	  50	 321	177992	178406	   0	  10	
  62	  71	  50	   2	 617	   3	   1	  18	  23	  21	  30	  70	  50	 594	180285	180902	   0	   0	
  63	  72	  70	   1	 353	   2	   1	  18	  24	  21	  30	  70	  50	 584	182765	183118	   0	  10	
  64	  73	  50	   1	 241	   3	   1	  18	  24	  22	  30	  70	  50	 640	185045	185286	   0	  20	
  65	  74	  70	   1	 324	   2	   1	  18	  25	  22	  30	  70	  50	 691	187258	187582	   0	  30	
  66	  75	  50	   2	1847	   3	   1	  18	  25	  23	  30	  70	  50	 564	189431	191278	   0	  20	
  67	  76	  70	   2	 319	   2	   1	  18	  26	  23	  30	  70	  50	 508	193071	193390	   0	  10	
  68	  77	  50	   2	 220	   3	   1	  18	  26	  24	  30	  70	  50	 634	195298	195518	   0	   0	
  69	  78	  70	   1	 681	   2	   1	  18	  27	  24	  30	  70	  50	 331	197124	197805	   0	  10	
  70	  79	  50	   1	 449	   3	   1	  18	  27	  25	  30	  70	  50	 309	199404	199853	   0	  20	
  71	  80	  30	   1	 209	   1	   1	  19	  27	  25	  30	  70	  50	 664	201804	202013	   0	  30	
  72	  81	  70	   1	 537	   2	   1	  19	  28	  25	  30	  70	  50	 351	203644	204181	   0	  40	
  73	  82	  30	   2	 262	   1	   1	  20	  28	  25	  30	  70	  50	 564	206031	206293	   0	  30	
  74	  83	  50	   2	1145	   3	   1	  20	  28	  26	  30	  70	  50	 594	208164	209309	   0	  20	
  75	  84	  30	   2	 639	   1	   1	  21	  28	  26	  30	  70	  50	 531	211110	211749	   0	  10	
  76	  85	  70	   2	 257	   2	   1	  21	  29	  26	  30	  70	  50	 654	213684	213941	   0	   0	
  77	  86	  50	   1	 639	   3	   1	  21	  29	  27	  30	  70	  50	 328	215550	216189	   0	  10	
  78	  87	  70	   1	1487	   2	   1	  21	  30	  27	  30	  70	  50	 680	218150	219637	   0	  20	
  79	  88	  50	   1	 532	   3	   1	  21	  30	  28	  30	  70	  50	 374	221297	221829	   0	  30	
  80	  89	  30	   1	1724	   1	   1	  22	  30	  28	  30	  70	  50	 469	223577	225301	   0	  40	
  81	  90	  70	   1	 631	   2	   1	  22	  31	  28	  30	  70	  50	 473	227070	227701	   0	  50	
  82	  91	  50	   2	1559	   3	   1	  22	  31	  29	  30	  70	  50	 330	229310	230869	   0	  40	
  83	  92	  70	   2	1757	   2	   1	  22	  32	  29	  30	  70	  50	 542	232696	234453	   0	  30	
  84	  93	  30	   2	 409	   1	   1	  23	  32	  29	  30	  70	  50	 591	236323	236732	   0	  20	
  85	  94	  50	   1	 519	   3	   1	  23	  32	  30	  30	  70	  50	 654	238669	239188	   0	  30	
  86	  95	  30	   2	 983	   1	   1	  24	  32	  30	  30	  70	  50	 387	240869	241852	   0	  20	
NaN	  96	  70	NaN	NaN	   2	   3	  24	  32	  30	  30	  70	  50	 630	240869	NaN	   0	  20	
  87	  97	  30	   2	 700	   1	   1	  25	  32	  30	  30	  70	  50	 560	247576	248276	   0	  10	
  88	  98	  30	   2	 855	   3	   1	  25	  32	   1	  30	  70	  30	 442	250029	250884	   3	   0	
  89	  99	  30	   1	1042	   1	   1	  26	  32	   1	  30	  70	  30	 474	252642	253684	   0	  10	
NaN	 100	  30	NaN	NaN	   3	   3	  26	  32	   1	  30	  70	  30	 554	252642	NaN	   0	  10	
  90	 101	  70	   1	1538	   2	   1	  26	  33	   1	  30	  70	  30	 397	259162	260700	   0	  20	
  91	 102	  30	   2	 186	   1	   1	  27	  33	   1	  30	  70	  30	 359	262362	262548	   0	  10	
  92	 103	  20	   2	1034	   2	   1	  27	   1	   1	  30	  20	  30	 617	264482	265516	   2	   0	
  93	 104	  30	   1	1229	   3	   1	  27	   1	   2	  30	  20	  30	 498	267295	268524	   0	  10	
  94	 105	  20	   2	  64	   2	   1	  27	   2	   2	  30	  20	  30	 617	270428	270492	   0	   0	
  95	 106	  30	   2	 613	   3	   1	  27	   2	   3	  30	  20	  30	 410	272175	272788	   0	 -10	
  96	 107	  20	   1	   6	   2	   1	  27	   3	   3	  30	  20	  30	 499	274574	274580	   0	   0	
  97	 108	  30	   2	 295	   3	   1	  27	   3	   4	  30	  20	  30	 561	276428	276723	   0	 -10	
  98	 109	  20	   2	1138	   2	   1	  27	   4	   4	  30	  20	  30	 548	278561	279699	   0	 -20	
  99	 110	  30	   2	 528	   1	   1	  28	   4	   4	  30	  20	  30	 407	281387	281915	   0	 -30	
 100	 111	  30	   2	 730	   3	   1	  28	   4	   5	  30	  20	  30	 323	283521	284251	   0	 -40	
 101	 112	  20	   2	 352	   2	   1	  28	   5	   5	  30	  20	  30	 362	285907	286259	   0	 -50	
 102	 113	  30	   1	   2	   3	   1	  28	   5	   6	  30	  20	  30	 584	288121	288123	   0	 -40	
 103	 114	  30	   1	 309	   1	   1	  29	   5	   6	  30	  20	  30	 608	290014	290323	   0	 -30	
 104	 115	  30	   2	1003	   3	   1	  29	   5	   7	  30	  20	  30	 429	292040	293043	   0	 -40	
 105	 116	  30	   2	 760	   1	   1	  30	   5	   7	  30	  20	  30	 345	294667	295427	   0	 -50	
 106	 117	  30	   2	1379	   3	   1	  30	   5	   8	  30	  20	  30	 364	297080	298459	   0	 -60	
 107	 118	  30	   2	 475	   1	   1	  31	   5	   8	  30	  20	  30	 661	300400	300875	   0	 -70	
 108	 119	  30	   2	 843	   3	   1	  31	   5	   9	  30	  20	  30	 409	302560	303403	   0	 -80	
 109	 120	  20	   1	 177	   2	   1	  31	   6	   9	  30	  20	  30	 305	304986	305163	   0	 -70	
 110	 121	  30	   1	1238	   1	   1	  32	   6	   9	  30	  20	  30	 571	307013	308251	   0	 -60	
 111	 122	  30	   1	 238	   3	   1	  32	   6	  10	  30	  20	  30	 670	310213	310451	   0	 -50	
 112	 123	  30	   2	 574	   1	   1	  33	   6	  10	  30	  20	  30	 319	312053	312627	   0	 -60	
 113	 124	  30	   1	 588	   3	   1	  33	   6	  11	  30	  20	  30	 401	314319	314907	   0	 -50	
 114	 125	  30	   2	 597	   1	   1	  34	   6	  11	  30	  20	  30	 657	316853	317450	   0	 -60	
 115	 126	  30	   2	1136	   3	   1	  34	   6	  12	  30	  20	  30	 619	319346	320482	   0	 -70	
 116	 127	  30	   2	 715	   1	   1	  35	   6	  12	  30	  20	  30	 669	322439	323154	   0	 -80	
 117	 128	  30	   2	 310	   3	   1	  35	   6	  13	  30	  20	  30	 501	324932	325242	   0	 -90	
 118	 129	  20	   2	 379	   2	   1	  35	   7	  13	  30	  20	  30	 508	327039	327418	   0	-100	
 119	 130	  80	   1	1121	   1	   1	   1	   7	  13	  80	  20	  30	 459	329185	330306	   1	 -90	
 120	 131	  30	   2	1393	   3	   1	   1	   7	  14	  80	  20	  30	 587	332185	333578	   0	-100	
 121	 132	  80	   1	1091	   1	   1	   2	   7	  14	  80	  20	  30	 402	335279	336370	   0	 -90	
 122	 133	  30	   1	1057	   3	   1	   2	   7	  15	  80	  20	  30	 338	337985	339042	   0	 -80	
 123	 134	  80	   2	 750	   1	   1	   3	   7	  15	  80	  20	  30	 371	340692	341442	   0	 -90	
 124	 135	  20	   2	1961	   2	   1	   3	   8	  15	  80	  20	  30	 497	343225	345186	   0	-100	
 125	 136	  80	   1	 927	   1	   1	   4	   8	  15	  80	  20	  30	 539	347011	347938	   0	 -90	
 126	 137	  20	   2	 537	   2	   1	   4	   9	  15	  80	  20	  30	 409	349625	350162	   0	-100	
 127	 138	  80	   1	 634	   1	   1	   5	   9	  15	  80	  20	  30	 494	351944	352578	   0	 -90	
 128	 139	  20	   2	 998	   2	   1	   5	  10	  15	  80	  20	  30	 391	354251	355249	   0	-100	
 129	 140	  30	   2	1185	   3	   1	   5	  10	  16	  80	  20	  30	 535	357064	358249	   0	-110	
 130	 141	  80	   2	 441	   1	   1	   6	  10	  16	  80	  20	  30	 343	359864	360305	   0	-120	
 131	 142	  30	   2	1281	   3	   1	   6	  10	  17	  80	  20	  30	 581	362184	363465	   0	-130	
 132	 143	  20	   1	1942	   2	   1	   6	  11	  17	  80	  20	  30	 616	365371	367313	   0	-120	
NaN	 144	  80	NaN	NaN	   1	   3	   6	  11	  17	  80	  20	  30	 379	365371	NaN	   0	-120	
 133	 145	  30	   2	 196	   3	   1	   6	  11	  18	  80	  20	  30	 579	372797	372993	   0	-130	
 134	 146	  20	   2	 489	   2	   1	   6	  12	  18	  80	  20	  30	 317	374584	375073	   0	-140	
 135	 147	  30	   1	1092	   3	   1	   6	  12	  19	  80	  20	  30	 446	376797	377889	   0	-130	
 136	 148	  20	   2	 282	   2	   1	   6	  13	  19	  80	  20	  30	 533	379703	379985	   0	-140	
 137	 149	  80	   1	 100	   1	   1	   7	  13	  19	  80	  20	  30	 650	381917	382017	   0	-130	
 138	 150	  20	   2	 533	   2	   1	   7	  14	  19	  80	  20	  30	 539	383836	384369	   0	-140	
NaN	 151	  80	NaN	NaN	   1	   3	   7	  14	  19	  80	  20	  30	 469	383836	NaN	   0	-140	
 139	 152	  20	   2	1159	   2	   1	   7	  15	  19	  80	  20	  30	 549	389930	391089	   0	-150	
 140	 153	  30	   2	1720	   3	   1	   7	  15	  20	  80	  20	  30	 387	392769	394489	   0	-160	
 141	 154	  20	   2	1231	   2	   1	   7	  16	  20	  80	  20	  30	 541	396329	397560	   0	-170	
 142	 155	  80	   1	 922	   1	   1	   8	  16	  20	  80	  20	  30	 694	399542	400464	   0	-160	
 143	 156	  30	   1	 618	   3	   1	   8	  16	  21	  80	  20	  30	 433	402182	402800	   0	-150	
 144	 157	  80	   1	 140	   1	   1	   9	  16	  21	  80	  20	  30	 427	404516	404656	   0	-140	
 145	 158	  20	   2	 213	   2	   1	   9	  17	  21	  80	  20	  30	 698	406635	406848	   0	-150	
 146	 159	  30	   2	 698	   3	   1	   9	  17	  22	  80	  20	  30	 366	408502	409200	   0	-160	
 147	 160	  80	   1	  15	   1	   1	  10	  17	  22	  80	  20	  30	 445	410929	410944	   0	-150	
 148	 161	  20	   1	 829	   2	   1	  10	  18	  22	  80	  20	  30	 411	412635	413464	   0	-140	
 149	 162	  30	   2	1328	   3	   1	  10	  18	  23	  80	  20	  30	 416	415168	416496	   0	-150	
 150	 163	  80	   2	 376	   1	   1	  11	  18	  23	  80	  20	  30	 598	418368	418744	   0	-160	
 151	 164	  30	   2	  64	   3	   1	  11	  18	  24	  80	  20	  30	 444	420488	420552	   0	-170	
 152	 165	  20	   2	  64	   2	   1	  11	  19	  24	  80	  20	  30	 494	422328	422392	   0	-180	
 153	 166	  30	   2	 403	   3	   1	  11	  19	  25	  80	  20	  30	 346	424021	424424	   0	-190	
 154	 167	  80	   1	 429	   1	   1	  12	  19	  25	  80	  20	  30	 328	426035	426464	   0	-180	
NaN	 168	  30	NaN	NaN	   3	   3	  12	  19	  25	  80	  20	  30	 515	426035	NaN	   0	-180	
 155	 169	  20	   2	 854	   2	   1	  12	  20	  25	  80	  20	  30	 404	431914	432768	   0	-190	
 156	 170	  30	   2	 376	   3	   1	  12	  20	  26	  80	  20	  30	 314	434368	434744	   0	-200	
 157	 171	  80	   1	 359	   1	   1	  13	  20	  26	  80	  20	  30	 425	436448	436807	   0	-190	
 158	 172	  30	   1	1736	   3	   1	  13	  20	  27	  80	  20	  30	 511	438607	440343	   0	-180	
 159	 173	  20	   2	 754	   2	   1	  13	  21	  27	  80	  20	  30	 666	442301	443055	   0	-190	
 160	 174	  80	   1	 930	   1	   1	  14	  21	  27	  80	  20	  30	 409	444741	445671	   0	-180	
 161	 175	  30	   2	 949	   3	   1	  14	  21	  28	  80	  20	  30	 352	447314	448263	   0	-190	
 162	 176	  80	   1	 736	   1	   1	  15	  21	  28	  80	  20	  30	 541	450087	450823	   0	-180	
 163	 177	  30	   2	 395	   3	   1	  15	  21	  29	  80	  20	  30	 592	452700	453095	   0	-190	
 164	 178	  80	   1	 699	   1	   1	  16	  21	  29	  80	  20	  30	 320	454700	455399	   0	-180	
 165	 179	  30	   1	 998	   3	   1	  16	  21	  30	  80	  20	  30	 353	457033	458031	   0	-170	
 166	 180	  20	   2	 664	   2	   1	  16	  22	  30	  80	  20	  30	 463	459767	460431	   0	-180	
 167	 181	  30	   2	 198	   3	   1	  16	  22	  31	  80	  20	  30	 532	462233	462431	   0	-190	
 168	 182	  20	   1	 598	   2	   1	  16	  23	  31	  80	  20	  30	 480	464193	464791	   0	-180	
NaN	 183	  80	NaN	NaN	   1	   3	  16	  23	  31	  80	  20	  30	 571	464193	NaN	   0	-180	
 169	 184	  30	   2	1967	   3	   1	  16	  23	  32	  80	  20	  30	 319	470192	472159	   0	-190	
 170	 185	  20	   2	1161	   2	   1	  16	  24	  32	  80	  20	  30	 441	473886	475047	   0	-200	
NaN	 186	  30	NaN	NaN	   3	   3	  16	  24	  32	  80	  20	  30	 473	473886	NaN	   0	-200	
 171	 187	  20	   1	 630	   2	   1	  16	  25	  32	  80	  20	  30	 448	480512	481142	   0	-190	
 172	 188	  30	   2	 184	   3	   1	  16	  25	  33	  80	  20	  30	 533	482966	483150	   0	-200	
NaN	 189	  20	NaN	NaN	   2	   3	  16	  25	  33	  80	  20	  30	 576	482966	NaN	   0	-200	
 173	 190	  80	   1	 435	   1	   1	  17	  25	  33	  80	  20	  30	 440	488699	489134	   0	-190	
 174	 191	  30	   1	 171	   3	   1	  17	  25	  34	  80	  20	  30	 683	491099	491270	   0	-180	
 175	 192	  80	   2	 513	   1	   1	  18	  25	  34	  80	  20	  30	 340	492885	493398	   0	-190	
 176	 193	  20	   2	 233	   2	   1	  18	  26	  34	  80	  20	  30	 650	495325	495558	   0	-200	
NaN	 194	  30	NaN	NaN	   3	   3	  18	  26	  34	  80	  20	  30	 643	495325	NaN	   0	-200	
 177	 195	  20	   2	 172	   2	   1	  18	  27	  34	  80	  20	  30	 320	501058	501230	   0	-210	
 178	 196	  30	   2	   1	   3	   1	  18	  27	  35	  80	  20	  30	 335	502845	502846	   0	-220	
 179	 197	  80	   1	 287	   1	   1	  19	  27	  35	  80	  20	  30	 453	504591	504878	   0	-210	
 180	 198	  20	   2	 137	   2	   1	  19	  28	  35	  80	  20	  30	 330	506485	506622	   0	-220	
 181	 199	  70	   1	  12	   3	   1	  19	  28	   1	  80	  20	  70	 461	508418	508430	   3	-210	
 182	 200	  20	   2	  63	   2	   1	  19	  29	   1	  80	  20	  70	 319	510031	510094	   0	-220	
 183	 201	  80	   1	   2	   1	   1	  20	  29	   1	  80	  20	  70	 310	511684	511686	   0	-210	
 184	 202	  70	   2	 524	   3	   1	  20	  29	   2	  80	  20	  70	 372	513338	513862	   0	-220	
 185	 203	  20	   2	 883	   2	   1	  20	  30	   2	  80	  20	  70	 593	515738	516621	   0	-230	
 186	 204	  70	   1	 150	   3	   1	  20	  30	   3	  80	  20	  70	 409	518311	518461	   0	-220	
 187	 205	  50	   1	 126	   2	   1	  20	   1	   3	  80	  50	  70	 499	520271	520397	   2	-210	
 188	 206	  70	   2	 481	   3	   1	  20	   1	   4	  80	  50	  70	 323	522004	522485	   0	-220	
 189	 207	  50	   2	1207	   2	   1	  20	   2	   4	  80	  50	  70	 582	524350	525557	   0	-230	
 190	 208	  80	   1	1977	   1	   1	  21	   2	   4	  80	  50	  70	 607	527444	529421	   0	-220	
 191	 209	  50	   1	1860	   2	   1	  21	   3	   4	  80	  50	  70	 335	531057	532917	   0	-210	
 192	 210	  80	   1	  76	   1	   1	  22	   3	   4	  80	  50	  70	 305	534497	534573	   0	-200	
 193	 211	  70	   1	 279	   3	   1	  22	   3	   5	  80	  50	  70	 498	536350	536629	   0	-190	
 194	 212	  50	   2	 956	   2	   1	  22	   4	   5	  80	  50	  70	 495	538417	539373	   0	-200	
 195	 213	  80	   2	 133	   1	   1	  23	   4	   5	  80	  50	  70	 639	541296	541429	   0	-210	
 196	 214	  70	   1	 317	   3	   1	  23	   4	   6	  80	  50	  70	 498	543216	543533	   0	-200	
 197	 215	  80	   1	1623	   1	   1	  24	   4	   6	  80	  50	  70	 465	545270	546893	   0	-190	
 198	 216	  70	   1	 794	   3	   1	  24	   4	   7	  80	  50	  70	 673	548843	549637	   0	-180	
 199	 217	  50	   2	 386	   2	   1	  24	   5	   7	  80	  50	  70	 401	551323	551709	   0	-190	
 200	 218	  80	   2	  18	   1	   1	  25	   5	   7	  80	  50	  70	 399	553403	553421	   0	-200	
NaN	 219	  50	NaN	NaN	   2	   3	  25	   5	   7	  80	  50	  70	 532	553403	NaN	   0	-200	
 201	 220	  80	   1	 591	   1	   1	  26	   5	   7	  80	  50	  70	 503	558989	559580	   0	-190	
NaN	 221	  70	NaN	NaN	   3	   3	  26	   5	   7	  80	  50	  70	 495	558989	NaN	   0	-190	
 202	 222	  50	   1	1042	   2	   1	  26	   6	   7	  80	  50	  70	 552	565162	566204	   0	-180	
 203	 223	  70	   2	 623	   3	   1	  26	   6	   8	  80	  50	  70	 300	567789	568412	   0	-190	
 204	 224	  80	   1	 410	   1	   1	  27	   6	   8	  80	  50	  70	 349	570042	570452	   0	-180	
 205	 225	  50	   1	 341	   2	   1	  27	   7	   8	  80	  50	  70	 405	572135	572476	   0	-170	
 206	 226	  70	   1	 888	   3	   1	  27	   7	   9	  80	  50	  70	 396	574148	575036	   0	-160	
 207	 227	  80	   1	 133	   1	   1	  28	   7	   9	  80	  50	  70	 305	576615	576748	   0	-150	
 208	 228	  70	   1	1141	   3	   1	  28	   7	  10	  80	  50	  70	 615	578655	579796	   0	-140	
 209	 229	  80	   1	 747	   1	   1	  29	   7	  10	  80	  50	  70	 491	581561	582308	   0	-130	
 210	 230	  50	   2	1029	   2	   1	  29	   8	  10	  80	  50	  70	 663	584255	585284	   0	-140	
 211	 231	  70	   2	1406	   3	   1	  29	   8	  11	  80	  50	  70	 674	587254	588660	   0	-150	
 212	 232	  50	   2	 728	   2	   1	  29	   9	  11	  80	  50	  70	 369	590308	591036	   0	-160	
 213	 233	  70	   2	1043	   3	   1	  29	   9	  12	  80	  50	  70	 519	592841	593884	   0	-170	
 214	 234	  80	   1	1120	   1	   1	  30	   9	  12	  80	  50	  70	 415	595587	596707	   0	-160	
 215	 235	  70	   1	1016	   3	   1	  30	   9	  13	  80	  50	  70	 517	598507	599523	   0	-150	
 216	 236	  80	   1	 573	   1	   1	  31	   9	  13	  80	  50	  70	 331	601134	601707	   0	-140	
 217	 237	  50	   1	 464	   2	   1	  31	  10	  13	  80	  50	  70	 353	603347	603811	   0	-130	
 218	 238	  70	   1	  51	   3	   1	  31	  10	  14	  80	  50	  70	 389	605480	605531	   0	-120	
 219	 239	  50	   2	1096	   2	   1	  31	  11	  14	  80	  50	  70	 385	607187	608283	   0	-130	
 220	 240	  70	   1	1288	   3	   1	  31	  11	  15	  80	  50	  70	 700	610267	611555	   0	-120	
 221	 241	  50	   1	 710	   2	   1	  31	  12	  15	  80	  50	  70	 688	613533	614243	   0	-110	
 222	 242	  80	   1	 430	   1	   1	  32	  12	  15	  80	  50	  70	 649	616173	616603	   0	-100	
 223	 243	  50	   2	 286	   2	   1	  32	  13	  15	  80	  50	  70	 559	618453	618739	   0	-110	
 224	 244	  80	   1	 310	   1	   1	  33	  13	  15	  80	  50	  70	 552	620573	620883	   0	-100	
 225	 245	  70	   1	 305	   3	   1	  33	  13	  16	  80	  50	  70	 499	622666	622971	   0	 -90	
 226	 246	  50	   2	1150	   2	   1	  33	  14	  16	  80	  50	  70	 490	624733	625883	   0	-100	
 227	 247	  20	   2	 380	   1	   1	   1	  14	  16	  20	  50	  70	 384	627559	627939	   1	-110	
 228	 248	  50	   1	1084	   2	   1	   1	  15	  16	  20	  50	  70	 305	629519	630603	   0	-100	
 229	 249	  70	   2	 716	   3	   1	   1	  15	  17	  20	  50	  70	 347	632239	632955	   0	-110	
 230	 250	  20	   2	 294	   1	   1	   2	  15	  17	  20	  50	  70	 698	634932	635226	   0	-120	
 231	 251	  70	   1	 256	   3	   1	   2	  15	  18	  20	  50	  70	 345	636866	637122	   0	-110	
 232	 252	  50	   1	 646	   2	   1	   2	  16	  18	  20	  50	  70	 566	638972	639618	   0	-100	
 233	 253	  20	   2	 963	   1	   1	   3	  16	  18	  20	  50	  70	 663	641559	642522	   0	-110	
 234	 254	  70	   1	 425	   3	   1	   3	  16	  19	  20	  50	  70	 493	644305	644730	   0	-100	
 235	 255	  50	   2	 598	   2	   1	   3	  17	  19	  20	  50	  70	 404	646412	647010	   0	-110	
 236	 256	  70	   1	 275	   3	   1	   3	  17	  20	  20	  50	  70	 594	648879	649154	   0	-100	
 237	 257	  50	   1	 324	   2	   1	   3	  18	  20	  20	  50	  70	 608	651038	651362	   0	 -90	
 238	 258	  70	   2	 777	   3	   1	   3	  18	  21	  20	  50	  70	 625	653265	654042	   0	-100	
 239	 259	  50	   2	 140	   2	   1	   3	  19	  21	  20	  50	  70	 467	655798	655938	   0	-110	
 240	 260	  70	   1	 407	   3	   1	   3	  19	  22	  20	  50	  70	 548	657771	658178	   0	-100	
 241	 261	  20	   1	 201	   1	   1	   4	  19	  22	  20	  50	  70	 433	659905	660106	   0	 -90	
 242	 262	  70	   1	 521	   3	   1	   4	  19	  23	  20	  50	  70	 507	661905	662426	   0	 -80	
 243	 263	  50	   1	 199	   2	   1	   4	  20	  23	  20	  50	  70	 582	664291	664490	   0	 -70	
 244	 264	  20	   2	 170	   1	   1	   5	  20	  23	  20	  50	  70	 301	666064	666234	   0	 -80	
 245	 265	  70	   1	 122	   3	   1	   5	  20	  24	  20	  50	  70	 427	667944	668066	   0	 -70	
 246	 266	  50	   1	 474	   2	   1	   5	  21	  24	  20	  50	  70	 553	669904	670378	   0	 -60	
 247	 267	  70	   1	 714	   3	   1	   5	  21	  25	  20	  50	  70	 489	672144	672858	   0	 -50	
 248	 268	  50	   2	1582	   2	   1	   5	  22	  25	  20	  50	  70	 668	674811	676393	   0	 -60	
 249	 269	  20	   2	 478	   1	   1	   6	  22	  25	  20	  50	  70	 460	678131	678609	   0	 -70	
 250	 270	  50	   2	  41	   2	   1	   6	  23	  25	  20	  50	  70	 456	680344	680385	   0	 -80	
 251	 271	  70	   2	1009	   3	   1	   6	  23	  26	  20	  50	  70	 345	682024	683033	   0	 -90	
 252	 272	  50	   2	 215	   2	   1	   6	  24	  26	  20	  50	  70	 578	684890	685105	   0	-100	
 253	 273	  70	   1	 879	   3	   1	   6	  24	  27	  20	  50	  70	 415	686810	687689	   0	 -90	
 254	 274	  50	   1	 175	   2	   1	   6	  25	  27	  20	  50	  70	 469	689450	689625	   0	 -80	
 255	 275	  20	   1	 468	   1	   1	   7	  25	  27	  20	  50	  70	 448	691357	691825	   0	 -70	
 256	 276	  70	   1	 370	   3	   1	   7	  25	  28	  20	  50	  70	 314	693423	693793	   0	 -60	
 257	 277	  50	   1	 530	   2	   1	   7	  26	  28	  20	  50	  70	 629	695703	696233	   0	 -50	
 258	 278	  20	   2	 213	   1	   1	   8	  26	  28	  20	  50	  70	 611	698116	698329	   0	 -60	
 259	 279	  70	   2	 506	   3	   1	   8	  26	  29	  20	  50	  70	 369	699983	700489	   0	 -70	
 260	 280	  20	   2	1037	   1	   1	   9	  26	  29	  20	  50	  70	 419	702196	703233	   0	 -80	
 261	 281	  70	   1	 741	   3	   1	   9	  26	  30	  20	  50	  70	 394	704916	705657	   0	 -70	
 262	 282	  20	   2	 416	   1	   1	  10	  26	  30	  20	  50	  70	 589	707529	707945	   0	 -80	
 263	 283	  50	   2	 133	   3	   1	  10	  26	   1	  20	  50	  50	 672	709916	710049	   3	 -90	
 264	 284	  50	   2	 485	   2	   1	  10	  27	   1	  20	  50	  50	 539	711876	712361	   0	-100	
NaN	 285	  20	NaN	NaN	   1	   3	  10	  27	   1	  20	  50	  50	 610	711876	NaN	   0	-100	
 265	 286	  50	   1	1087	   2	   1	  10	  28	   1	  20	  50	  50	 386	717889	718976	   0	 -90	
 266	 287	  20	   2	 493	   1	   1	  11	  28	   1	  20	  50	  50	 534	720795	721288	   0	-100	
 267	 288	  50	   2	 762	   3	   1	  11	  28	   2	  20	  50	  50	 445	723022	723784	   0	-110	
 268	 289	  20	   2	  10	   1	   1	  12	  28	   2	  20	  50	  50	 434	725502	725512	   0	-120	
 269	 290	  50	   1	  63	   3	   1	  12	  28	   3	  20	  50	  50	 381	727169	727232	   0	-110	
 270	 291	  50	   2	 907	   2	   1	  12	  29	   3	  20	  50	  50	 399	728901	729808	   0	-120	
NaN	 292	  50	NaN	NaN	   3	   3	  12	  29	   3	  20	  50	  50	 328	728901	NaN	   0	-120	
 271	 293	  50	   1	 101	   2	   1	  12	  30	   3	  20	  50	  50	 434	735115	735216	   0	-110	
 272	 294	  50	   2	1611	   3	   1	  12	  30	   4	  20	  50	  50	 679	737181	738792	   0	-120	
 273	 295	  20	   2	 192	   1	   1	  13	  30	   4	  20	  50	  50	 341	740408	740600	   0	-130	
 274	 296	  50	   1	  53	   2	   1	  13	  31	   4	  20	  50	  50	 678	742555	742608	   0	-120	
 275	 297	  20	   1	 555	   1	   1	  14	  31	   4	  20	  50	  50	 529	744421	744976	   0	-110	
 276	 298	  50	   2	 190	   2	   1	  14	  32	   4	  20	  50	  50	 617	746874	747064	   0	-120	
 277	 299	  20	   2	 504	   1	   1	  15	  32	   4	  20	  50	  50	 656	749008	749512	   0	-130	
 278	 300	  50	   1	  19	   2	   1	  15	  33	   4	  20	  50	  50	 308	751101	751120	   0	-120	
 279	 301	  50	   1	  87	   3	   1	  15	  33	   5	  20	  50	  50	 519	752913	753000	   0	-110	
 280	 302	  20	   2	  45	   2	   1	  15	   1	   5	  20	  20	  50	 482	754794	754839	   2	-120	
 281	 303	  50	   1	  34	   3	   1	  15	   1	   6	  20	  20	  50	 366	756501	756535	   0	-110	
 282	 304	  20	   2	  82	   2	   1	  15	   2	   6	  20	  20	  50	 683	758501	758583	   0	-120	
 283	 305	  20	   1	 320	   1	   1	  16	   2	   6	  20	  20	  50	 542	760407	760727	   0	-110	
 284	 306	  50	   2	 384	   3	   1	  16	   2	   7	  20	  20	  50	 398	762407	762791	   0	-120	
 285	 307	  20	   2	 192	   1	   1	  17	   2	   7	  20	  20	  50	 584	764647	764839	   0	-130	
 286	 308	  50	   2	 256	   3	   1	  17	   2	   8	  20	  20	  50	 559	766687	766943	   0	-140	
 287	 309	  20	   2	 256	   1	   1	  18	   2	   8	  20	  20	  50	 497	768727	768983	   0	-150	
 288	 310	  50	   1	 419	   3	   1	  18	   2	   9	  20	  20	  50	 347	770620	771039	   0	-140	
 289	 311	  20	   2	 147	   1	   1	  19	   2	   9	  20	  20	  50	 665	772980	773127	   0	-150	
 290	 312	  50	   1	 281	   3	   1	  19	   2	  10	  20	  20	  50	 511	774926	775207	   0	-140	
 291	 313	  20	   2	 195	   2	   1	  19	   3	  10	  20	  20	  50	 597	777100	777295	   0	-150	
 292	 314	  50	   1	 227	   3	   1	  19	   3	  11	  20	  20	  50	 565	779140	779367	   0	-140	
 293	 315	  20	   2	  94	   2	   1	  19	   4	  11	  20	  20	  50	 618	781273	781367	   0	-150	
 294	 316	  20	   2	 406	   1	   1	  20	   4	  11	  20	  20	  50	 455	783113	783519	   0	-160	
 295	 317	  20	   1	 276	   2	   1	  20	   5	  11	  20	  20	  50	 535	785339	785615	   0	-150	
 296	 318	  50	   1	 225	   3	   1	  20	   5	  12	  20	  20	  50	 675	787566	787791	   0	-140	
 297	 319	  20	   2	 393	   2	   1	  20	   6	  12	  20	  20	  50	 460	789526	789919	   0	-150	
 298	 320	  20	   2	 340	   1	   1	  21	   6	  12	  20	  20	  50	 661	791859	792199	   0	-160	
 299	 321	  50	   2	 137	   3	   1	  21	   6	  13	  20	  20	  50	 487	793966	794103	   0	-170	
 300	 322	  20	   1	 248	   1	   1	  22	   6	  13	  20	  20	  50	 540	795926	796174	   0	-160	
 301	 323	  50	   1	 438	   3	   1	  22	   6	  14	  20	  20	  50	 571	798032	798470	   0	-150	
 302	 324	  20	   2	 182	   1	   1	  23	   6	  14	  20	  20	  50	 520	800272	800454	   0	-160	
 303	 325	  20	   2	 462	   2	   1	  23	   7	  14	  20	  20	  50	 422	802152	802614	   0	-170	
 304	 326	  20	   2	 339	   1	   1	  24	   7	  14	  20	  20	  50	 487	804379	804718	   0	-180	
 305	 327	  50	   1	 438	   3	   1	  24	   7	  15	  20	  20	  50	 307	806312	806750	   0	-170	
 306	 328	  20	   2	 348	   2	   1	  24	   8	  15	  20	  20	  50	 386	808418	808766	   0	-180	
 307	 329	  50	   2	 350	   3	   1	  24	   8	  16	  20	  20	  50	 503	810552	810902	   0	-190	
 308	 330	  20	   1	 590	   2	   1	  24	   9	  16	  20	  20	  50	 410	812592	813182	   0	-180	
 309	 331	  20	   2	  33	   1	   1	  25	   9	  16	  20	  20	  50	 499	814965	814998	   0	-190	
 310	 332	  20	   2	 799	   2	   1	  25	  10	  16	  20	  20	  50	 309	816591	817390	   0	-200	
 311	 333	  50	   2	 401	   3	   1	  25	  10	  17	  20	  20	  50	 606	819285	819686	   0	-210	
 312	 334	  20	   2	 708	   1	   1	  26	  10	  17	  20	  20	  50	 644	821618	822326	   0	-220	
 313	 335	  20	   2	1159	   2	   1	  26	  11	  17	  20	  20	  50	 416	824031	825190	   0	-230	
 314	 336	  50	   1	 290	   3	   1	  26	  11	  18	  20	  20	  50	 493	826964	827254	   0	-220	
 315	 337	  20	   2	 890	   1	   1	  27	  11	  18	  20	  20	  50	 437	828964	829854	   0	-230	
 316	 338	  20	   2	1293	   2	   1	  27	  12	  18	  20	  20	  50	 406	831537	832830	   0	-240	
 317	 339	  20	   1	 670	   1	   1	  28	  12	  18	  20	  20	  50	 324	834431	835101	   0	-230	
 318	 340	  20	   2	 790	   2	   1	  28	  13	  18	  20	  20	  50	 450	836831	837621	   0	-240	
 319	 341	  20	   2	 361	   1	   1	  29	  13	  18	  20	  20	  50	 383	839284	839645	   0	-250	
 320	 342	  50	   2	1237	   3	   1	  29	  13	  19	  20	  20	  50	 332	841256	842493	   0	-260	
 321	 343	  20	   2	1012	   1	   1	  30	  13	  19	  20	  20	  50	 395	844177	845189	   0	-270	
 322	 344	  20	   2	 644	   2	   1	  30	  14	  19	  20	  20	  50	 422	846897	847541	   0	-280	
 323	 345	  50	   2	 396	   3	   1	  30	  14	  20	  20	  20	  50	 676	849497	849893	   0	-290	
 324	 346	  20	   2	 788	   2	   1	  30	  15	  20	  20	  20	  50	 443	851617	852405	   0	-300	
 325	 347	  20	   2	  74	   1	   1	  31	  15	  20	  20	  20	  50	 517	854203	854277	   0	-310	
 326	 348	  20	   2	 802	   2	   1	  31	  16	  20	  20	  20	  50	 644	856203	857005	   0	-320	
 327	 349	  50	   2	  45	   3	   1	  31	  16	  21	  20	  20	  50	 568	858856	858901	   0	-330	
 328	 350	  20	   2	 458	   1	   1	  32	  16	  21	  20	  20	  50	 383	860563	861021	   0	-340	
 329	 351	  50	   1	  24	   3	   1	  32	  16	  22	  20	  20	  50	 561	862869	862893	   0	-330	
 330	 352	  20	   1	 322	   1	   1	  33	  16	  22	  20	  20	  50	 318	864483	864805	   0	-320	
 331	 353	  50	   2	 445	   3	   1	  33	  16	  23	  20	  20	  50	 432	866536	866981	   0	-330	
 332	 354	  20	   2	 875	   1	   1	  34	  16	  23	  20	  20	  50	 505	868762	869637	   0	-340	
 333	 355	  20	   2	 866	   2	   1	  34	  17	  23	  20	  20	  50	 572	871482	872348	   0	-350	
 334	 356	  20	   2	1090	   1	   1	  35	  17	  23	  20	  20	  50	 603	874242	875332	   0	-360	
 335	 357	  50	   1	 509	   3	   1	  35	  17	  24	  20	  20	  50	 359	876975	877484	   0	-350	
 336	 358	  20	   1	 197	   2	   1	  35	  18	  24	  20	  20	  50	 647	879415	879612	   0	-340	
 337	 359	  50	   1	 269	   3	   1	  35	  18	  25	  20	  20	  50	 480	881375	881644	   0	-330	
 338	 360	  20	   1	 343	   2	   1	  35	  19	  25	  20	  20	  50	 696	883629	883972	   0	-320	
 339	 361	  80	   1	1154	   1	   1	   1	  19	  25	  80	  20	  50	 403	885682	886836	   1	-310	
 340	 362	  20	   2	 544	   2	   1	   1	  20	  25	  80	  20	  50	 548	888668	889212	   0	-320	
 341	 363	  50	   2	 426	   3	   1	   1	  20	  26	  80	  20	  50	 375	890882	891308	   0	-330	
 342	 364	  80	   1	 539	   1	   1	   2	  20	  26	  80	  20	  50	 651	893241	893780	   0	-320	
 343	 365	  50	   1	1133	   3	   1	   2	  20	  27	  80	  20	  50	 311	895375	896508	   0	-310	
 344	 366	  20	   1	 469	   2	   1	   2	  21	  27	  80	  20	  50	 420	898215	898684	   0	-300	
NaN	 367	  50	NaN	NaN	   3	   3	   2	  21	  27	  80	  20	  50	 325	898215	NaN	   0	-300	
 345	 368	  20	   2	 512	   2	   1	   2	  22	  27	  80	  20	  50	 408	903948	904460	   0	-310	
 346	 369	  80	   1	1491	   1	   1	   3	  22	  27	  80	  20	  50	 493	906241	907732	   0	-300	
 347	 370	  50	   1	 814	   3	   1	   3	  22	  28	  80	  20	  50	 685	909694	910508	   0	-290	
 348	 371	  20	   2	1235	   2	   1	   3	  23	  28	  80	  20	  50	 531	912321	913556	   0	-300	
 349	 372	  50	   2	 381	   3	   1	   3	  23	  29	  80	  20	  50	 573	915414	915795	   0	-310	
 350	 373	  80	   1	 107	   1	   1	   4	  23	  29	  80	  20	  50	 560	917640	917747	   0	-300	
 351	 374	  50	   2	1011	   3	   1	   4	  23	  30	  80	  20	  50	 468	919520	920531	   0	-310	
 352	 375	  80	   2	 357	   1	   1	   5	  23	  30	  80	  20	  50	 371	922174	922531	   0	-320	
 353	 376	  50	   2	 358	   3	   1	   5	  23	  31	  80	  20	  50	 443	924253	924611	   0	-330	
 354	 377	  20	   2	 331	   2	   1	   5	  24	  31	  80	  20	  50	 390	926280	926611	   0	-340	
 355	 378	  80	   1	 304	   1	   1	   6	  24	  31	  80	  20	  50	 544	928427	928731	   0	-330	
 356	 379	  50	   2	 499	   3	   1	   6	  24	  32	  80	  20	  50	 592	930600	931099	   0	-340	
 357	 380	  80	   1	 363	   1	   1	   7	  24	  32	  80	  20	  50	 334	932720	933083	   0	-330	
 358	 381	  50	   1	 270	   3	   1	   7	  24	  33	  80	  20	  50	 322	934693	934963	   0	-320	
 359	 382	  80	   1	 238	   1	   1	   8	  24	  33	  80	  20	  50	 519	936773	937011	   0	-310	
 360	 383	  20	   2	 507	   2	   1	   8	  25	  33	  80	  20	  50	 307	938600	939107	   0	-320	
 361	 384	  80	   2	 718	   1	   1	   9	  25	  33	  80	  20	  50	 519	940933	941651	   0	-330	
 362	 385	  70	   1	 241	   3	   1	   9	  25	   1	  80	  20	  70	 391	943346	943587	   3	-320	
 363	 386	  80	   1	 252	   1	   1	  10	  25	   1	  80	  20	  70	 362	945239	945491	   0	-310	
 364	 387	  20	   2	 239	   2	   1	  10	  26	   1	  80	  20	  70	 610	947372	947611	   0	-320	
 365	 388	  70	   2	 359	   3	   1	  10	  26	   2	  80	  20	  70	 604	949492	949851	   0	-330	
 366	 389	  20	   1	1281	   2	   1	  10	  27	   2	  80	  20	  70	 541	951666	952947	   0	-320	
 367	 390	  70	   2	 473	   3	   1	  10	  27	   3	  80	  20	  70	 587	954825	955298	   0	-330	
 368	 391	  80	   1	 923	   1	   1	  11	  27	   3	  80	  20	  70	 696	957279	958202	   0	-320	
 369	 392	  70	   1	1862	   3	   1	  11	  27	   4	  80	  20	  70	 688	960172	962034	   0	-310	
 370	 393	  20	   2	 486	   2	   1	  11	  28	   4	  80	  20	  70	 580	963892	964378	   0	-320	
 371	 394	  70	   1	1180	   3	   1	  11	  28	   5	  80	  20	  70	 563	966238	967418	   0	-310	
 372	 395	  20	   2	 305	   2	   1	  11	  29	   5	  80	  20	  70	 682	969385	969690	   0	-320	
 373	 396	  70	   1	1049	   3	   1	  11	  29	   6	  80	  20	  70	 424	971385	972434	   0	-310	
 374	 397	  80	   1	 175	   1	   1	  12	  29	   6	  80	  20	  70	 340	974051	974226	   0	-300	
 375	 398	  70	   2	 817	   3	   1	  12	  29	   7	  80	  20	  70	 587	976105	976922	   0	-310	
 376	 399	  20	   2	 458	   2	   1	  12	  30	   7	  80	  20	  70	 540	978744	979202	   0	-320	
 377	 400	  80	   1	 295	   1	   1	  13	  30	   7	  80	  20	  70	 409	980891	981186	   0	-310	
 378	 401	  20	   2	 346	   2	   1	  13	  31	   7	  80	  20	  70	 470	982944	983290	   0	-320	
 379	 402	  80	   1	 322	   1	   1	  14	  31	   7	  80	  20	  70	 504	985064	985386	   0	-310	
 380	 403	  20	   2	 349	   2	   1	  14	  32	   7	  80	  20	  70	 648	987317	987666	   0	-320	
 381	 404	  80	   1	 466	   1	   1	  15	  32	   7	  80	  20	  70	 495	989464	989930	   0	-310	
 382	 405	  20	   1	 266	   2	   1	  15	  33	   7	  80	  20	  70	 326	991544	991810	   0	-300	
 383	 406	  80	   1	 278	   1	   1	  16	  33	   7	  80	  20	  70	 358	993451	993729	   0	-290	
 384	 407	  20	   2	 767	   2	   1	  16	  34	   7	  80	  20	  70	 314	995330	996097	   0	-300	
 385	 408	  80	   1	 375	   1	   1	  17	  34	   7	  80	  20	  70	 555	997930	998305	   0	-290	
 386	 409	  20	   2	 951	   2	   1	  17	  35	   7	  80	  20	  70	 618	1000210	1001161	   0	-300	
 387	 410	  80	   2	1988	   1	   1	  18	  35	   7	  80	  20	  70	 349	1002797	1004785	   0	-310	
 388	 411	  80	   1	 626	   2	   1	  18	   1	   7	  80	  80	  70	 401	1006503	1007129	   2	-300	
 389	 412	  80	   2	 455	   1	   1	  19	   1	   7	  80	  80	  70	 435	1008850	1009305	   0	-310	
NaN	 413	  80	NaN	NaN	   2	   3	  19	   1	   7	  80	  80	  70	 680	1008850	NaN	   0	-310	
 390	 414	  80	   1	 735	   1	   1	  20	   1	   7	  80	  80	  70	 360	1014890	1015625	   0	-300	
 391	 415	  80	   1	1984	   2	   1	  20	   2	   7	  80	  80	  70	 372	1017289	1019273	   0	-290	
 392	 416	  80	   2	1344	   1	   1	  21	   2	   7	  80	  80	  70	 699	1021249	1022593	   0	-300	
 393	 417	  70	   1	 149	   3	   1	  21	   2	   8	  80	  80	  70	 648	1024516	1024665	   0	-290	
 394	 418	  80	   1	  11	   2	   1	  21	   3	   8	  80	  80	  70	 477	1026422	1026433	   0	-280	
 395	 419	  80	   1	 909	   1	   1	  22	   3	   8	  80	  80	  70	 561	1028276	1029185	   0	-270	
 396	 420	  80	   2	 421	   2	   1	  22	   4	   8	  80	  80	  70	 565	1031036	1031457	   0	-280	
 397	 421	  70	   1	 163	   3	   1	  22	   4	   9	  80	  80	  70	 529	1033262	1033425	   0	-270	
 398	 422	  80	   1	1762	   2	   1	  22	   5	   9	  80	  80	  70	 397	1035102	1036864	   0	-260	
 399	 423	  80	   1	1199	   1	   1	  23	   5	   9	  80	  80	  70	 617	1038769	1039968	   0	-250	
NaN	 424	  70	NaN	NaN	   3	   3	  23	   5	   9	  80	  80	  70	 531	1038769	NaN	   0	-250	
 400	 425	  80	   1	1184	   2	   1	  23	   6	   9	  80	  80	  70	 495	1045528	1046712	   0	-240	
NaN	 426	  80	NaN	NaN	   1	   3	  23	   6	   9	  80	  80	  70	 498	1045528	NaN	   0	-240	
 401	 427	  70	   1	 229	   3	   1	  23	   6	  10	  80	  80	  70	 401	1052155	1052384	   0	-230	
NaN	 428	  80	NaN	NaN	   2	   3	  23	   6	  10	  80	  80	  70	 494	1052155	NaN	   0	-230	
 402	 429	  80	   1	 147	   1	   1	  24	   6	  10	  80	  80	  70	 599	1058021	1058168	   0	-220	
 403	 430	  70	   2	 480	   3	   1	  24	   6	  11	  80	  80	  70	 595	1060048	1060528	   0	-230	
 404	 431	  80	   1	  70	   2	   1	  24	   7	  11	  80	  80	  70	 338	1062154	1062224	   0	-220	
 405	 432	  70	   1	1379	   3	   1	  24	   7	  12	  80	  80	  70	 469	1063981	1065360	   0	-210	
 406	 433	  80	   1	 201	   2	   1	  24	   8	  12	  80	  80	  70	 489	1067127	1067328	   0	-200	
 407	 434	  70	   1	 603	   3	   1	  24	   8	  13	  80	  80	  70	 682	1069301	1069904	   0	-190	
 408	 435	  80	   2	 273	   2	   1	  24	   9	  13	  80	  80	  70	 700	1071887	1072160	   0	-200	
 409	 436	  70	   2	 787	   3	   1	  24	   9	  14	  80	  80	  70	 693	1074140	1074927	   0	-210	
 410	 437	  80	   1	 448	   1	   1	  25	   9	  14	  80	  80	  70	 393	1076607	1077055	   0	-200	
 411	 438	  70	   1	 397	   3	   1	  25	   9	  15	  80	  80	  70	 388	1078354	1078751	   0	-190	
 412	 439	  80	   1	 928	   1	   1	  26	   9	  15	  80	  80	  70	 538	1080567	1081495	   0	-180	
 413	 440	  70	   1	1251	   3	   1	  26	   9	  16	  80	  80	  70	 608	1083380	1084631	   0	-170	
 414	 441	  80	   1	 607	   2	   1	  26	  10	  16	  80	  80	  70	 612	1086512	1087119	   0	-160	
 415	 442	  70	   2	 931	   3	   1	  26	  10	  17	  80	  80	  70	 576	1088980	1089911	   0	-170	
 416	 443	  80	   2	 342	   1	   1	  27	  10	  17	  80	  80	  70	 450	1091633	1091975	   0	-180	
 417	 444	  80	   2	 918	   2	   1	  27	  11	  17	  80	  80	  70	 695	1093953	1094871	   0	-190	
 418	 445	  80	   1	 604	   1	   1	  28	  11	  17	  80	  80	  70	 314	1096459	1097063	   0	-180	
 419	 446	  80	   1	 313	   2	   1	  28	  12	  17	  80	  80	  70	 661	1099006	1099319	   0	-170	
 420	 447	  80	   1	 356	   1	   1	  29	  12	  17	  80	  80	  70	 385	1100979	1101335	   0	-160	
 421	 448	  80	   1	 585	   2	   1	  29	  13	  17	  80	  80	  70	 490	1103126	1103711	   0	-150	
 422	 449	  80	   1	 535	   1	   1	  30	  13	  17	  80	  80	  70	 681	1105672	1106207	   0	-140	
 423	 450	  70	   1	 572	   3	   1	  30	  13	  18	  80	  80	  70	 450	1107939	1108511	   0	-130	
 424	 451	  30	   2	 447	   1	   1	   1	  13	  18	  30	  80	  70	 556	1110352	1110799	   1	-140	
 425	 452	  80	   1	 759	   2	   1	   1	  14	  18	  30	  80	  70	 308	1112392	1113151	   0	-130	
 426	 453	  70	   1	 377	   3	   1	   1	  14	  19	  30	  80	  70	 695	1115125	1115502	   0	-120	
 427	 454	  80	   1	 718	   2	   1	   1	  15	  19	  30	  80	  70	 331	1117112	1117830	   0	-110	
 428	 455	  30	   1	 870	   1	   1	   2	  15	  19	  30	  80	  70	 322	1119432	1120302	   0	-100	
 429	 456	  80	   1	 521	   2	   1	   2	  16	  19	  30	  80	  70	 541	1122125	1122646	   0	 -90	
 430	 457	  70	   1	 417	   3	   1	   2	  16	  20	  30	  80	  70	 668	1124605	1125022	   0	 -80	
 431	 458	  30	   1	 417	   1	   1	   3	  16	  20	  30	  80	  70	 675	1127005	1127422	   0	 -70	
 432	 459	  70	   1	 516	   3	   1	   3	  16	  21	  30	  80	  70	 553	1129258	1129774	   0	 -60	
 433	 460	  30	   2	 844	   1	   1	   4	  16	  21	  30	  80	  70	 320	1131378	1132222	   0	 -70	
 434	 461	  80	   1	 217	   2	   1	   4	  17	  21	  30	  80	  70	 376	1133885	1134102	   0	 -60	
 435	 462	  70	   2	 794	   3	   1	   4	  17	  22	  30	  80	  70	 654	1136044	1136838	   0	 -70	
 436	 463	  30	   2	 631	   1	   1	   5	  17	  22	  30	  80	  70	 438	1138551	1139182	   0	 -80	
 437	 464	  80	   2	1183	   2	   1	   5	  18	  22	  30	  80	  70	 567	1141031	1142214	   0	 -90	
 438	 465	  30	   2	 973	   1	   1	   6	  18	  22	  30	  80	  70	 488	1143977	1144950	   0	-100	
 439	 466	  70	   2	 637	   3	   1	   6	  18	  23	  30	  80	  70	 656	1146897	1147534	   0	-110	
 440	 467	  80	   1	1613	   2	   1	   6	  19	  23	  30	  80	  70	 362	1149177	1150790	   0	-100	
 441	 468	  70	   1	1383	   3	   1	   6	  19	  24	  30	  80	  70	 414	1152510	1153893	   0	 -90	
 442	 469	  30	   1	1167	   1	   1	   7	  19	  24	  30	  80	  70	 305	1155470	1156637	   0	 -80	
 443	 470	  80	   1	 210	   2	   1	   7	  20	  24	  30	  80	  70	 451	1158363	1158573	   0	 -70	
 444	 471	  30	   2	 367	   1	   1	   8	  20	  24	  30	  80	  70	 338	1160190	1160557	   0	 -80	
 445	 472	  70	   1	 647	   3	   1	   8	  20	  25	  30	  80	  70	 549	1162390	1163037	   0	 -70	
 446	 473	  30	   2	 268	   1	   1	   9	  20	  25	  30	  80	  70	 625	1164937	1165205	   0	 -80	
 447	 474	  80	   1	 951	   2	   1	   9	  21	  25	  30	  80	  70	 334	1166830	1167781	   0	 -70	
 448	 475	  30	   2	 927	   1	   1	  10	  21	  25	  30	  80	  70	 332	1169390	1170317	   0	 -80	
 449	 476	  70	   1	 821	   3	   1	  10	  21	  26	  30	  80	  70	 697	1172296	1173117	   0	 -70	
 450	 477	  80	   1	  90	   2	   1	  10	  22	  26	  30	  80	  70	 320	1174723	1174813	   0	 -60	
 451	 478	  70	   1	 637	   3	   1	  10	  22	  27	  30	  80	  70	 301	1176416	1177053	   0	 -50	
 452	 479	  80	   1	1736	   2	   1	  10	  23	  27	  30	  80	  70	 380	1178709	1180445	   0	 -40	
 453	 480	  30	   1	 933	   1	   1	  11	  23	  27	  30	  80	  70	 649	1182376	1183309	   0	 -30	
 454	 481	  70	   2	 851	   3	   1	  11	  23	  28	  30	  80	  70	 566	1185162	1186013	   0	 -40	
 455	 482	  80	   1	1000	   2	   1	  11	  24	  28	  30	  80	  70	 584	1187869	1188869	   0	 -30	
 456	 483	  70	   1	1571	   3	   1	  11	  24	  29	  30	  80	  70	 331	1190482	1192053	   0	 -20	
 457	 484	  80	   2	 591	   2	   1	  11	  25	  29	  30	  80	  70	 374	1193709	1194300	   0	 -30	
 458	 485	  30	   2	1098	   1	   1	  12	  25	  29	  30	  80	  70	 496	1196082	1197180	   0	 -40	
 459	 486	  80	   1	 640	   2	   1	  12	  26	  29	  30	  80	  70	 401	1198868	1199508	   0	 -30	
 460	 487	  70	   1	 384	   3	   1	  12	  26	  30	  30	  80	  70	 549	1201348	1201732	   0	 -20	
NaN	 488	  80	NaN	NaN	   2	   3	  12	  26	  30	  30	  80	  70	 527	1201348	NaN	   0	 -20	
 461	 489	  30	   2	1243	   1	   1	  13	  26	  30	  30	  80	  70	 396	1207201	1208444	   0	 -30	
 462	 490	  70	   1	1277	   3	   1	  13	  26	  31	  30	  80	  70	 610	1210335	1211612	   0	 -20	
 463	 491	  30	   1	 427	   1	   1	  14	  26	  31	  30	  80	  70	 473	1213361	1213788	   0	 -10	
 464	 492	  70	   1	 312	   3	   1	  14	  26	  32	  30	  80	  70	 431	1215508	1215820	   0	   0	
 465	 493	  80	   1	 438	   2	   1	  14	  27	  32	  30	  80	  70	 467	1217574	1218012	   0	  10	
 466	 494	  70	   1	 582	   3	   1	  14	  27	  33	  30	  80	  70	 523	1219814	1220396	   0	  20	
 467	 495	  30	   2	1774	   1	   1	  15	  27	  33	  30	  80	  70	 415	1222094	1223868	   0	  10	
 468	 496	  80	   1	 227	   2	   1	  15	  28	  33	  30	  80	  70	 331	1225481	1225708	   0	  20	
 469	 497	  70	   2	1166	   3	   1	  15	  28	  34	  30	  80	  70	 541	1227534	1228700	   0	  10	
 470	 498	  30	   2	1089	   1	   1	  16	  28	  34	  30	  80	  70	 603	1230587	1231676	   0	   0	
 471	 499	  70	   1	 893	   3	   1	  16	  28	  35	  30	  80	  70	 347	1233334	1234227	   0	  10	
 472	 500	  30	   1	 579	   1	   1	  17	  28	  35	  30	  80	  70	 402	1235920	1236499	   0	  20	
 473	 501	  50	   2	 510	   3	   1	  17	  28	   1	  30	  80	  50	 565	1238373	1238883	   3	  10	
 474	 502	  80	   2	1635	   2	   1	  17	  29	   1	  30	  80	  50	 428	1240600	1242235	   0	   0	
 475	 503	  30	   2	 134	   1	   1	  18	  29	   1	  30	  80	  50	 696	1244213	1244347	   0	 -10	
 476	 504	  50	   1	 315	   3	   1	  18	  29	   2	  30	  80	  50	 409	1246040	1246355	   0	   0	
 477	 505	  30	   2	1094	   1	   1	  19	  29	   2	  30	  80	  50	 416	1248053	1249147	   0	 -10	
 478	 506	  80	   1	1041	   2	   1	  19	  30	   2	  30	  80	  50	 516	1250946	1251987	   0	   0	
 479	 507	  50	   2	 889	   3	   1	  19	  30	   3	  30	  80	  50	 355	1253626	1254515	   0	 -10	
 480	 508	  20	   1	 708	   2	   1	  19	   1	   3	  30	  20	  50	 552	1256359	1257067	   2	   0	
 481	 509	  50	   2	1225	   3	   1	  19	   1	   4	  30	  20	  50	 482	1258866	1260091	   0	 -10	
 482	 510	  30	   2	1287	   1	   1	  20	   1	   4	  30	  20	  50	 452	1261812	1263099	   0	 -20	
 483	 511	  50	   1	1033	   3	   1	  20	   1	   5	  30	  20	  50	 611	1264986	1266019	   0	 -10	
 484	 512	  30	   2	 367	   1	   1	  21	   1	   5	  30	  20	  50	 436	1267732	1268099	   0	 -20	
 485	 513	  20	   2	1490	   2	   1	  21	   2	   5	  30	  20	  50	 650	1270025	1271515	   0	 -30	
 486	 514	  30	   1	 494	   1	   1	  22	   2	   5	  30	  20	  50	 382	1273172	1273666	   0	 -20	
NaN	 515	  50	NaN	NaN	   3	   3	  22	   2	   5	  30	  20	  50	 540	1273172	NaN	   0	 -20	
 487	 516	  30	   1	 502	   1	   1	  23	   2	   5	  30	  20	  50	 549	1279292	1279794	   0	 -10	
 488	 517	  20	   2	 297	   2	   1	  23	   3	   5	  30	  20	  50	 666	1281745	1282042	   0	 -20	
 489	 518	  50	   1	 817	   3	   1	  23	   3	   6	  30	  20	  50	 622	1283945	1284762	   0	 -10	
 490	 519	  20	   1	 687	   2	   1	  23	   4	   6	  30	  20	  50	 480	1286531	1287218	   0	   0	
 491	 520	  30	   2	2012	   1	   1	  24	   4	   6	  30	  20	  50	 398	1288918	1290930	   0	 -10	
 492	 521	  20	   2	  95	   2	   1	  24	   5	   6	  30	  20	  50	 322	1292531	1292626	   0	 -20	
 493	 522	  50	   1	1284	   3	   1	  24	   5	   7	  30	  20	  50	 599	1294518	1295802	   0	 -10	
 494	 523	  30	   2	1564	   1	   1	  25	   5	   7	  30	  20	  50	 317	1297398	1298962	   0	 -20	
 495	 524	  50	   1	 565	   3	   1	  25	   5	   8	  30	  20	  50	 637	1300877	1301442	   0	 -10	
 496	 525	  30	   2	 589	   1	   1	  26	   5	   8	  30	  20	  50	 595	1303317	1303906	   0	 -20	
 497	 526	  50	   2	 847	   3	   1	  26	   5	   9	  30	  20	  50	 584	1305771	1306618	   0	 -30	
 498	 527	  30	   2	  24	   1	   1	  27	   5	   9	  30	  20	  50	 430	1308330	1308354	   0	 -40	
 499	 528	  50	   2	 954	   3	   1	  27	   5	  10	  30	  20	  50	 508	1310144	1311098	   0	 -50	
 500	 529	  30	   1	 188	   1	   1	  28	   5	  10	  30	  20	  50	 655	1313037	1313225	   0	 -40	
 501	 530	  50	   1	 818	   3	   1	  28	   5	  11	  30	  20	  50	 522	1315063	1315881	   0	 -30	
 502	 531	  30	   2	 375	   1	   1	  29	   5	  11	  30	  20	  50	 363	1317530	1317905	   0	 -40	
 503	 532	  50	   2	 226	   3	   1	  29	   5	  12	  30	  20	  50	 389	1319583	1319809	   0	 -50	
 504	 533	  30	   2	 855	   1	   1	  30	   5	  12	  30	  20	  50	 354	1321450	1322305	   0	 -60	
 505	 534	  20	   2	1650	   2	   1	  30	   6	  12	  30	  20	  50	 635	1324223	1325873	   0	 -70	
NaN	 535	  50	NaN	NaN	   3	   3	  30	   6	  12	  30	  20	  50	 323	1324223	NaN	   0	 -70	
 506	 536	  20	   2	 322	   2	   1	  30	   7	  12	  30	  20	  50	 463	1331183	1331505	   0	 -80	
 507	 537	  30	   2	 144	   1	   1	  31	   7	  12	  30	  20	  50	 336	1333129	1333273	   0	 -90	
NaN	 538	  50	NaN	NaN	   3	   3	  31	   7	  12	  30	  20	  50	 638	1333129	NaN	   0	 -90	
 508	 539	  20	   2	1269	   2	   1	  31	   8	  12	  30	  20	  50	 412	1338836	1340105	   0	-100	
 509	 540	  50	   1	1179	   3	   1	  31	   8	  13	  30	  20	  50	 677	1342062	1343241	   0	 -90	
 510	 541	  20	   2	1000	   2	   1	  31	   9	  13	  30	  20	  50	 525	1345049	1346049	   0	-100	
 511	 542	  50	   1	 224	   3	   1	  31	   9	  14	  30	  20	  50	 319	1347689	1347913	   0	 -90	
NaN	 543	  20	NaN	NaN	   2	   3	  31	   9	  14	  30	  20	  50	 402	1347689	NaN	   0	 -90	
 512	 544	  30	   2	 893	   1	   1	  32	   9	  14	  30	  20	  50	 677	1353515	1354408	   0	-100	
 513	 545	  20	   2	   0	   2	   1	  32	  10	  14	  30	  20	  50	 389	1356088	1356088	   0	-110	
 514	 546	  50	   2	 842	   3	   1	  32	  10	  15	  30	  20	  50	 408	1357782	1358624	   0	-120	
 515	 547	  20	   2	1466	   2	   1	  32	  11	  15	  30	  20	  50	 430	1360342	1361808	   0	-130	
NaN	 548	  30	NaN	NaN	   1	   3	  32	  11	  15	  30	  20	  50	 340	1360342	NaN	   0	-130	
 516	 549	  50	   2	 480	   3	   1	  32	  11	  16	  30	  20	  50	 526	1367208	1367688	   0	-140	
 517	 550	  20	   2	 653	   2	   1	  32	  12	  16	  30	  20	  50	 423	1369395	1370048	   0	-150	
 518	 551	  30	   2	 534	   1	   1	  33	  12	  16	  30	  20	  50	 694	1372034	1372568	   0	-160	
 519	 552	  20	   2	1118	   2	   1	  33	  13	  16	  30	  20	  50	 544	1374394	1375512	   0	-170	
 520	 553	  80	   2	 862	   1	   1	   1	  13	  16	  80	  20	  50	 460	1377274	1378136	   1	-180	
 521	 554	  50	   1	 491	   3	   1	   1	  13	  17	  80	  20	  50	 384	1379821	1380312	   0	-170	
 522	 555	  20	   1	 102	   2	   1	   1	  14	  17	  80	  20	  50	 685	1382274	1382376	   0	-160	
 523	 556	  50	   2	 675	   3	   1	   1	  14	  18	  80	  20	  50	 487	1384141	1384816	   0	-170	
 524	 557	  80	   1	1142	   1	   1	   2	  14	  18	  80	  20	  50	 655	1386754	1387896	   0	-160	
 525	 558	  50	   1	 212	   3	   1	   2	  14	  19	  80	  20	  50	 368	1389540	1389752	   0	-150	
 526	 559	  80	   1	 265	   1	   1	   3	  14	  19	  80	  20	  50	 333	1391367	1391632	   0	-140	
NaN	 560	  50	NaN	NaN	   3	   3	   3	  14	  19	  80	  20	  50	 586	1391367	NaN	   0	-140	
 527	 561	  80	   2	 302	   1	   1	   4	  14	  19	  80	  20	  50	 488	1397233	1397535	   0	-150	
 528	 562	  20	   2	  14	   2	   1	   4	  15	  19	  80	  20	  50	 462	1399273	1399287	   0	-160	
 529	 563	  50	   2	 353	   3	   1	   4	  15	  20	  80	  20	  50	 475	1401046	1401399	   0	-170	
 530	 564	  20	   1	 291	   2	   1	   4	  16	  20	  80	  20	  50	 537	1403220	1403511	   0	-160	
 531	 565	  80	   1	 702	   1	   1	   5	  16	  20	  80	  20	  50	 384	1405193	1405895	   0	-150	
 532	 566	  20	   2	 667	   2	   1	   5	  17	  20	  80	  20	  50	 567	1407740	1408407	   0	-160	
 533	 567	  80	   1	1572	   1	   1	   6	  17	  20	  80	  20	  50	 687	1410379	1411951	   0	-150	
 534	 568	  50	   2	1126	   3	   1	   6	  17	  21	  80	  20	  50	 681	1413913	1415039	   0	-160	
NaN	 569	  20	NaN	NaN	   2	   3	   6	  17	  21	  80	  20	  50	 493	1413913	NaN	   0	-160	
 535	 570	  80	   1	 732	   1	   1	   7	  17	  21	  80	  20	  50	 677	1420739	1421471	   0	-150	
 536	 571	  20	   2	 297	   2	   1	   7	  18	  21	  80	  20	  50	 575	1423326	1423623	   0	-160	
 537	 572	  80	   1	 138	   1	   1	   8	  18	  21	  80	  20	  50	 336	1425245	1425383	   0	-150	
 538	 573	  50	   2	 692	   3	   1	   8	  18	  22	  80	  20	  50	 431	1427099	1427791	   0	-160	
NaN	 574	  20	NaN	NaN	   2	   3	   8	  18	  22	  80	  20	  50	 321	1427099	NaN	   0	-160	
 539	 575	  50	   1	 308	   3	   1	   8	  18	  23	  80	  20	  50	 694	1433338	1433646	   0	-150	
 540	 576	  20	   2	 510	   2	   1	   8	  19	  23	  80	  20	  50	 462	1435392	1435902	   0	-160	
 541	 577	  80	   1	 454	   1	   1	   9	  19	  23	  80	  20	  50	 502	1437712	1438166	   0	-150	
 542	 578	  20	   2	 329	   2	   1	   9	  20	  23	  80	  20	  50	 429	1439885	1440214	   0	-160	
 543	 579	  50	   1	 343	   3	   1	   9	  20	  24	  80	  20	  50	 413	1441911	1442254	   0	-150	
 544	 580	  20	   2	 513	   2	   1	   9	  21	  24	  80	  20	  50	 347	1443885	1444398	   0	-160	
 545	 581	  80	   1	 844	   1	   1	  10	  21	  24	  80	  20	  50	 342	1446018	1446862	   0	-150	
 546	 582	  20	   1	 255	   2	   1	  10	  22	  24	  80	  20	  50	 602	1448751	1449006	   0	-140	
 547	 583	  50	   1	1106	   3	   1	  10	  22	  25	  80	  20	  50	 473	1450764	1451870	   0	-130	
NaN	 584	  20	NaN	NaN	   2	   3	  10	  22	  25	  80	  20	  50	 588	1450764	NaN	   0	-130	
 548	 585	  50	   1	1661	   3	   1	  10	  22	  26	  80	  20	  50	 384	1457377	1459038	   0	-120	
 549	 586	  80	   1	 282	   1	   1	  11	  22	  26	  80	  20	  50	 321	1460644	1460926	   0	-110	
 550	 587	  50	   2	 154	   3	   1	  11	  22	  27	  80	  20	  50	 391	1462604	1462758	   0	-120	
 551	 588	  80	   1	 424	   1	   1	  12	  22	  27	  80	  20	  50	 483	1464550	1464974	   0	-110	
 552	 589	  20	   2	 634	   2	   1	  12	  23	  27	  80	  20	  50	 393	1466644	1467278	   0	-120	
 553	 590	  50	   2	 648	   3	   1	  12	  23	  28	  80	  20	  50	 556	1469110	1469758	   0	-130	
 554	 591	  80	   1	 485	   1	   1	  13	  23	  28	  80	  20	  50	 538	1471577	1472062	   0	-120	
 555	 592	  20	   2	  18	   2	   1	  13	  24	  28	  80	  20	  50	 575	1473923	1473941	   0	-130	
 556	 593	  80	   2	 508	   1	   1	  14	  24	  28	  80	  20	  50	 476	1475697	1476205	   0	-140	
 557	 594	  20	   2	 135	   2	   1	  14	  25	  28	  80	  20	  50	 695	1478190	1478325	   0	-150	
 558	 595	  80	   1	 327	   1	   1	  15	  25	  28	  80	  20	  50	 413	1480030	1480357	   0	-140	
 559	 596	  50	   1	 967	   3	   1	  15	  25	  29	  80	  20	  50	 350	1481990	1482957	   0	-130	
 560	 597	  80	   2	   2	   1	   1	  16	  25	  29	  80	  20	  50	 640	1484883	1484885	   0	-140	
 561	 598	  20	   2	 981	   2	   1	  16	  26	  29	  80	  20	  50	 377	1486576	1487557	   0	-150	
 562	 599	  80	   1	 804	   1	   1	  17	  26	  29	  80	  20	  50	 692	1489521	1490325	   0	-140	
 563	 600	  50	   2	 517	   3	   1	  17	  26	  30	  80	  20	  50	 442	1492056	1492573	   0	-150	
 564	 601	  80	   1	  61	   1	   1	  18	  26	  30	  80	  20	  50	 448	1494296	1494357	   0	-140	
 565	 602	  20	   2	 611	   2	   1	  18	  27	  30	  80	  20	  50	 487	1496122	1496733	   0	-150	
 566	 603	  50	   1	 627	   3	   1	  18	  27	  31	  80	  20	  50	 393	1498402	1499029	   0	-140	
 567	 604	  20	   1	 243	   2	   1	  18	  28	  31	  80	  20	  50	 526	1500842	1501085	   0	-130	
 568	 605	  50	   2	 211	   3	   1	  18	  28	  32	  80	  20	  50	 471	1502842	1503053	   0	-140	
 569	 606	  20	   2	 598	   2	   1	  18	  29	  32	  80	  20	  50	 605	1504935	1505533	   0	-150	
 570	 607	  50	   2	 270	   3	   1	  18	  29	  33	  80	  20	  50	 408	1507215	1507485	   0	-160	
 571	 608	  20	   2	 768	   2	   1	  18	  30	  33	  80	  20	  50	 637	1509429	1510197	   0	-170	
 572	 609	  30	   2	 811	   3	   1	  18	  30	   1	  80	  20	  30	 467	1511962	1512773	   3	-180	
 573	 610	  80	   1	 410	   1	   1	  19	  30	   1	  80	  20	  30	 518	1514562	1514972	   0	-170	
 574	 611	  20	   2	 125	   2	   1	  19	  31	   1	  80	  20	  30	 685	1516935	1517060	   0	-180	
 575	 612	  30	   2	 280	   3	   1	  19	  31	   2	  80	  20	  30	 688	1519028	1519308	   0	-190	
 576	 613	  20	   2	 259	   2	   1	  19	  32	   2	  80	  20	  30	 686	1521281	1521540	   0	-200	
 577	 614	  80	   1	 784	   1	   1	  20	  32	   2	  80	  20	  30	 328	1523148	1523932	   0	-190	
 578	 615	  20	   2	 315	   2	   1	  20	  33	   2	  80	  20	  30	 438	1525641	1525956	   0	-200	
 579	 616	  30	   2	 310	   3	   1	  20	  33	   3	  80	  20	  30	 342	1527574	1527884	   0	-210	
 580	 617	  80	   1	 592	   1	   1	  21	  33	   3	  80	  20	  30	 373	1529548	1530140	   0	-200	
 581	 618	  30	   2	 771	   3	   1	  21	  33	   4	  80	  20	  30	 515	1531961	1532732	   0	-210	
 582	 619	  20	   2	 145	   2	   1	  21	  34	   4	  80	  20	  30	 345	1534347	1534492	   0	-220	
 583	 620	  30	   1	 211	   3	   1	  21	  34	   5	  80	  20	  30	 553	1536321	1536532	   0	-210	
 584	 621	  20	   2	 486	   2	   1	  21	  35	   5	  80	  20	  30	 680	1538494	1538980	   0	-220	
 585	 622	  80	   2	 414	   1	   1	  22	  35	   5	  80	  20	  30	 674	1540934	1541348	   0	-230	
 586	 623	  70	   1	  54	   2	   1	  22	   1	   5	  80	  70	  30	 593	1543254	1543308	   2	-220	
 587	 624	  80	   1	 297	   1	   1	  23	   1	   5	  80	  70	  30	 554	1545147	1545444	   0	-210	
 588	 625	  30	   2	 510	   3	   1	  23	   1	   6	  80	  70	  30	 489	1547214	1547724	   0	-220	
 589	 626	  70	   1	 478	   2	   1	  23	   2	   6	  80	  70	  30	 332	1549334	1549812	   0	-210	
 590	 627	  80	   1	 321	   1	   1	  24	   2	   6	  80	  70	  30	 535	1551627	1551948	   0	-200	
 591	 628	  30	   1	 328	   3	   1	  24	   2	   7	  80	  70	  30	 607	1553867	1554195	   0	-190	
 592	 629	  80	   1	 307	   1	   1	  25	   2	   7	  80	  70	  30	 563	1556040	1556347	   0	-180	
 593	 630	  70	   1	 406	   2	   1	  25	   3	   7	  80	  70	  30	 619	1558253	1558659	   0	-170	
 594	 631	  30	   2	 398	   3	   1	  25	   3	   8	  80	  70	  30	 556	1560493	1560891	   0	-180	
 595	 632	  80	   1	 457	   1	   1	  26	   3	   8	  80	  70	  30	 655	1562826	1563283	   0	-170	
 596	 633	  70	   1	 246	   2	   1	  26	   4	   8	  80	  70	  30	 683	1565253	1565499	   0	-160	
 597	 634	  30	   2	 228	   3	   1	  26	   4	   9	  80	  70	  30	 424	1567199	1567427	   0	-170	
 598	 635	  80	   1	 534	   1	   1	  27	   4	   9	  80	  70	  30	 537	1569253	1569787	   0	-160	
 599	 636	  30	   1	 468	   3	   1	  27	   4	  10	  80	  70	  30	 366	1571439	1571907	   0	-150	
 600	 637	  80	   2	 276	   1	   1	  28	   4	  10	  80	  70	  30	 482	1573679	1573955	   0	-160	
 601	 638	  30	   2	 265	   3	   1	  28	   4	  11	  80	  70	  30	 559	1575826	1576091	   0	-170	
 602	 639	  70	   2	 383	   2	   1	  28	   5	  11	  80	  70	  30	 562	1577932	1578315	   0	-180	
 603	 640	  80	   1	 641	   1	   1	  29	   5	  11	  80	  70	  30	 306	1579906	1580547	   0	-170	
 604	 641	  70	   1	 218	   2	   1	  29	   6	  11	  80	  70	  30	 678	1582505	1582723	   0	-160	
 605	 642	  30	   2	 328	   3	   1	  29	   6	  12	  80	  70	  30	 492	1584491	1584819	   0	-170	
 606	 643	  80	   1	 434	   1	   1	  30	   6	  12	  80	  70	  30	 564	1586665	1587099	   0	-160	
 607	 644	  70	   2	 268	   2	   1	  30	   7	  12	  80	  70	  30	 303	1588679	1588947	   0	-170	
 608	 645	  30	   2	 319	   3	   1	  30	   7	  13	  80	  70	  30	 659	1590892	1591211	   0	-180	
 609	 646	  70	   1	 340	   2	   1	  30	   8	  13	  80	  70	  30	 552	1593038	1593378	   0	-170	
 610	 647	  50	   2	 246	   1	   1	   1	   8	  13	  50	  70	  30	 490	1595172	1595418	   1	-180	
 611	 648	  30	   2	1633	   3	   1	   1	   8	  14	  50	  70	  30	 623	1597345	1598978	   0	-190	
 612	 649	  50	   2	 135	   1	   1	   2	   8	  14	  50	  70	  30	 396	1600651	1600786	   0	-200	
 613	 650	  30	   1	 300	   3	   1	   2	   8	  15	  50	  70	  30	 568	1602638	1602938	   0	-190	
 614	 651	  70	   1	1436	   2	   1	   2	   9	  15	  50	  70	  30	 420	1604638	1606074	   0	-180	
 615	 652	  30	   2	 855	   3	   1	   2	   9	  16	  50	  70	  30	 660	1608011	1608866	   0	-190	
 616	 653	  50	   2	 514	   1	   1	   3	   9	  16	  50	  70	  30	 673	1610824	1611338	   0	-200	
 617	 654	  70	   2	 258	   2	   1	   3	  10	  16	  50	  70	  30	 570	1613184	1613442	   0	-210	
 618	 655	  50	   1	1114	   1	   1	   4	  10	  16	  50	  70	  30	 655	1615384	1616498	   0	-200	
NaN	 656	  70	NaN	NaN	   2	   3	   4	  10	  16	  50	  70	  30	 401	1615384	NaN	   0	-200	
 619	 657	  30	   2	 429	   3	   1	   4	  10	  17	  50	  70	  30	 567	1621997	1622426	   0	-210	
 620	 658	  50	   1	 170	   1	   1	   5	  10	  17	  50	  70	  30	 428	1624144	1624314	   0	-200	
 621	 659	  30	   2	 456	   3	   1	   5	  10	  18	  50	  70	  30	 672	1626290	1626746	   0	-210	
 622	 660	  70	   1	 376	   2	   1	   5	  11	  18	  50	  70	  30	 664	1628690	1629066	   0	-200	
 623	 661	  30	   1	1232	   3	   1	   5	  11	  19	  50	  70	  30	 542	1630890	1632122	   0	-190	
 624	 662	  70	   1	 511	   2	   1	   5	  12	  19	  50	  70	  30	 608	1634010	1634521	   0	-180	
 625	 663	  30	   1	 447	   3	   1	   5	  12	  20	  50	  70	  30	 403	1636210	1636657	   0	-170	
 626	 664	  70	   1	 863	   2	   1	   5	  13	  20	  50	  70	  30	 476	1638410	1639273	   0	-160	
 627	 665	  50	   2	 762	   1	   1	   6	  13	  20	  50	  70	  30	 586	1641143	1641905	   0	-170	
 628	 666	  30	   1	 405	   3	   1	   6	  13	  21	  50	  70	  30	 648	1643836	1644241	   0	-160	
 629	 667	  70	   1	1432	   2	   1	   6	  14	  21	  50	  70	  30	 684	1646209	1647641	   0	-150	
 630	 668	  30	   2	 882	   3	   1	   6	  14	  22	  50	  70	  30	 464	1649383	1650265	   0	-160	
 631	 669	  50	   1	1317	   1	   1	   7	  14	  22	  50	  70	  30	 585	1652156	1653473	   0	-150	
 632	 670	  70	   2	1317	   2	   1	   7	  15	  22	  50	  70	  30	 640	1655396	1656713	   0	-160	
 633	 671	  50	   1	1661	   1	   1	   8	  15	  22	  50	  70	  30	 572	1658556	1660217	   0	-150	
 634	 672	  30	   2	 291	   3	   1	   8	  15	  23	  50	  70	  30	 359	1661862	1662153	   0	-160	
 635	 673	  70	   1	 315	   2	   1	   8	  16	  23	  50	  70	  30	 434	1663862	1664177	   0	-150	
 636	 674	  30	   2	1475	   3	   1	   8	  16	  24	  50	  70	  30	 648	1666102	1667577	   0	-160	
 637	 675	  50	   1	 771	   1	   1	   9	  16	  24	  50	  70	  30	 443	1669302	1670073	   0	-150	
 638	 676	  70	   1	 353	   2	   1	   9	  17	  24	  50	  70	  30	 424	1671768	1672121	   0	-140	
 639	 677	  30	   2	1517	   3	   1	   9	  17	  25	  50	  70	  30	 627	1674035	1675552	   0	-150	
 640	 678	  50	   2	1688	   1	   1	  10	  17	  25	  50	  70	  30	 378	1677208	1678896	   0	-160	
 641	 679	  70	   1	1229	   2	   1	  10	  18	  25	  50	  70	  30	 398	1680595	1681824	   0	-150	
 642	 680	  50	   1	1792	   1	   1	  11	  18	  25	  50	  70	  30	 665	1683768	1685560	   0	-140	
 643	 681	  30	   2	 600	   3	   1	  11	  18	  26	  50	  70	  30	 692	1687528	1688128	   0	-150	
 644	 682	  50	   2	 243	   1	   1	  12	  18	  26	  50	  70	  30	 519	1689941	1690184	   0	-160	
 645	 683	  30	   1	 203	   3	   1	  12	  18	  27	  50	  70	  30	 395	1691861	1692064	   0	-150	
 646	 684	  50	   2	 350	   1	   1	  13	  18	  27	  50	  70	  30	 687	1694034	1694384	   0	-160	
 647	 685	  70	   2	 337	   2	   1	  13	  19	  27	  50	  70	  30	 380	1696047	1696384	   0	-170	
 648	 686	  50	   1	 409	   1	   1	  14	  19	  27	  50	  70	  30	 416	1698087	1698496	   0	-160	
 649	 687	  70	   2	 596	   2	   1	  14	  20	  27	  50	  70	  30	 564	1700340	1700936	   0	-170	
 650	 688	  50	   1	 329	   1	   1	  15	  20	  27	  50	  70	  30	 318	1702527	1702856	   0	-160	
 651	 689	  30	   2	 308	   3	   1	  15	  20	  28	  50	  70	  30	 576	1704740	1705048	   0	-170	
 652	 690	  50	   2	 217	   1	   1	  16	  20	  28	  50	  70	  30	 668	1707007	1707224	   0	-180	
 653	 691	  30	   2	 343	   3	   1	  16	  20	  29	  50	  70	  30	 680	1709193	1709536	   0	-190	
 654	 692	  70	   2	 401	   2	   1	  16	  21	  29	  50	  70	  30	 307	1711127	1711528	   0	-200	
 655	 693	  30	   1	 312	   3	   1	  16	  21	  30	  50	  70	  30	 506	1713327	1713639	   0	-190	
 656	 694	  50	   1	 254	   1	   1	  17	  21	  30	  50	  70	  30	 671	1715593	1715847	   0	-180	
 657	 695	  70	   1	  11	   2	   1	  17	  22	  30	  50	  70	  30	 450	1717580	1717591	   0	-170	
 658	 696	  30	   2	 291	   3	   1	  17	  22	   1	  50	  70	  30	 506	1719380	1719671	   0	-180	
 659	 697	  50	   2	 371	   1	   1	  18	  22	   1	  50	  70	  30	 429	1721380	1721751	   0	-190	
 660	 698	  30	   2	 134	   3	   1	  18	  22	   2	  50	  70	  30	 571	1723593	1723727	   0	-200	
 661	 699	  50	   1	 426	   1	   1	  19	  22	   2	  50	  70	  30	 612	1725645	1726071	   0	-190	
 662	 700	  30	   2	 361	   3	   1	  19	  22	   3	  50	  70	  30	 580	1727926	1728287	   0	-200	
 663	 701	  70	   1	 353	   2	   1	  19	  23	   3	  50	  70	  30	 310	1729886	1730239	   0	-190	
 664	 702	  30	   2	 673	   3	   1	  19	  23	   4	  50	  70	  30	 562	1732086	1732759	   0	-200	
 665	 703	  50	   2	 385	   1	   1	  20	  23	   4	  50	  70	  30	 369	1734406	1734791	   0	-210	
 666	 704	  30	   1	 591	   3	   1	  20	  23	   5	  50	  70	  30	 686	1736752	1737343	   0	-200	
 667	 705	  50	   1	 743	   1	   1	  21	  23	   5	  50	  70	  30	 560	1739192	1739935	   0	-190	
 668	 706	  70	   1	1194	   2	   1	  21	  24	   5	  50	  70	  30	 557	1741765	1742959	   0	-180	
NaN	 707	  50	NaN	NaN	   1	   3	  21	  24	   5	  50	  70	  30	 388	1741765	NaN	   0	-180	
 669	 708	  30	   2	 290	   3	   1	  21	  24	   6	  50	  70	  30	 564	1748445	1748735	   0	-190	
 670	 709	  50	   1	1095	   1	   1	  22	  24	   6	  50	  70	  30	 376	1750392	1751487	   0	-180	
 671	 710	  30	   1	 614	   3	   1	  22	  24	   7	  50	  70	  30	 358	1753152	1753766	   0	-170	
 672	 711	  70	   1	 612	   2	   1	  22	  25	   7	  50	  70	  30	 560	1755618	1756230	   0	-160	
 673	 712	  50	   1	 383	   1	   1	  23	  25	   7	  50	  70	  30	 671	1758191	1758574	   0	-150	
 674	 713	  70	   1	1020	   2	   1	  23	  26	   7	  50	  70	  30	 607	1760458	1761478	   0	-140	
 675	 714	  50	   2	  58	   1	   1	  24	  26	   7	  50	  70	  30	 649	1763404	1763462	   0	-150	
 676	 715	  30	   2	 138	   3	   1	  24	  26	   8	  50	  70	  30	 381	1765124	1765262	   0	-160	
 677	 716	  50	   2	  79	   1	   1	  25	  26	   8	  50	  70	  30	 401	1766951	1767030	   0	-170	
 678	 717	  30	   2	 372	   3	   1	  25	  26	   9	  50	  70	  30	 462	1768778	1769150	   0	-180	
 679	 718	  50	   2	 653	   1	   1	  26	  26	   9	  50	  70	  30	 659	1771097	1771750	   0	-190	
 680	 719	  70	   2	1015	   2	   1	  26	  27	   9	  50	  70	  30	 638	1773671	1774686	   0	-200	
 681	 720	  50	   2	  77	   1	   1	  27	  27	   9	  50	  70	  30	 425	1776417	1776494	   0	-210	
 682	 721	  30	   1	  50	   3	   1	  27	  27	  10	  50	  70	  30	 391	1778164	1778214	   0	-200	
 683	 722	  50	   1	 696	   1	   1	  28	  27	  10	  50	  70	  30	 342	1779830	1780526	   0	-190	
 684	 723	  30	   2	1149	   3	   1	  28	  27	  11	  50	  70	  30	 647	1782457	1783606	   0	-200	
 685	 724	  70	   1	 435	   2	   1	  28	  28	  11	  50	  70	  30	 357	1785243	1785678	   0	-190	
 686	 725	  50	   2	  35	   1	   1	  29	  28	  11	  50	  70	  30	 611	1787563	1787598	   0	-200	
 687	 726	  70	   1	  59	   2	   1	  29	  29	  11	  50	  70	  30	 487	1789363	1789422	   0	-190	
 688	 727	  50	   1	 539	   1	   1	  30	  29	  11	  50	  70	  30	 463	1791163	1791702	   0	-180	
 689	 728	  30	   2	 175	   3	   1	  30	  29	  12	  50	  70	  30	 488	1793470	1793645	   0	-190	
 690	 729	  70	   2	 786	   2	   1	  30	  30	  12	  50	  70	  30	 311	1795243	1796029	   0	-200	
 691	 730	  50	   2	 346	   1	   1	  31	  30	  12	  50	  70	  30	 574	1797923	1798269	   0	-210	
 692	 731	  30	   2	 847	   3	   1	  31	  30	  13	  50	  70	  30	 506	1800070	1800917	   0	-220	
 693	 732	  50	   2	 581	   1	   1	  32	  30	  13	  50	  70	  30	 696	1802896	1803477	   0	-230	
 694	 733	  30	   2	 178	   3	   1	  32	  30	  14	  50	  70	  30	 365	1805123	1805301	   0	-240	
 695	 734	  50	   1	 280	   1	   1	  33	  30	  14	  50	  70	  30	 403	1806989	1807269	   0	-230	
 696	 735	  30	   1	 488	   3	   1	  33	  30	  15	  50	  70	  30	 392	1808949	1809437	   0	-220	
 697	 736	  50	   2	 840	   1	   1	   1	  30	  15	  50	  70	  30	 506	1811229	1812069	   0	-230	
 698	 737	  70	   1	  27	   2	   1	   1	  31	  15	  50	  70	  30	 644	1814002	1814029	   0	-220	
 699	 738	  50	   2	 320	   1	   1	   2	  31	  15	  50	  70	  30	 511	1815829	1816149	   0	-230	
 700	 739	  70	   1	 934	   2	   1	   2	  32	  15	  50	  70	  30	 498	1817935	1818869	   0	-220	
 701	 740	  50	   2	 550	   1	   1	   3	  32	  15	  50	  70	  30	 546	1820735	1821285	   0	-230	
 702	 741	  30	   2	1062	   3	   1	   3	  32	  16	  50	  70	  30	 610	1823175	1824237	   0	-240	
 703	 742	  70	   1	  30	   2	   1	   3	  33	  16	  50	  70	  30	 454	1825975	1826005	   0	-230	
 704	 743	  50	   1	 377	   1	   1	   4	  33	  16	  50	  70	  30	 421	1827708	1828085	   0	-220	
 705	 744	  70	   2	 622	   2	   1	   4	  34	  16	  50	  70	  30	 645	1830015	1830637	   0	-230	
 706	 745	  50	   1	 112	   1	   1	   5	  34	  16	  50	  70	  30	 675	1832588	1832700	   0	-220	
 707	 746	  30	   2	 537	   3	   1	   5	  34	  17	  50	  70	  30	 612	1834587	1835124	   0	-230	
 708	 747	  50	   2	1523	   1	   1	   6	  34	  17	  50	  70	  30	 630	1837041	1838564	   0	-240	
 709	 748	  70	   1	 355	   2	   1	   6	  35	  17	  50	  70	  30	 638	1840481	1840836	   0	-230	
 710	 749	  30	   2	 814	   3	   1	   6	  35	  18	  50	  70	  30	 545	1842654	1843468	   0	-240	
 711	 750	  70	   1	 142	   2	   1	   6	   1	  18	  50	  70	  30	 597	1845374	1845516	   0	-230	
