Version: 1	Number of symbols: 3	Pictures exchange: true	Response Deadline: 2000
Trial_No	Virt_Trial_No	Prob_Shown	Feedback	RT	Stimulus_No	Resp	SymbolA_Stage	SymbolB_Stage	SymbolC_Stage	Prob_A	Prob_B	Prob_C	Jitter	StimOnset	RespOnset	Symbol_Changes	Bonus_sum
   1	   1	  30	   2	1317	   1	   1	   1	   0	   0	  30	  70	  50	 526	1706	3023	   0	 -10	
   2	   2	  50	   2	 362	   3	   1	   1	   0	   1	  30	  70	  50	 631	4933	5295	   0	 -20	
   3	   3	  30	   2	 232	   1	   1	   2	   0	   1	  30	  70	  50	 416	6999	7231	   0	 -30	
   4	   4	  50	   3	 626	   3	   2	   2	   0	   2	  30	  70	  50	 700	9213	9839	   0	 -30	
   5	   5	  70	   1	 341	   2	   1	   2	   1	   2	  30	  70	  50	 340	11466	11807	   0	 -20	
   6	   6	  30	   2	 389	   1	   1	   3	   1	   2	  30	  70	  50	 377	13466	13855	   0	 -30	
   7	   7	  50	   2	 733	   3	   1	   3	   1	   3	  30	  70	  50	 529	15666	16399	   0	 -40	
   8	   8	  70	   1	 888	   2	   1	   3	   2	   3	  30	  70	  50	 350	18039	18927	   0	 -30	
NaN	   9	  50	NaN	NaN	   3	   3	   3	   2	   3	  30	  70	  50	 511	18039	NaN	   0	 -30	
   9	  10	  30	   1	 516	   1	   1	   4	   2	   3	  30	  70	  50	 539	24506	25022	   0	 -20	
  10	  11	  50	   2	 229	   3	   1	   4	   2	   4	  30	  70	  50	 367	26665	26894	   0	 -30	
  11	  12	  70	   1	1383	   2	   1	   4	   3	   4	  30	  70	  50	 481	28679	30062	   0	 -20	
  12	  13	  50	   1	 775	   3	   1	   4	   3	   5	  30	  70	  50	 620	31959	32734	   0	 -10	
  13	  14	  70	   2	 949	   2	   1	   4	   4	   5	  30	  70	  50	 409	34425	35374	   0	 -20	
  14	  15	  50	   2	 562	   3	   1	   4	   4	   6	  30	  70	  50	 469	37132	37694	   0	 -30	
  15	  16	  30	   1	 810	   1	   1	   5	   4	   6	  30	  70	  50	 426	39412	40222	   0	 -20	
  16	  17	  70	   2	 237	   2	   1	   5	   5	   6	  30	  70	  50	 406	41905	42142	   0	 -30	
  17	  18	  50	   1	  61	   3	   1	   5	   5	   7	  30	  70	  50	 482	43905	43966	   0	 -20	
  18	  19	  70	   1	 512	   2	   1	   5	   6	   7	  30	  70	  50	 348	45598	46110	   0	 -10	
  19	  20	  30	   2	 720	   1	   1	   6	   6	   7	  30	  70	  50	 611	47998	48718	   0	 -20	
  20	  21	  50	   3	 264	   3	   2	   6	   6	   8	  30	  70	  50	 668	50678	50942	   0	 -20	
  21	  22	  30	   2	 803	   1	   1	   7	   6	   8	  30	  70	  50	 495	52731	53534	   0	 -30	
  22	  23	  50	   2	 368	   3	   1	   7	   6	   9	  30	  70	  50	 619	55438	55806	   0	 -40	
  23	  24	  30	   2	 243	   1	   1	   8	   6	   9	  30	  70	  50	 371	57451	57694	   0	 -50	
  24	  25	  70	   3	 274	   2	   2	   8	   7	   9	  30	  70	  50	 387	59371	59645	   0	 -50	
  25	  26	  50	   1	 285	   3	   1	   8	   7	  10	  30	  70	  50	 502	61424	61709	   0	 -40	
  26	  27	  30	   2	 282	   1	   1	   9	   7	  10	  30	  70	  50	 660	63651	63933	   0	 -50	
  27	  28	  50	   1	 506	   3	   1	   9	   7	  11	  30	  70	  50	 426	65651	66157	   0	 -40	
  28	  29	  70	   1	 351	   2	   1	   9	   8	  11	  30	  70	  50	 552	67998	68349	   0	 -30	
  29	  30	  50	   2	 807	   3	   1	   9	   8	  12	  30	  70	  50	 647	70278	71085	   0	 -40	
  30	  31	  70	   1	 376	   2	   1	   9	   9	  12	  30	  70	  50	 555	72917	73293	   0	 -30	
  31	  32	  50	   1	 728	   3	   1	   9	   9	  13	  30	  70	  50	 402	74997	75725	   0	 -20	
  32	  33	  30	   1	 258	   1	   1	  10	   9	  13	  30	  70	  50	 679	77691	77949	   0	 -10	
  33	  34	  70	   2	 258	   2	   1	  10	  10	  13	  30	  70	  50	 622	79851	80109	   0	 -20	
  34	  35	  30	   4	 480	   1	   2	  11	  10	  13	  30	  70	  50	 451	81837	82317	   0	 -20	
  35	  36	  70	   3	 530	   2	   2	  11	  11	  13	  30	  70	  50	 648	84251	84781	   0	 -20	
  36	  37	  50	   3	 355	   3	   2	  11	  11	  14	  30	  70	  50	 677	86730	87085	   0	 -20	
  37	  38	  30	   1	 328	   1	   1	  12	  11	  14	  30	  70	  50	 629	88997	89325	   0	 -10	
  38	  39	  70	   2	 779	   2	   1	  12	  12	  14	  30	  70	  50	 486	91090	91869	   0	 -20	
  39	  40	  30	   2	 951	   1	   1	  13	  12	  14	  30	  70	  50	 480	93637	94588	   0	 -30	
  40	  41	  50	   2	 647	   3	   1	  13	  12	  15	  30	  70	  50	 319	96197	96844	   0	 -40	
  41	  42	  70	   1	 410	   2	   1	  13	  13	  15	  30	  70	  50	 395	98530	98940	   0	 -30	
  42	  43	  30	   2	 351	   1	   1	  14	  13	  15	  30	  70	  50	 576	100797	101148	   0	 -40	
  43	  44	  70	   1	 239	   2	   1	  14	  14	  15	  30	  70	  50	 367	102797	103036	   0	 -30	
  44	  45	  50	   1	1133	   3	   1	  14	  14	  16	  30	  70	  50	 303	104623	105756	   0	 -20	
  45	  46	  30	   2	 373	   1	   1	  15	  14	  16	  30	  70	  50	 340	107383	107756	   0	 -30	
  46	  47	  70	   3	 312	   2	   2	  15	  15	  16	  30	  70	  50	 598	109636	109948	   0	 -30	
  47	  48	  30	   1	 418	   1	   1	  16	  15	  16	  30	  70	  50	 535	111770	112188	   0	 -20	
  48	  49	  70	   2	 413	   2	   1	  16	  16	  16	  30	  70	  50	 348	113823	114236	   0	 -30	
  49	  50	  30	   2	 370	   1	   1	  17	  16	  16	  30	  70	  50	 480	116010	116380	   0	 -40	
  50	  51	  70	   3	 520	   2	   2	  17	  17	  16	  30	  70	  50	 302	117956	118476	   0	 -40	
  51	  52	  30	   4	 317	   1	   2	  18	  17	  16	  30	  70	  50	 609	120383	120700	   0	 -40	
  52	  53	  70	   3	 808	   2	   2	  18	  18	  16	  30	  70	  50	 458	122436	123244	   0	 -40	
  53	  54	  30	   3	 619	   1	   2	  19	  18	  16	  30	  70	  50	 639	125169	125788	   0	 -40	
  54	  55	  70	   2	 267	   2	   1	  19	  19	  16	  30	  70	  50	 422	127489	127756	   0	 -50	
  55	  56	  50	   2	 949	   3	   1	  19	  19	  17	  30	  70	  50	 341	129383	130332	   0	 -60	
  56	  57	  30	   2	 372	   1	   1	  20	  19	  17	  30	  70	  50	 400	132023	132395	   0	 -70	
  57	  58	  70	   1	 274	   2	   1	  20	  20	  17	  30	  70	  50	 327	134009	134283	   0	 -60	
  58	  59	  50	   2	 434	   3	   1	  20	  20	  18	  30	  70	  50	 447	136009	136443	   0	 -70	
  59	  60	  30	   2	 319	   1	   1	  21	  20	  18	  30	  70	  50	 514	138236	138555	   0	 -80	
  60	  61	  50	   1	 426	   3	   1	  21	  20	  19	  30	  70	  50	 368	140209	140635	   0	 -70	
  61	  62	  70	   1	 506	   2	   1	  21	  21	  19	  30	  70	  50	 353	142289	142795	   0	 -60	
  62	  63	  50	   2	 712	   3	   1	  21	  21	  20	  30	  70	  50	 666	144755	145467	   0	 -70	
  63	  64	  70	   2	1872	   2	   1	  21	  22	  20	  30	  70	  50	 682	147435	149307	   0	 -80	
  64	  65	  50	   2	 269	   3	   1	  21	  22	  21	  30	  70	  50	 436	151022	151291	   0	 -90	
  65	  66	  30	   1	 440	   1	   1	  22	  22	  21	  30	  70	  50	 578	153155	153595	   0	 -80	
  66	  67	  70	   1	 282	   2	   1	  22	  23	  21	  30	  70	  50	 685	155569	155851	   0	 -70	
  67	  68	  30	   2	 789	   1	   1	  23	  23	  21	  30	  70	  50	 490	157622	158411	   0	 -80	
  68	  69	  50	   1	1099	   3	   1	  23	  23	  22	  30	  70	  50	 437	160128	161227	   0	 -70	
  69	  70	  70	   1	 344	   2	   1	  23	  24	  22	  30	  70	  50	 332	162835	163179	   0	 -60	
  70	  71	  50	   2	 925	   3	   1	  23	  24	  23	  30	  70	  50	 567	165022	165947	   0	 -70	
  71	  72	  70	   1	 772	   2	   1	  23	  25	  23	  30	  70	  50	 376	167622	168394	   0	 -60	
  72	  73	  50	   2	 890	   3	   1	  23	  25	  24	  30	  70	  50	 606	170288	171178	   0	 -70	
  73	  74	  70	   2	 234	   2	   1	  23	  26	  24	  30	  70	  50	 557	173008	173242	   0	 -80	
  74	  75	  50	   1	  37	   3	   1	  23	  26	  25	  30	  70	  50	 618	175141	175178	   0	 -70	
  75	  76	  70	   3	 527	   2	   2	  23	  27	  25	  30	  70	  50	 503	176955	177482	   0	 -70	
  76	  77	  50	   4	 319	   3	   2	  23	  27	  26	  30	  70	  50	 592	179355	179674	   0	 -70	
  77	  78	  70	   1	 552	   2	   1	  23	  28	  26	  30	  70	  50	 349	181314	181866	   0	 -60	
  78	  79	  50	   1	 549	   3	   1	  23	  28	  27	  30	  70	  50	 630	183781	184330	   0	 -50	
  79	  80	  30	   2	 770	   1	   1	  24	  28	  27	  30	  70	  50	 469	186088	186858	   0	 -60	
  80	  81	  70	   2	 866	   2	   1	  24	  29	  27	  30	  70	  50	 589	188728	189594	   0	 -70	
  81	  82	  30	   2	1680	   1	   1	  25	  29	  27	  30	  70	  50	 381	191274	192954	   0	 -80	
  82	  83	  50	   1	 344	   3	   1	  25	  29	  28	  30	  70	  50	 429	194674	195018	   0	 -70	
  83	  84	  30	   1	 419	   1	   1	  26	  29	  28	  30	  70	  50	 516	196807	197226	   0	 -60	
  84	  85	  70	   1	 339	   2	   1	  26	  30	  28	  30	  70	  50	 454	198967	199306	   0	 -50	
  85	  86	  50	   4	 536	   3	   2	  26	  30	  29	  30	  70	  50	 486	201074	201610	   0	 -50	
  86	  87	  70	   1	 258	   2	   1	  26	  31	  29	  30	  70	  50	 634	203527	203785	   0	 -40	
  87	  88	  50	   1	 490	   3	   1	  26	  31	  30	  30	  70	  50	 340	205407	205897	   0	 -30	
  88	  89	  30	   2	 418	   1	   1	  27	  31	  30	  30	  70	  50	 588	207767	208185	   0	 -40	
  89	  90	  70	   4	 466	   2	   2	  27	  32	  30	  30	  70	  50	 625	210087	210553	   0	 -40	
  90	  91	  30	   4	 663	   3	   2	  27	  32	   1	  30	  70	  30	 567	212434	213097	   3	 -40	
  91	  92	  70	   3	 458	   2	   2	  27	  33	   1	  30	  70	  30	 384	214767	215225	   0	 -40	
  92	  93	  30	   4	 325	   1	   2	  28	  33	   1	  30	  70	  30	 629	217140	217465	   0	 -40	
  93	  94	  30	   3	 458	   3	   2	  28	  33	   2	  30	  70	  30	 500	219247	219705	   0	 -40	
  94	  95	  30	   3	 426	   1	   2	  29	  33	   2	  30	  70	  30	 424	221407	221833	   0	 -40	
  95	  96	  20	   4	 320	   2	   2	  29	   1	   2	  30	  20	  30	 448	223593	223913	   2	 -40	
  96	  97	  30	   4	  58	   1	   2	  30	   1	   2	  30	  20	  30	 691	225887	225945	   0	 -40	
NaN	  98	  30	NaN	NaN	   3	   3	  30	   1	   2	  30	  20	  30	 363	225887	NaN	   0	 -40	
  97	  99	  30	   2	1157	   1	   1	  31	   1	   2	  30	  20	  30	 622	231460	232617	   0	 -50	
  98	 100	  30	   2	 323	   3	   1	  31	   1	   3	  30	  20	  30	 673	234566	234889	   0	 -60	
  99	 101	  20	   2	1419	   2	   1	  31	   2	   3	  30	  20	  30	 433	236606	238025	   0	 -70	
NaN	 102	  30	NaN	NaN	   1	   3	  31	   2	   3	  30	  20	  30	 578	236606	NaN	   0	 -70	
NaN	 103	  20	NaN	NaN	   2	   3	  31	   2	   3	  30	  20	  30	 550	236606	NaN	   0	 -70	
 100	 104	  30	   2	1221	   3	   1	  31	   2	   4	  30	  20	  30	 689	247619	248840	   0	 -80	
 101	 105	  20	   1	1637	   2	   1	  31	   3	   4	  30	  20	  30	 681	250819	252456	   0	 -70	
NaN	 106	  30	NaN	NaN	   3	   3	  31	   3	   4	  30	  20	  30	 692	250819	NaN	   0	 -70	
NaN	 107	  20	NaN	NaN	   2	   3	  31	   3	   4	  30	  20	  30	 358	250819	NaN	   0	 -70	
 102	 108	  30	   2	 546	   3	   1	  31	   3	   5	  30	  20	  30	 499	261766	262312	   0	 -80	
 103	 109	  20	   2	1024	   2	   1	  31	   4	   5	  30	  20	  30	 636	264232	265256	   0	 -90	
 104	 110	  30	   1	 704	   1	   1	  32	   4	   5	  30	  20	  30	 583	267112	267816	   0	 -80	
 105	 111	  30	   1	 365	   3	   1	  32	   4	   6	  30	  20	  30	 566	269659	270024	   0	 -70	
 106	 112	  20	   2	 597	   2	   1	  32	   5	   6	  30	  20	  30	 468	271779	272376	   0	 -80	
 107	 113	  30	   2	1500	   3	   1	  32	   5	   7	  30	  20	  30	 641	274299	275799	   0	 -90	
 108	 114	  30	   2	 255	   1	   1	  33	   5	   7	  30	  20	  30	 677	277752	278007	   0	-100	
 109	 115	  30	   2	 311	   3	   1	  33	   5	   8	  30	  20	  30	 575	279872	280183	   0	-110	
 110	 116	  30	   2	 493	   1	   1	  34	   5	   8	  30	  20	  30	 594	282058	282551	   0	-120	
 111	 117	  30	   4	 298	   3	   2	  34	   5	   9	  30	  20	  30	 597	284445	284743	   0	-120	
 112	 118	  30	   2	 303	   1	   1	  35	   5	   9	  30	  20	  30	 603	286632	286935	   0	-130	
 113	 119	  30	   1	 280	   3	   1	  35	   5	  10	  30	  20	  30	 380	288591	288871	   0	-120	
 114	 120	  20	   1	 773	   2	   1	  35	   6	  10	  30	  20	  30	 341	290498	291271	   0	-110	
 115	 121	  80	   1	 922	   1	   1	   1	   6	  10	  80	  20	  30	 343	292925	293847	   1	-100	
 116	 122	  30	   1	1381	   3	   1	   1	   6	  11	  80	  20	  30	 404	295538	296919	   0	 -90	
 117	 123	  80	   1	 474	   1	   1	   2	   6	  11	  80	  20	  30	 647	298845	299319	   0	 -80	
 118	 124	  30	   2	 701	   3	   1	   2	   6	  12	  80	  20	  30	 659	301258	301959	   0	 -90	
 119	 125	  80	   4	 304	   1	   2	   3	   6	  12	  80	  20	  30	 512	303751	304055	   0	 -90	
 120	 126	  30	   2	 267	   3	   1	   3	   6	  13	  80	  20	  30	 637	305964	306231	   0	-100	
NaN	 127	  80	NaN	NaN	   1	   3	   3	   6	  13	  80	  20	  30	 623	305964	NaN	   0	-100	
 121	 128	  30	   2	 434	   3	   1	   3	   6	  14	  80	  20	  30	 610	312004	312438	   0	-110	
 122	 129	  20	   2	 623	   2	   1	   3	   7	  14	  80	  20	  30	 518	314231	314854	   0	-120	
 123	 130	  80	   1	 498	   1	   1	   4	   7	  14	  80	  20	  30	 673	316804	317302	   0	-110	
 124	 131	  30	   3	 543	   3	   2	   4	   7	  15	  80	  20	  30	 604	319191	319734	   0	-110	
 125	 132	  80	   3	 725	   1	   2	   5	   7	  15	  80	  20	  30	 600	321617	322342	   0	-110	
 126	 133	  30	   2	 938	   3	   1	   5	   7	  16	  80	  20	  30	 499	324124	325062	   0	-120	
 127	 134	  80	   2	 317	   1	   1	   6	   7	  16	  80	  20	  30	 596	326937	327254	   0	-130	
 128	 135	  20	   4	 128	   2	   2	   6	   8	  16	  80	  20	  30	 655	329190	329318	   0	-130	
 129	 136	  80	   3	 250	   1	   2	   7	   8	  16	  80	  20	  30	 320	330924	331174	   0	-130	
 130	 137	  20	   2	 896	   2	   1	   7	   9	  16	  80	  20	  30	 335	332790	333686	   0	-140	
 131	 138	  80	   1	1722	   1	   1	   8	   9	  16	  80	  20	  30	 420	335404	337126	   0	-130	
 132	 139	  20	   2	1040	   2	   1	   8	  10	  16	  80	  20	  30	 616	339030	340070	   0	-140	
 133	 140	  30	   2	 256	   3	   1	   8	  10	  17	  80	  20	  30	 632	341990	342246	   0	-150	
 134	 141	  80	   1	 787	   1	   1	   9	  10	  17	  80	  20	  30	 472	344003	344790	   0	-140	
 135	 142	  30	   2	 308	   3	   1	   9	  10	  18	  80	  20	  30	 420	346497	346805	   0	-150	
 136	 143	  20	   1	1170	   2	   1	   9	  11	  18	  80	  20	  30	 311	348403	349573	   0	-140	
 137	 144	  80	   1	 687	   1	   1	  10	  11	  18	  80	  20	  30	 418	351270	351957	   0	-130	
 138	 145	  30	   1	 807	   3	   1	  10	  11	  19	  80	  20	  30	 315	353550	354357	   0	-120	
 139	 146	  20	   2	 255	   2	   1	  10	  12	  19	  80	  20	  30	 510	356150	356405	   0	-130	
 140	 147	  30	   4	 410	   3	   2	  10	  12	  20	  80	  20	  30	 354	358043	358453	   0	-130	
 141	 148	  20	   4	1527	   2	   2	  10	  13	  20	  80	  20	  30	 611	360350	361877	   0	-130	
 142	 149	  80	   2	 997	   1	   1	  11	  13	  20	  80	  20	  30	 462	363616	364613	   0	-140	
 143	 150	  20	   2	1288	   2	   1	  11	  14	  20	  80	  20	  30	 542	366429	367717	   0	-150	
 144	 151	  80	   1	 629	   1	   1	  12	  14	  20	  80	  20	  30	 465	369456	370085	   0	-140	
 145	 152	  20	   2	 522	   2	   1	  12	  15	  20	  80	  20	  30	 591	371963	372485	   0	-150	
 146	 153	  30	   1	 557	   3	   1	  12	  15	  21	  80	  20	  30	 446	374216	374773	   0	-140	
 147	 154	  20	   4	 528	   2	   2	  12	  16	  21	  80	  20	  30	 577	376629	377157	   0	-140	
 148	 155	  80	   1	 296	   1	   1	  13	  16	  21	  80	  20	  30	 552	378989	379285	   0	-130	
 149	 156	  30	   2	 320	   3	   1	  13	  16	  22	  80	  20	  30	 384	380949	381269	   0	-140	
 150	 157	  80	   1	1418	   1	   1	  14	  16	  22	  80	  20	  30	 368	382922	384340	   0	-130	
 151	 158	  20	   2	 274	   2	   1	  14	  17	  22	  80	  20	  30	 687	386322	386596	   0	-140	
 152	 159	  30	   2	 658	   3	   1	  14	  17	  23	  80	  20	  30	 439	388322	388980	   0	-150	
 153	 160	  80	   1	 453	   1	   1	  15	  17	  23	  80	  20	  30	 550	390815	391268	   0	-140	
 154	 161	  20	   1	 314	   2	   1	  15	  18	  23	  80	  20	  30	 365	392922	393236	   0	-130	
 155	 162	  30	   2	 831	   3	   1	  15	  18	  24	  80	  20	  30	 432	394949	395780	   0	-140	
 156	 163	  80	   1	 317	   1	   1	  16	  18	  24	  80	  20	  30	 674	397735	398052	   0	-130	
 157	 164	  30	   2	 829	   3	   1	  16	  18	  25	  80	  20	  30	 400	399735	400564	   0	-140	
 158	 165	  20	   2	 949	   2	   1	  16	  19	  25	  80	  20	  30	 412	402255	403204	   0	-150	
 159	 166	  30	   2	 242	   3	   1	  16	  19	  26	  80	  20	  30	 466	404962	405204	   0	-160	
 160	 167	  80	   1	 474	   1	   1	  17	  19	  26	  80	  20	  30	 432	406922	407396	   0	-150	
 161	 168	  30	   1	 309	   3	   1	  17	  19	  27	  80	  20	  30	 527	409215	409524	   0	-140	
 162	 169	  20	   2	 352	   2	   1	  17	  20	  27	  80	  20	  30	 453	411268	411620	   0	-150	
 163	 170	  30	   2	 467	   3	   1	  17	  20	  28	  80	  20	  30	 615	413521	413988	   0	-160	
 164	 171	  80	   2	 272	   1	   1	  18	  20	  28	  80	  20	  30	 395	415668	415940	   0	-170	
 165	 172	  30	   4	 235	   3	   2	  18	  20	  29	  80	  20	  30	 417	417641	417876	   0	-170	
 166	 173	  20	   2	 260	   2	   1	  18	  21	  29	  80	  20	  30	 374	419535	419795	   0	-180	
 167	 174	  80	   3	  74	   1	   2	  19	  21	  29	  80	  20	  30	 484	421561	421635	   0	-180	
 168	 175	  30	   1	 287	   3	   1	  19	  21	  30	  80	  20	  30	 426	423348	423635	   0	-170	
 169	 176	  80	   1	 343	   1	   1	  20	  21	  30	  80	  20	  30	 476	425388	425731	   0	-160	
 170	 177	  30	   2	 226	   3	   1	  20	  21	  31	  80	  20	  30	 678	427681	427907	   0	-170	
 171	 178	  80	   1	 717	   1	   1	  21	  21	  31	  80	  20	  30	 531	429734	430451	   0	-160	
 172	 179	  30	   2	 261	   3	   1	  21	  21	  32	  80	  20	  30	 523	432254	432515	   0	-170	
 173	 180	  20	   2	1042	   2	   1	  21	  22	  32	  80	  20	  30	 446	434241	435283	   0	-180	
 174	 181	  30	   2	 504	   3	   1	  21	  22	  33	  80	  20	  30	 421	436987	437491	   0	-190	
 175	 182	  20	   3	 384	   2	   2	  21	  23	  33	  80	  20	  30	 500	439267	439651	   0	-190	
 176	 183	  80	   3	 413	   1	   2	  22	  23	  33	  80	  20	  30	 321	441254	441667	   0	-190	
 177	 184	  30	   1	 690	   3	   1	  22	  23	  34	  80	  20	  30	 329	443281	443971	   0	-180	
 178	 185	  20	   2	 365	   2	   1	  22	  24	  34	  80	  20	  30	 327	445574	445939	   0	-190	
 179	 186	  30	   2	 440	   3	   1	  22	  24	  35	  80	  20	  30	 488	447707	448147	   0	-200	
 180	 187	  20	   1	 413	   2	   1	  22	  25	  35	  80	  20	  30	 379	449814	450227	   0	-190	
 181	 188	  70	   1	 976	   3	   1	  22	  25	   1	  80	  20	  70	 337	451907	452883	   3	-180	
 182	 189	  20	   2	 519	   2	   1	  22	  26	   1	  80	  20	  70	 338	454507	455026	   0	-190	
 183	 190	  80	   2	 290	   1	   1	  23	  26	   1	  80	  20	  70	 562	456880	457170	   0	-200	
 184	 191	  70	   2	1874	   3	   1	  23	  26	   2	  80	  20	  70	 348	458800	460674	   0	-210	
 185	 192	  80	   1	1863	   1	   1	  24	  26	   2	  80	  20	  70	 390	462347	464210	   0	-200	
 186	 193	  20	   2	 410	   2	   1	  24	  27	   2	  80	  20	  70	 316	465800	466210	   0	-210	
 187	 194	  70	   1	 261	   3	   1	  24	  27	   3	  80	  20	  70	 451	467933	468194	   0	-200	
 188	 195	  20	   2	 408	   2	   1	  24	  28	   3	  80	  20	  70	 386	469866	470274	   0	-210	
 189	 196	  70	   2	 346	   3	   1	  24	  28	   4	  80	  20	  70	 483	472040	472386	   0	-220	
NaN	 197	  80	NaN	NaN	   1	   3	  24	  28	   4	  80	  20	  70	 492	472040	NaN	   0	-220	
 190	 198	  20	   2	 349	   2	   1	  24	  29	   4	  80	  20	  70	 402	477813	478162	   0	-230	
 191	 199	  70	   1	 229	   3	   1	  24	  29	   5	  80	  20	  70	 312	479773	480002	   0	-220	
 192	 200	  20	   2	 299	   2	   1	  24	  30	   5	  80	  20	  70	 351	481639	481938	   0	-230	
 193	 201	  80	   2	 365	   1	   1	  25	  30	   5	  80	  20	  70	 433	483653	484018	   0	-240	
 194	 202	  70	   1	 448	   3	   1	  25	  30	   6	  80	  20	  70	 690	485986	486434	   0	-230	
 195	 203	  50	   1	 341	   2	   1	  25	   1	   6	  80	  50	  70	 664	488413	488754	   2	-220	
 196	 204	  70	   1	 367	   3	   1	  25	   1	   7	  80	  50	  70	 592	490626	490993	   0	-210	
 197	 205	  50	   2	 362	   2	   1	  25	   2	   7	  80	  50	  70	 483	492759	493121	   0	-220	
 198	 206	  70	   2	 290	   3	   1	  25	   2	   8	  80	  50	  70	 472	494879	495169	   0	-230	
 199	 207	  50	   1	 954	   2	   1	  25	   3	   8	  80	  50	  70	 476	496919	497873	   0	-220	
 200	 208	  80	   1	 229	   1	   1	  26	   3	   8	  80	  50	  70	 382	499532	499761	   0	-210	
 201	 209	  50	   2	 458	   2	   1	  26	   4	   8	  80	  50	  70	 503	501559	502017	   0	-220	
 202	 210	  80	   3	 490	   1	   2	  27	   4	   8	  80	  50	  70	 578	503879	504369	   0	-220	
 203	 211	  70	   1	 677	   3	   1	  27	   4	   9	  80	  50	  70	 612	506252	506929	   0	-210	
 204	 212	  50	   2	 706	   2	   1	  27	   5	   9	  80	  50	  70	 592	508799	509505	   0	-220	
 205	 213	  80	   1	 296	   1	   1	  28	   5	   9	  80	  50	  70	 677	511465	511761	   0	-210	
 206	 214	  70	   1	 888	   3	   1	  28	   5	  10	  80	  50	  70	 342	513385	514273	   0	-200	
 207	 215	  80	   1	 202	   1	   1	  29	   5	  10	  80	  50	  70	 570	516119	516321	   0	-190	
 208	 216	  70	   2	 632	   3	   1	  29	   5	  11	  80	  50	  70	 505	518105	518737	   0	-200	
 209	 217	  50	   1	1643	   2	   1	  29	   6	  11	  80	  50	  70	 653	520678	522321	   0	-190	
NaN	 218	  80	NaN	NaN	   1	   3	  29	   6	  11	  80	  50	  70	 467	520678	NaN	   0	-190	
 210	 219	  50	   1	 711	   2	   1	  29	   7	  11	  80	  50	  70	 453	527785	528496	   0	-180	
 211	 220	  80	   1	 522	   1	   1	  30	   7	  11	  80	  50	  70	 484	530278	530800	   0	-170	
 212	 221	  70	   2	 639	   3	   1	  30	   7	  12	  80	  50	  70	 458	532545	533184	   0	-180	
 213	 222	  50	   4	 450	   2	   2	  30	   8	  12	  80	  50	  70	 645	535118	535568	   0	-180	
 214	 223	  70	   3	 554	   3	   2	  30	   8	  13	  80	  50	  70	 631	537478	538032	   0	-180	
 215	 224	  80	   3	 805	   1	   2	  31	   8	  13	  80	  50	  70	 625	539931	540736	   0	-180	
 216	 225	  50	   4	 490	   2	   2	  31	   9	  13	  80	  50	  70	 576	542598	543088	   0	-180	
 217	 226	  70	   3	 221	   3	   2	  31	   9	  14	  80	  50	  70	 563	544931	545152	   0	-180	
 218	 227	  80	   3	 517	   1	   2	  32	   9	  14	  80	  50	  70	 693	547131	547648	   0	-180	
 219	 228	  70	   3	 229	   3	   2	  32	   9	  15	  80	  50	  70	 366	549291	549520	   0	-180	
 220	 229	  80	   3	  56	   1	   2	  33	   9	  15	  80	  50	  70	 502	551304	551360	   0	-180	
 221	 230	  50	   3	 291	   2	   2	  33	  10	  15	  80	  50	  70	 617	553277	553568	   0	-180	
 222	 231	  70	   3	 728	   3	   2	  33	  10	  16	  80	  50	  70	 383	555224	555952	   0	-180	
 223	 232	  50	   4	 544	   2	   2	  33	  11	  16	  80	  50	  70	 597	557824	558368	   0	-180	
 224	 233	  70	   4	 365	   3	   2	  33	  11	  17	  80	  50	  70	 642	560291	560656	   0	-180	
 225	 234	  20	   4	 591	   1	   2	   1	  11	  17	  20	  50	  70	 344	562304	562895	   1	-180	
 226	 235	  70	   3	 370	   3	   2	   1	  11	  18	  20	  50	  70	 620	564797	565167	   0	-180	
 227	 236	  20	   2	 343	   1	   1	   2	  11	  18	  20	  50	  70	 624	567064	567407	   0	-190	
 228	 237	  50	   3	 485	   2	   2	   2	  12	  18	  20	  50	  70	 607	569290	569775	   0	-190	
 229	 238	  70	   3	 202	   3	   2	   2	  12	  19	  20	  50	  70	 665	571717	571919	   0	-190	
 230	 239	  50	   4	 365	   2	   2	   2	  13	  19	  20	  50	  70	 450	573650	574015	   0	-190	
 231	 240	  70	   3	 357	   3	   2	   2	  13	  20	  20	  50	  70	 621	575930	576287	   0	-190	
 232	 241	  50	   4	 445	   2	   2	   2	  14	  20	  20	  50	  70	 491	578050	578495	   0	-190	
 233	 242	  20	   4	1096	   1	   2	   3	  14	  20	  20	  50	  70	 560	580343	581439	   0	-190	
 234	 243	  50	   3	1618	   2	   2	   3	  15	  20	  20	  50	  70	 311	583037	584655	   0	-190	
 235	 244	  20	   3	 474	   1	   2	   4	  15	  20	  20	  50	  70	 343	586277	586751	   0	-190	
 236	 245	  70	   4	 672	   3	   2	   4	  15	  21	  20	  50	  70	 427	588463	589135	   0	-190	
 237	 246	  50	   3	 603	   2	   2	   4	  16	  21	  20	  50	  70	 498	590916	591519	   0	-190	
 238	 247	  20	   4	1672	   1	   2	   5	  16	  21	  20	  50	  70	 576	593383	595055	   0	-190	
 239	 248	  50	   4	1027	   2	   2	   5	  17	  21	  20	  50	  70	 622	596956	597983	   0	-190	
 240	 249	  70	   3	 818	   3	   2	   5	  17	  22	  20	  50	  70	 487	599756	600574	   0	-190	
 241	 250	  20	   2	 242	   1	   1	   6	  17	  22	  20	  50	  70	 682	602556	602798	   0	-200	
 242	 251	  70	   1	 250	   3	   1	   6	  17	  23	  20	  50	  70	 668	604756	605006	   0	-190	
 243	 252	  50	   1	 893	   2	   1	   6	  18	  23	  20	  50	  70	 563	606849	607742	   0	-180	
 244	 253	  20	   1	 319	   1	   1	   7	  18	  23	  20	  50	  70	 389	609423	609742	   0	-170	
 245	 254	  70	   1	 514	   3	   1	   7	  18	  24	  20	  50	  70	 326	611356	611870	   0	-160	
 246	 255	  50	   2	 408	   2	   1	   7	  19	  24	  20	  50	  70	 402	613142	613550	   0	-170	
 247	 256	  70	   1	 522	   3	   1	   7	  19	  25	  20	  50	  70	 642	615476	615998	   0	-160	
 248	 257	  50	   1	1365	   2	   1	   7	  20	  25	  20	  50	  70	 322	617609	618974	   0	-150	
NaN	 258	  70	NaN	NaN	   3	   3	   7	  20	  25	  20	  50	  70	 568	617609	NaN	   0	-150	
NaN	 259	  50	NaN	NaN	   2	   3	   7	  20	  25	  20	  50	  70	 439	617609	NaN	   0	-150	
 249	 260	  70	   2	 645	   3	   1	   7	  20	  26	  20	  50	  70	 319	628089	628734	   0	-160	
 250	 261	  20	   2	1725	   1	   1	   8	  20	  26	  20	  50	  70	 354	630369	632094	   0	-170	
 251	 262	  70	   1	 165	   3	   1	   8	  20	  27	  20	  50	  70	 614	634009	634174	   0	-160	
 252	 263	  50	   1	 322	   2	   1	   8	  21	  27	  20	  50	  70	 614	636075	636397	   0	-150	
 253	 264	  20	   2	 338	   1	   1	   9	  21	  27	  20	  50	  70	 395	638075	638413	   0	-160	
 254	 265	  70	   1	 287	   3	   1	   9	  21	  28	  20	  50	  70	 445	640142	640429	   0	-150	
 255	 266	  50	   2	 301	   2	   1	   9	  22	  28	  20	  50	  70	 493	642208	642509	   0	-160	
 256	 267	  70	   4	 274	   3	   2	   9	  22	  29	  20	  50	  70	 529	644315	644589	   0	-160	
 257	 268	  50	   2	 263	   2	   1	   9	  23	  29	  20	  50	  70	 546	646422	646685	   0	-170	
 258	 269	  20	   2	 359	   1	   1	  10	  23	  29	  20	  50	  70	 305	648262	648621	   0	-180	
 259	 270	  50	   2	  29	   2	   1	  10	  24	  29	  20	  50	  70	 620	650528	650557	   0	-190	
 260	 271	  70	   3	 325	   3	   2	  10	  24	  30	  20	  50	  70	 323	652168	652493	   0	-190	
 261	 272	  50	   1	 336	   2	   1	  10	  25	  30	  20	  50	  70	 352	654141	654477	   0	-180	
 262	 273	  50	   2	 354	   3	   1	  10	  25	   1	  20	  50	  50	 488	656315	656669	   3	-190	
 263	 274	  50	   1	 266	   2	   1	  10	  26	   1	  20	  50	  50	 563	658515	658781	   0	-180	
 264	 275	  20	   2	 411	   1	   1	  11	  26	   1	  20	  50	  50	 688	660754	661165	   0	-190	
 265	 276	  50	   2	 541	   3	   1	  11	  26	   2	  20	  50	  50	 480	662928	663469	   0	-200	
 266	 277	  50	   2	 277	   2	   1	  11	  27	   2	  20	  50	  50	 622	665368	665645	   0	-210	
 267	 278	  20	   2	 635	   1	   1	  12	  27	   2	  20	  50	  50	 307	667234	667869	   0	-220	
 268	 279	  50	   1	 220	   3	   1	  12	  27	   3	  20	  50	  50	 584	669728	669948	   0	-210	
 269	 280	  20	   2	1242	   1	   1	  13	  27	   3	  20	  50	  50	 486	671714	672956	   0	-220	
 270	 281	  50	   2	 263	   3	   1	  13	  27	   4	  20	  50	  50	 503	674741	675004	   0	-230	
 271	 282	  20	   1	 263	   1	   1	  14	  27	   4	  20	  50	  50	 515	676821	677084	   0	-220	
 272	 283	  50	   1	 341	   3	   1	  14	  27	   5	  20	  50	  50	 683	679047	679388	   0	-210	
 273	 284	  50	   1	 477	   2	   1	  14	  28	   5	  20	  50	  50	 423	681087	681564	   0	-200	
 274	 285	  20	   2	 503	   1	   1	  15	  28	   5	  20	  50	  50	 544	683381	683884	   0	-210	
 275	 286	  50	   2	 341	   2	   1	  15	  29	   5	  20	  50	  50	 522	685687	686028	   0	-220	
 276	 287	  20	   1	 336	   1	   1	  16	  29	   5	  20	  50	  50	 435	687740	688076	   0	-210	
 277	 288	  50	   3	 274	   3	   2	  16	  29	   6	  20	  50	  50	 472	689834	690108	   0	-210	
 278	 289	  20	   4	 477	   1	   2	  17	  29	   6	  20	  50	  50	 580	691967	692444	   0	-210	
 279	 290	  50	   2	 357	   3	   1	  17	  29	   7	  20	  50	  50	 526	694247	694604	   0	-220	
 280	 291	  50	   1	 397	   2	   1	  17	  30	   7	  20	  50	  50	 400	696287	696684	   0	-210	
 281	 292	  50	   2	 349	   3	   1	  17	  30	   8	  20	  50	  50	 311	698287	698636	   0	-220	
 282	 293	  50	   3	 496	   2	   2	  17	  31	   8	  20	  50	  50	 457	700380	700876	   0	-220	
 283	 294	  50	   3	 459	   3	   2	  17	  31	   9	  20	  50	  50	 511	702673	703132	   0	-220	
 284	 295	  20	   2	 288	   1	   1	  18	  31	   9	  20	  50	  50	 526	704940	705228	   0	-230	
 285	 296	  50	   2	 276	   2	   1	  18	  32	   9	  20	  50	  50	 454	706967	707243	   0	-240	
 286	 297	  20	   2	 349	   1	   1	  19	  32	   9	  20	  50	  50	 325	708846	709195	   0	-250	
 287	 298	  50	   1	 463	   2	   1	  19	  33	   9	  20	  50	  50	 615	711100	711563	   0	-240	
 288	 299	  20	   2	 493	   1	   1	  20	  33	   9	  20	  50	  50	 487	713326	713819	   0	-250	
 289	 300	  20	   4	 253	   2	   2	  20	   1	   9	  20	  20	  50	 670	715806	716059	   2	-250	
 290	 301	  50	   1	 285	   3	   1	  20	   1	  10	  20	  20	  50	 454	717806	718091	   0	-240	
 291	 302	  20	   2	 469	   2	   1	  20	   2	  10	  20	  20	  50	 688	720086	720555	   0	-250	
 292	 303	  50	   1	 328	   3	   1	  20	   2	  11	  20	  20	  50	 419	722259	722587	   0	-240	
 293	 304	  20	   2	 277	   2	   1	  20	   3	  11	  20	  20	  50	 624	724486	724763	   0	-250	
 294	 305	  20	   2	 325	   1	   1	  21	   3	  11	  20	  20	  50	 687	726726	727051	   0	-260	
 295	 306	  50	   1	 304	   3	   1	  21	   3	  12	  20	  20	  50	 368	728699	729003	   0	-250	
 296	 307	  20	   1	 573	   1	   1	  22	   3	  12	  20	  20	  50	 325	730606	731179	   0	-240	
 297	 308	  50	   2	 467	   3	   1	  22	   3	  13	  20	  20	  50	 649	733112	733579	   0	-250	
 298	 309	  20	   2	 533	   1	   1	  23	   3	  13	  20	  20	  50	 337	735206	735739	   0	-260	
 299	 310	  50	   1	 453	   3	   1	  23	   3	  14	  20	  20	  50	 500	737526	737979	   0	-250	
 300	 311	  20	   2	 400	   1	   1	  24	   3	  14	  20	  20	  50	 307	739579	739979	   0	-260	
 301	 312	  50	   3	 651	   3	   2	  24	   3	  15	  20	  20	  50	 340	741632	742283	   0	-260	
 302	 313	  20	   2	 580	   2	   1	  24	   4	  15	  20	  20	  50	 684	744246	744826	   0	-270	
 303	 314	  50	   2	 279	   3	   1	  24	   4	  16	  20	  20	  50	 386	746499	746778	   0	-280	
 304	 315	  20	   1	 287	   2	   1	  24	   5	  16	  20	  20	  50	 634	748699	748986	   0	-270	
 305	 316	  20	   2	 335	   1	   1	  25	   5	  16	  20	  20	  50	 427	750699	751034	   0	-280	
 306	 317	  20	   4	 210	   2	   2	  25	   6	  16	  20	  20	  50	 550	752872	753082	   0	-280	
 307	 318	  50	   2	 482	   3	   1	  25	   6	  17	  20	  20	  50	 429	754792	755274	   0	-290	
 308	 319	  20	   4	 234	   2	   2	  25	   7	  17	  20	  20	  50	 592	757152	757386	   0	-290	
 309	 320	  20	   2	 221	   1	   1	  26	   7	  17	  20	  20	  50	 421	759085	759306	   0	-300	
NaN	 321	  50	NaN	NaN	   3	   3	  26	   7	  17	  20	  20	  50	 309	759085	NaN	   0	-300	
 310	 322	  20	   2	 341	   1	   1	  27	   7	  17	  20	  20	  50	 413	764565	764906	   0	-310	
 311	 323	  50	   1	1114	   3	   1	  27	   7	  18	  20	  20	  50	 379	766592	767706	   0	-300	
 312	 324	  20	   1	 272	   1	   1	  28	   7	  18	  20	  20	  50	 510	769498	769770	   0	-290	
 313	 325	  20	   2	 317	   2	   1	  28	   8	  18	  20	  20	  50	 591	771645	771962	   0	-300	
 314	 326	  20	   2	 403	   1	   1	  29	   8	  18	  20	  20	  50	 678	773911	774314	   0	-310	
NaN	 327	  50	NaN	NaN	   3	   3	  29	   8	  18	  20	  20	  50	 693	773911	NaN	   0	-310	
 315	 328	  20	   1	 890	   2	   1	  29	   9	  18	  20	  20	  50	 487	780031	780921	   0	-300	
 316	 329	  50	   2	 287	   3	   1	  29	   9	  19	  20	  20	  50	 579	782778	783065	   0	-310	
 317	 330	  20	   2	 466	   2	   1	  29	  10	  19	  20	  20	  50	 526	784871	785337	   0	-320	
 318	 331	  20	   2	 330	   1	   1	  30	  10	  19	  20	  20	  50	 606	787231	787561	   0	-330	
 319	 332	  20	   2	 301	   2	   1	  30	  11	  19	  20	  20	  50	 652	789484	789785	   0	-340	
 320	 333	  50	   2	 591	   3	   1	  30	  11	  20	  20	  20	  50	 427	791498	792089	   0	-350	
 321	 334	  20	   2	 586	   1	   1	  31	  11	  20	  20	  20	  50	 476	793871	794457	   0	-360	
 322	 335	  20	   2	1056	   2	   1	  31	  12	  20	  20	  20	  50	 469	796217	797273	   0	-370	
 323	 336	  50	   2	 424	   3	   1	  31	  12	  21	  20	  20	  50	 424	798977	799401	   0	-380	
 324	 337	  20	   2	1106	   1	   1	  32	  12	  21	  20	  20	  50	 346	801031	802137	   0	-390	
 325	 338	  20	   2	 624	   2	   1	  32	  13	  21	  20	  20	  50	 638	804057	804681	   0	-400	
 326	 339	  20	   1	1400	   1	   1	  33	  13	  21	  20	  20	  50	 302	806257	807657	   0	-390	
 327	 340	  20	   2	1192	   2	   1	  33	  14	  21	  20	  20	  50	 350	809297	810489	   0	-400	
 328	 341	  20	   2	 595	   1	   1	  34	  14	  21	  20	  20	  50	 539	812310	812905	   0	-410	
 329	 342	  50	   1	 642	   3	   1	  34	  14	  22	  20	  20	  50	 452	814630	815272	   0	-400	
 330	 343	  20	   2	 695	   1	   1	  35	  14	  22	  20	  20	  50	 658	817217	817912	   0	-410	
 331	 344	  20	   2	 602	   2	   1	  35	  15	  22	  20	  20	  50	 642	819870	820472	   0	-420	
 332	 345	  50	   2	 463	   3	   1	  35	  15	  23	  20	  20	  50	 381	822137	822600	   0	-430	
 333	 346	  20	   2	 309	   2	   1	  35	  16	  23	  20	  20	  50	 441	824323	824632	   0	-440	
 334	 347	  80	   3	 282	   1	   2	   1	  16	  23	  80	  20	  50	 560	826510	826792	   1	-440	
 335	 348	  20	   2	 730	   2	   1	   1	  17	  23	  80	  20	  50	 357	828430	829160	   0	-450	
 336	 349	  50	   1	 594	   3	   1	   1	  17	  24	  80	  20	  50	 675	831110	831704	   0	-440	
 337	 350	  80	   1	 709	   1	   1	   2	  17	  24	  80	  20	  50	 699	833683	834392	   0	-430	
 338	 351	  50	   1	 490	   3	   1	   2	  17	  25	  80	  20	  50	 349	836030	836520	   0	-420	
 339	 352	  80	   1	  90	   1	   1	   3	  17	  25	  80	  20	  50	 306	838110	838200	   0	-410	
 340	 353	  50	   2	 224	   3	   1	   3	  17	  26	  80	  20	  50	 499	839976	840200	   0	-420	
 341	 354	  80	   1	 360	   1	   1	   4	  17	  26	  80	  20	  50	 352	841856	842216	   0	-410	
 342	 355	  20	   1	 195	   2	   1	   4	  18	  26	  80	  20	  50	 567	844069	844264	   0	-400	
NaN	 356	  80	NaN	NaN	   1	   3	   4	  18	  26	  80	  20	  50	 677	844069	NaN	   0	-400	
 343	 357	  50	   1	 319	   3	   1	   4	  18	  27	  80	  20	  50	 592	850056	850375	   0	-390	
 344	 358	  20	   1	 287	   2	   1	   4	  19	  27	  80	  20	  50	 386	852056	852343	   0	-380	
 345	 359	  50	   1	 250	   3	   1	   4	  19	  28	  80	  20	  50	 404	854029	854279	   0	-370	
 346	 360	  20	   2	 351	   2	   1	   4	  20	  28	  80	  20	  50	 337	855896	856247	   0	-380	
 347	 361	  80	   2	 349	   1	   1	   5	  20	  28	  80	  20	  50	 595	858122	858471	   0	-390	
 348	 362	  20	   1	 269	   2	   1	   5	  21	  28	  80	  20	  50	 529	860282	860551	   0	-380	
 349	 363	  50	   2	 269	   3	   1	   5	  21	  29	  80	  20	  50	 683	862522	862791	   0	-390	
 350	 364	  80	   3	 783	   1	   2	   6	  21	  29	  80	  20	  50	 304	864376	865159	   0	-390	
 351	 365	  50	   4	 274	   3	   2	   6	  21	  30	  80	  20	  50	 567	867029	867303	   0	-390	
 352	 366	  20	   4	 576	   2	   2	   6	  22	  30	  80	  20	  50	 348	868935	869511	   0	-390	
 353	 367	  50	   4	 184	   3	   2	   6	  22	  31	  80	  20	  50	 655	871455	871639	   0	-390	
 354	 368	  20	   4	 261	   2	   2	   6	  23	  31	  80	  20	  50	 442	873362	873623	   0	-390	
 355	 369	  80	   3	 458	   1	   2	   7	  23	  31	  80	  20	  50	 487	875389	875847	   0	-390	
 356	 370	  50	   4	 843	   3	   2	   7	  23	  32	  80	  20	  50	 499	877628	878471	   0	-390	
 357	 371	  20	   4	 317	   2	   2	   7	  24	  32	  80	  20	  50	 448	880202	880519	   0	-390	
 358	 372	  50	   3	 379	   3	   2	   7	  24	  33	  80	  20	  50	 310	882108	882487	   0	-390	
 359	 373	  80	   3	 437	   1	   2	   8	  24	  33	  80	  20	  50	 311	884082	884519	   0	-390	
 360	 374	  70	   3	 284	   3	   2	   8	  24	   1	  80	  20	  70	 615	886442	886726	   3	-390	
 361	 375	  80	   2	 242	   1	   1	   9	  24	   1	  80	  20	  70	 512	888548	888790	   0	-400	
 362	 376	  70	   2	 346	   3	   1	   9	  24	   2	  80	  20	  70	 513	890588	890934	   0	-410	
 363	 377	  20	   2	 114	   2	   1	   9	  25	   2	  80	  20	  70	 492	892708	892822	   0	-420	
 364	 378	  80	   1	 421	   1	   1	  10	  25	   2	  80	  20	  70	 698	894801	895222	   0	-410	
 365	 379	  70	   2	 506	   3	   1	  10	  25	   3	  80	  20	  70	 411	896908	897414	   0	-420	
 366	 380	  80	   1	 349	   1	   1	  11	  25	   3	  80	  20	  70	 375	899081	899430	   0	-410	
 367	 381	  70	   1	 338	   3	   1	  11	  25	   4	  80	  20	  70	 476	901188	901526	   0	-400	
 368	 382	  80	   1	 264	   1	   1	  12	  25	   4	  80	  20	  70	 482	903294	903558	   0	-390	
 369	 383	  20	   2	 314	   2	   1	  12	  26	   4	  80	  20	  70	 391	905228	905542	   0	-400	
 370	 384	  80	   1	  88	   1	   1	  13	  26	   4	  80	  20	  70	 629	907454	907542	   0	-390	
 371	 385	  70	   1	 378	   3	   1	  13	  26	   5	  80	  20	  70	 455	909308	909686	   0	-380	
 372	 386	  80	   1	 272	   1	   1	  14	  26	   5	  80	  20	  70	 441	911414	911686	   0	-370	
 373	 387	  20	   1	 411	   2	   1	  14	  27	   5	  80	  20	  70	 343	913307	913718	   0	-360	
 374	 388	  70	   1	 333	   3	   1	  14	  27	   6	  80	  20	  70	 643	915641	915974	   0	-350	
 375	 389	  20	   2	 552	   2	   1	  14	  28	   6	  80	  20	  70	 587	917854	918406	   0	-360	
 376	 390	  70	   2	 613	   3	   1	  14	  28	   7	  80	  20	  70	 546	920241	920854	   0	-370	
 377	 391	  80	   1	1308	   1	   1	  15	  28	   7	  80	  20	  70	 535	922681	923989	   0	-360	
 378	 392	  70	   1	 346	   3	   1	  15	  28	   8	  80	  20	  70	 357	925627	925973	   0	-350	
 379	 393	  20	   2	 309	   2	   1	  15	  29	   8	  80	  20	  70	 424	927680	927989	   0	-360	
 380	 394	  70	   1	1010	   3	   1	  15	  29	   9	  80	  20	  70	 306	929587	930597	   0	-350	
 381	 395	  20	   2	 829	   2	   1	  15	  30	   9	  80	  20	  70	 617	932520	933349	   0	-360	
 382	 396	  70	   1	 693	   3	   1	  15	  30	  10	  80	  20	  70	 560	935200	935893	   0	-350	
 383	 397	  80	   1	 426	   1	   1	  16	  30	  10	  80	  20	  70	 692	937867	938293	   0	-340	
 384	 398	  70	   2	 298	   3	   1	  16	  30	  11	  80	  20	  70	 611	940187	940485	   0	-350	
 385	 399	  20	   2	 381	   2	   1	  16	  31	  11	  80	  20	  70	 438	942200	942581	   0	-360	
 386	 400	  80	   1	 461	   1	   1	  17	  31	  11	  80	  20	  70	 420	944280	944741	   0	-350	
 387	 401	  20	   2	 618	   2	   1	  17	  32	  11	  80	  20	  70	 490	946507	947125	   0	-360	
 388	 402	  80	   2	 403	   1	   1	  18	  32	  11	  80	  20	  70	 302	948706	949109	   0	-370	
 389	 403	  20	   1	 403	   2	   1	  18	  33	  11	  80	  20	  70	 466	950866	951269	   0	-360	
 390	 404	  80	   2	 565	   1	   1	  19	  33	  11	  80	  20	  70	 559	953120	953685	   0	-370	
 391	 405	  20	   2	 541	   2	   1	  19	  34	  11	  80	  20	  70	 570	955560	956101	   0	-380	
 392	 406	  80	   1	 357	   1	   1	  20	  34	  11	  80	  20	  70	 696	958080	958437	   0	-370	
 393	 407	  20	   2	1300	   2	   1	  20	  35	  11	  80	  20	  70	 369	960080	961380	   0	-380	
 394	 408	  80	   2	 301	   1	   1	  21	  35	  11	  80	  20	  70	 341	962999	963300	   0	-390	
 395	 409	  80	   1	 309	   2	   1	  21	   1	  11	  80	  80	  70	 358	964959	965268	   2	-380	
 396	 410	  80	   1	 426	   1	   1	  22	   1	  11	  80	  80	  70	 353	966906	967332	   0	-370	
 397	 411	  80	   1	 439	   2	   1	  22	   2	  11	  80	  80	  70	 437	969053	969492	   0	-360	
 398	 412	  80	   1	 658	   1	   1	  23	   2	  11	  80	  80	  70	 649	971426	972084	   0	-350	
 399	 413	  80	   1	 402	   2	   1	  23	   3	  11	  80	  80	  70	 538	973906	974308	   0	-340	
 400	 414	  80	   1	 504	   1	   1	  24	   3	  11	  80	  80	  70	 496	976092	976596	   0	-330	
 401	 415	  80	   2	 442	   2	   1	  24	   4	  11	  80	  80	  70	 445	978346	978788	   0	-340	
 402	 416	  80	   1	 893	   1	   1	  25	   4	  11	  80	  80	  70	 370	980439	981332	   0	-330	
 403	 417	  70	   1	 621	   3	   1	  25	   4	  12	  80	  80	  70	 540	983159	983780	   0	-320	
 404	 418	  80	   1	 389	   2	   1	  25	   5	  12	  80	  80	  70	 617	985679	986068	   0	-310	
 405	 419	  80	   1	 373	   1	   1	  26	   5	  12	  80	  80	  70	 326	987679	988052	   0	-300	
 406	 420	  80	   1	 368	   2	   1	  26	   6	  12	  80	  80	  70	 546	989892	990260	   0	-290	
 407	 421	  70	   1	 469	   3	   1	  26	   6	  13	  80	  80	  70	 381	991919	992388	   0	-280	
 408	 422	  80	   1	 372	   2	   1	  26	   7	  13	  80	  80	  70	 651	994319	994691	   0	-270	
 409	 423	  80	   2	 340	   1	   1	  27	   7	  13	  80	  80	  70	 344	996319	996659	   0	-280	
 410	 424	  70	   2	 597	   3	   1	  27	   7	  14	  80	  80	  70	 696	998638	999235	   0	-290	
 411	 425	  80	   3	 474	   2	   2	  27	   8	  14	  80	  80	  70	 688	1001225	1001699	   0	-290	
 412	 426	  80	   1	 309	   1	   1	  28	   8	  14	  80	  80	  70	 623	1003598	1003907	   0	-280	
 413	 427	  70	   1	 581	   3	   1	  28	   8	  15	  80	  80	  70	 481	1005678	1006259	   0	-270	
 414	 428	  80	   2	 421	   2	   1	  28	   9	  15	  80	  80	  70	 544	1008078	1008499	   0	-280	
 415	 429	  80	   1	 413	   1	   1	  29	   9	  15	  80	  80	  70	 654	1010438	1010851	   0	-270	
 416	 430	  70	   1	 485	   3	   1	  29	   9	  16	  80	  80	  70	 425	1012558	1013043	   0	-260	
 417	 431	  80	   1	 394	   2	   1	  29	  10	  16	  80	  80	  70	 338	1014665	1015059	   0	-250	
 418	 432	  70	   2	 317	   3	   1	  29	  10	  17	  80	  80	  70	 583	1016918	1017235	   0	-260	
 419	 433	  80	   2	 829	   2	   1	  29	  11	  17	  80	  80	  70	 485	1018998	1019827	   0	-270	
 420	 434	  70	   1	 603	   3	   1	  29	  11	  18	  80	  80	  70	 355	1021464	1022067	   0	-260	
 421	 435	  80	   1	 317	   2	   1	  29	  12	  18	  80	  80	  70	 336	1023718	1024035	   0	-250	
 422	 436	  70	   1	 323	   3	   1	  29	  12	  19	  80	  80	  70	 678	1025984	1026307	   0	-240	
 423	 437	  80	   1	 381	   1	   1	  30	  12	  19	  80	  80	  70	 528	1028118	1028499	   0	-230	
 424	 438	  70	   1	 431	   3	   1	  30	  12	  20	  80	  80	  70	 347	1030131	1030562	   0	-220	
 425	 439	  30	   2	 589	   1	   1	   1	  12	  20	  30	  80	  70	 645	1032517	1033106	   1	-230	
 426	 440	  70	   1	 293	   3	   1	   1	  12	  21	  30	  80	  70	 566	1034957	1035250	   0	-220	
 427	 441	  80	   1	 301	   2	   1	   1	  13	  21	  30	  80	  70	 695	1037237	1037538	   0	-210	
 428	 442	  70	   2	1098	   3	   1	   1	  13	  22	  30	  80	  70	 401	1039224	1040322	   0	-220	
 429	 443	  30	   1	 695	   1	   1	   2	  13	  22	  30	  80	  70	 641	1042251	1042946	   0	-210	
 430	 444	  80	   1	 336	   2	   1	   2	  14	  22	  30	  80	  70	 617	1044850	1045186	   0	-200	
 431	 445	  30	   1	 482	   1	   1	   3	  14	  22	  30	  80	  70	 689	1047184	1047666	   0	-190	
NaN	 446	  80	NaN	NaN	   2	   3	   3	  14	  22	  30	  80	  70	 494	1047184	NaN	   0	-190	
 432	 447	  30	   2	 498	   1	   1	   4	  14	  22	  30	  80	  70	 487	1053184	1053682	   0	-200	
 433	 448	  80	   1	 226	   2	   1	   4	  15	  22	  30	  80	  70	 300	1055264	1055490	   0	-190	
 434	 449	  30	   2	 285	   1	   1	   5	  15	  22	  30	  80	  70	 383	1057157	1057442	   0	-200	
 435	 450	  70	   2	 661	   3	   1	   5	  15	  23	  30	  80	  70	 467	1059197	1059858	   0	-210	
 436	 451	  30	   2	 363	   1	   1	   6	  15	  23	  30	  80	  70	 321	1061463	1061826	   0	-220	
 437	 452	  80	   1	 344	   2	   1	   6	  16	  23	  30	  80	  70	 655	1063770	1064114	   0	-210	
 438	 453	  70	   1	 519	   3	   1	   6	  16	  24	  30	  80	  70	 615	1066010	1066529	   0	-200	
 439	 454	  80	   1	 903	   2	   1	   6	  17	  24	  30	  80	  70	 357	1068170	1069073	   0	-190	
 440	 455	  30	   1	1850	   1	   1	   7	  17	  24	  30	  80	  70	 317	1070663	1072513	   0	-180	
 441	 456	  80	   2	 946	   2	   1	   7	  18	  24	  30	  80	  70	 516	1074623	1075569	   0	-190	
 442	 457	  70	   1	 517	   3	   1	   7	  18	  25	  30	  80	  70	 413	1077276	1077793	   0	-180	
 443	 458	  30	   2	 842	   1	   1	   8	  18	  25	  30	  80	  70	 551	1079623	1080465	   0	-190	
 444	 459	  70	   1	1162	   3	   1	   8	  18	  26	  30	  80	  70	 433	1082183	1083345	   0	-180	
 445	 460	  30	   2	 394	   1	   1	   9	  18	  26	  30	  80	  70	 598	1085223	1085617	   0	-190	
 446	 461	  80	   3	 584	   2	   2	   9	  19	  26	  30	  80	  70	 626	1087529	1088113	   0	-190	
 447	 462	  70	   1	 362	   3	   1	   9	  19	  27	  30	  80	  70	 314	1089703	1090065	   0	-180	
 448	 463	  30	   2	 394	   1	   1	  10	  19	  27	  30	  80	  70	 432	1091783	1092177	   0	-190	
 449	 464	  80	   1	 557	   2	   1	  10	  20	  27	  30	  80	  70	 338	1093796	1094353	   0	-180	
 450	 465	  30	   1	 424	   1	   1	  11	  20	  27	  30	  80	  70	 695	1096329	1096753	   0	-170	
 451	 466	  70	   2	 400	   3	   1	  11	  20	  28	  30	  80	  70	 632	1098689	1099089	   0	-180	
 452	 467	  80	   1	 427	   2	   1	  11	  21	  28	  30	  80	  70	 439	1100822	1101249	   0	-170	
 453	 468	  70	   1	 362	   3	   1	  11	  21	  29	  30	  80	  70	 362	1102902	1103264	   0	-160	
 454	 469	  30	   2	 399	   1	   1	  12	  21	  29	  30	  80	  70	 453	1105009	1105408	   0	-170	
 455	 470	  80	   1	 853	   2	   1	  12	  22	  29	  30	  80	  70	 575	1107275	1108128	   0	-160	
 456	 471	  30	   2	 901	   1	   1	  13	  22	  29	  30	  80	  70	 337	1109755	1110656	   0	-170	
 457	 472	  70	   1	 503	   3	   1	  13	  22	  30	  30	  80	  70	 387	1112329	1112832	   0	-160	
 458	 473	  30	   3	1026	   1	   2	  14	  22	  30	  30	  80	  70	 674	1114782	1115808	   0	-160	
 459	 474	  80	   1	 477	   2	   1	  14	  23	  30	  30	  80	  70	 540	1117635	1118112	   0	-150	
 460	 475	  30	   2	 450	   1	   1	  15	  23	  30	  30	  80	  70	 429	1119822	1120272	   0	-160	
 461	 476	  70	   1	 298	   3	   1	  15	  23	  31	  30	  80	  70	 684	1122262	1122560	   0	-150	
 462	 477	  80	   1	 416	   2	   1	  15	  24	  31	  30	  80	  70	 452	1124288	1124704	   0	-140	
 463	 478	  70	   1	 597	   3	   1	  15	  24	  32	  30	  80	  70	 403	1126395	1126992	   0	-130	
 464	 479	  80	   2	1400	   2	   1	  15	  25	  32	  30	  80	  70	 698	1128968	1130368	   0	-140	
 465	 480	  30	   2	 293	   1	   1	  16	  25	  32	  30	  80	  70	 664	1132315	1132608	   0	-150	
 466	 481	  70	   1	 275	   3	   1	  16	  25	  33	  30	  80	  70	 481	1134381	1134656	   0	-140	
 467	 482	  80	   1	 312	   2	   1	  16	  26	  33	  30	  80	  70	 552	1136488	1136800	   0	-130	
NaN	 483	  70	NaN	NaN	   3	   3	  16	  26	  33	  30	  80	  70	 555	1136488	NaN	   0	-130	
 468	 484	  80	   1	 367	   2	   1	  16	  27	  33	  30	  80	  70	 572	1142448	1142815	   0	-120	
 469	 485	  30	   1	 271	   1	   1	  17	  27	  33	  30	  80	  70	 437	1144528	1144799	   0	-110	
 470	 486	  80	   1	 319	   2	   1	  17	  28	  33	  30	  80	  70	 604	1146688	1147007	   0	-100	
 471	 487	  70	   2	 610	   3	   1	  17	  28	  34	  30	  80	  70	 542	1148861	1149471	   0	-110	
 472	 488	  80	   2	1389	   2	   1	  17	  29	  34	  30	  80	  70	 485	1151234	1152623	   0	-120	
 473	 489	  30	   2	 445	   1	   1	  18	  29	  34	  30	  80	  70	 528	1154434	1154879	   0	-130	
 474	 490	  70	   1	 592	   3	   1	  18	  29	  35	  30	  80	  70	 521	1156687	1157279	   0	-120	
 475	 491	  30	   2	 272	   1	   1	  19	  29	  35	  30	  80	  70	 362	1158927	1159199	   0	-130	
 476	 492	  50	   2	 242	   3	   1	  19	  29	   1	  30	  80	  50	 604	1161101	1161343	   3	-140	
 477	 493	  80	   3	 354	   2	   2	  19	  30	   1	  30	  80	  50	 306	1162941	1163295	   0	-140	
 478	 494	  50	   3	 275	   3	   2	  19	  30	   2	  30	  80	  50	 683	1165260	1165535	   0	-140	
 479	 495	  30	   4	 427	   1	   2	  20	  30	   2	  30	  80	  50	 645	1167460	1167887	   0	-140	
 480	 496	  20	   1	1083	   2	   1	  20	   1	   2	  30	  20	  50	 352	1169540	1170623	   2	-130	
 481	 497	  50	   2	 480	   3	   1	  20	   1	   3	  30	  20	  50	 349	1172287	1172767	   0	-140	
 482	 498	  30	   2	 212	   1	   1	  21	   1	   3	  30	  20	  50	 498	1174554	1174766	   0	-150	
 483	 499	  50	   4	 551	   3	   2	  21	   1	   4	  30	  20	  50	 669	1176727	1177278	   0	-150	
 484	 500	  30	   3	 263	   1	   2	  22	   1	   4	  30	  20	  50	 330	1178887	1179150	   0	-150	
 485	 501	  50	   1	 333	   3	   1	  22	   1	   5	  30	  20	  50	 402	1180833	1181166	   0	-140	
 486	 502	  20	   2	 311	   2	   1	  22	   2	   5	  30	  20	  50	 677	1183127	1183438	   0	-150	
 487	 503	  30	   1	 791	   1	   1	  23	   2	   5	  30	  20	  50	 491	1185207	1185998	   0	-140	
 488	 504	  50	   1	 730	   3	   1	  23	   2	   6	  30	  20	  50	 425	1187700	1188430	   0	-130	
 489	 505	  30	   2	  32	   1	   1	  24	   2	   6	  30	  20	  50	 502	1190206	1190238	   0	-140	
 490	 506	  20	   2	 250	   2	   1	  24	   3	   6	  30	  20	  50	 656	1192180	1192430	   0	-150	
 491	 507	  50	   1	 528	   3	   1	  24	   3	   7	  30	  20	  50	 636	1194366	1194894	   0	-140	
 492	 508	  20	   1	 237	   2	   1	  24	   4	   7	  30	  20	  50	 584	1196753	1196990	   0	-130	
 493	 509	  50	   1	 288	   3	   1	  24	   4	   8	  30	  20	  50	 424	1198686	1198974	   0	-120	
 494	 510	  30	   2	 256	   1	   1	  25	   4	   8	  30	  20	  50	 512	1200766	1201022	   0	-130	
 495	 511	  50	   2	 301	   3	   1	  25	   4	   9	  30	  20	  50	 601	1202913	1203214	   0	-140	
 496	 512	  30	   2	1555	   1	   1	  26	   4	   9	  30	  20	  50	 686	1205179	1206734	   0	-150	
 497	 513	  20	   2	 640	   2	   1	  26	   5	   9	  30	  20	  50	 354	1208366	1209006	   0	-160	
 498	 514	  30	   2	 599	   1	   1	  27	   5	   9	  30	  20	  50	 510	1210806	1211405	   0	-170	
NaN	 515	  50	NaN	NaN	   3	   3	  27	   5	   9	  30	  20	  50	 471	1210806	NaN	   0	-170	
 499	 516	  30	   1	 311	   1	   1	  28	   5	   9	  30	  20	  50	 311	1216726	1217037	   0	-160	
 500	 517	  20	   2	 130	   2	   1	  28	   6	   9	  30	  20	  50	 456	1218779	1218909	   0	-170	
NaN	 518	  50	NaN	NaN	   3	   3	  28	   6	   9	  30	  20	  50	 353	1218779	NaN	   0	-170	
 501	 519	  20	   2	 440	   2	   1	  28	   7	   9	  30	  20	  50	 512	1224325	1224765	   0	-180	
NaN	 520	  30	NaN	NaN	   1	   3	  28	   7	   9	  30	  20	  50	 350	1224325	NaN	   0	-180	
 502	 521	  20	   2	 309	   2	   1	  28	   8	   9	  30	  20	  50	 575	1230232	1230541	   0	-190	
 503	 522	  50	   2	 389	   3	   1	  28	   8	  10	  30	  20	  50	 486	1232312	1232701	   0	-200	
 504	 523	  30	   2	 240	   1	   1	  29	   8	  10	  30	  20	  50	 456	1234445	1234685	   0	-210	
 505	 524	  50	   1	1005	   3	   1	  29	   8	  11	  30	  20	  50	 543	1236512	1237517	   0	-200	
 506	 525	  30	   2	1435	   1	   1	  30	   8	  11	  30	  20	  50	 574	1239378	1240813	   0	-210	
 507	 526	  50	   2	 752	   3	   1	  30	   8	  12	  30	  20	  50	 356	1242445	1243197	   0	-220	
 508	 527	  30	   2	 411	   1	   1	  31	   8	  12	  30	  20	  50	 343	1244818	1245229	   0	-230	
 509	 528	  50	   1	 322	   3	   1	  31	   8	  13	  30	  20	  50	 434	1246938	1247260	   0	-220	
 510	 529	  30	   2	 277	   1	   1	  32	   8	  13	  30	  20	  50	 643	1249191	1249468	   0	-230	
 511	 530	  50	   1	 250	   3	   1	  32	   8	  14	  30	  20	  50	 506	1251298	1251548	   0	-220	
 512	 531	  30	   2	 285	   1	   1	  33	   8	  14	  30	  20	  50	 399	1253231	1253516	   0	-230	
 513	 532	  50	   2	 295	   3	   1	  33	   8	  15	  30	  20	  50	 486	1255285	1255580	   0	-240	
 514	 533	  80	   2	 162	   1	   1	   1	   8	  15	  80	  20	  50	 520	1257418	1257580	   1	-250	
 515	 534	  20	   2	 530	   2	   1	   1	   9	  15	  80	  20	  50	 550	1259418	1259948	   0	-260	
 516	 535	  50	   2	 290	   3	   1	   1	   9	  16	  80	  20	  50	 348	1261578	1261868	   0	-270	
 517	 536	  20	   2	 221	   2	   1	   1	  10	  16	  80	  20	  50	 480	1263631	1263852	   0	-280	
 518	 537	  80	   1	 306	   1	   1	   2	  10	  16	  80	  20	  50	 606	1265738	1266044	   0	-270	
 519	 538	  50	   1	 325	   3	   1	   2	  10	  17	  80	  20	  50	 341	1267671	1267996	   0	-260	
 520	 539	  20	   2	 376	   2	   1	   2	  11	  17	  80	  20	  50	 409	1269684	1270060	   0	-270	
 521	 540	  50	   2	 272	   3	   1	   2	  11	  18	  80	  20	  50	 437	1271804	1272076	   0	-280	
 522	 541	  20	   2	 424	   2	   1	   2	  12	  18	  80	  20	  50	 404	1273764	1274188	   0	-290	
 523	 542	  50	   1	 976	   3	   1	   2	  12	  19	  80	  20	  50	 660	1276124	1277100	   0	-280	
NaN	 543	  20	NaN	NaN	   2	   3	   2	  12	  19	  80	  20	  50	 399	1276124	NaN	   0	-280	
 524	 544	  80	   1	 260	   1	   1	   3	  12	  19	  80	  20	  50	 667	1282711	1282971	   0	-270	
 525	 545	  20	   2	 218	   2	   1	   3	  13	  19	  80	  20	  50	 559	1284817	1285035	   0	-280	
 526	 546	  50	   2	 253	   3	   1	   3	  13	  20	  80	  20	  50	 506	1286830	1287083	   0	-290	
 527	 547	  20	   1	 215	   2	   1	   3	  14	  20	  80	  20	  50	 598	1288964	1289179	   0	-280	
 528	 548	  80	   2	 437	   1	   1	   4	  14	  20	  80	  20	  50	 649	1291110	1291547	   0	-290	
 529	 549	  50	   2	 495	   3	   1	   4	  14	  21	  80	  20	  50	 414	1293244	1293739	   0	-300	
 530	 550	  20	   2	 301	   2	   1	   4	  15	  21	  80	  20	  50	 608	1295630	1295931	   0	-310	
 531	 551	  80	   1	 541	   1	   1	   5	  15	  21	  80	  20	  50	 633	1297870	1298411	   0	-300	
 532	 552	  20	   1	 261	   2	   1	   5	  16	  21	  80	  20	  50	 304	1299990	1300251	   0	-290	
 533	 553	  80	   1	 264	   1	   1	   6	  16	  21	  80	  20	  50	 552	1302083	1302347	   0	-280	
 534	 554	  50	   2	 274	   3	   1	   6	  16	  22	  80	  20	  50	 438	1304057	1304331	   0	-290	
 535	 555	  20	   2	 426	   2	   1	   6	  17	  22	  80	  20	  50	 405	1306017	1306443	   0	-300	
 536	 556	  50	   1	 368	   3	   1	   6	  17	  23	  80	  20	  50	 392	1308123	1308491	   0	-290	
 537	 557	  80	   1	 229	   1	   1	   7	  17	  23	  80	  20	  50	 622	1310390	1310619	   0	-280	
 538	 558	  50	   1	 269	   3	   1	   7	  17	  24	  80	  20	  50	 532	1312430	1312699	   0	-270	
 539	 559	  80	   1	 405	   1	   1	   8	  17	  24	  80	  20	  50	 406	1314390	1314795	   0	-260	
 540	 560	  50	   1	 547	   3	   1	   8	  17	  25	  80	  20	  50	 623	1316696	1317243	   0	-250	
 541	 561	  80	   1	 399	   1	   1	   9	  17	  25	  80	  20	  50	 369	1318923	1319322	   0	-240	
 542	 562	  20	   2	 562	   2	   1	   9	  18	  25	  80	  20	  50	 331	1320936	1321498	   0	-250	
 543	 563	  50	   1	 410	   3	   1	   9	  18	  26	  80	  20	  50	 356	1323136	1323546	   0	-240	
 544	 564	  20	   2	 743	   2	   1	   9	  19	  26	  80	  20	  50	 463	1325283	1326026	   0	-250	
 545	 565	  80	   1	 311	   1	   1	  10	  19	  26	  80	  20	  50	 454	1327763	1328074	   0	-240	
 546	 566	  20	   2	1119	   2	   1	  10	  20	  26	  80	  20	  50	 604	1329963	1331082	   0	-250	
NaN	 567	  80	NaN	NaN	   1	   3	  10	  20	  26	  80	  20	  50	 466	1329963	NaN	   0	-250	
NaN	 568	  50	NaN	NaN	   3	   3	  10	  20	  26	  80	  20	  50	 349	1329963	NaN	   0	-250	
 547	 569	  20	   2	 525	   2	   1	  10	  21	  26	  80	  20	  50	 578	1340269	1340794	   0	-260	
 548	 570	  80	   1	 184	   1	   1	  11	  21	  26	  80	  20	  50	 326	1342402	1342586	   0	-250	
 549	 571	  20	   1	1200	   2	   1	  11	  22	  26	  80	  20	  50	 418	1344282	1345482	   0	-240	
 550	 572	  80	   1	  21	   1	   1	  12	  22	  26	  80	  20	  50	 422	1347189	1347210	   0	-230	
NaN	 573	  50	NaN	NaN	   3	   3	  12	  22	  26	  80	  20	  50	 490	1347189	NaN	   0	-230	
 551	 574	  20	   2	 291	   2	   1	  12	  23	  26	  80	  20	  50	 681	1352935	1353226	   0	-240	
 552	 575	  50	   2	 986	   3	   1	  12	  23	  27	  80	  20	  50	 628	1355135	1356121	   0	-250	
 553	 576	  20	   2	 378	   2	   1	  12	  24	  27	  80	  20	  50	 611	1358015	1358393	   0	-260	
 554	 577	  80	   1	 245	   1	   1	  13	  24	  27	  80	  20	  50	 470	1360148	1360393	   0	-250	
 555	 578	  20	   2	 271	   2	   1	  13	  25	  27	  80	  20	  50	 449	1362122	1362393	   0	-260	
 556	 579	  50	   2	 997	   3	   1	  13	  25	  28	  80	  20	  50	 636	1364308	1365305	   0	-270	
 557	 580	  20	   2	 290	   2	   1	  13	  26	  28	  80	  20	  50	 668	1367255	1367545	   0	-280	
 558	 581	  80	   2	 341	   1	   1	  14	  26	  28	  80	  20	  50	 368	1369188	1369529	   0	-290	
 559	 582	  20	   2	 226	   2	   1	  14	  27	  28	  80	  20	  50	 521	1371335	1371561	   0	-300	
 560	 583	  50	   3	 234	   3	   2	  14	  27	  29	  80	  20	  50	 607	1373455	1373689	   0	-300	
 561	 584	  20	   3	 242	   2	   2	  14	  28	  29	  80	  20	  50	 425	1375415	1375657	   0	-300	
 562	 585	  50	   2	 309	   3	   1	  14	  28	  30	  80	  20	  50	 485	1377428	1377737	   0	-310	
 563	 586	  80	   1	 664	   1	   1	  15	  28	  30	  80	  20	  50	 335	1379361	1380025	   0	-300	
 564	 587	  50	   1	 360	   3	   1	  15	  28	  31	  80	  20	  50	 621	1381921	1382281	   0	-290	
 565	 588	  80	   2	 277	   1	   1	  16	  28	  31	  80	  20	  50	 336	1383908	1384185	   0	-300	
 566	 589	  20	   2	 461	   2	   1	  16	  29	  31	  80	  20	  50	 332	1385788	1386249	   0	-310	
 567	 590	  50	   2	 456	   3	   1	  16	  29	  32	  80	  20	  50	 387	1387921	1388377	   0	-320	
 568	 591	  80	   1	 255	   1	   1	  17	  29	  32	  80	  20	  50	 385	1390041	1390296	   0	-310	
 569	 592	  20	   2	 175	   2	   1	  17	  30	  32	  80	  20	  50	 699	1392281	1392456	   0	-320	
 570	 593	  80	   1	 525	   1	   1	  18	  30	  32	  80	  20	  50	 519	1394267	1394792	   0	-310	
 571	 594	  20	   2	 397	   2	   1	  18	  31	  32	  80	  20	  50	 330	1396427	1396824	   0	-320	
 572	 595	  80	   1	 341	   1	   1	  19	  31	  32	  80	  20	  50	 688	1398787	1399128	   0	-310	
 573	 596	  50	   2	 373	   3	   1	  19	  31	  33	  80	  20	  50	 461	1400867	1401240	   0	-320	
 574	 597	  80	   1	 271	   1	   1	  20	  31	  33	  80	  20	  50	 391	1402921	1403192	   0	-310	
 575	 598	  20	   2	1818	   2	   1	  20	  32	  33	  80	  20	  50	 419	1404894	1406712	   0	-320	
 576	 599	  80	   1	 152	   1	   1	  21	  32	  33	  80	  20	  50	 403	1408400	1408552	   0	-310	
 577	 600	  30	   2	 261	   3	   1	  21	  32	   1	  80	  20	  30	 372	1410227	1410488	   3	-320	
 578	 601	  80	   2	 309	   1	   1	  22	  32	   1	  80	  20	  30	 375	1412147	1412456	   0	-330	
 579	 602	  20	   2	 549	   2	   1	  22	  33	   1	  80	  20	  30	 404	1414147	1414696	   0	-340	
 580	 603	  30	   2	 221	   3	   1	  22	  33	   2	  80	  20	  30	 520	1416507	1416728	   0	-350	
 581	 604	  20	   2	 317	   2	   1	  22	  34	   2	  80	  20	  30	 475	1418507	1418824	   0	-360	
 582	 605	  30	   2	1437	   3	   1	  22	  34	   3	  80	  20	  30	 485	1420587	1422024	   0	-370	
 583	 606	  20	   2	 325	   2	   1	  22	  35	   3	  80	  20	  30	 367	1423667	1423992	   0	-380	
 584	 607	  30	   2	 399	   3	   1	  22	  35	   4	  80	  20	  30	 603	1425880	1426279	   0	-390	
 585	 608	  70	   1	 380	   2	   1	  22	   1	   4	  80	  70	  30	 515	1428107	1428487	   2	-380	
 586	 609	  30	   1	 271	   3	   1	  22	   1	   5	  80	  70	  30	 438	1430200	1430471	   0	-370	
 587	 610	  80	   1	 285	   1	   1	  23	   1	   5	  80	  70	  30	 666	1432426	1432711	   0	-360	
 588	 611	  70	   3	 269	   2	   2	  23	   2	   5	  80	  70	  30	 515	1434506	1434775	   0	-360	
 589	 612	  30	   2	 263	   3	   1	  23	   2	   6	  80	  70	  30	 493	1436560	1436823	   0	-370	
 590	 613	  70	   1	 309	   2	   1	  23	   3	   6	  80	  70	  30	 681	1438786	1439095	   0	-360	
 591	 614	  80	   1	 322	   1	   1	  24	   3	   6	  80	  70	  30	 525	1440933	1441255	   0	-350	
 592	 615	  70	   1	 392	   2	   1	  24	   4	   6	  80	  70	  30	 653	1443199	1443591	   0	-340	
 593	 616	  30	   1	 306	   3	   1	  24	   4	   7	  80	  70	  30	 694	1445573	1445879	   0	-330	
 594	 617	  80	   1	 269	   1	   1	  25	   4	   7	  80	  70	  30	 376	1447546	1447815	   0	-320	
 595	 618	  30	   2	 346	   3	   1	  25	   4	   8	  80	  70	  30	 355	1449453	1449799	   0	-330	
 596	 619	  70	   2	 442	   2	   1	  25	   5	   8	  80	  70	  30	 450	1451533	1451975	   0	-340	
 597	 620	  30	   2	 251	   3	   1	  25	   5	   9	  80	  70	  30	 506	1453772	1454023	   0	-350	
 598	 621	  70	   3	 293	   2	   2	  25	   6	   9	  80	  70	  30	 523	1455826	1456119	   0	-350	
 599	 622	  80	   1	 272	   1	   1	  26	   6	   9	  80	  70	  30	 475	1457879	1458151	   0	-340	
 600	 623	  70	   2	 440	   2	   1	  26	   7	   9	  80	  70	  30	 407	1459839	1460279	   0	-350	
 601	 624	  80	   1	 204	   1	   1	  27	   7	   9	  80	  70	  30	 588	1462186	1462390	   0	-340	
 602	 625	  30	   1	 324	   3	   1	  27	   7	  10	  80	  70	  30	 314	1463986	1464310	   0	-330	
 603	 626	  70	   1	 378	   2	   1	  27	   8	  10	  80	  70	  30	 584	1466172	1466550	   0	-320	
 604	 627	  80	   2	1069	   1	   1	  28	   8	  10	  80	  70	  30	 353	1468185	1469254	   0	-330	
 605	 628	  30	   2	 282	   3	   1	  28	   8	  11	  80	  70	  30	 508	1471052	1471334	   0	-340	
 606	 629	  80	   3	 597	   1	   2	  29	   8	  11	  80	  70	  30	 409	1473025	1473622	   0	-340	
 607	 630	  70	   3	 333	   2	   2	  29	   9	  11	  80	  70	  30	 405	1475305	1475638	   0	-340	
 608	 631	  30	   2	 226	   3	   1	  29	   9	  12	  80	  70	  30	 408	1477332	1477558	   0	-350	
 609	 632	  80	   1	 501	   1	   1	  30	   9	  12	  80	  70	  30	 416	1479265	1479766	   0	-340	
 610	 633	  70	   2	 418	   2	   1	  30	  10	  12	  80	  70	  30	 451	1481492	1481910	   0	-350	
 611	 634	  30	   2	 658	   3	   1	  30	  10	  13	  80	  70	  30	 587	1483812	1484470	   0	-360	
 612	 635	  50	   2	 314	   1	   1	   1	  10	  13	  50	  70	  30	 558	1486332	1486646	   1	-370	
 613	 636	  30	   2	 408	   3	   1	   1	  10	  14	  50	  70	  30	 470	1488398	1488806	   0	-380	
 614	 637	  50	   2	 379	   1	   1	   2	  10	  14	  50	  70	  30	 410	1490491	1490870	   0	-390	
 615	 638	  30	   1	 299	   3	   1	   2	  10	  15	  50	  70	  30	 503	1492651	1492950	   0	-380	
 616	 639	  70	   1	 232	   2	   1	   2	  11	  15	  50	  70	  30	 639	1494878	1495110	   0	-370	
 617	 640	  50	   2	 226	   1	   1	   3	  11	  15	  50	  70	  30	 696	1497091	1497317	   0	-380	
 618	 641	  70	   1	 306	   2	   1	   3	  12	  15	  50	  70	  30	 400	1499011	1499317	   0	-370	
 619	 642	  30	   2	 554	   3	   1	   3	  12	  16	  50	  70	  30	 529	1501131	1501685	   0	-380	
 620	 643	  50	   1	 386	   1	   1	   4	  12	  16	  50	  70	  30	 604	1503571	1503957	   0	-370	
 621	 644	  70	   1	 287	   2	   1	   4	  13	  16	  50	  70	  30	 600	1505878	1506165	   0	-360	
 622	 645	  30	   2	 287	   3	   1	   4	  13	  17	  50	  70	  30	 677	1508118	1508405	   0	-370	
 623	 646	  70	   1	 237	   2	   1	   4	  14	  17	  50	  70	  30	 495	1510184	1510421	   0	-360	
 624	 647	  50	   1	 653	   1	   1	   5	  14	  17	  50	  70	  30	 325	1512024	1512677	   0	-350	
 625	 648	  30	   2	 269	   3	   1	   5	  14	  18	  50	  70	  30	 382	1514344	1514613	   0	-360	
 626	 649	  50	   2	 344	   1	   1	   6	  14	  18	  50	  70	  30	 334	1516237	1516581	   0	-370	
 627	 650	  30	   1	 293	   3	   1	   6	  14	  19	  50	  70	  30	 523	1518384	1518677	   0	-360	
 628	 651	  70	   2	 578	   2	   1	   6	  15	  19	  50	  70	  30	 565	1520531	1521109	   0	-370	
 629	 652	  30	   1	 384	   3	   1	   6	  15	  20	  50	  70	  30	 365	1522757	1523141	   0	-360	
 630	 653	  50	   1	 317	   1	   1	   7	  15	  20	  50	  70	  30	 568	1524984	1525301	   0	-350	
 631	 654	  70	   1	 435	   2	   1	   7	  16	  20	  50	  70	  30	 410	1527010	1527445	   0	-340	
 632	 655	  50	   1	 325	   1	   1	   8	  16	  20	  50	  70	  30	 375	1529104	1529429	   0	-330	
 633	 656	  70	   1	 283	   2	   1	   8	  17	  20	  50	  70	  30	 575	1531290	1531573	   0	-320	
 634	 657	  30	   1	 397	   3	   1	   8	  17	  21	  50	  70	  30	 610	1533464	1533861	   0	-310	
 635	 658	  50	   1	 455	   1	   1	   9	  17	  21	  50	  70	  30	 542	1535677	1536132	   0	-300	
 636	 659	  30	   2	 450	   3	   1	   9	  17	  22	  50	  70	  30	 313	1537730	1538180	   0	-310	
 637	 660	  70	   1	 525	   2	   1	   9	  18	  22	  50	  70	  30	 641	1540103	1540628	   0	-300	
 638	 661	  30	   2	 602	   3	   1	   9	  18	  23	  50	  70	  30	 496	1542410	1543012	   0	-310	
NaN	 662	  70	NaN	NaN	   2	   3	   9	  18	  23	  50	  70	  30	 653	1542410	NaN	   0	-310	
 639	 663	  30	   2	 264	   3	   1	   9	  18	  24	  50	  70	  30	 356	1548556	1548820	   0	-320	
 640	 664	  70	   2	 536	   2	   1	   9	  19	  24	  50	  70	  30	 379	1550476	1551012	   0	-330	
NaN	 665	  50	NaN	NaN	   1	   3	   9	  19	  24	  50	  70	  30	 612	1550476	NaN	   0	-330	
 641	 666	  30	   2	 290	   3	   1	   9	  19	  25	  50	  70	  30	 432	1556610	1556900	   0	-340	
 642	 667	  70	   2	 293	   2	   1	   9	  20	  25	  50	  70	  30	 367	1558543	1558836	   0	-350	
 643	 668	  30	   2	 288	   3	   1	   9	  20	  26	  50	  70	  30	 558	1560676	1560964	   0	-360	
 644	 669	  50	   2	 547	   1	   1	  10	  20	  26	  50	  70	  30	 371	1562609	1563156	   0	-370	
 645	 670	  70	   2	 251	   2	   1	  10	  21	  26	  50	  70	  30	 688	1565129	1565380	   0	-380	
 646	 671	  50	   1	 320	   1	   1	  11	  21	  26	  50	  70	  30	 423	1567076	1567396	   0	-370	
 647	 672	  30	   1	 237	   3	   1	  11	  21	  27	  50	  70	  30	 533	1569223	1569460	   0	-360	
 648	 673	  70	   1	 284	   2	   1	  11	  22	  27	  50	  70	  30	 566	1571303	1571587	   0	-350	
 649	 674	  30	   2	 306	   3	   1	  11	  22	  28	  50	  70	  30	 537	1573409	1573715	   0	-360	
 650	 675	  50	   2	 226	   1	   1	  12	  22	  28	  50	  70	  30	 640	1575649	1575875	   0	-370	
 651	 676	  70	   1	 538	   2	   1	  12	  23	  28	  50	  70	  30	 661	1577849	1578387	   0	-360	
 652	 677	  30	   2	1210	   3	   1	  12	  23	  29	  50	  70	  30	 582	1580249	1581459	   0	-370	
 653	 678	  50	   2	 482	   1	   1	  13	  23	  29	  50	  70	  30	 355	1583089	1583571	   0	-380	
 654	 679	  70	   1	 749	   2	   1	  13	  24	  29	  50	  70	  30	 528	1585382	1586131	   0	-370	
 655	 680	  50	   1	 378	   1	   1	  14	  24	  29	  50	  70	  30	 346	1587769	1588147	   0	-360	
 656	 681	  30	   1	 258	   3	   1	  14	  24	  30	  50	  70	  30	 455	1589889	1590147	   0	-350	
 657	 682	  50	   1	 312	   1	   1	  15	  24	  30	  50	  70	  30	 326	1591755	1592067	   0	-340	
 658	 683	  30	   2	 320	   3	   1	  15	  24	   1	  50	  70	  30	 688	1594035	1594355	   0	-350	
 659	 684	  50	   2	 389	   1	   1	  16	  24	   1	  50	  70	  30	 579	1596222	1596611	   0	-360	
 660	 685	  70	   1	  99	   2	   1	  16	  25	   1	  50	  70	  30	 634	1598528	1598627	   0	-350	
 661	 686	  50	   1	 341	   1	   1	  17	  25	   1	  50	  70	  30	 687	1600622	1600963	   0	-340	
 662	 687	  70	   1	 304	   2	   1	  17	  26	   1	  50	  70	  30	 675	1602915	1603219	   0	-330	
 663	 688	  50	   2	 272	   1	   1	  18	  26	   1	  50	  70	  30	 493	1604995	1605267	   0	-340	
 664	 689	  30	   4	 290	   3	   2	  18	  26	   2	  50	  70	  30	 540	1607088	1607378	   0	-340	
 665	 690	  50	   1	 274	   1	   1	  19	  26	   2	  50	  70	  30	 431	1609088	1609362	   0	-330	
 666	 691	  30	   2	 381	   3	   1	  19	  26	   3	  50	  70	  30	 659	1611301	1611682	   0	-340	
 667	 692	  70	   2	1021	   2	   1	  19	  27	   3	  50	  70	  30	 344	1613301	1614322	   0	-350	
 668	 693	  30	   2	 431	   3	   1	  19	  27	   4	  50	  70	  30	 676	1616275	1616706	   0	-360	
 669	 694	  50	   2	 314	   1	   1	  20	  27	   4	  50	  70	  30	 585	1618568	1618882	   0	-370	
 670	 695	  70	   1	 338	   2	   1	  20	  28	   4	  50	  70	  30	 601	1620768	1621106	   0	-360	
 671	 696	  30	   1	 856	   3	   1	  20	  28	   5	  50	  70	  30	 456	1622874	1623730	   0	-350	
 672	 697	  50	   1	 512	   1	   1	  21	  28	   5	  50	  70	  30	 383	1625394	1625906	   0	-340	
 673	 698	  30	   2	 189	   3	   1	  21	  28	   6	  50	  70	  30	 595	1627781	1627970	   0	-350	
 674	 699	  50	   1	 290	   1	   1	  22	  28	   6	  50	  70	  30	 315	1629568	1629858	   0	-340	
 675	 700	  30	   1	1333	   3	   1	  22	  28	   7	  50	  70	  30	 611	1631741	1633074	   0	-330	
 676	 701	  70	   1	 301	   2	   1	  22	  29	   7	  50	  70	  30	 541	1634901	1635202	   0	-320	
 677	 702	  30	   2	 408	   3	   1	  22	  29	   8	  50	  70	  30	 318	1636794	1637202	   0	-330	
 678	 703	  50	   1	 499	   1	   1	  23	  29	   8	  50	  70	  30	 611	1639087	1639586	   0	-320	
 679	 704	  30	   2	 523	   3	   1	  23	  29	   9	  50	  70	  30	 335	1641207	1641730	   0	-330	
 680	 705	  50	   2	 514	   1	   1	  24	  29	   9	  50	  70	  30	 387	1643407	1643921	   0	-340	
NaN	 706	  70	NaN	NaN	   2	   3	  24	  29	   9	  50	  70	  30	 487	1643407	NaN	   0	-340	
 681	 707	  50	   2	 282	   1	   1	  25	  29	   9	  50	  70	  30	 402	1649367	1649649	   0	-350	
 682	 708	  30	   1	 306	   3	   1	  25	  29	  10	  50	  70	  30	 466	1651407	1651713	   0	-340	
 683	 709	  50	   2	 290	   1	   1	  26	  29	  10	  50	  70	  30	 563	1653567	1653857	   0	-350	
 684	 710	  30	   4	 101	   3	   2	  26	  29	  11	  50	  70	  30	 688	1655820	1655921	   0	-350	
 685	 711	  70	   4	 272	   2	   2	  26	  30	  11	  50	  70	  30	 670	1657873	1658145	   0	-350	
 686	 712	  50	   4	 789	   1	   2	  27	  30	  11	  50	  70	  30	 314	1659740	1660529	   0	-350	
 687	 713	  70	   3	 357	   2	   2	  27	  31	  11	  50	  70	  30	 324	1662140	1662497	   0	-350	
 688	 714	  50	   1	 274	   1	   1	  28	  31	  11	  50	  70	  30	 513	1664287	1664561	   0	-340	
 689	 715	  30	   2	 464	   3	   1	  28	  31	  12	  50	  70	  30	 348	1666193	1666657	   0	-350	
 690	 716	  50	   2	 307	   1	   1	  29	  31	  12	  50	  70	  30	 358	1668286	1668593	   0	-360	
 691	 717	  30	   2	 472	   3	   1	  29	  31	  13	  50	  70	  30	 483	1670393	1670865	   0	-370	
 692	 718	  50	   3	 352	   1	   2	  30	  31	  13	  50	  70	  30	 600	1672753	1673105	   0	-370	
 693	 719	  70	   1	 235	   2	   1	  30	  32	  13	  50	  70	  30	 339	1674726	1674961	   0	-360	
 694	 720	  50	   2	 819	   1	   1	  31	  32	  13	  50	  70	  30	 367	1676606	1677425	   0	-370	
 695	 721	  30	   2	 402	   3	   1	  31	  32	  14	  50	  70	  30	 377	1679086	1679488	   0	-380	
 696	 722	  50	   4	 229	   1	   2	  32	  32	  14	  50	  70	  30	 480	1681259	1681488	   0	-380	
 697	 723	  30	   3	 213	   3	   2	  32	  32	  15	  50	  70	  30	 488	1683259	1683472	   0	-380	
 698	 724	  70	   1	 266	   2	   1	  32	  33	  15	  50	  70	  30	 679	1685446	1685712	   0	-370	
 699	 725	  50	   1	 357	   1	   1	  33	  33	  15	  50	  70	  30	 502	1687499	1687856	   0	-360	
 700	 726	  70	   2	 797	   2	   1	  33	  34	  15	  50	  70	  30	 320	1689459	1690256	   0	-370	
 701	 727	  50	   2	 247	   1	   1	   1	  34	  15	  50	  70	  30	 435	1691993	1692240	   0	-380	
 702	 728	  30	   4	 248	   3	   2	   1	  34	  16	  50	  70	  30	 468	1693992	1694240	   0	-380	
 703	 729	  70	   3	 333	   2	   2	   1	  35	  16	  50	  70	  30	 658	1696179	1696512	   0	-380	
 704	 730	  50	   2	 245	   1	   1	   2	  35	  16	  50	  70	  30	 661	1698459	1698704	   0	-390	
 705	 731	  30	   2	 106	   3	   1	   2	  35	  17	  50	  70	  30	 503	1700486	1700592	   0	-400	
 706	 732	  50	   2	 562	   1	   1	   3	  35	  17	  50	  70	  30	 652	1702526	1703088	   0	-410	
 707	 733	  30	   2	 440	   3	   1	   3	  35	  18	  50	  70	  30	 422	1704792	1705232	   0	-420	
 708	 734	  50	   1	 309	   1	   1	   4	  35	  18	  50	  70	  30	 424	1706939	1707248	   0	-410	
 709	 735	  30	   1	 320	   3	   1	   4	  35	  19	  50	  70	  30	 537	1709072	1709392	   0	-400	
 710	 736	  50	   1	 405	   1	   1	   5	  35	  19	  50	  70	  30	 338	1711019	1711424	   0	-390	
 711	 737	  70	   1	 290	   2	   1	   5	   1	  19	  50	  70	  30	 506	1713245	1713535	   0	-380	
