Version: 1	Number of symbols: 3	Pictures exchange: true	Response Deadline: 2000
Trial_No	Virt_Trial_No	Prob_Shown	Feedback	RT	Stimulus_No	Resp	SymbolA_Stage	SymbolB_Stage	SymbolC_Stage	Prob_A	Prob_B	Prob_C	Jitter	StimOnset	RespOnset	Symbol_Changes	Bonus_sum
   1	   1	  30	   2	1741	   1	   1	   1	   0	   0	  30	  70	  50	 483	1715	3456	   0	 -10	
   2	   2	  50	   2	1706	   3	   1	   1	   0	   1	  30	  70	  50	 443	5190	6896	   0	 -20	
   3	   3	  30	   4	1189	   1	   2	   2	   0	   1	  30	  70	  50	 510	8699	9888	   0	 -20	
   4	   4	  50	   3	1427	   3	   2	   2	   0	   2	  30	  70	  50	 517	11709	13136	   0	 -20	
   5	   5	  70	   1	 884	   2	   1	   2	   1	   2	  30	  70	  50	 645	15068	15952	   0	 -10	
NaN	   6	  30	NaN	NaN	   1	   3	   2	   1	   2	  30	  70	  50	 601	15068	NaN	   0	 -10	
   6	   7	  50	   4	1184	   3	   2	   2	   1	   3	  30	  70	  50	 373	21504	22688	   0	 -10	
   7	   8	  70	   1	 648	   2	   1	   2	   2	   3	  30	  70	  50	 662	24647	25295	   0	   0	
   8	   9	  50	   4	 879	   3	   2	   2	   2	   4	  30	  70	  50	 403	27008	27887	   0	   0	
   9	  10	  30	   4	 695	   1	   2	   3	   2	   4	  30	  70	  50	 576	29752	30447	   0	   0	
  10	  11	  50	   1	 665	   3	   1	   3	   2	   5	  30	  70	  50	 490	32230	32895	   0	  10	
  11	  12	  70	   1	 661	   2	   1	   3	   3	   5	  30	  70	  50	 657	34874	35535	   0	  20	
  12	  13	  50	   2	 747	   3	   1	   3	   3	   6	  30	  70	  50	 425	37252	37999	   0	  10	
  13	  14	  70	   2	 687	   2	   1	   3	   4	   6	  30	  70	  50	 377	39664	40351	   0	   0	
  14	  15	  50	   1	 553	   3	   1	   3	   4	   7	  30	  70	  50	 305	41958	42511	   0	  10	
  15	  16	  30	   1	 884	   1	   1	   4	   4	   7	  30	  70	  50	 394	44203	45087	   0	  20	
  16	  17	  70	   2	 647	   2	   1	   4	   5	   7	  30	  70	  50	 697	47080	47727	   0	  10	
  17	  18	  50	   1	 590	   3	   1	   4	   5	   8	  30	  70	  50	 411	49425	50015	   0	  20	
  18	  19	  70	   1	 548	   2	   1	   4	   6	   8	  30	  70	  50	 496	51803	52351	   0	  30	
  19	  20	  30	   3	 636	   1	   2	   5	   6	   8	  30	  70	  50	 485	54131	54767	   0	  30	
  20	  21	  50	   2	1681	   3	   1	   5	   6	   9	  30	  70	  50	 434	56509	58190	   0	  20	
  21	  22	  30	   2	1455	   1	   1	   6	   6	   9	  30	  70	  50	 422	59935	61390	   0	  10	
  22	  23	  50	   1	 868	   3	   1	   6	   6	  10	  30	  70	  50	 497	63178	64046	   0	  20	
  23	  24	  30	   2	 810	   1	   1	   7	   6	  10	  30	  70	  50	 646	65988	66798	   0	  10	
  24	  25	  70	   1	 630	   2	   1	   7	   7	  10	  30	  70	  50	 546	68632	69262	   0	  20	
  25	  26	  50	   1	 710	   3	   1	   7	   7	  11	  30	  70	  50	 596	71144	71854	   0	  30	
  26	  27	  30	   4	 768	   1	   2	   8	   7	  11	  30	  70	  50	 684	73838	74606	   0	  30	
  27	  28	  50	   2	 597	   3	   1	   8	   7	  12	  30	  70	  50	 357	76265	76862	   0	  20	
  28	  29	  70	   1	 648	   2	   1	   8	   8	  12	  30	  70	  50	 551	78710	79358	   0	  30	
  29	  30	  50	   1	 503	   3	   1	   8	   8	  13	  30	  70	  50	 614	81271	81774	   0	  40	
  30	  31	  70	   1	 595	   2	   1	   8	   9	  13	  30	  70	  50	 402	83483	84078	   0	  50	
  31	  32	  50	   1	 581	   3	   1	   8	   9	  14	  30	  70	  50	 578	85961	86542	   0	  60	
  32	  33	  30	   4	 753	   1	   2	   9	   9	  14	  30	  70	  50	 341	88189	88942	   0	  60	
  33	  34	  70	   2	 482	   2	   1	   9	  10	  14	  30	  70	  50	 439	90683	91165	   0	  50	
  34	  35	  30	   3	 797	   1	   2	  10	  10	  14	  30	  70	  50	 459	92928	93725	   0	  50	
  35	  36	  70	   1	 495	   2	   1	  10	  11	  14	  30	  70	  50	 376	95390	95885	   0	  60	
  36	  37	  50	   2	 547	   3	   1	  10	  11	  15	  30	  70	  50	 634	97818	98365	   0	  50	
  37	  38	  30	   4	 625	   1	   2	  11	  11	  15	  30	  70	  50	 324	99996	100621	   0	  50	
  38	  39	  70	   2	 583	   2	   1	  11	  12	  15	  30	  70	  50	 456	102374	102957	   0	  40	
  39	  40	  30	   3	 595	   1	   2	  12	  12	  15	  30	  70	  50	 341	104602	105197	   0	  40	
  40	  41	  50	   1	 839	   3	   1	  12	  12	  16	  30	  70	  50	 542	107030	107869	   0	  50	
  41	  42	  70	   1	 585	   2	   1	  12	  13	  16	  30	  70	  50	 328	109508	110093	   0	  60	
  42	  43	  30	   4	 661	   1	   2	  13	  13	  16	  30	  70	  50	 320	111720	112381	   0	  60	
  43	  44	  70	   1	 549	   2	   1	  13	  14	  16	  30	  70	  50	 570	114248	114797	   0	  70	
  44	  45	  50	   4	 409	   3	   2	  13	  14	  17	  30	  70	  50	 590	116692	117101	   0	  70	
  45	  46	  30	   4	 707	   1	   2	  14	  14	  17	  30	  70	  50	 550	118954	119661	   0	  70	
  46	  47	  70	   1	 474	   2	   1	  14	  15	  17	  30	  70	  50	 362	121315	121789	   0	  80	
  47	  48	  30	   4	 575	   1	   2	  15	  15	  17	  30	  70	  50	 602	123693	124268	   0	  80	
  48	  49	  70	   2	 584	   2	   1	  15	  16	  17	  30	  70	  50	 428	125988	126572	   0	  70	
  49	  50	  30	   3	 592	   1	   2	  16	  16	  17	  30	  70	  50	 430	128300	128892	   0	  70	
  50	  51	  70	   1	 562	   2	   1	  16	  17	  17	  30	  70	  50	 598	130794	131356	   0	  80	
  51	  52	  30	   4	 534	   1	   2	  17	  17	  17	  30	  70	  50	 551	133222	133756	   0	  80	
  52	  53	  70	   1	 595	   2	   1	  17	  18	  17	  30	  70	  50	 338	135401	135996	   0	  90	
  53	  54	  30	   4	 516	   1	   2	  18	  18	  17	  30	  70	  50	 639	137928	138444	   0	  90	
  54	  55	  70	   2	 543	   2	   1	  18	  19	  17	  30	  70	  50	 411	140157	140700	   0	  80	
  55	  56	  50	   4	 803	   3	   2	  18	  19	  18	  30	  70	  50	 593	142585	143388	   0	  80	
  56	  57	  30	   1	 750	   1	   1	  19	  19	  18	  30	  70	  50	 574	145262	146012	   0	  90	
  57	  58	  70	   1	 673	   2	   1	  19	  20	  18	  30	  70	  50	 404	147723	148396	   0	 100	
  58	  59	  50	   3	 653	   3	   2	  19	  20	  19	  30	  70	  50	 648	150351	151004	   0	 100	
  59	  60	  30	   4	 700	   1	   2	  20	  20	  19	  30	  70	  50	 600	152912	153612	   0	 100	
  60	  61	  50	   2	 611	   3	   1	  20	  20	  20	  30	  70	  50	 341	155256	155867	   0	  90	
  61	  62	  70	   3	 551	   2	   2	  20	  21	  20	  30	  70	  50	 487	157668	158219	   0	  90	
  62	  63	  50	   2	 611	   3	   1	  20	  21	  21	  30	  70	  50	 354	159880	160491	   0	  80	
  63	  64	  70	   2	 414	   2	   1	  20	  22	  21	  30	  70	  50	 352	162141	162555	   0	  70	
  64	  65	  50	   1	 477	   3	   1	  20	  22	  22	  30	  70	  50	 418	164270	164747	   0	  80	
  65	  66	  30	   4	 602	   1	   2	  21	  22	  22	  30	  70	  50	 418	166465	167067	   0	  80	
  66	  67	  70	   1	 665	   2	   1	  21	  23	  22	  30	  70	  50	 662	169026	169691	   0	  90	
  67	  68	  30	   3	 608	   1	   2	  22	  23	  22	  30	  70	  50	 390	171387	171995	   0	  90	
  68	  69	  50	   2	 518	   3	   1	  22	  23	  23	  30	  70	  50	 473	173765	174283	   0	  80	
  69	  70	  70	   1	 460	   2	   1	  22	  24	  23	  30	  70	  50	 561	176143	176603	   0	  90	
  70	  71	  50	   4	 476	   3	   2	  22	  24	  24	  30	  70	  50	 356	178255	178731	   0	  90	
  71	  72	  70	   1	 537	   2	   1	  22	  25	  24	  30	  70	  50	 413	180450	180987	   0	 100	
  72	  73	  50	   3	 473	   3	   2	  22	  25	  25	  30	  70	  50	 669	182962	183435	   0	 100	
  73	  74	  70	   2	 466	   2	   1	  22	  26	  25	  30	  70	  50	 538	185273	185739	   0	  90	
  74	  75	  50	   4	 523	   3	   2	  22	  26	  26	  30	  70	  50	 498	187551	188074	   0	  90	
  75	  76	  70	   1	 466	   2	   1	  22	  27	  26	  30	  70	  50	 513	189880	190346	   0	 100	
  76	  77	  50	   1	 485	   3	   1	  22	  27	  27	  30	  70	  50	 699	192357	192842	   0	 110	
  77	  78	  70	   1	 524	   2	   1	  22	  28	  27	  30	  70	  50	 549	194702	195226	   0	 120	
  78	  79	  50	   1	1279	   3	   1	  22	  28	  28	  30	  70	  50	 629	197147	198426	   0	 130	
  79	  80	  30	   4	 620	   1	   2	  23	  28	  28	  30	  70	  50	 451	200190	200810	   0	 130	
  80	  81	  70	   2	 498	   2	   1	  23	  29	  28	  30	  70	  50	 453	202568	203066	   0	 120	
  81	  82	  30	   4	 506	   1	   2	  24	  29	  28	  30	  70	  50	 509	204896	205402	   0	 120	
  82	  83	  50	   4	 409	   3	   2	  24	  29	  29	  30	  70	  50	 326	207025	207434	   0	 120	
  83	  84	  30	   4	 623	   1	   2	  25	  29	  29	  30	  70	  50	 685	209419	210042	   0	 120	
  84	  85	  70	   3	 408	   2	   2	  25	  30	  29	  30	  70	  50	 379	211714	212122	   0	 120	
  85	  86	  50	   1	 425	   3	   1	  25	  30	  30	  30	  70	  50	 366	213793	214218	   0	 130	
  86	  87	  70	   1	 485	   2	   1	  25	  31	  30	  30	  70	  50	 509	216021	216506	   0	 140	
  87	  88	  30	   2	 966	   3	   1	  25	  31	   1	  30	  70	  30	 651	218499	219465	   3	 130	
  88	  89	  30	   3	 543	   1	   2	  26	  31	   1	  30	  70	  30	 457	221226	221769	   0	 130	
  89	  90	  70	   2	 566	   2	   1	  26	  32	   1	  30	  70	  30	 495	223555	224121	   0	 120	
  90	  91	  30	   3	 592	   3	   2	  26	  32	   2	  30	  70	  30	 407	225833	226425	   0	 120	
  91	  92	  70	   1	 572	   2	   1	  26	  33	   2	  30	  70	  30	 328	228061	228633	   0	 130	
  92	  93	  30	   4	 479	   1	   2	  27	  33	   2	  30	  70	  30	 590	230522	231001	   0	 130	
  93	  94	  30	   2	 781	   3	   1	  27	  33	   3	  30	  70	  30	 370	232668	233449	   0	 120	
  94	  95	  30	   2	 614	   1	   1	  28	  33	   3	  30	  70	  30	 633	235395	236009	   0	 110	
  95	  96	  20	   2	 896	   2	   1	  28	   1	   3	  30	  20	  30	 363	237673	238569	   2	 100	
  96	  97	  30	   3	 653	   1	   2	  29	   1	   3	  30	  20	  30	 422	240284	240937	   0	 100	
  97	  98	  30	   4	1059	   3	   2	  29	   1	   4	  30	  20	  30	 424	242662	243721	   0	 100	
  98	  99	  30	   4	1017	   1	   2	  30	   1	   4	  30	  20	  30	 444	245456	246473	   0	 100	
  99	 100	  30	   4	 795	   3	   2	  30	   1	   5	  30	  20	  30	 582	248366	249161	   0	 100	
 100	 101	  20	   2	 565	   2	   1	  30	   2	   5	  30	  20	  30	 598	251060	251625	   0	  90	
 101	 102	  30	   4	 639	   1	   2	  31	   2	   5	  30	  20	  30	 342	253289	253928	   0	  90	
 102	 103	  20	   3	 626	   2	   2	  31	   3	   5	  30	  20	  30	 522	255750	256376	   0	  90	
 103	 104	  30	   3	 599	   3	   2	  31	   3	   6	  30	  20	  30	 486	258161	258760	   0	  90	
 104	 105	  20	   4	 557	   2	   2	  31	   4	   6	  30	  20	  30	 480	260539	261096	   0	  90	
 105	 106	  30	   4	 551	   3	   2	  31	   4	   7	  30	  20	  30	 409	262801	263352	   0	  90	
 106	 107	  20	   4	 642	   2	   2	  31	   5	   7	  30	  20	  30	 408	265062	265704	   0	  90	
 107	 108	  30	   4	 531	   3	   2	  31	   5	   8	  30	  20	  30	 568	267573	268104	   0	  90	
 108	 109	  20	   3	 601	   2	   2	  31	   6	   8	  30	  20	  30	 556	269951	270552	   0	  90	
 109	 110	  30	   3	 525	   1	   2	  32	   6	   8	  30	  20	  30	 521	272379	272904	   0	  90	
 110	 111	  30	   4	 554	   3	   2	  32	   6	   9	  30	  20	  30	 358	274558	275112	   0	  90	
 111	 112	  20	   2	 746	   2	   1	  32	   7	   9	  30	  20	  30	 656	277086	277832	   0	  80	
 112	 113	  30	   3	 522	   3	   2	  32	   7	  10	  30	  20	  30	 512	279630	280152	   0	  80	
 113	 114	  30	   4	 571	   1	   2	  33	   7	  10	  30	  20	  30	 686	282141	282712	   0	  80	
 114	 115	  30	   3	 492	   3	   2	  33	   7	  11	  30	  20	  30	 616	284635	285127	   0	  80	
 115	 116	  30	   4	 518	   1	   2	  34	   7	  11	  30	  20	  30	 479	286897	287415	   0	  80	
 116	 117	  30	   4	 556	   3	   2	  34	   7	  12	  30	  20	  30	 561	289275	289831	   0	  80	
 117	 118	  30	   4	 550	   1	   2	  35	   7	  12	  30	  20	  30	 426	291553	292103	   0	  80	
 118	 119	  30	   4	 391	   3	   2	  35	   7	  13	  30	  20	  30	 646	294048	294439	   0	  80	
 119	 120	  20	   2	 414	   2	   1	  35	   8	  13	  30	  20	  30	 654	296393	296807	   0	  70	
 120	 121	  80	   1	 967	   1	   1	   1	   8	  13	  80	  20	  30	 577	298704	299671	   1	  80	
 121	 122	  30	   4	 637	   3	   2	   1	   8	  14	  80	  20	  30	 499	301498	302135	   0	  80	
 122	 123	  80	   3	 776	   1	   2	   2	   8	  14	  80	  20	  30	 301	303743	304519	   0	  80	
 123	 124	  30	   3	 502	   3	   2	   2	   8	  15	  80	  20	  30	 515	306337	306839	   0	  80	
 124	 125	  80	   2	 510	   1	   1	   3	   8	  15	  80	  20	  30	 499	308649	309159	   0	  70	
 125	 126	  30	   4	 428	   3	   2	   3	   8	  16	  80	  20	  30	 365	310827	311255	   0	  70	
 126	 127	  80	   1	 538	   1	   1	   4	   8	  16	  80	  20	  30	 434	312989	313527	   0	  80	
 127	 128	  30	   4	 695	   3	   2	   4	   8	  17	  80	  20	  30	 341	315168	315863	   0	  80	
 128	 129	  20	   2	 709	   2	   1	   4	   9	  17	  80	  20	  30	 573	317729	318438	   0	  70	
 129	 130	  80	   1	 513	   1	   1	   5	   9	  17	  80	  20	  30	 633	320373	320886	   0	  80	
 130	 131	  30	   4	 527	   3	   2	   5	   9	  18	  80	  20	  30	 358	322535	323062	   0	  80	
 131	 132	  80	   2	 592	   1	   1	   6	   9	  18	  80	  20	  30	 696	325062	325654	   0	  70	
 132	 133	  30	   3	 495	   3	   2	   6	   9	  19	  80	  20	  30	 680	327623	328118	   0	  70	
 133	 134	  80	   1	 639	   1	   1	   7	   9	  19	  80	  20	  30	 330	329735	330374	   0	  80	
 134	 135	  20	   2	 727	   2	   1	   7	  10	  19	  80	  20	  30	 367	332047	332774	   0	  70	
 135	 136	  80	   1	 531	   1	   1	   8	  10	  19	  80	  20	  30	 623	334691	335222	   0	  80	
 136	 137	  20	   3	 479	   2	   2	   8	  11	  19	  80	  20	  30	 386	336919	337398	   0	  80	
 137	 138	  80	   1	 696	   1	   1	   9	  11	  19	  80	  20	  30	 514	339198	339894	   0	  90	
 138	 139	  20	   2	 718	   2	   1	   9	  12	  19	  80	  20	  30	 406	341592	342310	   0	  80	
 139	 140	  30	   4	 554	   3	   2	   9	  12	  20	  80	  20	  30	 624	344236	344790	   0	  80	
 140	 141	  80	   1	 547	   1	   1	  10	  12	  20	  80	  20	  30	 426	346515	347062	   0	  90	
 141	 142	  30	   3	 526	   3	   2	  10	  12	  21	  80	  20	  30	 365	348743	349269	   0	  90	
 142	 143	  20	   4	 484	   2	   2	  10	  13	  21	  80	  20	  30	 555	351121	351605	   0	  90	
 143	 144	  80	   2	 576	   1	   1	  11	  13	  21	  80	  20	  30	 424	353333	353909	   0	  80	
 144	 145	  30	   4	 525	   3	   2	  11	  13	  22	  80	  20	  30	 319	355528	356053	   0	  80	
 145	 146	  20	   4	 771	   2	   2	  11	  14	  22	  80	  20	  30	 553	357906	358677	   0	  80	
 146	 147	  30	   4	 595	   3	   2	  11	  14	  23	  80	  20	  30	 465	360450	361045	   0	  80	
 147	 148	  20	   4	 630	   2	   2	  11	  15	  23	  80	  20	  30	 551	362895	363525	   0	  80	
 148	 149	  80	   1	 545	   1	   1	  12	  15	  23	  80	  20	  30	 345	365156	365701	   0	  90	
 149	 150	  20	   4	 484	   2	   2	  12	  16	  23	  80	  20	  30	 600	367601	368085	   0	  90	
 150	 151	  80	   3	 405	   1	   2	  13	  16	  23	  80	  20	  30	 300	369696	370101	   0	  90	
 151	 152	  20	   4	 742	   2	   2	  13	  17	  23	  80	  20	  30	 363	371775	372517	   0	  90	
 152	 153	  30	   4	 519	   3	   2	  13	  17	  24	  80	  20	  30	 476	374286	374805	   0	  90	
 153	 154	  20	   3	 492	   2	   2	  13	  18	  24	  80	  20	  30	 578	376681	377173	   0	  90	
 154	 155	  80	   1	 466	   1	   1	  14	  18	  24	  80	  20	  30	 585	379059	379525	   0	 100	
 155	 156	  30	   4	 641	   3	   2	  14	  18	  25	  80	  20	  30	 338	381171	381812	   0	 100	
 156	 157	  80	   3	 433	   1	   2	  15	  18	  25	  80	  20	  30	 601	383715	384148	   0	 100	
 157	 158	  20	   4	1126	   2	   2	  15	  19	  25	  80	  20	  30	 648	386110	387236	   0	 100	
 158	 159	  30	   4	 521	   3	   2	  15	  19	  26	  80	  20	  30	 455	388987	389508	   0	 100	
 159	 160	  80	   1	 568	   1	   1	  16	  19	  26	  80	  20	  30	 324	391132	391700	   0	 110	
 160	 161	  20	   4	 539	   2	   2	  16	  20	  26	  80	  20	  30	 587	393593	394132	   0	 110	
 161	 162	  30	   3	 444	   3	   2	  16	  20	  27	  80	  20	  30	 659	396104	396548	   0	 110	
 162	 163	  80	   1	 663	   1	   1	  17	  20	  27	  80	  20	  30	 511	398349	399012	   0	 120	
 163	 164	  30	   4	 518	   3	   2	  17	  20	  28	  80	  20	  30	 584	400894	401412	   0	 120	
 164	 165	  20	   4	 561	   2	   2	  17	  21	  28	  80	  20	  30	 433	403155	403716	   0	 120	
 165	 166	  30	   2	 572	   3	   1	  17	  21	  29	  80	  20	  30	 390	405400	405972	   0	 110	
 166	 167	  80	   2	 567	   1	   1	  18	  21	  29	  80	  20	  30	 371	407645	408212	   0	 100	
 167	 168	  30	   3	 461	   3	   2	  18	  21	  30	  80	  20	  30	 512	410023	410484	   0	 100	
 168	 169	  20	   4	 429	   2	   2	  18	  22	  30	  80	  20	  30	 339	412119	412548	   0	 100	
 169	 170	  30	   4	 475	   3	   2	  18	  22	  31	  80	  20	  30	 418	414264	414739	   0	 100	
 170	 171	  80	   1	 466	   1	   1	  19	  22	  31	  80	  20	  30	 579	416609	417075	   0	 110	
 171	 172	  30	   4	 416	   3	   2	  19	  22	  32	  80	  20	  30	 376	418771	419187	   0	 110	
 172	 173	  20	   3	 608	   2	   2	  19	  23	  32	  80	  20	  30	 404	420899	421507	   0	 110	
 173	 174	  80	   1	 505	   1	   1	  20	  23	  32	  80	  20	  30	 383	423194	423699	   0	 120	
 174	 175	  30	   4	 392	   3	   2	  20	  23	  33	  80	  20	  30	 339	425339	425731	   0	 120	
 175	 176	  80	   3	 396	   1	   2	  21	  23	  33	  80	  20	  30	 315	427351	427747	   0	 120	
 176	 177	  30	   3	 367	   3	   2	  21	  23	  34	  80	  20	  30	 335	429380	429747	   0	 120	
 177	 178	  80	   3	 447	   1	   2	  22	  23	  34	  80	  20	  30	 431	431476	431923	   0	 120	
 178	 179	  30	   4	 442	   3	   2	  22	  23	  35	  80	  20	  30	 499	433721	434163	   0	 120	
 179	 180	  20	   4	 636	   2	   2	  22	  24	  35	  80	  20	  30	 345	435799	436435	   0	 120	
 180	 181	  70	   1	 905	   3	   1	  22	  24	   1	  80	  20	  70	 653	438410	439315	   3	 130	
 181	 182	  20	   3	 668	   2	   2	  22	  25	   1	  80	  20	  70	 650	441287	441955	   0	 130	
 182	 183	  80	   2	 570	   1	   1	  23	  25	   1	  80	  20	  70	 600	443865	444435	   0	 120	
 183	 184	  70	   2	 786	   3	   1	  23	  25	   2	  80	  20	  70	 442	446176	446962	   0	 110	
 184	 185	  20	   4	 892	   2	   2	  23	  26	   2	  80	  20	  70	 593	448854	449746	   0	 110	
 185	 186	  70	   1	1006	   3	   1	  23	  26	   3	  80	  20	  70	 310	451348	452354	   0	 120	
 186	 187	  20	   4	 682	   2	   2	  23	  27	   3	  80	  20	  70	 338	453992	454674	   0	 120	
 187	 188	  70	   2	 899	   3	   1	  23	  27	   4	  80	  20	  70	 308	456287	457186	   0	 110	
 188	 189	  20	   4	 429	   2	   2	  23	  28	   4	  80	  20	  70	 489	458981	459410	   0	 110	
 189	 190	  80	   1	 618	   1	   1	  24	  28	   4	  80	  20	  70	 453	461160	461778	   0	 120	
 190	 191	  70	   1	 790	   3	   1	  24	  28	   5	  80	  20	  70	 304	463388	464178	   0	 130	
 191	 192	  80	   2	 728	   1	   1	  25	  28	   5	  80	  20	  70	 392	465882	466610	   0	 120	
 192	 193	  20	   4	 780	   2	   2	  25	  29	   5	  80	  20	  70	 407	468310	469090	   0	 120	
 193	 194	  70	   1	 665	   3	   1	  25	  29	   6	  80	  20	  70	 546	470921	471586	   0	 130	
 194	 195	  20	   4	 849	   2	   2	  25	  30	   6	  80	  20	  70	 364	473249	474098	   0	 130	
 195	 196	  70	   1	 624	   3	   1	  25	  30	   7	  80	  20	  70	 396	475794	476418	   0	 140	
 196	 197	  80	   1	 593	   1	   1	  26	  30	   7	  80	  20	  70	 564	478272	478865	   0	 150	
 197	 198	  50	   1	 811	   2	   1	  26	   1	   7	  80	  50	  70	 366	480550	481361	   2	 160	
 198	 199	  70	   2	 575	   3	   1	  26	   1	   8	  80	  50	  70	 328	482978	483553	   0	 150	
 199	 200	  50	   2	 651	   2	   1	  26	   2	   8	  80	  50	  70	 342	485190	485841	   0	 140	
 200	 201	  80	   1	 645	   1	   1	  27	   2	   8	  80	  50	  70	 343	487484	488129	   0	 150	
 201	 202	  70	   1	 589	   3	   1	  27	   2	   9	  80	  50	  70	 350	489796	490385	   0	 160	
 202	 203	  50	   1	 977	   2	   1	  27	   3	   9	  80	  50	  70	 543	492224	493201	   0	 170	
 203	 204	  70	   1	 594	   3	   1	  27	   3	  10	  80	  50	  70	 656	495151	495745	   0	 180	
 204	 205	  50	   2	 447	   2	   1	  27	   4	  10	  80	  50	  70	 330	497362	497809	   0	 170	
 205	 206	  70	   2	 492	   3	   1	  27	   4	  11	  80	  50	  70	 434	499541	500033	   0	 160	
 206	 207	  50	   2	 593	   2	   1	  27	   5	  11	  80	  50	  70	 605	501936	502529	   0	 150	
 207	 208	  80	   1	 540	   1	   1	  28	   5	  11	  80	  50	  70	 379	504197	504737	   0	 160	
 208	 209	  50	   3	 425	   2	   2	  28	   6	  11	  80	  50	  70	 357	506392	506817	   0	 160	
 209	 210	  80	   1	 553	   1	   1	  29	   6	  11	  80	  50	  70	 373	508488	509041	   0	 170	
 210	 211	  70	   2	 584	   3	   1	  29	   6	  12	  80	  50	  70	 693	511032	511616	   0	 160	
 211	 212	  50	   1	 632	   2	   1	  29	   7	  12	  80	  50	  70	 618	513560	514192	   0	 170	
 212	 213	  80	   1	 535	   1	   1	  30	   7	  12	  80	  50	  70	 622	516121	516656	   0	 180	
 213	 214	  70	   1	 952	   3	   1	  30	   7	  13	  80	  50	  70	 665	518632	519584	   0	 190	
 214	 215	  80	   1	 524	   1	   1	  31	   7	  13	  80	  50	  70	 593	521476	522000	   0	 200	
 215	 216	  70	   1	 582	   3	   1	  31	   7	  14	  80	  50	  70	 448	523754	524336	   0	 210	
 216	 217	  50	   2	 869	   2	   1	  31	   8	  14	  80	  50	  70	 690	526331	527200	   0	 200	
 217	 218	  80	   1	 449	   1	   1	  32	   8	  14	  80	  50	  70	 451	528959	529408	   0	 210	
 218	 219	  50	   2	 667	   2	   1	  32	   9	  14	  80	  50	  70	 512	531221	531888	   0	 200	
 219	 220	  80	   1	 437	   1	   1	  33	   9	  14	  80	  50	  70	 324	533515	533952	   0	 210	
 220	 221	  70	   1	 655	   3	   1	  33	   9	  15	  80	  50	  70	 517	535777	536432	   0	 220	
 221	 222	  50	   1	 454	   2	   1	  33	  10	  15	  80	  50	  70	 385	538138	538592	   0	 230	
 222	 223	  70	   1	 550	   3	   1	  33	  10	  16	  80	  50	  70	 344	540234	540784	   0	 240	
 223	 224	  20	   2	1020	   1	   1	   1	  10	  16	  20	  50	  70	 473	542579	543599	   1	 230	
 224	 225	  50	   2	 742	   2	   1	   1	  11	  16	  20	  50	  70	 377	545273	546015	   0	 220	
 225	 226	  70	   2	 544	   3	   1	   1	  11	  17	  20	  50	  70	 672	547983	548527	   0	 210	
 226	 227	  20	   4	 620	   1	   2	   2	  11	  17	  20	  50	  70	 380	550195	550815	   0	 210	
 227	 228	  70	   1	 698	   3	   1	   2	  11	  18	  20	  50	  70	 668	552789	553487	   0	 220	
 228	 229	  20	   4	 552	   1	   2	   3	  11	  18	  20	  50	  70	 576	555367	555919	   0	 220	
 229	 230	  50	   1	 783	   2	   1	   3	  12	  18	  20	  50	  70	 496	557712	558495	   0	 230	
 230	 231	  70	   1	 585	   3	   1	   3	  12	  19	  20	  50	  70	 619	560422	561007	   0	 240	
 231	 232	  50	   2	 775	   2	   1	   3	  13	  19	  20	  50	  70	 670	563000	563775	   0	 230	
 232	 233	  70	   1	 753	   3	   1	   3	  13	  20	  20	  50	  70	 630	565694	566447	   0	 240	
 233	 234	  20	   3	 580	   1	   2	   4	  13	  20	  20	  50	  70	 400	568155	568735	   0	 240	
 234	 235	  70	   2	 532	   3	   1	   4	  13	  21	  20	  50	  70	 670	570699	571231	   0	 230	
 235	 236	  20	   4	 491	   1	   2	   5	  13	  21	  20	  50	  70	 500	573044	573535	   0	 230	
 236	 237	  50	   4	 873	   2	   2	   5	  14	  21	  20	  50	  70	 352	575189	576062	   0	 230	
 237	 238	  70	   1	 563	   3	   1	   5	  14	  22	  20	  50	  70	 513	577867	578430	   0	 240	
 238	 239	  50	   3	 461	   2	   2	   5	  15	  22	  20	  50	  70	 418	580145	580606	   0	 240	
 239	 240	  70	   1	 999	   3	   1	   5	  15	  23	  20	  50	  70	 521	582423	583422	   0	 250	
 240	 241	  50	   3	 666	   2	   2	   5	  16	  23	  20	  50	  70	 569	585300	585966	   0	 250	
 241	 242	  20	   4	 584	   1	   2	   6	  16	  23	  20	  50	  70	 592	587878	588462	   0	 250	
 242	 243	  50	   2	 737	   2	   1	   6	  17	  23	  20	  50	  70	 413	590173	590910	   0	 240	
 243	 244	  20	   3	 529	   1	   2	   7	  17	  23	  20	  50	  70	 509	592717	593246	   0	 240	
 244	 245	  70	   1	 730	   3	   1	   7	  17	  24	  20	  50	  70	 481	595012	595742	   0	 250	
 245	 246	  50	   3	 463	   2	   2	   7	  18	  24	  20	  50	  70	 372	597407	597870	   0	 250	
 246	 247	  20	   4	 431	   1	   2	   8	  18	  24	  20	  50	  70	 367	599535	599966	   0	 250	
 247	 248	  50	   2	 621	   2	   1	   8	  19	  24	  20	  50	  70	 432	601697	602318	   0	 240	
 248	 249	  70	   1	 528	   3	   1	   8	  19	  25	  20	  50	  70	 515	604142	604670	   0	 250	
 249	 250	  20	   4	 633	   1	   2	   9	  19	  25	  20	  50	  70	 471	606437	607070	   0	 250	
 250	 251	  70	   2	 711	   3	   1	   9	  19	  26	  20	  50	  70	 639	609014	609725	   0	 240	
 251	 252	  50	   3	 513	   2	   2	   9	  20	  26	  20	  50	  70	 660	611692	612205	   0	 240	
 252	 253	  20	   4	 417	   1	   2	  10	  20	  26	  20	  50	  70	 324	613820	614237	   0	 240	
 253	 254	  70	   1	 613	   3	   1	  10	  20	  27	  20	  50	  70	 696	616232	616845	   0	 250	
 254	 255	  50	   3	 767	   2	   2	  10	  21	  27	  20	  50	  70	 388	618526	619293	   0	 250	
 255	 256	  70	   3	 362	   3	   2	  10	  21	  28	  20	  50	  70	 569	621171	621533	   0	 250	
 256	 257	  50	   2	1020	   2	   1	  10	  22	  28	  20	  50	  70	 406	623233	624253	   0	 240	
 257	 258	  70	   2	 504	   3	   1	  10	  22	  29	  20	  50	  70	 321	625877	626381	   0	 230	
 258	 259	  50	   2	 502	   2	   1	  10	  23	  29	  20	  50	  70	 371	628055	628557	   0	 220	
 259	 260	  70	   1	 636	   3	   1	  10	  23	  30	  20	  50	  70	 569	630433	631069	   0	 230	
 260	 261	  20	   4	 583	   1	   2	  11	  23	  30	  20	  50	  70	 306	632678	633261	   0	 230	
 261	 262	  50	   2	1056	   3	   1	  11	  23	   1	  20	  50	  50	 343	634957	636013	   3	 220	
 262	 263	  50	   2	 570	   2	   1	  11	  24	   1	  20	  50	  50	 338	637651	638221	   0	 210	
 263	 264	  20	   4	 580	   1	   2	  12	  24	   1	  20	  50	  50	 368	639896	640476	   0	 210	
 264	 265	  50	   4	 627	   3	   2	  12	  24	   2	  20	  50	  50	 668	642457	643084	   0	 210	
 265	 266	  50	   1	 666	   2	   1	  12	  25	   2	  20	  50	  50	 437	644818	645484	   0	 220	
 266	 267	  50	   3	 628	   3	   2	  12	  25	   3	  20	  50	  50	 306	647096	647724	   0	 220	
 267	 268	  50	   1	 702	   2	   1	  12	  26	   3	  20	  50	  50	 361	649374	650076	   0	 230	
 268	 269	  20	   4	 563	   1	   2	  13	  26	   3	  20	  50	  50	 393	651769	652332	   0	 230	
 269	 270	  50	   2	 920	   2	   1	  13	  27	   3	  20	  50	  50	 532	654164	655084	   0	 220	
 270	 271	  50	   4	 688	   3	   2	  13	  27	   4	  20	  50	  50	 530	656908	657596	   0	 220	
 271	 272	  50	   1	 883	   2	   1	  13	  28	   4	  20	  50	  50	 452	659369	660252	   0	 230	
 272	 273	  50	   3	 612	   3	   2	  13	  28	   5	  20	  50	  50	 315	661880	662492	   0	 230	
 273	 274	  50	   2	 731	   2	   1	  13	  29	   5	  20	  50	  50	 452	664241	664972	   0	 220	
 274	 275	  20	   3	 519	   1	   2	  14	  29	   5	  20	  50	  50	 610	666869	667388	   0	 220	
 275	 276	  50	   3	 533	   3	   2	  14	  29	   6	  20	  50	  50	 340	669031	669564	   0	 220	
 276	 277	  50	   1	 566	   2	   1	  14	  30	   6	  20	  50	  50	 662	671525	672091	   0	 230	
 277	 278	  20	   4	 528	   1	   2	  15	  30	   6	  20	  50	  50	 391	673787	674315	   0	 230	
 278	 279	  50	   4	 605	   3	   2	  15	  30	   7	  20	  50	  50	 365	675982	676587	   0	 230	
 279	 280	  20	   3	 457	   1	   2	  16	  30	   7	  20	  50	  50	 301	678194	678651	   0	 230	
 280	 281	  50	   4	 596	   3	   2	  16	  30	   8	  20	  50	  50	 507	680455	681051	   0	 230	
 281	 282	  20	   4	 603	   1	   2	  17	  30	   8	  20	  50	  50	 420	682800	683403	   0	 230	
 282	 283	  50	   3	 454	   3	   2	  17	  30	   9	  20	  50	  50	 344	685045	685499	   0	 230	
 283	 284	  50	   3	 512	   2	   2	  17	  31	   9	  20	  50	  50	 521	687323	687835	   0	 230	
 284	 285	  20	   4	 429	   1	   2	  18	  31	   9	  20	  50	  50	 368	689502	689931	   0	 230	
 285	 286	  50	   4	 726	   2	   2	  18	  32	   9	  20	  50	  50	 567	691797	692523	   0	 230	
 286	 287	  20	   4	 461	   1	   2	  19	  32	   9	  20	  50	  50	 335	694158	694619	   0	 230	
 287	 288	  50	   3	 428	   3	   2	  19	  32	  10	  20	  50	  50	 366	696287	696715	   0	 230	
 288	 289	  20	   4	 548	   1	   2	  20	  32	  10	  20	  50	  50	 602	698615	699163	   0	 230	
 289	 290	  50	   1	 872	   3	   1	  20	  32	  11	  20	  50	  50	 572	701043	701915	   0	 240	
 290	 291	  50	   1	 510	   2	   1	  20	  33	  11	  20	  50	  50	 620	703837	704347	   0	 250	
 291	 292	  50	   3	 836	   3	   2	  20	  33	  12	  20	  50	  50	 528	706182	707018	   0	 250	
 292	 293	  20	   2	 941	   2	   1	  20	   1	  12	  20	  20	  50	 583	708925	709866	   2	 240	
 293	 294	  50	   4	 642	   3	   2	  20	   1	  13	  20	  20	  50	 587	711752	712394	   0	 240	
 294	 295	  20	   4	 557	   1	   2	  21	   1	  13	  20	  20	  50	 301	713997	714554	   0	 240	
 295	 296	  20	   4	 391	   2	   2	  21	   2	  13	  20	  20	  50	 402	716259	716650	   0	 240	
 296	 297	  20	   3	 541	   1	   2	  22	   2	  13	  20	  20	  50	 693	718637	719178	   0	 240	
 297	 298	  20	   4	 371	   2	   2	  22	   3	  13	  20	  20	  50	 522	720999	721370	   0	 240	
 298	 299	  20	   4	 445	   1	   2	  23	   3	  13	  20	  20	  50	 600	723277	723722	   0	 240	
 299	 300	  20	   4	 358	   2	   2	  23	   4	  13	  20	  20	  50	 570	725588	725946	   0	 240	
 300	 301	  50	   3	 525	   3	   2	  23	   4	  14	  20	  20	  50	 678	727917	728442	   0	 240	
 301	 302	  20	   3	 455	   2	   2	  23	   5	  14	  20	  20	  50	 444	730195	730650	   0	 240	
 302	 303	  50	   3	 482	   3	   2	  23	   5	  15	  20	  20	  50	 488	732440	732922	   0	 240	
 303	 304	  20	   4	 395	   2	   2	  23	   6	  15	  20	  20	  50	 524	734751	735146	   0	 240	
 304	 305	  20	   4	 517	   1	   2	  24	   6	  15	  20	  20	  50	 553	736996	737513	   0	 240	
 305	 306	  50	   4	 647	   3	   2	  24	   6	  16	  20	  20	  50	 648	739474	740121	   0	 240	
 306	 307	  20	   4	 575	   1	   2	  25	   6	  16	  20	  20	  50	 369	741786	742361	   0	 240	
 307	 308	  50	   4	 619	   3	   2	  25	   6	  17	  20	  20	  50	 351	744014	744633	   0	 240	
 308	 309	  20	   4	 510	   1	   2	  26	   6	  17	  20	  20	  50	 530	746459	746969	   0	 240	
 309	 310	  50	   3	 452	   3	   2	  26	   6	  18	  20	  20	  50	 566	748837	749289	   0	 240	
 310	 311	  20	   4	 614	   1	   2	  27	   6	  18	  20	  20	  50	 310	750899	751513	   0	 240	
 311	 312	  50	   4	 489	   3	   2	  27	   6	  19	  20	  20	  50	 526	753360	753849	   0	 240	
 312	 313	  20	   4	 635	   2	   2	  27	   7	  19	  20	  20	  50	 696	755838	756473	   0	 240	
 313	 314	  50	   4	 558	   3	   2	  27	   7	  20	  20	  20	  50	 517	758299	758857	   0	 240	
 314	 315	  20	   4	 568	   2	   2	  27	   8	  20	  20	  20	  50	 428	760577	761145	   0	 240	
 315	 316	  20	   3	 564	   1	   2	  28	   8	  20	  20	  20	  50	 341	762789	763353	   0	 240	
 316	 317	  20	   3	 651	   2	   2	  28	   9	  20	  20	  20	  50	 483	765134	765785	   0	 240	
 317	 318	  50	   2	 790	   3	   1	  28	   9	  21	  20	  20	  50	 311	767395	768185	   0	 230	
 318	 319	  20	   4	 450	   2	   2	  28	  10	  21	  20	  20	  50	 514	769990	770440	   0	 230	
 319	 320	  20	   4	 471	   1	   2	  29	  10	  21	  20	  20	  50	 653	772401	772872	   0	 230	
 320	 321	  50	   3	 359	   3	   2	  29	  10	  22	  20	  20	  50	 340	774513	774872	   0	 230	
 321	 322	  20	   4	 357	   1	   2	  30	  10	  22	  20	  20	  50	 493	776675	777032	   0	 230	
 322	 323	  50	   4	 438	   3	   2	  30	  10	  23	  20	  20	  50	 445	778770	779208	   0	 230	
 323	 324	  20	   4	 366	   1	   2	  31	  10	  23	  20	  20	  50	 575	781082	781448	   0	 230	
 324	 325	  20	   4	 406	   2	   2	  31	  11	  23	  20	  20	  50	 656	783410	783816	   0	 230	
 325	 326	  20	   4	 332	   1	   2	  32	  11	  23	  20	  20	  50	 679	785788	786120	   0	 230	
 326	 327	  50	   1	 459	   3	   1	  32	  11	  24	  20	  20	  50	 504	787933	788392	   0	 240	
 327	 328	  20	   4	 398	   2	   2	  32	  12	  24	  20	  20	  50	 691	790378	790776	   0	 240	
 328	 329	  50	   3	 308	   3	   2	  32	  12	  25	  20	  20	  50	 689	792772	793080	   0	 240	
 329	 330	  20	   4	 347	   2	   2	  32	  13	  25	  20	  20	  50	 322	794701	795048	   0	 240	
 330	 331	  20	   3	 364	   1	   2	  33	  13	  25	  20	  20	  50	 446	796780	797144	   0	 240	
 331	 332	  20	   4	 324	   2	   2	  33	  14	  25	  20	  20	  50	 659	799108	799432	   0	 240	
 332	 333	  50	   2	 440	   3	   1	  33	  14	  26	  20	  20	  50	 364	801087	801527	   0	 230	
 333	 334	  20	   4	 366	   1	   2	  34	  14	  26	  20	  20	  50	 628	803449	803815	   0	 230	
 334	 335	  20	   4	 322	   2	   2	  34	  15	  26	  20	  20	  50	 363	805477	805799	   0	 230	
 335	 336	  50	   3	 400	   3	   2	  34	  15	  27	  20	  20	  50	 530	807623	808023	   0	 230	
 336	 337	  20	   4	 402	   1	   2	  35	  15	  27	  20	  20	  50	 378	809701	810103	   0	 230	
 337	 338	  20	   4	 399	   2	   2	  35	  16	  27	  20	  20	  50	 486	811896	812295	   0	 230	
 338	 339	  80	   1	1028	   1	   1	   1	  16	  27	  80	  20	  50	 665	814291	815319	   1	 240	
 339	 340	  20	   4	 404	   2	   2	   1	  17	  27	  80	  20	  50	 639	817251	817655	   0	 240	
 340	 341	  80	   1	 477	   1	   1	   2	  17	  27	  80	  20	  50	 586	819546	820023	   0	 250	
 341	 342	  50	   3	 382	   3	   2	   2	  17	  28	  80	  20	  50	 309	821641	822023	   0	 250	
 342	 343	  80	   1	 788	   1	   1	   3	  17	  28	  80	  20	  50	 680	824003	824791	   0	 260	
 343	 344	  20	   3	 442	   2	   2	   3	  18	  28	  80	  20	  50	 699	826797	827239	   0	 260	
 344	 345	  50	   4	 715	   3	   2	   3	  18	  29	  80	  20	  50	 355	828892	829607	   0	 260	
 345	 346	  20	   3	 512	   2	   2	   3	  19	  29	  80	  20	  50	 368	831287	831799	   0	 260	
 346	 347	  80	   1	 566	   1	   1	   4	  19	  29	  80	  20	  50	 553	833648	834214	   0	 270	
 347	 348	  20	   4	 483	   2	   2	   4	  20	  29	  80	  20	  50	 317	835843	836326	   0	 270	
 348	 349	  50	   4	 626	   3	   2	   4	  20	  30	  80	  20	  50	 351	837988	838614	   0	 270	
 349	 350	  80	   2	 497	   1	   1	   5	  20	  30	  80	  20	  50	 633	840549	841046	   0	 260	
 350	 351	  50	   4	 565	   3	   2	   5	  20	  31	  80	  20	  50	 628	842961	843526	   0	 260	
 351	 352	  80	   1	 603	   1	   1	   6	  20	  31	  80	  20	  50	 486	845339	845942	   0	 270	
 352	 353	  50	   4	 525	   3	   2	   6	  20	  32	  80	  20	  50	 597	847833	848358	   0	 270	
 353	 354	  80	   1	 568	   1	   1	   7	  20	  32	  80	  20	  50	 426	850078	850646	   0	 280	
 354	 355	  20	   3	 399	   2	   2	   7	  21	  32	  80	  20	  50	 475	852423	852822	   0	 280	
 355	 356	  80	   1	 553	   1	   1	   8	  21	  32	  80	  20	  50	 563	854685	855238	   0	 290	
 356	 357	  50	   3	 438	   3	   2	   8	  21	  33	  80	  20	  50	 351	856896	857334	   0	 290	
 357	 358	  20	   4	 460	   2	   2	   8	  22	  33	  80	  20	  50	 628	859258	859718	   0	 290	
 358	 359	  70	   1	 918	   3	   1	   8	  22	   1	  80	  20	  70	 482	861536	862454	   3	 300	
 359	 360	  20	   4	 524	   2	   2	   8	  23	   1	  80	  20	  70	 567	864330	864854	   0	 300	
 360	 361	  80	   2	 574	   1	   1	   9	  23	   1	  80	  20	  70	 640	866791	867365	   0	 290	
 361	 362	  20	   4	 518	   2	   2	   9	  24	   1	  80	  20	  70	 431	869119	869637	   0	 290	
 362	 363	  70	   4	 421	   3	   2	   9	  24	   2	  80	  20	  70	 313	871248	871669	   0	 290	
 363	 364	  80	   1	 502	   1	   1	  10	  24	   2	  80	  20	  70	 362	873327	873829	   0	 300	
 364	 365	  70	   4	 802	   3	   2	  10	  24	   3	  80	  20	  70	 426	875555	876357	   0	 300	
 365	 366	  20	   4	 513	   2	   2	  10	  25	   3	  80	  20	  70	 449	878116	878629	   0	 300	
 366	 367	  70	   3	 595	   3	   2	  10	  25	   4	  80	  20	  70	 668	880594	881189	   0	 300	
 367	 368	  20	   4	 679	   2	   2	  10	  26	   4	  80	  20	  70	 535	883022	883701	   0	 300	
 368	 369	  80	   1	 576	   1	   1	  11	  26	   4	  80	  20	  70	 329	885317	885893	   0	 310	
 369	 370	  70	   3	 459	   3	   2	  11	  26	   5	  80	  20	  70	 397	887578	888037	   0	 310	
 370	 371	  20	   3	 571	   2	   2	  11	  27	   5	  80	  20	  70	 337	889674	890245	   0	 310	
 371	 372	  70	   1	 727	   3	   1	  11	  27	   6	  80	  20	  70	 323	891902	892629	   0	 320	
 372	 373	  80	   1	 444	   1	   1	  12	  27	   6	  80	  20	  70	 381	894297	894741	   0	 330	
 373	 374	  70	   2	 469	   3	   1	  12	  27	   7	  80	  20	  70	 565	896608	897077	   0	 320	
 374	 375	  80	   1	 487	   1	   1	  13	  27	   7	  80	  20	  70	 664	899053	899540	   0	 330	
 375	 376	  70	   3	 890	   3	   2	  13	  27	   8	  80	  20	  70	 697	901530	902420	   0	 330	
 376	 377	  20	   4	 485	   2	   2	  13	  28	   8	  80	  20	  70	 461	904175	904660	   0	 330	
 377	 378	  80	   1	 402	   1	   1	  14	  28	   8	  80	  20	  70	 419	906386	906788	   0	 340	
 378	 379	  70	   1	 401	   3	   1	  14	  28	   9	  80	  20	  70	 416	908515	908916	   0	 350	
 379	 380	  80	   1	 535	   1	   1	  15	  28	   9	  80	  20	  70	 667	910893	911428	   0	 360	
 380	 381	  70	   1	 586	   3	   1	  15	  28	  10	  80	  20	  70	 611	913338	913924	   0	 370	
 381	 382	  80	   1	 572	   1	   1	  16	  28	  10	  80	  20	  70	 565	915832	916404	   0	 380	
 382	 383	  20	   4	 478	   2	   2	  16	  29	  10	  80	  20	  70	 626	918326	918804	   0	 380	
 383	 384	  80	   1	 641	   1	   1	  17	  29	  10	  80	  20	  70	 678	920771	921412	   0	 390	
 384	 385	  70	   2	 550	   3	   1	  17	  29	  11	  80	  20	  70	 470	923182	923732	   0	 380	
 385	 386	  80	   2	 550	   1	   1	  18	  29	  11	  80	  20	  70	 670	925710	926260	   0	 370	
 386	 387	  20	   4	 475	   2	   2	  18	  30	  11	  80	  20	  70	 555	928121	928596	   0	 370	
 387	 388	  70	   1	 565	   3	   1	  18	  30	  12	  80	  20	  70	 454	930350	930915	   0	 380	
 388	 389	  20	   4	 466	   2	   2	  18	  31	  12	  80	  20	  70	 347	932561	933027	   0	 380	
 389	 390	  70	   1	 563	   3	   1	  18	  31	  13	  80	  20	  70	 312	934640	935203	   0	 390	
 390	 391	  80	   2	 370	   1	   1	  19	  31	  13	  80	  20	  70	 688	937185	937555	   0	 380	
 391	 392	  70	   2	 434	   3	   1	  19	  31	  14	  80	  20	  70	 414	939297	939731	   0	 370	
 392	 393	  20	   4	 499	   2	   2	  19	  32	  14	  80	  20	  70	 380	941408	941907	   0	 370	
 393	 394	  70	   1	 547	   3	   1	  19	  32	  15	  80	  20	  70	 700	943920	944467	   0	 380	
 394	 395	  20	   3	 454	   2	   2	  19	  33	  15	  80	  20	  70	 621	946381	946835	   0	 380	
 395	 396	  70	   1	 849	   3	   1	  19	  33	  16	  80	  20	  70	 512	948642	949491	   0	 390	
 396	 397	  80	   1	 489	   1	   1	  20	  33	  16	  80	  20	  70	 594	951386	951875	   0	 400	
 397	 398	  70	   2	 633	   3	   1	  20	  33	  17	  80	  20	  70	 317	953498	954131	   0	 390	
 398	 399	  20	   4	 392	   2	   2	  20	  34	  17	  80	  20	  70	 616	956059	956451	   0	 390	
 399	 400	  80	   2	 401	   1	   1	  21	  34	  17	  80	  20	  70	 590	958338	958739	   0	 380	
 400	 401	  20	   4	 477	   2	   2	  21	  35	  17	  80	  20	  70	 526	960566	961043	   0	 380	
 401	 402	  80	   1	 390	   1	   1	  22	  35	  17	  80	  20	  70	 505	962877	963267	   0	 390	
 402	 403	  80	   3	 995	   2	   2	  22	   1	  17	  80	  80	  70	 456	965039	966034	   2	 390	
 403	 404	  80	   1	 571	   1	   1	  23	   1	  17	  80	  80	  70	 446	967767	968338	   0	 400	
 404	 405	  80	   3	 572	   2	   2	  23	   2	  17	  80	  80	  70	 650	970294	970866	   0	 400	
 405	 406	  80	   1	 497	   1	   1	  24	   2	  17	  80	  80	  70	 515	972689	973186	   0	 410	
 406	 407	  80	   1	 506	   2	   1	  24	   3	  17	  80	  80	  70	 508	974984	975490	   0	 420	
 407	 408	  80	   1	 412	   1	   1	  25	   3	  17	  80	  80	  70	 679	977462	977874	   0	 430	
 408	 409	  80	   2	 390	   2	   1	  25	   4	  17	  80	  80	  70	 578	979740	980130	   0	 420	
 409	 410	  80	   1	 564	   1	   1	  26	   4	  17	  80	  80	  70	 492	981918	982482	   0	 430	
 410	 411	  80	   1	 438	   2	   1	  26	   5	  17	  80	  80	  70	 598	984380	984818	   0	 440	
 411	 412	  80	   2	 447	   1	   1	  27	   5	  17	  80	  80	  70	 537	986691	987138	   0	 430	
 412	 413	  80	   1	 396	   2	   1	  27	   6	  17	  80	  80	  70	 453	988886	989282	   0	 440	
 413	 414	  80	   1	 448	   1	   1	  28	   6	  17	  80	  80	  70	 331	990898	991346	   0	 450	
 414	 415	  80	   1	 380	   2	   1	  28	   7	  17	  80	  80	  70	 452	993094	993474	   0	 460	
 415	 416	  80	   1	 365	   1	   1	  29	   7	  17	  80	  80	  70	 419	995189	995554	   0	 470	
 416	 417	  70	   1	 339	   3	   1	  29	   7	  18	  80	  80	  70	 693	997534	997873	   0	 480	
 417	 418	  80	   1	 516	   2	   1	  29	   8	  18	  80	  80	  70	 454	999629	1000145	   0	 490	
 418	 419	  80	   1	 368	   1	   1	  30	   8	  18	  80	  80	  70	 388	1001841	1002209	   0	 500	
 419	 420	  80	   2	 354	   2	   1	  30	   9	  18	  80	  80	  70	 388	1003903	1004257	   0	 490	
 420	 421	  70	   1	 325	   3	   1	  30	   9	  19	  80	  80	  70	 369	1005932	1006257	   0	 500	
 421	 422	  80	   1	 317	   2	   1	  30	  10	  19	  80	  80	  70	 681	1008276	1008593	   0	 510	
 422	 423	  30	   4	 661	   1	   2	   1	  10	  19	  30	  80	  70	 666	1010588	1011249	   1	 510	
 423	 424	  70	   1	 706	   3	   1	   1	  10	  20	  30	  80	  70	 657	1013199	1013905	   0	 520	
 424	 425	  80	   2	 646	   2	   1	   1	  11	  20	  30	  80	  70	 447	1015643	1016289	   0	 510	
 425	 426	  30	   3	 427	   1	   2	   2	  11	  20	  30	  80	  70	 451	1018038	1018465	   0	 510	
 426	 427	  70	   1	 458	   3	   1	   2	  11	  21	  30	  80	  70	 421	1020183	1020641	   0	 520	
 427	 428	  80	   1	 517	   2	   1	   2	  12	  21	  30	  80	  70	 481	1022412	1022929	   0	 530	
 428	 429	  30	   3	 448	   1	   2	   3	  12	  21	  30	  80	  70	 433	1024673	1025121	   0	 530	
 429	 430	  70	   2	 346	   3	   1	   3	  12	  22	  30	  80	  70	 520	1026935	1027281	   0	 520	
 430	 431	  80	   1	 303	   2	   1	   3	  13	  22	  30	  80	  70	 316	1028897	1029200	   0	 530	
 431	 432	  70	   4	 563	   3	   2	   3	  13	  23	  30	  80	  70	 380	1030909	1031472	   0	 530	
 432	 433	  80	   1	 518	   2	   1	   3	  14	  23	  30	  80	  70	 594	1033354	1033872	   0	 540	
 433	 434	  70	   3	 876	   3	   2	   3	  14	  24	  30	  80	  70	 562	1035732	1036608	   0	 540	
 434	 435	  80	   3	 462	   2	   2	   3	  15	  24	  30	  80	  70	 300	1038210	1038672	   0	 540	
 435	 436	  70	   1	 538	   3	   1	   3	  15	  25	  30	  80	  70	 456	1040422	1040960	   0	 550	
 436	 437	  30	   4	 546	   1	   2	   4	  15	  25	  30	  80	  70	 500	1042766	1043312	   0	 550	
 437	 438	  70	   1	 569	   3	   1	   4	  15	  26	  30	  80	  70	 501	1045111	1045680	   0	 560	
 438	 439	  30	   4	 638	   1	   2	   5	  15	  26	  30	  80	  70	 527	1047506	1048144	   0	 560	
 439	 440	  70	   1	 435	   3	   1	   5	  15	  27	  30	  80	  70	 480	1049917	1050352	   0	 570	
 440	 441	  80	   1	 400	   2	   1	   5	  16	  27	  30	  80	  70	 444	1052096	1052496	   0	 580	
 441	 442	  70	   2	 516	   3	   1	   5	  16	  28	  30	  80	  70	 683	1054524	1055040	   0	 570	
 442	 443	  30	   4	 501	   1	   2	   6	  16	  28	  30	  80	  70	 689	1057035	1057536	   0	 570	
 443	 444	  80	   1	 498	   2	   1	   6	  17	  28	  30	  80	  70	 400	1059246	1059744	   0	 580	
 444	 445	  30	   3	 458	   1	   2	   7	  17	  28	  30	  80	  70	 484	1061525	1061983	   0	 580	
 445	 446	  80	   2	 504	   2	   1	   7	  18	  28	  30	  80	  70	 409	1063687	1064191	   0	 570	
 446	 447	  30	   4	 503	   1	   2	   8	  18	  28	  30	  80	  70	 352	1065848	1066351	   0	 570	
 447	 448	  80	   1	 558	   2	   1	   8	  19	  28	  30	  80	  70	 532	1068193	1068751	   0	 580	
 448	 449	  30	   4	 523	   1	   2	   9	  19	  28	  30	  80	  70	 333	1070388	1070911	   0	 580	
 449	 450	  70	   3	 412	   3	   2	   9	  19	  29	  30	  80	  70	 686	1072899	1073311	   0	 580	
 450	 451	  30	   4	 531	   1	   2	  10	  19	  29	  30	  80	  70	 639	1075244	1075775	   0	 580	
 451	 452	  80	   1	 359	   2	   1	  10	  20	  29	  30	  80	  70	 550	1077656	1078015	   0	 590	
 452	 453	  70	   3	 726	   3	   2	  10	  20	  30	  30	  80	  70	 492	1079801	1080527	   0	 590	
 453	 454	  80	   1	 467	   2	   1	  10	  21	  30	  30	  80	  70	 584	1082412	1082879	   0	 600	
 454	 455	  30	   1	 375	   1	   1	  11	  21	  30	  30	  80	  70	 649	1084840	1085215	   0	 610	
 455	 456	  80	   1	 671	   2	   1	  11	  22	  30	  30	  80	  70	 668	1087184	1087855	   0	 620	
 456	 457	  70	   1	1055	   3	   1	  11	  22	  31	  30	  80	  70	 550	1089712	1090767	   0	 630	
 457	 458	  30	   4	 411	   1	   2	  12	  22	  31	  30	  80	  70	 696	1092755	1093166	   0	 630	
 458	 459	  70	   1	 336	   3	   1	  12	  22	  32	  30	  80	  70	 686	1095150	1095486	   0	 640	
 459	 460	  30	   4	 466	   1	   2	  13	  22	  32	  30	  80	  70	 424	1097212	1097678	   0	 640	
 460	 461	  80	   1	 482	   2	   1	  13	  23	  32	  30	  80	  70	 336	1099324	1099806	   0	 650	
 461	 462	  70	   1	 751	   3	   1	  13	  23	  33	  30	  80	  70	 368	1101519	1102270	   0	 660	
 462	 463	  30	   3	 432	   1	   2	  14	  23	  33	  30	  80	  70	 459	1104030	1104462	   0	 660	
 463	 464	  80	   1	 466	   2	   1	  14	  24	  33	  30	  80	  70	 321	1106092	1106558	   0	 670	
 464	 465	  30	   4	 368	   1	   2	  15	  24	  33	  30	  80	  70	 379	1108238	1108606	   0	 670	
 465	 466	  70	   2	 389	   3	   1	  15	  24	  34	  30	  80	  70	 329	1110233	1110622	   0	 660	
 466	 467	  80	   2	 441	   2	   1	  15	  25	  34	  30	  80	  70	 312	1112229	1112670	   0	 650	
 467	 468	  70	   3	 493	   3	   2	  15	  25	  35	  30	  80	  70	 685	1114657	1115150	   0	 650	
 468	 469	  30	   4	 935	   1	   2	  16	  25	  35	  30	  80	  70	 512	1116951	1117886	   0	 650	
 469	 470	  80	   1	 562	   2	   1	  16	  26	  35	  30	  80	  70	 429	1119612	1120174	   0	 660	
 470	 471	  30	   3	 798	   1	   2	  17	  26	  35	  30	  80	  70	 359	1121824	1122622	   0	 660	
 471	 472	  50	   4	 993	   3	   2	  17	  26	   1	  30	  80	  50	 671	1124668	1125661	   3	 660	
 472	 473	  30	   4	 564	   1	   2	  18	  26	   1	  30	  80	  50	 588	1127545	1128109	   0	 660	
 473	 474	  80	   1	 556	   2	   1	  18	  27	   1	  30	  80	  50	 481	1129889	1130445	   0	 670	
 474	 475	  30	   4	 542	   1	   2	  19	  27	   1	  30	  80	  50	 609	1132351	1132893	   0	 670	
 475	 476	  50	   3	 797	   3	   2	  19	  27	   2	  30	  80	  50	 328	1134512	1135309	   0	 670	
 476	 477	  80	   1	 511	   2	   1	  19	  28	   2	  30	  80	  50	 380	1136974	1137485	   0	 680	
 477	 478	  50	   4	 869	   3	   2	  19	  28	   3	  30	  80	  50	 585	1139368	1140237	   0	 680	
 478	 479	  80	   2	 518	   2	   1	  19	  29	   3	  30	  80	  50	 322	1141863	1142381	   0	 670	
 479	 480	  30	   4	 586	   1	   2	  20	  29	   3	  30	  80	  50	 621	1144307	1144893	   0	 670	
 480	 481	  50	   4	 474	   3	   2	  20	  29	   4	  30	  80	  50	 635	1146835	1147309	   0	 670	
 481	 482	  80	   1	 365	   2	   1	  20	  30	   4	  30	  80	  50	 651	1149296	1149661	   0	 680	
 482	 483	  50	   3	 636	   3	   2	  20	  30	   5	  30	  80	  50	 472	1151425	1152061	   0	 680	
 483	 484	  20	   3	 958	   2	   2	  20	   1	   5	  30	  20	  50	 501	1153903	1154861	   2	 680	
 484	 485	  30	   4	 769	   1	   2	  21	   1	   5	  30	  20	  50	 637	1156796	1157565	   0	 680	
 485	 486	  20	   4	 660	   2	   2	  21	   2	   5	  30	  20	  50	 361	1159224	1159884	   0	 680	
 486	 487	  50	   3	 608	   3	   2	  21	   2	   6	  30	  20	  50	 682	1161868	1162476	   0	 680	
 487	 488	  20	   4	 468	   2	   2	  21	   3	   6	  30	  20	  50	 515	1164296	1164764	   0	 680	
 488	 489	  30	   3	 544	   1	   2	  22	   3	   6	  30	  20	  50	 444	1166508	1167052	   0	 680	
 489	 490	  50	   1	 501	   3	   1	  22	   3	   7	  30	  20	  50	 554	1168903	1169404	   0	 690	
 490	 491	  30	   3	 475	   1	   2	  23	   3	   7	  30	  20	  50	 570	1171281	1171756	   0	 690	
 491	 492	  50	   1	 664	   3	   1	  23	   3	   8	  30	  20	  50	 397	1173476	1174140	   0	 700	
 492	 493	  20	   3	 383	   2	   2	  23	   4	   8	  30	  20	  50	 393	1175837	1176220	   0	 700	
 493	 494	  50	   2	 721	   3	   1	  23	   4	   9	  30	  20	  50	 359	1177883	1178604	   0	 690	
 494	 495	  30	   4	 494	   1	   2	  24	   4	   9	  30	  20	  50	 581	1180494	1180988	   0	 690	
 495	 496	  20	   4	 555	   2	   2	  24	   5	   9	  30	  20	  50	 405	1182689	1183244	   0	 690	
 496	 497	  50	   2	1115	   3	   1	  24	   5	  10	  30	  20	  50	 697	1185233	1186348	   0	 680	
 497	 498	  30	   4	 459	   1	   2	  25	   5	  10	  30	  20	  50	 534	1188193	1188652	   0	 680	
 498	 499	  50	   1	 657	   3	   1	  25	   5	  11	  30	  20	  50	 583	1190538	1191195	   0	 690	
 499	 500	  30	   4	 568	   1	   2	  26	   5	  11	  30	  20	  50	 408	1192899	1193467	   0	 690	
 500	 501	  50	   4	 955	   3	   2	  26	   5	  12	  30	  20	  50	 588	1195360	1196315	   0	 690	
 501	 502	  20	   4	 622	   2	   2	  26	   6	  12	  30	  20	  50	 591	1198237	1198859	   0	 690	
 502	 503	  30	   4	 485	   1	   2	  27	   6	  12	  30	  20	  50	 417	1200582	1201067	   0	 690	
 503	 504	  50	   3	 404	   3	   2	  27	   6	  13	  30	  20	  50	 336	1202711	1203115	   0	 690	
 504	 505	  30	   3	 523	   1	   2	  28	   6	  13	  30	  20	  50	 653	1205072	1205595	   0	 690	
 505	 506	  20	   4	 317	   2	   2	  28	   7	  13	  30	  20	  50	 648	1207550	1207867	   0	 690	
 506	 507	  50	   1	 409	   3	   1	  28	   7	  14	  30	  20	  50	 604	1209778	1210187	   0	 700	
 507	 508	  20	   4	 416	   2	   2	  28	   8	  14	  30	  20	  50	 637	1212123	1212539	   0	 700	
 508	 509	  50	   4	 676	   3	   2	  28	   8	  15	  30	  20	  50	 688	1214535	1215211	   0	 700	
 509	 510	  30	   4	 458	   1	   2	  29	   8	  15	  30	  20	  50	 414	1216913	1217371	   0	 700	
 510	 511	  50	   4	 403	   3	   2	  29	   8	  16	  30	  20	  50	 549	1219224	1219627	   0	 700	
 511	 512	  30	   4	 280	   1	   2	  30	   8	  16	  30	  20	  50	 662	1221619	1221899	   0	 700	
 512	 513	  20	   4	 422	   2	   2	  30	   9	  16	  30	  20	  50	 576	1223764	1224186	   0	 700	
 513	 514	  30	   4	 338	   1	   2	  31	   9	  16	  30	  20	  50	 507	1225992	1226330	   0	 700	
 514	 515	  50	   3	 252	   3	   2	  31	   9	  17	  30	  20	  50	 623	1228254	1228506	   0	 700	
 515	 516	  30	   4	 479	   1	   2	  32	   9	  17	  30	  20	  50	 477	1230283	1230762	   0	 700	
 516	 517	  20	   4	 381	   2	   2	  32	  10	  17	  30	  20	  50	 383	1232445	1232826	   0	 700	
 517	 518	  50	   2	 710	   3	   1	  32	  10	  18	  30	  20	  50	 603	1234740	1235450	   0	 690	
 518	 519	  20	   4	 295	   2	   2	  32	  11	  18	  30	  20	  50	 514	1237251	1237546	   0	 690	
 519	 520	  30	   4	 245	   1	   2	  33	  11	  18	  30	  20	  50	 573	1239413	1239658	   0	 690	
 520	 521	  20	   4	 439	   2	   2	  33	  12	  18	  30	  20	  50	 530	1241475	1241914	   0	 690	
 521	 522	  50	   3	 447	   3	   2	  33	  12	  19	  30	  20	  50	 552	1243803	1244250	   0	 690	
 522	 523	  80	   4	 352	   1	   2	   1	  12	  19	  80	  20	  50	 342	1245898	1246250	   1	 690	
 523	 524	  50	   4	 609	   3	   2	   1	  12	  20	  80	  20	  50	 422	1247977	1248586	   0	 690	
 524	 525	  80	   3	 609	   1	   2	   2	  12	  20	  80	  20	  50	 625	1250505	1251114	   0	 690	
 525	 526	  50	   4	 435	   3	   2	   2	  12	  21	  80	  20	  50	 581	1252999	1253434	   0	 690	
 526	 527	  80	   3	 696	   1	   2	   3	  12	  21	  80	  20	  50	 642	1255377	1256073	   0	 690	
 527	 528	  50	   4	 500	   3	   2	   3	  12	  22	  80	  20	  50	 631	1258005	1258505	   0	 690	
 528	 529	  80	   4	 953	   1	   2	   4	  12	  22	  80	  20	  50	 600	1260416	1261369	   0	 690	
 529	 530	  50	   3	 887	   3	   2	   4	  12	  23	  80	  20	  50	 347	1263010	1263897	   0	 690	
 530	 531	  80	   3	 466	   1	   2	   5	  12	  23	  80	  20	  50	 496	1265687	1266153	   0	 690	
 531	 532	  50	   3	 432	   3	   2	   5	  12	  24	  80	  20	  50	 346	1267833	1268265	   0	 690	
 532	 533	  80	   3	 814	   1	   2	   6	  12	  24	  80	  20	  50	 444	1270011	1270825	   0	 690	
 533	 534	  20	   4	 547	   2	   2	   6	  13	  24	  80	  20	  50	 688	1272822	1273369	   0	 690	
 534	 535	  50	   1	 413	   3	   1	   6	  13	  25	  80	  20	  50	 433	1275100	1275513	   0	 700	
 535	 536	  20	   3	 482	   2	   2	   6	  14	  25	  80	  20	  50	 693	1277495	1277977	   0	 700	
 536	 537	  80	   1	 369	   1	   1	   7	  14	  25	  80	  20	  50	 372	1279656	1280025	   0	 710	
 537	 538	  50	   1	 542	   3	   1	   7	  14	  26	  80	  20	  50	 498	1281835	1282377	   0	 720	
 538	 539	  20	   4	 379	   2	   2	   7	  15	  26	  80	  20	  50	 349	1284030	1284409	   0	 720	
 539	 540	  50	   2	 994	   3	   1	   7	  15	  27	  80	  20	  50	 683	1286391	1287385	   0	 710	
 540	 541	  20	   3	 497	   2	   2	   7	  16	  27	  80	  20	  50	 677	1289351	1289848	   0	 710	
 541	 542	  50	   2	 522	   3	   1	   7	  16	  28	  80	  20	  50	 453	1291630	1292152	   0	 700	
 542	 543	  20	   4	 449	   2	   2	   7	  17	  28	  80	  20	  50	 527	1293975	1294424	   0	 700	
 543	 544	  80	   1	 659	   1	   1	   8	  17	  28	  80	  20	  50	 302	1296037	1296696	   0	 710	
 544	 545	  20	   4	 523	   2	   2	   8	  18	  28	  80	  20	  50	 381	1298365	1298888	   0	 710	
 545	 546	  50	   1	 591	   3	   1	   8	  18	  29	  80	  20	  50	 619	1300809	1301400	   0	 720	
 546	 547	  20	   4	 444	   2	   2	   8	  19	  29	  80	  20	  50	 313	1303004	1303448	   0	 720	
 547	 548	  80	   1	 517	   1	   1	   9	  19	  29	  80	  20	  50	 548	1305299	1305816	   0	 730	
 548	 549	  50	   2	 695	   3	   1	   9	  19	  30	  80	  20	  50	 643	1307761	1308456	   0	 720	
 549	 550	  20	   4	 360	   2	   2	   9	  20	  30	  80	  20	  50	 521	1310272	1310632	   0	 720	
 550	 551	  80	   1	 444	   1	   1	  10	  20	  30	  80	  20	  50	 365	1312300	1312744	   0	 730	
 551	 552	  20	   4	 418	   2	   2	  10	  21	  30	  80	  20	  50	 588	1314662	1315080	   0	 730	
 552	 553	  80	   1	 665	   1	   1	  11	  21	  30	  80	  20	  50	 623	1317007	1317672	   0	 740	
 553	 554	  50	   3	 474	   3	   2	  11	  21	  31	  80	  20	  50	 549	1319534	1320008	   0	 740	
 554	 555	  20	   3	 418	   2	   2	  11	  22	  31	  80	  20	  50	 518	1321829	1322247	   0	 740	
 555	 556	  50	   2	 500	   3	   1	  11	  22	  32	  80	  20	  50	 337	1323891	1324391	   0	 730	
 556	 557	  80	   1	 381	   1	   1	  12	  22	  32	  80	  20	  50	 473	1326170	1326551	   0	 740	
 557	 558	  50	   4	 348	   3	   2	  12	  22	  33	  80	  20	  50	 472	1328331	1328679	   0	 740	
 558	 559	  80	   1	 654	   1	   1	  13	  22	  33	  80	  20	  50	 409	1330377	1331031	   0	 750	
 559	 560	  30	   4	 947	   3	   2	  13	  22	   1	  80	  20	  30	 425	1332772	1333719	   3	 750	
 560	 561	  80	   2	 949	   1	   1	  14	  22	   1	  80	  20	  30	 672	1335698	1336647	   0	 740	
 561	 562	  20	   4	 538	   2	   2	  14	  23	   1	  80	  20	  30	 535	1338525	1339063	   0	 740	
 562	 563	  30	   2	 861	   3	   1	  14	  23	   2	  80	  20	  30	 613	1340970	1341831	   0	 730	
 563	 564	  20	   4	 468	   2	   2	  14	  24	   2	  80	  20	  30	 616	1343747	1344215	   0	 730	
 564	 565	  80	   1	 776	   1	   1	  15	  24	   2	  80	  20	  30	 648	1346175	1346951	   0	 740	
 565	 566	  20	   4	 408	   2	   2	  15	  25	   2	  80	  20	  30	 454	1348703	1349111	   0	 740	
 566	 567	  80	   2	 670	   1	   1	  16	  25	   2	  80	  20	  30	 632	1351048	1351718	   0	 730	
 567	 568	  30	   4	 514	   3	   2	  16	  25	   3	  80	  20	  30	 480	1353492	1354006	   0	 730	
 568	 569	  20	   2	 419	   2	   1	  16	  26	   3	  80	  20	  30	 696	1355987	1356406	   0	 720	
 569	 570	  80	   1	 353	   1	   1	  17	  26	   3	  80	  20	  30	 435	1358149	1358502	   0	 730	
 570	 571	  20	   4	 446	   2	   2	  17	  27	   3	  80	  20	  30	 546	1360344	1360790	   0	 730	
 571	 572	  80	   1	 590	   1	   1	  18	  27	   3	  80	  20	  30	 340	1362456	1363046	   0	 740	
 572	 573	  30	   4	 518	   3	   2	  18	  27	   4	  80	  20	  30	 436	1364784	1365302	   0	 740	
 573	 574	  20	   3	 493	   2	   2	  18	  28	   4	  80	  20	  30	 516	1367129	1367622	   0	 740	
 574	 575	  30	   3	 578	   3	   2	  18	  28	   5	  80	  20	  30	 643	1369556	1370134	   0	 740	
 575	 576	  20	   4	 734	   2	   2	  18	  29	   5	  80	  20	  30	 326	1371752	1372486	   0	 740	
 576	 577	  80	   1	 391	   1	   1	  19	  29	   5	  80	  20	  30	 689	1374479	1374870	   0	 750	
 577	 578	  20	   4	 460	   2	   2	  19	  30	   5	  80	  20	  30	 303	1376474	1376934	   0	 750	
 578	 579	  30	   4	 556	   3	   2	  19	  30	   6	  80	  20	  30	 345	1378570	1379126	   0	 750	
 579	 580	  20	   4	 426	   2	   2	  19	  31	   6	  80	  20	  30	 309	1380732	1381158	   0	 750	
 580	 581	  80	   1	 430	   1	   1	  20	  31	   6	  80	  20	  30	 309	1382760	1383190	   0	 760	
 581	 582	  20	   4	 469	   2	   2	  20	  32	   6	  80	  20	  30	 562	1385072	1385541	   0	 760	
 582	 583	  30	   3	 511	   3	   2	  20	  32	   7	  80	  20	  30	 510	1387350	1387861	   0	 760	
 583	 584	  20	   4	 572	   2	   2	  20	  33	   7	  80	  20	  30	 392	1389545	1390117	   0	 760	
 584	 585	  30	   4	 379	   3	   2	  20	  33	   8	  80	  20	  30	 697	1392106	1392485	   0	 760	
 585	 586	  80	   1	 468	   1	   1	  21	  33	   8	  80	  20	  30	 623	1394401	1394869	   0	 770	
 586	 587	  30	   4	 410	   3	   2	  21	  33	   9	  80	  20	  30	 614	1396779	1397189	   0	 770	
 587	 588	  80	   4	 417	   1	   2	  22	  33	   9	  80	  20	  30	 634	1399124	1399541	   0	 770	
 588	 589	  20	   4	 348	   2	   2	  22	  34	   9	  80	  20	  30	 518	1401369	1401717	   0	 770	
 589	 590	  30	   3	 529	   3	   2	  22	  34	  10	  80	  20	  30	 342	1403348	1403877	   0	 770	
 590	 591	  80	   3	 408	   1	   2	  23	  34	  10	  80	  20	  30	 537	1405709	1406117	   0	 770	
 591	 592	  20	   4	 398	   2	   2	  23	  35	  10	  80	  20	  30	 637	1408087	1408485	   0	 770	
 592	 593	  80	   1	 532	   1	   1	  24	  35	  10	  80	  20	  30	 665	1410449	1410981	   0	 780	
 593	 594	  70	   3	 941	   2	   2	  24	   1	  10	  80	  70	  30	 415	1412744	1413685	   2	 780	
 594	 595	  80	   1	 576	   1	   1	  25	   1	  10	  80	  70	  30	 661	1415637	1416213	   0	 790	
 595	 596	  30	   4	 572	   3	   2	  25	   1	  11	  80	  70	  30	 322	1417832	1418404	   0	 790	
 596	 597	  80	   1	 744	   1	   1	  26	   1	  11	  80	  70	  30	 329	1420028	1420772	   0	 800	
 597	 598	  70	   1	 498	   2	   1	  26	   2	  11	  80	  70	  30	 680	1422738	1423236	   0	 810	
 598	 599	  80	   1	 638	   1	   1	  27	   2	  11	  80	  70	  30	 400	1424950	1425588	   0	 820	
 599	 600	  30	   4	 467	   3	   2	  27	   2	  12	  80	  70	  30	 455	1427345	1427812	   0	 820	
 600	 601	  80	   2	 432	   1	   1	  28	   2	  12	  80	  70	  30	 438	1429556	1429988	   0	 810	
 601	 602	  70	   1	 389	   2	   1	  28	   3	  12	  80	  70	  30	 623	1431951	1432340	   0	 820	
 602	 603	  30	   4	 390	   3	   2	  28	   3	  13	  80	  70	  30	 403	1434046	1434436	   0	 820	
 603	 604	  70	   1	 388	   2	   1	  28	   4	  13	  80	  70	  30	 457	1436192	1436580	   0	 830	
 604	 605	  30	   4	 506	   3	   2	  28	   4	  14	  80	  70	  30	 696	1438570	1439076	   0	 830	
 605	 606	  70	   2	 464	   2	   1	  28	   5	  14	  80	  70	  30	 577	1440948	1441412	   0	 820	
 606	 607	  30	   1	 311	   3	   1	  28	   5	  15	  80	  70	  30	 589	1443293	1443604	   0	 830	
 607	 608	  70	   1	 504	   2	   1	  28	   6	  15	  80	  70	  30	 496	1445388	1445892	   0	 840	
 608	 609	  30	   4	 482	   3	   2	  28	   6	  16	  80	  70	  30	 468	1447666	1448148	   0	 840	
 609	 610	  80	   1	 533	   1	   1	  29	   6	  16	  80	  70	  30	 644	1450094	1450627	   0	 850	
 610	 611	  70	   2	 399	   2	   1	  29	   7	  16	  80	  70	  30	 432	1452372	1452771	   0	 840	
 611	 612	  30	   4	 487	   3	   2	  29	   7	  17	  80	  70	  30	 566	1454684	1455171	   0	 840	
 612	 613	  70	   1	 551	   2	   1	  29	   8	  17	  80	  70	  30	 339	1456812	1457363	   0	 850	
 613	 614	  80	   1	 581	   1	   1	  30	   8	  17	  80	  70	  30	 311	1458974	1459555	   0	 860	
 614	 615	  70	   1	 539	   2	   1	  30	   9	  17	  80	  70	  30	 483	1461352	1461891	   0	 870	
 615	 616	  30	   4	 879	   3	   2	  30	   9	  18	  80	  70	  30	 597	1463780	1464659	   0	 870	
 616	 617	  50	   2	 736	   1	   1	   1	   9	  18	  50	  70	  30	 301	1466275	1467011	   1	 860	
 617	 618	  30	   3	 666	   3	   2	   1	   9	  19	  50	  70	  30	 675	1468985	1469651	   0	 860	
 618	 619	  70	   2	 473	   2	   1	   1	  10	  19	  50	  70	  30	 591	1471546	1472019	   0	 850	
 619	 620	  30	   3	 570	   3	   2	   1	  10	  20	  50	  70	  30	 300	1473625	1474195	   0	 850	
 620	 621	  70	   3	 383	   2	   2	   1	  11	  20	  50	  70	  30	 516	1476020	1476403	   0	 850	
 621	 622	  50	   4	 518	   1	   2	   2	  11	  20	  50	  70	  30	 630	1478365	1478883	   0	 850	
 622	 623	  70	   1	 488	   2	   1	   2	  12	  20	  50	  70	  30	 637	1480826	1481314	   0	 860	
 623	 624	  50	   4	 812	   1	   2	   3	  12	  20	  50	  70	  30	 648	1483270	1484082	   0	 860	
 624	 625	  30	   1	 582	   3	   1	   3	  12	  21	  50	  70	  30	 575	1485948	1486530	   0	 870	
 625	 626	  70	   1	 450	   2	   1	   3	  13	  21	  50	  70	  30	 342	1488176	1488626	   0	 880	
 626	 627	  50	   3	 523	   1	   2	   4	  13	  21	  50	  70	  30	 536	1490471	1490994	   0	 880	
 627	 628	  30	   4	 736	   3	   2	   4	  13	  22	  50	  70	  30	 576	1492866	1493602	   0	 880	
 628	 629	  50	   3	 586	   1	   2	   5	  13	  22	  50	  70	  30	 664	1495576	1496162	   0	 880	
 629	 630	  70	   1	 525	   2	   1	   5	  14	  22	  50	  70	  30	 575	1498037	1498562	   0	 890	
 630	 631	  30	   4	 463	   3	   2	   5	  14	  23	  50	  70	  30	 663	1500515	1500978	   0	 890	
 631	 632	  50	   4	 534	   1	   2	   6	  14	  23	  50	  70	  30	 556	1502860	1503394	   0	 890	
 632	 633	  70	   2	 467	   2	   1	   6	  15	  23	  50	  70	  30	 333	1505039	1505506	   0	 880	
 633	 634	  30	   4	 497	   3	   2	   6	  15	  24	  50	  70	  30	 400	1507217	1507714	   0	 880	
 634	 635	  50	   3	 465	   1	   2	   7	  15	  24	  50	  70	  30	 326	1509329	1509794	   0	 880	
 635	 636	  30	   4	 464	   3	   2	   7	  15	  25	  50	  70	  30	 381	1511474	1511938	   0	 880	
 636	 637	  50	   3	 523	   1	   2	   8	  15	  25	  50	  70	  30	 459	1513686	1514209	   0	 880	
 637	 638	  30	   4	 497	   3	   2	   8	  15	  26	  50	  70	  30	 558	1516064	1516561	   0	 880	
 638	 639	  70	   1	 572	   2	   1	   8	  16	  26	  50	  70	  30	 462	1518309	1518881	   0	 890	
 639	 640	  50	   3	 475	   1	   2	   9	  16	  26	  50	  70	  30	 689	1520870	1521345	   0	 890	
 640	 641	  70	   3	 291	   2	   2	   9	  17	  26	  50	  70	  30	 555	1523198	1523489	   0	 890	
 641	 642	  30	   3	 401	   3	   2	   9	  17	  27	  50	  70	  30	 543	1525360	1525761	   0	 890	
 642	 643	  50	   4	 427	   1	   2	  10	  17	  27	  50	  70	  30	 578	1527638	1528065	   0	 890	
 643	 644	  70	   1	 422	   2	   1	  10	  18	  27	  50	  70	  30	 509	1529867	1530289	   0	 900	
 644	 645	  30	   4	 393	   3	   2	  10	  18	  28	  50	  70	  30	 328	1531912	1532305	   0	 900	
 645	 646	  70	   2	 584	   2	   1	  10	  19	  28	  50	  70	  30	 437	1534041	1534625	   0	 890	
 646	 647	  50	   3	 513	   1	   2	  11	  19	  28	  50	  70	  30	 404	1536336	1536849	   0	 890	
 647	 648	  30	   4	 330	   3	   2	  11	  19	  29	  50	  70	  30	 495	1538631	1538961	   0	 890	
 648	 649	  50	   4	 467	   1	   2	  12	  19	  29	  50	  70	  30	 687	1540942	1541409	   0	 890	
 649	 650	  30	   3	 619	   3	   2	  12	  19	  30	  50	  70	  30	 557	1543270	1543889	   0	 890	
 650	 651	  70	   2	 372	   2	   1	  12	  20	  30	  50	  70	  30	 364	1545548	1545920	   0	 880	
 651	 652	  30	   2	 855	   3	   1	  12	  20	   1	  50	  70	  30	 312	1547561	1548416	   0	 870	
 652	 653	  50	   4	 535	   1	   2	  13	  20	   1	  50	  70	  30	 397	1550105	1550640	   0	 870	
 653	 654	  70	   2	 504	   2	   1	  13	  21	   1	  50	  70	  30	 672	1552616	1553120	   0	 860	
 654	 655	  50	   3	 503	   1	   2	  14	  21	   1	  50	  70	  30	 342	1554761	1555264	   0	 860	
 655	 656	  70	   3	 337	   2	   2	  14	  22	   1	  50	  70	  30	 454	1557023	1557360	   0	 860	
 656	 657	  30	   4	 600	   3	   2	  14	  22	   2	  50	  70	  30	 700	1559368	1559968	   0	 860	
 657	 658	  50	   1	 439	   1	   1	  15	  22	   2	  50	  70	  30	 649	1561929	1562368	   0	 870	
 658	 659	  30	   4	 656	   3	   2	  15	  22	   3	  50	  70	  30	 554	1564224	1564880	   0	 870	
 659	 660	  70	   1	 417	   2	   1	  15	  23	   3	  50	  70	  30	 549	1566735	1567152	   0	 880	
 660	 661	  30	   4	 414	   3	   2	  15	  23	   4	  50	  70	  30	 485	1568946	1569360	   0	 880	
 661	 662	  70	   1	 487	   2	   1	  15	  24	   4	  50	  70	  30	 552	1571241	1571728	   0	 890	
 662	 663	  30	   3	 539	   3	   2	  15	  24	   5	  50	  70	  30	 622	1573653	1574192	   0	 890	
 663	 664	  70	   1	 530	   2	   1	  15	  25	   5	  50	  70	  30	 520	1576014	1576544	   0	 900	
 664	 665	  50	   2	 781	   1	   1	  16	  25	   5	  50	  70	  30	 390	1578226	1579007	   0	 890	
 665	 666	  30	   4	 494	   3	   2	  16	  25	   6	  50	  70	  30	 423	1580737	1581231	   0	 890	
 666	 667	  70	   1	 482	   2	   1	  16	  26	   6	  50	  70	  30	 653	1583181	1583663	   0	 900	
 667	 668	  30	   3	 399	   3	   2	  16	  26	   7	  50	  70	  30	 389	1585360	1585759	   0	 900	
 668	 669	  50	   3	 358	   1	   2	  17	  26	   7	  50	  70	  30	 646	1587705	1588063	   0	 900	
 669	 670	  70	   2	 448	   2	   1	  17	  27	   7	  50	  70	  30	 621	1589983	1590431	   0	 890	
 670	 671	  50	   4	 333	   1	   2	  18	  27	   7	  50	  70	  30	 436	1592178	1592511	   0	 890	
 671	 672	  30	   4	 361	   3	   2	  18	  27	   8	  50	  70	  30	 543	1594390	1594751	   0	 890	
 672	 673	  70	   3	 499	   2	   2	  18	  28	   8	  50	  70	  30	 623	1596668	1597167	   0	 890	
 673	 674	  30	   4	 332	   3	   2	  18	  28	   9	  50	  70	  30	 488	1598963	1599295	   0	 890	
 674	 675	  50	   3	 331	   1	   2	  19	  28	   9	  50	  70	  30	 503	1601108	1601439	   0	 890	
 675	 676	  70	   1	 589	   2	   1	  19	  29	   9	  50	  70	  30	 433	1603170	1603759	   0	 900	
 676	 677	  30	   3	 385	   3	   2	  19	  29	  10	  50	  70	  30	 543	1605598	1605983	   0	 900	
 677	 678	  50	   4	 381	   1	   2	  20	  29	  10	  50	  70	  30	 527	1607810	1608191	   0	 900	
 678	 679	  70	   2	 561	   2	   1	  20	  30	  10	  50	  70	  30	 340	1609822	1610383	   0	 890	
 679	 680	  50	   3	 413	   1	   2	  21	  30	  10	  50	  70	  30	 335	1612017	1612430	   0	 890	
 680	 681	  30	   4	 524	   3	   2	  21	  30	  11	  50	  70	  30	 417	1614146	1614670	   0	 890	
 681	 682	  50	   3	 476	   1	   2	  22	  30	  11	  50	  70	  30	 667	1616674	1617150	   0	 890	
 682	 683	  30	   4	 533	   3	   2	  22	  30	  12	  50	  70	  30	 547	1618985	1619518	   0	 890	
 683	 684	  50	   3	 440	   1	   2	  23	  30	  12	  50	  70	  30	 629	1621446	1621886	   0	 890	
 684	 685	  70	   1	 578	   2	   1	  23	  31	  12	  50	  70	  30	 528	1623708	1624286	   0	 900	
 685	 686	  50	   4	 540	   1	   2	  24	  31	  12	  50	  70	  30	 392	1625970	1626510	   0	 900	
 686	 687	  70	   1	 527	   2	   1	  24	  32	  12	  50	  70	  30	 629	1628431	1628958	   0	 910	
 687	 688	  50	   4	 554	   1	   2	  25	  32	  12	  50	  70	  30	 415	1630676	1631230	   0	 910	
 688	 689	  30	   4	 678	   3	   2	  25	  32	  13	  50	  70	  30	 357	1632888	1633566	   0	 910	
 689	 690	  50	   4	 490	   1	   2	  26	  32	  13	  50	  70	  30	 480	1635332	1635822	   0	 910	
 690	 691	  30	   4	 557	   3	   2	  26	  32	  14	  50	  70	  30	 657	1637777	1638334	   0	 910	
 691	 692	  70	   1	 680	   2	   1	  26	  33	  14	  50	  70	  30	 369	1640038	1640718	   0	 920	
 692	 693	  30	   3	 840	   3	   2	  26	  33	  15	  50	  70	  30	 529	1642533	1643373	   0	 920	
 693	 694	  50	   4	 406	   1	   2	  27	  33	  15	  50	  70	  30	 448	1645127	1645533	   0	 920	
 694	 695	  70	   2	 498	   2	   1	  27	  34	  15	  50	  70	  30	 522	1647355	1647853	   0	 910	
 695	 696	  30	   4	 361	   3	   2	  27	  34	  16	  50	  70	  30	 527	1649684	1650045	   0	 910	
 696	 697	  50	   3	 331	   1	   2	  28	  34	  16	  50	  70	  30	 419	1651762	1652093	   0	 910	
 697	 698	  30	   4	 506	   3	   2	  28	  34	  17	  50	  70	  30	 501	1653891	1654397	   0	 910	
 698	 699	  50	   4	 390	   1	   2	  29	  34	  17	  50	  70	  30	 403	1656103	1656493	   0	 910	
 699	 700	  30	   4	 510	   3	   2	  29	  34	  18	  50	  70	  30	 647	1658431	1658941	   0	 910	
 700	 701	  70	   1	 474	   2	   1	  29	  35	  18	  50	  70	  30	 423	1660659	1661133	   0	 920	
 701	 702	  30	   3	 329	   3	   2	  29	  35	  19	  50	  70	  30	 322	1662788	1663117	   0	 920	
 702	 703	  50	   3	 286	   1	   2	  30	  35	  19	  50	  70	  30	 352	1664767	1665053	   0	 920	
 703	 704	  30	   3	 525	   3	   2	  30	  35	  20	  50	  70	  30	 558	1666912	1667437	   0	 920	
 704	 705	  50	   4	 342	   1	   2	  31	  35	  20	  50	  70	  30	 465	1669207	1669549	   0	 920	
 705	 706	  70	   1	 423	   2	   1	  31	   1	  20	  50	  70	  30	 457	1671302	1671725	   0	 930	
 706	 707	  50	   4	 372	   1	   2	  32	   1	  20	  50	  70	  30	 466	1673497	1673869	   0	 930	
 707	 708	  30	   1	 384	   3	   1	  32	   1	  21	  50	  70	  30	 504	1675676	1676060	   0	 940	
 708	 709	  50	   3	 513	   1	   2	  33	   1	  21	  50	  70	  30	 407	1677771	1678284	   0	 940	
 709	 710	  30	   4	 646	   3	   2	  33	   1	  22	  50	  70	  30	 583	1680166	1680812	   0	 940	
 710	 711	  70	   1	 421	   2	   1	  33	   2	  22	  50	  70	  30	 621	1682727	1683148	   0	 950	
 711	 712	  50	   4	 400	   1	   2	   1	   2	  22	  50	  70	  30	 491	1684972	1685372	   0	 950	
