Version: 1	Number of symbols: 3	Pictures exchange: true	Response Deadline: 2000
Trial_No	Virt_Trial_No	Prob_Shown	Feedback	RT	Stimulus_No	Resp	SymbolA_Stage	SymbolB_Stage	SymbolC_Stage	Prob_A	Prob_B	Prob_C	Jitter	StimOnset	RespOnset	Symbol_Changes	Bonus_sum
NaN	   1	  30	NaN	NaN	   1	   3	   0	   0	   0	  30	  70	  50	 635	   0	NaN	   0	   0	
   1	   2	  50	   2	1559	   3	   1	   0	   0	   1	  30	  70	  50	 349	5534	7093	   0	 -10	
   2	   3	  30	   2	 964	   1	   1	   1	   0	   1	  30	  70	  50	 389	8785	9749	   0	 -20	
   3	   4	  50	   3	1003	   3	   2	   1	   0	   2	  30	  70	  50	 339	11402	12405	   0	 -20	
NaN	   5	  70	NaN	NaN	   2	   3	   1	   0	   2	  30	  70	  50	 486	11402	NaN	   0	 -20	
   4	   6	  30	   4	1353	   1	   2	   2	   0	   2	  30	  70	  50	 312	17788	19141	   0	 -20	
NaN	   7	  50	NaN	NaN	   3	   3	   2	   0	   2	  30	  70	  50	 659	17788	NaN	   0	 -20	
   5	   8	  70	   3	1228	   2	   2	   2	   1	   2	  30	  70	  50	 484	24873	26101	   0	 -20	
NaN	   9	  50	NaN	NaN	   3	   3	   2	   1	   2	  30	  70	  50	 361	24873	NaN	   0	 -20	
   6	  10	  30	   4	1025	   1	   2	   3	   1	   2	  30	  70	  50	 452	31492	32517	   0	 -20	
NaN	  11	  50	NaN	NaN	   3	   3	   3	   1	   2	  30	  70	  50	 622	31492	NaN	   0	 -20	
   7	  12	  70	   3	1115	   2	   2	   3	   2	   2	  30	  70	  50	 676	38394	39509	   0	 -20	
NaN	  13	  50	NaN	NaN	   3	   3	   3	   2	   2	  30	  70	  50	 537	38394	NaN	   0	 -20	
   8	  14	  70	   1	 591	   2	   1	   3	   3	   2	  30	  70	  50	 400	45045	45636	   0	 -10	
   9	  15	  50	   4	1085	   3	   2	   3	   3	   3	  30	  70	  50	 540	47479	48564	   0	 -10	
  10	  16	  30	   1	 920	   1	   1	   4	   3	   3	  30	  70	  50	 507	50380	51300	   0	   0	
  11	  17	  70	   2	 880	   2	   1	   4	   4	   3	  30	  70	  50	 341	52964	53844	   0	 -10	
NaN	  18	  50	NaN	NaN	   3	   3	   4	   4	   3	  30	  70	  50	 474	52964	NaN	   0	 -10	
  12	  19	  70	   2	1080	   2	   1	   4	   5	   3	  30	  70	  50	 609	59500	60580	   0	 -20	
  13	  20	  30	   1	 881	   1	   1	   5	   5	   3	  30	  70	  50	 573	62467	63348	   0	 -10	
  14	  21	  50	   2	 803	   3	   1	   5	   5	   4	  30	  70	  50	 534	65201	66004	   0	 -20	
  15	  22	  30	   2	1018	   1	   1	   6	   5	   4	  30	  70	  50	 493	67802	68820	   0	 -30	
  16	  23	  50	   1	 991	   3	   1	   6	   5	   5	  30	  70	  50	 324	70453	71444	   0	 -20	
  17	  24	  30	   2	 913	   1	   1	   7	   5	   5	  30	  70	  50	 439	73187	74100	   0	 -30	
  18	  25	  70	   1	1103	   2	   1	   7	   6	   5	  30	  70	  50	 624	76021	77124	   0	 -20	
  19	  26	  50	   4	1423	   3	   2	   7	   6	   6	  30	  70	  50	 366	78805	80228	   0	 -20	
  20	  27	  30	   4	 686	   1	   2	   8	   6	   6	  30	  70	  50	 448	81989	82675	   0	 -20	
  21	  28	  50	   1	 778	   3	   1	   8	   6	   7	  30	  70	  50	 469	84473	85251	   0	 -10	
  22	  29	  70	   1	 458	   2	   1	   8	   7	   7	  30	  70	  50	 690	87241	87699	   0	   0	
  23	  30	  50	   1	 573	   3	   1	   8	   7	   8	  30	  70	  50	 547	89542	90115	   0	  10	
  24	  31	  70	   1	 578	   2	   1	   8	   8	   8	  30	  70	  50	 390	91809	92387	   0	  20	
  25	  32	  50	   2	 563	   3	   1	   8	   8	   9	  30	  70	  50	 495	94176	94739	   0	  10	
  26	  33	  30	   4	 905	   1	   2	   9	   8	   9	  30	  70	  50	 374	96410	97315	   0	  10	
  27	  34	  70	   1	 577	   2	   1	   9	   9	   9	  30	  70	  50	 370	98994	99571	   0	  20	
  28	  35	  30	   3	 720	   1	   2	  10	   9	   9	  30	  70	  50	 528	101395	102115	   0	  20	
  29	  36	  70	   2	 465	   2	   1	  10	  10	   9	  30	  70	  50	 320	103746	104211	   0	  10	
  30	  37	  50	   1	 555	   3	   1	  10	  10	  10	  30	  70	  50	 370	105896	106451	   0	  20	
  31	  38	  30	   4	 625	   1	   2	  11	  10	  10	  30	  70	  50	 363	108130	108755	   0	  20	
  32	  39	  70	   1	 444	   2	   1	  11	  11	  10	  30	  70	  50	 575	110631	111075	   0	  30	
  33	  40	  30	   1	 871	   1	   1	  12	  11	  10	  30	  70	  50	 369	112748	113619	   0	  40	
  34	  41	  50	   1	 727	   3	   1	  12	  11	  11	  30	  70	  50	 610	115532	116259	   0	  50	
  35	  42	  70	   2	 520	   2	   1	  12	  12	  11	  30	  70	  50	 326	117883	118403	   0	  40	
  36	  43	  30	   4	 817	   1	   2	  13	  12	  11	  30	  70	  50	 698	120417	121234	   0	  40	
  37	  44	  70	   3	1369	   2	   2	  13	  13	  11	  30	  70	  50	 455	123001	124370	   0	  40	
  38	  45	  50	   2	 343	   3	   1	  13	  13	  12	  30	  70	  50	 559	126235	126578	   0	  30	
  39	  46	  30	   2	 675	   1	   1	  14	  13	  12	  30	  70	  50	 440	128319	128994	   0	  20	
  40	  47	  70	   1	 451	   2	   1	  14	  14	  12	  30	  70	  50	 396	130687	131138	   0	  30	
  41	  48	  30	   2	 831	   1	   1	  15	  14	  12	  30	  70	  50	 305	132771	133602	   0	  20	
  42	  49	  70	   1	 641	   2	   1	  15	  15	  12	  30	  70	  50	 608	135521	136162	   0	  30	
  43	  50	  30	   3	 468	   1	   2	  16	  15	  12	  30	  70	  50	 357	137822	138290	   0	  30	
  44	  51	  70	   2	 838	   2	   1	  16	  16	  12	  30	  70	  50	 562	140156	140994	   0	  20	
  45	  52	  30	   4	1065	   1	   2	  17	  16	  12	  30	  70	  50	 555	142857	143922	   0	  20	
  46	  53	  70	   1	 720	   2	   1	  17	  17	  12	  30	  70	  50	 618	145858	146578	   0	  30	
  47	  54	  30	   4	 816	   1	   2	  18	  17	  12	  30	  70	  50	 357	148242	149058	   0	  30	
  48	  55	  70	   1	 679	   2	   1	  18	  18	  12	  30	  70	  50	 482	150859	151538	   0	  40	
  49	  56	  50	   3	 972	   3	   2	  18	  18	  13	  30	  70	  50	 677	153510	154482	   0	  40	
  50	  57	  30	   1	 997	   1	   1	  19	  18	  13	  30	  70	  50	 672	156461	157458	   0	  50	
  51	  58	  70	   2	 914	   2	   1	  19	  19	  13	  30	  70	  50	 527	159295	160209	   0	  40	
  52	  59	  50	   1	1143	   3	   1	  19	  19	  14	  30	  70	  50	 428	161946	163089	   0	  50	
  53	  60	  30	   4	1077	   1	   2	  20	  19	  14	  30	  70	  50	 405	164796	165873	   0	  50	
  54	  61	  50	   4	 925	   3	   2	  20	  19	  15	  30	  70	  50	 591	167764	168689	   0	  50	
  55	  62	  70	   1	 335	   2	   1	  20	  20	  15	  30	  70	  50	 514	170498	170833	   0	  60	
  56	  63	  50	   1	 962	   3	   1	  20	  20	  16	  30	  70	  50	 657	172799	173761	   0	  70	
  57	  64	  70	   1	1208	   2	   1	  20	  21	  16	  30	  70	  50	 368	175433	176641	   0	  80	
  58	  65	  50	   2	1086	   3	   1	  20	  21	  17	  30	  70	  50	 519	178467	179553	   0	  70	
  59	  66	  30	   4	 901	   1	   2	  21	  21	  17	  30	  70	  50	 608	181468	182369	   0	  70	
  60	  67	  70	   2	 722	   2	   1	  21	  22	  17	  30	  70	  50	 659	184335	185057	   0	  60	
  61	  68	  30	   1	 766	   1	   1	  22	  22	  17	  30	  70	  50	 436	186819	187585	   0	  70	
  62	  69	  50	   4	1119	   3	   2	  22	  22	  18	  30	  70	  50	 677	189570	190689	   0	  70	
  63	  70	  70	   1	1096	   2	   1	  22	  23	  18	  30	  70	  50	 524	192521	193617	   0	  80	
  64	  71	  50	   3	 672	   3	   2	  22	  23	  19	  30	  70	  50	 590	195505	196177	   0	  80	
  65	  72	  70	   3	1105	   2	   2	  22	  24	  19	  30	  70	  50	 342	197823	198928	   0	  80	
  66	  73	  50	   4	1104	   3	   2	  22	  24	  20	  30	  70	  50	 404	200640	201744	   0	  80	
  67	  74	  70	   3	1380	   2	   2	  22	  25	  20	  30	  70	  50	 673	203724	205104	   0	  80	
  68	  75	  50	   2	 900	   3	   1	  22	  25	  21	  30	  70	  50	 504	206908	207808	   0	  70	
  69	  76	  70	   2	 551	   2	   1	  22	  26	  21	  30	  70	  50	 471	209593	210144	   0	  60	
  70	  77	  50	   1	 677	   3	   1	  22	  26	  22	  30	  70	  50	 588	212043	212720	   0	  70	
  71	  78	  70	   1	 675	   2	   1	  22	  27	  22	  30	  70	  50	 422	214461	215136	   0	  80	
  72	  79	  50	   2	 917	   3	   1	  22	  27	  23	  30	  70	  50	 364	216795	217712	   0	  70	
  73	  80	  30	   4	 804	   1	   2	  23	  27	  23	  30	  70	  50	 590	219612	220416	   0	  70	
  74	  81	  70	   1	 654	   2	   1	  23	  28	  23	  30	  70	  50	 426	222146	222800	   0	  80	
  75	  82	  30	   2	 858	   1	   1	  24	  28	  23	  30	  70	  50	 517	224630	225488	   0	  70	
  76	  83	  50	   2	 725	   3	   1	  24	  28	  24	  30	  70	  50	 333	227131	227856	   0	  60	
  77	  84	  30	   4	1041	   1	   2	  25	  28	  24	  30	  70	  50	 463	229615	230656	   0	  60	
  78	  85	  70	   2	 618	   2	   1	  25	  29	  24	  30	  70	  50	 605	232566	233184	   0	  50	
  79	  86	  50	   1	 781	   3	   1	  25	  29	  25	  30	  70	  50	 372	234866	235647	   0	  60	
  80	  87	  70	   1	 754	   2	   1	  25	  30	  25	  30	  70	  50	 551	237517	238271	   0	  70	
  81	  88	  50	   2	 646	   3	   1	  25	  30	  26	  30	  70	  50	 614	240201	240847	   0	  60	
  82	  89	  30	   1	 934	   1	   1	  26	  30	  26	  30	  70	  50	 433	242585	243519	   0	  70	
  83	  90	  70	   1	1069	   2	   1	  26	  31	  26	  30	  70	  50	 362	245186	246255	   0	  80	
  84	  91	  50	   3	 743	   3	   2	  26	  31	  27	  30	  70	  50	 544	248104	248847	   0	  80	
  85	  92	  70	   2	 589	   2	   1	  26	  32	  27	  30	  70	  50	 588	250738	251327	   0	  70	
  86	  93	  30	   4	 927	   1	   2	  27	  32	  27	  30	  70	  50	 456	253088	254015	   0	  70	
  87	  94	  50	   1	 555	   3	   1	  27	  32	  28	  30	  70	  50	 634	255956	256511	   0	  80	
  88	  95	  30	   2	 900	   1	   1	  28	  32	  28	  30	  70	  50	 691	258507	259407	   0	  70	
  89	  96	  70	   1	 667	   2	   1	  28	  33	  28	  30	  70	  50	 399	261124	261791	   0	  80	
  90	  97	  30	   1	 534	   1	   1	  29	  33	  28	  30	  70	  50	 517	263625	264159	   0	  90	
  91	  98	  50	   4	 756	   3	   2	  29	  33	  29	  30	  70	  50	 575	266059	266815	   0	  90	
  92	  99	  30	   2	 660	   1	   1	  30	  33	  29	  30	  70	  50	 345	268459	269119	   0	  80	
  93	 100	  50	   1	 536	   3	   1	  30	  33	  30	  30	  70	  50	 329	270743	271279	   0	  90	
  94	 101	  20	   4	1611	   2	   2	  30	   1	  30	  30	  20	  50	 399	273011	274622	   2	  90	
  95	 102	  30	   4	1030	   1	   2	  31	   1	  30	  30	  20	  50	 401	276328	277358	   0	  90	
  96	 103	  20	   4	 892	   2	   2	  31	   2	  30	  30	  20	  50	 302	278962	279854	   0	  90	
  97	 104	  30	   4	 977	   3	   2	  31	   2	   1	  30	  20	  30	 423	281597	282574	   3	  90	
  98	 105	  20	   3	1255	   2	   2	  31	   3	   1	  30	  20	  30	 370	284247	285502	   0	  90	
  99	 106	  30	   3	1261	   3	   2	  31	   3	   2	  30	  20	  30	 455	287265	288526	   0	  90	
 100	 107	  20	   4	 876	   2	   2	  31	   4	   2	  30	  20	  30	 647	290466	291342	   0	  90	
 101	 108	  30	   2	 468	   3	   1	  31	   4	   3	  30	  20	  30	 408	293066	293534	   0	  80	
 102	 109	  20	   2	 644	   2	   1	  31	   5	   3	  30	  20	  30	 604	295450	296094	   0	  70	
 103	 110	  30	   3	 935	   1	   2	  32	   5	   3	  30	  20	  30	 354	297751	298686	   0	  70	
 104	 111	  30	   2	 916	   3	   1	  32	   5	   4	  30	  20	  30	 611	300602	301518	   0	  60	
 105	 112	  20	   3	 853	   2	   2	  32	   6	   4	  30	  20	  30	 525	303353	304206	   0	  60	
 106	 113	  30	   2	 690	   3	   1	  32	   6	   5	  30	  20	  30	 307	305820	306510	   0	  50	
 107	 114	  30	   4	 985	   1	   2	  33	   6	   5	  30	  20	  30	 611	308421	309406	   0	  50	
 108	 115	  30	   3	 695	   3	   2	  33	   6	   6	  30	  20	  30	 538	311255	311950	   0	  50	
 109	 116	  30	   2	1170	   1	   1	  34	   6	   6	  30	  20	  30	 494	313739	314909	   0	  40	
 110	 117	  30	   4	 914	   3	   2	  34	   6	   7	  30	  20	  30	 304	316523	317437	   0	  40	
 111	 118	  30	   4	 698	   1	   2	  35	   6	   7	  30	  20	  30	 329	319091	319789	   0	  40	
 112	 119	  30	   2	1074	   3	   1	  35	   6	   8	  30	  20	  30	 594	321691	322765	   0	  30	
 113	 120	  20	   2	 658	   2	   1	  35	   7	   8	  30	  20	  30	 413	324475	325133	   0	  20	
 114	 121	  80	   3	1140	   1	   2	   1	   7	   8	  80	  20	  30	 350	326809	327949	   1	  20	
 115	 122	  30	   4	 797	   3	   2	   1	   7	   9	  80	  20	  30	 489	329744	330541	   0	  20	
 116	 123	  80	   1	 676	   1	   1	   2	   7	   9	  80	  20	  30	 498	332361	333037	   0	  30	
 117	 124	  30	   3	 737	   3	   2	   2	   7	  10	  80	  20	  30	 490	334828	335565	   0	  30	
 118	 125	  80	   2	 671	   1	   1	   3	   7	  10	  80	  20	  30	 392	337262	337933	   0	  20	
 119	 126	  30	   3	 646	   3	   2	   3	   7	  11	  80	  20	  30	 600	339847	340493	   0	  20	
 120	 127	  80	   1	1102	   1	   1	   4	   7	  11	  80	  20	  30	 653	342447	343549	   0	  30	
 121	 128	  30	   4	 598	   3	   2	   4	   7	  12	  80	  20	  30	 537	345415	346013	   0	  30	
 122	 129	  20	   4	1009	   2	   2	   4	   8	  12	  80	  20	  30	 600	347932	348941	   0	  30	
 123	 130	  80	   1	 788	   1	   1	   5	   8	  12	  80	  20	  30	 397	350633	351421	   0	  40	
 124	 131	  30	   4	 696	   3	   2	   5	   8	  13	  80	  20	  30	 573	353300	353996	   0	  40	
 125	 132	  80	   2	 810	   1	   1	   6	   8	  13	  80	  20	  30	 344	355634	356444	   0	  30	
 126	 133	  30	   4	 992	   3	   2	   6	   8	  14	  80	  20	  30	 499	358252	359244	   0	  30	
 127	 134	  80	   1	 467	   1	   1	   7	   8	  14	  80	  20	  30	 425	360969	361436	   0	  40	
 128	 135	  20	   4	 926	   2	   2	   7	   9	  14	  80	  20	  30	 323	363070	363996	   0	  40	
 129	 136	  80	   1	 741	   1	   1	   8	   9	  14	  80	  20	  30	 365	365671	366412	   0	  50	
 130	 137	  20	   4	 593	   2	   2	   8	  10	  14	  80	  20	  30	 464	368171	368764	   0	  50	
 131	 138	  80	   3	 617	   1	   2	   9	  10	  14	  80	  20	  30	 676	370755	371372	   0	  50	
 132	 139	  20	   3	 639	   2	   2	   9	  11	  14	  80	  20	  30	 696	373373	374012	   0	  50	
 133	 140	  30	   3	 868	   3	   2	   9	  11	  15	  80	  20	  30	 321	375640	376508	   0	  50	
 134	 141	  80	   1	1314	   1	   1	  10	  11	  15	  80	  20	  30	 639	378458	379772	   0	  60	
 135	 142	  30	   4	 650	   3	   2	  10	  11	  16	  80	  20	  30	 376	381458	382108	   0	  60	
 136	 143	  20	   4	 622	   2	   2	  10	  12	  16	  80	  20	  30	 698	384126	384748	   0	  60	
 137	 144	  80	   2	 807	   1	   1	  11	  12	  16	  80	  20	  30	 643	386693	387500	   0	  50	
 138	 145	  30	   4	 747	   3	   2	  11	  12	  17	  80	  20	  30	 546	389344	390091	   0	  50	
 139	 146	  20	   4	 890	   2	   2	  11	  13	  17	  80	  20	  30	 354	391761	392651	   0	  50	
 140	 147	  30	   4	 774	   3	   2	  11	  13	  18	  80	  20	  30	 667	394629	395403	   0	  50	
 141	 148	  20	   4	 833	   2	   2	  11	  14	  18	  80	  20	  30	 424	397146	397979	   0	  50	
 142	 149	  80	   1	 627	   1	   1	  12	  14	  18	  80	  20	  30	 570	399864	400491	   0	  60	
 143	 150	  20	   4	 765	   2	   2	  12	  15	  18	  80	  20	  30	 602	402398	403163	   0	  60	
 144	 151	  80	   1	 690	   1	   1	  13	  15	  18	  80	  20	  30	 581	405065	405755	   0	  70	
 145	 152	  20	   4	 688	   2	   2	  13	  16	  18	  80	  20	  30	 434	407499	408187	   0	  70	
 146	 153	  30	   3	 594	   3	   2	  13	  16	  19	  80	  20	  30	 332	409833	410427	   0	  70	
 147	 154	  20	   4	 792	   2	   2	  13	  17	  19	  80	  20	  30	 319	412051	412843	   0	  70	
 148	 155	  80	   1	 798	   1	   1	  14	  17	  19	  80	  20	  30	 545	414685	415483	   0	  80	
 149	 156	  30	   4	1072	   3	   2	  14	  17	  20	  80	  20	  30	 619	417419	418491	   0	  80	
 150	 157	  80	   1	 659	   1	   1	  15	  17	  20	  80	  20	  30	 342	420136	420795	   0	  90	
 151	 158	  20	   3	 473	   2	   2	  15	  18	  20	  80	  20	  30	 634	422754	423227	   0	  90	
 152	 159	  30	   1	 748	   3	   1	  15	  18	  21	  80	  20	  30	 536	425071	425819	   0	 100	
 153	 160	  80	   3	 524	   1	   2	  16	  18	  21	  80	  20	  30	 304	427438	427962	   0	 100	
 154	 161	  20	   4	 472	   2	   2	  16	  19	  21	  80	  20	  30	 636	429906	430378	   0	 100	
 155	 162	  30	   4	 976	   3	   2	  16	  19	  22	  80	  20	  30	 404	432090	433066	   0	 100	
 156	 163	  80	   1	 679	   1	   1	  17	  19	  22	  80	  20	  30	 341	434707	435386	   0	 110	
 157	 164	  30	   4	 579	   3	   2	  17	  19	  23	  80	  20	  30	 504	437191	437770	   0	 110	
 158	 165	  20	   4	 556	   2	   2	  17	  20	  23	  80	  20	  30	 667	439742	440298	   0	 110	
 159	 166	  30	   4	 976	   3	   2	  17	  20	  24	  80	  20	  30	 444	442042	443018	   0	 110	
 160	 167	  80	   2	 636	   1	   1	  18	  20	  24	  80	  20	  30	 595	444910	445546	   0	 100	
 161	 168	  30	   4	 543	   3	   2	  18	  20	  25	  80	  20	  30	 332	447211	447754	   0	 100	
 162	 169	  20	   4	 617	   2	   2	  18	  21	  25	  80	  20	  30	 306	449361	449978	   0	 100	
 163	 170	  30	   2	 535	   3	   1	  18	  21	  26	  80	  20	  30	 512	451795	452330	   0	  90	
 164	 171	  80	   1	 368	   1	   1	  19	  21	  26	  80	  20	  30	 698	454346	454714	   0	 100	
 165	 172	  30	   3	 557	   3	   2	  19	  21	  27	  80	  20	  30	 374	456397	456954	   0	 100	
 166	 173	  20	   4	 381	   2	   2	  19	  22	  27	  80	  20	  30	 531	458797	459178	   0	 100	
 167	 174	  80	   1	 699	   1	   1	  20	  22	  27	  80	  20	  30	 321	460815	461514	   0	 110	
 168	 175	  30	   4	 706	   3	   2	  20	  22	  28	  80	  20	  30	 607	463432	464138	   0	 110	
 169	 176	  80	   3	 508	   1	   2	  21	  22	  28	  80	  20	  30	 507	465949	466457	   0	 110	
 170	 177	  30	   4	 680	   3	   2	  21	  22	  29	  80	  20	  30	 653	468417	469097	   0	 110	
 171	 178	  80	   1	 607	   1	   1	  22	  22	  29	  80	  20	  30	 605	471034	471641	   0	 120	
 172	 179	  30	   3	 643	   3	   2	  22	  22	  30	  80	  20	  30	 379	473318	473961	   0	 120	
 173	 180	  20	   3	 543	   2	   2	  22	  23	  30	  80	  20	  30	 537	475802	476345	   0	 120	
 174	 181	  30	   4	 458	   3	   2	  22	  23	  31	  80	  20	  30	 656	478303	478761	   0	 120	
 175	 182	  20	   4	 822	   2	   2	  22	  24	  31	  80	  20	  30	 320	480387	481209	   0	 120	
 176	 183	  80	   2	 550	   1	   1	  23	  24	  31	  80	  20	  30	 658	483171	483721	   0	 110	
 177	 184	  30	   4	 553	   3	   2	  23	  24	  32	  80	  20	  30	 449	485488	486041	   0	 110	
 178	 185	  20	   3	 387	   2	   2	  23	  25	  32	  80	  20	  30	 677	488022	488409	   0	 110	
 179	 186	  30	   2	 579	   3	   1	  23	  25	  33	  80	  20	  30	 697	490406	490985	   0	 100	
 180	 187	  20	   4	 938	   2	   2	  23	  26	  33	  80	  20	  30	 322	492607	493545	   0	 100	
 181	 188	  30	   3	1025	   3	   2	  23	  26	  34	  80	  20	  30	 351	495224	496249	   0	 100	
 182	 189	  20	   4	 773	   2	   2	  23	  27	  34	  80	  20	  30	 357	497908	498681	   0	 100	
 183	 190	  80	   1	 609	   1	   1	  24	  27	  34	  80	  20	  30	 389	500376	500985	   0	 110	
 184	 191	  30	   4	 855	   3	   2	  24	  27	  35	  80	  20	  30	 330	502610	503465	   0	 110	
 185	 192	  80	   2	 540	   1	   1	  25	  27	  35	  80	  20	  30	 480	505244	505784	   0	 100	
 186	 193	  20	   4	 569	   2	   2	  25	  28	  35	  80	  20	  30	 629	507711	508280	   0	 100	
 187	 194	  70	   3	1351	   3	   2	  25	  28	   1	  80	  20	  70	 460	510129	511480	   3	 100	
 188	 195	  20	   4	 913	   2	   2	  25	  29	   1	  80	  20	  70	 676	513463	514376	   0	 100	
 189	 196	  70	   4	 994	   3	   2	  25	  29	   2	  80	  20	  70	 551	516230	517224	   0	 100	
 190	 197	  80	   1	1045	   1	   1	  26	  29	   2	  80	  20	  70	 398	518931	519976	   0	 110	
 191	 198	  20	   4	 774	   2	   2	  26	  30	   2	  80	  20	  70	 385	521682	522456	   0	 110	
 192	 199	  70	   3	 654	   3	   2	  26	  30	   3	  80	  20	  70	 507	524266	524920	   0	 110	
 193	 200	  50	   3	1185	   2	   2	  26	   1	   3	  80	  50	  70	 330	526583	527768	   2	 110	
 194	 201	  80	   1	 812	   1	   1	  27	   1	   3	  80	  50	  70	 408	529484	530296	   0	 120	
 195	 202	  70	   4	1167	   3	   2	  27	   1	   4	  80	  50	  70	 590	532185	533352	   0	 120	
 196	 203	  50	   4	1343	   2	   2	  27	   2	   4	  80	  50	  70	 306	534969	536312	   0	 120	
 197	 204	  70	   3	 907	   3	   2	  27	   2	   5	  80	  50	  70	 628	538237	539144	   0	 120	
 198	 205	  50	   3	1157	   2	   2	  27	   3	   5	  80	  50	  70	 341	540787	541944	   0	 120	
 199	 206	  70	   3	 953	   3	   2	  27	   3	   6	  80	  50	  70	 578	543822	544775	   0	 120	
 200	 207	  50	   4	 653	   2	   2	  27	   4	   6	  80	  50	  70	 438	546522	547175	   0	 120	
 201	 208	  80	   1	 817	   1	   1	  28	   4	   6	  80	  50	  70	 309	548806	549623	   0	 130	
 202	 209	  50	   4	 906	   2	   2	  28	   5	   6	  80	  50	  70	 418	551357	552263	   0	 130	
 203	 210	  80	   1	 878	   1	   1	  29	   5	   6	  80	  50	  70	 458	554025	554903	   0	 140	
 204	 211	  70	   1	 716	   3	   1	  29	   5	   7	  80	  50	  70	 659	556859	557575	   0	 150	
 205	 212	  50	   3	 530	   2	   2	  29	   6	   7	  80	  50	  70	 624	559509	560039	   0	 150	
 206	 213	  80	   1	 750	   1	   1	  30	   6	   7	  80	  50	  70	 657	561993	562743	   0	 160	
 207	 214	  70	   4	 634	   3	   2	  30	   6	   8	  80	  50	  70	 402	564461	565095	   0	 160	
 208	 215	  80	   1	 926	   1	   1	  31	   6	   8	  80	  50	  70	 334	566745	567671	   0	 170	
 209	 216	  70	   1	1233	   3	   1	  31	   6	   9	  80	  50	  70	 489	569462	570695	   0	 180	
 210	 217	  50	   3	 749	   2	   2	  31	   7	   9	  80	  50	  70	 314	572330	573079	   0	 180	
 211	 218	  80	   1	 873	   1	   1	  32	   7	   9	  80	  50	  70	 427	574830	575703	   0	 190	
 212	 219	  50	   4	 625	   2	   2	  32	   8	   9	  80	  50	  70	 393	577398	578023	   0	 190	
 213	 220	  80	   1	 762	   1	   1	  33	   8	   9	  80	  50	  70	 619	579949	580711	   0	 200	
 214	 221	  70	   3	 897	   3	   2	  33	   8	  10	  80	  50	  70	 518	582533	583430	   0	 200	
 215	 222	  50	   4	 681	   2	   2	  33	   9	  10	  80	  50	  70	 389	585133	585814	   0	 200	
 216	 223	  70	   4	1129	   3	   2	  33	   9	  11	  80	  50	  70	 392	587517	588646	   0	 200	
 217	 224	  20	   4	1097	   1	   2	   1	   9	  11	  20	  50	  70	 330	590285	591382	   1	 200	
 218	 225	  50	   1	1264	   2	   1	   1	  10	  11	  20	  50	  70	 584	593286	594550	   0	 210	
 219	 226	  70	   4	 833	   3	   2	   1	  10	  12	  20	  50	  70	 591	596453	597286	   0	 210	
 220	 227	  20	   4	 848	   1	   2	   2	  10	  12	  20	  50	  70	 656	599254	600102	   0	 210	
 221	 228	  70	   3	1180	   3	   2	   2	  10	  13	  20	  50	  70	 688	602122	603302	   0	 210	
 222	 229	  20	   4	 831	   1	   2	   3	  10	  13	  20	  50	  70	 640	605239	606070	   0	 210	
 223	 230	  50	   4	1237	   2	   2	   3	  11	  13	  20	  50	  70	 494	607873	609110	   0	 210	
 224	 231	  70	   1	 464	   3	   1	   3	  11	  14	  20	  50	  70	 358	610774	611238	   0	 220	
 225	 232	  50	   3	 532	   2	   2	   3	  12	  14	  20	  50	  70	 510	613058	613590	   0	 220	
 226	 233	  70	   1	 839	   3	   1	   3	  12	  15	  20	  50	  70	 469	615375	616214	   0	 230	
 227	 234	  20	   3	 545	   1	   2	   4	  12	  15	  20	  50	  70	 380	617893	618438	   0	 230	
 228	 235	  70	   1	1062	   3	   1	   4	  12	  16	  20	  50	  70	 393	620127	621189	   0	 240	
 229	 236	  20	   4	 518	   1	   2	   5	  12	  16	  20	  50	  70	 421	622911	623429	   0	 240	
 230	 237	  50	   4	 607	   2	   2	   5	  13	  16	  20	  50	  70	 327	625062	625669	   0	 240	
 231	 238	  70	   4	 595	   3	   2	   5	  13	  17	  20	  50	  70	 358	627346	627941	   0	 240	
 232	 239	  50	   4	 895	   2	   2	   5	  14	  17	  20	  50	  70	 586	629830	630725	   0	 240	
 233	 240	  70	   1	 703	   3	   1	   5	  14	  18	  20	  50	  70	 602	632630	633333	   0	 250	
 234	 241	  50	   3	 480	   2	   2	   5	  15	  18	  20	  50	  70	 345	634981	635461	   0	 250	
 235	 242	  20	   4	 453	   1	   2	   6	  15	  18	  20	  50	  70	 491	637248	637701	   0	 250	
 236	 243	  50	   3	 832	   2	   2	   6	  16	  18	  20	  50	  70	 346	639349	640181	   0	 250	
 237	 244	  20	   3	1046	   1	   2	   7	  16	  18	  20	  50	  70	 490	641983	643029	   0	 250	
 238	 245	  70	   1	 730	   3	   1	   7	  16	  19	  20	  50	  70	 339	644667	645397	   0	 260	
 239	 246	  50	   4	 894	   2	   2	   7	  17	  19	  20	  50	  70	 663	647351	648245	   0	 260	
 240	 247	  20	   4	 459	   1	   2	   8	  17	  19	  20	  50	  70	 661	650202	650661	   0	 260	
 241	 248	  50	   1	 689	   2	   1	   8	  18	  19	  20	  50	  70	 459	652436	653125	   0	 270	
 242	 249	  70	   1	 704	   3	   1	   8	  18	  20	  20	  50	  70	 422	654853	655557	   0	 280	
 243	 250	  20	   4	 556	   1	   2	   9	  18	  20	  20	  50	  70	 462	657321	657877	   0	 280	
 244	 251	  70	   2	 720	   3	   1	   9	  18	  21	  20	  50	  70	 401	659588	660308	   0	 270	
 245	 252	  50	   4	1000	   2	   2	   9	  19	  21	  20	  50	  70	 563	662172	663172	   0	 270	
 246	 253	  20	   2	 403	   1	   1	  10	  19	  21	  20	  50	  70	 592	665073	665476	   0	 260	
 247	 254	  70	   1	 776	   3	   1	  10	  19	  22	  20	  50	  70	 536	667324	668100	   0	 270	
 248	 255	  50	   1	 734	   2	   1	  10	  20	  22	  20	  50	  70	 566	669974	670708	   0	 280	
 249	 256	  70	   3	 382	   3	   2	  10	  20	  23	  20	  50	  70	 323	672342	672724	   0	 280	
 250	 257	  50	   3	 722	   2	   2	  10	  21	  23	  20	  50	  70	 585	674626	675348	   0	 280	
 251	 258	  70	   1	1172	   3	   1	  10	  21	  24	  20	  50	  70	 301	676976	678148	   0	 290	
 252	 259	  50	   4	 532	   2	   2	  10	  22	  24	  20	  50	  70	 692	680144	680676	   0	 290	
 253	 260	  70	   3	 722	   3	   2	  10	  22	  25	  20	  50	  70	 587	682578	683300	   0	 290	
 254	 261	  20	   4	 864	   1	   2	  11	  22	  25	  20	  50	  70	 402	685012	685876	   0	 290	
 255	 262	  70	   2	 731	   3	   1	  11	  22	  26	  20	  50	  70	 317	687513	688244	   0	 280	
 256	 263	  50	   4	 789	   2	   2	  11	  23	  26	  20	  50	  70	 493	690047	690836	   0	 280	
 257	 264	  20	   4	 602	   1	   2	  12	  23	  26	  20	  50	  70	 569	692714	693316	   0	 280	
 258	 265	  70	   1	 546	   3	   1	  12	  23	  27	  20	  50	  70	 667	695298	695844	   0	 290	
 259	 266	  50	   2	 658	   2	   1	  12	  24	  27	  20	  50	  70	 511	697649	698307	   0	 280	
 260	 267	  70	   3	 365	   3	   2	  12	  24	  28	  20	  50	  70	 544	700150	700515	   0	 280	
 261	 268	  50	   3	 657	   2	   2	  12	  25	  28	  20	  50	  70	 594	702434	703091	   0	 280	
 262	 269	  20	   4	 426	   1	   2	  13	  25	  28	  20	  50	  70	 610	705001	705427	   0	 280	
 263	 270	  50	   1	 509	   2	   1	  13	  26	  28	  20	  50	  70	 590	707318	707827	   0	 290	
 264	 271	  70	   2	 440	   3	   1	  13	  26	  29	  20	  50	  70	 684	709819	710259	   0	 280	
 265	 272	  50	   2	 804	   2	   1	  13	  27	  29	  20	  50	  70	 333	711903	712707	   0	 270	
 266	 273	  70	   1	 580	   3	   1	  13	  27	  30	  20	  50	  70	 663	714671	715251	   0	 280	
 267	 274	  50	   3	1032	   2	   2	  13	  28	  30	  20	  50	  70	 387	716955	717987	   0	 280	
 268	 275	  20	   3	 731	   1	   2	  14	  28	  30	  20	  50	  70	 372	719672	720403	   0	 280	
 269	 276	  50	   4	 998	   3	   2	  14	  28	   1	  20	  50	  50	 454	722189	723187	   3	 280	
 270	 277	  50	   2	 801	   2	   1	  14	  29	   1	  20	  50	  50	 595	725090	725891	   0	 270	
 271	 278	  20	   4	 757	   1	   2	  15	  29	   1	  20	  50	  50	 551	727774	728531	   0	 270	
 272	 279	  50	   4	 922	   3	   2	  15	  29	   2	  20	  50	  50	 582	730425	731347	   0	 270	
 273	 280	  20	   3	 654	   1	   2	  16	  29	   2	  20	  50	  50	 459	733109	733763	   0	 270	
 274	 281	  50	   3	 664	   3	   2	  16	  29	   3	  20	  50	  50	 547	735610	736274	   0	 270	
 275	 282	  20	   4	 829	   1	   2	  17	  29	   3	  20	  50	  50	 682	738277	739106	   0	 270	
 276	 283	  50	   4	 592	   3	   2	  17	  29	   4	  20	  50	  50	 571	740978	741570	   0	 270	
 277	 284	  50	   3	 793	   2	   2	  17	  30	   4	  20	  50	  50	 664	743529	744322	   0	 270	
 278	 285	  20	   4	 790	   1	   2	  18	  30	   4	  20	  50	  50	 374	745996	746786	   0	 270	
 279	 286	  50	   1	1238	   2	   1	  18	  31	   4	  20	  50	  50	 690	748780	750018	   0	 280	
 280	 287	  20	   4	 856	   1	   2	  19	  31	   4	  20	  50	  50	 570	751898	752754	   0	 280	
 281	 288	  50	   3	 663	   3	   2	  19	  31	   5	  20	  50	  50	 636	754715	755378	   0	 280	
 282	 289	  20	   4	 655	   1	   2	  20	  31	   5	  20	  50	  50	 608	757283	757938	   0	 280	
 283	 290	  50	   1	 531	   3	   1	  20	  31	   6	  20	  50	  50	 327	759567	760098	   0	 290	
 284	 291	  50	   4	 632	   2	   2	  20	  32	   6	  20	  50	  50	 414	761834	762466	   0	 290	
 285	 292	  50	   4	1033	   3	   2	  20	  32	   7	  20	  50	  50	 416	764201	765234	   0	 290	
 286	 293	  50	   3	1645	   2	   2	  20	  33	   7	  20	  50	  50	 322	766869	768514	   0	 290	
 287	 294	  50	   4	 627	   3	   2	  20	  33	   8	  20	  50	  50	 493	770303	770930	   0	 290	
 288	 295	  20	   4	 796	   1	   2	  21	  33	   8	  20	  50	  50	 615	772854	773650	   0	 290	
 289	 296	  20	   2	 786	   2	   1	  21	   1	   8	  20	  20	  50	 488	775455	776241	   2	 280	
 290	 297	  20	   3	1352	   1	   2	  22	   1	   8	  20	  20	  50	 535	778089	779441	   0	 280	
 291	 298	  20	   4	 731	   2	   2	  22	   2	   8	  20	  20	  50	 423	781190	781921	   0	 280	
 292	 299	  20	   4	1123	   1	   2	  23	   2	   8	  20	  20	  50	 531	783774	784897	   0	 280	
 293	 300	  20	   4	 586	   2	   2	  23	   3	   8	  20	  20	  50	 566	786775	787361	   0	 280	
 294	 301	  50	   1	 803	   3	   1	  23	   3	   9	  20	  20	  50	 674	789342	790145	   0	 290	
 295	 302	  20	   4	 592	   2	   2	  23	   4	   9	  20	  20	  50	 363	791809	792401	   0	 290	
 296	 303	  50	   1	 702	   3	   1	  23	   4	  10	  20	  20	  50	 530	794227	794929	   0	 300	
 297	 304	  20	   3	 733	   2	   2	  23	   5	  10	  20	  20	  50	 401	796644	797377	   0	 300	
 298	 305	  20	   2	 938	   1	   1	  24	   5	  10	  20	  20	  50	 408	799095	800033	   0	 290	
 299	 306	  50	   3	 640	   3	   2	  24	   5	  11	  20	  20	  50	 404	801745	802385	   0	 290	
 300	 307	  20	   4	 589	   1	   2	  25	   5	  11	  20	  20	  50	 490	804180	804769	   0	 290	
 301	 308	  50	   3	 960	   3	   2	  25	   5	  12	  20	  20	  50	 407	806497	807457	   0	 290	
 302	 309	  20	   4	1357	   1	   2	  26	   5	  12	  20	  20	  50	 583	809348	810705	   0	 290	
 303	 310	  50	   4	 607	   3	   2	  26	   5	  13	  20	  20	  50	 433	812449	813056	   0	 290	
 304	 311	  20	   4	 908	   1	   2	  27	   5	  13	  20	  20	  50	 563	814916	815824	   0	 290	
 305	 312	  50	   1	 574	   3	   1	  27	   5	  14	  20	  20	  50	 524	817650	818224	   0	 300	
 306	 313	  20	   4	 745	   2	   2	  27	   6	  14	  20	  20	  50	 638	820167	820912	   0	 300	
 307	 314	  50	   1	 497	   3	   1	  27	   6	  15	  20	  20	  50	 545	822751	823248	   0	 310	
 308	 315	  20	   4	1054	   2	   2	  27	   7	  15	  20	  20	  50	 660	825202	826256	   0	 310	
 309	 316	  20	   3	 696	   1	   2	  28	   7	  15	  20	  20	  50	 558	828120	828816	   0	 310	
 310	 317	  20	   4	 678	   2	   2	  28	   8	  15	  20	  20	  50	 447	830554	831232	   0	 310	
 311	 318	  50	   2	 600	   3	   1	  28	   8	  16	  20	  20	  50	 345	832888	833488	   0	 300	
 312	 319	  20	   3	 551	   2	   2	  28	   9	  16	  20	  20	  50	 498	835305	835856	   0	 300	
 313	 320	  20	   4	 656	   1	   2	  29	   9	  16	  20	  20	  50	 685	837856	838512	   0	 300	
 314	 321	  50	   2	 932	   3	   1	  29	   9	  17	  20	  20	  50	 339	840156	841088	   0	 290	
 315	 322	  20	   4	 388	   1	   2	  30	   9	  17	  20	  20	  50	 525	842924	843312	   0	 290	
 316	 323	  50	   1	 521	   3	   1	  30	   9	  18	  20	  20	  50	 567	845191	845712	   0	 300	
 317	 324	  20	   4	 833	   1	   2	  31	   9	  18	  20	  20	  50	 347	847359	848192	   0	 300	
 318	 325	  20	   4	 524	   2	   2	  31	  10	  18	  20	  20	  50	 333	849843	850367	   0	 300	
 319	 326	  20	   4	 772	   1	   2	  32	  10	  18	  20	  20	  50	 370	852043	852815	   0	 300	
 320	 327	  50	   2	 616	   3	   1	  32	  10	  19	  20	  20	  50	 605	854727	855343	   0	 290	
 321	 328	  20	   4	 460	   2	   2	  32	  11	  19	  20	  20	  50	 331	857011	857471	   0	 290	
 322	 329	  50	   2	 759	   3	   1	  32	  11	  20	  20	  20	  50	 342	859112	859871	   0	 280	
 323	 330	  20	   4	 660	   2	   2	  32	  12	  20	  20	  20	  50	 396	861563	862223	   0	 280	
 324	 331	  20	   3	 560	   1	   2	  33	  12	  20	  20	  20	  50	 529	864047	864607	   0	 280	
 325	 332	  20	   4	 856	   2	   2	  33	  13	  20	  20	  20	  50	 316	866231	867087	   0	 280	
 326	 333	  50	   2	 687	   3	   1	  33	  13	  21	  20	  20	  50	 448	868848	869535	   0	 270	
 327	 334	  20	   4	 640	   1	   2	  34	  13	  21	  20	  20	  50	 357	871199	871839	   0	 270	
 328	 335	  20	   4	 605	   2	   2	  34	  14	  21	  20	  20	  50	 526	873666	874271	   0	 270	
 329	 336	  50	   1	 657	   3	   1	  34	  14	  22	  20	  20	  50	 377	875950	876607	   0	 280	
 330	 337	  20	   2	 800	   1	   1	  35	  14	  22	  20	  20	  50	 462	878367	879167	   0	 270	
 331	 338	  20	   4	 515	   2	   2	  35	  15	  22	  20	  20	  50	 548	881052	881567	   0	 270	
 332	 339	  80	   3	1149	   1	   2	   1	  15	  22	  80	  20	  50	 694	883586	884735	   1	 270	
 333	 340	  20	   4	 637	   2	   2	   1	  16	  22	  80	  20	  50	 325	886370	887007	   0	 270	
 334	 341	  80	   3	 998	   1	   2	   2	  16	  22	  80	  20	  50	 609	888920	889918	   0	 270	
 335	 342	  50	   2	1050	   3	   1	   2	  16	  23	  80	  20	  50	 357	891588	892638	   0	 260	
 336	 343	  80	   1	 681	   1	   1	   3	  16	  23	  80	  20	  50	 455	894405	895086	   0	 270	
 337	 344	  20	   4	 585	   2	   2	   3	  17	  23	  80	  20	  50	 392	896789	897374	   0	 270	
 338	 345	  50	   1	 797	   3	   1	   3	  17	  24	  80	  20	  50	 373	899057	899854	   0	 280	
 339	 346	  20	   3	 624	   2	   2	   3	  18	  24	  80	  20	  50	 602	901774	902398	   0	 280	
 340	 347	  80	   3	 862	   1	   2	   4	  18	  24	  80	  20	  50	 499	904208	905070	   0	 280	
 341	 348	  20	   3	 638	   2	   2	   4	  19	  24	  80	  20	  50	 571	906976	907614	   0	 280	
 342	 349	  50	   3	 828	   3	   2	   4	  19	  25	  80	  20	  50	 500	909426	910254	   0	 280	
 343	 350	  80	   4	 461	   1	   2	   5	  19	  25	  80	  20	  50	 630	912177	912638	   0	 280	
 344	 351	  50	   4	 738	   3	   2	   5	  19	  26	  80	  20	  50	 513	914444	915182	   0	 280	
 345	 352	  80	   3	 391	   1	   2	   6	  19	  26	  80	  20	  50	 585	917079	917470	   0	 280	
 346	 353	  50	   1	1175	   3	   1	   6	  19	  27	  80	  20	  50	 304	919079	920254	   0	 290	
 347	 354	  80	   1	 449	   1	   1	   7	  19	  27	  80	  20	  50	 457	922013	922462	   0	 300	
 348	 355	  20	   4	 638	   2	   2	   7	  20	  27	  80	  20	  50	 685	924464	925102	   0	 300	
 349	 356	  80	   1	 677	   1	   1	   8	  20	  27	  80	  20	  50	 652	927065	927742	   0	 310	
 350	 357	  50	   3	1000	   3	   2	   8	  20	  28	  80	  20	  50	 330	929365	930365	   0	 310	
 351	 358	  20	   3	 456	   2	   2	   8	  21	  28	  80	  20	  50	 457	932149	932605	   0	 310	
 352	 359	  50	   4	 905	   3	   2	   8	  21	  29	  80	  20	  50	 588	934500	935405	   0	 310	
 353	 360	  20	   4	 969	   2	   2	   8	  22	  29	  80	  20	  50	 560	937268	938237	   0	 310	
 354	 361	  80	   2	 583	   1	   1	   9	  22	  29	  80	  20	  50	 580	940118	940701	   0	 300	
 355	 362	  20	   4	 596	   2	   2	   9	  23	  29	  80	  20	  50	 554	942569	943165	   0	 300	
 356	 363	  50	   2	1033	   3	   1	   9	  23	  30	  80	  20	  50	 376	944836	945869	   0	 290	
 357	 364	  80	   1	 394	   1	   1	  10	  23	  30	  80	  20	  50	 408	947587	947981	   0	 300	
 358	 365	  50	   4	1000	   3	   2	  10	  23	  31	  80	  20	  50	 344	949621	950621	   0	 300	
 359	 366	  20	   4	 495	   2	   2	  10	  24	  31	  80	  20	  50	 681	952622	953117	   0	 300	
 360	 367	  50	   4	 648	   3	   2	  10	  24	  32	  80	  20	  50	 367	954789	955437	   0	 300	
 361	 368	  20	   4	 630	   2	   2	  10	  25	  32	  80	  20	  50	 441	957207	957837	   0	 300	
 362	 369	  80	   1	 557	   1	   1	  11	  25	  32	  80	  20	  50	 691	959824	960381	   0	 310	
 363	 370	  50	   3	 718	   3	   2	  11	  25	  33	  80	  20	  50	 481	962175	962893	   0	 310	
 364	 371	  20	   2	 415	   2	   1	  11	  26	  33	  80	  20	  50	 336	964542	964957	   0	 300	
 365	 372	  70	   3	 913	   3	   2	  11	  26	   1	  80	  20	  70	 539	966843	967756	   3	 300	
 366	 373	  80	   1	 776	   1	   1	  12	  26	   1	  80	  20	  70	 408	969460	970236	   0	 310	
 367	 374	  70	   2	1108	   3	   1	  12	  26	   2	  80	  20	  70	 402	971944	973052	   0	 300	
 368	 375	  80	   1	 661	   1	   1	  13	  26	   2	  80	  20	  70	 335	974695	975356	   0	 310	
 369	 376	  70	   4	 411	   3	   2	  13	  26	   3	  80	  20	  70	 669	977329	977740	   0	 310	
 370	 377	  20	   3	 663	   2	   2	  13	  27	   3	  80	  20	  70	 373	979413	980076	   0	 310	
 371	 378	  80	   1	 788	   1	   1	  14	  27	   3	  80	  20	  70	 496	981880	982668	   0	 320	
 372	 379	  70	   3	 462	   3	   2	  14	  27	   4	  80	  20	  70	 421	984398	984860	   0	 320	
 373	 380	  80	   3	1469	   1	   2	  15	  27	   4	  80	  20	  70	 656	986815	988284	   0	 320	
 374	 381	  70	   3	 737	   3	   2	  15	  27	   5	  80	  20	  70	 300	989899	990636	   0	 320	
 375	 382	  80	   1	 761	   1	   1	  16	  27	   5	  80	  20	  70	 541	992483	993244	   0	 330	
 376	 383	  20	   4	 705	   2	   2	  16	  28	   5	  80	  20	  70	 502	995051	995756	   0	 330	
 377	 384	  80	   1	 964	   1	   1	  17	  28	   5	  80	  20	  70	 306	997368	998332	   0	 340	
 378	 385	  70	   1	 635	   3	   1	  17	  28	   6	  80	  20	  70	 343	999969	1000604	   0	 350	
 379	 386	  80	   2	 620	   1	   1	  18	  28	   6	  80	  20	  70	 399	1002320	1002940	   0	 340	
 380	 387	  20	   4	 931	   2	   2	  18	  29	   6	  80	  20	  70	 666	1004920	1005851	   0	 340	
 381	 388	  70	   2	 488	   3	   1	  18	  29	   7	  80	  20	  70	 397	1007571	1008059	   0	 330	
 382	 389	  20	   4	 914	   2	   2	  18	  30	   7	  80	  20	  70	 343	1009705	1010619	   0	 330	
 383	 390	  70	   1	 551	   3	   1	  18	  30	   8	  80	  20	  70	 433	1012372	1012923	   0	 340	
 384	 391	  80	   2	 491	   1	   1	  19	  30	   8	  80	  20	  70	 411	1014640	1015131	   0	 330	
 385	 392	  70	   1	 727	   3	   1	  19	  30	   9	  80	  20	  70	 692	1017124	1017851	   0	 340	
 386	 393	  20	   4	 635	   2	   2	  19	  31	   9	  80	  20	  70	 661	1019808	1020443	   0	 340	
 387	 394	  70	   1	 621	   3	   1	  19	  31	  10	  80	  20	  70	 384	1022142	1022763	   0	 350	
 388	 395	  20	   4	 712	   2	   2	  19	  32	  10	  80	  20	  70	 571	1024643	1025355	   0	 350	
 389	 396	  70	   2	 551	   3	   1	  19	  32	  11	  80	  20	  70	 403	1027060	1027611	   0	 340	
 390	 397	  80	   1	 465	   1	   1	  20	  32	  11	  80	  20	  70	 669	1029594	1030059	   0	 350	
 391	 398	  70	   1	 627	   3	   1	  20	  32	  12	  80	  20	  70	 542	1031928	1032555	   0	 360	
 392	 399	  20	   3	 336	   2	   2	  20	  33	  12	  80	  20	  70	 536	1034395	1034731	   0	 360	
 393	 400	  80	   4	 641	   1	   2	  21	  33	  12	  80	  20	  70	 303	1036346	1036987	   0	 360	
 394	 401	  20	   4	1039	   2	   2	  21	  34	  12	  80	  20	  70	 494	1038780	1039819	   0	 360	
 395	 402	  80	   1	 515	   1	   1	  22	  34	  12	  80	  20	  70	 333	1041464	1041979	   0	 370	
 396	 403	  20	   4	 619	   2	   2	  22	  35	  12	  80	  20	  70	 324	1043615	1044234	   0	 370	
 397	 404	  80	   1	 491	   1	   1	  23	  35	  12	  80	  20	  70	 466	1046015	1046506	   0	 380	
 398	 405	  80	   3	 892	   2	   2	  23	   1	  12	  80	  80	  70	 526	1048366	1049258	   2	 380	
 399	 406	  80	   1	1031	   1	   1	  24	   1	  12	  80	  80	  70	 302	1050867	1051898	   0	 390	
 400	 407	  80	   3	 656	   2	   2	  24	   2	  12	  80	  80	  70	 598	1053818	1054474	   0	 390	
 401	 408	  80	   1	 632	   1	   1	  25	   2	  12	  80	  80	  70	 614	1056402	1057034	   0	 400	
 402	 409	  80	   3	 495	   2	   2	  25	   3	  12	  80	  80	  70	 669	1059019	1059514	   0	 400	
 403	 410	  80	   1	 527	   1	   1	  26	   3	  12	  80	  80	  70	 592	1061403	1061930	   0	 410	
 404	 411	  80	   2	 433	   2	   1	  26	   4	  12	  80	  80	  70	 485	1063721	1064154	   0	 400	
 405	 412	  80	   2	 560	   1	   1	  27	   4	  12	  80	  80	  70	 673	1066138	1066698	   0	 390	
 406	 413	  80	   1	 396	   2	   1	  27	   5	  12	  80	  80	  70	 627	1068622	1069018	   0	 400	
 407	 414	  80	   1	 391	   1	   1	  28	   5	  12	  80	  80	  70	 407	1070723	1071114	   0	 410	
 408	 415	  80	   1	 406	   2	   1	  28	   6	  12	  80	  80	  70	 322	1072740	1073146	   0	 420	
 409	 416	  80	   1	 372	   1	   1	  29	   6	  12	  80	  80	  70	 347	1074790	1075162	   0	 430	
 410	 417	  70	   1	 873	   3	   1	  29	   6	  13	  80	  80	  70	 567	1077041	1077914	   0	 440	
 411	 418	  80	   1	1262	   2	   1	  29	   7	  13	  80	  80	  70	 473	1079708	1080970	   0	 450	
 412	 419	  80	   3	 881	   1	   2	  30	   7	  13	  80	  80	  70	 504	1082776	1083657	   0	 450	
 413	 420	  80	   3	 642	   2	   2	  30	   8	  13	  80	  80	  70	 573	1085543	1086185	   0	 450	
 414	 421	  70	   2	 347	   3	   1	  30	   8	  14	  80	  80	  70	 604	1088094	1088441	   0	 440	
 415	 422	  80	   4	 901	   2	   2	  30	   9	  14	  80	  80	  70	 465	1090228	1091129	   0	 440	
 416	 423	  30	   4	 905	   1	   2	   1	   9	  14	  30	  80	  70	 441	1092912	1093817	   1	 440	
 417	 424	  70	   1	 761	   3	   1	   1	   9	  15	  30	  80	  70	 565	1095696	1096457	   0	 450	
 418	 425	  80	   1	 775	   2	   1	   1	  10	  15	  30	  80	  70	 358	1098114	1098889	   0	 460	
 419	 426	  30	   3	 661	   1	   2	   2	  10	  15	  30	  80	  70	 375	1100564	1101225	   0	 460	
 420	 427	  70	   1	 665	   3	   1	   2	  10	  16	  30	  80	  70	 307	1102832	1103497	   0	 470	
 421	 428	  80	   2	 395	   2	   1	   2	  11	  16	  30	  80	  70	 340	1105166	1105561	   0	 460	
 422	 429	  30	   3	 521	   1	   2	   3	  11	  16	  30	  80	  70	 354	1107216	1107737	   0	 460	
 423	 430	  70	   2	 782	   3	   1	   3	  11	  17	  30	  80	  70	 427	1109467	1110249	   0	 450	
 424	 431	  80	   1	 675	   2	   1	   3	  12	  17	  30	  80	  70	 548	1112118	1112793	   0	 460	
 425	 432	  70	   1	 653	   3	   1	   3	  12	  18	  30	  80	  70	 552	1114652	1115305	   0	 470	
 426	 433	  80	   1	 674	   2	   1	   3	  13	  18	  30	  80	  70	 308	1116919	1117593	   0	 480	
 427	 434	  70	   1	 523	   3	   1	   3	  13	  19	  30	  80	  70	 571	1119470	1119993	   0	 490	
 428	 435	  80	   1	 546	   2	   1	   3	  14	  19	  30	  80	  70	 353	1121654	1122200	   0	 500	
 429	 436	  70	   1	 386	   3	   1	   3	  14	  20	  30	  80	  70	 538	1124038	1124424	   0	 510	
 430	 437	  30	   4	 570	   1	   2	   4	  14	  20	  30	  80	  70	 508	1126238	1126808	   0	 510	
 431	 438	  70	   3	 462	   3	   2	   4	  14	  21	  30	  80	  70	 381	1128522	1128984	   0	 510	
 432	 439	  30	   4	 412	   1	   2	   5	  14	  21	  30	  80	  70	 664	1130940	1131352	   0	 510	
 433	 440	  70	   4	 494	   3	   2	   5	  14	  22	  30	  80	  70	 622	1133274	1133768	   0	 510	
 434	 441	  80	   3	 628	   2	   2	   5	  15	  22	  30	  80	  70	 456	1135524	1136152	   0	 510	
 435	 442	  70	   4	 667	   3	   2	   5	  15	  23	  30	  80	  70	 668	1138125	1138792	   0	 510	
 436	 443	  30	   4	 686	   1	   2	   6	  15	  23	  30	  80	  70	 324	1140426	1141112	   0	 510	
 437	 444	  80	   1	 587	   2	   1	   6	  16	  23	  30	  80	  70	 467	1142893	1143480	   0	 520	
 438	 445	  30	   3	 603	   1	   2	   7	  16	  23	  30	  80	  70	 466	1145261	1145864	   0	 520	
 439	 446	  80	   1	 600	   2	   1	   7	  17	  23	  30	  80	  70	 548	1147728	1148328	   0	 530	
 440	 447	  30	   4	 753	   1	   2	   8	  17	  23	  30	  80	  70	 663	1150295	1151048	   0	 530	
 441	 448	  80	   2	 560	   2	   1	   8	  18	  23	  30	  80	  70	 326	1152696	1153256	   0	 520	
 442	 449	  30	   2	 533	   1	   1	   9	  18	  23	  30	  80	  70	 400	1154963	1155496	   0	 510	
 443	 450	  70	   1	 661	   3	   1	   9	  18	  24	  30	  80	  70	 524	1157331	1157992	   0	 520	
 444	 451	  30	   4	 696	   1	   2	  10	  18	  24	  30	  80	  70	 339	1159631	1160327	   0	 520	
 445	 452	  80	   1	 648	   2	   1	  10	  19	  24	  30	  80	  70	 385	1162015	1162663	   0	 530	
 446	 453	  70	   1	 954	   3	   1	  10	  19	  25	  30	  80	  70	 348	1164333	1165287	   0	 540	
 447	 454	  80	   3	 958	   2	   2	  10	  20	  25	  30	  80	  70	 415	1167017	1167975	   0	 540	
 448	 455	  30	   3	 630	   1	   2	  11	  20	  25	  30	  80	  70	 315	1169601	1170231	   0	 540	
 449	 456	  80	   1	 754	   2	   1	  11	  21	  25	  30	  80	  70	 544	1172085	1172839	   0	 550	
 450	 457	  70	   1	 718	   3	   1	  11	  21	  26	  30	  80	  70	 430	1174569	1175287	   0	 560	
 451	 458	  30	   4	 464	   1	   2	  12	  21	  26	  30	  80	  70	 688	1177303	1177767	   0	 560	
 452	 459	  70	   1	 635	   3	   1	  12	  21	  27	  30	  80	  70	 340	1179420	1180055	   0	 570	
 453	 460	  30	   4	 613	   1	   2	  13	  21	  27	  30	  80	  70	 593	1181954	1182567	   0	 570	
 454	 461	  80	   1	 563	   2	   1	  13	  22	  27	  30	  80	  70	 523	1184388	1184951	   0	 580	
 455	 462	  70	   2	 626	   3	   1	  13	  22	  28	  30	  80	  70	 542	1186789	1187415	   0	 570	
 456	 463	  30	   3	 535	   1	   2	  14	  22	  28	  30	  80	  70	 345	1189056	1189591	   0	 570	
 457	 464	  80	   1	 578	   2	   1	  14	  23	  28	  30	  80	  70	 657	1191557	1192135	   0	 580	
 458	 465	  30	   4	 452	   1	   2	  15	  23	  28	  30	  80	  70	 459	1193891	1194343	   0	 580	
 459	 466	  70	   1	 724	   3	   1	  15	  23	  29	  30	  80	  70	 601	1196258	1196982	   0	 590	
 460	 467	  80	   1	 598	   2	   1	  15	  24	  29	  30	  80	  70	 312	1198592	1199190	   0	 600	
 461	 468	  70	   1	 609	   3	   1	  15	  24	  30	  30	  80	  70	 575	1201093	1201702	   0	 610	
 462	 469	  30	   4	 603	   1	   2	  16	  24	  30	  30	  80	  70	 621	1203627	1204230	   0	 610	
 463	 470	  80	   4	 502	   2	   2	  16	  25	  30	  30	  80	  70	 588	1206128	1206630	   0	 610	
 464	 471	  30	   3	 529	   1	   2	  17	  25	  30	  30	  80	  70	 697	1208629	1209158	   0	 610	
 465	 472	  70	   1	 561	   3	   1	  17	  25	  31	  30	  80	  70	 566	1211029	1211590	   0	 620	
 466	 473	  30	   2	 537	   1	   1	  18	  25	  31	  30	  80	  70	 300	1213197	1213734	   0	 610	
 467	 474	  80	   1	 642	   2	   1	  18	  26	  31	  30	  80	  70	 319	1215364	1216006	   0	 620	
 468	 475	  30	   4	1043	   1	   2	  19	  26	  31	  30	  80	  70	 413	1217715	1218758	   0	 620	
 469	 476	  70	   1	 909	   3	   1	  19	  26	  32	  30	  80	  70	 585	1220649	1221558	   0	 630	
 470	 477	  80	   1	 630	   2	   1	  19	  27	  32	  30	  80	  70	 331	1223200	1223830	   0	 640	
 471	 478	  70	   1	 674	   3	   1	  19	  27	  33	  30	  80	  70	 543	1225700	1226374	   0	 650	
 472	 479	  80	   1	 464	   2	   1	  19	  28	  33	  30	  80	  70	 441	1228118	1228582	   0	 660	
 473	 480	  30	   4	 495	   1	   2	  20	  28	  33	  30	  80	  70	 640	1230535	1231030	   0	 660	
 474	 481	  70	   4	 356	   3	   2	  20	  28	  34	  30	  80	  70	 461	1232786	1233142	   0	 660	
 475	 482	  80	   4	 405	   2	   2	  20	  29	  34	  30	  80	  70	 301	1234753	1235158	   0	 660	
 476	 483	  70	   3	 558	   3	   2	  20	  29	  35	  30	  80	  70	 415	1236887	1237445	   0	 660	
 477	 484	  80	   1	 401	   2	   1	  20	  30	  35	  30	  80	  70	 452	1239204	1239605	   0	 670	
 478	 485	  30	   4	 567	   1	   2	  21	  30	  35	  30	  80	  70	 529	1241438	1242005	   0	 670	
 479	 486	  20	   3	 856	   2	   2	  21	   1	  35	  30	  20	  70	 452	1243789	1244645	   2	 670	
 480	 487	  50	   4	 905	   3	   2	  21	   1	   1	  30	  20	  50	 549	1246540	1247445	   3	 670	
 481	 488	  20	   4	 851	   2	   2	  21	   2	   1	  30	  20	  50	 321	1249090	1249941	   0	 670	
 482	 489	  30	   3	1033	   1	   2	  22	   2	   1	  30	  20	  50	 466	1251724	1252757	   0	 670	
 483	 490	  50	   3	 766	   3	   2	  22	   2	   2	  30	  20	  50	 695	1254759	1255525	   0	 670	
 484	 491	  30	   3	 594	   1	   2	  23	   2	   2	  30	  20	  50	 615	1257459	1258053	   0	 670	
 485	 492	  50	   4	 572	   3	   2	  23	   2	   3	  30	  20	  50	 642	1259993	1260565	   0	 670	
 486	 493	  20	   4	1052	   2	   2	  23	   3	   3	  30	  20	  50	 507	1262377	1263429	   0	 670	
 487	 494	  50	   4	 881	   3	   2	  23	   3	   4	  30	  20	  50	 682	1265428	1266309	   0	 670	
 488	 495	  30	   4	 600	   1	   2	  24	   3	   4	  30	  20	  50	 399	1268029	1268629	   0	 670	
 489	 496	  20	   3	 871	   2	   2	  24	   4	   4	  30	  20	  50	 505	1270446	1271317	   0	 670	
 490	 497	  50	   3	 882	   3	   2	  24	   4	   5	  30	  20	  50	 694	1273314	1274196	   0	 670	
 491	 498	  30	   4	 563	   1	   2	  25	   4	   5	  30	  20	  50	 538	1276065	1276628	   0	 670	
 492	 499	  50	   3	1186	   3	   2	  25	   4	   6	  30	  20	  50	 531	1278482	1279668	   0	 670	
 493	 500	  30	   4	 690	   1	   2	  26	   4	   6	  30	  20	  50	 676	1281650	1282340	   0	 670	
 494	 501	  50	   3	 708	   3	   2	  26	   4	   7	  30	  20	  50	 363	1284000	1284708	   0	 670	
 495	 502	  20	   2	 853	   2	   1	  26	   5	   7	  30	  20	  50	 340	1286351	1287204	   0	 660	
 496	 503	  30	   4	 632	   1	   2	  27	   5	   7	  30	  20	  50	 564	1289068	1289700	   0	 660	
 497	 504	  50	   1	 546	   3	   1	  27	   5	   8	  30	  20	  50	 590	1291602	1292148	   0	 670	
 498	 505	  30	   3	 666	   1	   2	  28	   5	   8	  30	  20	  50	 315	1293770	1294436	   0	 670	
 499	 506	  20	   2	 780	   2	   1	  28	   6	   8	  30	  20	  50	 364	1296104	1296884	   0	 660	
 500	 507	  50	   2	 668	   3	   1	  28	   6	   9	  30	  20	  50	 307	1298488	1299156	   0	 650	
 501	 508	  20	   2	 860	   2	   1	  28	   7	   9	  30	  20	  50	 393	1300872	1301732	   0	 640	
 502	 509	  50	   4	 593	   3	   2	  28	   7	  10	  30	  20	  50	 508	1303539	1304132	   0	 640	
 503	 510	  30	   4	 523	   1	   2	  29	   7	  10	  30	  20	  50	 638	1306073	1306596	   0	 640	
 504	 511	  50	   1	 425	   3	   1	  29	   7	  11	  30	  20	  50	 611	1308507	1308932	   0	 650	
 505	 512	  30	   4	 771	   1	   2	  30	   7	  11	  30	  20	  50	 384	1310625	1311396	   0	 650	
 506	 513	  20	   2	 806	   2	   1	  30	   8	  11	  30	  20	  50	 613	1313309	1314115	   0	 640	
 507	 514	  30	   4	 796	   1	   2	  31	   8	  11	  30	  20	  50	 515	1315943	1316739	   0	 640	
 508	 515	  50	   2	 566	   3	   1	  31	   8	  12	  30	  20	  50	 435	1318477	1319043	   0	 630	
 509	 516	  30	   4	 920	   1	   2	  32	   8	  12	  30	  20	  50	 468	1320827	1321747	   0	 630	
 510	 517	  20	   2	 567	   2	   1	  32	   9	  12	  30	  20	  50	 576	1323628	1324195	   0	 620	
 511	 518	  50	   1	 902	   3	   1	  32	   9	  13	  30	  20	  50	 498	1326029	1326931	   0	 630	
 512	 519	  20	   2	 947	   2	   1	  32	  10	  13	  30	  20	  50	 664	1328896	1329843	   0	 620	
 513	 520	  30	   4	 540	   1	   2	  33	  10	  13	  30	  20	  50	 685	1331831	1332371	   0	 620	
 514	 521	  20	   4	 578	   2	   2	  33	  11	  13	  30	  20	  50	 414	1334081	1334659	   0	 620	
 515	 522	  50	   1	 992	   3	   1	  33	  11	  14	  30	  20	  50	 534	1336499	1337491	   0	 630	
 516	 523	  80	   4	 866	   1	   2	   1	  11	  14	  80	  20	  50	 435	1339249	1340115	   1	 630	
 517	 524	  50	   4	 777	   3	   2	   1	  11	  15	  80	  20	  50	 424	1341850	1342627	   0	 630	
 518	 525	  80	   3	 943	   1	   2	   2	  11	  15	  80	  20	  50	 550	1344484	1345427	   0	 630	
 519	 526	  50	   4	 889	   3	   2	   2	  11	  16	  80	  20	  50	 671	1347402	1348291	   0	 630	
 520	 527	  80	   1	1077	   1	   1	   3	  11	  16	  80	  20	  50	 309	1349902	1350979	   0	 640	
 521	 528	  50	   3	 588	   3	   2	   3	  11	  17	  80	  20	  50	 575	1352870	1353458	   0	 640	
 522	 529	  80	   2	 684	   1	   1	   4	  11	  17	  80	  20	  50	 489	1355254	1355938	   0	 630	
 523	 530	  50	   4	 835	   3	   2	   4	  11	  18	  80	  20	  50	 608	1357855	1358690	   0	 630	
 524	 531	  80	   1	 864	   1	   1	   5	  11	  18	  80	  20	  50	 318	1360322	1361186	   0	 640	
 525	 532	  50	   3	 729	   3	   2	   5	  11	  19	  80	  20	  50	 379	1362873	1363602	   0	 640	
 526	 533	  80	   3	 644	   1	   2	   6	  11	  19	  80	  20	  50	 466	1365374	1366018	   0	 640	
 527	 534	  20	   4	1106	   2	   2	   6	  12	  19	  80	  20	  50	 503	1367824	1368930	   0	 640	
 528	 535	  50	   4	 790	   3	   2	   6	  12	  20	  80	  20	  50	 668	1370908	1371698	   0	 640	
 529	 536	  20	   4	 709	   2	   2	   6	  13	  20	  80	  20	  50	 686	1373693	1374402	   0	 640	
 530	 537	  80	   1	 719	   1	   1	   7	  13	  20	  80	  20	  50	 522	1376227	1376946	   0	 650	
 531	 538	  50	   4	 583	   3	   2	   7	  13	  21	  80	  20	  50	 551	1378827	1379410	   0	 650	
 532	 539	  20	   3	 396	   2	   2	   7	  14	  21	  80	  20	  50	 355	1381078	1381474	   0	 650	
 533	 540	  50	   4	 665	   3	   2	   7	  14	  22	  80	  20	  50	 378	1383145	1383810	   0	 650	
 534	 541	  20	   4	 448	   2	   2	   7	  15	  22	  80	  20	  50	 616	1385746	1386194	   0	 650	
 535	 542	  50	   3	 752	   3	   2	   7	  15	  23	  80	  20	  50	 611	1388113	1388865	   0	 650	
 536	 543	  20	   3	 782	   2	   2	   7	  16	  23	  80	  20	  50	 358	1390531	1391313	   0	 650	
 537	 544	  80	   1	 624	   1	   1	   8	  16	  23	  80	  20	  50	 634	1393265	1393889	   0	 660	
 538	 545	  20	   4	 698	   2	   2	   8	  17	  23	  80	  20	  50	 603	1395799	1396497	   0	 660	
 539	 546	  50	   3	 618	   3	   2	   8	  17	  24	  80	  20	  50	 368	1398183	1398801	   0	 660	
 540	 547	  20	   4	 670	   2	   2	   8	  18	  24	  80	  20	  50	 356	1400467	1401137	   0	 660	
 541	 548	  80	   1	 493	   1	   1	   9	  18	  24	  80	  20	  50	 404	1402868	1403361	   0	 670	
 542	 549	  50	   3	 631	   3	   2	   9	  18	  25	  80	  20	  50	 341	1405002	1405633	   0	 670	
 543	 550	  20	   4	 505	   2	   2	   9	  19	  25	  80	  20	  50	 409	1407352	1407857	   0	 670	
 544	 551	  80	   1	 595	   1	   1	  10	  19	  25	  80	  20	  50	 321	1409486	1410081	   0	 680	
 545	 552	  20	   2	 985	   2	   1	  10	  20	  25	  80	  20	  50	 319	1411704	1412689	   0	 670	
 546	 553	  80	   1	 569	   1	   1	  11	  20	  25	  80	  20	  50	 486	1414488	1415057	   0	 680	
 547	 554	  50	   3	 642	   3	   2	  11	  20	  26	  80	  20	  50	 696	1417055	1417697	   0	 680	
 548	 555	  20	   4	 427	   2	   2	  11	  21	  26	  80	  20	  50	 621	1419622	1420049	   0	 680	
 549	 556	  50	   4	 535	   3	   2	  11	  21	  27	  80	  20	  50	 334	1421690	1422225	   0	 680	
 550	 557	  80	   1	 740	   1	   1	  12	  21	  27	  80	  20	  50	 619	1424157	1424897	   0	 690	
 551	 558	  50	   4	 544	   3	   2	  12	  21	  28	  80	  20	  50	 419	1426641	1427185	   0	 690	
 552	 559	  80	   3	 550	   1	   2	  13	  21	  28	  80	  20	  50	 367	1428858	1429408	   0	 690	
 553	 560	  50	   3	 416	   3	   2	  13	  21	  29	  80	  20	  50	 664	1431376	1431792	   0	 690	
 554	 561	  80	   4	 368	   1	   2	  14	  21	  29	  80	  20	  50	 652	1433760	1434128	   0	 690	
 555	 562	  20	   3	 891	   2	   2	  14	  22	  29	  80	  20	  50	 447	1435877	1436768	   0	 690	
 556	 563	  50	   4	 625	   3	   2	  14	  22	  30	  80	  20	  50	 427	1438495	1439120	   0	 690	
 557	 564	  20	   4	 669	   2	   2	  14	  23	  30	  80	  20	  50	 559	1440979	1441648	   0	 690	
 558	 565	  80	   1	 456	   1	   1	  15	  23	  30	  80	  20	  50	 537	1443496	1443952	   0	 700	
 559	 566	  20	   4	 499	   2	   2	  15	  24	  30	  80	  20	  50	 360	1445613	1446112	   0	 700	
 560	 567	  80	   2	 664	   1	   1	  16	  24	  30	  80	  20	  50	 440	1447864	1448528	   0	 690	
 561	 568	  50	   3	 563	   3	   2	  16	  24	  31	  80	  20	  50	 527	1450381	1450944	   0	 690	
 562	 569	  20	   4	 647	   2	   2	  16	  25	  31	  80	  20	  50	 407	1452649	1453296	   0	 690	
 563	 570	  80	   1	 541	   1	   1	  17	  25	  31	  80	  20	  50	 668	1455283	1455824	   0	 700	
 564	 571	  20	   4	 662	   2	   2	  17	  26	  31	  80	  20	  50	 329	1457450	1458112	   0	 700	
 565	 572	  80	   1	 835	   1	   1	  18	  26	  31	  80	  20	  50	 494	1459901	1460736	   0	 710	
 566	 573	  50	   4	 641	   3	   2	  18	  26	  32	  80	  20	  50	 693	1462735	1463376	   0	 710	
 567	 574	  20	   4	 671	   2	   2	  18	  27	  32	  80	  20	  50	 509	1465185	1465856	   0	 710	
 568	 575	  50	   4	 481	   3	   2	  18	  27	  33	  80	  20	  50	 329	1467486	1467967	   0	 710	
 569	 576	  20	   3	 644	   2	   2	  18	  28	  33	  80	  20	  50	 530	1469803	1470447	   0	 710	
 570	 577	  80	   1	 562	   1	   1	  19	  28	  33	  80	  20	  50	 470	1472221	1472783	   0	 720	
 571	 578	  20	   4	 618	   2	   2	  19	  29	  33	  80	  20	  50	 328	1474421	1475039	   0	 720	
 572	 579	  30	   4	 959	   3	   2	  19	  29	   1	  80	  20	  30	 673	1477056	1478015	   3	 720	
 573	 580	  20	   4	 647	   2	   2	  19	  30	   1	  80	  20	  30	 339	1479656	1480303	   0	 720	
 574	 581	  80	   1	 765	   1	   1	  20	  30	   1	  80	  20	  30	 667	1482274	1483039	   0	 730	
 575	 582	  20	   4	 653	   2	   2	  20	  31	   1	  80	  20	  30	 326	1484674	1485327	   0	 730	
 576	 583	  30	   4	 723	   3	   2	  20	  31	   2	  80	  20	  30	 654	1487292	1488015	   0	 730	
 577	 584	  20	   4	 448	   2	   2	  20	  32	   2	  80	  20	  30	 431	1489759	1490207	   0	 730	
 578	 585	  30	   4	 495	   3	   2	  20	  32	   3	  80	  20	  30	 636	1492160	1492655	   0	 730	
 579	 586	  80	   1	 624	   1	   1	  21	  32	   3	  80	  20	  30	 551	1494511	1495135	   0	 740	
 580	 587	  30	   4	 438	   3	   2	  21	  32	   4	  80	  20	  30	 698	1497145	1497583	   0	 740	
 581	 588	  80	   2	 723	   1	   1	  22	  32	   4	  80	  20	  30	 305	1499212	1499935	   0	 730	
 582	 589	  20	   4	 431	   2	   2	  22	  33	   4	  80	  20	  30	 462	1501696	1502127	   0	 730	
 583	 590	  30	   3	 493	   3	   2	  22	  33	   5	  80	  20	  30	 693	1504130	1504623	   0	 730	
 584	 591	  80	   1	 481	   1	   1	  23	  33	   5	  80	  20	  30	 457	1506381	1506862	   0	 740	
 585	 592	  20	   4	 397	   2	   2	  23	  34	   5	  80	  20	  30	 309	1508481	1508878	   0	 740	
 586	 593	  80	   1	 600	   1	   1	  24	  34	   5	  80	  20	  30	 411	1510598	1511198	   0	 750	
 587	 594	  20	   4	 397	   2	   2	  24	  35	   5	  80	  20	  30	 331	1512849	1513246	   0	 750	
 588	 595	  80	   1	 761	   1	   1	  25	  35	   5	  80	  20	  30	 367	1514933	1515694	   0	 760	
 589	 596	  30	   4	 304	   3	   2	  25	  35	   6	  80	  20	  30	 547	1517534	1517838	   0	 760	
 590	 597	  80	   1	 768	   1	   1	  26	  35	   6	  80	  20	  30	 383	1519534	1520302	   0	 770	
 591	 598	  70	   3	 814	   2	   2	  26	   1	   6	  80	  70	  30	 688	1522352	1523166	   2	 770	
 592	 599	  80	   1	 923	   1	   1	  27	   1	   6	  80	  70	  30	 336	1524819	1525742	   0	 780	
 593	 600	  30	   3	 543	   3	   2	  27	   1	   7	  80	  70	  30	 459	1527503	1528046	   0	 780	
 594	 601	  80	   2	 679	   1	   1	  28	   1	   7	  80	  70	  30	 336	1529687	1530366	   0	 770	
 595	 602	  70	   3	 351	   2	   2	  28	   2	   7	  80	  70	  30	 609	1532271	1532622	   0	 770	
 596	 603	  30	   4	 592	   3	   2	  28	   2	   8	  80	  70	  30	 683	1534622	1535214	   0	 770	
 597	 604	  70	   1	 521	   2	   1	  28	   3	   8	  80	  70	  30	 677	1537189	1537710	   0	 780	
 598	 605	  30	   4	 621	   3	   2	  28	   3	   9	  80	  70	  30	 433	1539457	1540078	   0	 780	
 599	 606	  70	   1	 663	   2	   1	  28	   4	   9	  80	  70	  30	 583	1541974	1542637	   0	 790	
 600	 607	  30	   3	 520	   3	   2	  28	   4	  10	  80	  70	  30	 381	1544325	1544845	   0	 790	
 601	 608	  70	   2	 677	   2	   1	  28	   5	  10	  80	  70	  30	 628	1546792	1547469	   0	 780	
 602	 609	  30	   4	 552	   3	   2	  28	   5	  11	  80	  70	  30	 321	1549093	1549645	   0	 780	
 603	 610	  80	   1	 419	   1	   1	  29	   5	  11	  80	  70	  30	 644	1551594	1552013	   0	 790	
 604	 611	  70	   1	 407	   2	   1	  29	   6	  11	  80	  70	  30	 567	1553894	1554301	   0	 800	
 605	 612	  30	   4	 639	   3	   2	  29	   6	  12	  80	  70	  30	 454	1556062	1556701	   0	 800	
 606	 613	  70	   2	 507	   2	   1	  29	   7	  12	  80	  70	  30	 539	1558546	1559053	   0	 790	
 607	 614	  80	   1	 787	   1	   1	  30	   7	  12	  80	  70	  30	 389	1560746	1561533	   0	 800	
 608	 615	  70	   1	 603	   2	   1	  30	   8	  12	  80	  70	  30	 493	1563330	1563933	   0	 810	
 609	 616	  30	   4	 641	   3	   2	  30	   8	  13	  80	  70	  30	 315	1565564	1566205	   0	 810	
 610	 617	  50	   4	 619	   1	   2	   1	   8	  13	  50	  70	  30	 534	1568082	1568701	   1	 810	
 611	 618	  30	   4	 857	   3	   2	   1	   8	  14	  50	  70	  30	 475	1570516	1571373	   0	 810	
 612	 619	  70	   1	 708	   2	   1	   1	   9	  14	  50	  70	  30	 357	1573033	1573741	   0	 820	
 613	 620	  30	   3	 881	   3	   2	   1	   9	  15	  50	  70	  30	 437	1575484	1576365	   0	 820	
 614	 621	  70	   2	 564	   2	   1	   1	  10	  15	  50	  70	  30	 525	1578201	1578765	   0	 810	
 615	 622	  50	   4	 597	   1	   2	   2	  10	  15	  50	  70	  30	 453	1580519	1581116	   0	 810	
 616	 623	  70	   1	 706	   2	   1	   2	  11	  15	  50	  70	  30	 555	1582986	1583692	   0	 820	
 617	 624	  50	   4	 577	   1	   2	   3	  11	  15	  50	  70	  30	 409	1585403	1585980	   0	 820	
 618	 625	  30	   4	 718	   3	   2	   3	  11	  16	  50	  70	  30	 576	1587854	1588572	   0	 820	
 619	 626	  70	   1	 535	   2	   1	   3	  12	  16	  50	  70	  30	 544	1590421	1590956	   0	 830	
 620	 627	  50	   3	 680	   1	   2	   4	  12	  16	  50	  70	  30	 505	1592772	1593452	   0	 830	
 621	 628	  30	   4	 396	   3	   2	   4	  12	  17	  50	  70	  30	 683	1595456	1595852	   0	 830	
 622	 629	  50	   3	 557	   1	   2	   5	  12	  17	  50	  70	  30	 668	1597823	1598380	   0	 830	
 623	 630	  70	   1	 759	   2	   1	   5	  13	  17	  50	  70	  30	 661	1600341	1601100	   0	 840	
 624	 631	  30	   4	 556	   3	   2	   5	  13	  18	  50	  70	  30	 612	1603008	1603564	   0	 840	
 625	 632	  50	   4	 495	   1	   2	   6	  13	  18	  50	  70	  30	 437	1605309	1605804	   0	 840	
 626	 633	  70	   1	 592	   2	   1	   6	  14	  18	  50	  70	  30	 561	1607660	1608252	   0	 850	
 627	 634	  30	   3	 528	   3	   2	   6	  14	  19	  50	  70	  30	 491	1610044	1610572	   0	 850	
 628	 635	  50	   3	 480	   1	   2	   7	  14	  19	  50	  70	  30	 561	1612428	1612908	   0	 850	
 629	 636	  30	   3	 468	   3	   2	   7	  14	  20	  50	  70	  30	 517	1614728	1615196	   0	 850	
 630	 637	  50	   3	 430	   1	   2	   8	  14	  20	  50	  70	  30	 349	1616862	1617292	   0	 850	
 631	 638	  30	   3	 531	   3	   2	   8	  14	  21	  50	  70	  30	 487	1619096	1619627	   0	 850	
 632	 639	  70	   2	 730	   2	   1	   8	  15	  21	  50	  70	  30	 350	1621297	1622027	   0	 840	
 633	 640	  50	   3	 605	   1	   2	   9	  15	  21	  50	  70	  30	 674	1624014	1624619	   0	 840	
 634	 641	  70	   3	 498	   2	   2	   9	  16	  21	  50	  70	  30	 346	1626265	1626763	   0	 840	
 635	 642	  30	   4	 567	   3	   2	   9	  16	  22	  50	  70	  30	 449	1628532	1629099	   0	 840	
 636	 643	  50	   4	 661	   1	   2	  10	  16	  22	  50	  70	  30	 561	1630966	1631627	   0	 840	
 637	 644	  70	   1	 568	   2	   1	  10	  17	  22	  50	  70	  30	 333	1633267	1633835	   0	 850	
 638	 645	  30	   4	 523	   3	   2	  10	  17	  23	  50	  70	  30	 429	1635568	1636091	   0	 850	
 639	 646	  70	   1	 617	   2	   1	  10	  18	  23	  50	  70	  30	 613	1638002	1638619	   0	 860	
 640	 647	  50	   3	 568	   1	   2	  11	  18	  23	  50	  70	  30	 492	1640419	1640987	   0	 860	
 641	 648	  30	   4	 535	   3	   2	  11	  18	  24	  50	  70	  30	 529	1642836	1643371	   0	 860	
 642	 649	  50	   4	 637	   1	   2	  12	  18	  24	  50	  70	  30	 377	1645054	1645691	   0	 860	
 643	 650	  30	   4	 641	   3	   2	  12	  18	  25	  50	  70	  30	 360	1647354	1647995	   0	 860	
 644	 651	  70	   2	 627	   2	   1	  12	  19	  25	  50	  70	  30	 395	1649688	1650315	   0	 850	
 645	 652	  30	   4	 550	   3	   2	  12	  19	  26	  50	  70	  30	 365	1651989	1652539	   0	 850	
 646	 653	  50	   4	 611	   1	   2	  13	  19	  26	  50	  70	  30	 595	1654440	1655051	   0	 850	
 647	 654	  70	   2	 601	   2	   1	  13	  20	  26	  50	  70	  30	 343	1656690	1657291	   0	 840	
 648	 655	  50	   3	 543	   1	   2	  14	  20	  26	  50	  70	  30	 305	1658908	1659451	   0	 840	
 649	 656	  70	   2	 622	   2	   1	  14	  21	  26	  50	  70	  30	 551	1661308	1661930	   0	 830	
 650	 657	  30	   3	 526	   3	   2	  14	  21	  27	  50	  70	  30	 455	1663692	1664218	   0	 830	
 651	 658	  50	   3	 725	   1	   2	  15	  21	  27	  50	  70	  30	 361	1665893	1666618	   0	 830	
 652	 659	  30	   4	 544	   3	   2	  15	  21	  28	  50	  70	  30	 475	1668394	1668938	   0	 830	
 653	 660	  70	   1	 401	   2	   1	  15	  22	  28	  50	  70	  30	 517	1670761	1671162	   0	 840	
 654	 661	  30	   4	 634	   3	   2	  15	  22	  29	  50	  70	  30	 432	1672912	1673546	   0	 840	
 655	 662	  70	   1	 525	   2	   1	  15	  23	  29	  50	  70	  30	 365	1675229	1675754	   0	 850	
 656	 663	  30	   3	 457	   3	   2	  15	  23	  30	  50	  70	  30	 649	1677713	1678170	   0	 850	
 657	 664	  70	   1	 720	   2	   1	  15	  24	  30	  50	  70	  30	 440	1679914	1680634	   0	 860	
 658	 665	  50	   2	 355	   1	   1	  16	  24	  30	  50	  70	  30	 684	1682631	1682986	   0	 850	
 659	 666	  30	   2	 386	   3	   1	  16	  24	   1	  50	  70	  30	 333	1684632	1685018	   0	 840	
 660	 667	  70	   1	 438	   2	   1	  16	  25	   1	  50	  70	  30	 596	1686916	1687354	   0	 850	
 661	 668	  30	   4	 526	   3	   2	  16	  25	   2	  50	  70	  30	 423	1689100	1689626	   0	 850	
 662	 669	  50	   3	 667	   1	   2	  17	  25	   2	  50	  70	  30	 645	1691567	1692234	   0	 850	
 663	 670	  70	   1	 600	   2	   1	  17	  26	   2	  50	  70	  30	 481	1694034	1694634	   0	 860	
 664	 671	  50	   4	 461	   1	   2	  18	  26	   2	  50	  70	  30	 327	1696268	1696729	   0	 860	
 665	 672	  30	   4	 639	   3	   2	  18	  26	   3	  50	  70	  30	 567	1698602	1699241	   0	 860	
 666	 673	  70	   2	 596	   2	   1	  18	  27	   3	  50	  70	  30	 306	1700853	1701449	   0	 850	
 667	 674	  30	   2	 974	   3	   1	  18	  27	   4	  50	  70	  30	 635	1703387	1704361	   0	 840	
 668	 675	  50	   1	 782	   1	   1	  19	  27	   4	  50	  70	  30	 491	1706155	1706937	   0	 850	
 669	 676	  70	   1	 584	   2	   1	  19	  28	   4	  50	  70	  30	 447	1708689	1709273	   0	 860	
 670	 677	  30	   3	 663	   3	   2	  19	  28	   5	  50	  70	  30	 516	1711106	1711769	   0	 860	
 671	 678	  50	   4	1107	   1	   2	  20	  28	   5	  50	  70	  30	 505	1713590	1714697	   0	 860	
 672	 679	  70	   1	 690	   2	   1	  20	  29	   5	  50	  70	  30	 399	1716407	1717097	   0	 870	
 673	 680	  50	   3	 348	   1	   2	  21	  29	   5	  50	  70	  30	 527	1718925	1719273	   0	 870	
 674	 681	  30	   4	 960	   3	   2	  21	  29	   6	  50	  70	  30	 638	1721225	1722185	   0	 870	
 675	 682	  50	   3	 931	   1	   2	  22	  29	   6	  50	  70	  30	 417	1723910	1724841	   0	 870	
 676	 683	  30	   3	 620	   3	   2	  22	  29	   7	  50	  70	  30	 318	1726477	1727097	   0	 870	
 677	 684	  50	   3	 625	   1	   2	  23	  29	   7	  50	  70	  30	 339	1728744	1729369	   0	 870	
 678	 685	  70	   2	 615	   2	   1	  23	  30	   7	  50	  70	  30	 682	1731362	1731977	   0	 860	
 679	 686	  50	   4	 640	   1	   2	  24	  30	   7	  50	  70	  30	 637	1733929	1734569	   0	 860	
 680	 687	  70	   1	 789	   2	   1	  24	  31	   7	  50	  70	  30	 692	1736563	1737352	   0	 870	
 681	 688	  50	   4	 932	   1	   2	  25	  31	   7	  50	  70	  30	 697	1739364	1740296	   0	 870	
 682	 689	  30	   4	 630	   3	   2	  25	  31	   8	  50	  70	  30	 494	1742098	1742728	   0	 870	
 683	 690	  50	   4	 838	   1	   2	  26	  31	   8	  50	  70	  30	 463	1744482	1745320	   0	 870	
 684	 691	  30	   4	 747	   3	   2	  26	  31	   9	  50	  70	  30	 507	1747133	1747880	   0	 870	
 685	 692	  70	   1	 517	   2	   1	  26	  32	   9	  50	  70	  30	 476	1749667	1750184	   0	 880	
 686	 693	  30	   3	 628	   3	   2	  26	  32	  10	  50	  70	  30	 569	1752068	1752696	   0	 880	
 687	 694	  50	   2	 676	   1	   1	  27	  32	  10	  50	  70	  30	 469	1754468	1755144	   0	 870	
 688	 695	  70	   1	 678	   2	   1	  27	  33	  10	  50	  70	  30	 346	1756786	1757464	   0	 880	
 689	 696	  30	   4	 503	   3	   2	  27	  33	  11	  50	  70	  30	 390	1759153	1759656	   0	 880	
 690	 697	  50	   1	 654	   1	   1	  28	  33	  11	  50	  70	  30	 400	1761370	1762024	   0	 890	
 691	 698	  30	   4	 464	   3	   2	  28	  33	  12	  50	  70	  30	 331	1763688	1764152	   0	 890	
 692	 699	  50	   4	 534	   1	   2	  29	  33	  12	  50	  70	  30	 465	1765938	1766472	   0	 890	
 693	 700	  30	   4	 612	   3	   2	  29	  33	  13	  50	  70	  30	 596	1768372	1768984	   0	 890	
 694	 701	  70	   2	 648	   2	   1	  29	  34	  13	  50	  70	  30	 365	1770656	1771304	   0	 880	
 695	 702	  30	   4	 563	   3	   2	  29	  34	  14	  50	  70	  30	 542	1773157	1773720	   0	 880	
 696	 703	  50	   1	 650	   1	   1	  30	  34	  14	  50	  70	  30	 317	1775341	1775991	   0	 890	
 697	 704	  30	   3	 613	   3	   2	  30	  34	  15	  50	  70	  30	 556	1777858	1778471	   0	 890	
 698	 705	  50	   4	 798	   1	   2	  31	  34	  15	  50	  70	  30	 633	1780409	1781207	   0	 890	
 699	 706	  70	   1	 590	   2	   1	  31	  35	  15	  50	  70	  30	 660	1783177	1783767	   0	 900	
 700	 707	  50	   4	 681	   1	   2	  32	  35	  15	  50	  70	  30	 615	1785694	1786375	   0	 900	
 701	 708	  30	   4	 516	   3	   2	  32	  35	  16	  50	  70	  30	 495	1788195	1788711	   0	 900	
 702	 709	  50	   3	 482	   1	   2	  33	  35	  16	  50	  70	  30	 602	1790629	1791111	   0	 900	
 703	 710	  30	   4	 531	   3	   2	  33	  35	  17	  50	  70	  30	 573	1792996	1793527	   0	 900	
 704	 711	  70	   1	 638	   2	   1	  33	   1	  17	  50	  70	  30	 658	1795497	1796135	   0	 910	
 705	 712	  50	   4	 693	   1	   2	   1	   1	  17	  50	  70	  30	 679	1798114	1798807	   0	 910	
