Version: 1	Number of symbols: 3	Pictures exchange: true	Response Deadline: 2000
Trial_No	Virt_Trial_No	Prob_Shown	Feedback	RT	Stimulus_No	Resp	SymbolA_Stage	SymbolB_Stage	SymbolC_Stage	Prob_A	Prob_B	Prob_C	Jitter	StimOnset	RespOnset	Symbol_Changes	Bonus_sum
   1	   1	  30	   2	1281	   1	   1	   1	   0	   0	  30	  70	  50	 363	1549	2830	   0	 -10	
   2	   2	  50	   4	 678	   3	   2	   1	   0	   1	  30	  70	  50	 492	4616	5294	   0	 -10	
   3	   3	  30	   2	 687	   1	   1	   2	   0	   1	  30	  70	  50	 609	7199	7886	   0	 -20	
   4	   4	  50	   1	 518	   3	   1	   2	   0	   2	  30	  70	  50	 623	9816	10334	   0	 -10	
   5	   5	  70	   3	 484	   2	   2	   2	   1	   2	  30	  70	  50	 629	12266	12750	   0	 -10	
   6	   6	  30	   4	 717	   1	   2	   3	   1	   2	  30	  70	  50	 363	14416	15133	   0	 -10	
   7	   7	  50	   4	 333	   3	   2	   3	   1	   3	  30	  70	  50	 390	16832	17165	   0	 -10	
   8	   8	  70	   1	 865	   2	   1	   3	   2	   3	  30	  70	  50	 633	19116	19981	   0	   0	
   9	   9	  50	   4	 916	   3	   2	   3	   2	   4	  30	  70	  50	 565	21849	22765	   0	   0	
  10	  10	  30	   3	 265	   1	   2	   4	   2	   4	  30	  70	  50	 447	24516	24781	   0	   0	
  11	  11	  50	   3	 357	   3	   2	   4	   2	   5	  30	  70	  50	 514	26616	26973	   0	   0	
  12	  12	  70	   3	 554	   2	   2	   4	   3	   5	  30	  70	  50	 626	28899	29453	   0	   0	
  13	  13	  50	   4	 401	   3	   2	   4	   3	   6	  30	  70	  50	 380	31132	31533	   0	   0	
  14	  14	  70	   4	 376	   2	   2	   4	   4	   6	  30	  70	  50	 509	33349	33725	   0	   0	
  15	  15	  50	   3	 504	   3	   2	   4	   4	   7	  30	  70	  50	 338	35365	35869	   0	   0	
  16	  16	  30	   3	 446	   1	   2	   5	   4	   7	  30	  70	  50	 427	37599	38045	   0	   0	
  17	  17	  70	   2	 929	   2	   1	   5	   5	   7	  30	  70	  50	 584	39932	40861	   0	 -10	
  18	  18	  50	   3	 113	   3	   2	   5	   5	   8	  30	  70	  50	 576	42732	42845	   0	 -10	
  19	  19	  70	   1	 451	   2	   1	   5	   6	   8	  30	  70	  50	 533	44682	45133	   0	   0	
  20	  20	  30	   4	 233	   1	   2	   6	   6	   8	  30	  70	  50	 487	46932	47165	   0	   0	
  21	  21	  50	   4	  36	   3	   2	   6	   6	   9	  30	  70	  50	 593	49065	49101	   0	   0	
  22	  22	  30	   4	 281	   1	   2	   7	   6	   9	  30	  70	  50	 523	50932	51213	   0	   0	
  23	  23	  50	   3	 502	   3	   2	   7	   6	  10	  30	  70	  50	 510	53015	53517	   0	   0	
  24	  24	  30	   2	 512	   1	   1	   8	   6	  10	  30	  70	  50	 316	55148	55660	   0	 -10	
  25	  25	  70	   1	 393	   2	   1	   8	   7	  10	  30	  70	  50	 356	57315	57708	   0	   0	
  26	  26	  50	   3	 315	   3	   2	   8	   7	  11	  30	  70	  50	 654	59665	59980	   0	   0	
  27	  27	  30	   4	 291	   1	   2	   9	   7	  11	  30	  70	  50	 591	61881	62172	   0	   0	
  28	  28	  50	   4	 315	   3	   2	   9	   7	  12	  30	  70	  50	 583	64065	64380	   0	   0	
  29	  29	  70	   1	 420	   2	   1	   9	   8	  12	  30	  70	  50	 549	66248	66668	   0	  10	
  30	  30	  50	   1	 509	   3	   1	   9	   8	  13	  30	  70	  50	 460	68431	68940	   0	  20	
  31	  31	  70	   1	 457	   2	   1	   9	   9	  13	  30	  70	  50	 695	70931	71388	   0	  30	
  32	  32	  50	   3	 316	   3	   2	   9	   9	  14	  30	  70	  50	 579	73264	73580	   0	  30	
  33	  33	  30	   3	 380	   1	   2	  10	   9	  14	  30	  70	  50	 357	75248	75628	   0	  30	
  34	  34	  70	   4	 324	   2	   2	  10	  10	  14	  30	  70	  50	 532	77448	77772	   0	  30	
  35	  35	  30	   4	 518	   1	   2	  11	  10	  14	  30	  70	  50	 327	79398	79916	   0	  30	
  36	  36	  70	   3	 473	   2	   2	  11	  11	  14	  30	  70	  50	 527	81747	82220	   0	  30	
  37	  37	  50	   4	 349	   3	   2	  11	  11	  15	  30	  70	  50	 509	84031	84380	   0	  30	
  38	  38	  30	   3	 429	   1	   2	  12	  11	  15	  30	  70	  50	 361	86047	86476	   0	  30	
  39	  39	  70	   4	 314	   2	   2	  12	  12	  15	  30	  70	  50	 341	88114	88428	   0	  30	
  40	  40	  30	   4	 273	   1	   2	  13	  12	  15	  30	  70	  50	 600	90331	90604	   0	  30	
  41	  41	  50	   3	 327	   3	   2	  13	  12	  16	  30	  70	  50	 675	92597	92924	   0	  30	
  42	  42	  70	   3	 425	   2	   2	  13	  13	  16	  30	  70	  50	 310	94530	94955	   0	  30	
  43	  43	  30	   4	 660	   1	   2	  14	  13	  16	  30	  70	  50	 651	96247	96907	   0	  30	
  44	  44	  70	   3	1967	   2	   2	  14	  14	  16	  30	  70	  50	 560	98764	100731	   0	  30	
  45	  45	  50	   2	 481	   3	   1	  14	  14	  17	  30	  70	  50	 684	102730	103211	   0	  20	
  46	  46	  30	   4	 228	   1	   2	  15	  14	  17	  30	  70	  50	 535	105047	105275	   0	  20	
  47	  47	  70	   3	 262	   2	   2	  15	  15	  17	  30	  70	  50	 430	106997	107259	   0	  20	
  48	  48	  30	   3	 670	   1	   2	  16	  15	  17	  30	  70	  50	 646	109197	109867	   0	  20	
  49	  49	  70	   4	 316	   2	   2	  16	  16	  17	  30	  70	  50	 494	111663	111979	   0	  20	
  50	  50	  30	   4	 258	   1	   2	  17	  16	  17	  30	  70	  50	 620	113913	114171	   0	  20	
  51	  51	  70	   3	 262	   2	   2	  17	  17	  17	  30	  70	  50	 322	115813	116075	   0	  20	
  52	  52	  30	   2	 394	   1	   1	  18	  17	  17	  30	  70	  50	 340	117713	118107	   0	  10	
  53	  53	  70	   3	 340	   2	   2	  18	  18	  17	  30	  70	  50	 454	119863	120203	   0	  10	
  54	  54	  30	   1	 302	   1	   1	  19	  18	  17	  30	  70	  50	 515	122013	122315	   0	  20	
  55	  55	  70	   2	 301	   2	   1	  19	  19	  17	  30	  70	  50	 414	124030	124331	   0	  10	
  56	  56	  50	   4	 237	   3	   2	  19	  19	  18	  30	  70	  50	 385	126030	126267	   0	  10	
  57	  57	  30	   4	 255	   1	   2	  20	  19	  18	  30	  70	  50	 412	127980	128235	   0	  10	
  58	  58	  70	   3	 305	   2	   2	  20	  20	  18	  30	  70	  50	 406	129946	130251	   0	  10	
  59	  59	  50	   1	 291	   3	   1	  20	  20	  19	  30	  70	  50	 327	131880	132171	   0	  20	
  60	  60	  30	   4	 243	   1	   2	  21	  20	  19	  30	  70	  50	 388	133863	134106	   0	  20	
  61	  61	  50	   2	 493	   3	   1	  21	  20	  20	  30	  70	  50	 601	136029	136522	   0	  10	
  62	  62	  70	   1	 704	   2	   1	  21	  21	  20	  30	  70	  50	 525	138346	139050	   0	  20	
  63	  63	  50	   2	 469	   3	   1	  21	  21	  21	  30	  70	  50	 656	141013	141482	   0	  10	
  64	  64	  70	   2	 624	   2	   1	  21	  22	  21	  30	  70	  50	 352	143146	143770	   0	   0	
  65	  65	  50	   3	 219	   3	   2	  21	  22	  22	  30	  70	  50	 604	145679	145898	   0	   0	
  66	  66	  30	   1	 357	   1	   1	  22	  22	  22	  30	  70	  50	 620	147829	148186	   0	  10	
  67	  67	  70	   3	 391	   2	   2	  22	  23	  22	  30	  70	  50	 687	150179	150570	   0	  10	
  68	  68	  30	   4	 336	   1	   2	  23	  23	  22	  30	  70	  50	 472	152346	152682	   0	  10	
  69	  69	  50	   4	 258	   3	   2	  23	  23	  23	  30	  70	  50	 325	154312	154570	   0	  10	
  70	  70	  70	   3	 496	   2	   2	  23	  24	  23	  30	  70	  50	 479	156346	156842	   0	  10	
  71	  71	  50	   4	 631	   3	   2	  23	  24	  24	  30	  70	  50	 431	158579	159210	   0	  10	
  72	  72	  70	   3	 525	   2	   2	  23	  25	  24	  30	  70	  50	 332	160829	161354	   0	  10	
  73	  73	  50	   3	 363	   3	   2	  23	  25	  25	  30	  70	  50	 622	163279	163642	   0	  10	
  74	  74	  70	   4	 317	   2	   2	  23	  26	  25	  30	  70	  50	 689	165629	165946	   0	  10	
  75	  75	  50	   4	 643	   3	   2	  23	  26	  26	  30	  70	  50	 645	167895	168538	   0	  10	
  76	  76	  70	   3	 353	   2	   2	  23	  27	  26	  30	  70	  50	 502	170345	170698	   0	  10	
  77	  77	  50	   3	 247	   3	   2	  23	  27	  27	  30	  70	  50	 575	172579	172826	   0	  10	
  78	  78	  70	   3	 337	   2	   2	  23	  28	  27	  30	  70	  50	 606	174728	175065	   0	  10	
  79	  79	  50	   3	 291	   3	   2	  23	  28	  28	  30	  70	  50	 310	176678	176969	   0	  10	
  80	  80	  30	   4	 354	   1	   2	  24	  28	  28	  30	  70	  50	 432	178695	179049	   0	  10	
  81	  81	  70	   4	 396	   2	   2	  24	  29	  28	  30	  70	  50	 468	180845	181241	   0	  10	
  82	  82	  30	   4	 253	   1	   2	  25	  29	  28	  30	  70	  50	 683	183228	183481	   0	  10	
  83	  83	  50	   4	 453	   3	   2	  25	  29	  29	  30	  70	  50	 628	185412	185865	   0	  10	
  84	  84	  30	   3	 532	   1	   2	  26	  29	  29	  30	  70	  50	 683	187861	188393	   0	  10	
  85	  85	  70	   1	 403	   2	   1	  26	  30	  29	  30	  70	  50	 586	190278	190681	   0	  20	
  86	  86	  50	   1	 514	   3	   1	  26	  30	  30	  30	  70	  50	 327	192311	192825	   0	  30	
  87	  87	  70	   3	 324	   2	   2	  26	  31	  30	  30	  70	  50	 548	194661	194985	   0	  30	
  88	  88	  30	   4	 318	   3	   2	  26	  31	   1	  30	  70	  30	 483	196811	197129	   3	  30	
  89	  89	  30	   4	 448	   1	   2	  27	  31	   1	  30	  70	  30	 321	198761	199209	   0	  30	
  90	  90	  70	   4	 459	   2	   2	  27	  32	   1	  30	  70	  30	 373	200878	201337	   0	  30	
  91	  91	  30	   1	 375	   3	   1	  27	  32	   2	  30	  70	  30	 338	202994	203369	   0	  40	
  92	  92	  70	   3	 563	   2	   2	  27	  33	   2	  30	  70	  30	 409	205078	205641	   0	  40	
  93	  93	  30	   4	 440	   1	   2	  28	  33	   2	  30	  70	  30	 420	207361	207801	   0	  40	
  94	  94	  30	   4	 359	   3	   2	  28	  33	   3	  30	  70	  30	 691	209794	210153	   0	  40	
  95	  95	  30	   1	 386	   1	   1	  29	  33	   3	  30	  70	  30	 452	211911	212297	   0	  50	
  96	  96	  20	   4	 538	   2	   2	  29	   1	   3	  30	  20	  30	 468	214094	214632	   2	  50	
  97	  97	  30	   4	 602	   1	   2	  30	   1	   3	  30	  20	  30	 556	216494	217096	   0	  50	
  98	  98	  30	   4	 375	   3	   2	  30	   1	   4	  30	  20	  30	 566	218977	219352	   0	  50	
  99	  99	  30	   4	 433	   1	   2	  31	   1	   4	  30	  20	  30	 454	221111	221544	   0	  50	
 100	 100	  30	   4	 353	   3	   2	  31	   1	   5	  30	  20	  30	 678	223527	223880	   0	  50	
 101	 101	  20	   4	 519	   2	   2	  31	   2	   5	  30	  20	  30	 550	225761	226280	   0	  50	
 102	 102	  30	   3	 368	   1	   2	  32	   2	   5	  30	  20	  30	 381	227960	228328	   0	  50	
 103	 103	  20	   3	 354	   2	   2	  32	   3	   5	  30	  20	  30	 676	230310	230664	   0	  50	
 104	 104	  30	   3	 427	   3	   2	  32	   3	   6	  30	  20	  30	 504	232477	232904	   0	  50	
 105	 105	  20	   4	 409	   2	   2	  32	   4	   6	  30	  20	  30	 321	234527	234936	   0	  50	
 106	 106	  30	   4	 272	   3	   2	  32	   4	   7	  30	  20	  30	 519	236760	237032	   0	  50	
 107	 107	  20	   4	 360	   2	   2	  32	   5	   7	  30	  20	  30	 613	238944	239304	   0	  50	
 108	 108	  30	   4	 446	   3	   2	  32	   5	   8	  30	  20	  30	 615	241210	241656	   0	  50	
 109	 109	  20	   3	 263	   2	   2	  32	   6	   8	  30	  20	  30	 438	243393	243656	   0	  50	
 110	 110	  30	   2	 375	   1	   1	  33	   6	   8	  30	  20	  30	 419	245377	245752	   0	  40	
 111	 111	  30	   2	 561	   3	   1	  33	   6	   9	  30	  20	  30	 452	247527	248088	   0	  30	
 112	 112	  20	   2	 359	   2	   1	  33	   7	   9	  30	  20	  30	 407	249793	250152	   0	  20	
 113	 113	  30	   1	1097	   3	   1	  33	   7	  10	  30	  20	  30	 658	252110	253207	   0	  30	
 114	 114	  30	   2	 595	   1	   1	  34	   7	  10	  30	  20	  30	 553	255060	255655	   0	  20	
 115	 115	  30	   1	 427	   3	   1	  34	   7	  11	  30	  20	  30	 304	257260	257687	   0	  30	
 116	 116	  30	   2	 471	   1	   1	  35	   7	  11	  30	  20	  30	 390	259376	259847	   0	  20	
 117	 117	  30	   2	 446	   3	   1	  35	   7	  12	  30	  20	  30	 443	261593	262039	   0	  10	
 118	 118	  80	   3	 832	   1	   2	   1	   7	  12	  80	  20	  30	 588	263943	264775	   1	  10	
 119	 119	  30	   2	 375	   3	   1	   1	   7	  13	  80	  20	  30	 474	266560	266935	   0	   0	
 120	 120	  20	   4	 711	   2	   2	   1	   8	  13	  80	  20	  30	 340	268576	269287	   0	   0	
 121	 121	  80	   3	 476	   1	   2	   2	   8	  13	  80	  20	  30	 661	271259	271735	   0	   0	
 122	 122	  30	   2	 335	   3	   1	   2	   8	  14	  80	  20	  30	 537	273576	273911	   0	 -10	
 123	 123	  80	   2	 619	   1	   1	   3	   8	  14	  80	  20	  30	 465	275676	276295	   0	 -20	
 124	 124	  30	   1	 448	   3	   1	   3	   8	  15	  80	  20	  30	 363	277959	278407	   0	 -10	
 125	 125	  80	   1	 398	   1	   1	   4	   8	  15	  80	  20	  30	 695	280393	280791	   0	   0	
 126	 126	  30	   2	 425	   3	   1	   4	   8	  16	  80	  20	  30	 442	282526	282951	   0	 -10	
 127	 127	  80	   3	 351	   1	   2	   5	   8	  16	  80	  20	  30	 517	284776	285127	   0	 -10	
 128	 128	  30	   2	 329	   3	   1	   5	   8	  17	  80	  20	  30	 503	286942	287271	   0	 -20	
 129	 129	  20	   4	 498	   2	   2	   5	   9	  17	  80	  20	  30	 546	289109	289607	   0	 -20	
 130	 130	  80	   4	 555	   1	   2	   6	   9	  17	  80	  20	  30	 384	291292	291847	   0	 -20	
 131	 131	  30	   2	 715	   3	   1	   6	   9	  18	  80	  20	  30	 522	293692	294407	   0	 -30	
 132	 132	  80	   1	 303	   1	   1	   7	   9	  18	  80	  20	  30	 679	296375	296678	   0	 -20	
 133	 133	  30	   1	 323	   3	   1	   7	   9	  19	  80	  20	  30	 671	298659	298982	   0	 -10	
 134	 134	  80	   1	 388	   1	   1	   8	   9	  19	  80	  20	  30	 357	300642	301030	   0	   0	
 135	 135	  20	   2	 303	   2	   1	   8	  10	  19	  80	  20	  30	 426	302759	303062	   0	 -10	
 136	 136	  80	   3	 272	   1	   2	   9	  10	  19	  80	  20	  30	 382	304742	305014	   0	 -10	
 137	 137	  20	   1	 375	   2	   1	   9	  11	  19	  80	  20	  30	 659	306975	307350	   0	   0	
 138	 138	  80	   1	 398	   1	   1	  10	  11	  19	  80	  20	  30	 533	309192	309590	   0	  10	
 139	 139	  20	   4	 277	   2	   2	  10	  12	  19	  80	  20	  30	 540	311425	311702	   0	  10	
 140	 140	  30	   4	 219	   3	   2	  10	  12	  20	  80	  20	  30	 679	313675	313894	   0	  10	
 141	 141	  80	   4	 340	   1	   2	  11	  12	  20	  80	  20	  30	 639	315858	316198	   0	  10	
 142	 142	  30	   3	 416	   3	   2	  11	  12	  21	  80	  20	  30	 451	317958	318374	   0	  10	
 143	 143	  20	   4	 364	   2	   2	  11	  13	  21	  80	  20	  30	 380	320058	320422	   0	  10	
 144	 144	  80	   3	 397	   1	   2	  12	  13	  21	  80	  20	  30	 313	322025	322422	   0	  10	
 145	 145	  30	   4	 216	   3	   2	  12	  13	  22	  80	  20	  30	 445	324158	324374	   0	  10	
 146	 146	  20	   4	 413	   2	   2	  12	  14	  22	  80	  20	  30	 365	326041	326454	   0	  10	
 147	 147	  30	   4	 421	   3	   2	  12	  14	  23	  80	  20	  30	 471	328225	328646	   0	  10	
 148	 148	  20	   4	 134	   2	   2	  12	  15	  23	  80	  20	  30	 658	330608	330742	   0	  10	
 149	 149	  80	   3	 465	   1	   2	  13	  15	  23	  80	  20	  30	 680	332725	333190	   0	  10	
 150	 150	  20	   4	 297	   2	   2	  13	  16	  23	  80	  20	  30	 431	334908	335205	   0	  10	
 151	 151	  80	   3	 233	   1	   2	  14	  16	  23	  80	  20	  30	 395	336908	337141	   0	  10	
 152	 152	  20	   4	 301	   2	   2	  14	  17	  23	  80	  20	  30	 381	338824	339125	   0	  10	
 153	 153	  30	   4	 424	   3	   2	  14	  17	  24	  80	  20	  30	 515	340941	341365	   0	  10	
 154	 154	  20	   3	 396	   2	   2	  14	  18	  24	  80	  20	  30	 578	343241	343637	   0	  10	
 155	 155	  80	   1	 329	   1	   1	  15	  18	  24	  80	  20	  30	 388	345324	345653	   0	  20	
 156	 156	  30	   4	 257	   3	   2	  15	  18	  25	  80	  20	  30	 570	347524	347781	   0	  20	
 157	 157	  80	   3	 288	   1	   2	  16	  18	  25	  80	  20	  30	 454	349541	349829	   0	  20	
 158	 158	  20	   2	 402	   2	   1	  16	  19	  25	  80	  20	  30	 372	351507	351909	   0	  10	
 159	 159	  30	   4	 191	   3	   2	  16	  19	  26	  80	  20	  30	 355	353574	353765	   0	  10	
 160	 160	  80	   3	 464	   1	   2	  17	  19	  26	  80	  20	  30	 483	355557	356021	   0	  10	
 161	 161	  20	   2	 506	   2	   1	  17	  20	  26	  80	  20	  30	 376	357707	358213	   0	   0	
 162	 162	  30	   3	 392	   3	   2	  17	  20	  27	  80	  20	  30	 623	360141	360533	   0	   0	
 163	 163	  80	   2	 380	   1	   1	  18	  20	  27	  80	  20	  30	 620	362457	362837	   0	 -10	
 164	 164	  30	   4	 445	   3	   2	  18	  20	  28	  80	  20	  30	 697	364824	365269	   0	 -10	
 165	 165	  20	   4	 375	   2	   2	  18	  21	  28	  80	  20	  30	 399	366974	367349	   0	 -10	
 166	 166	  30	   4	 291	   3	   2	  18	  21	  29	  80	  20	  30	 417	369074	369365	   0	 -10	
 167	 167	  80	   3	 363	   1	   2	  19	  21	  29	  80	  20	  30	 607	371274	371637	   0	 -10	
 168	 168	  30	   1	 276	   3	   1	  19	  21	  30	  80	  20	  30	 498	373424	373700	   0	   0	
 169	 169	  20	   4	 466	   2	   2	  19	  22	  30	  80	  20	  30	 485	375490	375956	   0	   0	
 170	 170	  30	   4	 615	   3	   2	  19	  22	  31	  80	  20	  30	 506	377773	378388	   0	   0	
 171	 171	  80	   3	 105	   1	   2	  20	  22	  31	  80	  20	  30	 426	380123	380228	   0	   0	
 172	 172	  30	   4	 465	   3	   2	  20	  22	  32	  80	  20	  30	 450	381523	381988	   0	   0	
 173	 173	  20	   3	 764	   2	   2	  20	  23	  32	  80	  20	  30	 363	383640	384404	   0	   0	
 174	 174	  80	   3	 270	   1	   2	  21	  23	  32	  80	  20	  30	 696	386390	386660	   0	   0	
 175	 175	  30	   2	 388	   3	   1	  21	  23	  33	  80	  20	  30	 693	388656	389044	   0	 -10	
 176	 176	  80	   3	 224	   1	   2	  22	  23	  33	  80	  20	  30	 403	390756	390980	   0	 -10	
 177	 177	  30	   1	 302	   3	   1	  22	  23	  34	  80	  20	  30	 529	392806	393108	   0	   0	
 178	 178	  80	   4	 537	   1	   2	  23	  23	  34	  80	  20	  30	 500	394923	395460	   0	   0	
 179	 179	  30	   4	 489	   3	   2	  23	  23	  35	  80	  20	  30	 553	397323	397812	   0	   0	
 180	 180	  20	   4	 706	   2	   2	  23	  24	  35	  80	  20	  30	 378	399490	400196	   0	   0	
 181	 181	  70	   3	 802	   3	   2	  23	  24	   1	  80	  20	  70	 357	401906	402708	   3	   0	
 182	 182	  20	   3	 274	   2	   2	  23	  25	   1	  80	  20	  70	 684	404706	404980	   0	   0	
 183	 183	  80	   3	 225	   1	   2	  24	  25	   1	  80	  20	  70	 442	406723	406948	   0	   0	
 184	 184	  70	   2	1024	   3	   1	  24	  25	   2	  80	  20	  70	 506	408756	409780	   0	 -10	
 185	 185	  20	   4	 197	   2	   2	  24	  26	   2	  80	  20	  70	 348	411423	411620	   0	 -10	
 186	 186	  70	   3	 602	   3	   2	  24	  26	   3	  80	  20	  70	 392	413306	413908	   0	 -10	
 187	 187	  20	   4	 315	   2	   2	  24	  27	   3	  80	  20	  70	 446	415656	415971	   0	 -10	
 188	 188	  70	   4	 684	   3	   2	  24	  27	   4	  80	  20	  70	 365	417639	418323	   0	 -10	
 189	 189	  20	   4	 413	   2	   2	  24	  28	   4	  80	  20	  70	 383	420022	420435	   0	 -10	
 190	 190	  80	   4	 258	   1	   2	  25	  28	   4	  80	  20	  70	 557	422289	422547	   0	 -10	
 191	 191	  70	   3	2007	   3	   2	  25	  28	   5	  80	  20	  70	 693	424556	426563	   0	 -10	
 192	 192	  80	   1	 276	   1	   1	  26	  28	   5	  80	  20	  70	 384	428255	428531	   0	   0	
 193	 193	  20	   2	 366	   2	   1	  26	  29	   5	  80	  20	  70	 561	430389	430755	   0	 -10	
 194	 194	  70	   3	 296	   3	   2	  26	  29	   6	  80	  20	  70	 476	432539	432835	   0	 -10	
 195	 195	  20	   4	 434	   2	   2	  26	  30	   6	  80	  20	  70	 577	434705	435139	   0	 -10	
 196	 196	  70	   3	 198	   3	   2	  26	  30	   7	  80	  20	  70	 543	436989	437187	   0	 -10	
 197	 197	  80	   3	1649	   1	   2	  27	  30	   7	  80	  20	  70	 634	439122	440771	   0	 -10	
 198	 198	  50	   1	 340	   2	   1	  27	   1	   7	  80	  50	  70	 550	442655	442995	   2	   0	
 199	 199	  70	   4	 202	   3	   2	  27	   1	   8	  80	  50	  70	 603	444905	445107	   0	   0	
 200	 200	  50	   4	 250	   2	   2	  27	   2	   8	  80	  50	  70	 497	446905	447155	   0	   0	
 201	 201	  80	   3	 221	   1	   2	  28	   2	   8	  80	  50	  70	 336	448822	449043	   0	   0	
 202	 202	  70	   3	 158	   3	   2	  28	   2	   9	  80	  50	  70	 452	450805	450963	   0	   0	
 203	 203	  50	   3	 503	   2	   2	  28	   3	   9	  80	  50	  70	 309	452572	453075	   0	   0	
 204	 204	  70	   3	 336	   3	   2	  28	   3	  10	  80	  50	  70	 334	454371	454707	   0	   0	
 205	 205	  50	   4	 263	   2	   2	  28	   4	  10	  80	  50	  70	 535	456555	456818	   0	   0	
 206	 206	  70	   4	 309	   3	   2	  28	   4	  11	  80	  50	  70	 502	458621	458930	   0	   0	
 207	 207	  50	   4	 421	   2	   2	  28	   5	  11	  80	  50	  70	 389	460621	461042	   0	   0	
 208	 208	  80	   3	 567	   1	   2	  29	   5	  11	  80	  50	  70	 632	462971	463538	   0	   0	
 209	 209	  50	   3	 661	   2	   2	  29	   6	  11	  80	  50	  70	 564	465405	466066	   0	   0	
 210	 210	  80	   3	 458	   1	   2	  30	   6	  11	  80	  50	  70	 338	467704	468162	   0	   0	
 211	 211	  70	   4	  96	   3	   2	  30	   6	  12	  80	  50	  70	 457	469938	470034	   0	   0	
 212	 212	  50	   3	 318	   2	   2	  30	   7	  12	  80	  50	  70	 677	472004	472322	   0	   0	
 213	 213	  80	   3	 601	   1	   2	  31	   7	  12	  80	  50	  70	 484	474121	474722	   0	   0	
 214	 214	  70	   3	 388	   3	   2	  31	   7	  13	  80	  50	  70	 609	476638	477026	   0	   0	
 215	 215	  80	   3	 242	   1	   2	  32	   7	  13	  80	  50	  70	 368	478704	478946	   0	   0	
 216	 216	  70	   3	 219	   3	   2	  32	   7	  14	  80	  50	  70	 623	480871	481090	   0	   0	
 217	 217	  50	   4	 133	   2	   2	  32	   8	  14	  80	  50	  70	 620	483021	483154	   0	   0	
 218	 218	  80	   3	 273	   1	   2	  33	   8	  14	  80	  50	  70	 649	485121	485394	   0	   0	
 219	 219	  50	   4	 381	   2	   2	  33	   9	  14	  80	  50	  70	 535	487237	487618	   0	   0	
 220	 220	  20	   4	  88	   1	   2	   1	   9	  14	  20	  50	  70	 530	489754	489842	   1	   0	
 221	 221	  70	   3	 343	   3	   2	   1	   9	  15	  20	  50	  70	 621	491787	492130	   0	   0	
 222	 222	  50	   3	 229	   2	   2	   1	  10	  15	  20	  50	  70	 410	493837	494066	   0	   0	
 223	 223	  70	   1	 297	   3	   1	   1	  10	  16	  20	  50	  70	 339	495704	496001	   0	  10	
 224	 224	  20	   4	  19	   1	   2	   2	  10	  16	  20	  50	  70	 566	497870	497889	   0	  10	
 225	 225	  50	   4	 325	   2	   2	   2	  11	  16	  20	  50	  70	 600	499804	500129	   0	  10	
 226	 226	  70	   4	 241	   3	   2	   2	  11	  17	  20	  50	  70	 466	501904	502145	   0	  10	
 227	 227	  20	   4	 311	   1	   2	   3	  11	  17	  20	  50	  70	 329	503770	504081	   0	  10	
 228	 228	  70	   3	 269	   3	   2	   3	  11	  18	  20	  50	  70	 642	506020	506289	   0	  10	
 229	 229	  20	   3	 513	   1	   2	   4	  11	  18	  20	  50	  70	 326	507920	508433	   0	  10	
 230	 230	  50	   3	 349	   2	   2	   4	  12	  18	  20	  50	  70	 698	510420	510769	   0	  10	
 231	 231	  70	   3	 254	   3	   2	   4	  12	  19	  20	  50	  70	 300	512403	512657	   0	  10	
 232	 232	  50	   4	 249	   2	   2	   4	  13	  19	  20	  50	  70	 549	514520	514769	   0	  10	
 233	 233	  70	   3	 274	   3	   2	   4	  13	  20	  20	  50	  70	 624	516703	516977	   0	  10	
 234	 234	  20	   4	 405	   1	   2	   5	  13	  20	  20	  50	  70	 335	518620	519025	   0	  10	
 235	 235	  70	   4	 497	   3	   2	   5	  13	  21	  20	  50	  70	 395	520720	521217	   0	  10	
 236	 236	  20	   4	 261	   1	   2	   6	  13	  21	  20	  50	  70	 516	523036	523297	   0	  10	
 237	 237	  50	   4	 343	   2	   2	   6	  14	  21	  20	  50	  70	 385	524986	525329	   0	  10	
 238	 238	  70	   1	 351	   3	   1	   6	  14	  22	  20	  50	  70	 549	527186	527537	   0	  20	
 239	 239	  50	   1	 336	   2	   1	   6	  15	  22	  20	  50	  70	 303	529153	529489	   0	  30	
 240	 240	  70	   1	 419	   3	   1	   6	  15	  23	  20	  50	  70	 668	531470	531889	   0	  40	
 241	 241	  50	   3	 310	   2	   2	   6	  16	  23	  20	  50	  70	 583	533803	534113	   0	  40	
 242	 242	  20	   3	 275	   1	   2	   7	  16	  23	  20	  50	  70	 455	535869	536144	   0	  40	
 243	 243	  50	   4	 326	   2	   2	   7	  17	  23	  20	  50	  70	 340	537786	538112	   0	  40	
 244	 244	  20	   4	 301	   1	   2	   8	  17	  23	  20	  50	  70	 611	540019	540320	   0	  40	
 245	 245	  70	   3	 333	   3	   2	   8	  17	  24	  20	  50	  70	 397	542019	542352	   0	  40	
 246	 246	  50	   3	 247	   2	   2	   8	  18	  24	  20	  50	  70	 506	544169	544416	   0	  40	
 247	 247	  20	   4	 331	   1	   2	   9	  18	  24	  20	  50	  70	 349	546069	546400	   0	  40	
 248	 248	  50	   4	 313	   2	   2	   9	  19	  24	  20	  50	  70	 423	548119	548432	   0	  40	
 249	 249	  70	   3	 347	   3	   2	   9	  19	  25	  20	  50	  70	 344	550069	550416	   0	  40	
 250	 250	  20	   4	 298	   1	   2	  10	  19	  25	  20	  50	  70	 366	552086	552384	   0	  40	
 251	 251	  70	   4	 414	   3	   2	  10	  19	  26	  20	  50	  70	 315	554002	554416	   0	  40	
 252	 252	  50	   3	 293	   2	   2	  10	  20	  26	  20	  50	  70	 500	556219	556512	   0	  40	
 253	 253	  20	   4	 228	   1	   2	  11	  20	  26	  20	  50	  70	 440	558252	558480	   0	  40	
 254	 254	  70	   3	 357	   3	   2	  11	  20	  27	  20	  50	  70	 436	560219	560576	   0	  40	
 255	 255	  50	   3	 320	   2	   2	  11	  21	  27	  20	  50	  70	 479	562352	562672	   0	  40	
 256	 256	  70	   3	 151	   3	   2	  11	  21	  28	  20	  50	  70	 594	564569	564720	   0	  40	
 257	 257	  50	   4	 267	   2	   2	  11	  22	  28	  20	  50	  70	 459	566485	566752	   0	  40	
 258	 258	  70	   4	 234	   3	   2	  11	  22	  29	  20	  50	  70	 437	568502	568736	   0	  40	
 259	 259	  50	   4	 362	   2	   2	  11	  23	  29	  20	  50	  70	 455	570502	570864	   0	  40	
 260	 260	  70	   3	  19	   3	   2	  11	  23	  30	  20	  50	  70	 509	572669	572688	   0	  40	
 261	 261	  20	   4	 421	   1	   2	  12	  23	  30	  20	  50	  70	 586	574602	575023	   0	  40	
 262	 262	  50	   4	 284	   3	   2	  12	  23	   1	  20	  50	  50	 494	576835	577119	   3	  40	
 263	 263	  50	   4	 244	   2	   2	  12	  24	   1	  20	  50	  50	 611	579035	579279	   0	  40	
 264	 264	  20	   4	 278	   1	   2	  13	  24	   1	  20	  50	  50	 404	580985	581263	   0	  40	
 265	 265	  50	   4	 401	   3	   2	  13	  24	   2	  20	  50	  50	 554	583118	583519	   0	  40	
 266	 266	  50	   3	 388	   2	   2	  13	  25	   2	  20	  50	  50	 611	585435	585823	   0	  40	
 267	 267	  50	   3	 119	   3	   2	  13	  25	   3	  20	  50	  50	 638	587768	587887	   0	  40	
 268	 268	  50	   3	 306	   2	   2	  13	  26	   3	  20	  50	  50	 300	589501	589807	   0	  40	
 269	 269	  20	   3	 415	   1	   2	  14	  26	   3	  20	  50	  50	 453	591568	591983	   0	  40	
 270	 270	  50	   4	 314	   2	   2	  14	  27	   3	  20	  50	  50	 429	593701	594015	   0	  40	
 271	 271	  50	   4	 174	   3	   2	  14	  27	   4	  20	  50	  50	 676	596001	596175	   0	  40	
 272	 272	  50	   3	 256	   2	   2	  14	  28	   4	  20	  50	  50	 451	597935	598191	   0	  40	
 273	 273	  50	   3	 270	   3	   2	  14	  28	   5	  20	  50	  50	 490	599985	600255	   0	  40	
 274	 274	  50	   4	 207	   2	   2	  14	  29	   5	  20	  50	  50	 421	601984	602191	   0	  40	
 275	 275	  20	   4	 275	   1	   2	  15	  29	   5	  20	  50	  50	 387	603884	604159	   0	  40	
 276	 276	  50	   3	 269	   3	   2	  15	  29	   6	  20	  50	  50	 562	606018	606287	   0	  40	
 277	 277	  50	   1	 538	   2	   1	  15	  30	   6	  20	  50	  50	 509	608101	608639	   0	  50	
 278	 278	  20	   3	 478	   1	   2	  16	  30	   6	  20	  50	  50	 449	610401	610879	   0	  50	
 279	 279	  50	   4	 243	   3	   2	  16	  30	   7	  20	  50	  50	 489	612668	612911	   0	  50	
 280	 280	  20	   4	  49	   1	   2	  17	  30	   7	  20	  50	  50	 511	614717	614766	   0	  50	
 281	 281	  50	   4	 187	   3	   2	  17	  30	   8	  20	  50	  50	 374	616467	616654	   0	  50	
 282	 282	  20	   4	 347	   1	   2	  18	  30	   8	  20	  50	  50	 489	618451	618798	   0	  50	
 283	 283	  50	   3	 387	   3	   2	  18	  30	   9	  20	  50	  50	 568	620667	621054	   0	  50	
 284	 284	  50	   1	 415	   2	   1	  18	  31	   9	  20	  50	  50	 399	622767	623182	   0	  60	
 285	 285	  20	   2	 625	   1	   1	  19	  31	   9	  20	  50	  50	 623	625101	625726	   0	  50	
 286	 286	  50	   4	 279	   2	   2	  19	  32	   9	  20	  50	  50	 338	627367	627646	   0	  50	
 287	 287	  20	   4	 205	   1	   2	  20	  32	   9	  20	  50	  50	 674	629617	629822	   0	  50	
 288	 288	  50	   3	 213	   3	   2	  20	  32	  10	  20	  50	  50	 685	631817	632030	   0	  50	
 289	 289	  20	   4	 370	   1	   2	  21	  32	  10	  20	  50	  50	 561	633884	634254	   0	  50	
 290	 290	  50	   3	  86	   3	   2	  21	  32	  11	  20	  50	  50	 625	636184	636270	   0	  50	
 291	 291	  50	   3	 314	   2	   2	  21	  33	  11	  20	  50	  50	 483	638084	638398	   0	  50	
 292	 292	  50	   3	 226	   3	   2	  21	  33	  12	  20	  50	  50	 610	640300	640526	   0	  50	
 293	 293	  20	   4	 222	   2	   2	  21	   1	  12	  20	  20	  50	 533	642400	642622	   2	  50	
 294	 294	  50	   4	 181	   3	   2	  21	   1	  13	  20	  20	  50	 689	644617	644798	   0	  50	
 295	 295	  20	   3	 267	   1	   2	  22	   1	  13	  20	  20	  50	 391	646483	646750	   0	  50	
 296	 296	  20	   4	 214	   2	   2	  22	   2	  13	  20	  20	  50	 547	648600	648814	   0	  50	
 297	 297	  20	   4	 211	   1	   2	  23	   2	  13	  20	  20	  50	 568	650683	650894	   0	  50	
 298	 298	  20	   4	 127	   2	   2	  23	   3	  13	  20	  20	  50	 571	652767	652894	   0	  50	
 299	 299	  20	   4	 331	   1	   2	  24	   3	  13	  20	  20	  50	 661	654850	655181	   0	  50	
 300	 300	  20	   2	 505	   2	   1	  24	   4	  13	  20	  20	  50	 444	656916	657421	   0	  40	
 301	 301	  50	   3	 553	   3	   2	  24	   4	  14	  20	  20	  50	 573	659316	659869	   0	  40	
 302	 302	  20	   1	 470	   2	   1	  24	   5	  14	  20	  20	  50	 599	661783	662253	   0	  50	
 303	 303	  50	   1	 426	   3	   1	  24	   5	  15	  20	  20	  50	 521	664083	664509	   0	  60	
 304	 304	  20	   4	 275	   2	   2	  24	   6	  15	  20	  20	  50	 453	666266	666541	   0	  60	
 305	 305	  20	   4	  78	   1	   2	  25	   6	  15	  20	  20	  50	 547	668383	668461	   0	  60	
 306	 306	  50	   4	 256	   3	   2	  25	   6	  16	  20	  20	  50	 580	670333	670589	   0	  60	
 307	 307	  20	   4	 293	   1	   2	  26	   6	  16	  20	  20	  50	 318	672216	672509	   0	  60	
 308	 308	  50	   4	 289	   3	   2	  26	   6	  17	  20	  20	  50	 504	674316	674605	   0	  60	
 309	 309	  20	   4	 222	   1	   2	  27	   6	  17	  20	  20	  50	 474	676383	676605	   0	  60	
 310	 310	  50	   3	 302	   3	   2	  27	   6	  18	  20	  20	  50	 479	678383	678685	   0	  60	
 311	 311	  20	   3	 379	   1	   2	  28	   6	  18	  20	  20	  50	 452	680466	680845	   0	  60	
 312	 312	  50	   4	 402	   3	   2	  28	   6	  19	  20	  20	  50	 559	682699	683101	   0	  60	
 313	 313	  20	   4	 267	   2	   2	  28	   7	  19	  20	  20	  50	 467	684882	685149	   0	  60	
 314	 314	  50	   4	 439	   3	   2	  28	   7	  20	  20	  20	  50	 527	686982	687421	   0	  60	
 315	 315	  20	   4	 272	   2	   2	  28	   8	  20	  20	  20	  50	 432	689149	689421	   0	  60	
 316	 316	  20	   4	 291	   1	   2	  29	   8	  20	  20	  20	  50	 338	691066	691357	   0	  60	
 317	 317	  20	   3	 308	   2	   2	  29	   9	  20	  20	  20	  50	 355	693016	693324	   0	  60	
 318	 318	  50	   4	 325	   3	   2	  29	   9	  21	  20	  20	  50	 396	695015	695340	   0	  60	
 319	 319	  20	   4	 518	   2	   2	  29	  10	  21	  20	  20	  50	 338	696982	697500	   0	  60	
 320	 320	  20	   4	 299	   1	   2	  30	  10	  21	  20	  20	  50	 434	699249	699548	   0	  60	
 321	 321	  50	   3	 274	   3	   2	  30	  10	  22	  20	  20	  50	 601	701482	701756	   0	  60	
 322	 322	  20	   4	 454	   1	   2	  31	  10	  22	  20	  20	  50	 317	703382	703836	   0	  60	
 323	 323	  50	   4	 381	   3	   2	  31	  10	  23	  20	  20	  50	 482	705615	705996	   0	  60	
 324	 324	  20	   4	 215	   1	   2	  32	  10	  23	  20	  20	  50	 478	707765	707980	   0	  60	
 325	 325	  20	   4	 242	   2	   2	  32	  11	  23	  20	  20	  50	 629	709898	710140	   0	  60	
 326	 326	  20	   3	 262	   1	   2	  33	  11	  23	  20	  20	  50	 344	711782	712044	   0	  60	
 327	 327	  50	   1	 331	   3	   1	  33	  11	  24	  20	  20	  50	 321	713665	713996	   0	  70	
 328	 328	  20	   2	 558	   2	   1	  33	  12	  24	  20	  20	  50	 311	715598	716156	   0	  60	
 329	 329	  50	   3	 110	   3	   2	  33	  12	  25	  20	  20	  50	 543	717998	718108	   0	  60	
 330	 330	  20	   4	 234	   2	   2	  33	  13	  25	  20	  20	  50	 681	720082	720316	   0	  60	
 331	 331	  20	   4	 220	   1	   2	  34	  13	  25	  20	  20	  50	 409	722048	722268	   0	  60	
 332	 332	  20	   2	 467	   2	   1	  34	  14	  25	  20	  20	  50	 309	723881	724348	   0	  50	
 333	 333	  50	   4	 217	   3	   2	  34	  14	  26	  20	  20	  50	 459	726115	726332	   0	  50	
 334	 334	  20	   4	 420	   1	   2	  35	  14	  26	  20	  20	  50	 615	728248	728668	   0	  50	
 335	 335	  20	   4	 274	   2	   2	  35	  15	  26	  20	  20	  50	 316	730298	730572	   0	  50	
 336	 336	  50	   3	 322	   3	   2	  35	  15	  27	  20	  20	  50	 427	732298	732620	   0	  50	
 337	 337	  80	   3	 357	   1	   2	   1	  15	  27	  80	  20	  50	 649	734598	734955	   1	  50	
 338	 338	  20	   4	 433	   2	   2	   1	  16	  27	  80	  20	  50	 462	736714	737147	   0	  50	
 339	 339	  80	   3	 410	   1	   2	   2	  16	  27	  80	  20	  50	 420	738881	739291	   0	  50	
 340	 340	  20	   4	 399	   2	   2	   2	  17	  27	  80	  20	  50	 563	741148	741547	   0	  50	
 341	 341	  80	   3	 345	   1	   2	   3	  17	  27	  80	  20	  50	 417	743298	743643	   0	  50	
 342	 342	  50	   3	 291	   3	   2	   3	  17	  28	  80	  20	  50	 531	745464	745755	   0	  50	
 343	 343	  80	   3	 252	   1	   2	   4	  17	  28	  80	  20	  50	 576	747631	747883	   0	  50	
 344	 344	  20	   3	 260	   2	   2	   4	  18	  28	  80	  20	  50	 663	749847	750107	   0	  50	
 345	 345	  50	   4	 249	   3	   2	   4	  18	  29	  80	  20	  50	 311	751714	751963	   0	  50	
 346	 346	  20	   3	 290	   2	   2	   4	  19	  29	  80	  20	  50	 614	753881	754171	   0	  50	
 347	 347	  80	   4	 327	   1	   2	   5	  19	  29	  80	  20	  50	 691	756164	756491	   0	  50	
 348	 348	  20	   4	 217	   2	   2	   5	  20	  29	  80	  20	  50	 323	758114	758331	   0	  50	
 349	 349	  50	   4	 246	   3	   2	   5	  20	  30	  80	  20	  50	 559	760197	760443	   0	  50	
 350	 350	  80	   3	 271	   1	   2	   6	  20	  30	  80	  20	  50	 634	762380	762651	   0	  50	
 351	 351	  50	   4	 197	   3	   2	   6	  20	  31	  80	  20	  50	 654	764630	764827	   0	  50	
 352	 352	  80	   3	 358	   1	   2	   7	  20	  31	  80	  20	  50	 468	766597	766955	   0	  50	
 353	 353	  50	   4	 257	   3	   2	   7	  20	  32	  80	  20	  50	 472	768730	768987	   0	  50	
 354	 354	  80	   3	 467	   1	   2	   8	  20	  32	  80	  20	  50	 391	770680	771147	   0	  50	
 355	 355	  20	   3	 275	   2	   2	   8	  21	  32	  80	  20	  50	 618	773080	773355	   0	  50	
 356	 356	  80	   4	 230	   1	   2	   9	  21	  32	  80	  20	  50	 319	774980	775210	   0	  50	
 357	 357	  50	   3	 271	   3	   2	   9	  21	  33	  80	  20	  50	 649	777163	777434	   0	  50	
 358	 358	  20	   4	 221	   2	   2	   9	  22	  33	  80	  20	  50	 477	779213	779434	   0	  50	
 359	 359	  70	   3	 286	   3	   2	   9	  22	   1	  80	  20	  70	 426	781180	781466	   3	  50	
 360	 360	  20	   4	 215	   2	   2	   9	  23	   1	  80	  20	  70	 598	783363	783578	   0	  50	
 361	 361	  80	   3	 307	   1	   2	  10	  23	   1	  80	  20	  70	 560	785447	785754	   0	  50	
 362	 362	  20	   4	 312	   2	   2	  10	  24	   1	  80	  20	  70	 681	787730	788042	   0	  50	
 363	 363	  70	   4	 273	   3	   2	  10	  24	   2	  80	  20	  70	 568	789913	790186	   0	  50	
 364	 364	  80	   3	 270	   1	   2	  11	  24	   2	  80	  20	  70	 496	791980	792250	   0	  50	
 365	 365	  70	   4	 210	   3	   2	  11	  24	   3	  80	  20	  70	 337	793896	794106	   0	  50	
 366	 366	  20	   4	 237	   2	   2	  11	  25	   3	  80	  20	  70	 602	796013	796250	   0	  50	
 367	 367	  70	   3	 133	   3	   2	  11	  25	   4	  80	  20	  70	 659	798213	798346	   0	  50	
 368	 368	  20	   4	 271	   2	   2	  11	  26	   4	  80	  20	  70	 309	799963	800234	   0	  50	
 369	 369	  80	   3	 385	   1	   2	  12	  26	   4	  80	  20	  70	 370	801913	802298	   0	  50	
 370	 370	  70	   3	 193	   3	   2	  12	  26	   5	  80	  20	  70	 314	803913	804106	   0	  50	
 371	 371	  20	   3	 291	   2	   2	  12	  27	   5	  80	  20	  70	 446	805863	806154	   0	  50	
 372	 372	  70	   3	 409	   3	   2	  12	  27	   6	  80	  20	  70	 653	808113	808522	   0	  50	
 373	 373	  80	   3	 325	   1	   2	  13	  27	   6	  80	  20	  70	 408	810229	810554	   0	  50	
 374	 374	  70	   4	 201	   3	   2	  13	  27	   7	  80	  20	  70	 671	812529	812730	   0	  50	
 375	 375	  80	   3	 131	   1	   2	  14	  27	   7	  80	  20	  70	 614	814646	814777	   0	  50	
 376	 376	  70	   3	  96	   3	   2	  14	  27	   8	  80	  20	  70	 665	816729	816825	   0	  50	
 377	 377	  20	   4	 232	   2	   2	  14	  28	   8	  80	  20	  70	 410	818529	818761	   0	  50	
 378	 378	  80	   3	 199	   1	   2	  15	  28	   8	  80	  20	  70	 473	820546	820745	   0	  50	
 379	 379	  70	   3	 365	   3	   2	  15	  28	   9	  80	  20	  70	 348	822396	822761	   0	  50	
 380	 380	  80	   3	 241	   1	   2	  16	  28	   9	  80	  20	  70	 648	824712	824953	   0	  50	
 381	 381	  70	   3	 241	   3	   2	  16	  28	  10	  80	  20	  70	 441	826712	826953	   0	  50	
 382	 382	  80	   3	 268	   1	   2	  17	  28	  10	  80	  20	  70	 597	828845	829113	   0	  50	
 383	 383	  20	   4	 326	   2	   2	  17	  29	  10	  80	  20	  70	 550	830979	831305	   0	  50	
 384	 384	  80	   4	 132	   1	   2	  18	  29	  10	  80	  20	  70	 443	833045	833177	   0	  50	
 385	 385	  70	   4	 193	   3	   2	  18	  29	  11	  80	  20	  70	 641	835112	835305	   0	  50	
 386	 386	  80	   4	 388	   1	   2	  19	  29	  11	  80	  20	  70	 422	837029	837417	   0	  50	
 387	 387	  20	   4	 428	   2	   2	  19	  30	  11	  80	  20	  70	 515	839229	839657	   0	  50	
 388	 388	  70	   3	 259	   3	   2	  19	  30	  12	  80	  20	  70	 509	841462	841721	   0	  50	
 389	 389	  20	   4	 243	   2	   2	  19	  31	  12	  80	  20	  70	 438	843462	843705	   0	  50	
 390	 390	  70	   3	 405	   3	   2	  19	  31	  13	  80	  20	  70	 425	845428	845833	   0	  50	
 391	 391	  80	   3	 491	   1	   2	  20	  31	  13	  80	  20	  70	 530	847678	848169	   0	  50	
 392	 392	  70	   4	 254	   3	   2	  20	  31	  14	  80	  20	  70	 525	849995	850249	   0	  50	
 393	 393	  20	   4	 333	   2	   2	  20	  32	  14	  80	  20	  70	 454	852012	852345	   0	  50	
 394	 394	  70	   3	 193	   3	   2	  20	  32	  15	  80	  20	  70	 648	854295	854488	   0	  50	
 395	 395	  20	   3	 359	   2	   2	  20	  33	  15	  80	  20	  70	 364	856145	856504	   0	  50	
 396	 396	  70	   3	 466	   3	   2	  20	  33	  16	  80	  20	  70	 471	858278	858744	   0	  50	
 397	 397	  80	   4	 993	   1	   2	  21	  33	  16	  80	  20	  70	 664	860711	861704	   0	  50	
 398	 398	  70	   4	 309	   3	   2	  21	  33	  17	  80	  20	  70	 405	863411	863720	   0	  50	
 399	 399	  20	   4	1337	   2	   2	  21	  34	  17	  80	  20	  70	 684	865711	867048	   0	  50	
 400	 400	  80	   3	1016	   1	   2	  22	  34	  17	  80	  20	  70	 589	868944	869960	   0	  50	
 401	 401	  20	   4	 627	   2	   2	  22	  35	  17	  80	  20	  70	 571	871861	872488	   0	  50	
 402	 402	  80	   3	 671	   1	   2	  23	  35	  17	  80	  20	  70	 578	874361	875032	   0	  50	
 403	 403	  80	   3	 278	   2	   2	  23	   1	  17	  80	  80	  70	 633	876994	877272	   2	  50	
 404	 404	  80	   1	 268	   1	   1	  24	   1	  17	  80	  80	  70	 675	879244	879512	   0	  60	
 405	 405	  80	   3	 346	   2	   2	  24	   2	  17	  80	  80	  70	 471	881294	881640	   0	  60	
 406	 406	  80	   3	 455	   1	   2	  25	   2	  17	  80	  80	  70	 429	883361	883816	   0	  60	
 407	 407	  80	   3	 705	   2	   2	  25	   3	  17	  80	  80	  70	 405	885527	886232	   0	  60	
 408	 408	  80	   3	 581	   1	   2	  26	   3	  17	  80	  80	  70	 691	888227	888808	   0	  60	
 409	 409	  80	   4	 281	   2	   2	  26	   4	  17	  80	  80	  70	 424	890527	890808	   0	  60	
 410	 410	  80	   4	 288	   1	   2	  27	   4	  17	  80	  80	  70	 647	892744	893032	   0	  60	
 411	 411	  80	   3	 299	   2	   2	  27	   5	  17	  80	  80	  70	 483	894844	895143	   0	  60	
 412	 412	  80	   1	 331	   1	   1	  28	   5	  17	  80	  80	  70	 411	896860	897191	   0	  70	
 413	 413	  80	   3	 213	   2	   2	  28	   6	  17	  80	  80	  70	 503	898994	899207	   0	  70	
 414	 414	  80	   3	 223	   1	   2	  29	   6	  17	  80	  80	  70	 640	901144	901367	   0	  70	
 415	 415	  80	   3	 210	   2	   2	  29	   7	  17	  80	  80	  70	 403	903077	903287	   0	  70	
 416	 416	  80	   3	 381	   1	   2	  30	   7	  17	  80	  80	  70	 612	905194	905575	   0	  70	
 417	 417	  70	   3	 319	   3	   2	  30	   7	  18	  80	  80	  70	 679	907544	907863	   0	  70	
 418	 418	  80	   3	 314	   2	   2	  30	   8	  18	  80	  80	  70	 514	909677	909991	   0	  70	
 419	 419	  30	   4	 380	   1	   2	   1	   8	  18	  30	  80	  70	 333	911643	912023	   1	  70	
 420	 420	  80	   4	 226	   2	   2	   1	   9	  18	  30	  80	  70	 575	913893	914119	   0	  70	
 421	 421	  70	   3	 217	   3	   2	   1	   9	  19	  30	  80	  70	 671	916110	916327	   0	  70	
 422	 422	  80	   1	 447	   2	   1	   1	  10	  19	  30	  80	  70	 331	917960	918407	   0	  80	
 423	 423	  30	   3	 403	   1	   2	   2	  10	  19	  30	  80	  70	 559	920260	920663	   0	  80	
 424	 424	  70	   3	 231	   3	   2	   2	  10	  20	  30	  80	  70	 603	922576	922807	   0	  80	
 425	 425	  80	   4	 144	   2	   2	   2	  11	  20	  30	  80	  70	 647	924743	924887	   0	  80	
 426	 426	  30	   3	 181	   1	   2	   3	  11	  20	  30	  80	  70	 421	926610	926791	   0	  80	
 427	 427	  70	   3	 177	   3	   2	   3	  11	  21	  30	  80	  70	 634	928726	928903	   0	  80	
 428	 428	  80	   3	 235	   2	   2	   3	  12	  21	  30	  80	  70	 680	930876	931111	   0	  80	
 429	 429	  30	   4	 245	   1	   2	   4	  12	  21	  30	  80	  70	 613	933026	933271	   0	  80	
 430	 430	  70	   4	 511	   3	   2	   4	  12	  22	  30	  80	  70	 589	935159	935670	   0	  80	
 431	 431	  80	   3	 232	   2	   2	   4	  13	  22	  30	  80	  70	 345	937326	937558	   0	  80	
 432	 432	  70	   4	 285	   3	   2	   4	  13	  23	  30	  80	  70	 348	939209	939494	   0	  80	
 433	 433	  80	   3	 740	   2	   2	   4	  14	  23	  30	  80	  70	 629	941426	942166	   0	  80	
 434	 434	  70	   3	  75	   3	   2	   4	  14	  24	  30	  80	  70	 594	944059	944134	   0	  80	
 435	 435	  80	   3	 248	   2	   2	   4	  15	  24	  30	  80	  70	 689	946126	946374	   0	  80	
 436	 436	  70	   3	 858	   3	   2	   4	  15	  25	  30	  80	  70	 408	948076	948934	   0	  80	
 437	 437	  30	   2	 332	   1	   1	   5	  15	  25	  30	  80	  70	 587	950826	951158	   0	  70	
 438	 438	  70	   3	 337	   3	   2	   5	  15	  26	  30	  80	  70	 645	953109	953446	   0	  70	
 439	 439	  30	   4	 706	   1	   2	   6	  15	  26	  30	  80	  70	 335	955092	955798	   0	  70	
 440	 440	  70	   3	 464	   3	   2	   6	  15	  27	  30	  80	  70	 416	957526	957990	   0	  70	
 441	 441	  80	   3	  50	   2	   2	   6	  16	  27	  30	  80	  70	 569	959876	959926	   0	  70	
 442	 442	  70	   4	 399	   3	   2	   6	  16	  28	  30	  80	  70	 317	961559	961958	   0	  70	
 443	 443	  30	   3	1831	   1	   2	   7	  16	  28	  30	  80	  70	 484	963759	965590	   0	  70	
 444	 444	  80	   3	 276	   2	   2	   7	  17	  28	  30	  80	  70	 560	967442	967718	   0	  70	
 445	 445	  30	   4	1163	   1	   2	   8	  17	  28	  30	  80	  70	 638	969659	970822	   0	  70	
 446	 446	  80	   4	1376	   2	   2	   8	  18	  28	  30	  80	  70	 596	972709	974085	   0	  70	
 447	 447	  30	   4	 215	   1	   2	   9	  18	  28	  30	  80	  70	 381	975758	975973	   0	  70	
 448	 448	  80	   3	1539	   2	   2	   9	  19	  28	  30	  80	  70	 581	977842	979381	   0	  70	
 449	 449	  30	   4	 709	   1	   2	  10	  19	  28	  30	  80	  70	 328	981008	981717	   0	  70	
 450	 450	  70	   3	 911	   3	   2	  10	  19	  29	  30	  80	  70	 533	983558	984469	   0	  70	
 451	 451	  30	   3	1379	   1	   2	  11	  19	  29	  30	  80	  70	 466	986258	987637	   0	  70	
 452	 452	  80	   3	1393	   2	   2	  11	  20	  29	  30	  80	  70	 570	989508	990901	   0	  70	
 453	 453	  70	   3	 336	   3	   2	  11	  20	  30	  30	  80	  70	 532	992725	993061	   0	  70	
 454	 454	  80	   3	1531	   2	   2	  11	  21	  30	  30	  80	  70	 490	994858	996389	   0	  70	
 455	 455	  30	   4	 168	   1	   2	  12	  21	  30	  30	  80	  70	 459	998141	998309	   0	  70	
 456	 456	  80	   3	1427	   2	   2	  12	  22	  30	  30	  80	  70	 636	1000258	1001685	   0	  70	
 457	 457	  70	   3	 684	   3	   2	  12	  22	  31	  30	  80	  70	 649	1003641	1004325	   0	  70	
 458	 458	  30	   4	 929	   1	   2	  13	  22	  31	  30	  80	  70	 667	1006308	1007237	   0	  70	
 459	 459	  70	   3	 191	   3	   2	  13	  22	  32	  30	  80	  70	 621	1009158	1009349	   0	  70	
 460	 460	  30	   3	 348	   1	   2	  14	  22	  32	  30	  80	  70	 587	1011241	1011589	   0	  70	
 461	 461	  80	   3	 500	   2	   2	  14	  23	  32	  30	  80	  70	 508	1013408	1013908	   0	  70	
 462	 462	  70	   1	 379	   3	   1	  14	  23	  33	  30	  80	  70	 444	1015657	1016036	   0	  80	
 463	 463	  30	   4	 157	   1	   2	  15	  23	  33	  30	  80	  70	 671	1018007	1018164	   0	  80	
 464	 464	  80	   3	 208	   2	   2	  15	  24	  33	  30	  80	  70	 449	1019924	1020132	   0	  80	
 465	 465	  30	   2	 323	   1	   1	  16	  24	  33	  30	  80	  70	 431	1021857	1022180	   0	  70	
 466	 466	  70	   2	 545	   3	   1	  16	  24	  34	  30	  80	  70	 428	1023907	1024452	   0	  60	
 467	 467	  80	   4	 188	   2	   2	  16	  25	  34	  30	  80	  70	 677	1026424	1026612	   0	  60	
 468	 468	  70	   3	 216	   3	   2	  16	  25	  35	  30	  80	  70	 621	1028540	1028756	   0	  60	
 469	 469	  30	   3	 445	   1	   2	  17	  25	  35	  30	  80	  70	 343	1030407	1030852	   0	  60	
 470	 470	  80	   1	 343	   2	   1	  17	  26	  35	  30	  80	  70	 404	1032557	1032900	   0	  70	
 471	 471	  30	   4	 497	   1	   2	  18	  26	  35	  30	  80	  70	 496	1034707	1035204	   0	  70	
 472	 472	  50	   4	  48	   3	   2	  18	  26	   1	  30	  80	  50	 605	1037124	1037172	   3	  70	
 473	 473	  30	   4	 325	   1	   2	  19	  26	   1	  30	  80	  50	 535	1039007	1039332	   0	  70	
 474	 474	  80	   3	 208	   2	   2	  19	  27	   1	  30	  80	  50	 510	1041140	1041348	   0	  70	
 475	 475	  30	   4	 272	   1	   2	  20	  27	   1	  30	  80	  50	 495	1043140	1043412	   0	  70	
 476	 476	  50	   3	 229	   3	   2	  20	  27	   2	  30	  80	  50	 695	1045407	1045636	   0	  70	
 477	 477	  80	   3	 304	   2	   2	  20	  28	   2	  30	  80	  50	 614	1047540	1047844	   0	  70	
 478	 478	  50	   4	 262	   3	   2	  20	  28	   3	  30	  80	  50	 634	1049790	1050052	   0	  70	
 479	 479	  80	   4	 261	   2	   2	  20	  29	   3	  30	  80	  50	 468	1051823	1052084	   0	  70	
 480	 480	  30	   4	 393	   1	   2	  21	  29	   3	  30	  80	  50	 333	1053723	1054116	   0	  70	
 481	 481	  50	   4	 342	   3	   2	  21	  29	   4	  30	  80	  50	 344	1055773	1056115	   0	  70	
 482	 482	  80	   3	 227	   2	   2	  21	  30	   4	  30	  80	  50	 428	1057840	1058067	   0	  70	
 483	 483	  50	   3	 404	   3	   2	  21	  30	   5	  30	  80	  50	 464	1059823	1060227	   0	  70	
 484	 484	  20	   3	 651	   2	   2	  21	   1	   5	  30	  20	  50	 485	1062040	1062691	   2	  70	
 485	 485	  30	   3	 567	   1	   2	  22	   1	   5	  30	  20	  50	 547	1064540	1065107	   0	  70	
 486	 486	  20	   4	 524	   2	   2	  22	   2	   5	  30	  20	  50	 399	1066823	1067347	   0	  70	
 487	 487	  50	   3	1536	   3	   2	  22	   2	   6	  30	  20	  50	 475	1069123	1070659	   0	  70	
 488	 488	  20	   4	 314	   2	   2	  22	   3	   6	  30	  20	  50	 522	1072489	1072803	   0	  70	
 489	 489	  30	   3	 330	   1	   2	  23	   3	   6	  30	  20	  50	 375	1074473	1074803	   0	  70	
 490	 490	  50	   3	 342	   3	   2	  23	   3	   7	  30	  20	  50	 487	1076589	1076931	   0	  70	
 491	 491	  30	   4	 324	   1	   2	  24	   3	   7	  30	  20	  50	 388	1078639	1078963	   0	  70	
 492	 492	  50	   3	 354	   3	   2	  24	   3	   8	  30	  20	  50	 424	1080689	1081043	   0	  70	
 493	 493	  20	   3	 261	   2	   2	  24	   4	   8	  30	  20	  50	 669	1083022	1083283	   0	  70	
 494	 494	  50	   4	 596	   3	   2	  24	   4	   9	  30	  20	  50	 458	1085039	1085635	   0	  70	
 495	 495	  30	   4	 511	   1	   2	  25	   4	   9	  30	  20	  50	 622	1087556	1088067	   0	  70	
 496	 496	  20	   4	 331	   2	   2	  25	   5	   9	  30	  20	  50	 309	1089672	1090003	   0	  70	
 497	 497	  50	   4	 281	   3	   2	  25	   5	  10	  30	  20	  50	 424	1091722	1092003	   0	  70	
 498	 498	  30	   4	 247	   1	   2	  26	   5	  10	  30	  20	  50	 441	1093739	1093986	   0	  70	
 499	 499	  50	   3	 503	   3	   2	  26	   5	  11	  30	  20	  50	 468	1095755	1096258	   0	  70	
 500	 500	  30	   4	 397	   1	   2	  27	   5	  11	  30	  20	  50	 448	1098005	1098402	   0	  70	
 501	 501	  50	   4	 307	   3	   2	  27	   5	  12	  30	  20	  50	 545	1100255	1100562	   0	  70	
 502	 502	  20	   4	 234	   2	   2	  27	   6	  12	  30	  20	  50	 607	1102472	1102706	   0	  70	
 503	 503	  30	   3	 246	   1	   2	  28	   6	  12	  30	  20	  50	 556	1104572	1104818	   0	  70	
 504	 504	  50	   3	 302	   3	   2	  28	   6	  13	  30	  20	  50	 656	1106772	1107074	   0	  70	
 505	 505	  30	   4	 519	   1	   2	  29	   6	  13	  30	  20	  50	 574	1108955	1109474	   0	  70	
 506	 506	  20	   4	 346	   2	   2	  29	   7	  13	  30	  20	  50	 489	1111272	1111618	   0	  70	
 507	 507	  50	   3	 258	   3	   2	  29	   7	  14	  30	  20	  50	 574	1113488	1113746	   0	  70	
 508	 508	  20	   4	 280	   2	   2	  29	   8	  14	  30	  20	  50	 682	1115722	1116002	   0	  70	
 509	 509	  50	   4	 242	   3	   2	  29	   8	  15	  30	  20	  50	 588	1117888	1118130	   0	  70	
 510	 510	  30	   4	 438	   1	   2	  30	   8	  15	  30	  20	  50	 360	1119788	1120226	   0	  70	
 511	 511	  50	   4	1202	   3	   2	  30	   8	  16	  30	  20	  50	 337	1121888	1123090	   0	  70	
 512	 512	  30	   4	 506	   1	   2	  31	   8	  16	  30	  20	  50	 485	1124888	1125394	   0	  70	
 513	 513	  20	   4	 419	   2	   2	  31	   9	  16	  30	  20	  50	 362	1127055	1127474	   0	  70	
 514	 514	  30	   4	 367	   1	   2	  32	   9	  16	  30	  20	  50	 360	1128771	1129138	   0	  70	
 515	 515	  50	   3	 259	   3	   2	  32	   9	  17	  30	  20	  50	 620	1131071	1131330	   0	  70	
 516	 516	  30	   4	  47	   1	   2	  33	   9	  17	  30	  20	  50	 546	1133171	1133218	   0	  70	
 517	 517	  20	   4	 499	   2	   2	  33	  10	  17	  30	  20	  50	 520	1135038	1135537	   0	  70	
 518	 518	  50	   4	   9	   3	   2	  33	  10	  18	  30	  20	  50	 460	1137304	1137313	   0	  70	
 519	 519	  20	   4	 336	   2	   2	  33	  11	  18	  30	  20	  50	 508	1139121	1139457	   0	  70	
 520	 520	  80	   4	 887	   1	   2	   1	  11	  18	  80	  20	  50	 551	1141338	1142225	   1	  70	
 521	 521	  20	   4	 245	   2	   2	   1	  12	  18	  80	  20	  50	 657	1144204	1144449	   0	  70	
 522	 522	  50	   3	  83	   3	   2	   1	  12	  19	  80	  20	  50	 496	1146238	1146321	   0	  70	
 523	 523	  80	   3	  37	   1	   2	   2	  12	  19	  80	  20	  50	 577	1148204	1148241	   0	  70	
 524	 524	  50	   4	 252	   3	   2	   2	  12	  20	  80	  20	  50	 497	1150037	1150289	   0	  70	
 525	 525	  80	   3	 431	   1	   2	   3	  12	  20	  80	  20	  50	 363	1151954	1152385	   0	  70	
 526	 526	  50	   4	 304	   3	   2	   3	  12	  21	  80	  20	  50	 663	1154337	1154641	   0	  70	
 527	 527	  80	   4	 446	   1	   2	   4	  12	  21	  80	  20	  50	 425	1156371	1156817	   0	  70	
 528	 528	  50	   4	 392	   3	   2	   4	  12	  22	  80	  20	  50	 423	1158537	1158929	   0	  70	
 529	 529	  80	   3	 292	   1	   2	   5	  12	  22	  80	  20	  50	 398	1160621	1160913	   0	  70	
 530	 530	  50	   3	 977	   3	   2	   5	  12	  23	  80	  20	  50	 502	1162720	1163697	   0	  70	
 531	 531	  80	   3	 338	   1	   2	   6	  12	  23	  80	  20	  50	 474	1165487	1165825	   0	  70	
 532	 532	  50	   3	 593	   3	   2	   6	  12	  24	  80	  20	  50	 586	1167120	1167713	   0	  70	
 533	 533	  80	   3	  85	   1	   2	   7	  12	  24	  80	  20	  50	 392	1169404	1169489	   0	  70	
 534	 534	  20	   4	 439	   2	   2	   7	  13	  24	  80	  20	  50	 579	1171370	1171809	   0	  70	
 535	 535	  50	   3	 251	   3	   2	   7	  13	  25	  80	  20	  50	 543	1173654	1173905	   0	  70	
 536	 536	  20	   1	 489	   2	   1	   7	  14	  25	  80	  20	  50	 494	1175703	1176192	   0	  80	
 537	 537	  80	   1	 583	   1	   1	   8	  14	  25	  80	  20	  50	 655	1178153	1178736	   0	  90	
 538	 538	  50	   3	 286	   3	   2	   8	  14	  26	  80	  20	  50	 330	1180370	1180656	   0	  90	
 539	 539	  20	   4	 399	   2	   2	   8	  15	  26	  80	  20	  50	 392	1182353	1182752	   0	  90	
 540	 540	  50	   4	 254	   3	   2	   8	  15	  27	  80	  20	  50	 305	1184370	1184624	   0	  90	
 541	 541	  20	   3	 137	   2	   2	   8	  16	  27	  80	  20	  50	 536	1186487	1186624	   0	  90	
 542	 542	  50	   2	 331	   3	   1	   8	  16	  28	  80	  20	  50	 518	1188453	1188784	   0	  80	
 543	 543	  20	   4	 292	   2	   2	   8	  17	  28	  80	  20	  50	 563	1190636	1190928	   0	  80	
 544	 544	  80	   3	 387	   1	   2	   9	  17	  28	  80	  20	  50	 417	1192653	1193040	   0	  80	
 545	 545	  20	   4	 543	   2	   2	   9	  18	  28	  80	  20	  50	 410	1194753	1195296	   0	  80	
 546	 546	  50	   1	 442	   3	   1	   9	  18	  29	  80	  20	  50	 687	1197286	1197728	   0	  90	
 547	 547	  20	   4	 384	   2	   2	   9	  19	  29	  80	  20	  50	 507	1199536	1199920	   0	  90	
 548	 548	  80	   1	 395	   1	   1	  10	  19	  29	  80	  20	  50	 438	1201669	1202064	   0	 100	
 549	 549	  50	   2	 343	   3	   1	  10	  19	  30	  80	  20	  50	 413	1203769	1204112	   0	  90	
 550	 550	  20	   2	 367	   2	   1	  10	  20	  30	  80	  20	  50	 542	1205953	1206320	   0	  80	
 551	 551	  80	   3	 266	   1	   2	  11	  20	  30	  80	  20	  50	 444	1208086	1208352	   0	  80	
 552	 552	  20	   2	 533	   2	   1	  11	  21	  30	  80	  20	  50	 561	1210219	1210752	   0	  70	
 553	 553	  80	   3	 390	   1	   2	  12	  21	  30	  80	  20	  50	 523	1212586	1212976	   0	  70	
 554	 554	  50	   1	 342	   3	   1	  12	  21	  31	  80	  20	  50	 697	1214969	1215311	   0	  80	
 555	 555	  20	   1	 367	   2	   1	  12	  22	  31	  80	  20	  50	 520	1217136	1217503	   0	  90	
 556	 556	  50	   4	 227	   3	   2	  12	  22	  32	  80	  20	  50	 625	1219436	1219663	   0	  90	
 557	 557	  80	   3	 221	   1	   2	  13	  22	  32	  80	  20	  50	 630	1221586	1221807	   0	  90	
 558	 558	  50	   4	 185	   3	   2	  13	  22	  33	  80	  20	  50	 586	1223702	1223887	   0	  90	
 559	 559	  80	   4	 227	   1	   2	  14	  22	  33	  80	  20	  50	 648	1225836	1226063	   0	  90	
 560	 560	  30	   4	  44	   3	   2	  14	  22	   1	  80	  20	  30	 658	1228035	1228079	   3	  90	
 561	 561	  80	   3	 241	   1	   2	  15	  22	   1	  80	  20	  30	 504	1229902	1230143	   0	  90	
 562	 562	  20	   4	 235	   2	   2	  15	  23	   1	  80	  20	  30	 608	1232052	1232287	   0	  90	
 563	 563	  30	   4	 332	   3	   2	  15	  23	   2	  80	  20	  30	 424	1234019	1234351	   0	  90	
 564	 564	  20	   4	 258	   2	   2	  15	  24	   2	  80	  20	  30	 610	1236269	1236527	   0	  90	
 565	 565	  80	   4	 538	   1	   2	  16	  24	   2	  80	  20	  30	 655	1238485	1239023	   0	  90	
 566	 566	  20	   4	 385	   2	   2	  16	  25	   2	  80	  20	  30	 382	1240702	1241087	   0	  90	
 567	 567	  80	   3	 116	   1	   2	  17	  25	   2	  80	  20	  30	 638	1243035	1243151	   0	  90	
 568	 568	  30	   4	 779	   3	   2	  17	  25	   3	  80	  20	  30	 403	1244868	1245647	   0	  90	
 569	 569	  20	   4	 554	   2	   2	  17	  26	   3	  80	  20	  30	 347	1247285	1247839	   0	  90	
 570	 570	  80	   3	 271	   1	   2	  18	  26	   3	  80	  20	  30	 429	1249568	1249839	   0	  90	
 571	 571	  20	   2	 304	   2	   1	  18	  27	   3	  80	  20	  30	 375	1251535	1251839	   0	  80	
 572	 572	  80	   1	 491	   1	   1	  19	  27	   3	  80	  20	  30	 527	1253668	1254159	   0	  90	
 573	 573	  30	   4	 487	   3	   2	  19	  27	   4	  80	  20	  30	 683	1256151	1256638	   0	  90	
 574	 574	  20	   3	 439	   2	   2	  19	  28	   4	  80	  20	  30	 614	1258551	1258990	   0	  90	
 575	 575	  30	   1	 259	   3	   1	  19	  28	   5	  80	  20	  30	 338	1260635	1260894	   0	 100	
 576	 576	  20	   2	 266	   2	   1	  19	  29	   5	  80	  20	  30	 666	1262868	1263134	   0	  90	
 577	 577	  80	   3	 205	   1	   2	  20	  29	   5	  80	  20	  30	 356	1264801	1265006	   0	  90	
 578	 578	  20	   2	 171	   2	   1	  20	  30	   5	  80	  20	  30	 525	1266835	1267006	   0	  80	
 579	 579	  30	   2	 457	   3	   1	  20	  30	   6	  80	  20	  30	 596	1268901	1269358	   0	  70	
 580	 580	  20	   4	 858	   2	   2	  20	  31	   6	  80	  20	  30	 632	1271284	1272142	   0	  70	
 581	 581	  80	   3	 481	   1	   2	  21	  31	   6	  80	  20	  30	 443	1273901	1274382	   0	  70	
 582	 582	  20	   4	1245	   2	   2	  21	  32	   6	  80	  20	  30	 327	1276001	1277246	   0	  70	
 583	 583	  30	   3	 305	   3	   2	  21	  32	   7	  80	  20	  30	 557	1279101	1279406	   0	  70	
 584	 584	  20	   4	 132	   2	   2	  21	  33	   7	  80	  20	  30	 308	1281018	1281150	   0	  70	
 585	 585	  30	   4	 179	   3	   2	  21	  33	   8	  80	  20	  30	 610	1283067	1283246	   0	  70	
 586	 586	  80	   4	 446	   1	   2	  22	  33	   8	  80	  20	  30	 642	1285184	1285630	   0	  70	
 587	 587	  30	   4	 621	   3	   2	  22	  33	   9	  80	  20	  30	 686	1287617	1288238	   0	  70	
 588	 588	  80	   3	 501	   1	   2	  23	  33	   9	  80	  20	  30	 666	1290217	1290718	   0	  70	
 589	 589	  20	   4	 371	   2	   2	  23	  34	   9	  80	  20	  30	 624	1292651	1293022	   0	  70	
 590	 590	  30	   3	 561	   3	   2	  23	  34	  10	  80	  20	  30	 381	1294700	1295261	   0	  70	
 591	 591	  80	   3	 407	   1	   2	  24	  34	  10	  80	  20	  30	 349	1296934	1297341	   0	  70	
 592	 592	  20	   4	 170	   2	   2	  24	  35	  10	  80	  20	  30	 624	1299267	1299437	   0	  70	
 593	 593	  80	   3	 433	   1	   2	  25	  35	  10	  80	  20	  30	 350	1301100	1301533	   0	  70	
 594	 594	  70	   3	1079	   2	   2	  25	   1	  10	  80	  70	  30	 484	1303350	1304429	   2	  70	
 595	 595	  80	   3	 414	   1	   2	  26	   1	  10	  80	  70	  30	 634	1306367	1306781	   0	  70	
 596	 596	  30	   4	 218	   3	   2	  26	   1	  11	  80	  70	  30	 405	1308483	1308701	   0	  70	
 597	 597	  80	   3	 622	   1	   2	  27	   1	  11	  80	  70	  30	 356	1310367	1310989	   0	  70	
 598	 598	  70	   3	 392	   2	   2	  27	   2	  11	  80	  70	  30	 644	1312933	1313325	   0	  70	
 599	 599	  80	   4	 274	   1	   2	  28	   2	  11	  80	  70	  30	 434	1315067	1315341	   0	  70	
 600	 600	  30	   4	 337	   3	   2	  28	   2	  12	  80	  70	  30	 463	1317100	1317437	   0	  70	
 601	 601	  80	   3	 236	   1	   2	  29	   2	  12	  80	  70	  30	 481	1319233	1319469	   0	  70	
 602	 602	  70	   3	 233	   2	   2	  29	   3	  12	  80	  70	  30	 531	1321300	1321533	   0	  70	
 603	 603	  30	   4	 275	   3	   2	  29	   3	  13	  80	  70	  30	 610	1323450	1323725	   0	  70	
 604	 604	  70	   3	 237	   2	   2	  29	   4	  13	  80	  70	  30	 580	1325600	1325837	   0	  70	
 605	 605	  30	   4	  73	   3	   2	  29	   4	  14	  80	  70	  30	 566	1327716	1327789	   0	  70	
 606	 606	  70	   4	 341	   2	   2	  29	   5	  14	  80	  70	  30	 313	1329400	1329741	   0	  70	
 607	 607	  30	   3	 264	   3	   2	  29	   5	  15	  80	  70	  30	 683	1331733	1331997	   0	  70	
 608	 608	  70	   3	 600	   2	   2	  29	   6	  15	  80	  70	  30	 411	1333700	1334300	   0	  70	
 609	 609	  30	   4	 116	   3	   2	  29	   6	  16	  80	  70	  30	 613	1336216	1336332	   0	  70	
 610	 610	  80	   3	 356	   1	   2	  30	   6	  16	  80	  70	  30	 578	1338216	1338572	   0	  70	
 611	 611	  70	   4	 169	   2	   2	  30	   7	  16	  80	  70	  30	 596	1340483	1340652	   0	  70	
 612	 612	  30	   4	 518	   3	   2	  30	   7	  17	  80	  70	  30	 601	1342566	1343084	   0	  70	
 613	 613	  70	   3	 581	   2	   2	  30	   8	  17	  80	  70	  30	 588	1344983	1345564	   0	  70	
 614	 614	  50	   4	  79	   1	   2	   1	   8	  17	  50	  70	  30	 676	1347549	1347628	   1	  70	
 615	 615	  70	   3	 504	   2	   2	   1	   9	  17	  50	  70	  30	 503	1348916	1349420	   0	  70	
 616	 616	  30	   4	 360	   3	   2	   1	   9	  18	  50	  70	  30	 584	1351316	1351676	   0	  70	
 617	 617	  50	   4	  90	   1	   2	   2	   9	  18	  50	  70	  30	 310	1353282	1353372	   0	  70	
 618	 618	  30	   3	 164	   3	   2	   2	   9	  19	  50	  70	  30	 334	1355016	1355180	   0	  70	
 619	 619	  70	   4	 886	   2	   2	   2	  10	  19	  50	  70	  30	 499	1356982	1357868	   0	  70	
 620	 620	  30	   3	 353	   3	   2	   2	  10	  20	  50	  70	  30	 328	1359499	1359852	   0	  70	
 621	 621	  70	   3	 307	   2	   2	   2	  11	  20	  50	  70	  30	 680	1361849	1362156	   0	  70	
 622	 622	  50	   4	 368	   1	   2	   3	  11	  20	  50	  70	  30	 470	1363932	1364300	   0	  70	
 623	 623	  70	   3	 323	   2	   2	   3	  12	  20	  50	  70	  30	 639	1366249	1366572	   0	  70	
 624	 624	  50	   3	1279	   1	   2	   4	  12	  20	  50	  70	  30	 484	1368365	1369644	   0	  70	
 625	 625	  30	   1	 273	   3	   1	   4	  12	  21	  50	  70	  30	 568	1371515	1371788	   0	  80	
 626	 626	  70	   3	 443	   2	   2	   4	  13	  21	  50	  70	  30	 578	1373665	1374108	   0	  80	
 627	 627	  50	   3	 334	   1	   2	   5	  13	  21	  50	  70	  30	 564	1375965	1376299	   0	  80	
 628	 628	  30	   4	 239	   3	   2	   5	  13	  22	  50	  70	  30	 317	1377932	1378171	   0	  80	
 629	 629	  50	   4	  41	   1	   2	   6	  13	  22	  50	  70	  30	 599	1380082	1380123	   0	  80	
 630	 630	  70	   3	 673	   2	   2	   6	  14	  22	  50	  70	  30	 465	1381882	1382555	   0	  80	
 631	 631	  30	   4	 505	   3	   2	   6	  14	  23	  50	  70	  30	 607	1384482	1384987	   0	  80	
 632	 632	  50	   3	 307	   1	   2	   7	  14	  23	  50	  70	  30	 364	1386648	1386955	   0	  80	
 633	 633	  70	   4	 267	   2	   2	   7	  15	  23	  50	  70	  30	 589	1388848	1389115	   0	  80	
 634	 634	  30	   4	 330	   3	   2	   7	  15	  24	  50	  70	  30	 439	1390865	1391195	   0	  80	
 635	 635	  50	   3	 214	   1	   2	   8	  15	  24	  50	  70	  30	 480	1392965	1393179	   0	  80	
 636	 636	  30	   2	 299	   3	   1	   8	  15	  25	  50	  70	  30	 375	1394848	1395147	   0	  70	
 637	 637	  50	   3	 270	   1	   2	   9	  15	  25	  50	  70	  30	 309	1396765	1397035	   0	  70	
 638	 638	  30	   4	 254	   3	   2	   9	  15	  26	  50	  70	  30	 432	1398765	1399019	   0	  70	
 639	 639	  70	   3	 322	   2	   2	   9	  16	  26	  50	  70	  30	 337	1400665	1400987	   0	  70	
 640	 640	  50	   2	 453	   1	   1	  10	  16	  26	  50	  70	  30	 308	1402598	1403051	   0	  60	
 641	 641	  70	   3	 294	   2	   2	  10	  17	  26	  50	  70	  30	 600	1404981	1405275	   0	  60	
 642	 642	  30	   1	 472	   3	   1	  10	  17	  27	  50	  70	  30	 365	1406931	1407403	   0	  70	
 643	 643	  50	   1	 339	   1	   1	  11	  17	  27	  50	  70	  30	 339	1409048	1409387	   0	  80	
 644	 644	  70	   1	 423	   2	   1	  11	  18	  27	  50	  70	  30	 662	1411348	1411771	   0	  90	
 645	 645	  30	   4	 219	   3	   2	  11	  18	  28	  50	  70	  30	 591	1413664	1413883	   0	  90	
 646	 646	  70	   4	  73	   2	   2	  11	  19	  28	  50	  70	  30	 497	1415681	1415754	   0	  90	
 647	 647	  50	   4	 279	   1	   2	  12	  19	  28	  50	  70	  30	 692	1417747	1418026	   0	  90	
 648	 648	  30	   4	 251	   3	   2	  12	  19	  29	  50	  70	  30	 309	1419631	1419882	   0	  90	
 649	 649	  50	   4	 235	   1	   2	  13	  19	  29	  50	  70	  30	 458	1421647	1421882	   0	  90	
 650	 650	  30	   3	 323	   3	   2	  13	  19	  30	  50	  70	  30	 661	1423847	1424170	   0	  90	
 651	 651	  70	   4	 300	   2	   2	  13	  20	  30	  50	  70	  30	 530	1426014	1426314	   0	  90	
 652	 652	  30	   4	  18	   3	   2	  13	  20	   1	  50	  70	  30	 633	1428264	1428282	   0	  90	
 653	 653	  50	   3	 424	   1	   2	  14	  20	   1	  50	  70	  30	 528	1430114	1430538	   0	  90	
 654	 654	  70	   4	 169	   2	   2	  14	  21	   1	  50	  70	  30	 654	1432497	1432666	   0	  90	
 655	 655	  50	   3	 302	   1	   2	  15	  21	   1	  50	  70	  30	 407	1434380	1434682	   0	  90	
 656	 656	  70	   3	  88	   2	   2	  15	  22	   1	  50	  70	  30	 547	1436530	1436618	   0	  90	
 657	 657	  30	   4	 204	   3	   2	  15	  22	   2	  50	  70	  30	 496	1438414	1438618	   0	  90	
 658	 658	  50	   4	 484	   1	   2	  16	  22	   2	  50	  70	  30	 311	1440230	1440714	   0	  90	
 659	 659	  30	   4	 229	   3	   2	  16	  22	   3	  50	  70	  30	 584	1442613	1442842	   0	  90	
 660	 660	  70	   3	 142	   2	   2	  16	  23	   3	  50	  70	  30	 639	1444780	1444922	   0	  90	
 661	 661	  30	   4	 787	   3	   2	  16	  23	   4	  50	  70	  30	 422	1446663	1447450	   0	  90	
 662	 662	  70	   3	1183	   2	   2	  16	  24	   4	  50	  70	  30	 410	1449163	1450346	   0	  90	
 663	 663	  30	   3	 830	   3	   2	  16	  24	   5	  50	  70	  30	 320	1451980	1452810	   0	  90	
 664	 664	  70	   3	 276	   2	   2	  16	  25	   5	  50	  70	  30	 515	1454613	1454889	   0	  90	
 665	 665	  50	   3	 491	   1	   2	  17	  25	   5	  50	  70	  30	 639	1456830	1457321	   0	  90	
 666	 666	  30	   4	 369	   3	   2	  17	  25	   6	  50	  70	  30	 470	1459096	1459465	   0	  90	
 667	 667	  70	   3	 547	   2	   2	  17	  26	   6	  50	  70	  30	 658	1461430	1461977	   0	  90	
 668	 668	  30	   3	1082	   3	   2	  17	  26	   7	  50	  70	  30	 397	1463663	1464745	   0	  90	
 669	 669	  50	   4	 464	   1	   2	  18	  26	   7	  50	  70	  30	 652	1466713	1467177	   0	  90	
 670	 670	  70	   4	 274	   2	   2	  18	  27	   7	  50	  70	  30	 585	1469063	1469337	   0	  90	
 671	 671	  50	   3	1027	   1	   2	  19	  27	   7	  50	  70	  30	 395	1471046	1472073	   0	  90	
 672	 672	  30	   4	 993	   3	   2	  19	  27	   8	  50	  70	  30	 518	1473896	1474889	   0	  90	
 673	 673	  70	   3	 991	   2	   2	  19	  28	   8	  50	  70	  30	 558	1476746	1477737	   0	  90	
 674	 674	  30	   2	 225	   3	   1	  19	  28	   9	  50	  70	  30	 452	1479496	1479721	   0	  80	
 675	 675	  50	   4	1724	   1	   2	  20	  28	   9	  50	  70	  30	 604	1481629	1483353	   0	  80	
 676	 676	  70	   3	 529	   2	   2	  20	  29	   9	  50	  70	  30	 452	1485112	1485641	   0	  80	
 677	 677	  30	   3	 175	   3	   2	  20	  29	  10	  50	  70	  30	 615	1487546	1487721	   0	  80	
 678	 678	  50	   3	1684	   1	   2	  21	  29	  10	  50	  70	  30	 402	1489429	1491113	   0	  80	
 679	 679	  70	   4	 391	   2	   2	  21	  30	  10	  50	  70	  30	 540	1492962	1493353	   0	  80	
 680	 680	  50	   3	 490	   1	   2	  22	  30	  10	  50	  70	  30	 615	1495262	1495752	   0	  80	
 681	 681	  30	   4	 137	   3	   2	  22	  30	  11	  50	  70	  30	 589	1497679	1497816	   0	  80	
 682	 682	  50	   3	 689	   1	   2	  23	  30	  11	  50	  70	  30	 363	1499479	1500168	   0	  80	
 683	 683	  30	   2	 674	   3	   1	  23	  30	  12	  50	  70	  30	 397	1501862	1502536	   0	  70	
 684	 684	  50	   4	 175	   1	   2	  24	  30	  12	  50	  70	  30	 491	1504329	1504504	   0	  70	
 685	 685	  70	   3	 875	   2	   2	  24	  31	  12	  50	  70	  30	 629	1506429	1507304	   0	  70	
 686	 686	  50	   4	 441	   1	   2	  25	  31	  12	  50	  70	  30	 696	1509295	1509736	   0	  70	
 687	 687	  70	   3	  97	   2	   2	  25	  32	  12	  50	  70	  30	 465	1511495	1511592	   0	  70	
 688	 688	  50	   2	 199	   1	   1	  26	  32	  12	  50	  70	  30	 451	1513345	1513544	   0	  60	
 689	 689	  30	   4	 516	   3	   2	  26	  32	  13	  50	  70	  30	 563	1515412	1515928	   0	  60	
 690	 690	  50	   4	 231	   1	   2	  27	  32	  13	  50	  70	  30	 511	1517745	1517976	   0	  60	
 691	 691	  30	   4	 360	   3	   2	  27	  32	  14	  50	  70	  30	 437	1519728	1520088	   0	  60	
 692	 692	  70	   3	  77	   2	   2	  27	  33	  14	  50	  70	  30	 607	1521995	1522072	   0	  60	
 693	 693	  30	   3	 490	   3	   2	  27	  33	  15	  50	  70	  30	 309	1523678	1524168	   0	  60	
 694	 694	  50	   1	 257	   1	   1	  28	  33	  15	  50	  70	  30	 421	1525895	1526152	   0	  70	
 695	 695	  70	   4	 298	   2	   2	  28	  34	  15	  50	  70	  30	 618	1528078	1528376	   0	  70	
 696	 696	  30	   4	1295	   3	   2	  28	  34	  16	  50	  70	  30	 696	1530361	1531656	   0	  70	
 697	 697	  50	   4	1257	   1	   2	  29	  34	  16	  50	  70	  30	 351	1533311	1534568	   0	  70	
 698	 698	  30	   4	 569	   3	   2	  29	  34	  17	  50	  70	  30	 623	1536494	1537063	   0	  70	
 699	 699	  50	   3	 343	   1	   2	  30	  34	  17	  50	  70	  30	 577	1538944	1539287	   0	  70	
 700	 700	  30	   4	 633	   3	   2	  30	  34	  18	  50	  70	  30	 311	1540894	1541527	   0	  70	
 701	 701	  70	   3	 823	   2	   2	  30	  35	  18	  50	  70	  30	 450	1543328	1544151	   0	  70	
 702	 702	  30	   3	 250	   3	   2	  30	  35	  19	  50	  70	  30	 615	1546061	1546311	   0	  70	
 703	 703	  50	   4	 347	   1	   2	  31	  35	  19	  50	  70	  30	 418	1548044	1548391	   0	  70	
 704	 704	  30	   3	 174	   3	   2	  31	  35	  20	  50	  70	  30	 688	1550377	1550551	   0	  70	
NaN	 705	  50	NaN	NaN	   1	   3	  31	  35	  20	  50	  70	  30	 644	1550377	NaN	   0	  70	
 705	 706	  70	   3	  55	   2	   2	  31	   1	  20	  50	  70	  30	 367	1556144	1556199	   0	  70	
 706	 707	  50	   4	  30	   1	   2	  32	   1	  20	  50	  70	  30	 474	1557977	1558007	   0	  70	
 707	 708	  30	   3	 272	   3	   2	  32	   1	  21	  50	  70	  30	 618	1559927	1560199	   0	  70	
 708	 709	  50	   3	 403	   1	   2	  33	   1	  21	  50	  70	  30	 349	1561860	1562263	   0	  70	
 709	 710	  30	   4	 119	   3	   2	  33	   1	  22	  50	  70	  30	 593	1564160	1564279	   0	  70	
 710	 711	  70	   3	 289	   2	   2	  33	   2	  22	  50	  70	  30	 308	1565894	1566183	   0	  70	
 711	 712	  50	   4	 115	   1	   2	   1	   2	  22	  50	  70	  30	 345	1567860	1567975	   0	  70	
