Version: 1	Number of symbols: 3	Pictures exchange: true	Response Deadline: 2000
Trial_No	Virt_Trial_No	Prob_Shown	Feedback	RT	Stimulus_No	Resp	SymbolA_Stage	SymbolB_Stage	SymbolC_Stage	Prob_A	Prob_B	Prob_C	Jitter	StimOnset	RespOnset	Symbol_Changes	Bonus_sum
NaN	   1	  30	NaN	NaN	   1	   3	   0	   0	   0	  30	  70	  50	 305	   0	NaN	   0	   0	
   1	   2	  50	   2	1045	   3	   1	   0	   0	   1	  30	  70	  50	 317	5074	6119	   0	 -10	
   2	   3	  30	   2	 632	   1	   1	   1	   0	   1	  30	  70	  50	 549	7967	8599	   0	 -20	
   3	   4	  50	   3	 570	   3	   2	   1	   0	   2	  30	  70	  50	 547	10445	11015	   0	 -20	
   4	   5	  70	   3	 675	   2	   2	   1	   1	   2	  30	  70	  50	 428	12740	13415	   0	 -20	
   5	   6	  30	   4	 422	   1	   2	   2	   1	   2	  30	  70	  50	 465	15185	15607	   0	 -20	
   6	   7	  50	   2	 398	   3	   1	   2	   1	   3	  30	  70	  50	 607	17513	17911	   0	 -30	
   7	   8	  70	   1	 373	   2	   1	   2	   2	   3	  30	  70	  50	 649	19858	20231	   0	 -20	
   8	   9	  50	   4	 807	   3	   2	   2	   2	   4	  30	  70	  50	 349	21887	22694	   0	 -20	
   9	  10	  30	   4	 419	   1	   2	   3	   2	   4	  30	  70	  50	 545	24531	24950	   0	 -20	
  10	  11	  50	   1	 630	   3	   1	   3	   2	   5	  30	  70	  50	 327	26576	27206	   0	 -10	
  11	  12	  70	   1	 750	   2	   1	   3	   3	   5	  30	  70	  50	 375	28888	29638	   0	   0	
  12	  13	  50	   4	1076	   3	   2	   3	   3	   6	  30	  70	  50	 346	31282	32358	   0	   0	
  13	  14	  70	   2	 696	   2	   1	   3	   4	   6	  30	  70	  50	 452	34110	34806	   0	 -10	
  14	  15	  50	   1	1291	   3	   1	   3	   4	   7	  30	  70	  50	 494	36587	37878	   0	   0	
  15	  16	  30	   3	 649	   1	   2	   4	   4	   7	  30	  70	  50	 404	39581	40230	   0	   0	
  16	  17	  70	   2	 605	   2	   1	   4	   5	   7	  30	  70	  50	 484	42025	42630	   0	 -10	
  17	  18	  50	   1	 488	   3	   1	   4	   5	   8	  30	  70	  50	 333	44270	44758	   0	   0	
  18	  19	  70	   1	 434	   2	   1	   4	   6	   8	  30	  70	  50	 470	46532	46966	   0	  10	
  19	  20	  30	   3	 991	   1	   2	   5	   6	   8	  30	  70	  50	 461	48727	49718	   0	  10	
  20	  21	  50	   2	1064	   3	   1	   5	   6	   9	  30	  70	  50	 427	51438	52502	   0	   0	
  21	  22	  30	   2	 309	   1	   1	   6	   6	   9	  30	  70	  50	 650	54481	54790	   0	 -10	
  22	  23	  50	   1	 390	   3	   1	   6	   6	  10	  30	  70	  50	 476	56560	56950	   0	   0	
  23	  24	  30	   4	 401	   1	   2	   7	   6	  10	  30	  70	  50	 579	58821	59222	   0	   0	
  24	  25	  70	   3	 626	   2	   2	   7	   7	  10	  30	  70	  50	 371	60900	61526	   0	   0	
  25	  26	  50	   3	 531	   3	   2	   7	   7	  11	  30	  70	  50	 594	63411	63942	   0	   0	
  26	  27	  30	   4	 634	   1	   2	   8	   7	  11	  30	  70	  50	 495	65723	66357	   0	   0	
  27	  28	  50	   2	 639	   3	   1	   8	   7	  12	  30	  70	  50	 462	68118	68757	   0	 -10	
  28	  29	  70	   1	 494	   2	   1	   8	   8	  12	  30	  70	  50	 615	70679	71173	   0	   0	
  29	  30	  50	   1	 770	   3	   1	   8	   8	  13	  30	  70	  50	 655	73123	73893	   0	  10	
  30	  31	  70	   1	 892	   2	   1	   8	   9	  13	  30	  70	  50	 598	75801	76693	   0	  20	
  31	  32	  50	   1	 978	   3	   1	   8	   9	  14	  30	  70	  50	 610	78611	79589	   0	  30	
  32	  33	  30	   4	 581	   1	   2	   9	   9	  14	  30	  70	  50	 600	81488	82069	   0	  30	
  33	  34	  70	   4	 432	   2	   2	   9	  10	  14	  30	  70	  50	 359	83733	84165	   0	  30	
  34	  35	  30	   3	 993	   1	   2	  10	  10	  14	  30	  70	  50	 333	85812	86805	   0	  30	
  35	  36	  70	   3	 799	   2	   2	  10	  11	  14	  30	  70	  50	 301	88406	89205	   0	  30	
  36	  37	  50	   4	 538	   3	   2	  10	  11	  15	  30	  70	  50	 557	91067	91605	   0	  30	
  37	  38	  30	   4	1231	   1	   2	  11	  11	  15	  30	  70	  50	 574	93478	94709	   0	  30	
  38	  39	  70	   2	 448	   2	   1	  11	  12	  15	  30	  70	  50	 386	96405	96853	   0	  20	
  39	  40	  30	   3	 786	   1	   2	  12	  12	  15	  30	  70	  50	 314	98467	99253	   0	  20	
  40	  41	  50	   1	 370	   3	   1	  12	  12	  16	  30	  70	  50	 449	101011	101381	   0	  30	
  41	  42	  70	   1	 475	   2	   1	  12	  13	  16	  30	  70	  50	 585	103290	103765	   0	  40	
  42	  43	  30	   4	 684	   1	   2	  13	  13	  16	  30	  70	  50	 324	105385	106069	   0	  40	
  43	  44	  70	   1	 890	   2	   1	  13	  14	  16	  30	  70	  50	 582	107963	108853	   0	  50	
  44	  45	  50	   4	 365	   3	   2	  13	  14	  17	  30	  70	  50	 698	110856	111221	   0	  50	
  45	  46	  30	   2	 479	   1	   1	  14	  14	  17	  30	  70	  50	 375	112885	113364	   0	  40	
  46	  47	  70	   1	 492	   2	   1	  14	  15	  17	  30	  70	  50	 409	115064	115556	   0	  50	
  47	  48	  30	   4	 667	   1	   2	  15	  15	  17	  30	  70	  50	 359	117209	117876	   0	  50	
  48	  49	  70	   2	 720	   2	   1	  15	  16	  17	  30	  70	  50	 439	119620	120340	   0	  40	
  49	  50	  30	   3	 366	   1	   2	  16	  16	  17	  30	  70	  50	 573	122214	122580	   0	  40	
  50	  51	  70	   1	 599	   2	   1	  16	  17	  17	  30	  70	  50	 619	124509	125108	   0	  50	
  51	  52	  30	   4	 390	   1	   2	  17	  17	  17	  30	  70	  50	 619	127054	127444	   0	  50	
  52	  53	  70	   1	 406	   2	   1	  17	  18	  17	  30	  70	  50	 430	129166	129572	   0	  60	
  53	  54	  30	   4	 542	   1	   2	  18	  18	  17	  30	  70	  50	 623	131494	132036	   0	  60	
  54	  55	  70	   2	 298	   2	   1	  18	  19	  17	  30	  70	  50	 366	133706	134004	   0	  50	
  55	  56	  50	   2	 839	   3	   1	  18	  19	  18	  30	  70	  50	 581	135901	136740	   0	  40	
  56	  57	  30	   1	 418	   1	   1	  19	  19	  18	  30	  70	  50	 532	138578	138996	   0	  50	
  57	  58	  70	   1	1159	   2	   1	  19	  20	  18	  30	  70	  50	 695	140989	142148	   0	  60	
  58	  59	  50	   3	1543	   3	   2	  19	  20	  19	  30	  70	  50	 486	143933	145476	   0	  60	
  59	  60	  30	   4	 485	   1	   2	  20	  20	  19	  30	  70	  50	 585	147359	147844	   0	  60	
  60	  61	  50	   2	 962	   3	   1	  20	  20	  20	  30	  70	  50	 414	149554	150516	   0	  50	
  61	  62	  70	   3	 661	   2	   2	  20	  21	  20	  30	  70	  50	 620	152447	153108	   0	  50	
  62	  63	  50	   4	 769	   3	   2	  20	  21	  21	  30	  70	  50	 667	155075	155844	   0	  50	
  63	  64	  70	   2	 737	   2	   1	  20	  22	  21	  30	  70	  50	 437	157586	158323	   0	  40	
  64	  65	  50	   3	 564	   3	   2	  20	  22	  22	  30	  70	  50	 403	160031	160595	   0	  40	
  65	  66	  30	   4	 630	   1	   2	  21	  22	  22	  30	  70	  50	 611	162509	163139	   0	  40	
  66	  67	  70	   1	 522	   2	   1	  21	  23	  22	  30	  70	  50	 512	164953	165475	   0	  50	
  67	  68	  30	   3	 966	   1	   2	  22	  23	  22	  30	  70	  50	 407	167181	168147	   0	  50	
  68	  69	  50	   4	 894	   3	   2	  22	  23	  23	  30	  70	  50	 470	169925	170819	   0	  50	
  69	  70	  70	   1	1279	   2	   1	  22	  24	  23	  30	  70	  50	 314	172420	173699	   0	  60	
  70	  71	  50	   2	1172	   3	   1	  22	  24	  24	  30	  70	  50	 655	175663	176835	   0	  50	
  71	  72	  70	   1	 901	   2	   1	  22	  25	  24	  30	  70	  50	 447	178590	179491	   0	  60	
  72	  73	  50	   3	 597	   3	   2	  22	  25	  25	  30	  70	  50	 346	181134	181731	   0	  60	
  73	  74	  70	   4	 883	   2	   2	  22	  26	  25	  30	  70	  50	 685	183712	184595	   0	  60	
  74	  75	  50	   2	 578	   3	   1	  22	  26	  26	  30	  70	  50	 388	186289	186867	   0	  50	
  75	  76	  70	   1	 950	   2	   1	  22	  27	  26	  30	  70	  50	 562	188717	189667	   0	  60	
  76	  77	  50	   3	 778	   3	   2	  22	  27	  27	  30	  70	  50	 611	191577	192355	   0	  60	
  77	  78	  70	   1	 791	   2	   1	  22	  28	  27	  30	  70	  50	 534	194188	194979	   0	  70	
  78	  79	  50	   1	 718	   3	   1	  22	  28	  28	  30	  70	  50	 673	196949	197667	   0	  80	
  79	  80	  30	   4	 894	   1	   2	  23	  28	  28	  30	  70	  50	 499	199477	200371	   0	  80	
  80	  81	  70	   2	 527	   2	   1	  23	  29	  28	  30	  70	  50	 322	201988	202515	   0	  70	
  81	  82	  30	   4	 805	   1	   2	  24	  29	  28	  30	  70	  50	 500	204333	205138	   0	  70	
  82	  83	  50	   4	 452	   3	   2	  24	  29	  29	  30	  70	  50	 480	206910	207362	   0	  70	
  83	  84	  30	   4	 531	   1	   2	  25	  29	  29	  30	  70	  50	 394	209055	209586	   0	  70	
  84	  85	  70	   1	 372	   2	   1	  25	  30	  29	  30	  70	  50	 659	211550	211922	   0	  80	
  85	  86	  50	   1	 503	   3	   1	  25	  30	  30	  30	  70	  50	 360	213579	214082	   0	  90	
  86	  87	  70	   3	 606	   2	   2	  25	  31	  30	  30	  70	  50	 534	215924	216530	   0	  90	
  87	  88	  30	   4	 947	   3	   2	  25	  31	   1	  30	  70	  30	 478	218335	219282	   3	  90	
  88	  89	  30	   3	 982	   1	   2	  26	  31	   1	  30	  70	  30	 647	221228	222210	   0	  90	
  89	  90	  70	   2	 569	   2	   1	  26	  32	   1	  30	  70	  30	 573	224089	224658	   0	  80	
  90	  91	  30	   3	1022	   3	   2	  26	  32	   2	  30	  70	  30	 536	226500	227522	   0	  80	
  91	  92	  70	   1	 826	   2	   1	  26	  33	   2	  30	  70	  30	 311	229144	229970	   0	  90	
  92	  93	  30	   4	1788	   1	   2	  27	  33	   2	  30	  70	  30	 351	231622	233410	   0	  90	
  93	  94	  30	   2	 965	   3	   1	  27	  33	   3	  30	  70	  30	 467	235181	236146	   0	  80	
  94	  95	  30	   4	1478	   1	   2	  28	  33	   3	  30	  70	  30	 678	238124	239602	   0	  80	
  95	  96	  20	   4	 801	   2	   2	  28	   1	   3	  30	  20	  30	 657	241633	242434	   2	  80	
  96	  97	  30	   1	 756	   1	   1	  29	   1	   3	  30	  20	  30	 348	244078	244834	   0	  90	
  97	  98	  30	   2	 959	   3	   1	  29	   1	   4	  30	  20	  30	 625	246755	247714	   0	  80	
  98	  99	  30	   2	 634	   1	   1	  30	   1	   4	  30	  20	  30	 377	249383	250017	   0	  70	
  99	 100	  30	   4	 910	   3	   2	  30	   1	   5	  30	  20	  30	 500	251827	252737	   0	  70	
 100	 101	  20	   4	 978	   2	   2	  30	   2	   5	  30	  20	  30	 632	254671	255649	   0	  70	
 101	 102	  30	   4	 788	   1	   2	  31	   2	   5	  30	  20	  30	 624	257581	258369	   0	  70	
 102	 103	  20	   3	1005	   2	   2	  31	   3	   5	  30	  20	  30	 628	260292	261297	   0	  70	
 103	 104	  30	   3	 641	   3	   2	  31	   3	   6	  30	  20	  30	 541	263136	263777	   0	  70	
 104	 105	  20	   2	 832	   2	   1	  31	   4	   6	  30	  20	  30	 626	265697	266529	   0	  60	
 105	 106	  30	   2	 673	   3	   1	  31	   4	   7	  30	  20	  30	 379	268208	268881	   0	  50	
 106	 107	  20	   2	 727	   2	   1	  31	   5	   7	  30	  20	  30	 420	270602	271329	   0	  40	
 107	 108	  30	   4	 371	   3	   2	  31	   5	   8	  30	  20	  30	 605	273230	273601	   0	  40	
 108	 109	  20	   3	 363	   2	   2	  31	   6	   8	  30	  20	  30	 648	275558	275921	   0	  40	
 109	 110	  30	   3	 599	   1	   2	  32	   6	   8	  30	  20	  30	 558	277770	278369	   0	  40	
 110	 111	  30	   4	 483	   3	   2	  32	   6	   9	  30	  20	  30	 313	279982	280465	   0	  40	
 111	 112	  20	   4	 360	   2	   2	  32	   7	   9	  30	  20	  30	 605	282393	282753	   0	  40	
 112	 113	  30	   3	 885	   3	   2	  32	   7	  10	  30	  20	  30	 530	284572	285457	   0	  40	
 113	 114	  30	   2	 621	   1	   1	  33	   7	  10	  30	  20	  30	 570	287332	287953	   0	  30	
 114	 115	  30	   3	1068	   3	   2	  33	   7	  11	  30	  20	  30	 647	289893	290961	   0	  30	
 115	 116	  30	   4	 597	   1	   2	  34	   7	  11	  30	  20	  30	 362	292620	293217	   0	  30	
 116	 117	  30	   4	 653	   3	   2	  34	   7	  12	  30	  20	  30	 396	294899	295552	   0	  30	
 117	 118	  30	   4	 639	   1	   2	  35	   7	  12	  30	  20	  30	 525	297377	298016	   0	  30	
 118	 119	  30	   4	 585	   3	   2	  35	   7	  13	  30	  20	  30	 347	299655	300240	   0	  30	
 119	 120	  20	   4	 989	   2	   2	  35	   8	  13	  30	  20	  30	 544	302083	303072	   0	  30	
 120	 121	  80	   1	 928	   1	   1	   1	   8	  13	  80	  20	  30	 587	304976	305904	   1	  40	
 121	 122	  30	   4	 837	   3	   2	   1	   8	  14	  80	  20	  30	 572	307787	308624	   0	  40	
 122	 123	  80	   1	1172	   1	   1	   2	   8	  14	  80	  20	  30	 428	310348	311520	   0	  50	
 123	 124	  30	   3	 660	   3	   2	   2	   8	  15	  80	  20	  30	 484	313308	313968	   0	  50	
 124	 125	  80	   2	 452	   1	   1	   3	   8	  15	  80	  20	  30	 592	315852	316304	   0	  40	
 125	 126	  30	   4	 448	   3	   2	   3	   8	  16	  80	  20	  30	 464	318064	318512	   0	  40	
 126	 127	  80	   1	 416	   1	   1	   4	   8	  16	  80	  20	  30	 363	320176	320592	   0	  50	
 127	 128	  30	   4	 553	   3	   2	   4	   8	  17	  80	  20	  30	 574	322471	323024	   0	  50	
 128	 129	  20	   4	 755	   2	   2	   4	   9	  17	  80	  20	  30	 406	324733	325488	   0	  50	
 129	 130	  80	   1	 634	   1	   1	   5	   9	  17	  80	  20	  30	 302	327094	327728	   0	  60	
 130	 131	  30	   4	 410	   3	   2	   5	   9	  18	  80	  20	  30	 612	329638	330048	   0	  60	
 131	 132	  80	   2	 520	   1	   1	   6	   9	  18	  80	  20	  30	 421	331784	332304	   0	  50	
 132	 133	  30	   3	 350	   3	   2	   6	   9	  19	  80	  20	  30	 568	334178	334528	   0	  50	
 133	 134	  80	   1	 542	   1	   1	   7	   9	  19	  80	  20	  30	 437	336274	336816	   0	  60	
 134	 135	  20	   4	 741	   2	   2	   7	  10	  19	  80	  20	  30	 521	338635	339376	   0	  60	
 135	 136	  80	   1	 587	   1	   1	   8	  10	  19	  80	  20	  30	 311	340980	341567	   0	  70	
 136	 137	  20	   3	 753	   2	   2	   8	  11	  19	  80	  20	  30	 495	343358	344111	   0	  70	
 137	 138	  80	   1	 568	   1	   1	   9	  11	  19	  80	  20	  30	 310	345719	346287	   0	  80	
 138	 139	  20	   4	 717	   2	   2	   9	  12	  19	  80	  20	  30	 513	348098	348815	   0	  80	
 139	 140	  30	   2	 560	   3	   1	   9	  12	  20	  80	  20	  30	 444	350559	351119	   0	  70	
 140	 141	  80	   1	 556	   1	   1	  10	  12	  20	  80	  20	  30	 372	352787	353343	   0	  80	
 141	 142	  30	   3	 630	   3	   2	  10	  12	  21	  80	  20	  30	 403	355065	355695	   0	  80	
 142	 143	  20	   2	 696	   2	   1	  10	  13	  21	  80	  20	  30	 561	357543	358239	   0	  70	
 143	 144	  80	   2	 652	   1	   1	  11	  13	  21	  80	  20	  30	 433	359971	360623	   0	  60	
 144	 145	  30	   4	 320	   3	   2	  11	  13	  22	  80	  20	  30	 475	362399	362719	   0	  60	
 145	 146	  20	   4	 614	   2	   2	  11	  14	  22	  80	  20	  30	 327	364345	364959	   0	  60	
 146	 147	  30	   4	 561	   3	   2	  11	  14	  23	  80	  20	  30	 330	366590	367151	   0	  60	
 147	 148	  20	   4	 737	   2	   2	  11	  15	  23	  80	  20	  30	 674	369118	369855	   0	  60	
 148	 149	  80	   3	 461	   1	   2	  12	  15	  23	  80	  20	  30	 621	371778	372239	   0	  60	
 149	 150	  20	   4	 396	   2	   2	  12	  16	  23	  80	  20	  30	 370	373907	374303	   0	  60	
 150	 151	  80	   3	 462	   1	   2	  13	  16	  23	  80	  20	  30	 370	375969	376431	   0	  60	
 151	 152	  20	   4	 748	   2	   2	  13	  17	  23	  80	  20	  30	 385	378131	378879	   0	  60	
 152	 153	  30	   4	 959	   3	   2	  13	  17	  24	  80	  20	  30	 389	380576	381535	   0	  60	
 153	 154	  20	   1	 594	   2	   1	  13	  18	  24	  80	  20	  30	 615	383453	384047	   0	  70	
 154	 155	  80	   3	 515	   1	   2	  14	  18	  24	  80	  20	  30	 612	385947	386462	   0	  70	
 155	 156	  30	   4	 478	   3	   2	  14	  18	  25	  80	  20	  30	 425	388192	388670	   0	  70	
 156	 157	  80	   1	 553	   1	   1	  15	  18	  25	  80	  20	  30	 473	390437	390990	   0	  80	
 157	 158	  20	   4	 627	   2	   2	  15	  19	  25	  80	  20	  30	 430	392715	393342	   0	  80	
 158	 159	  30	   4	 492	   3	   2	  15	  19	  26	  80	  20	  30	 372	395010	395502	   0	  80	
 159	 160	  80	   1	 634	   1	   1	  16	  19	  26	  80	  20	  30	 355	397156	397790	   0	  90	
 160	 161	  20	   4	 584	   2	   2	  16	  20	  26	  80	  20	  30	 677	399766	400350	   0	  90	
 161	 162	  30	   1	 952	   3	   1	  16	  20	  27	  80	  20	  30	 612	402278	403230	   0	 100	
 162	 163	  80	   3	 646	   1	   2	  17	  20	  27	  80	  20	  30	 337	404872	405518	   0	 100	
 163	 164	  30	   4	 730	   3	   2	  17	  20	  28	  80	  20	  30	 492	407300	408030	   0	 100	
 164	 165	  20	   4	 633	   2	   2	  17	  21	  28	  80	  20	  30	 547	409861	410494	   0	 100	
 165	 166	  30	   4	 557	   3	   2	  17	  21	  29	  80	  20	  30	 494	412289	412846	   0	 100	
 166	 167	  80	   2	1098	   1	   1	  18	  21	  29	  80	  20	  30	 362	414500	415598	   0	  90	
 167	 168	  30	   3	 415	   3	   2	  18	  21	  30	  80	  20	  30	 412	417311	417726	   0	  90	
 168	 169	  20	   4	 549	   2	   2	  18	  22	  30	  80	  20	  30	 656	419689	420238	   0	  90	
 169	 170	  30	   4	 897	   3	   2	  18	  22	  31	  80	  20	  30	 349	421901	422798	   0	  90	
 170	 171	  80	   1	 506	   1	   1	  19	  22	  31	  80	  20	  30	 517	424628	425134	   0	 100	
 171	 172	  30	   4	1895	   3	   2	  19	  22	  32	  80	  20	  30	 380	426823	428718	   0	 100	
 172	 173	  20	   3	1227	   2	   2	  19	  23	  32	  80	  20	  30	 477	430482	431709	   0	 100	
 173	 174	  80	   1	 587	   1	   1	  20	  23	  32	  80	  20	  30	 463	433458	434045	   0	 110	
 174	 175	  30	   4	1419	   3	   2	  20	  23	  33	  80	  20	  30	 618	435970	437389	   0	 110	
 175	 176	  80	   1	 829	   1	   1	  21	  23	  33	  80	  20	  30	 604	439296	440125	   0	 120	
 176	 177	  30	   1	 860	   3	   1	  21	  23	  34	  80	  20	  30	 452	441873	442733	   0	 130	
 177	 178	  80	   1	 785	   1	   1	  22	  23	  34	  80	  20	  30	 651	444684	445469	   0	 140	
 178	 179	  30	   4	1459	   3	   2	  22	  23	  35	  80	  20	  30	 412	447178	448637	   0	 140	
 179	 180	  20	   4	 679	   2	   2	  22	  24	  35	  80	  20	  30	 510	450438	451117	   0	 140	
 180	 181	  70	   3	1174	   3	   2	  22	  24	   1	  80	  20	  70	 576	453015	454189	   3	 140	
 181	 182	  20	   3	 468	   2	   2	  22	  25	   1	  80	  20	  70	 514	456009	456477	   0	 140	
 182	 183	  80	   2	 563	   1	   1	  23	  25	   1	  80	  20	  70	 382	458170	458733	   0	 130	
 183	 184	  70	   2	 479	   3	   1	  23	  25	   2	  80	  20	  70	 332	460366	460845	   0	 120	
 184	 185	  20	   2	1468	   2	   1	  23	  26	   2	  80	  20	  70	 421	462561	464029	   0	 110	
 185	 186	  70	   1	 566	   3	   1	  23	  26	   3	  80	  20	  70	 362	465687	466253	   0	 120	
 186	 187	  20	   4	 671	   2	   2	  23	  27	   3	  80	  20	  70	 417	467982	468653	   0	 120	
 187	 188	  70	   2	 655	   3	   1	  23	  27	   4	  80	  20	  70	 556	470510	471165	   0	 110	
 188	 189	  20	   4	 725	   2	   2	  23	  28	   4	  80	  20	  70	 419	472888	473613	   0	 110	
 189	 190	  80	   1	 741	   1	   1	  24	  28	   4	  80	  20	  70	 524	475432	476173	   0	 120	
 190	 191	  70	   3	1064	   3	   2	  24	  28	   5	  80	  20	  70	 387	477860	478924	   0	 120	
 191	 192	  80	   2	 963	   1	   1	  25	  28	   5	  80	  20	  70	 684	480937	481900	   0	 110	
 192	 193	  20	   4	 618	   2	   2	  25	  29	   5	  80	  20	  70	 516	483730	484348	   0	 110	
 193	 194	  70	   1	 611	   3	   1	  25	  29	   6	  80	  20	  70	 353	486009	486620	   0	 120	
 194	 195	  20	   4	1111	   2	   2	  25	  30	   6	  80	  20	  70	 537	488453	489564	   0	 120	
 195	 196	  70	   1	 943	   3	   1	  25	  30	   7	  80	  20	  70	 335	491197	492140	   0	 130	
NaN	 197	  80	NaN	NaN	   1	   3	  25	  30	   7	  80	  20	  70	 388	491197	NaN	   0	 130	
 196	 198	  50	   1	 586	   2	   1	  25	   1	   7	  80	  50	  70	 546	497650	498236	   2	 140	
 197	 199	  70	   2	 413	   3	   1	  25	   1	   8	  80	  50	  70	 567	500111	500524	   0	 130	
 198	 200	  50	   4	 574	   2	   2	  25	   2	   8	  80	  50	  70	 368	502190	502764	   0	 130	
 199	 201	  80	   1	 334	   1	   1	  26	   2	   8	  80	  50	  70	 672	504734	505068	   0	 140	
 200	 202	  70	   3	 721	   3	   2	  26	   2	   9	  80	  50	  70	 393	506763	507484	   0	 140	
 201	 203	  50	   1	 550	   2	   1	  26	   3	   9	  80	  50	  70	 364	509158	509708	   0	 150	
 202	 204	  70	   1	 562	   3	   1	  26	   3	  10	  80	  50	  70	 375	511386	511948	   0	 160	
 203	 205	  50	   2	 583	   2	   1	  26	   4	  10	  80	  50	  70	 562	513797	514380	   0	 150	
 204	 206	  70	   4	 470	   3	   2	  26	   4	  11	  80	  50	  70	 674	516358	516828	   0	 150	
 205	 207	  50	   2	 636	   2	   1	  26	   5	  11	  80	  50	  70	 611	518736	519372	   0	 140	
 206	 208	  80	   1	 464	   1	   1	  27	   5	  11	  80	  50	  70	 470	521148	521612	   0	 150	
 207	 209	  50	   1	 545	   2	   1	  27	   6	  11	  80	  50	  70	 320	523226	523771	   0	 160	
 208	 210	  80	   1	 469	   1	   1	  28	   6	  11	  80	  50	  70	 584	525654	526123	   0	 170	
 209	 211	  70	   4	 519	   3	   2	  28	   6	  12	  80	  50	  70	 698	528132	528651	   0	 170	
 210	 212	  50	   1	 658	   2	   1	  28	   7	  12	  80	  50	  70	 401	530361	531019	   0	 180	
 211	 213	  80	   1	 373	   1	   1	  29	   7	  12	  80	  50	  70	 501	532838	533211	   0	 190	
 212	 214	  70	   1	 556	   3	   1	  29	   7	  13	  80	  50	  70	 672	535183	535739	   0	 200	
 213	 215	  80	   1	 505	   1	   1	  30	   7	  13	  80	  50	  70	 323	537362	537867	   0	 210	
 214	 216	  70	   1	 631	   3	   1	  30	   7	  14	  80	  50	  70	 371	539540	540171	   0	 220	
 215	 217	  50	   4	 945	   2	   2	  30	   8	  14	  80	  50	  70	 324	541802	542747	   0	 220	
 216	 218	  80	   3	 677	   1	   2	  31	   8	  14	  80	  50	  70	 605	544646	545323	   0	 220	
 217	 219	  50	   2	 468	   2	   1	  31	   9	  14	  80	  50	  70	 586	547207	547675	   0	 210	
 218	 220	  80	   1	 330	   1	   1	  32	   9	  14	  80	  50	  70	 617	549601	549931	   0	 220	
 219	 221	  70	   1	 954	   3	   1	  32	   9	  15	  80	  50	  70	 494	551713	552667	   0	 230	
 220	 222	  50	   3	 830	   2	   2	  32	  10	  15	  80	  50	  70	 582	554557	555387	   0	 230	
 221	 223	  70	   3	 540	   3	   2	  32	  10	  16	  80	  50	  70	 437	557135	557675	   0	 230	
 222	 224	  80	   1	 270	   1	   1	  33	  10	  16	  80	  50	  70	 648	559629	559899	   0	 240	
 223	 225	  50	   2	 614	   2	   1	  33	  11	  16	  80	  50	  70	 324	561525	562139	   0	 230	
 224	 226	  70	   2	 538	   3	   1	  33	  11	  17	  80	  50	  70	 524	563953	564491	   0	 220	
 225	 227	  20	   2	 479	   1	   1	   1	  11	  17	  20	  50	  70	 563	566364	566843	   1	 210	
 226	 228	  70	   1	 341	   3	   1	   1	  11	  18	  20	  50	  70	 584	568726	569067	   0	 220	
 227	 229	  20	   2	 486	   1	   1	   2	  11	  18	  20	  50	  70	 443	570804	571290	   0	 210	
 228	 230	  50	   1	 405	   2	   1	   2	  12	  18	  20	  50	  70	 332	572933	573338	   0	 220	
 229	 231	  70	   1	 521	   3	   1	   2	  12	  19	  20	  50	  70	 306	574945	575466	   0	 230	
 230	 232	  50	   4	 398	   2	   2	   2	  13	  19	  20	  50	  70	 569	577340	577738	   0	 230	
 231	 233	  70	   1	 714	   3	   1	   2	  13	  20	  20	  50	  70	 486	579552	580266	   0	 240	
 232	 234	  20	   4	 534	   1	   2	   3	  13	  20	  20	  50	  70	 638	582212	582746	   0	 240	
 233	 235	  70	   2	 695	   3	   1	   3	  13	  21	  20	  50	  70	 660	584707	585402	   0	 230	
 234	 236	  20	   3	 468	   1	   2	   4	  13	  21	  20	  50	  70	 626	587318	587786	   0	 230	
 235	 237	  50	   4	 420	   2	   2	   4	  14	  21	  20	  50	  70	 361	589446	589866	   0	 230	
 236	 238	  70	   1	 480	   3	   1	   4	  14	  22	  20	  50	  70	 490	591658	592138	   0	 240	
 237	 239	  50	   1	 701	   2	   1	   4	  15	  22	  20	  50	  70	 403	593837	594538	   0	 250	
 238	 240	  70	   1	 581	   3	   1	   4	  15	  23	  20	  50	  70	 337	596181	596762	   0	 260	
 239	 241	  50	   1	 503	   2	   1	   4	  16	  23	  20	  50	  70	 609	598659	599162	   0	 270	
 240	 242	  20	   4	 771	   1	   2	   5	  16	  23	  20	  50	  70	 400	600871	601642	   0	 270	
 241	 243	  50	   4	1601	   2	   2	   5	  17	  23	  20	  50	  70	 482	603449	605050	   0	 270	
 242	 244	  20	   4	 559	   1	   2	   6	  17	  23	  20	  50	  70	 531	606891	607450	   0	 270	
 243	 245	  70	   1	 736	   3	   1	   6	  17	  24	  20	  50	  70	 634	609386	610122	   0	 280	
 244	 246	  50	   1	 825	   2	   1	   6	  18	  24	  20	  50	  70	 693	612113	612938	   0	 290	
 245	 247	  20	   3	 632	   1	   2	   7	  18	  24	  20	  50	  70	 421	614657	615289	   0	 290	
 246	 248	  50	   4	 494	   2	   2	   7	  19	  24	  20	  50	  70	 444	617035	617529	   0	 290	
 247	 249	  70	   1	 487	   3	   1	   7	  19	  25	  20	  50	  70	 506	619330	619817	   0	 300	
 248	 250	  20	   4	1069	   1	   2	   8	  19	  25	  20	  50	  70	 596	621708	622777	   0	 300	
 249	 251	  70	   4	 454	   3	   2	   8	  19	  26	  20	  50	  70	 338	624419	624873	   0	 300	
 250	 252	  50	   1	 539	   2	   1	   8	  20	  26	  20	  50	  70	 631	626814	627353	   0	 310	
 251	 253	  20	   4	 974	   1	   2	   9	  20	  26	  20	  50	  70	 612	629275	630249	   0	 310	
 252	 254	  70	   3	 601	   3	   2	   9	  20	  27	  20	  50	  70	 392	631936	632537	   0	 310	
 253	 255	  50	   1	 531	   2	   1	   9	  21	  27	  20	  50	  70	 370	634214	634745	   0	 320	
 254	 256	  70	   1	 470	   3	   1	   9	  21	  28	  20	  50	  70	 598	636659	637129	   0	 330	
 255	 257	  50	   2	 670	   2	   1	   9	  22	  28	  20	  50	  70	 578	639003	639673	   0	 320	
 256	 258	  70	   2	 530	   3	   1	   9	  22	  29	  20	  50	  70	 441	641415	641945	   0	 310	
 257	 259	  50	   4	 695	   2	   2	   9	  23	  29	  20	  50	  70	 592	643826	644521	   0	 310	
 258	 260	  70	   1	 789	   3	   1	   9	  23	  30	  20	  50	  70	 613	646420	647209	   0	 320	
 259	 261	  20	   4	 696	   1	   2	  10	  23	  30	  20	  50	  70	 380	648881	649577	   0	 320	
 260	 262	  50	   4	1223	   3	   2	  10	  23	   1	  20	  50	  50	 545	651426	652649	   3	 320	
 261	 263	  50	   4	 592	   2	   2	  10	  24	   1	  20	  50	  50	 604	654569	655161	   0	 320	
 262	 264	  20	   4	 676	   1	   2	  11	  24	   1	  20	  50	  50	 533	656997	657673	   0	 320	
 263	 265	  50	   4	 849	   3	   2	  11	  24	   2	  20	  50	  50	 651	659624	660473	   0	 320	
 264	 266	  50	   1	1068	   2	   1	  11	  25	   2	  20	  50	  50	 475	662252	663320	   0	 330	
 265	 267	  50	   1	 706	   3	   1	  11	  25	   3	  20	  50	  50	 431	665046	665752	   0	 340	
 266	 268	  50	   1	 696	   2	   1	  11	  26	   3	  20	  50	  50	 387	667440	668136	   0	 350	
 267	 269	  20	   4	 785	   1	   2	  12	  26	   3	  20	  50	  50	 308	669735	670520	   0	 350	
 268	 270	  50	   4	 752	   2	   2	  12	  27	   3	  20	  50	  50	 472	672296	673048	   0	 350	
 269	 271	  50	   2	 579	   3	   1	  12	  27	   4	  20	  50	  50	 402	674757	675336	   0	 340	
 270	 272	  50	   3	 392	   2	   2	  12	  28	   4	  20	  50	  50	 508	677136	677528	   0	 340	
 271	 273	  50	   3	 745	   3	   2	  12	  28	   5	  20	  50	  50	 391	679231	679976	   0	 340	
 272	 274	  50	   2	 419	   2	   1	  12	  29	   5	  20	  50	  50	 655	681925	682344	   0	 330	
 273	 275	  20	   4	 602	   1	   2	  13	  29	   5	  20	  50	  50	 618	684270	684872	   0	 330	
 274	 276	  50	   1	 678	   3	   1	  13	  29	   6	  20	  50	  50	 316	686498	687176	   0	 340	
 275	 277	  50	   3	 581	   2	   2	  13	  30	   6	  20	  50	  50	 573	689043	689624	   0	 340	
 276	 278	  20	   3	 525	   1	   2	  14	  30	   6	  20	  50	  50	 451	691387	691912	   0	 340	
 277	 279	  50	   2	 677	   3	   1	  14	  30	   7	  20	  50	  50	 487	693699	694376	   0	 330	
 278	 280	  20	   4	 711	   1	   2	  15	  30	   7	  20	  50	  50	 529	696193	696904	   0	 330	
 279	 281	  50	   2	 616	   3	   1	  15	  30	   8	  20	  50	  50	 498	698704	699320	   0	 320	
 280	 282	  20	   3	 520	   1	   2	  16	  30	   8	  20	  50	  50	 611	701232	701752	   0	 320	
 281	 283	  50	   3	 394	   3	   2	  16	  30	   9	  20	  50	  50	 631	703710	704104	   0	 320	
 282	 284	  50	   1	 746	   2	   1	  16	  31	   9	  20	  50	  50	 394	705789	706535	   0	 330	
 283	 285	  20	   4	 559	   1	   2	  17	  31	   9	  20	  50	  50	 367	708200	708759	   0	 330	
 284	 286	  50	   4	 575	   2	   2	  17	  32	   9	  20	  50	  50	 685	710744	711319	   0	 330	
 285	 287	  20	   4	 351	   1	   2	  18	  32	   9	  20	  50	  50	 643	713256	713607	   0	 330	
 286	 288	  50	   1	 985	   3	   1	  18	  32	  10	  20	  50	  50	 641	715550	716535	   0	 340	
 287	 289	  20	   4	 490	   1	   2	  19	  32	  10	  20	  50	  50	 618	718461	718951	   0	 340	
 288	 290	  50	   3	 725	   3	   2	  19	  32	  11	  20	  50	  50	 467	720722	721447	   0	 340	
 289	 291	  50	   3	 806	   2	   2	  19	  33	  11	  20	  50	  50	 474	723217	724023	   0	 340	
 290	 292	  50	   1	 661	   3	   1	  19	  33	  12	  20	  50	  50	 449	725778	726439	   0	 350	
 291	 293	  20	   4	 801	   2	   2	  19	   1	  12	  20	  20	  50	 648	728422	729223	   2	 350	
 292	 294	  50	   4	 729	   3	   2	  19	   1	  13	  20	  20	  50	 647	731166	731895	   0	 350	
 293	 295	  20	   4	 606	   1	   2	  20	   1	  13	  20	  20	  50	 375	733561	734167	   0	 350	
 294	 296	  20	   2	 633	   2	   1	  20	   2	  13	  20	  20	  50	 340	735806	736439	   0	 340	
 295	 297	  20	   4	 360	   1	   2	  21	   2	  13	  20	  20	  50	 634	738383	738743	   0	 340	
 296	 298	  20	   4	 569	   2	   2	  21	   3	  13	  20	  20	  50	 418	740462	741031	   0	 340	
 297	 299	  20	   3	 645	   1	   2	  22	   3	  13	  20	  20	  50	 359	742690	743335	   0	 340	
 298	 300	  20	   2	1100	   2	   1	  22	   4	  13	  20	  20	  50	 386	745019	746119	   0	 330	
 299	 301	  50	   1	 684	   3	   1	  22	   4	  14	  20	  20	  50	 573	747995	748679	   0	 340	
 300	 302	  20	   3	 422	   2	   2	  22	   5	  14	  20	  20	  50	 689	750673	751095	   0	 340	
 301	 303	  50	   1	 832	   3	   1	  22	   5	  15	  20	  20	  50	 498	752918	753750	   0	 350	
 302	 304	  20	   4	 514	   2	   2	  22	   6	  15	  20	  20	  50	 359	755412	755926	   0	 350	
 303	 305	  20	   4	 501	   1	   2	  23	   6	  15	  20	  20	  50	 635	757857	758358	   0	 350	
 304	 306	  50	   2	 585	   3	   1	  23	   6	  16	  20	  20	  50	 621	760285	760870	   0	 340	
 305	 307	  20	   4	 421	   1	   2	  24	   6	  16	  20	  20	  50	 340	762513	762934	   0	 340	
 306	 308	  50	   4	 436	   3	   2	  24	   6	  17	  20	  20	  50	 413	764642	765078	   0	 340	
 307	 309	  20	   4	 559	   1	   2	  25	   6	  17	  20	  20	  50	 510	766887	767446	   0	 340	
 308	 310	  50	   1	 499	   3	   1	  25	   6	  18	  20	  20	  50	 594	769331	769830	   0	 350	
 309	 311	  20	   4	 452	   1	   2	  26	   6	  18	  20	  20	  50	 685	771826	772278	   0	 350	
 310	 312	  50	   4	 533	   3	   2	  26	   6	  19	  20	  20	  50	 322	773905	774438	   0	 350	
 311	 313	  20	   4	 441	   2	   2	  26	   7	  19	  20	  20	  50	 565	776333	776774	   0	 350	
 312	 314	  50	   4	 398	   3	   2	  26	   7	  20	  20	  20	  50	 680	778744	779142	   0	 350	
 313	 315	  20	   4	 464	   2	   2	  26	   8	  20	  20	  20	  50	 363	780806	781270	   0	 350	
 314	 316	  20	   4	 386	   1	   2	  27	   8	  20	  20	  20	  50	 311	782868	783254	   0	 350	
 315	 317	  20	   3	 447	   2	   2	  27	   9	  20	  20	  20	  50	 500	785063	785510	   0	 350	
 316	 318	  50	   4	 481	   3	   2	  27	   9	  21	  20	  20	  50	 307	787109	787590	   0	 350	
 317	 319	  20	   4	 476	   2	   2	  27	  10	  21	  20	  20	  50	 461	789354	789830	   0	 350	
 318	 320	  20	   3	 471	   1	   2	  28	  10	  21	  20	  20	  50	 492	791615	792086	   0	 350	
 319	 321	  50	   1	 427	   3	   1	  28	  10	  22	  20	  20	  50	 633	794027	794454	   0	 360	
 320	 322	  20	   4	 611	   1	   2	  29	  10	  22	  20	  20	  50	 610	796355	796966	   0	 360	
 321	 323	  50	   4	 572	   3	   2	  29	  10	  23	  20	  20	  50	 340	798617	799189	   0	 360	
 322	 324	  20	   4	 500	   1	   2	  30	  10	  23	  20	  20	  50	 464	800945	801445	   0	 360	
 323	 325	  20	   4	 758	   2	   2	  30	  11	  23	  20	  20	  50	 676	803423	804181	   0	 360	
 324	 326	  20	   4	 874	   1	   2	  31	  11	  23	  20	  20	  50	 385	805867	806741	   0	 360	
 325	 327	  50	   1	 577	   3	   1	  31	  11	  24	  20	  20	  50	 610	808644	809221	   0	 370	
 326	 328	  20	   4	 567	   2	   2	  31	  12	  24	  20	  20	  50	 500	811022	811589	   0	 370	
 327	 329	  50	   1	1208	   3	   1	  31	  12	  25	  20	  20	  50	 644	813533	814741	   0	 380	
 328	 330	  20	   4	 672	   2	   2	  31	  13	  25	  20	  20	  50	 645	816677	817349	   0	 380	
 329	 331	  20	   4	 651	   1	   2	  32	  13	  25	  20	  20	  50	 700	819354	820005	   0	 380	
 330	 332	  20	   2	 778	   2	   1	  32	  14	  25	  20	  20	  50	 601	821915	822693	   0	 370	
 331	 333	  50	   4	 536	   3	   2	  32	  14	  26	  20	  20	  50	 483	824493	825029	   0	 370	
 332	 334	  20	   3	 837	   1	   2	  33	  14	  26	  20	  20	  50	 374	826704	827541	   0	 370	
 333	 335	  20	   4	 505	   2	   2	  33	  15	  26	  20	  20	  50	 699	829548	830053	   0	 370	
 334	 336	  50	   3	 688	   3	   2	  33	  15	  27	  20	  20	  50	 554	831909	832597	   0	 370	
 335	 337	  20	   4	 672	   1	   2	  34	  15	  27	  20	  20	  50	 542	834437	835109	   0	 370	
 336	 338	  20	   2	 593	   2	   1	  34	  16	  27	  20	  20	  50	 516	836932	837525	   0	 360	
 337	 339	  20	   4	 508	   1	   2	  35	  16	  27	  20	  20	  50	 357	839177	839685	   0	 360	
 338	 340	  20	   4	 553	   2	   2	  35	  17	  27	  20	  20	  50	 391	841372	841925	   0	 360	
 339	 341	  80	   1	1491	   1	   1	   1	  17	  27	  80	  20	  50	 355	843633	845124	   1	 370	
 340	 342	  50	   3	 563	   3	   2	   1	  17	  28	  80	  20	  50	 593	847009	847572	   0	 370	
 341	 343	  80	   1	 718	   1	   1	   2	  17	  28	  80	  20	  50	 374	849254	849972	   0	 380	
 342	 344	  20	   3	 752	   2	   2	   2	  18	  28	  80	  20	  50	 442	851716	852468	   0	 380	
 343	 345	  50	   4	 853	   3	   2	   2	  18	  29	  80	  20	  50	 361	854127	854980	   0	 380	
 344	 346	  20	   3	 708	   2	   2	   2	  19	  29	  80	  20	  50	 403	856688	857396	   0	 380	
 345	 347	  80	   1	 478	   1	   1	   3	  19	  29	  80	  20	  50	 693	859382	859860	   0	 390	
 346	 348	  20	   4	 535	   2	   2	   3	  20	  29	  80	  20	  50	 516	861677	862212	   0	 390	
 347	 349	  50	   4	 732	   3	   2	   3	  20	  30	  80	  20	  50	 567	864088	864820	   0	 390	
 348	 350	  80	   1	 785	   1	   1	   4	  20	  30	  80	  20	  50	 359	866483	867268	   0	 400	
 349	 351	  50	   4	 510	   3	   2	   4	  20	  31	  80	  20	  50	 520	869094	869604	   0	 400	
 350	 352	  80	   2	 549	   1	   1	   5	  20	  31	  80	  20	  50	 535	871439	871988	   0	 390	
 351	 353	  50	   4	 495	   3	   2	   5	  20	  32	  80	  20	  50	 408	873717	874212	   0	 390	
 352	 354	  80	   1	 731	   1	   1	   6	  20	  32	  80	  20	  50	 431	875929	876660	   0	 400	
 353	 355	  20	   3	 548	   2	   2	   6	  21	  32	  80	  20	  50	 684	878656	879204	   0	 400	
 354	 356	  80	   1	 539	   1	   1	   7	  21	  32	  80	  20	  50	 486	881001	881540	   0	 410	
 355	 357	  50	   3	 599	   3	   2	   7	  21	  33	  80	  20	  50	 392	883229	883828	   0	 410	
 356	 358	  20	   4	 588	   2	   2	   7	  22	  33	  80	  20	  50	 498	885640	886228	   0	 410	
 357	 359	  70	   3	 956	   3	   2	   7	  22	   1	  80	  20	  70	 592	888135	889091	   3	 410	
 358	 360	  20	   4	 607	   2	   2	   7	  23	   1	  80	  20	  70	 624	891012	891619	   0	 410	
 359	 361	  80	   1	 483	   1	   1	   8	  23	   1	  80	  20	  70	 525	893440	893923	   0	 420	
 360	 362	  20	   4	 501	   2	   2	   8	  24	   1	  80	  20	  70	 683	895918	896419	   0	 420	
 361	 363	  70	   2	1034	   3	   1	   8	  24	   2	  80	  20	  70	 584	898329	899363	   0	 410	
 362	 364	  80	   2	 696	   1	   1	   9	  24	   2	  80	  20	  70	 668	901339	902035	   0	 400	
 363	 365	  70	   4	 694	   3	   2	   9	  24	   3	  80	  20	  70	 588	903917	904611	   0	 400	
 364	 366	  20	   4	 826	   2	   2	   9	  25	   3	  80	  20	  70	 436	906345	907171	   0	 400	
 365	 367	  70	   1	 765	   3	   1	   9	  25	   4	  80	  20	  70	 357	908822	909587	   0	 410	
 366	 368	  20	   4	 911	   2	   2	   9	  26	   4	  80	  20	  70	 385	911284	912195	   0	 410	
 367	 369	  80	   1	 823	   1	   1	  10	  26	   4	  80	  20	  70	 553	914044	914867	   0	 420	
 368	 370	  70	   3	1023	   3	   2	  10	  26	   5	  80	  20	  70	 601	916772	917795	   0	 420	
 369	 371	  20	   3	 489	   2	   2	  10	  27	   5	  80	  20	  70	 383	919482	919971	   0	 420	
 370	 372	  70	   1	 739	   3	   1	  10	  27	   6	  80	  20	  70	 487	921760	922499	   0	 430	
 371	 373	  80	   1	 642	   1	   1	  11	  27	   6	  80	  20	  70	 492	924305	924947	   0	 440	
 372	 374	  70	   4	 777	   3	   2	  11	  27	   7	  80	  20	  70	 425	926666	927443	   0	 440	
 373	 375	  80	   1	 552	   1	   1	  12	  27	   7	  80	  20	  70	 494	929227	929779	   0	 450	
 374	 376	  70	   3	 814	   3	   2	  12	  27	   8	  80	  20	  70	 528	931605	932419	   0	 450	
 375	 377	  20	   4	 538	   2	   2	  12	  28	   8	  80	  20	  70	 504	934216	934754	   0	 450	
 376	 378	  80	   1	 732	   1	   1	  13	  28	   8	  80	  20	  70	 638	936694	937426	   0	 460	
 377	 379	  70	   3	 731	   3	   2	  13	  28	   9	  80	  20	  70	 521	939255	939986	   0	 460	
 378	 380	  80	   3	 961	   1	   2	  14	  28	   9	  80	  20	  70	 319	941617	942578	   0	 460	
 379	 381	  70	   1	 672	   3	   1	  14	  28	  10	  80	  20	  70	 322	944194	944866	   0	 470	
 380	 382	  80	   3	 500	   1	   2	  15	  28	  10	  80	  20	  70	 449	946622	947122	   0	 470	
 381	 383	  20	   2	 407	   2	   1	  15	  29	  10	  80	  20	  70	 616	949067	949474	   0	 460	
 382	 384	  80	   1	 362	   1	   1	  16	  29	  10	  80	  20	  70	 317	951096	951458	   0	 470	
 383	 385	  70	   4	 464	   3	   2	  16	  29	  11	  80	  20	  70	 318	953074	953538	   0	 470	
 384	 386	  80	   3	 551	   1	   2	  17	  29	  11	  80	  20	  70	 590	955419	955970	   0	 470	
 385	 387	  20	   2	 416	   2	   1	  17	  30	  11	  80	  20	  70	 421	957698	958114	   0	 460	
 386	 388	  70	   1	 692	   3	   1	  17	  30	  12	  80	  20	  70	 309	959726	960418	   0	 470	
 387	 389	  20	   4	 543	   2	   2	  17	  31	  12	  80	  20	  70	 658	962371	962914	   0	 470	
 388	 390	  70	   3	 480	   3	   2	  17	  31	  13	  80	  20	  70	 690	964898	965378	   0	 470	
 389	 391	  80	   2	 488	   1	   1	  18	  31	  13	  80	  20	  70	 557	967226	967714	   0	 460	
 390	 392	  70	   2	 576	   3	   1	  18	  31	  14	  80	  20	  70	 520	969538	970114	   0	 450	
 391	 393	  20	   2	 654	   2	   1	  18	  32	  14	  80	  20	  70	 699	972132	972786	   0	 440	
 392	 394	  70	   1	 863	   3	   1	  18	  32	  15	  80	  20	  70	 561	974643	975506	   0	 450	
 393	 395	  20	   3	 391	   2	   2	  18	  33	  15	  80	  20	  70	 568	977371	977762	   0	 450	
 394	 396	  70	   1	 848	   3	   1	  18	  33	  16	  80	  20	  70	 582	979649	980497	   0	 460	
 395	 397	  80	   2	 563	   1	   1	  19	  33	  16	  80	  20	  70	 308	982110	982673	   0	 450	
 396	 398	  70	   2	 470	   3	   1	  19	  33	  17	  80	  20	  70	 585	984555	985025	   0	 440	
 397	 399	  20	   4	 638	   2	   2	  19	  34	  17	  80	  20	  70	 556	986883	987521	   0	 440	
 398	 400	  80	   1	 375	   1	   1	  20	  34	  17	  80	  20	  70	 365	989194	989569	   0	 450	
 399	 401	  20	   4	 558	   2	   2	  20	  35	  17	  80	  20	  70	 656	991523	992081	   0	 450	
 400	 402	  80	   2	 809	   1	   1	  21	  35	  17	  80	  20	  70	 402	993784	994593	   0	 440	
 401	 403	  80	   3	 810	   2	   2	  21	   1	  17	  80	  80	  70	 334	996295	997105	   2	 440	
 402	 404	  80	   1	 635	   1	   1	  22	   1	  17	  80	  80	  70	 395	998790	999425	   0	 450	
 403	 405	  80	   1	 911	   2	   1	  22	   2	  17	  80	  80	  70	 498	1001234	1002145	   0	 460	
 404	 406	  80	   1	 734	   1	   1	  23	   2	  17	  80	  80	  70	 350	1003795	1004529	   0	 470	
 405	 407	  80	   3	 366	   2	   2	  23	   3	  17	  80	  80	  70	 471	1006307	1006673	   0	 470	
 406	 408	  80	   1	 590	   1	   1	  24	   3	  17	  80	  80	  70	 459	1008435	1009025	   0	 480	
 407	 409	  80	   2	 388	   2	   1	  24	   4	  17	  80	  80	  70	 483	1010813	1011201	   0	 470	
 408	 410	  80	   1	 443	   1	   1	  25	   4	  17	  80	  80	  70	 650	1013158	1013601	   0	 480	
 409	 411	  80	   1	 768	   2	   1	  25	   5	  17	  80	  80	  70	 668	1015569	1016337	   0	 490	
 410	 412	  80	   1	 589	   1	   1	  26	   5	  17	  80	  80	  70	 540	1018180	1018769	   0	 500	
 411	 413	  80	   3	 732	   2	   2	  26	   6	  17	  80	  80	  70	 649	1020741	1021473	   0	 500	
 412	 414	  80	   2	 430	   1	   1	  27	   6	  17	  80	  80	  70	 447	1023219	1023649	   0	 490	
 413	 415	  80	   1	 362	   2	   1	  27	   7	  17	  80	  80	  70	 469	1025414	1025776	   0	 500	
 414	 416	  80	   3	 811	   1	   2	  28	   7	  17	  80	  80	  70	 425	1027493	1028304	   0	 500	
 415	 417	  70	   1	 713	   3	   1	  28	   7	  18	  80	  80	  70	 488	1030087	1030800	   0	 510	
 416	 418	  80	   1	 609	   2	   1	  28	   8	  18	  80	  80	  70	 301	1032399	1033008	   0	 520	
 417	 419	  80	   1	 641	   1	   1	  29	   8	  18	  80	  80	  70	 617	1034927	1035568	   0	 530	
 418	 420	  80	   4	 799	   2	   2	  29	   9	  18	  80	  80	  70	 662	1037521	1038320	   0	 530	
 419	 421	  70	   1	 511	   3	   1	  29	   9	  19	  80	  80	  70	 442	1040065	1040576	   0	 540	
 420	 422	  80	   1	 844	   2	   1	  29	  10	  19	  80	  80	  70	 366	1042244	1043088	   0	 550	
 421	 423	  80	   1	 552	   1	   1	  30	  10	  19	  80	  80	  70	 504	1044904	1045456	   0	 560	
 422	 424	  70	   3	 563	   3	   2	  30	  10	  20	  80	  80	  70	 367	1047133	1047696	   0	 560	
 423	 425	  80	   4	 641	   2	   2	  30	  11	  20	  80	  80	  70	 305	1049295	1049936	   0	 560	
 424	 426	  30	   4	 789	   1	   2	   1	  11	  20	  30	  80	  70	 471	1051723	1052512	   1	 560	
 425	 427	  70	   3	 637	   3	   2	   1	  11	  21	  30	  80	  70	 651	1054467	1055104	   0	 560	
 426	 428	  80	   3	 598	   2	   2	   1	  12	  21	  30	  80	  70	 359	1056762	1057360	   0	 560	
 427	 429	  30	   3	 740	   1	   2	   2	  12	  21	  30	  80	  70	 688	1059356	1060096	   0	 560	
 428	 430	  70	   2	 707	   3	   1	   2	  12	  22	  30	  80	  70	 519	1061917	1062624	   0	 550	
 429	 431	  80	   3	 809	   2	   2	   2	  13	  22	  30	  80	  70	 372	1064295	1065104	   0	 550	
 430	 432	  70	   4	 586	   3	   2	   2	  13	  23	  30	  80	  70	 413	1066806	1067392	   0	 550	
 431	 433	  80	   1	 442	   2	   1	   2	  14	  23	  30	  80	  70	 619	1069334	1069776	   0	 560	
 432	 434	  70	   1	 262	   3	   1	   2	  14	  24	  30	  80	  70	 474	1071545	1071807	   0	 570	
 433	 435	  80	   1	 338	   2	   1	   2	  15	  24	  30	  80	  70	 643	1073741	1074079	   0	 580	
 434	 436	  70	   1	 438	   3	   1	   2	  15	  25	  30	  80	  70	 365	1075753	1076191	   0	 590	
 435	 437	  30	   3	 580	   1	   2	   3	  15	  25	  30	  80	  70	 438	1077931	1078511	   0	 590	
 436	 438	  70	   1	 589	   3	   1	   3	  15	  26	  30	  80	  70	 425	1080226	1080815	   0	 600	
 437	 439	  30	   4	 656	   1	   2	   4	  15	  26	  30	  80	  70	 553	1082671	1083327	   0	 600	
 438	 440	  70	   1	 516	   3	   1	   4	  15	  27	  30	  80	  70	 470	1085099	1085615	   0	 610	
 439	 441	  80	   1	 464	   2	   1	   4	  16	  27	  30	  80	  70	 392	1087311	1087775	   0	 620	
 440	 442	  70	   2	 576	   3	   1	   4	  16	  28	  30	  80	  70	 345	1089423	1089999	   0	 610	
 441	 443	  30	   4	 561	   1	   2	   5	  16	  28	  30	  80	  70	 630	1091934	1092495	   0	 610	
 442	 444	  80	   1	 663	   2	   1	   5	  17	  28	  30	  80	  70	 517	1094312	1094975	   0	 620	
 443	 445	  30	   4	 235	   1	   2	   6	  17	  28	  30	  80	  70	 465	1096740	1096975	   0	 620	
 444	 446	  80	   4	 266	   2	   2	   6	  18	  28	  30	  80	  70	 601	1098885	1099151	   0	 620	
 445	 447	  30	   3	 479	   1	   2	   7	  18	  28	  30	  80	  70	 406	1100864	1101343	   0	 620	
 446	 448	  80	   1	 435	   2	   1	   7	  19	  28	  30	  80	  70	 671	1103308	1103743	   0	 630	
 447	 449	  30	   2	 499	   1	   1	   8	  19	  28	  30	  80	  70	 373	1105420	1105919	   0	 620	
 448	 450	  70	   3	 375	   3	   2	   8	  19	  29	  30	  80	  70	 619	1107848	1108223	   0	 620	
 449	 451	  30	   4	 449	   1	   2	   9	  19	  29	  30	  80	  70	 585	1110110	1110559	   0	 620	
 450	 452	  80	   3	 592	   2	   2	   9	  20	  29	  30	  80	  70	 378	1112239	1112831	   0	 620	
 451	 453	  70	   1	 354	   3	   1	   9	  20	  30	  30	  80	  70	 591	1114733	1115087	   0	 630	
 452	 454	  80	   1	 443	   2	   1	   9	  21	  30	  30	  80	  70	 630	1117011	1117454	   0	 640	
 453	 455	  30	   2	 434	   1	   1	  10	  21	  30	  30	  80	  70	 583	1119340	1119774	   0	 630	
 454	 456	  80	   3	 649	   2	   2	  10	  22	  30	  30	  80	  70	 618	1121701	1122350	   0	 630	
 455	 457	  70	   3	 515	   3	   2	  10	  22	  31	  30	  80	  70	 312	1123963	1124478	   0	 630	
 456	 458	  30	   3	 359	   1	   2	  11	  22	  31	  30	  80	  70	 602	1126391	1126750	   0	 630	
 457	 459	  70	   1	 516	   3	   1	  11	  22	  32	  30	  80	  70	 552	1128602	1129118	   0	 640	
 458	 460	  30	   2	 408	   1	   1	  12	  22	  32	  30	  80	  70	 605	1131030	1131438	   0	 630	
 459	 461	  80	   3	 395	   2	   2	  12	  23	  32	  30	  80	  70	 323	1133059	1133454	   0	 630	
 460	 462	  70	   3	 516	   3	   2	  12	  23	  33	  30	  80	  70	 581	1135338	1135854	   0	 630	
 461	 463	  30	   2	 368	   1	   1	  13	  23	  33	  30	  80	  70	 397	1137566	1137934	   0	 620	
 462	 464	  80	   1	 378	   2	   1	  13	  24	  33	  30	  80	  70	 591	1139828	1140206	   0	 630	
 463	 465	  30	   1	 295	   1	   1	  14	  24	  33	  30	  80	  70	 524	1142023	1142318	   0	 640	
 464	 466	  70	   2	 389	   3	   1	  14	  24	  34	  30	  80	  70	 574	1144185	1144574	   0	 630	
 465	 467	  80	   2	 521	   2	   1	  14	  25	  34	  30	  80	  70	 326	1146197	1146718	   0	 620	
 466	 468	  70	   1	 699	   3	   1	  14	  25	  35	  30	  80	  70	 667	1148691	1149390	   0	 630	
 467	 469	  30	   4	 503	   1	   2	  15	  25	  35	  30	  80	  70	 635	1151335	1151838	   0	 630	
 468	 470	  80	   1	 409	   2	   1	  15	  26	  35	  30	  80	  70	 650	1153797	1154206	   0	 640	
 469	 471	  30	   4	 682	   1	   2	  16	  26	  35	  30	  80	  70	 394	1155892	1156574	   0	 640	
 470	 472	  50	   4	 640	   3	   2	  16	  26	   1	  30	  80	  50	 367	1158270	1158910	   3	 640	
 471	 473	  30	   3	 497	   1	   2	  17	  26	   1	  30	  80	  50	 563	1160781	1161278	   0	 640	
 472	 474	  80	   1	 504	   2	   1	  17	  27	   1	  30	  80	  50	 528	1163093	1163597	   0	 650	
 473	 475	  30	   4	 348	   1	   2	  18	  27	   1	  30	  80	  50	 621	1165521	1165869	   0	 650	
 474	 476	  50	   3	 802	   3	   2	  18	  27	   2	  30	  80	  50	 310	1167483	1168285	   0	 650	
 475	 477	  80	   3	 428	   2	   2	  18	  28	   2	  30	  80	  50	 596	1170177	1170605	   0	 650	
 476	 478	  50	   2	 724	   3	   1	  18	  28	   3	  30	  80	  50	 592	1172489	1173213	   0	 640	
 477	 479	  80	   2	 386	   2	   1	  18	  29	   3	  30	  80	  50	 588	1175099	1175485	   0	 630	
 478	 480	  30	   4	 406	   1	   2	  19	  29	   3	  30	  80	  50	 311	1177095	1177501	   0	 630	
 479	 481	  50	   2	 632	   3	   1	  19	  29	   4	  30	  80	  50	 333	1179141	1179773	   0	 620	
 480	 482	  80	   1	 525	   2	   1	  19	  30	   4	  30	  80	  50	 485	1181568	1182093	   0	 630	
 481	 483	  50	   1	 427	   3	   1	  19	  30	   5	  30	  80	  50	 326	1183730	1184157	   0	 640	
 482	 484	  20	   3	1081	   2	   2	  19	   1	   5	  30	  20	  50	 412	1185876	1186957	   2	 640	
 483	 485	  30	   4	 509	   1	   2	  20	   1	   5	  30	  20	  50	 474	1188736	1189245	   0	 640	
 484	 486	  20	   4	1248	   2	   2	  20	   2	   5	  30	  20	  50	 650	1191197	1192445	   0	 640	
 485	 487	  50	   1	 682	   3	   1	  20	   2	   6	  30	  20	  50	 557	1194307	1194989	   0	 650	
 486	 488	  20	   4	 598	   2	   2	  20	   3	   6	  30	  20	  50	 657	1196951	1197549	   0	 650	
 487	 489	  30	   4	 705	   1	   2	  21	   3	   6	  30	  20	  50	 339	1199196	1199901	   0	 650	
 488	 490	  50	   1	 895	   3	   1	  21	   3	   7	  30	  20	  50	 574	1201774	1202669	   0	 660	
 489	 491	  30	   3	 667	   1	   2	  22	   3	   7	  30	  20	  50	 453	1204418	1205085	   0	 660	
 490	 492	  50	   3	 461	   3	   2	  22	   3	   8	  30	  20	  50	 520	1206912	1207373	   0	 660	
 491	 493	  20	   3	 587	   2	   2	  22	   4	   8	  30	  20	  50	 384	1209074	1209661	   0	 660	
 492	 494	  50	   2	 672	   3	   1	  22	   4	   9	  30	  20	  50	 484	1211452	1212124	   0	 650	
 493	 495	  30	   1	 579	   1	   1	  23	   4	   9	  30	  20	  50	 466	1213897	1214476	   0	 660	
 494	 496	  20	   4	 727	   2	   2	  23	   5	   9	  30	  20	  50	 560	1216325	1217052	   0	 660	
 495	 497	  50	   2	 788	   3	   1	  23	   5	  10	  30	  20	  50	 600	1218952	1219740	   0	 650	
 496	 498	  30	   4	 675	   1	   2	  24	   5	  10	  30	  20	  50	 463	1221497	1222172	   0	 650	
 497	 499	  50	   1	 629	   3	   1	  24	   5	  11	  30	  20	  50	 500	1223975	1224604	   0	 660	
 498	 500	  30	   4	 688	   1	   2	  25	   5	  11	  30	  20	  50	 338	1226236	1226924	   0	 660	
 499	 501	  50	   2	 741	   3	   1	  25	   5	  12	  30	  20	  50	 405	1228631	1229372	   0	 650	
 500	 502	  20	   4	 922	   2	   2	  25	   6	  12	  30	  20	  50	 362	1231026	1231948	   0	 650	
 501	 503	  30	   4	 713	   1	   2	  26	   6	  12	  30	  20	  50	 339	1233603	1234316	   0	 650	
 502	 504	  50	   1	 917	   3	   1	  26	   6	  13	  30	  20	  50	 637	1236247	1237164	   0	 660	
 503	 505	  30	   4	 738	   1	   2	  27	   6	  13	  30	  20	  50	 372	1238842	1239580	   0	 660	
 504	 506	  20	   2	 488	   2	   1	  27	   7	  13	  30	  20	  50	 364	1241236	1241724	   0	 650	
 505	 507	  50	   1	 660	   3	   1	  27	   7	  14	  30	  20	  50	 427	1243448	1244108	   0	 660	
 506	 508	  20	   4	 746	   2	   2	  27	   8	  14	  30	  20	  50	 422	1245826	1246572	   0	 660	
 507	 509	  50	   2	 905	   3	   1	  27	   8	  15	  30	  20	  50	 510	1248371	1249276	   0	 650	
 508	 510	  30	   3	1294	   1	   2	  28	   8	  15	  30	  20	  50	 631	1251214	1252508	   0	 650	
 509	 511	  50	   2	 579	   3	   1	  28	   8	  16	  30	  20	  50	 638	1254440	1255019	   0	 640	
 510	 512	  30	   4	 567	   1	   2	  29	   8	  16	  30	  20	  50	 545	1256852	1257419	   0	 640	
 511	 513	  20	   4	 834	   2	   2	  29	   9	  16	  30	  20	  50	 349	1259097	1259931	   0	 640	
 512	 514	  30	   2	 612	   1	   1	  30	   9	  16	  30	  20	  50	 353	1261591	1262203	   0	 630	
 513	 515	  50	   1	 283	   3	   1	  30	   9	  17	  30	  20	  50	 446	1263936	1264219	   0	 640	
 514	 516	  30	   4	 439	   1	   2	  31	   9	  17	  30	  20	  50	 644	1266164	1266603	   0	 640	
 515	 517	  20	   2	 381	   2	   1	  31	  10	  17	  30	  20	  50	 617	1268526	1268907	   0	 630	
 516	 518	  50	   4	 572	   3	   2	  31	  10	  18	  30	  20	  50	 444	1270655	1271227	   0	 630	
 517	 519	  20	   4	 455	   2	   2	  31	  11	  18	  30	  20	  50	 396	1272916	1273371	   0	 630	
 518	 520	  30	   4	 475	   1	   2	  32	  11	  18	  30	  20	  50	 662	1275328	1275803	   0	 630	
 519	 521	  20	   4	 651	   2	   2	  32	  12	  18	  30	  20	  50	 363	1277456	1278107	   0	 630	
 520	 522	  50	   3	 338	   3	   2	  32	  12	  19	  30	  20	  50	 393	1279801	1280139	   0	 630	
 521	 523	  30	   2	 550	   1	   1	  33	  12	  19	  30	  20	  50	 353	1281813	1282363	   0	 620	
 522	 524	  50	   2	 568	   3	   1	  33	  12	  20	  30	  20	  50	 624	1284291	1284859	   0	 610	
 523	 525	  80	   2	 714	   1	   1	   1	  12	  20	  80	  20	  50	 581	1286769	1287483	   1	 600	
 524	 526	  50	   2	 783	   3	   1	   1	  12	  21	  80	  20	  50	 396	1289180	1289963	   0	 590	
 525	 527	  80	   1	 968	   1	   1	   2	  12	  21	  80	  20	  50	 644	1291907	1292875	   0	 600	
 526	 528	  50	   4	 487	   3	   2	   2	  12	  22	  80	  20	  50	 687	1294868	1295355	   0	 600	
 527	 529	  80	   3	 550	   1	   2	   3	  12	  22	  80	  20	  50	 375	1297029	1297579	   0	 600	
 528	 530	  50	   3	 495	   3	   2	   3	  12	  23	  80	  20	  50	 415	1299308	1299803	   0	 600	
 529	 531	  80	   2	 914	   1	   1	   4	  12	  23	  80	  20	  50	 636	1301736	1302650	   0	 590	
 530	 532	  50	   3	 702	   3	   2	   4	  12	  24	  80	  20	  50	 432	1304396	1305098	   0	 590	
 531	 533	  80	   1	 558	   1	   1	   5	  12	  24	  80	  20	  50	 498	1306924	1307482	   0	 600	
 532	 534	  20	   2	 578	   2	   1	   5	  13	  24	  80	  20	  50	 577	1309352	1309930	   0	 590	
 533	 535	  50	   3	 367	   3	   2	   5	  13	  25	  80	  20	  50	 309	1311531	1311898	   0	 590	
 534	 536	  20	   3	 444	   2	   2	   5	  14	  25	  80	  20	  50	 545	1313742	1314186	   0	 590	
 535	 537	  80	   3	 613	   1	   2	   6	  14	  25	  80	  20	  50	 550	1316037	1316650	   0	 590	
 536	 538	  50	   3	 786	   3	   2	   6	  14	  26	  80	  20	  50	 698	1318648	1319434	   0	 590	
 537	 539	  20	   2	 325	   2	   1	   6	  15	  26	  80	  20	  50	 372	1321109	1321434	   0	 580	
 538	 540	  50	   2	 344	   3	   1	   6	  15	  27	  80	  20	  50	 413	1323138	1323482	   0	 570	
 539	 541	  20	   3	 408	   2	   2	   6	  16	  27	  80	  20	  50	 469	1325250	1325658	   0	 570	
 540	 542	  50	   2	 277	   3	   1	   6	  16	  28	  80	  20	  50	 469	1327429	1327706	   0	 560	
 541	 543	  20	   2	 336	   2	   1	   6	  17	  28	  80	  20	  50	 672	1329690	1330026	   0	 550	
 542	 544	  80	   1	 377	   1	   1	   7	  17	  28	  80	  20	  50	 633	1331969	1332346	   0	 560	
 543	 545	  20	   2	 490	   2	   1	   7	  18	  28	  80	  20	  50	 420	1334064	1334554	   0	 550	
 544	 546	  50	   1	 384	   3	   1	   7	  18	  29	  80	  20	  50	 571	1336426	1336810	   0	 560	
 545	 547	  20	   2	 339	   2	   1	   7	  19	  29	  80	  20	  50	 352	1338471	1338810	   0	 550	
 546	 548	  80	   3	 290	   1	   2	   8	  19	  29	  80	  20	  50	 511	1340616	1340906	   0	 550	
 547	 549	  50	   4	 493	   3	   2	   8	  19	  30	  80	  20	  50	 636	1342845	1343338	   0	 550	
 548	 550	  20	   4	 309	   2	   2	   8	  20	  30	  80	  20	  50	 558	1345189	1345498	   0	 550	
 549	 551	  80	   3	 602	   1	   2	   9	  20	  30	  80	  20	  50	 318	1347119	1347721	   0	 550	
 550	 552	  20	   4	 512	   2	   2	   9	  21	  30	  80	  20	  50	 468	1349497	1350009	   0	 550	
 551	 553	  80	   3	 290	   1	   2	  10	  21	  30	  80	  20	  50	 671	1351991	1352281	   0	 550	
 552	 554	  50	   1	 405	   3	   1	  10	  21	  31	  80	  20	  50	 447	1354020	1354425	   0	 560	
 553	 555	  20	   1	 457	   2	   1	  10	  22	  31	  80	  20	  50	 309	1356032	1356489	   0	 570	
 554	 556	  50	   2	 406	   3	   1	  10	  22	  32	  80	  20	  50	 446	1358227	1358633	   0	 560	
 555	 557	  80	   1	 349	   1	   1	  11	  22	  32	  80	  20	  50	 637	1360572	1360921	   0	 570	
 556	 558	  50	   2	 390	   3	   1	  11	  22	  33	  80	  20	  50	 640	1362867	1363257	   0	 560	
 557	 559	  80	   1	 256	   1	   1	  12	  22	  33	  80	  20	  50	 591	1365145	1365401	   0	 570	
 558	 560	  30	   2	 685	   3	   1	  12	  22	   1	  80	  20	  30	 591	1367324	1368009	   3	 560	
 559	 561	  80	   1	 397	   1	   1	  13	  22	   1	  80	  20	  30	 559	1369868	1370265	   0	 570	
 560	 562	  20	   2	 364	   2	   1	  13	  23	   1	  80	  20	  30	 460	1372013	1372377	   0	 560	
 561	 563	  30	   2	 251	   3	   1	  13	  23	   2	  80	  20	  30	 456	1374142	1374393	   0	 550	
 562	 564	  20	   2	 289	   2	   1	  13	  24	   2	  80	  20	  30	 410	1376104	1376393	   0	 540	
 563	 565	  80	   4	 273	   1	   2	  14	  24	   2	  80	  20	  30	 522	1378216	1378489	   0	 540	
 564	 566	  20	   4	 278	   2	   2	  14	  25	   2	  80	  20	  30	 396	1380179	1380457	   0	 540	
 565	 567	  80	   3	 405	   1	   2	  15	  25	   2	  80	  20	  30	 578	1382324	1382729	   0	 540	
 566	 568	  30	   4	 260	   3	   2	  15	  25	   3	  80	  20	  30	 429	1384453	1384713	   0	 540	
 567	 569	  20	   4	 888	   2	   2	  15	  26	   3	  80	  20	  30	 475	1386481	1387369	   0	 540	
 568	 570	  80	   4	 624	   1	   2	  16	  26	   3	  80	  20	  30	 550	1389225	1389849	   0	 540	
 569	 571	  20	   4	 865	   2	   2	  16	  27	   3	  80	  20	  30	 562	1391703	1392568	   0	 540	
 570	 572	  80	   1	 392	   1	   1	  17	  27	   3	  80	  20	  30	 599	1394480	1394872	   0	 550	
 571	 573	  30	   4	 372	   3	   2	  17	  27	   4	  80	  20	  30	 513	1396692	1397064	   0	 550	
 572	 574	  20	   3	 321	   2	   2	  17	  28	   4	  80	  20	  30	 508	1398871	1399192	   0	 550	
 573	 575	  30	   3	 291	   3	   2	  17	  28	   5	  80	  20	  30	 432	1400933	1401224	   0	 550	
 574	 576	  20	   4	 267	   2	   2	  17	  29	   5	  80	  20	  30	 327	1402845	1403112	   0	 550	
 575	 577	  80	   1	 360	   1	   1	  18	  29	   5	  80	  20	  30	 619	1405040	1405400	   0	 560	
 576	 578	  20	   4	 497	   2	   2	  18	  30	   5	  80	  20	  30	 623	1407319	1407816	   0	 560	
 577	 579	  30	   4	 502	   3	   2	  18	  30	   6	  80	  20	  30	 625	1409730	1410232	   0	 560	
 578	 580	  20	   2	 380	   2	   1	  18	  31	   6	  80	  20	  30	 579	1412108	1412488	   0	 550	
 579	 581	  80	   1	 397	   1	   1	  19	  31	   6	  80	  20	  30	 411	1414187	1414584	   0	 560	
 580	 582	  20	   4	 772	   2	   2	  19	  32	   6	  80	  20	  30	 667	1416548	1417320	   0	 560	
 581	 583	  30	   3	 580	   3	   2	  19	  32	   7	  80	  20	  30	 453	1419092	1419672	   0	 560	
 582	 584	  20	   4	 382	   2	   2	  19	  33	   7	  80	  20	  30	 371	1421338	1421720	   0	 560	
 583	 585	  30	   2	 482	   3	   1	  19	  33	   8	  80	  20	  30	 348	1423366	1423848	   0	 550	
 584	 586	  80	   3	 446	   1	   2	  20	  33	   8	  80	  20	  30	 423	1425578	1426024	   0	 550	
 585	 587	  30	   4	 440	   3	   2	  20	  33	   9	  80	  20	  30	 527	1427840	1428280	   0	 550	
 586	 588	  80	   3	 623	   1	   2	  21	  33	   9	  80	  20	  30	 611	1430185	1430808	   0	 550	
 587	 589	  20	   4	 343	   2	   2	  21	  34	   9	  80	  20	  30	 405	1432513	1432856	   0	 550	
 588	 590	  30	   3	 334	   3	   2	  21	  34	  10	  80	  20	  30	 314	1434458	1434792	   0	 550	
 589	 591	  80	   4	 585	   1	   2	  22	  34	  10	  80	  20	  30	 569	1436670	1437255	   0	 550	
 590	 592	  20	   4	1629	   2	   2	  22	  35	  10	  80	  20	  30	 532	1439098	1440727	   0	 550	
 591	 593	  80	   1	 920	   1	   1	  23	  35	  10	  80	  20	  30	 557	1442607	1443527	   0	 560	
 592	 594	  70	   3	 948	   2	   2	  23	   1	  10	  80	  70	  30	 390	1445235	1446183	   2	 560	
 593	 595	  80	   3	 674	   1	   2	  24	   1	  10	  80	  70	  30	 332	1447829	1448503	   0	 560	
 594	 596	  30	   4	 581	   3	   2	  24	   1	  11	  80	  70	  30	 485	1450290	1450871	   0	 560	
 595	 597	  80	   3	 539	   1	   2	  25	   1	  11	  80	  70	  30	 479	1452652	1453191	   0	 560	
 596	 598	  70	   3	 246	   2	   2	  25	   2	  11	  80	  70	  30	 416	1454913	1455159	   0	 560	
 597	 599	  80	   3	 717	   1	   2	  26	   2	  11	  80	  70	  30	 387	1456842	1457559	   0	 560	
 598	 600	  30	   2	 412	   3	   1	  26	   2	  12	  80	  70	  30	 516	1459387	1459799	   0	 550	
 599	 601	  80	   1	 448	   1	   1	  27	   2	  12	  80	  70	  30	 306	1461399	1461847	   0	 560	
 600	 602	  70	   3	 455	   2	   2	  27	   3	  12	  80	  70	  30	 597	1463744	1464199	   0	 560	
 601	 603	  30	   4	 317	   3	   2	  27	   3	  13	  80	  70	  30	 609	1466138	1466455	   0	 560	
 602	 604	  70	   1	 344	   2	   1	  27	   4	  13	  80	  70	  30	 605	1468367	1468711	   0	 570	
 603	 605	  30	   4	 322	   3	   2	  27	   4	  14	  80	  70	  30	 575	1470578	1470900	   0	 570	
 604	 606	  70	   2	 456	   2	   1	  27	   5	  14	  80	  70	  30	 395	1472591	1473047	   0	 560	
 605	 607	  30	   3	 478	   3	   2	  27	   5	  15	  80	  70	  30	 641	1474985	1475463	   0	 560	
 606	 608	  70	   1	 265	   2	   1	  27	   6	  15	  80	  70	  30	 452	1477214	1477479	   0	 570	
 607	 609	  30	   4	 374	   3	   2	  27	   6	  16	  80	  70	  30	 617	1479409	1479783	   0	 570	
 608	 610	  80	   2	 301	   1	   1	  28	   6	  16	  80	  70	  30	 686	1481770	1482071	   0	 560	
 609	 611	  70	   2	 535	   2	   1	  28	   7	  16	  80	  70	  30	 631	1484015	1484550	   0	 550	
 610	 612	  30	   4	 402	   3	   2	  28	   7	  17	  80	  70	  30	 409	1486260	1486662	   0	 550	
 611	 613	  70	   1	 507	   2	   1	  28	   8	  17	  80	  70	  30	 575	1488555	1489062	   0	 560	
 612	 614	  80	   3	 367	   1	   2	  29	   8	  17	  80	  70	  30	 627	1490983	1491350	   0	 560	
 613	 615	  70	   1	 536	   2	   1	  29	   9	  17	  80	  70	  30	 619	1493278	1493814	   0	 570	
 614	 616	  30	   4	 480	   3	   2	  29	   9	  18	  80	  70	  30	 488	1495606	1496086	   0	 570	
 615	 617	  80	   1	 771	   1	   1	  30	   9	  18	  80	  70	  30	 679	1498051	1498822	   0	 580	
 616	 618	  30	   3	1064	   3	   2	  30	   9	  19	  80	  70	  30	 329	1500446	1501510	   0	 580	
 617	 619	  70	   2	 434	   2	   1	  30	  10	  19	  80	  70	  30	 345	1503156	1503590	   0	 570	
 618	 620	  30	   1	 418	   3	   1	  30	  10	  20	  80	  70	  30	 370	1505268	1505686	   0	 580	
 619	 621	  70	   1	 552	   2	   1	  30	  11	  20	  80	  70	  30	 649	1507646	1508198	   0	 590	
 620	 622	  50	   4	 569	   1	   2	   1	  11	  20	  50	  70	  30	 640	1510157	1510726	   1	 590	
 621	 623	  70	   3	 382	   2	   2	   1	  12	  20	  50	  70	  30	 465	1512536	1512918	   0	 590	
 622	 624	  50	   2	 318	   1	   1	   2	  12	  20	  50	  70	  30	 422	1514648	1514966	   0	 580	
 623	 625	  30	   1	 259	   3	   1	   2	  12	  21	  50	  70	  30	 378	1516643	1516902	   0	 590	
 624	 626	  70	   3	 238	   2	   2	   2	  13	  21	  50	  70	  30	 675	1518872	1519110	   0	 590	
 625	 627	  50	   2	 304	   1	   1	   3	  13	  21	  50	  70	  30	 534	1520950	1521254	   0	 580	
 626	 628	  30	   2	 656	   3	   1	   3	  13	  22	  50	  70	  30	 514	1523062	1523718	   0	 570	
 627	 629	  50	   3	 737	   1	   2	   4	  13	  22	  50	  70	  30	 563	1525573	1526310	   0	 570	
 628	 630	  70	   1	 474	   2	   1	   4	  14	  22	  50	  70	  30	 677	1528284	1528758	   0	 580	
 629	 631	  30	   4	 536	   3	   2	   4	  14	  23	  50	  70	  30	 369	1530429	1530965	   0	 580	
 630	 632	  50	   3	 769	   1	   2	   5	  14	  23	  50	  70	  30	 450	1532724	1533493	   0	 580	
 631	 633	  70	   2	 415	   2	   1	   5	  15	  23	  50	  70	  30	 506	1535318	1535733	   0	 570	
 632	 634	  30	   4	 262	   3	   2	   5	  15	  24	  50	  70	  30	 613	1537647	1537909	   0	 570	
 633	 635	  50	   4	 288	   1	   2	   6	  15	  24	  50	  70	  30	 301	1539509	1539797	   0	 570	
 634	 636	  30	   2	 507	   3	   1	   6	  15	  25	  50	  70	  30	 644	1541738	1542245	   0	 560	
 635	 637	  50	   3	 623	   1	   2	   7	  15	  25	  50	  70	  30	 633	1544182	1544805	   0	 560	
 636	 638	  30	   4	 427	   3	   2	   7	  15	  26	  50	  70	  30	 698	1546810	1547237	   0	 560	
 637	 639	  70	   3	 441	   2	   2	   7	  16	  26	  50	  70	  30	 437	1548972	1549413	   0	 560	
 638	 640	  50	   3	 389	   1	   2	   8	  16	  26	  50	  70	  30	 491	1551200	1551589	   0	 560	
 639	 641	  70	   1	 484	   2	   1	   8	  17	  26	  50	  70	  30	 448	1553345	1553829	   0	 570	
 640	 642	  30	   1	 447	   3	   1	   8	  17	  27	  50	  70	  30	 440	1555574	1556021	   0	 580	
 641	 643	  50	   1	 322	   1	   1	   9	  17	  27	  50	  70	  30	 695	1558035	1558357	   0	 590	
 642	 644	  70	   1	 360	   2	   1	   9	  18	  27	  50	  70	  30	 333	1559997	1560357	   0	 600	
 643	 645	  30	   2	 374	   3	   1	   9	  18	  28	  50	  70	  30	 503	1562159	1562533	   0	 590	
 644	 646	  70	   4	 419	   2	   2	   9	  19	  28	  50	  70	  30	 528	1564354	1564773	   0	 590	
 645	 647	  50	   2	 320	   1	   1	  10	  19	  28	  50	  70	  30	 479	1566549	1566869	   0	 580	
 646	 648	  30	   2	 601	   3	   1	  10	  19	  29	  50	  70	  30	 639	1568811	1569412	   0	 570	
 647	 649	  50	   3	 417	   1	   2	  11	  19	  29	  50	  70	  30	 456	1571172	1571589	   0	 570	
 648	 650	  30	   3	 258	   3	   2	  11	  19	  30	  50	  70	  30	 362	1573251	1573509	   0	 570	
 649	 651	  70	   2	 428	   2	   1	  11	  20	  30	  50	  70	  30	 683	1575496	1575924	   0	 560	
 650	 652	  30	   2	 388	   3	   1	  11	  20	   1	  50	  70	  30	 612	1577824	1578212	   0	 550	
 651	 653	  50	   2	 371	   1	   1	  12	  20	   1	  50	  70	  30	 410	1579953	1580324	   0	 540	
 652	 654	  70	   2	 436	   2	   1	  12	  21	   1	  50	  70	  30	 404	1582032	1582468	   0	 530	
 653	 655	  50	   4	 310	   1	   2	  13	  21	   1	  50	  70	  30	 320	1584094	1584404	   0	 530	
 654	 656	  70	   1	 370	   2	   1	  13	  22	   1	  50	  70	  30	 613	1586306	1586676	   0	 540	
 655	 657	  30	   2	 430	   3	   1	  13	  22	   2	  50	  70	  30	 560	1588534	1588964	   0	 530	
 656	 658	  50	   3	 645	   1	   2	  14	  22	   2	  50	  70	  30	 632	1590895	1591540	   0	 530	
 657	 659	  30	   2	 345	   3	   1	  14	  22	   3	  50	  70	  30	 468	1593307	1593652	   0	 520	
 658	 660	  70	   3	 300	   2	   2	  14	  23	   3	  50	  70	  30	 413	1595352	1595652	   0	 520	
 659	 661	  30	   4	 454	   3	   2	  14	  23	   4	  50	  70	  30	 656	1597614	1598068	   0	 520	
 660	 662	  70	   1	 460	   2	   1	  14	  24	   4	  50	  70	  30	 627	1599992	1600452	   0	 530	
 661	 663	  30	   3	 546	   3	   2	  14	  24	   5	  50	  70	  30	 592	1602370	1602916	   0	 530	
 662	 664	  70	   3	 410	   2	   2	  14	  25	   5	  50	  70	  30	 476	1604682	1605092	   0	 530	
 663	 665	  50	   3	 398	   1	   2	  15	  25	   5	  50	  70	  30	 322	1606710	1607108	   0	 530	
 664	 666	  30	   2	 351	   3	   1	  15	  25	   6	  50	  70	  30	 395	1608789	1609140	   0	 520	
 665	 667	  70	   1	 423	   2	   1	  15	  26	   6	  50	  70	  30	 660	1611101	1611524	   0	 530	
 666	 668	  30	   3	 269	   3	   2	  15	  26	   7	  50	  70	  30	 678	1613495	1613764	   0	 530	
 667	 669	  50	   4	 480	   1	   2	  16	  26	   7	  50	  70	  30	 451	1615524	1616004	   0	 530	
 668	 670	  70	   2	 389	   2	   1	  16	  27	   7	  50	  70	  30	 646	1617935	1618324	   0	 520	
 669	 671	  50	   3	 493	   1	   2	  17	  27	   7	  50	  70	  30	 581	1620214	1620707	   0	 520	
 670	 672	  30	   2	 493	   3	   1	  17	  27	   8	  50	  70	  30	 323	1622326	1622819	   0	 510	
 671	 673	  70	   1	 404	   2	   1	  17	  28	   8	  50	  70	  30	 547	1624687	1625091	   0	 520	
 672	 674	  30	   4	 561	   3	   2	  17	  28	   9	  50	  70	  30	 484	1626882	1627443	   0	 520	
 673	 675	  50	   4	 240	   1	   2	  18	  28	   9	  50	  70	  30	 684	1629427	1629667	   0	 520	
 674	 676	  70	   3	 381	   2	   2	  18	  29	   9	  50	  70	  30	 656	1631622	1632003	   0	 520	
 675	 677	  30	   1	 509	   3	   1	  18	  29	  10	  50	  70	  30	 445	1633750	1634259	   0	 530	
 676	 678	  50	   3	 625	   1	   2	  19	  29	  10	  50	  70	  30	 630	1636178	1636803	   0	 530	
 677	 679	  70	   2	 432	   2	   1	  19	  30	  10	  50	  70	  30	 619	1638723	1639155	   0	 520	
 678	 680	  50	   4	 392	   1	   2	  20	  30	  10	  50	  70	  30	 590	1641051	1641443	   0	 520	
 679	 681	  30	   2	 469	   3	   1	  20	  30	  11	  50	  70	  30	 505	1643246	1643715	   0	 510	
 680	 682	  50	   3	 858	   1	   2	  21	  30	  11	  50	  70	  30	 621	1645641	1646499	   0	 510	
 681	 683	  30	   2	 430	   3	   1	  21	  30	  12	  50	  70	  30	 672	1648501	1648931	   0	 500	
 682	 684	  50	   3	 115	   1	   2	  22	  30	  12	  50	  70	  30	 685	1650912	1651027	   0	 500	
 683	 685	  70	   1	 736	   2	   1	  22	  31	  12	  50	  70	  30	 338	1652659	1653395	   0	 510	
 684	 686	  50	   3	1448	   1	   2	  23	  31	  12	  50	  70	  30	 302	1655003	1656451	   0	 510	
 685	 687	  70	   3	 987	   2	   2	  23	  32	  12	  50	  70	  30	 541	1658296	1659283	   0	 510	
 686	 688	  50	   4	 872	   1	   2	  24	  32	  12	  50	  70	  30	 327	1660907	1661779	   0	 510	
 687	 689	  30	   2	 551	   3	   1	  24	  32	  13	  50	  70	  30	 382	1663468	1664019	   0	 500	
 688	 690	  50	   2	 584	   1	   1	  25	  32	  13	  50	  70	  30	 634	1665962	1666546	   0	 490	
 689	 691	  30	   2	 603	   3	   1	  25	  32	  14	  50	  70	  30	 553	1668407	1669010	   0	 480	
 690	 692	  70	   1	1045	   2	   1	  25	  33	  14	  50	  70	  30	 373	1670685	1671730	   0	 490	
 691	 693	  30	   3	 259	   3	   2	  25	  33	  15	  50	  70	  30	 646	1673695	1673954	   0	 490	
 692	 694	  50	   2	 488	   1	   1	  26	  33	  15	  50	  70	  30	 400	1675658	1676146	   0	 480	
 693	 695	  70	   2	1201	   2	   1	  26	  34	  15	  50	  70	  30	 529	1677969	1679170	   0	 470	
 694	 696	  30	   4	 436	   3	   2	  26	  34	  16	  50	  70	  30	 357	1680830	1681266	   0	 470	
 695	 697	  50	   4	 339	   1	   2	  27	  34	  16	  50	  70	  30	 415	1682991	1683330	   0	 470	
 696	 698	  30	   4	 583	   3	   2	  27	  34	  17	  50	  70	  30	 350	1684987	1685570	   0	 470	
 697	 699	  50	   1	 478	   1	   1	  28	  34	  17	  50	  70	  30	 450	1687332	1687810	   0	 480	
 698	 700	  30	   4	1372	   3	   2	  28	  34	  18	  50	  70	  30	 395	1689494	1690866	   0	 480	
 699	 701	  70	   3	 400	   2	   2	  28	  35	  18	  50	  70	  30	 605	1692770	1693170	   0	 480	
 700	 702	  30	   3	 433	   3	   2	  28	  35	  19	  50	  70	  30	 395	1694865	1695298	   0	 480	
 701	 703	  50	   4	 665	   1	   2	  29	  35	  19	  50	  70	  30	 546	1697177	1697842	   0	 480	
 702	 704	  30	   1	 542	   3	   1	  29	  35	  20	  50	  70	  30	 435	1699588	1700130	   0	 490	
 703	 705	  50	   3	 362	   1	   2	  30	  35	  20	  50	  70	  30	 393	1701816	1702178	   0	 490	
 704	 706	  70	   1	 413	   2	   1	  30	   1	  20	  50	  70	  30	 374	1703845	1704258	   0	 500	
 705	 707	  50	   2	 351	   1	   1	  31	   1	  20	  50	  70	  30	 346	1705891	1706242	   0	 490	
 706	 708	  30	   3	 369	   3	   2	  31	   1	  21	  50	  70	  30	 415	1707969	1708338	   0	 490	
 707	 709	  50	   4	 411	   1	   2	  32	   1	  21	  50	  70	  30	 597	1710231	1710642	   0	 490	
 708	 710	  30	   4	 366	   3	   2	  32	   1	  22	  50	  70	  30	 303	1712243	1712609	   0	 490	
 709	 711	  70	   1	 510	   2	   1	  32	   2	  22	  50	  70	  30	 445	1714355	1714865	   0	 500	
 710	 712	  50	   3	 577	   1	   2	  33	   2	  22	  50	  70	  30	 641	1716800	1717377	   0	 500	
 711	 713	  70	   3	 369	   2	   2	  33	   3	  22	  50	  70	  30	 630	1719328	1719697	   0	 500	
 712	 714	  50	   4	 344	   1	   2	   1	   3	  22	  50	  70	  30	 684	1721689	1722033	   0	 500	
