Version: 1	Number of symbols: 3	Pictures exchange: true	Response Deadline: 2000
Trial_No	Virt_Trial_No	Prob_Shown	Feedback	RT	Stimulus_No	Resp	SymbolA_Stage	SymbolB_Stage	SymbolC_Stage	Prob_A	Prob_B	Prob_C	Jitter	StimOnset	RespOnset	Symbol_Changes	Bonus_sum
   1	   1	  30	   2	 961	   1	   1	   1	   0	   0	  30	  70	  50	 598	1833	2794	   0	 -10	
   2	   2	  50	   2	 892	   3	   1	   1	   0	   1	  30	  70	  50	 609	4701	5593	   0	 -20	
   3	   3	  30	   4	1084	   1	   2	   2	   0	   1	  30	  70	  50	 609	7501	8585	   0	 -20	
   4	   4	  50	   3	 636	   3	   2	   2	   0	   2	  30	  70	  50	 384	10285	10921	   0	 -20	
   5	   5	  70	   1	 842	   2	   1	   2	   1	   2	  30	  70	  50	 477	12703	13545	   0	 -10	
   6	   6	  30	   4	 667	   1	   2	   3	   1	   2	  30	  70	  50	 601	15454	16121	   0	 -10	
   7	   7	  50	   2	 852	   3	   1	   3	   1	   3	  30	  70	  50	 592	18021	18873	   0	 -20	
   8	   8	  70	   1	 699	   2	   1	   3	   2	   3	  30	  70	  50	 447	20622	21321	   0	 -10	
   9	   9	  50	   4	 875	   3	   2	   3	   2	   4	  30	  70	  50	 381	23022	23897	   0	 -10	
  10	  10	  30	   3	 632	   1	   2	   4	   2	   4	  30	  70	  50	 673	25873	26505	   0	 -10	
  11	  11	  50	   3	 539	   3	   2	   4	   2	   5	  30	  70	  50	 347	28174	28713	   0	 -10	
  12	  12	  70	   1	 373	   2	   1	   4	   3	   5	  30	  70	  50	 696	30708	31081	   0	   0	
  13	  13	  50	   4	 824	   3	   2	   4	   3	   6	  30	  70	  50	 618	33009	33833	   0	   0	
  14	  14	  70	   2	 547	   2	   1	   4	   4	   6	  30	  70	  50	 395	35526	36073	   0	 -10	
  15	  15	  50	   3	 626	   3	   2	   4	   4	   7	  30	  70	  50	 561	37927	38553	   0	 -10	
  16	  16	  30	   3	 646	   1	   2	   5	   4	   7	  30	  70	  50	 350	40211	40857	   0	 -10	
  17	  17	  70	   2	 540	   2	   1	   5	   5	   7	  30	  70	  50	 679	42828	43368	   0	 -20	
  18	  18	  50	   1	 922	   3	   1	   5	   5	   8	  30	  70	  50	 590	45262	46184	   0	 -10	
  19	  19	  70	   3	 690	   2	   2	   5	   6	   8	  30	  70	  50	 356	47846	48536	   0	 -10	
  20	  20	  30	   4	 622	   1	   2	   6	   6	   8	  30	  70	  50	 484	50330	50952	   0	 -10	
  21	  21	  50	   4	 926	   3	   2	   6	   6	   9	  30	  70	  50	 416	52698	53624	   0	 -10	
  22	  22	  30	   2	 520	   1	   1	   7	   6	   9	  30	  70	  50	 327	55248	55768	   0	 -20	
  23	  23	  50	   3	 838	   3	   2	   7	   6	  10	  30	  70	  50	 600	57682	58520	   0	 -20	
  24	  24	  30	   4	 406	   1	   2	   8	   6	  10	  30	  70	  50	 623	60450	60856	   0	 -20	
  25	  25	  70	   1	 723	   2	   1	   8	   7	  10	  30	  70	  50	 361	62517	63240	   0	 -10	
  26	  26	  50	   3	 740	   3	   2	   8	   7	  11	  30	  70	  50	 330	64868	65608	   0	 -10	
  27	  27	  30	   4	 361	   1	   2	   9	   7	  11	  30	  70	  50	 613	67519	67880	   0	 -10	
  28	  28	  50	   2	 508	   3	   1	   9	   7	  12	  30	  70	  50	 655	69836	70344	   0	 -20	
  29	  29	  70	   1	 589	   2	   1	   9	   8	  12	  30	  70	  50	 546	72187	72776	   0	 -10	
  30	  30	  50	   3	 447	   3	   2	   9	   8	  13	  30	  70	  50	 450	74537	74984	   0	 -10	
  31	  31	  70	   3	 315	   2	   2	   9	   9	  13	  30	  70	  50	 697	77005	77320	   0	 -10	
  32	  32	  50	   3	 706	   3	   2	   9	   9	  14	  30	  70	  50	 584	79222	79928	   0	 -10	
  33	  33	  30	   3	 571	   1	   2	  10	   9	  14	  30	  70	  50	 515	81756	82327	   0	 -10	
  34	  34	  70	   2	 769	   2	   1	  10	  10	  14	  30	  70	  50	 354	83990	84759	   0	 -20	
  35	  35	  30	   4	 710	   1	   2	  11	  10	  14	  30	  70	  50	 574	86641	87351	   0	 -20	
  36	  36	  70	   1	 708	   2	   1	  11	  11	  14	  30	  70	  50	 439	89091	89799	   0	 -10	
  37	  37	  50	   4	 653	   3	   2	  11	  11	  15	  30	  70	  50	 540	91642	92295	   0	 -10	
  38	  38	  30	   3	 968	   1	   2	  12	  11	  15	  30	  70	  50	 539	94143	95111	   0	 -10	
  39	  39	  70	   2	 621	   2	   1	  12	  12	  15	  30	  70	  50	 373	96794	97415	   0	 -20	
  40	  40	  30	   4	 687	   1	   2	  13	  12	  15	  30	  70	  50	 425	99144	99831	   0	 -20	
  41	  41	  50	   3	 562	   3	   2	  13	  12	  16	  30	  70	  50	 686	101845	102407	   0	 -20	
  42	  42	  70	   1	 617	   2	   1	  13	  13	  16	  30	  70	  50	 362	104062	104679	   0	 -10	
  43	  43	  30	   4	 555	   1	   2	  14	  13	  16	  30	  70	  50	 397	106380	106935	   0	 -10	
  44	  44	  70	   1	 639	   2	   1	  14	  14	  16	  30	  70	  50	 418	108664	109303	   0	   0	
  45	  45	  50	   4	 469	   3	   2	  14	  14	  17	  30	  70	  50	 693	111298	111767	   0	   0	
  46	  46	  30	   2	 438	   1	   1	  15	  14	  17	  30	  70	  50	 589	113665	114103	   0	 -10	
  47	  47	  70	   1	 524	   2	   1	  15	  15	  17	  30	  70	  50	 493	115899	116423	   0	   0	
  48	  48	  30	   3	 390	   1	   2	  16	  15	  17	  30	  70	  50	 301	118033	118423	   0	   0	
  49	  49	  70	   2	 683	   2	   1	  16	  16	  17	  30	  70	  50	 567	120300	120983	   0	 -10	
  50	  50	  30	   4	 509	   1	   2	  17	  16	  17	  30	  70	  50	 700	123001	123510	   0	 -10	
  51	  51	  70	   1	 597	   2	   1	  17	  17	  17	  30	  70	  50	 361	125185	125782	   0	   0	
  52	  52	  30	   4	 403	   1	   2	  18	  17	  17	  30	  70	  50	 527	127619	128022	   0	   0	
  53	  53	  70	   1	 696	   2	   1	  18	  18	  17	  30	  70	  50	 541	129870	130566	   0	  10	
  54	  54	  30	   3	 532	   1	   2	  19	  18	  17	  30	  70	  50	 493	132354	132886	   0	  10	
  55	  55	  70	   2	 589	   2	   1	  19	  19	  17	  30	  70	  50	 316	134521	135110	   0	   0	
  56	  56	  50	   4	 550	   3	   2	  19	  19	  18	  30	  70	  50	 651	137072	137622	   0	   0	
  57	  57	  30	   4	 722	   1	   2	  20	  19	  18	  30	  70	  50	 629	139556	140278	   0	   0	
  58	  58	  70	   1	 679	   2	   1	  20	  20	  18	  30	  70	  50	 636	142223	142902	   0	  10	
  59	  59	  50	   3	 530	   3	   2	  20	  20	  19	  30	  70	  50	 515	144724	145254	   0	  10	
  60	  60	  30	   4	 523	   1	   2	  21	  20	  19	  30	  70	  50	 336	146891	147414	   0	  10	
  61	  61	  50	   4	 696	   3	   2	  21	  20	  20	  30	  70	  50	 601	149342	150038	   0	  10	
  62	  62	  70	   3	 323	   2	   2	  21	  21	  20	  30	  70	  50	 528	151859	152182	   0	  10	
  63	  63	  50	   4	 599	   3	   2	  21	  21	  21	  30	  70	  50	 657	154143	154742	   0	  10	
  64	  64	  70	   2	 771	   2	   1	  21	  22	  21	  30	  70	  50	 569	156627	157398	   0	   0	
  65	  65	  50	   3	 722	   3	   2	  21	  22	  22	  30	  70	  50	 691	159395	160117	   0	   0	
  66	  66	  30	   3	 546	   1	   2	  22	  22	  22	  30	  70	  50	 351	161779	162325	   0	   0	
  67	  67	  70	   3	 608	   2	   2	  22	  23	  22	  30	  70	  50	 589	164213	164821	   0	   0	
  68	  68	  30	   4	 515	   1	   2	  23	  23	  22	  30	  70	  50	 409	166530	167045	   0	   0	
  69	  69	  50	   4	 645	   3	   2	  23	  23	  23	  30	  70	  50	 481	168848	169493	   0	   0	
  70	  70	  70	   1	 585	   2	   1	  23	  24	  23	  30	  70	  50	 351	171148	171733	   0	  10	
  71	  71	  50	   4	 620	   3	   2	  23	  24	  24	  30	  70	  50	 389	173449	174069	   0	  10	
  72	  72	  70	   1	 856	   2	   1	  23	  25	  24	  30	  70	  50	 559	175933	176789	   0	  20	
  73	  73	  50	   3	 579	   3	   2	  23	  25	  25	  30	  70	  50	 342	178434	179013	   0	  20	
  74	  74	  70	   4	 694	   2	   2	  23	  26	  25	  30	  70	  50	 436	180751	181445	   0	  20	
  75	  75	  50	   2	1152	   3	   1	  23	  26	  26	  30	  70	  50	 544	183285	184437	   0	  10	
  76	  76	  70	   1	 512	   2	   1	  23	  27	  26	  30	  70	  50	 700	186453	186965	   0	  20	
  77	  77	  50	   3	 726	   3	   2	  23	  27	  27	  30	  70	  50	 426	188687	189413	   0	  20	
  78	  78	  70	   1	 646	   2	   1	  23	  28	  27	  30	  70	  50	 376	191087	191733	   0	  30	
  79	  79	  50	   1	 649	   3	   1	  23	  28	  28	  30	  70	  50	 349	193388	194037	   0	  40	
  80	  80	  30	   4	 363	   1	   2	  24	  28	  28	  30	  70	  50	 337	195689	196052	   0	  40	
  81	  81	  70	   2	 679	   2	   1	  24	  29	  28	  30	  70	  50	 414	197789	198468	   0	  30	
  82	  82	  30	   4	 622	   1	   2	  25	  29	  28	  30	  70	  50	 620	200390	201012	   0	  30	
  83	  83	  50	   2	 614	   3	   1	  25	  29	  29	  30	  70	  50	 661	202974	203588	   0	  20	
  84	  84	  30	   3	 480	   1	   2	  26	  29	  29	  30	  70	  50	 604	205508	205988	   0	  20	
  85	  85	  70	   1	 709	   2	   1	  26	  30	  29	  30	  70	  50	 471	207775	208484	   0	  30	
  86	  86	  50	   3	 495	   3	   2	  26	  30	  30	  30	  70	  50	 525	210309	210804	   0	  30	
  87	  87	  70	   1	 941	   2	   1	  26	  31	  30	  30	  70	  50	 641	212743	213684	   0	  40	
  88	  88	  30	   2	1360	   3	   1	  26	  31	   1	  30	  70	  30	 414	215428	216788	   3	  30	
  89	  89	  30	   4	 872	   1	   2	  27	  31	   1	  30	  70	  30	 329	218412	219284	   0	  30	
  90	  90	  70	   2	 634	   2	   1	  27	  32	   1	  30	  70	  30	 553	221146	221780	   0	  20	
  91	  91	  30	   3	 889	   3	   2	  27	  32	   2	  30	  70	  30	 438	223547	224436	   0	  20	
  92	  92	  70	   1	 712	   2	   1	  27	  33	   2	  30	  70	  30	 614	226364	227076	   0	  30	
  93	  93	  30	   4	 517	   1	   2	  28	  33	   2	  30	  70	  30	 447	228831	229348	   0	  30	
  94	  94	  30	   4	 757	   3	   2	  28	  33	   3	  30	  70	  30	 548	231215	231972	   0	  30	
  95	  95	  30	   3	 719	   1	   2	  29	  33	   3	  30	  70	  30	 475	233749	234468	   0	  30	
  96	  96	  20	   2	 828	   2	   1	  29	   1	   3	  30	  20	  30	 619	236567	237395	   2	  20	
  97	  97	  30	   4	 509	   1	   2	  30	   1	   3	  30	  20	  30	 632	239334	239843	   0	  20	
  98	  98	  30	   4	 355	   3	   2	  30	   1	   4	  30	  20	  30	 399	241552	241907	   0	  20	
  99	  99	  30	   4	 845	   1	   2	  31	   1	   4	  30	  20	  30	 490	243702	244547	   0	  20	
 100	 100	  30	   4	 647	   3	   2	  31	   1	   5	  30	  20	  30	 381	246236	246883	   0	  20	
 101	 101	  20	   2	 671	   2	   1	  31	   2	   5	  30	  20	  30	 630	248820	249491	   0	  10	
 102	 102	  30	   3	 575	   1	   2	  32	   2	   5	  30	  20	  30	 399	251204	251779	   0	  10	
 103	 103	  20	   1	 739	   2	   1	  32	   3	   5	  30	  20	  30	 411	253488	254227	   0	  20	
 104	 104	  30	   3	 671	   3	   2	  32	   3	   6	  30	  20	  30	 445	255972	256643	   0	  20	
 105	 105	  20	   2	 764	   2	   1	  32	   4	   6	  30	  20	  30	 472	258423	259187	   0	  10	
 106	 106	  30	   4	 442	   3	   2	  32	   4	   7	  30	  20	  30	 364	260857	261299	   0	  10	
 107	 107	  20	   4	 674	   2	   2	  32	   5	   7	  30	  20	  30	 430	263025	263699	   0	  10	
 108	 108	  30	   4	 608	   3	   2	  32	   5	   8	  30	  20	  30	 459	265459	266067	   0	  10	
 109	 109	  20	   3	 388	   2	   2	  32	   6	   8	  30	  20	  30	 396	267759	268147	   0	  10	
 110	 110	  30	   4	 657	   1	   2	  33	   6	   8	  30	  20	  30	 356	269810	270467	   0	  10	
 111	 111	  30	   4	 552	   3	   2	  33	   6	   9	  30	  20	  30	 436	272427	272979	   0	  10	
 112	 112	  20	   2	 700	   2	   1	  33	   7	   9	  30	  20	  30	 387	274678	275378	   0	   0	
 113	 113	  30	   3	 481	   3	   2	  33	   7	  10	  30	  20	  30	 633	277329	277810	   0	   0	
 114	 114	  30	   4	1023	   1	   2	  34	   7	  10	  30	  20	  30	 654	279779	280802	   0	   0	
 115	 115	  30	   3	 624	   3	   2	  34	   7	  11	  30	  20	  30	 427	282530	283154	   0	   0	
 116	 116	  30	   4	 565	   1	   2	  35	   7	  11	  30	  20	  30	 324	284781	285346	   0	   0	
 117	 117	  30	   4	 713	   3	   2	  35	   7	  12	  30	  20	  30	 417	287081	287794	   0	   0	
 118	 118	  80	   1	1113	   1	   1	   1	   7	  12	  80	  20	  30	 341	289449	290562	   1	  10	
 119	 119	  30	   4	 545	   3	   2	   1	   7	  13	  80	  20	  30	 575	292433	292978	   0	  10	
 120	 120	  20	   4	 592	   2	   2	   1	   8	  13	  80	  20	  30	 548	294834	295426	   0	  10	
 121	 121	  80	   1	 586	   1	   1	   2	   8	  13	  80	  20	  30	 616	297368	297954	   0	  20	
NaN	 122	  30	NaN	NaN	   3	   3	   2	   8	  13	  80	  20	  30	 346	297368	NaN	   0	  20	
 122	 123	  80	   2	1527	   1	   1	   3	   8	  13	  80	  20	  30	 521	303403	304930	   0	  10	
 123	 124	  30	   4	 550	   3	   2	   3	   8	  14	  80	  20	  30	 389	306620	307170	   0	  10	
 124	 125	  80	   1	 842	   1	   1	   4	   8	  14	  80	  20	  30	 415	308904	309746	   0	  20	
 125	 126	  30	   3	 730	   3	   2	   4	   8	  15	  80	  20	  30	 616	311672	312402	   0	  20	
 126	 127	  80	   1	 933	   1	   1	   5	   8	  15	  80	  20	  30	 460	314156	315089	   0	  30	
 127	 128	  30	   4	 818	   3	   2	   5	   8	  16	  80	  20	  30	 599	317007	317825	   0	  30	
 128	 129	  20	   4	 756	   2	   2	   5	   9	  16	  80	  20	  30	 627	319757	320513	   0	  30	
 129	 130	  80	   2	1155	   1	   1	   6	   9	  16	  80	  20	  30	 334	322158	323313	   0	  20	
 130	 131	  30	   4	 697	   3	   2	   6	   9	  17	  80	  20	  30	 562	325176	325873	   0	  20	
 131	 132	  80	   1	 873	   1	   1	   7	   9	  17	  80	  20	  30	 364	327560	328433	   0	  30	
 132	 133	  30	   4	 659	   3	   2	   7	   9	  18	  80	  20	  30	 374	330110	330769	   0	  30	
 133	 134	  80	   1	1143	   1	   1	   8	   9	  18	  80	  20	  30	 312	332378	333521	   0	  40	
 134	 135	  20	   4	 622	   2	   2	   8	  10	  18	  80	  20	  30	 558	335379	336001	   0	  40	
 135	 136	  80	   1	 788	   1	   1	   9	  10	  18	  80	  20	  30	 318	337629	338417	   0	  50	
 136	 137	  20	   3	 601	   2	   2	   9	  11	  18	  80	  20	  30	 548	340280	340881	   0	  50	
 137	 138	  80	   1	 540	   1	   1	  10	  11	  18	  80	  20	  30	 396	342581	343121	   0	  60	
 138	 139	  20	   4	 510	   2	   2	  10	  12	  18	  80	  20	  30	 485	344915	345425	   0	  60	
 139	 140	  30	   3	 744	   3	   2	  10	  12	  19	  80	  20	  30	 337	347065	347809	   0	  60	
 140	 141	  80	   2	 622	   1	   1	  11	  12	  19	  80	  20	  30	 557	349666	350288	   0	  50	
 141	 142	  30	   4	 608	   3	   2	  11	  12	  20	  80	  20	  30	 389	352000	352608	   0	  50	
 142	 143	  20	   4	 621	   2	   2	  11	  13	  20	  80	  20	  30	 554	354467	355088	   0	  50	
 143	 144	  80	   1	 549	   1	   1	  12	  13	  20	  80	  20	  30	 663	357051	357600	   0	  60	
 144	 145	  30	   3	 468	   3	   2	  12	  13	  21	  80	  20	  30	 531	359452	359920	   0	  60	
 145	 146	  20	   4	 499	   2	   2	  12	  14	  21	  80	  20	  30	 617	361853	362352	   0	  60	
 146	 147	  30	   4	 491	   3	   2	  12	  14	  22	  80	  20	  30	 376	364037	364528	   0	  60	
 147	 148	  20	   4	 569	   2	   2	  12	  15	  22	  80	  20	  30	 652	366487	367056	   0	  60	
 148	 149	  80	   1	 779	   1	   1	  13	  15	  22	  80	  20	  30	 461	368821	369600	   0	  70	
 149	 150	  20	   4	 518	   2	   2	  13	  16	  22	  80	  20	  30	 403	371306	371824	   0	  70	
 150	 151	  80	   1	 553	   1	   1	  14	  16	  22	  80	  20	  30	 486	373623	374176	   0	  80	
 151	 152	  20	   4	 466	   2	   2	  14	  17	  22	  80	  20	  30	 686	376190	376656	   0	  80	
 152	 153	  30	   4	 539	   3	   2	  14	  17	  23	  80	  20	  30	 368	378341	378880	   0	  80	
 153	 154	  20	   3	 543	   2	   2	  14	  18	  23	  80	  20	  30	 437	380625	381168	   0	  80	
 154	 155	  80	   1	 610	   1	   1	  15	  18	  23	  80	  20	  30	 465	382942	383552	   0	  90	
 155	 156	  30	   4	 548	   3	   2	  15	  18	  24	  80	  20	  30	 406	385260	385808	   0	  90	
 156	 157	  80	   1	 546	   1	   1	  16	  18	  24	  80	  20	  30	 595	387710	388256	   0	 100	
 157	 158	  20	   4	 548	   2	   2	  16	  19	  24	  80	  20	  30	 452	390011	390559	   0	 100	
 158	 159	  30	   4	 635	   3	   2	  16	  19	  25	  80	  20	  30	 358	392228	392863	   0	 100	
 159	 160	  80	   1	1018	   1	   1	  17	  19	  25	  80	  20	  30	 450	394629	395647	   0	 110	
 160	 161	  20	   4	 647	   2	   2	  17	  20	  25	  80	  20	  30	 533	397496	398143	   0	 110	
 161	 162	  30	   4	 893	   3	   2	  17	  20	  26	  80	  20	  30	 670	400130	401023	   0	 110	
 162	 163	  80	   2	 568	   1	   1	  18	  20	  26	  80	  20	  30	 306	402631	403199	   0	 100	
 163	 164	  30	   3	 749	   3	   2	  18	  20	  27	  80	  20	  30	 385	404898	405647	   0	 100	
 164	 165	  20	   4	 706	   2	   2	  18	  21	  27	  80	  20	  30	 583	407549	408255	   0	 100	
 165	 166	  30	   4	 738	   3	   2	  18	  21	  28	  80	  20	  30	 352	409917	410655	   0	 100	
 166	 167	  80	   1	 621	   1	   1	  19	  21	  28	  80	  20	  30	 466	412434	413055	   0	 110	
 167	 168	  30	   4	 632	   3	   2	  19	  21	  29	  80	  20	  30	 574	414935	415567	   0	 110	
 168	 169	  20	   4	 272	   2	   2	  19	  22	  29	  80	  20	  30	 634	417519	417791	   0	 110	
 169	 170	  30	   3	 599	   3	   2	  19	  22	  30	  80	  20	  30	 646	419736	420335	   0	 110	
 170	 171	  80	   1	 500	   1	   1	  20	  22	  30	  80	  20	  30	 543	422187	422687	   0	 120	
 171	 172	  30	   2	 503	   3	   1	  20	  22	  31	  80	  20	  30	 456	424504	425007	   0	 110	
 172	 173	  20	   3	 425	   2	   2	  20	  23	  31	  80	  20	  30	 529	426838	427263	   0	 110	
 173	 174	  80	   1	 525	   1	   1	  21	  23	  31	  80	  20	  30	 528	429089	429614	   0	 120	
 174	 175	  30	   4	 479	   3	   2	  21	  23	  32	  80	  20	  30	 509	431423	431902	   0	 120	
 175	 176	  80	   1	 615	   1	   1	  22	  23	  32	  80	  20	  30	 418	433623	434238	   0	 130	
 176	 177	  30	   4	 428	   3	   2	  22	  23	  33	  80	  20	  30	 319	435874	436302	   0	 130	
 177	 178	  80	   2	 568	   1	   1	  23	  23	  33	  80	  20	  30	 352	437958	438526	   0	 120	
 178	 179	  30	   3	 511	   3	   2	  23	  23	  34	  80	  20	  30	 333	440175	440686	   0	 120	
 179	 180	  20	   2	 880	   2	   1	  23	  24	  34	  80	  20	  30	 536	442526	443406	   0	 110	
 180	 181	  30	   4	 571	   3	   2	  23	  24	  35	  80	  20	  30	 313	445027	445598	   0	 110	
 181	 182	  20	   3	 471	   2	   2	  23	  25	  35	  80	  20	  30	 609	447527	447998	   0	 110	
 182	 183	  80	   1	 704	   1	   1	  24	  25	  35	  80	  20	  30	 368	449678	450382	   0	 120	
 183	 184	  70	   3	1062	   3	   2	  24	  25	   1	  80	  20	  70	 586	452312	453374	   3	 120	
 184	 185	  20	   4	 582	   2	   2	  24	  26	   1	  80	  20	  70	 414	455080	455662	   0	 120	
 185	 186	  70	   2	 693	   3	   1	  24	  26	   2	  80	  20	  70	 520	457497	458190	   0	 110	
 186	 187	  20	   4	1182	   2	   2	  24	  27	   2	  80	  20	  70	 569	460064	461246	   0	 110	
 187	 188	  70	   1	 624	   3	   1	  24	  27	   3	  80	  20	  70	 627	463182	463806	   0	 120	
 188	 189	  20	   4	 578	   2	   2	  24	  28	   3	  80	  20	  70	 404	465516	466094	   0	 120	
 189	 190	  80	   4	 764	   1	   2	  25	  28	   3	  80	  20	  70	 620	468017	468781	   0	 120	
 190	 191	  70	   2	 608	   3	   1	  25	  28	   4	  80	  20	  70	 602	470701	471309	   0	 110	
 191	 192	  80	   1	1855	   1	   1	  26	  28	   4	  80	  20	  70	 491	473118	474973	   0	 120	
 192	 193	  20	   4	 523	   2	   2	  26	  29	   4	  80	  20	  70	 528	476802	477325	   0	 120	
 193	 194	  70	   1	 797	   3	   1	  26	  29	   5	  80	  20	  70	 506	479136	479933	   0	 130	
 194	 195	  20	   4	1031	   2	   2	  26	  30	   5	  80	  20	  70	 412	481654	482685	   0	 130	
 195	 196	  70	   1	1109	   3	   1	  26	  30	   6	  80	  20	  70	 481	484488	485597	   0	 140	
 196	 197	  80	   3	 606	   1	   2	  27	  30	   6	  80	  20	  70	 564	487455	488061	   0	 140	
 197	 198	  50	   3	1327	   2	   2	  27	   1	   6	  80	  50	  70	 430	489806	491133	   2	 140	
 198	 199	  70	   3	 570	   3	   2	  27	   1	   7	  80	  50	  70	 675	493107	493677	   0	 140	
 199	 200	  50	   2	 571	   2	   1	  27	   2	   7	  80	  50	  70	 475	495458	496029	   0	 130	
 200	 201	  80	   1	 541	   1	   1	  28	   2	   7	  80	  50	  70	 450	497792	498333	   0	 140	
 201	 202	  70	   4	 693	   3	   2	  28	   2	   8	  80	  50	  70	 327	499976	500669	   0	 140	
 202	 203	  50	   3	 814	   2	   2	  28	   3	   8	  80	  50	  70	 570	502543	503357	   0	 140	
 203	 204	  70	   3	 513	   3	   2	  28	   3	   9	  80	  50	  70	 561	505227	505740	   0	 140	
 204	 205	  50	   2	1023	   2	   1	  28	   4	   9	  80	  50	  70	 613	507645	508668	   0	 130	
 205	 206	  70	   3	 801	   3	   2	  28	   4	  10	  80	  50	  70	 410	510379	511180	   0	 130	
 206	 207	  50	   4	 651	   2	   2	  28	   5	  10	  80	  50	  70	 440	512929	513580	   0	 130	
 207	 208	  80	   1	 583	   1	   1	  29	   5	  10	  80	  50	  70	 519	515413	515996	   0	 140	
 208	 209	  50	   3	 781	   2	   2	  29	   6	  10	  80	  50	  70	 323	517631	518412	   0	 140	
 209	 210	  80	   1	 922	   1	   1	  30	   6	  10	  80	  50	  70	 364	520098	521020	   0	 150	
 210	 211	  70	   4	 736	   3	   2	  30	   6	  11	  80	  50	  70	 386	522716	523452	   0	 150	
 211	 212	  50	   3	1724	   2	   2	  30	   7	  11	  80	  50	  70	 428	525200	526924	   0	 150	
 212	 213	  80	   1	 519	   1	   1	  31	   7	  11	  80	  50	  70	 670	528901	529420	   0	 160	
 213	 214	  70	   4	 508	   3	   2	  31	   7	  12	  80	  50	  70	 433	531168	531676	   0	 160	
 214	 215	  80	   1	 710	   1	   1	  32	   7	  12	  80	  50	  70	 315	533302	534012	   0	 170	
 215	 216	  70	   3	 539	   3	   2	  32	   7	  13	  80	  50	  70	 639	535953	536492	   0	 170	
 216	 217	  50	   2	 641	   2	   1	  32	   8	  13	  80	  50	  70	 414	538203	538844	   0	 160	
 217	 218	  80	   1	 501	   1	   1	  33	   8	  13	  80	  50	  70	 323	540471	540972	   0	 170	
 218	 219	  50	   4	 890	   2	   2	  33	   9	  13	  80	  50	  70	 421	542705	543595	   0	 170	
 219	 220	  20	   4	1142	   1	   2	   1	   9	  13	  20	  50	  70	 662	545589	546731	   1	 170	
 220	 221	  70	   3	 809	   3	   2	   1	   9	  14	  20	  50	  70	 676	548706	549515	   0	 170	
 221	 222	  50	   1	 741	   2	   1	   1	  10	  14	  20	  50	  70	 337	551174	551915	   0	 180	
 222	 223	  70	   3	 690	   3	   2	   1	  10	  15	  20	  50	  70	 422	553641	554331	   0	 180	
 223	 224	  20	   4	 592	   1	   2	   2	  10	  15	  20	  50	  70	 433	556075	556667	   0	 180	
 224	 225	  50	   2	 877	   2	   1	   2	  11	  15	  20	  50	  70	 553	558526	559403	   0	 170	
 225	 226	  70	   1	 822	   3	   1	   2	  11	  16	  20	  50	  70	 382	561093	561915	   0	 180	
 226	 227	  20	   4	 665	   1	   2	   3	  11	  16	  20	  50	  70	 580	563794	564459	   0	 180	
 227	 228	  70	   4	 860	   3	   2	   3	  11	  17	  20	  50	  70	 330	566095	566955	   0	 180	
 228	 229	  20	   3	 578	   1	   2	   4	  11	  17	  20	  50	  70	 466	568729	569307	   0	 180	
 229	 230	  50	   1	 750	   2	   1	   4	  12	  17	  20	  50	  70	 618	571229	571979	   0	 190	
 230	 231	  70	   3	 657	   3	   2	   4	  12	  18	  20	  50	  70	 625	573914	574571	   0	 190	
 231	 232	  50	   2	 575	   2	   1	   4	  13	  18	  20	  50	  70	 478	576364	576939	   0	 180	
 232	 233	  70	   1	 757	   3	   1	   4	  13	  19	  20	  50	  70	 353	578598	579355	   0	 190	
 233	 234	  20	   4	 537	   1	   2	   5	  13	  19	  20	  50	  70	 609	581266	581803	   0	 190	
 234	 235	  70	   3	 832	   3	   2	   5	  13	  20	  20	  50	  70	 344	583450	584282	   0	 190	
 235	 236	  20	   4	 583	   1	   2	   6	  13	  20	  20	  50	  70	 469	586067	586650	   0	 190	
NaN	 237	  50	NaN	NaN	   2	   3	   6	  13	  20	  20	  50	  70	 484	586067	NaN	   0	 190	
 236	 238	  70	   2	1346	   3	   1	   6	  13	  21	  20	  50	  70	 424	592152	593498	   0	 180	
 237	 239	  50	   2	 544	   2	   1	   6	  14	  21	  20	  50	  70	 566	595370	595914	   0	 170	
 238	 240	  70	   3	 549	   3	   2	   6	  14	  22	  20	  50	  70	 429	597637	598186	   0	 170	
 239	 241	  50	   1	 466	   2	   1	   6	  15	  22	  20	  50	  70	 596	600088	600554	   0	 180	
 240	 242	  20	   3	 524	   1	   2	   7	  15	  22	  20	  50	  70	 377	602238	602762	   0	 180	
 241	 243	  50	   3	1016	   2	   2	   7	  16	  22	  20	  50	  70	 619	604706	605722	   0	 180	
 242	 244	  20	   4	 654	   1	   2	   8	  16	  22	  20	  50	  70	 320	607356	608010	   0	 180	
 243	 245	  70	   1	 698	   3	   1	   8	  16	  23	  20	  50	  70	 509	609824	610522	   0	 190	
 244	 246	  50	   4	 494	   2	   2	   8	  17	  23	  20	  50	  70	 666	612508	613002	   0	 190	
 245	 247	  20	   4	 498	   1	   2	   9	  17	  23	  20	  50	  70	 486	614792	615290	   0	 190	
 246	 248	  50	   1	 601	   2	   1	   9	  18	  23	  20	  50	  70	 392	616993	617594	   0	 200	
 247	 249	  70	   3	 626	   3	   2	   9	  18	  24	  20	  50	  70	 619	619527	620153	   0	 200	
 248	 250	  20	   4	 490	   1	   2	  10	  18	  24	  20	  50	  70	 680	622127	622617	   0	 200	
 249	 251	  70	   1	 706	   3	   1	  10	  18	  25	  20	  50	  70	 393	624311	625017	   0	 210	
 250	 252	  50	   2	 526	   2	   1	  10	  19	  25	  20	  50	  70	 474	626795	627321	   0	 200	
 251	 253	  20	   4	 631	   1	   2	  11	  19	  25	  20	  50	  70	 698	629346	629977	   0	 200	
 252	 254	  70	   4	 996	   3	   2	  11	  19	  26	  20	  50	  70	 515	631813	632809	   0	 200	
 253	 255	  50	   1	 514	   2	   1	  11	  20	  26	  20	  50	  70	 528	634631	635145	   0	 210	
 254	 256	  70	   3	 505	   3	   2	  11	  20	  27	  20	  50	  70	 366	636832	637337	   0	 210	
 255	 257	  50	   1	 538	   2	   1	  11	  21	  27	  20	  50	  70	 549	639199	639737	   0	 220	
 256	 258	  70	   3	 657	   3	   2	  11	  21	  28	  20	  50	  70	 353	641400	642057	   0	 220	
 257	 259	  50	   2	 517	   2	   1	  11	  22	  28	  20	  50	  70	 316	643684	644201	   0	 210	
 258	 260	  70	   4	 461	   3	   2	  11	  22	  29	  20	  50	  70	 373	645884	646345	   0	 210	
 259	 261	  20	   4	 592	   1	   2	  12	  22	  29	  20	  50	  70	 536	648185	648777	   0	 210	
 260	 262	  70	   1	 591	   3	   1	  12	  22	  30	  20	  50	  70	 524	650602	651193	   0	 220	
 261	 263	  50	   4	 419	   2	   2	  12	  23	  30	  20	  50	  70	 374	652886	653305	   0	 220	
 262	 264	  20	   4	 639	   1	   2	  13	  23	  30	  20	  50	  70	 352	654970	655609	   0	 220	
 263	 265	  50	   4	 779	   3	   2	  13	  23	   1	  20	  50	  50	 524	657454	658233	   3	 220	
 264	 266	  50	   2	 613	   2	   1	  13	  24	   1	  20	  50	  50	 424	659955	660568	   0	 210	
 265	 267	  50	   4	 516	   3	   2	  13	  24	   2	  20	  50	  50	 512	662372	662888	   0	 210	
 266	 268	  50	   1	 423	   2	   1	  13	  25	   2	  20	  50	  50	 475	664673	665096	   0	 220	
 267	 269	  20	   3	 568	   1	   2	  14	  25	   2	  20	  50	  50	 622	667024	667592	   0	 220	
 268	 270	  50	   1	 724	   2	   1	  14	  26	   2	  20	  50	  50	 614	669508	670232	   0	 230	
 269	 271	  50	   3	 878	   3	   2	  14	  26	   3	  20	  50	  50	 516	672058	672936	   0	 230	
 270	 272	  50	   2	 614	   2	   1	  14	  27	   3	  20	  50	  50	 385	674626	675240	   0	 220	
 271	 273	  50	   4	 534	   3	   2	  14	  27	   4	  20	  50	  50	 463	677026	677560	   0	 220	
 272	 274	  50	   1	 501	   2	   1	  14	  28	   4	  20	  50	  50	 553	679427	679928	   0	 230	
 273	 275	  20	   4	 369	   1	   2	  15	  28	   4	  20	  50	  50	 673	681911	682280	   0	 230	
 274	 276	  50	   3	 405	   3	   2	  15	  28	   5	  20	  50	  50	 602	684195	684600	   0	 230	
 275	 277	  50	   4	 514	   2	   2	  15	  29	   5	  20	  50	  50	 354	686262	686776	   0	 230	
 276	 278	  20	   3	 587	   1	   2	  16	  29	   5	  20	  50	  50	 331	688413	689000	   0	 230	
 277	 279	  50	   1	 487	   3	   1	  16	  29	   6	  20	  50	  50	 588	690897	691384	   0	 240	
 278	 280	  20	   4	 533	   1	   2	  17	  29	   6	  20	  50	  50	 636	693331	693864	   0	 240	
 279	 281	  50	   2	 627	   3	   1	  17	  29	   7	  20	  50	  50	 570	695748	696375	   0	 230	
 280	 282	  20	   4	 523	   1	   2	  18	  29	   7	  20	  50	  50	 640	698316	698839	   0	 230	
 281	 283	  50	   4	 442	   3	   2	  18	  29	   8	  20	  50	  50	 552	700717	701159	   0	 230	
 282	 284	  50	   1	 601	   2	   1	  18	  30	   8	  20	  50	  50	 666	703134	703735	   0	 240	
 283	 285	  20	   4	 434	   1	   2	  19	  30	   8	  20	  50	  50	 638	705685	706119	   0	 240	
 284	 286	  50	   3	 400	   2	   2	  19	  31	   8	  20	  50	  50	 304	707735	708135	   0	 240	
 285	 287	  20	   4	 529	   1	   2	  20	  31	   8	  20	  50	  50	 637	710086	710615	   0	 240	
 286	 288	  50	   3	 592	   3	   2	  20	  31	   9	  20	  50	  50	 581	712503	713095	   0	 240	
 287	 289	  20	   4	 526	   1	   2	  21	  31	   9	  20	  50	  50	 528	714921	715447	   0	 240	
 288	 290	  50	   1	 606	   3	   1	  21	  31	  10	  20	  50	  50	 571	717321	717927	   0	 250	
 289	 291	  50	   4	 409	   2	   2	  21	  32	  10	  20	  50	  50	 581	719822	720231	   0	 250	
 290	 292	  50	   3	 493	   3	   2	  21	  32	  11	  20	  50	  50	 573	722106	722599	   0	 250	
 291	 293	  50	   3	 872	   2	   2	  21	  33	  11	  20	  50	  50	 302	724223	725095	   0	 250	
 292	 294	  50	   3	 653	   3	   2	  21	  33	  12	  20	  50	  50	 465	726874	727527	   0	 250	
 293	 295	  20	   3	 504	   1	   2	  22	  33	  12	  20	  50	  50	 548	729391	729895	   0	 250	
 294	 296	  20	   2	 968	   2	   1	  22	   1	  12	  20	  20	  50	 557	731775	732743	   2	 240	
 295	 297	  20	   4	 537	   1	   2	  23	   1	  12	  20	  20	  50	 458	734510	735047	   0	 240	
 296	 298	  20	   4	 951	   2	   2	  23	   2	  12	  20	  20	  50	 580	736927	737878	   0	 240	
 297	 299	  20	   4	 470	   1	   2	  24	   2	  12	  20	  20	  50	 562	739744	740214	   0	 240	
 298	 300	  20	   2	 596	   2	   1	  24	   3	  12	  20	  20	  50	 642	742162	742758	   0	 230	
 299	 301	  50	   4	 432	   3	   2	  24	   3	  13	  20	  20	  50	 601	744662	745094	   0	 230	
 300	 302	  20	   4	 650	   2	   2	  24	   4	  13	  20	  20	  50	 368	746780	747430	   0	 230	
 301	 303	  50	   1	1016	   3	   1	  24	   4	  14	  20	  20	  50	 475	749230	750246	   0	 240	
 302	 304	  20	   3	 503	   2	   2	  24	   5	  14	  20	  20	  50	 458	752015	752518	   0	 240	
 303	 305	  20	   4	 503	   1	   2	  25	   5	  14	  20	  20	  50	 572	754399	754902	   0	 240	
 304	 306	  50	   3	 546	   3	   2	  25	   5	  15	  20	  20	  50	 306	756516	757062	   0	 240	
 305	 307	  20	   4	 525	   1	   2	  26	   5	  15	  20	  20	  50	 663	759017	759542	   0	 240	
 306	 308	  50	   2	 571	   3	   1	  26	   5	  16	  20	  20	  50	 626	761467	762038	   0	 230	
 307	 309	  20	   4	 539	   1	   2	  27	   5	  16	  20	  20	  50	 513	763851	764390	   0	 230	
 308	 310	  50	   4	 521	   3	   2	  27	   5	  17	  20	  20	  50	 595	766285	766806	   0	 230	
 309	 311	  20	   3	 489	   1	   2	  28	   5	  17	  20	  20	  50	 541	768653	769142	   0	 230	
 310	 312	  50	   3	 539	   3	   2	  28	   5	  18	  20	  20	  50	 532	770987	771526	   0	 230	
 311	 313	  20	   4	 914	   2	   2	  28	   6	  18	  20	  20	  50	 329	773171	774085	   0	 230	
 312	 314	  50	   4	 370	   3	   2	  28	   6	  19	  20	  20	  50	 555	775955	776325	   0	 230	
 313	 315	  20	   4	 474	   2	   2	  28	   7	  19	  20	  20	  50	 516	778155	778629	   0	 230	
 314	 316	  20	   4	 543	   1	   2	  29	   7	  19	  20	  20	  50	 476	780406	780949	   0	 230	
 315	 317	  20	   4	 469	   2	   2	  29	   8	  19	  20	  20	  50	 390	782640	783109	   0	 230	
 316	 318	  50	   4	 826	   3	   2	  29	   8	  20	  20	  20	  50	 490	784907	785733	   0	 230	
 317	 319	  20	   3	 697	   2	   2	  29	   9	  20	  20	  20	  50	 678	787708	788405	   0	 230	
 318	 320	  20	   4	 582	   1	   2	  30	   9	  20	  20	  20	  50	 452	790175	790757	   0	 230	
 319	 321	  50	   4	 538	   3	   2	  30	   9	  21	  20	  20	  50	 369	792443	792981	   0	 230	
 320	 322	  20	   4	 490	   1	   2	  31	   9	  21	  20	  20	  50	 548	794843	795333	   0	 230	
 321	 323	  50	   3	 483	   3	   2	  31	   9	  22	  20	  20	  50	 346	796994	797477	   0	 230	
 322	 324	  20	   4	 518	   1	   2	  32	   9	  22	  20	  20	  50	 504	799295	799813	   0	 230	
 323	 325	  20	   2	 432	   2	   1	  32	  10	  22	  20	  20	  50	 327	801445	801877	   0	 220	
 324	 326	  20	   3	 435	   1	   2	  33	  10	  22	  20	  20	  50	 561	803746	804181	   0	 220	
 325	 327	  50	   4	 440	   3	   2	  33	  10	  23	  20	  20	  50	 529	806013	806453	   0	 220	
 326	 328	  20	   4	 348	   2	   2	  33	  11	  23	  20	  20	  50	 518	808281	808629	   0	 220	
 327	 329	  50	   3	 443	   3	   2	  33	  11	  24	  20	  20	  50	 351	810298	810741	   0	 220	
 328	 330	  20	   4	 561	   2	   2	  33	  12	  24	  20	  20	  50	 452	812499	813060	   0	 220	
 329	 331	  20	   4	 513	   1	   2	  34	  12	  24	  20	  20	  50	 521	814883	815396	   0	 220	
 330	 332	  20	   2	 615	   2	   1	  34	  13	  24	  20	  20	  50	 406	817117	817732	   0	 210	
 331	 333	  50	   3	 500	   3	   2	  34	  13	  25	  20	  20	  50	 521	819584	820084	   0	 210	
 332	 334	  20	   4	 549	   1	   2	  35	  13	  25	  20	  20	  50	 560	821951	822500	   0	 210	
 333	 335	  20	   4	 644	   2	   2	  35	  14	  25	  20	  20	  50	 531	824352	824996	   0	 210	
 334	 336	  50	   4	 609	   3	   2	  35	  14	  26	  20	  20	  50	 511	826803	827412	   0	 210	
 335	 337	  80	   1	1231	   1	   1	   1	  14	  26	  80	  20	  50	 484	829237	830468	   1	 220	
 336	 338	  20	   2	 722	   2	   1	   1	  15	  26	  80	  20	  50	 575	832354	833076	   0	 210	
 337	 339	  80	   1	 622	   1	   1	   2	  15	  26	  80	  20	  50	 448	834838	835460	   0	 220	
 338	 340	  20	   4	 544	   2	   2	   2	  16	  26	  80	  20	  50	 406	837172	837716	   0	 220	
 339	 341	  80	   1	 607	   1	   1	   3	  16	  26	  80	  20	  50	 564	839573	840180	   0	 230	
 340	 342	  50	   3	 531	   3	   2	   3	  16	  27	  80	  20	  50	 371	841857	842388	   0	 230	
 341	 343	  80	   1	 648	   1	   1	   4	  16	  27	  80	  20	  50	 414	844124	844772	   0	 240	
 342	 344	  20	   4	 442	   2	   2	   4	  17	  27	  80	  20	  50	 358	846442	846884	   0	 240	
 343	 345	  50	   3	 588	   3	   2	   4	  17	  28	  80	  20	  50	 587	848776	849364	   0	 240	
 344	 346	  20	   3	 505	   2	   2	   4	  18	  28	  80	  20	  50	 538	851210	851715	   0	 240	
 345	 347	  80	   2	 585	   1	   1	   5	  18	  28	  80	  20	  50	 570	853594	854179	   0	 230	
 346	 348	  20	   3	 421	   2	   2	   5	  19	  28	  80	  20	  50	 581	856078	856499	   0	 230	
 347	 349	  50	   4	 591	   3	   2	   5	  19	  29	  80	  20	  50	 421	858228	858819	   0	 230	
 348	 350	  80	   3	 505	   1	   2	   6	  19	  29	  80	  20	  50	 646	860762	861267	   0	 230	
 349	 351	  50	   4	 481	   3	   2	   6	  19	  30	  80	  20	  50	 375	862946	863427	   0	 230	
 350	 352	  80	   1	 447	   1	   1	   7	  19	  30	  80	  20	  50	 639	865380	865827	   0	 240	
 351	 353	  50	   4	 438	   3	   2	   7	  19	  31	  80	  20	  50	 435	867581	868019	   0	 240	
 352	 354	  80	   1	 313	   1	   1	   8	  19	  31	  80	  20	  50	 578	869898	870211	   0	 250	
 353	 355	  20	   4	 405	   2	   2	   8	  20	  31	  80	  20	  50	 469	871982	872387	   0	 250	
 354	 356	  80	   2	 519	   1	   1	   9	  20	  31	  80	  20	  50	 601	874300	874819	   0	 240	
 355	 357	  50	   4	 565	   3	   2	   9	  20	  32	  80	  20	  50	 621	876750	877315	   0	 240	
 356	 358	  20	   3	 501	   2	   2	   9	  21	  32	  80	  20	  50	 484	879118	879619	   0	 240	
 357	 359	  50	   3	 502	   3	   2	   9	  21	  33	  80	  20	  50	 560	881485	881987	   0	 240	
 358	 360	  20	   4	 925	   2	   2	   9	  22	  33	  80	  20	  50	 409	883702	884627	   0	 240	
 359	 361	  80	   1	 605	   1	   1	  10	  22	  33	  80	  20	  50	 546	886470	887075	   0	 250	
 360	 362	  20	   4	 596	   2	   2	  10	  23	  33	  80	  20	  50	 302	888687	889283	   0	 250	
 361	 363	  70	   3	1014	   3	   2	  10	  23	   1	  80	  20	  70	 351	890988	892002	   3	 250	
 362	 364	  80	   1	 610	   1	   1	  11	  23	   1	  80	  20	  70	 561	893872	894482	   0	 260	
 363	 365	  70	   2	 849	   3	   1	  11	  23	   2	  80	  20	  70	 486	896273	897122	   0	 250	
 364	 366	  20	   4	 594	   2	   2	  11	  24	   2	  80	  20	  70	 611	899040	899634	   0	 250	
 365	 367	  70	   2	 701	   3	   1	  11	  24	   3	  80	  20	  70	 618	901557	902258	   0	 240	
 366	 368	  20	   4	 607	   2	   2	  11	  25	   3	  80	  20	  70	 303	903875	904482	   0	 240	
 367	 369	  80	   1	 537	   1	   1	  12	  25	   3	  80	  20	  70	 640	906425	906962	   0	 250	
 368	 370	  70	   3	 664	   3	   2	  12	  25	   4	  80	  20	  70	 560	908826	909490	   0	 250	
 369	 371	  20	   4	 603	   2	   2	  12	  26	   4	  80	  20	  70	 316	911127	911730	   0	 250	
 370	 372	  70	   3	 666	   3	   2	  12	  26	   5	  80	  20	  70	 503	913544	914210	   0	 250	
 371	 373	  80	   1	 568	   1	   1	  13	  26	   5	  80	  20	  70	 421	915962	916530	   0	 260	
 372	 374	  70	   1	 853	   3	   1	  13	  26	   6	  80	  20	  70	 587	918429	919282	   0	 270	
 373	 375	  80	   1	 588	   1	   1	  14	  26	   6	  80	  20	  70	 433	921030	921618	   0	 280	
 374	 376	  70	   2	 400	   3	   1	  14	  26	   7	  80	  20	  70	 402	923330	923730	   0	 270	
 375	 377	  20	   3	 498	   2	   2	  14	  27	   7	  80	  20	  70	 608	925648	926146	   0	 270	
 376	 378	  80	   1	 479	   1	   1	  15	  27	   7	  80	  20	  70	 622	928082	928561	   0	 280	
 377	 379	  70	   1	 915	   3	   1	  15	  27	   8	  80	  20	  70	 513	930366	931281	   0	 290	
 378	 380	  80	   3	 419	   1	   2	  16	  27	   8	  80	  20	  70	 555	933150	933569	   0	 290	
 379	 381	  70	   3	 464	   3	   2	  16	  27	   9	  80	  20	  70	 333	935217	935681	   0	 290	
 380	 382	  80	   1	 356	   1	   1	  17	  27	   9	  80	  20	  70	 498	937501	937857	   0	 300	
 381	 383	  20	   4	 601	   2	   2	  17	  28	   9	  80	  20	  70	 567	939752	940353	   0	 300	
 382	 384	  80	   2	 850	   1	   1	  18	  28	   9	  80	  20	  70	 662	942319	943169	   0	 290	
 383	 385	  70	   3	 665	   3	   2	  18	  28	  10	  80	  20	  70	 444	944920	945585	   0	 290	
 384	 386	  80	   2	 500	   1	   1	  19	  28	  10	  80	  20	  70	 524	947421	947921	   0	 280	
 385	 387	  20	   4	 491	   2	   2	  19	  29	  10	  80	  20	  70	 412	949638	950129	   0	 280	
 386	 388	  70	   4	 840	   3	   2	  19	  29	  11	  80	  20	  70	 661	952089	952929	   0	 280	
 387	 389	  20	   4	 536	   2	   2	  19	  30	  11	  80	  20	  70	 644	954873	955409	   0	 280	
 388	 390	  70	   1	 647	   3	   1	  19	  30	  12	  80	  20	  70	 567	957290	957937	   0	 290	
 389	 391	  80	   1	 576	   1	   1	  20	  30	  12	  80	  20	  70	 614	959841	960417	   0	 300	
 390	 392	  70	   3	 528	   3	   2	  20	  30	  13	  80	  20	  70	 514	962225	962753	   0	 300	
 391	 393	  20	   2	 755	   2	   1	  20	  31	  13	  80	  20	  70	 468	964542	965297	   0	 290	
 392	 394	  70	   4	 668	   3	   2	  20	  31	  14	  80	  20	  70	 472	967076	967744	   0	 290	
 393	 395	  20	   4	 457	   2	   2	  20	  32	  14	  80	  20	  70	 476	969527	969984	   0	 290	
 394	 396	  70	   3	 465	   3	   2	  20	  32	  15	  80	  20	  70	 416	971711	972176	   0	 290	
 395	 397	  80	   2	 525	   1	   1	  21	  32	  15	  80	  20	  70	 329	973811	974336	   0	 280	
 396	 398	  70	   1	 677	   3	   1	  21	  32	  16	  80	  20	  70	 334	975979	976656	   0	 290	
 397	 399	  20	   3	 478	   2	   2	  21	  33	  16	  80	  20	  70	 592	978546	979024	   0	 290	
 398	 400	  80	   1	 550	   1	   1	  22	  33	  16	  80	  20	  70	 398	980730	981280	   0	 300	
 399	 401	  20	   4	 504	   2	   2	  22	  34	  16	  80	  20	  70	 477	983064	983568	   0	 300	
 400	 402	  80	   1	1693	   1	   1	  23	  34	  16	  80	  20	  70	 443	985315	987008	   0	 310	
 401	 403	  20	   4	 440	   2	   2	  23	  35	  16	  80	  20	  70	 690	989016	989456	   0	 310	
 402	 404	  80	   1	 494	   1	   1	  24	  35	  16	  80	  20	  70	 486	991250	991744	   0	 320	
 403	 405	  80	   3	 860	   2	   2	  24	   1	  16	  80	  80	  70	 625	993700	994560	   2	 320	
 404	 406	  80	   1	 422	   1	   1	  25	   1	  16	  80	  80	  70	 363	996218	996640	   0	 330	
 405	 407	  80	   3	 516	   2	   2	  25	   2	  16	  80	  80	  70	 324	998268	998784	   0	 330	
 406	 408	  80	   1	 434	   1	   1	  26	   2	  16	  80	  80	  70	 601	1000702	1001136	   0	 340	
 407	 409	  80	   1	 325	   2	   1	  26	   3	  16	  80	  80	  70	 561	1003003	1003328	   0	 350	
 408	 410	  80	   2	 318	   1	   1	  27	   3	  16	  80	  80	  70	 502	1005137	1005455	   0	 340	
 409	 411	  80	   2	 411	   2	   1	  27	   4	  16	  80	  80	  70	 437	1007204	1007615	   0	 330	
 410	 412	  80	   1	 491	   1	   1	  28	   4	  16	  80	  80	  70	 650	1009572	1010063	   0	 340	
 411	 413	  80	   1	 248	   2	   1	  28	   5	  16	  80	  80	  70	 653	1012039	1012287	   0	 350	
 412	 414	  80	   3	 445	   1	   2	  29	   5	  16	  80	  80	  70	 307	1013906	1014351	   0	 350	
 413	 415	  80	   1	 255	   2	   1	  29	   6	  16	  80	  80	  70	 594	1016240	1016495	   0	 360	
 414	 416	  80	   1	 369	   1	   1	  30	   6	  16	  80	  80	  70	 369	1018174	1018543	   0	 370	
 415	 417	  70	   2	 304	   3	   1	  30	   6	  17	  80	  80	  70	 339	1020191	1020495	   0	 360	
 416	 418	  80	   1	 355	   2	   1	  30	   7	  17	  80	  80	  70	 689	1022492	1022847	   0	 370	
 417	 419	  30	   2	1007	   1	   1	   1	   7	  17	  30	  80	  70	 412	1024576	1025583	   1	 360	
 418	 420	  80	   1	 543	   2	   1	   1	   8	  17	  30	  80	  70	 476	1027360	1027903	   0	 370	
 419	 421	  70	   3	 552	   3	   2	   1	   8	  18	  30	  80	  70	 305	1029511	1030063	   0	 370	
 420	 422	  80	   2	 768	   2	   1	   1	   9	  18	  30	  80	  70	 340	1031711	1032479	   0	 360	
 421	 423	  30	   3	 838	   1	   2	   2	   9	  18	  30	  80	  70	 528	1034329	1035167	   0	 360	
 422	 424	  70	   1	 850	   3	   1	   2	   9	  19	  30	  80	  70	 331	1036813	1037663	   0	 370	
 423	 425	  80	   3	 515	   2	   2	   2	  10	  19	  30	  80	  70	 595	1039564	1040079	   0	 370	
 424	 426	  30	   3	 549	   1	   2	   3	  10	  19	  30	  80	  70	 489	1041881	1042430	   0	 370	
 425	 427	  70	   1	 764	   3	   1	   3	  10	  20	  30	  80	  70	 349	1044098	1044862	   0	 380	
 426	 428	  80	   2	 565	   2	   1	   3	  11	  20	  30	  80	  70	 466	1046649	1047214	   0	 370	
 427	 429	  30	   4	 766	   1	   2	   4	  11	  20	  30	  80	  70	 670	1049200	1049966	   0	 370	
 428	 430	  70	   3	 436	   3	   2	   4	  11	  21	  30	  80	  70	 565	1051850	1052286	   0	 370	
 429	 431	  80	   3	 580	   2	   2	   4	  12	  21	  30	  80	  70	 623	1054218	1054798	   0	 370	
 430	 432	  70	   2	 685	   3	   1	   4	  12	  22	  30	  80	  70	 650	1056769	1057454	   0	 360	
 431	 433	  80	   3	 511	   2	   2	   4	  13	  22	  30	  80	  70	 682	1059519	1060030	   0	 360	
 432	 434	  70	   2	 718	   3	   1	   4	  13	  23	  30	  80	  70	 593	1061920	1062638	   0	 350	
 433	 435	  80	   1	1669	   2	   1	   4	  14	  23	  30	  80	  70	 586	1064537	1066206	   0	 360	
 434	 436	  70	   3	 471	   3	   2	   4	  14	  24	  30	  80	  70	 546	1068055	1068526	   0	 360	
 435	 437	  30	   4	 567	   1	   2	   5	  14	  24	  30	  80	  70	 614	1070439	1071006	   0	 360	
 436	 438	  70	   1	 835	   3	   1	   5	  14	  25	  30	  80	  70	 609	1072923	1073758	   0	 370	
 437	 439	  30	   4	 507	   1	   2	   6	  14	  25	  30	  80	  70	 419	1075491	1075998	   0	 370	
 438	 440	  70	   1	 707	   3	   1	   6	  14	  26	  30	  80	  70	 382	1077691	1078398	   0	 380	
 439	 441	  80	   1	 632	   2	   1	   6	  15	  26	  30	  80	  70	 611	1080309	1080941	   0	 390	
 440	 442	  70	   3	 577	   3	   2	   6	  15	  27	  30	  80	  70	 623	1082876	1083453	   0	 390	
 441	 443	  30	   3	 616	   1	   2	   7	  15	  27	  30	  80	  70	 306	1085077	1085693	   0	 390	
 442	 444	  80	   1	 548	   2	   1	   7	  16	  27	  30	  80	  70	 576	1087577	1088125	   0	 400	
 443	 445	  30	   4	 645	   1	   2	   8	  16	  27	  30	  80	  70	 492	1089928	1090573	   0	 400	
 444	 446	  80	   1	 546	   2	   1	   8	  17	  27	  30	  80	  70	 500	1092379	1092925	   0	 410	
 445	 447	  30	   4	 647	   1	   2	   9	  17	  27	  30	  80	  70	 426	1094646	1095293	   0	 410	
 446	 448	  80	   2	 562	   2	   1	   9	  18	  27	  30	  80	  70	 551	1097163	1097725	   0	 400	
 447	 449	  30	   4	 562	   1	   2	  10	  18	  27	  30	  80	  70	 512	1099531	1100093	   0	 400	
 448	 450	  70	   2	 707	   3	   1	  10	  18	  28	  30	  80	  70	 514	1101898	1102605	   0	 390	
 449	 451	  30	   3	 596	   1	   2	  11	  18	  28	  30	  80	  70	 349	1104265	1104861	   0	 390	
 450	 452	  80	   1	 621	   2	   1	  11	  19	  28	  30	  80	  70	 641	1106800	1107421	   0	 400	
 451	 453	  70	   3	 956	   3	   2	  11	  19	  29	  30	  80	  70	 468	1109217	1110173	   0	 400	
 452	 454	  80	   1	 577	   2	   1	  11	  20	  29	  30	  80	  70	 383	1111868	1112445	   0	 410	
 453	 455	  30	   4	 580	   1	   2	  12	  20	  29	  30	  80	  70	 436	1114185	1114765	   0	 410	
 454	 456	  80	   1	 507	   2	   1	  12	  21	  29	  30	  80	  70	 315	1116386	1116893	   0	 420	
 455	 457	  70	   1	 587	   3	   1	  12	  21	  30	  30	  80	  70	 595	1118786	1119373	   0	 430	
 456	 458	  30	   4	 556	   1	   2	  13	  21	  30	  30	  80	  70	 434	1121120	1121676	   0	 430	
 457	 459	  70	   1	 616	   3	   1	  13	  21	  31	  30	  80	  70	 598	1123588	1124204	   0	 440	
 458	 460	  30	   3	 546	   1	   2	  14	  21	  31	  30	  80	  70	 613	1126122	1126668	   0	 440	
 459	 461	  80	   1	 556	   2	   1	  14	  22	  31	  30	  80	  70	 699	1128672	1129228	   0	 450	
 460	 462	  70	   3	 605	   3	   2	  14	  22	  32	  30	  80	  70	 490	1131023	1131628	   0	 450	
 461	 463	  30	   2	1157	   1	   1	  15	  22	  32	  30	  80	  70	 658	1133607	1134764	   0	 440	
 462	 464	  80	   1	 557	   2	   1	  15	  23	  32	  30	  80	  70	 518	1136591	1137148	   0	 450	
 463	 465	  30	   4	 569	   1	   2	  16	  23	  32	  30	  80	  70	 626	1139075	1139644	   0	 450	
 464	 466	  70	   3	 696	   3	   2	  16	  23	  33	  30	  80	  70	 523	1141476	1142172	   0	 450	
 465	 467	  80	   1	 802	   2	   1	  16	  24	  33	  30	  80	  70	 543	1144010	1144812	   0	 460	
 466	 468	  70	   4	 578	   3	   2	  16	  24	  34	  30	  80	  70	 658	1146778	1147356	   0	 460	
 467	 469	  30	   3	 597	   1	   2	  17	  24	  34	  30	  80	  70	 439	1149095	1149692	   0	 460	
 468	 470	  80	   2	 924	   2	   1	  17	  25	  34	  30	  80	  70	 300	1151296	1152220	   0	 450	
 469	 471	  30	   4	 621	   1	   2	  18	  25	  34	  30	  80	  70	 538	1154063	1154684	   0	 450	
 470	 472	  70	   3	 512	   3	   2	  18	  25	  35	  30	  80	  70	 379	1156364	1156876	   0	 450	
 471	 473	  30	   4	 638	   1	   2	  19	  25	  35	  30	  80	  70	 596	1158781	1159419	   0	 450	
 472	 474	  80	   1	 569	   2	   1	  19	  26	  35	  30	  80	  70	 578	1161298	1161867	   0	 460	
 473	 475	  30	   4	 575	   1	   2	  20	  26	  35	  30	  80	  70	 339	1163516	1164091	   0	 460	
 474	 476	  50	   2	 686	   3	   1	  20	  26	   1	  30	  80	  50	 530	1165933	1166619	   3	 450	
 475	 477	  80	   1	 492	   2	   1	  20	  27	   1	  30	  80	  50	 444	1168367	1168859	   0	 460	
 476	 478	  50	   3	 653	   3	   2	  20	  27	   2	  30	  80	  50	 577	1170734	1171387	   0	 460	
 477	 479	  80	   1	 475	   2	   1	  20	  28	   2	  30	  80	  50	 462	1173152	1173627	   0	 470	
 478	 480	  30	   4	 353	   1	   2	  21	  28	   2	  30	  80	  50	 460	1175386	1175739	   0	 470	
 479	 481	  50	   2	 661	   3	   1	  21	  28	   3	  30	  80	  50	 618	1177670	1178331	   0	 460	
NaN	 482	  80	NaN	NaN	   2	   3	  21	  28	   3	  30	  80	  50	 369	1177670	NaN	   0	 460	
 480	 483	  50	   4	 611	   3	   2	  21	  28	   4	  30	  80	  50	 398	1183688	1184299	   0	 460	
 481	 484	  80	   2	 521	   2	   1	  21	  29	   4	  30	  80	  50	 692	1186306	1186827	   0	 450	
 482	 485	  30	   3	 434	   1	   2	  22	  29	   4	  30	  80	  50	 336	1188473	1188907	   0	 450	
 483	 486	  80	   1	 477	   2	   1	  22	  30	   4	  30	  80	  50	 351	1190574	1191051	   0	 460	
 484	 487	  50	   1	 662	   3	   1	  22	  30	   5	  30	  80	  50	 387	1192741	1193403	   0	 470	
 485	 488	  20	   1	1293	   2	   1	  22	   1	   5	  30	  20	  50	 637	1195358	1196651	   2	 480	
 486	 489	  30	   3	 595	   1	   2	  23	   1	   5	  30	  20	  50	 400	1198359	1198954	   0	 480	
 487	 490	  50	   1	1382	   3	   1	  23	   1	   6	  30	  20	  50	 414	1200660	1202042	   0	 490	
 488	 491	  30	   4	 477	   1	   2	  24	   1	   6	  30	  20	  50	 317	1203677	1204154	   0	 490	
 489	 492	  50	   1	 459	   3	   1	  24	   1	   7	  30	  20	  50	 636	1206095	1206554	   0	 500	
 490	 493	  20	   4	 413	   2	   2	  24	   2	   7	  30	  20	  50	 567	1208429	1208842	   0	 500	
 491	 494	  50	   1	 447	   3	   1	  24	   2	   8	  30	  20	  50	 601	1210763	1211210	   0	 510	
 492	 495	  30	   4	 468	   1	   2	  25	   2	   8	  30	  20	  50	 500	1213030	1213498	   0	 510	
 493	 496	  20	   4	 703	   2	   2	  25	   3	   8	  30	  20	  50	 345	1215147	1215850	   0	 510	
 494	 497	  50	   2	 354	   3	   1	  25	   3	   9	  30	  20	  50	 682	1217848	1218202	   0	 500	
 495	 498	  30	   2	 651	   1	   1	  26	   3	   9	  30	  20	  50	 490	1219999	1220650	   0	 490	
 496	 499	  50	   4	1128	   3	   2	  26	   3	  10	  30	  20	  50	 507	1222466	1223594	   0	 490	
 497	 500	  30	   2	 943	   1	   1	  27	   3	  10	  30	  20	  50	 586	1225483	1226426	   0	 480	
 498	 501	  50	   1	 490	   3	   1	  27	   3	  11	  30	  20	  50	 662	1228384	1228874	   0	 490	
 499	 502	  20	   3	 681	   2	   2	  27	   4	  11	  30	  20	  50	 613	1230785	1231466	   0	 490	
 500	 503	  30	   1	 756	   1	   1	  28	   4	  11	  30	  20	  50	 519	1233302	1234058	   0	 500	
 501	 504	  50	   2	 576	   3	   1	  28	   4	  12	  30	  20	  50	 373	1235753	1236329	   0	 490	
 502	 505	  30	   4	 715	   1	   2	  29	   4	  12	  30	  20	  50	 627	1238254	1238969	   0	 490	
 503	 506	  20	   4	 687	   2	   2	  29	   5	  12	  30	  20	  50	 656	1240938	1241625	   0	 490	
 504	 507	  50	   1	 497	   3	   1	  29	   5	  13	  30	  20	  50	 337	1243272	1243769	   0	 500	
 505	 508	  20	   2	 580	   2	   1	  29	   6	  13	  30	  20	  50	 499	1245589	1246169	   0	 490	
 506	 509	  50	   1	 499	   3	   1	  29	   6	  14	  30	  20	  50	 520	1247990	1248489	   0	 500	
 507	 510	  30	   2	 444	   1	   1	  30	   6	  14	  30	  20	  50	 364	1250157	1250601	   0	 490	
 508	 511	  50	   4	 597	   3	   2	  30	   6	  15	  30	  20	  50	 412	1252308	1252905	   0	 490	
 509	 512	  30	   2	 426	   1	   1	  31	   6	  15	  30	  20	  50	 359	1254575	1255001	   0	 480	
 510	 513	  20	   4	 527	   2	   2	  31	   7	  15	  30	  20	  50	 521	1256826	1257353	   0	 480	
 511	 514	  30	   4	 459	   1	   2	  32	   7	  15	  30	  20	  50	 641	1259310	1259769	   0	 480	
 512	 515	  50	   2	1304	   3	   1	  32	   7	  16	  30	  20	  50	 681	1261761	1263065	   0	 470	
 513	 516	  30	   2	1176	   1	   1	  33	   7	  16	  30	  20	  50	 586	1264961	1266137	   0	 460	
 514	 517	  20	   4	 710	   2	   2	  33	   8	  16	  30	  20	  50	 333	1267779	1268489	   0	 460	
 515	 518	  50	   1	 637	   3	   1	  33	   8	  17	  30	  20	  50	 584	1270380	1271017	   0	 470	
 516	 519	  20	   4	 457	   2	   2	  33	   9	  17	  30	  20	  50	 516	1272847	1273304	   0	 470	
 517	 520	  80	   2	 646	   1	   1	   1	   9	  17	  80	  20	  50	 678	1275314	1275960	   1	 460	
 518	 521	  20	   4	 541	   2	   2	   1	  10	  17	  80	  20	  50	 650	1277915	1278456	   0	 460	
 519	 522	  50	   2	 504	   3	   1	   1	  10	  18	  80	  20	  50	 654	1280416	1280920	   0	 450	
 520	 523	  80	   3	 604	   1	   2	   2	  10	  18	  80	  20	  50	 478	1282700	1283304	   0	 450	
 521	 524	  50	   1	 607	   3	   1	   2	  10	  19	  80	  20	  50	 375	1285001	1285608	   0	 460	
 522	 525	  80	   3	 589	   1	   2	   3	  10	  19	  80	  20	  50	 525	1287435	1288024	   0	 460	
 523	 526	  50	   4	 598	   3	   2	   3	  10	  20	  80	  20	  50	 671	1290002	1290600	   0	 460	
 524	 527	  80	   2	 421	   1	   1	   4	  10	  20	  80	  20	  50	 499	1292419	1292840	   0	 450	
 525	 528	  50	   2	 472	   3	   1	   4	  10	  21	  80	  20	  50	 565	1294720	1295192	   0	 440	
 526	 529	  80	   1	 499	   1	   1	   5	  10	  21	  80	  20	  50	 316	1296821	1297320	   0	 450	
 527	 530	  50	   2	 521	   3	   1	   5	  10	  22	  80	  20	  50	 437	1299071	1299592	   0	 440	
 528	 531	  80	   3	 607	   1	   2	   6	  10	  22	  80	  20	  50	 390	1301289	1301896	   0	 440	
 529	 532	  50	   3	 567	   3	   2	   6	  10	  23	  80	  20	  50	 680	1303873	1304440	   0	 440	
 530	 533	  80	   1	 673	   1	   1	   7	  10	  23	  80	  20	  50	 668	1306423	1307096	   0	 450	
 531	 534	  20	   4	 567	   2	   2	   7	  11	  23	  80	  20	  50	 626	1309041	1309608	   0	 450	
 532	 535	  50	   1	 597	   3	   1	   7	  11	  24	  80	  20	  50	 574	1311491	1312088	   0	 460	
 533	 536	  20	   4	 596	   2	   2	   7	  12	  24	  80	  20	  50	 493	1313875	1314471	   0	 460	
 534	 537	  80	   1	 640	   1	   1	   8	  12	  24	  80	  20	  50	 566	1316343	1316983	   0	 470	
 535	 538	  50	   1	1161	   3	   1	   8	  12	  25	  80	  20	  50	 614	1318910	1320071	   0	 480	
 536	 539	  20	   4	 535	   2	   2	   8	  13	  25	  80	  20	  50	 367	1321744	1322279	   0	 480	
 537	 540	  50	   1	 543	   3	   1	   8	  13	  26	  80	  20	  50	 320	1323912	1324455	   0	 490	
 538	 541	  20	   3	 521	   2	   2	   8	  14	  26	  80	  20	  50	 686	1326446	1326967	   0	 490	
 539	 542	  50	   2	 501	   3	   1	   8	  14	  27	  80	  20	  50	 672	1328946	1329447	   0	 480	
 540	 543	  20	   4	 397	   2	   2	   8	  15	  27	  80	  20	  50	 380	1331130	1331527	   0	 480	
 541	 544	  80	   1	 596	   1	   1	   9	  15	  27	  80	  20	  50	 491	1333331	1333927	   0	 490	
 542	 545	  20	   3	 481	   2	   2	   9	  16	  27	  80	  20	  50	 567	1335798	1336279	   0	 490	
 543	 546	  50	   4	 483	   3	   2	   9	  16	  28	  80	  20	  50	 517	1338116	1338599	   0	 490	
 544	 547	  20	   2	 532	   2	   1	   9	  17	  28	  80	  20	  50	 580	1340483	1341015	   0	 480	
 545	 548	  80	   3	 442	   1	   2	  10	  17	  28	  80	  20	  50	 383	1342717	1343159	   0	 480	
 546	 549	  50	   1	 507	   3	   1	  10	  17	  29	  80	  20	  50	 614	1345068	1345575	   0	 490	
 547	 550	  20	   4	 518	   2	   2	  10	  18	  29	  80	  20	  50	 700	1347585	1348103	   0	 490	
 548	 551	  80	   1	 629	   1	   1	  11	  18	  29	  80	  20	  50	 578	1349986	1350615	   0	 500	
 549	 552	  20	   4	 664	   2	   2	  11	  19	  29	  80	  20	  50	 357	1352270	1352934	   0	 500	
 550	 553	  80	   1	 415	   1	   1	  12	  19	  29	  80	  20	  50	 615	1354871	1355286	   0	 510	
 551	 554	  50	   4	 498	   3	   2	  12	  19	  30	  80	  20	  50	 577	1357188	1357686	   0	 510	
 552	 555	  20	   4	 562	   2	   2	  12	  20	  30	  80	  20	  50	 578	1359572	1360134	   0	 510	
 553	 556	  50	   1	 831	   3	   1	  12	  20	  31	  80	  20	  50	 605	1362039	1362870	   0	 520	
 554	 557	  80	   3	 477	   1	   2	  13	  20	  31	  80	  20	  50	 677	1364857	1365334	   0	 520	
 555	 558	  50	   4	 529	   3	   2	  13	  20	  32	  80	  20	  50	 508	1367141	1367670	   0	 520	
 556	 559	  80	   4	 489	   1	   2	  14	  20	  32	  80	  20	  50	 375	1369341	1369830	   0	 520	
 557	 560	  50	   2	 577	   3	   1	  14	  20	  33	  80	  20	  50	 377	1371509	1372086	   0	 510	
 558	 561	  80	   1	 387	   1	   1	  15	  20	  33	  80	  20	  50	 479	1373859	1374246	   0	 520	
NaN	 562	  20	NaN	NaN	   2	   3	  15	  20	  33	  80	  20	  50	 557	1373859	NaN	   0	 520	
 559	 563	  30	   4	 719	   3	   2	  15	  20	   1	  80	  20	  30	 509	1379911	1380630	   3	 520	
 560	 564	  20	   2	 664	   2	   1	  15	  21	   1	  80	  20	  30	 515	1382462	1383126	   0	 510	
 561	 565	  80	   4	 641	   1	   2	  16	  21	   1	  80	  20	  30	 570	1385029	1385670	   0	 510	
 562	 566	  20	   3	 522	   2	   2	  16	  22	   1	  80	  20	  30	 610	1387580	1388102	   0	 510	
 563	 567	  80	   3	 620	   1	   2	  17	  22	   1	  80	  20	  30	 481	1389897	1390517	   0	 510	
 564	 568	  30	   4	 833	   3	   2	  17	  22	   2	  80	  20	  30	 324	1392148	1392981	   0	 510	
 565	 569	  20	   2	 546	   2	   1	  17	  23	   2	  80	  20	  30	 627	1394915	1395461	   0	 500	
 566	 570	  80	   3	 582	   1	   2	  18	  23	   2	  80	  20	  30	 438	1397199	1397781	   0	 500	
 567	 571	  20	   4	 504	   2	   2	  18	  24	   2	  80	  20	  30	 447	1399533	1400037	   0	 500	
 568	 572	  80	   3	 495	   1	   2	  19	  24	   2	  80	  20	  30	 393	1401734	1402229	   0	 500	
 569	 573	  30	   4	 541	   3	   2	  19	  24	   3	  80	  20	  30	 634	1404168	1404709	   0	 500	
 570	 574	  20	   4	 491	   2	   2	  19	  25	   3	  80	  20	  30	 595	1406602	1407093	   0	 500	
 571	 575	  30	   4	 524	   3	   2	  19	  25	   4	  80	  20	  30	 537	1408953	1409477	   0	 500	
 572	 576	  20	   2	 618	   2	   1	  19	  26	   4	  80	  20	  30	 612	1411387	1412005	   0	 490	
 573	 577	  80	   3	 472	   1	   2	  20	  26	   4	  80	  20	  30	 515	1413837	1414309	   0	 490	
 574	 578	  20	   4	 502	   2	   2	  20	  27	   4	  80	  20	  30	 646	1416255	1416757	   0	 490	
 575	 579	  30	   3	 438	   3	   2	  20	  27	   5	  80	  20	  30	 594	1418655	1419093	   0	 490	
 576	 580	  20	   3	 544	   2	   2	  20	  28	   5	  80	  20	  30	 387	1420789	1421333	   0	 490	
 577	 581	  80	   1	 636	   1	   1	  21	  28	   5	  80	  20	  30	 641	1423273	1423909	   0	 500	
 578	 582	  20	   4	 562	   2	   2	  21	  29	   5	  80	  20	  30	 666	1425891	1426453	   0	 500	
 579	 583	  30	   4	 536	   3	   2	  21	  29	   6	  80	  20	  30	 333	1428092	1428628	   0	 500	
 580	 584	  20	   4	 600	   2	   2	  21	  30	   6	  80	  20	  30	 546	1430476	1431076	   0	 500	
 581	 585	  30	   3	 744	   3	   2	  21	  30	   7	  80	  20	  30	 468	1432876	1433620	   0	 500	
 582	 586	  80	   4	 670	   1	   2	  22	  30	   7	  80	  20	  30	 570	1435494	1436164	   0	 500	
 583	 587	  30	   2	1407	   3	   1	  22	  30	   8	  80	  20	  30	 385	1437861	1439268	   0	 490	
 584	 588	  80	   3	 561	   1	   2	  23	  30	   8	  80	  20	  30	 400	1440979	1441540	   0	 490	
 585	 589	  20	   4	 638	   2	   2	  23	  31	   8	  80	  20	  30	 612	1443446	1444084	   0	 490	
 586	 590	  30	   4	 592	   3	   2	  23	  31	   9	  80	  20	  30	 395	1445780	1446372	   0	 490	
 587	 591	  80	   3	 432	   1	   2	  24	  31	   9	  80	  20	  30	 482	1448164	1448596	   0	 490	
 588	 592	  20	   4	 479	   2	   2	  24	  32	   9	  80	  20	  30	 664	1450565	1451044	   0	 490	
 589	 593	  80	   1	 348	   1	   1	  25	  32	   9	  80	  20	  30	 687	1453032	1453380	   0	 500	
 590	 594	  20	   4	 622	   2	   2	  25	  33	   9	  80	  20	  30	 680	1455366	1455988	   0	 500	
 591	 595	  80	   3	 499	   1	   2	  26	  33	   9	  80	  20	  30	 321	1457633	1458132	   0	 500	
NaN	 596	  30	NaN	NaN	   3	   3	  26	  33	   9	  80	  20	  30	 481	1457633	NaN	   0	 500	
 592	 597	  80	   3	 564	   1	   2	  27	  33	   9	  80	  20	  30	 337	1463552	1464116	   0	 500	
 593	 598	  20	   4	 563	   2	   2	  27	  34	   9	  80	  20	  30	 509	1465936	1466499	   0	 500	
 594	 599	  80	   4	 458	   1	   2	  28	  34	   9	  80	  20	  30	 347	1468153	1468611	   0	 500	
 595	 600	  30	   3	 549	   3	   2	  28	  34	  10	  80	  20	  30	 336	1470254	1470803	   0	 500	
 596	 601	  80	   3	 590	   1	   2	  29	  34	  10	  80	  20	  30	 305	1472421	1473011	   0	 500	
 597	 602	  20	   2	 350	   2	   1	  29	  35	  10	  80	  20	  30	 497	1474805	1475155	   0	 490	
 598	 603	  30	   4	 498	   3	   2	  29	  35	  11	  80	  20	  30	 618	1477089	1477587	   0	 490	
 599	 604	  70	   1	 645	   2	   1	  29	   1	  11	  80	  70	  30	 443	1479390	1480035	   2	 500	
 600	 605	  30	   4	 474	   3	   2	  29	   1	  12	  80	  70	  30	 325	1481657	1482131	   0	 500	
 601	 606	  70	   3	 706	   2	   2	  29	   2	  12	  80	  70	  30	 394	1483857	1484563	   0	 500	
 602	 607	  30	   4	 538	   3	   2	  29	   2	  13	  80	  70	  30	 551	1486425	1486963	   0	 500	
 603	 608	  70	   3	 437	   2	   2	  29	   3	  13	  80	  70	  30	 663	1488926	1489363	   0	 500	
 604	 609	  30	   4	 578	   3	   2	  29	   3	  14	  80	  70	  30	 327	1490993	1491571	   0	 500	
 605	 610	  80	   3	 453	   1	   2	  30	   3	  14	  80	  70	  30	 442	1493310	1493763	   0	 500	
 606	 611	  70	   1	 710	   2	   1	  30	   4	  14	  80	  70	  30	 589	1495661	1496371	   0	 510	
 607	 612	  30	   3	 592	   3	   2	  30	   4	  15	  80	  70	  30	 516	1498195	1498787	   0	 510	
 608	 613	  70	   4	 684	   2	   2	  30	   5	  15	  80	  70	  30	 594	1500679	1501363	   0	 510	
 609	 614	  50	   4	 513	   1	   2	   1	   5	  15	  50	  70	  30	 634	1503330	1503843	   1	 510	
 610	 615	  70	   3	 624	   2	   2	   1	   6	  15	  50	  70	  30	 582	1505730	1506354	   0	 510	
 611	 616	  30	   4	 495	   3	   2	   1	   6	  16	  50	  70	  30	 435	1508131	1508626	   0	 510	
 612	 617	  50	   4	 554	   1	   2	   2	   6	  16	  50	  70	  30	 328	1510248	1510802	   0	 510	
 613	 618	  30	   4	 766	   3	   2	   2	   6	  17	  50	  70	  30	 400	1512516	1513282	   0	 510	
 614	 619	  70	   2	 769	   2	   1	   2	   7	  17	  50	  70	  30	 640	1515233	1516002	   0	 500	
 615	 620	  30	   4	 597	   3	   2	   2	   7	  18	  50	  70	  30	 584	1517901	1518498	   0	 500	
 616	 621	  70	   1	 889	   2	   1	   2	   8	  18	  50	  70	  30	 385	1520201	1521090	   0	 510	
 617	 622	  50	   4	1167	   1	   2	   3	   8	  18	  50	  70	  30	 441	1522835	1524002	   0	 510	
 618	 623	  70	   1	 671	   2	   1	   3	   9	  18	  50	  70	  30	 685	1526003	1526674	   0	 520	
 619	 624	  50	   3	 732	   1	   2	   4	   9	  18	  50	  70	  30	 483	1528470	1529202	   0	 520	
 620	 625	  30	   3	 631	   3	   2	   4	   9	  19	  50	  70	  30	 457	1530971	1531602	   0	 520	
 621	 626	  70	   4	 858	   2	   2	   4	  10	  19	  50	  70	  30	 356	1533288	1534146	   0	 520	
 622	 627	  50	   3	 737	   1	   2	   5	  10	  19	  50	  70	  30	 442	1535889	1536626	   0	 520	
 623	 628	  30	   3	 591	   3	   2	   5	  10	  20	  50	  70	  30	 394	1538323	1538914	   0	 520	
 624	 629	  50	   4	 463	   1	   2	   6	  10	  20	  50	  70	  30	 482	1540707	1541170	   0	 520	
 625	 630	  70	   3	 520	   2	   2	   6	  11	  20	  50	  70	  30	 367	1542841	1543361	   0	 520	
 626	 631	  30	   3	 558	   3	   2	   6	  11	  21	  50	  70	  30	 409	1545075	1545633	   0	 520	
 627	 632	  50	   1	 822	   1	   1	   7	  11	  21	  50	  70	  30	 317	1547259	1548081	   0	 530	
 628	 633	  70	   3	 616	   2	   2	   7	  12	  21	  50	  70	  30	 614	1549993	1550609	   0	 530	
 629	 634	  30	   4	 453	   3	   2	   7	  12	  22	  50	  70	  30	 521	1552444	1552897	   0	 530	
 630	 635	  50	   3	 581	   1	   2	   8	  12	  22	  50	  70	  30	 618	1554828	1555409	   0	 530	
 631	 636	  30	   2	 445	   3	   1	   8	  12	  23	  50	  70	  30	 649	1557412	1557857	   0	 520	
 632	 637	  50	   3	 705	   1	   2	   9	  12	  23	  50	  70	  30	 536	1559696	1560401	   0	 520	
 633	 638	  30	   2	 734	   3	   1	   9	  12	  24	  50	  70	  30	 433	1562147	1562881	   0	 510	
 634	 639	  70	   1	 774	   2	   1	   9	  13	  24	  50	  70	  30	 552	1564747	1565521	   0	 520	
 635	 640	  50	   4	 534	   1	   2	  10	  13	  24	  50	  70	  30	 691	1567515	1568049	   0	 520	
 636	 641	  70	   1	 988	   2	   1	  10	  14	  24	  50	  70	  30	 393	1569749	1570737	   0	 530	
 637	 642	  30	   4	 361	   3	   2	  10	  14	  25	  50	  70	  30	 567	1572616	1572977	   0	 530	
 638	 643	  50	   3	 511	   1	   2	  11	  14	  25	  50	  70	  30	 552	1574834	1575345	   0	 530	
 639	 644	  70	   4	 509	   2	   2	  11	  15	  25	  50	  70	  30	 643	1577284	1577793	   0	 530	
 640	 645	  30	   4	 493	   3	   2	  11	  15	  26	  50	  70	  30	 568	1579668	1580161	   0	 530	
 641	 646	  70	   1	 447	   2	   1	  11	  16	  26	  50	  70	  30	 472	1581969	1582416	   0	 540	
 642	 647	  50	   4	 484	   1	   2	  12	  16	  26	  50	  70	  30	 509	1584236	1584720	   0	 540	
 643	 648	  30	   1	 361	   3	   1	  12	  16	  27	  50	  70	  30	 454	1586487	1586848	   0	 550	
 644	 649	  50	   2	 578	   1	   1	  13	  16	  27	  50	  70	  30	 481	1588638	1589216	   0	 540	
 645	 650	  30	   2	 601	   3	   1	  13	  16	  28	  50	  70	  30	 340	1590855	1591456	   0	 530	
 646	 651	  70	   1	 508	   2	   1	  13	  17	  28	  50	  70	  30	 406	1593172	1593680	   0	 540	
 647	 652	  30	   4	 267	   3	   2	  13	  17	  29	  50	  70	  30	 614	1595589	1595856	   0	 540	
 648	 653	  50	   3	 442	   1	   2	  14	  17	  29	  50	  70	  30	 422	1597590	1598032	   0	 540	
 649	 654	  70	   3	 780	   2	   2	  14	  18	  29	  50	  70	  30	 593	1599924	1600704	   0	 540	
 650	 655	  50	   3	 562	   1	   2	  15	  18	  29	  50	  70	  30	 554	1602558	1603120	   0	 540	
 651	 656	  70	   4	 629	   2	   2	  15	  19	  29	  50	  70	  30	 417	1604875	1605504	   0	 540	
 652	 657	  30	   3	 624	   3	   2	  15	  19	  30	  50	  70	  30	 558	1607360	1607984	   0	 540	
 653	 658	  50	   4	 976	   1	   2	  16	  19	  30	  50	  70	  30	 455	1609744	1610720	   0	 540	
 654	 659	  30	   4	 720	   3	   2	  16	  19	   1	  50	  70	  30	 498	1612528	1613248	   0	 540	
 655	 660	  70	   4	 626	   2	   2	  16	  20	   1	  50	  70	  30	 308	1614862	1615488	   0	 540	
 656	 661	  30	   4	 720	   3	   2	  16	  20	   2	  50	  70	  30	 524	1617312	1618032	   0	 540	
 657	 662	  70	   4	 691	   2	   2	  16	  21	   2	  50	  70	  30	 651	1619996	1620687	   0	 540	
 658	 663	  30	   4	 752	   3	   2	  16	  21	   3	  50	  70	  30	 442	1622431	1623183	   0	 540	
 659	 664	  70	   1	1198	   2	   1	  16	  22	   3	  50	  70	  30	 376	1624865	1626063	   0	 550	
 660	 665	  50	   3	 602	   1	   2	  17	  22	   3	  50	  70	  30	 373	1627749	1628351	   0	 550	
 661	 666	  30	   2	 534	   3	   1	  17	  22	   4	  50	  70	  30	 543	1630233	1630767	   0	 540	
 662	 667	  70	   1	 513	   2	   1	  17	  23	   4	  50	  70	  30	 676	1632750	1633263	   0	 550	
 663	 668	  30	   3	 333	   3	   2	  17	  23	   5	  50	  70	  30	 658	1635218	1635551	   0	 550	
 664	 669	  50	   2	 465	   1	   1	  18	  23	   5	  50	  70	  30	 659	1637518	1637983	   0	 540	
 665	 670	  70	   3	 441	   2	   2	  18	  24	   5	  50	  70	  30	 413	1639702	1640143	   0	 540	
 666	 671	  50	   1	 471	   1	   1	  19	  24	   5	  50	  70	  30	 688	1642136	1642607	   0	 550	
 667	 672	  30	   4	 506	   3	   2	  19	  24	   6	  50	  70	  30	 519	1644437	1644943	   0	 550	
 668	 673	  70	   1	 586	   2	   1	  19	  25	   6	  50	  70	  30	 573	1646821	1647407	   0	 560	
 669	 674	  30	   3	 476	   3	   2	  19	  25	   7	  50	  70	  30	 432	1649155	1649631	   0	 560	
 670	 675	  50	   2	 486	   1	   1	  20	  25	   7	  50	  70	  30	 375	1651305	1651791	   0	 550	
 671	 676	  70	   3	 426	   2	   2	  20	  26	   7	  50	  70	  30	 438	1653573	1653999	   0	 550	
 672	 677	  30	   4	 446	   3	   2	  20	  26	   8	  50	  70	  30	 564	1655857	1656303	   0	 550	
 673	 678	  50	   3	 421	   1	   2	  21	  26	   8	  50	  70	  30	 453	1658057	1658478	   0	 550	
 674	 679	  70	   2	 507	   2	   1	  21	  27	   8	  50	  70	  30	 485	1660275	1660782	   0	 540	
 675	 680	  50	   3	 498	   1	   2	  22	  27	   8	  50	  70	  30	 414	1662492	1662990	   0	 540	
 676	 681	  30	   2	 387	   3	   1	  22	  27	   9	  50	  70	  30	 555	1664859	1665246	   0	 530	
 677	 682	  50	   3	 985	   1	   2	  23	  27	   9	  50	  70	  30	 523	1667077	1668062	   0	 530	
 678	 683	  30	   3	 561	   3	   2	  23	  27	  10	  50	  70	  30	 700	1670077	1670638	   0	 530	
 679	 684	  50	   2	 466	   1	   1	  24	  27	  10	  50	  70	  30	 483	1672428	1672894	   0	 520	
 680	 685	  70	   3	 516	   2	   2	  24	  28	  10	  50	  70	  30	 542	1674746	1675262	   0	 520	
 681	 686	  50	   4	 505	   1	   2	  25	  28	  10	  50	  70	  30	 406	1677013	1677518	   0	 520	
 682	 687	  70	   1	 619	   2	   1	  25	  29	  10	  50	  70	  30	 539	1679363	1679982	   0	 530	
 683	 688	  50	   2	 566	   1	   1	  26	  29	  10	  50	  70	  30	 571	1681864	1682430	   0	 520	
 684	 689	  30	   4	 369	   3	   2	  26	  29	  11	  50	  70	  30	 626	1684365	1684734	   0	 520	
 685	 690	  50	   2	 525	   1	   1	  27	  29	  11	  50	  70	  30	 414	1686449	1686974	   0	 510	
 686	 691	  30	   2	 609	   3	   1	  27	  29	  12	  50	  70	  30	 455	1688733	1689342	   0	 500	
 687	 692	  70	   2	 675	   2	   1	  27	  30	  12	  50	  70	  30	 428	1691067	1691742	   0	 490	
 688	 693	  30	   2	 551	   3	   1	  27	  30	  13	  50	  70	  30	 305	1693351	1693902	   0	 480	
 689	 694	  50	   3	 488	   1	   2	  28	  30	  13	  50	  70	  30	 471	1695685	1696173	   0	 480	
 690	 695	  70	   1	 580	   2	   1	  28	  31	  13	  50	  70	  30	 691	1698169	1698749	   0	 490	
 691	 696	  30	   4	 330	   3	   2	  28	  31	  14	  50	  70	  30	 306	1700403	1700733	   0	 490	
NaN	 697	  50	NaN	NaN	   1	   3	  28	  31	  14	  50	  70	  30	 610	1700403	NaN	   0	 490	
 692	 698	  30	   3	 353	   3	   2	  28	  31	  15	  50	  70	  30	 652	1706588	1706941	   0	 490	
 693	 699	  50	   2	 572	   1	   1	  29	  31	  15	  50	  70	  30	 446	1708689	1709261	   0	 480	
 694	 700	  30	   2	 398	   3	   1	  29	  31	  16	  50	  70	  30	 455	1711023	1711421	   0	 470	
 695	 701	  70	   1	 667	   2	   1	  29	  32	  16	  50	  70	  30	 375	1713106	1713773	   0	 480	
 696	 702	  30	   4	 581	   3	   2	  29	  32	  17	  50	  70	  30	 545	1715624	1716205	   0	 480	
 697	 703	  50	   3	 455	   1	   2	  30	  32	  17	  50	  70	  30	 439	1717958	1718413	   0	 480	
 698	 704	  30	   4	 574	   3	   2	  30	  32	  18	  50	  70	  30	 438	1720159	1720733	   0	 480	
 699	 705	  50	   2	 693	   1	   1	  31	  32	  18	  50	  70	  30	 335	1722376	1723069	   0	 470	
 700	 706	  70	   1	 682	   2	   1	  31	  33	  18	  50	  70	  30	 679	1725043	1725725	   0	 480	
 701	 707	  50	   4	 631	   1	   2	  32	  33	  18	  50	  70	  30	 425	1727494	1728125	   0	 480	
 702	 708	  30	   3	 584	   3	   2	  32	  33	  19	  50	  70	  30	 408	1729845	1730429	   0	 480	
 703	 709	  50	   3	 431	   1	   2	  33	  33	  19	  50	  70	  30	 315	1732062	1732493	   0	 480	
 704	 710	  30	   1	 418	   3	   1	  33	  33	  20	  50	  70	  30	 571	1734379	1734797	   0	 490	
 705	 711	  70	   4	 403	   2	   2	  33	  34	  20	  50	  70	  30	 612	1736713	1737116	   0	 490	
 706	 712	  50	   4	 613	   1	   2	   1	  34	  20	  50	  70	  30	 624	1739047	1739660	   0	 490	
 707	 713	  70	   3	 534	   2	   2	   1	  35	  20	  50	  70	  30	 431	1741398	1741932	   0	 490	
 708	 714	  50	   4	 503	   1	   2	   2	  35	  20	  50	  70	  30	 511	1743749	1744252	   0	 490	
 709	 715	  30	   3	 311	   3	   2	   2	  35	  21	  50	  70	  30	 574	1746133	1746444	   0	 490	
 710	 716	  50	   4	1523	   1	   2	   3	  35	  21	  50	  70	  30	 480	1748217	1749740	   0	 490	
NaN	 717	  30	NaN	NaN	   3	   3	   3	  35	  21	  50	  70	  30	 678	1748217	NaN	   0	 490	
 711	 718	  50	   3	 376	   1	   2	   4	  35	  21	  50	  70	  30	 623	1755652	1756028	   0	 490	
 712	 719	  70	   1	 637	   2	   1	   4	   1	  21	  50	  70	  30	 578	1757903	1758540	   0	 500	
