Version: 1	Number of symbols: 3	Pictures exchange: true	Response Deadline: 2000
Trial_No	Virt_Trial_No	Prob_Shown	Feedback	RT	Stimulus_No	Resp	SymbolA_Stage	SymbolB_Stage	SymbolC_Stage	Prob_A	Prob_B	Prob_C	Jitter	StimOnset	RespOnset	Symbol_Changes	Bonus_sum
NaN	   1	  30	NaN	NaN	   1	   3	   0	   0	   0	  30	  70	  50	 561	   0	NaN	   0	   0	
   1	   2	  50	   2	 760	   3	   1	   0	   0	   1	  30	  70	  50	 617	5681	6441	   0	 -10	
   2	   3	  30	   2	 661	   1	   1	   1	   0	   1	  30	  70	  50	 398	8147	8808	   0	 -20	
   3	   4	  50	   3	 887	   3	   2	   1	   0	   2	  30	  70	  50	 420	10529	11416	   0	 -20	
   4	   5	  70	   3	 537	   2	   2	   1	   1	   2	  30	  70	  50	 567	13295	13832	   0	 -20	
   5	   6	  30	   4	 485	   1	   2	   2	   1	   2	  30	  70	  50	 674	15811	16296	   0	 -20	
   6	   7	  50	   2	 466	   3	   1	   2	   1	   3	  30	  70	  50	 300	17910	18376	   0	 -30	
   7	   8	  70	   1	 481	   2	   1	   2	   2	   3	  30	  70	  50	 660	20343	20824	   0	 -20	
   8	   9	  50	   2	 729	   3	   1	   2	   2	   4	  30	  70	  50	 442	22575	23304	   0	 -30	
   9	  10	  30	   4	 580	   1	   2	   3	   2	   4	  30	  70	  50	 518	25124	25704	   0	 -30	
  10	  11	  50	   3	 384	   3	   2	   3	   2	   5	  30	  70	  50	 614	27640	28024	   0	 -30	
  11	  12	  70	   1	 617	   2	   1	   3	   3	   5	  30	  70	  50	 464	29823	30440	   0	 -20	
  12	  13	  50	   4	 502	   3	   2	   3	   3	   6	  30	  70	  50	 578	32322	32824	   0	 -20	
  13	  14	  70	   2	 717	   2	   1	   3	   4	   6	  30	  70	  50	 444	34571	35288	   0	 -30	
  14	  15	  50	   1	 759	   3	   1	   3	   4	   7	  30	  70	  50	 545	37137	37896	   0	 -20	
  15	  16	  30	   3	 554	   1	   2	   4	   4	   7	  30	  70	  50	 688	39886	40440	   0	 -20	
  16	  17	  70	   4	 515	   2	   2	   4	   5	   7	  30	  70	  50	 343	42085	42600	   0	 -20	
  17	  18	  50	   1	 671	   3	   1	   4	   5	   8	  30	  70	  50	 693	44601	45272	   0	 -10	
  18	  19	  70	   1	 864	   2	   1	   4	   6	   8	  30	  70	  50	 427	47000	47864	   0	   0	
  19	  20	  30	   3	 595	   1	   2	   5	   6	   8	  30	  70	  50	 575	49749	50344	   0	   0	
  20	  21	  50	   4	 719	   3	   2	   5	   6	   9	  30	  70	  50	 586	52232	52951	   0	   0	
  21	  22	  30	   4	 594	   1	   2	   6	   6	   9	  30	  70	  50	 312	54581	55175	   0	   0	
  22	  23	  50	   3	 711	   3	   2	   6	   6	  10	  30	  70	  50	 412	56880	57591	   0	   0	
  23	  24	  30	   4	 545	   1	   2	   7	   6	  10	  30	  70	  50	 572	59462	60007	   0	   0	
  24	  25	  70	   3	 739	   2	   2	   7	   7	  10	  30	  70	  50	 521	61828	62567	   0	   0	
  25	  26	  50	   3	 888	   3	   2	   7	   7	  11	  30	  70	  50	 631	64511	65399	   0	   0	
  26	  27	  30	   4	 618	   1	   2	   8	   7	  11	  30	  70	  50	 586	67293	67911	   0	   0	
  27	  28	  50	   2	 714	   3	   1	   8	   7	  12	  30	  70	  50	 508	69725	70439	   0	 -10	
  28	  29	  70	   1	 435	   2	   1	   8	   8	  12	  30	  70	  50	 562	72308	72743	   0	   0	
  29	  30	  50	   1	 479	   3	   1	   8	   8	  13	  30	  70	  50	 371	74424	74903	   0	  10	
  30	  31	  70	   3	 429	   2	   2	   8	   9	  13	  30	  70	  50	 681	76890	77319	   0	  10	
  31	  32	  50	   3	 746	   3	   2	   8	   9	  14	  30	  70	  50	 347	78989	79735	   0	  10	
  32	  33	  30	   4	 828	   1	   2	   9	   9	  14	  30	  70	  50	 319	81371	82199	   0	  10	
  33	  34	  70	   4	 649	   2	   2	   9	  10	  14	  30	  70	  50	 366	83870	84519	   0	  10	
  34	  35	  30	   3	 827	   1	   2	  10	  10	  14	  30	  70	  50	 385	86220	87047	   0	  10	
  35	  36	  70	   1	 878	   2	   1	  10	  11	  14	  30	  70	  50	 618	88969	89847	   0	  20	
  36	  37	  50	   2	 731	   3	   1	  10	  11	  15	  30	  70	  50	 343	91484	92215	   0	  10	
  37	  38	  30	   4	 609	   1	   2	  11	  11	  15	  30	  70	  50	 628	94150	94759	   0	  10	
  38	  39	  70	   2	 632	   2	   1	  11	  12	  15	  30	  70	  50	 304	96366	96998	   0	   0	
  39	  40	  30	   3	 811	   1	   2	  12	  12	  15	  30	  70	  50	 384	98699	99510	   0	   0	
  40	  41	  50	   1	 693	   3	   1	  12	  12	  16	  30	  70	  50	 480	101281	101974	   0	  10	
  41	  42	  70	   1	 834	   2	   1	  12	  13	  16	  30	  70	  50	 483	103780	104614	   0	  20	
  42	  43	  30	   4	 911	   1	   2	  13	  13	  16	  30	  70	  50	 336	106263	107174	   0	  20	
  43	  44	  70	   1	 897	   2	   1	  13	  14	  16	  30	  70	  50	 580	109045	109942	   0	  30	
  44	  45	  50	   2	 961	   3	   1	  13	  14	  17	  30	  70	  50	 627	111877	112838	   0	  20	
  45	  46	  30	   4	 938	   1	   2	  14	  14	  17	  30	  70	  50	 315	114460	115398	   0	  20	
  46	  47	  70	   1	 795	   2	   1	  14	  15	  17	  30	  70	  50	 553	117259	118054	   0	  30	
  47	  48	  30	   4	 984	   1	   2	  15	  15	  17	  30	  70	  50	 426	119774	120758	   0	  30	
  48	  49	  70	   2	 960	   2	   1	  15	  16	  17	  30	  70	  50	 329	122390	123350	   0	  20	
  49	  50	  30	   3	 673	   1	   2	  16	  16	  17	  30	  70	  50	 514	125173	125846	   0	  20	
  50	  51	  70	   1	 806	   2	   1	  16	  17	  17	  30	  70	  50	 322	127472	128278	   0	  30	
  51	  52	  30	   4	 885	   1	   2	  17	  17	  17	  30	  70	  50	 321	129921	130806	   0	  30	
  52	  53	  70	   1	 815	   2	   1	  17	  18	  17	  30	  70	  50	 364	132487	133302	   0	  40	
  53	  54	  30	   4	 666	   1	   2	  18	  18	  17	  30	  70	  50	 418	135036	135702	   0	  40	
  54	  55	  70	   2	 898	   2	   1	  18	  19	  17	  30	  70	  50	 652	137668	138566	   0	  30	
  55	  56	  50	   2	 849	   3	   1	  18	  19	  18	  30	  70	  50	 646	140517	141366	   0	  20	
  56	  57	  30	   3	 536	   1	   2	  19	  19	  18	  30	  70	  50	 468	143150	143686	   0	  20	
  57	  58	  70	   3	 692	   2	   2	  19	  20	  18	  30	  70	  50	 668	145665	146357	   0	  20	
  58	  59	  50	   3	 960	   3	   2	  19	  20	  19	  30	  70	  50	 510	148165	149125	   0	  20	
  59	  60	  30	   4	 902	   1	   2	  20	  20	  19	  30	  70	  50	 421	150847	151749	   0	  20	
  60	  61	  50	   4	 740	   3	   2	  20	  20	  20	  30	  70	  50	 659	153713	154453	   0	  20	
  61	  62	  70	   3	 413	   2	   2	  20	  21	  20	  30	  70	  50	 553	156328	156741	   0	  20	
  62	  63	  50	   2	 817	   3	   1	  20	  21	  21	  30	  70	  50	 593	158644	159461	   0	  10	
  63	  64	  70	   2	 780	   2	   1	  20	  22	  21	  30	  70	  50	 430	161193	161973	   0	   0	
  64	  65	  50	   1	 767	   3	   1	  20	  22	  22	  30	  70	  50	 655	163942	164709	   0	  10	
  65	  66	  30	   4	 652	   1	   2	  21	  22	  22	  30	  70	  50	 407	166425	167077	   0	  10	
  66	  67	  70	   1	 604	   2	   1	  21	  23	  22	  30	  70	  50	 454	168841	169445	   0	  20	
  67	  68	  30	   3	 533	   1	   2	  22	  23	  22	  30	  70	  50	 311	171056	171589	   0	  20	
  68	  69	  50	   2	1236	   3	   1	  22	  23	  23	  30	  70	  50	 594	173489	174725	   0	  10	
  69	  70	  70	   1	 696	   2	   1	  22	  24	  23	  30	  70	  50	 584	176621	177317	   0	  20	
  70	  71	  50	   2	 624	   3	   1	  22	  24	  24	  30	  70	  50	 630	179237	179861	   0	  10	
  71	  72	  70	   1	 678	   2	   1	  22	  25	  24	  30	  70	  50	 331	181519	182197	   0	  20	
  72	  73	  50	   1	 644	   3	   1	  22	  25	  25	  30	  70	  50	 482	183985	184629	   0	  30	
  73	  74	  70	   2	 586	   2	   1	  22	  26	  25	  30	  70	  50	 319	186251	186837	   0	  20	
  74	  75	  50	   2	 483	   3	   1	  22	  26	  26	  30	  70	  50	 667	188817	189300	   0	  10	
  75	  76	  70	   1	 640	   2	   1	  22	  27	  26	  30	  70	  50	 303	190916	191556	   0	  20	
  76	  77	  50	   3	 760	   3	   2	  22	  27	  27	  30	  70	  50	 680	193532	194292	   0	  20	
  77	  78	  70	   1	 586	   2	   1	  22	  28	  27	  30	  70	  50	 700	196298	196884	   0	  30	
  78	  79	  50	   1	 655	   3	   1	  22	  28	  28	  30	  70	  50	 421	198613	199268	   0	  40	
  79	  80	  30	   4	1502	   1	   2	  23	  28	  28	  30	  70	  50	 470	201046	202548	   0	  40	
  80	  81	  70	   2	1227	   2	   1	  23	  29	  28	  30	  70	  50	 482	204345	205572	   0	  30	
  81	  82	  30	   4	 921	   1	   2	  24	  29	  28	  30	  70	  50	 344	207227	208148	   0	  30	
  82	  83	  50	   4	 716	   3	   2	  24	  29	  29	  30	  70	  50	 527	209976	210692	   0	  30	
  83	  84	  30	   4	1011	   1	   2	  25	  29	  29	  30	  70	  50	 600	212609	213620	   0	  30	
  84	  85	  70	   3	 779	   2	   2	  25	  30	  29	  30	  70	  50	 328	215241	216020	   0	  30	
  85	  86	  50	   3	 956	   3	   2	  25	  30	  30	  30	  70	  50	 326	217640	218596	   0	  30	
  86	  87	  70	   1	 807	   2	   1	  25	  31	  30	  30	  70	  50	 686	220589	221396	   0	  40	
  87	  88	  30	   2	 880	   3	   1	  25	  31	   1	  30	  70	  30	 460	223188	224068	   3	  30	
  88	  89	  30	   3	 727	   1	   2	  26	  31	   1	  30	  70	  30	 438	225821	226548	   0	  30	
  89	  90	  70	   2	 864	   2	   1	  26	  32	   1	  30	  70	  30	 583	228436	229300	   0	  20	
  90	  91	  30	   1	 655	   3	   1	  26	  32	   2	  30	  70	  30	 667	231285	231940	   0	  30	
  91	  92	  70	   3	 756	   2	   2	  26	  33	   2	  30	  70	  30	 309	233568	234324	   0	  30	
  92	  93	  30	   4	 590	   1	   2	  27	  33	   2	  30	  70	  30	 490	236117	236707	   0	  30	
  93	  94	  30	   4	 828	   3	   2	  27	  33	   3	  30	  70	  30	 594	238599	239427	   0	  30	
  94	  95	  30	   4	 590	   1	   2	  28	  33	   3	  30	  70	  30	 646	241365	241955	   0	  30	
  95	  96	  20	   4	1125	   2	   2	  28	   1	   3	  30	  20	  30	 322	243598	244723	   2	  30	
  96	  97	  30	   3	 504	   1	   2	  29	   1	   3	  30	  20	  30	 315	246347	246851	   0	  30	
  97	  98	  30	   4	 986	   3	   2	  29	   1	   4	  30	  20	  30	 574	248729	249715	   0	  30	
  98	  99	  30	   4	 620	   1	   2	  30	   1	   4	  30	  20	  30	 468	251495	252115	   0	  30	
  99	 100	  30	   4	 658	   3	   2	  30	   1	   5	  30	  20	  30	 343	253761	254419	   0	  30	
 100	 101	  20	   2	 644	   2	   1	  30	   2	   5	  30	  20	  30	 399	256127	256771	   0	  20	
 101	 102	  30	   4	 445	   1	   2	  31	   2	   5	  30	  20	  30	 657	258742	259187	   0	  20	
 102	 103	  20	   3	 449	   2	   2	  31	   3	   5	  30	  20	  30	 571	261058	261507	   0	  20	
 103	 104	  30	   3	 588	   3	   2	  31	   3	   6	  30	  20	  30	 365	263191	263779	   0	  20	
 104	 105	  20	   2	 778	   2	   1	  31	   4	   6	  30	  20	  30	 576	265657	266435	   0	  10	
 105	 106	  30	   4	1071	   3	   2	  31	   4	   7	  30	  20	  30	 632	268372	269443	   0	  10	
 106	 107	  20	   2	 828	   2	   1	  31	   5	   7	  30	  20	  30	 530	271271	272099	   0	   0	
 107	 108	  30	   4	1056	   3	   2	  31	   5	   8	  30	  20	  30	 584	273987	275043	   0	   0	
 108	 109	  20	   1	 422	   2	   1	  31	   6	   8	  30	  20	  30	 326	276669	277091	   0	  10	
 109	 110	  30	   3	 470	   1	   2	  32	   6	   8	  30	  20	  30	 666	279069	279539	   0	  10	
 110	 111	  30	   2	 973	   3	   1	  32	   6	   9	  30	  20	  30	 465	281318	282291	   0	   0	
 111	 112	  20	   2	 660	   2	   1	  32	   7	   9	  30	  20	  30	 347	283950	284610	   0	 -10	
 112	 113	  30	   3	 548	   3	   2	  32	   7	  10	  30	  20	  30	 461	286366	286914	   0	 -10	
 113	 114	  30	   4	 279	   1	   2	  33	   7	  10	  30	  20	  30	 497	288715	288994	   0	 -10	
 114	 115	  30	   3	 390	   3	   2	  33	   7	  11	  30	  20	  30	 468	290764	291154	   0	 -10	
 115	 116	  30	   4	 340	   1	   2	  34	   7	  11	  30	  20	  30	 354	292814	293154	   0	 -10	
 116	 117	  30	   4	 931	   3	   2	  34	   7	  12	  30	  20	  30	 398	294863	295794	   0	 -10	
 117	 118	  30	   4	 529	   1	   2	  35	   7	  12	  30	  20	  30	 646	297745	298274	   0	 -10	
 118	 119	  30	   4	 435	   3	   2	  35	   7	  13	  30	  20	  30	 524	300095	300530	   0	 -10	
 119	 120	  20	   4	 870	   2	   2	  35	   8	  13	  30	  20	  30	 630	302460	303330	   0	 -10	
 120	 121	  80	   3	1116	   1	   2	   1	   8	  13	  80	  20	  30	 472	305126	306242	   1	 -10	
 121	 122	  30	   4	 716	   3	   2	   1	   8	  14	  80	  20	  30	 389	307958	308674	   0	 -10	
 122	 123	  80	   1	 700	   1	   1	   2	   8	  14	  80	  20	  30	 397	310374	311074	   0	   0	
 123	 124	  30	   3	 372	   3	   2	   2	   8	  15	  80	  20	  30	 613	312990	313362	   0	   0	
 124	 125	  80	   2	 699	   1	   1	   3	   8	  15	  80	  20	  30	 552	315223	315922	   0	 -10	
 125	 126	  30	   2	 556	   3	   1	   3	   8	  16	  80	  20	  30	 403	317638	318194	   0	 -20	
 126	 127	  80	   1	 804	   1	   1	   4	   8	  16	  80	  20	  30	 356	319854	320658	   0	 -10	
 127	 128	  30	   4	 708	   3	   2	   4	   8	  17	  80	  20	  30	 700	322670	323378	   0	 -10	
 128	 129	  20	   4	 778	   2	   2	   4	   9	  17	  80	  20	  30	 671	325352	326130	   0	 -10	
 129	 130	  80	   3	 570	   1	   2	   5	   9	  17	  80	  20	  30	 302	327735	328305	   0	 -10	
 130	 131	  30	   4	 584	   3	   2	   5	   9	  18	  80	  20	  30	 611	330217	330801	   0	 -10	
 131	 132	  80	   2	 575	   1	   1	   6	   9	  18	  80	  20	  30	 314	332450	333025	   0	 -20	
 132	 133	  30	   3	 543	   3	   2	   6	   9	  19	  80	  20	  30	 554	334882	335425	   0	 -20	
 133	 134	  80	   1	 718	   1	   1	   7	   9	  19	  80	  20	  30	 590	337315	338033	   0	 -10	
 134	 135	  20	   4	1338	   2	   2	   7	  10	  19	  80	  20	  30	 492	339831	341169	   0	 -10	
 135	 136	  80	   1	 878	   1	   1	   8	  10	  19	  80	  20	  30	 495	342963	343841	   0	   0	
 136	 137	  20	   3	 855	   2	   2	   8	  11	  19	  80	  20	  30	 414	345562	346417	   0	   0	
 137	 138	  80	   1	 826	   1	   1	   9	  11	  19	  80	  20	  30	 597	348311	349137	   0	  10	
 138	 139	  20	   4	 638	   2	   2	   9	  12	  19	  80	  20	  30	 605	351043	351681	   0	  10	
 139	 140	  30	   4	 689	   3	   2	   9	  12	  20	  80	  20	  30	 391	353376	354065	   0	  10	
 140	 141	  80	   3	 841	   1	   2	  10	  12	  20	  80	  20	  30	 641	356008	356849	   0	  10	
 141	 142	  30	   3	 692	   3	   2	  10	  12	  21	  80	  20	  30	 379	358541	359233	   0	  10	
 142	 143	  20	   4	 735	   2	   2	  10	  13	  21	  80	  20	  30	 574	361106	361841	   0	  10	
 143	 144	  80	   2	 594	   1	   1	  11	  13	  21	  80	  20	  30	 692	363839	364433	   0	   0	
 144	 145	  30	   4	1191	   3	   2	  11	  13	  22	  80	  20	  30	 412	366138	367329	   0	   0	
 145	 146	  20	   4	 876	   2	   2	  11	  14	  22	  80	  20	  30	 609	369237	370113	   0	   0	
 146	 147	  30	   4	 799	   3	   2	  11	  14	  23	  80	  20	  30	 580	371986	372785	   0	   0	
 147	 148	  20	   4	 577	   2	   2	  11	  15	  23	  80	  20	  30	 641	374735	375312	   0	   0	
 148	 149	  80	   1	 401	   1	   1	  12	  15	  23	  80	  20	  30	 541	377151	377552	   0	  10	
 149	 150	  20	   4	 371	   2	   2	  12	  16	  23	  80	  20	  30	 663	379517	379888	   0	  10	
 150	 151	  80	   1	 899	   1	   1	  13	  16	  23	  80	  20	  30	 332	381533	382432	   0	  20	
 151	 152	  20	   4	 413	   2	   2	  13	  17	  23	  80	  20	  30	 356	384115	384528	   0	  20	
 152	 153	  30	   4	 524	   3	   2	  13	  17	  24	  80	  20	  30	 310	386148	386672	   0	  20	
 153	 154	  20	   3	 541	   2	   2	  13	  18	  24	  80	  20	  30	 568	388547	389088	   0	  20	
 154	 155	  80	   1	 575	   1	   1	  14	  18	  24	  80	  20	  30	 517	390913	391488	   0	  30	
 155	 156	  30	   4	 568	   3	   2	  14	  18	  25	  80	  20	  30	 324	393112	393680	   0	  30	
 156	 157	  80	   1	 658	   1	   1	  15	  18	  25	  80	  20	  30	 691	395678	396336	   0	  40	
 157	 158	  20	   4	 486	   2	   2	  15	  19	  25	  80	  20	  30	 357	397994	398480	   0	  40	
 158	 159	  30	   4	 581	   3	   2	  15	  19	  26	  80	  20	  30	 670	400459	401040	   0	  40	
 159	 160	  80	   1	 982	   1	   1	  16	  19	  26	  80	  20	  30	 510	402858	403840	   0	  50	
 160	 161	  20	   4	 951	   2	   2	  16	  20	  26	  80	  20	  30	 492	405641	406592	   0	  50	
 161	 162	  30	   3	 839	   3	   2	  16	  20	  27	  80	  20	  30	 552	408473	409312	   0	  50	
 162	 163	  80	   1	1194	   1	   1	  17	  20	  27	  80	  20	  30	 609	411222	412416	   0	  60	
 163	 164	  30	   4	 789	   3	   2	  17	  20	  28	  80	  20	  30	 450	414171	414960	   0	  60	
 164	 165	  20	   4	 716	   2	   2	  17	  21	  28	  80	  20	  30	 519	416787	417503	   0	  60	
 165	 166	  30	   4	 510	   3	   2	  17	  21	  29	  80	  20	  30	 357	419169	419679	   0	  60	
 166	 167	  80	   2	1353	   1	   1	  18	  21	  29	  80	  20	  30	 325	421302	422655	   0	  50	
 167	 168	  30	   3	1004	   3	   2	  18	  21	  30	  80	  20	  30	 483	424451	425455	   0	  50	
 168	 169	  20	   4	 516	   2	   2	  18	  22	  30	  80	  20	  30	 308	427067	427583	   0	  50	
 169	 170	  30	   4	 746	   3	   2	  18	  22	  31	  80	  20	  30	 439	429333	430079	   0	  50	
 170	 171	  80	   1	 836	   1	   1	  19	  22	  31	  80	  20	  30	 515	431915	432751	   0	  60	
 171	 172	  30	   4	 662	   3	   2	  19	  22	  32	  80	  20	  30	 627	434697	435359	   0	  60	
 172	 173	  20	   3	 869	   2	   2	  19	  23	  32	  80	  20	  30	 485	437146	438015	   0	  60	
 173	 174	  80	   1	1249	   1	   1	  20	  23	  32	  80	  20	  30	 339	439662	440911	   0	  70	
 174	 175	  30	   4	 997	   3	   2	  20	  23	  33	  80	  20	  30	 566	442794	443791	   0	  70	
 175	 176	  80	   1	 631	   1	   1	  21	  23	  33	  80	  20	  30	 436	445544	446175	   0	  80	
 176	 177	  30	   3	1171	   3	   2	  21	  23	  34	  80	  20	  30	 596	448076	449247	   0	  80	
 177	 178	  80	   1	1457	   1	   1	  22	  23	  34	  80	  20	  30	 400	450958	452415	   0	  90	
 178	 179	  30	   4	1333	   3	   2	  22	  23	  35	  80	  20	  30	 355	454074	455407	   0	  90	
 179	 180	  20	   4	1232	   2	   2	  22	  24	  35	  80	  20	  30	 313	457023	458255	   0	  90	
 180	 181	  70	   3	1009	   3	   2	  22	  24	   1	  80	  20	  70	 619	460222	461231	   3	  90	
 181	 182	  20	   3	 658	   2	   2	  22	  25	   1	  80	  20	  70	 490	463037	463695	   0	  90	
 182	 183	  80	   2	 661	   1	   1	  23	  25	   1	  80	  20	  70	 336	465337	465998	   0	  80	
 183	 184	  70	   2	 582	   3	   1	  23	  25	   2	  80	  20	  70	 446	467736	468318	   0	  70	
 184	 185	  20	   2	 542	   2	   1	  23	  26	   2	  80	  20	  70	 341	469968	470510	   0	  60	
 185	 186	  70	   1	 550	   3	   1	  23	  26	   3	  80	  20	  70	 357	472168	472718	   0	  70	
 186	 187	  20	   4	 785	   2	   2	  23	  27	   3	  80	  20	  70	 684	474717	475502	   0	  70	
 187	 188	  70	   2	 596	   3	   1	  23	  27	   4	  80	  20	  70	 651	477466	478062	   0	  60	
 188	 189	  20	   4	 456	   2	   2	  23	  28	   4	  80	  20	  70	 399	479782	480238	   0	  60	
 189	 190	  80	   1	 721	   1	   1	  24	  28	   4	  80	  20	  70	 461	481997	482718	   0	  70	
 190	 191	  70	   1	 870	   3	   1	  24	  28	   5	  80	  20	  70	 661	484680	485550	   0	  80	
 191	 192	  80	   2	 755	   1	   1	  25	  28	   5	  80	  20	  70	 310	487179	487934	   0	  70	
 192	 193	  20	   4	 835	   2	   2	  25	  29	   5	  80	  20	  70	 358	489595	490430	   0	  70	
 193	 194	  70	   1	 689	   3	   1	  25	  29	   6	  80	  20	  70	 315	492061	492750	   0	  80	
 194	 195	  20	   4	 626	   2	   2	  25	  30	   6	  80	  20	  70	 409	494460	495086	   0	  80	
 195	 196	  70	   3	1209	   3	   2	  25	  30	   7	  80	  20	  70	 317	496709	497918	   0	  80	
 196	 197	  80	   3	 757	   1	   2	  26	  30	   7	  80	  20	  70	 420	499641	500398	   0	  80	
 197	 198	  50	   3	 812	   2	   2	  26	   1	   7	  80	  50	  70	 559	502290	503102	   2	  80	
 198	 199	  70	   4	 608	   3	   2	  26	   1	   8	  80	  50	  70	 612	505006	505614	   0	  80	
 199	 200	  50	   2	 675	   2	   1	  26	   2	   8	  80	  50	  70	 447	507355	508030	   0	  70	
 200	 201	  80	   1	 732	   1	   1	  27	   2	   8	  80	  50	  70	 609	509938	510670	   0	  80	
NaN	 202	  70	NaN	NaN	   3	   3	  27	   2	   8	  80	  50	  70	 646	509938	NaN	   0	  80	
 201	 203	  50	   1	 944	   2	   1	  27	   3	   8	  80	  50	  70	 365	516285	517229	   0	  90	
 202	 204	  70	   1	 769	   3	   1	  27	   3	   9	  80	  50	  70	 543	519068	519837	   0	 100	
 203	 205	  50	   2	 545	   2	   1	  27	   4	   9	  80	  50	  70	 349	521500	522045	   0	  90	
 204	 206	  70	   3	1115	   3	   2	  27	   4	  10	  80	  50	  70	 324	523666	524781	   0	  90	
 205	 207	  50	   2	 689	   2	   1	  27	   5	  10	  80	  50	  70	 639	526732	527421	   0	  80	
 206	 208	  80	   1	 625	   1	   1	  28	   5	  10	  80	  50	  70	 419	529148	529773	   0	  90	
 207	 209	  50	   3	 863	   2	   2	  28	   6	  10	  80	  50	  70	 563	531630	532493	   0	  90	
 208	 210	  80	   3	 775	   1	   2	  29	   6	  10	  80	  50	  70	 458	534262	535037	   0	  90	
 209	 211	  70	   4	1160	   3	   2	  29	   6	  11	  80	  50	  70	 310	536645	537805	   0	  90	
 210	 212	  50	   3	 863	   2	   2	  29	   7	  11	  80	  50	  70	 591	539694	540557	   0	  90	
 211	 213	  80	   1	 856	   1	   1	  30	   7	  11	  80	  50	  70	 401	542293	543149	   0	 100	
 212	 214	  70	   2	 711	   3	   1	  30	   7	  12	  80	  50	  70	 683	545142	545853	   0	  90	
 213	 215	  80	   1	 609	   1	   1	  31	   7	  12	  80	  50	  70	 549	547708	548317	   0	 100	
 214	 216	  70	   1	 703	   3	   1	  31	   7	  13	  80	  50	  70	 569	550190	550893	   0	 110	
 215	 217	  50	   4	 776	   2	   2	  31	   8	  13	  80	  50	  70	 594	552789	553565	   0	 110	
 216	 218	  80	   1	 732	   1	   1	  32	   8	  13	  80	  50	  70	 642	555505	556237	   0	 120	
 217	 219	  50	   4	 774	   2	   2	  32	   9	  13	  80	  50	  70	 504	558054	558828	   0	 120	
 218	 220	  80	   1	 701	   1	   1	  33	   9	  13	  80	  50	  70	 566	560703	561404	   0	 130	
 219	 221	  70	   3	 830	   3	   2	  33	   9	  14	  80	  50	  70	 370	563086	563916	   0	 130	
 220	 222	  50	   3	 863	   2	   2	  33	  10	  14	  80	  50	  70	 667	565901	566764	   0	 130	
 221	 223	  70	   3	 879	   3	   2	  33	  10	  15	  80	  50	  70	 629	568717	569596	   0	 130	
 222	 224	  20	   4	 745	   1	   2	   1	  10	  15	  20	  50	  70	 377	571299	572044	   1	 130	
 223	 225	  50	   2	 654	   2	   1	   1	  11	  15	  20	  50	  70	 631	573982	574636	   0	 120	
 224	 226	  70	   1	1243	   3	   1	   1	  11	  16	  20	  50	  70	 535	576481	577724	   0	 130	
 225	 227	  20	   4	 687	   1	   2	   2	  11	  16	  20	  50	  70	 592	579613	580300	   0	 130	
 226	 228	  70	   4	 760	   3	   2	   2	  11	  17	  20	  50	  70	 604	582212	582972	   0	 130	
 227	 229	  20	   4	 594	   1	   2	   3	  11	  17	  20	  50	  70	 513	584778	585372	   0	 130	
 228	 230	  50	   3	 558	   2	   2	   3	  12	  17	  20	  50	  70	 639	587310	587868	   0	 130	
 229	 231	  70	   3	 494	   3	   2	   3	  12	  18	  20	  50	  70	 544	589710	590204	   0	 130	
 230	 232	  50	   4	 607	   2	   2	   3	  13	  18	  20	  50	  70	 598	592109	592716	   0	 130	
 231	 233	  70	   3	 548	   3	   2	   3	  13	  19	  20	  50	  70	 379	594408	594956	   0	 130	
 232	 234	  20	   3	 557	   1	   2	   4	  13	  19	  20	  50	  70	 320	596591	597148	   0	 130	
 233	 235	  70	   3	 685	   3	   2	   4	  13	  20	  20	  50	  70	 573	599023	599708	   0	 130	
 234	 236	  20	   4	 472	   1	   2	   5	  13	  20	  20	  50	  70	 542	601555	602027	   0	 130	
 235	 237	  50	   4	 753	   2	   2	   5	  14	  20	  20	  50	  70	 411	603738	604491	   0	 130	
 236	 238	  70	   2	 567	   3	   1	   5	  14	  21	  20	  50	  70	 626	606420	606987	   0	 120	
 237	 239	  50	   3	 380	   2	   2	   5	  15	  21	  20	  50	  70	 410	608703	609083	   0	 120	
 238	 240	  70	   1	 713	   3	   1	   5	  15	  22	  20	  50	  70	 391	610786	611499	   0	 130	
 239	 241	  50	   3	 476	   2	   2	   5	  16	  22	  20	  50	  70	 329	613135	613611	   0	 130	
 240	 242	  20	   4	 521	   1	   2	   6	  16	  22	  20	  50	  70	 320	615234	615755	   0	 130	
 241	 243	  50	   2	 833	   2	   1	   6	  17	  22	  20	  50	  70	 365	617450	618283	   0	 120	
 242	 244	  20	   3	 386	   1	   2	   7	  17	  22	  20	  50	  70	 650	620249	620635	   0	 120	
 243	 245	  70	   3	 534	   3	   2	   7	  17	  23	  20	  50	  70	 624	622565	623099	   0	 120	
 244	 246	  50	   3	 793	   2	   2	   7	  18	  23	  20	  50	  70	 509	624914	625707	   0	 120	
 245	 247	  20	   4	 810	   1	   2	   8	  18	  23	  20	  50	  70	 308	627313	628123	   0	 120	
 246	 248	  50	   2	1031	   2	   1	   8	  19	  23	  20	  50	  70	 375	629796	630827	   0	 110	
 247	 249	  70	   1	 586	   3	   1	   8	  19	  24	  20	  50	  70	 417	632561	633147	   0	 120	
 248	 250	  20	   4	 561	   1	   2	   9	  19	  24	  20	  50	  70	 359	634810	635371	   0	 120	
 249	 251	  70	   1	1207	   3	   1	   9	  19	  25	  20	  50	  70	 396	637060	638267	   0	 130	
 250	 252	  50	   3	 319	   2	   2	   9	  20	  25	  20	  50	  70	 523	640092	640411	   0	 130	
 251	 253	  20	   4	 503	   1	   2	  10	  20	  25	  20	  50	  70	 582	642324	642827	   0	 130	
 252	 254	  70	   2	 687	   3	   1	  10	  20	  26	  20	  50	  70	 409	644540	645227	   0	 120	
 253	 255	  50	   1	 461	   2	   1	  10	  21	  26	  20	  50	  70	 431	646973	647434	   0	 130	
 254	 256	  70	   3	 638	   3	   2	  10	  21	  27	  20	  50	  70	 644	649372	650010	   0	 130	
 255	 257	  50	   4	 758	   2	   2	  10	  22	  27	  20	  50	  70	 696	652004	652762	   0	 130	
 256	 258	  70	   3	 842	   3	   2	  10	  22	  28	  20	  50	  70	 651	654720	655562	   0	 130	
 257	 259	  50	   4	 849	   2	   2	  10	  23	  28	  20	  50	  70	 491	657353	658202	   0	 130	
 258	 260	  70	   2	 730	   3	   1	  10	  23	  29	  20	  50	  70	 450	659968	660698	   0	 120	
 259	 261	  20	   4	 652	   1	   2	  11	  23	  29	  20	  50	  70	 314	662334	662986	   0	 120	
 260	 262	  70	   1	 451	   3	   1	  11	  23	  30	  20	  50	  70	 684	664983	665434	   0	 130	
 261	 263	  50	   2	1044	   2	   1	  11	  24	  30	  20	  50	  70	 616	667382	668426	   0	 120	
 262	 264	  20	   4	 985	   1	   2	  12	  24	  30	  20	  50	  70	 342	670065	671050	   0	 120	
 263	 265	  50	   4	1629	   3	   2	  12	  24	   1	  20	  50	  50	 416	672797	674426	   3	 120	
 264	 266	  50	   1	1917	   2	   1	  12	  25	   1	  20	  50	  50	 311	676029	677946	   0	 130	
 265	 267	  50	   2	 981	   3	   1	  12	  25	   2	  20	  50	  50	 582	679845	680826	   0	 120	
 266	 268	  50	   3	 973	   2	   2	  12	  26	   2	  20	  50	  50	 341	682477	683450	   0	 120	
 267	 269	  20	   4	 697	   1	   2	  13	  26	   2	  20	  50	  50	 639	685393	686090	   0	 120	
 268	 270	  50	   2	1032	   2	   1	  13	  27	   2	  20	  50	  50	 449	687858	688890	   0	 110	
 269	 271	  50	   3	 859	   3	   2	  13	  27	   3	  20	  50	  50	 388	690591	691450	   0	 110	
 270	 272	  50	   3	 722	   2	   2	  13	  28	   3	  20	  50	  50	 474	693223	693945	   0	 110	
 271	 273	  50	   4	1637	   3	   2	  13	  28	   4	  20	  50	  50	 690	695956	697593	   0	 110	
 272	 274	  50	   4	 752	   2	   2	  13	  29	   4	  20	  50	  50	 422	699321	700073	   0	 110	
 273	 275	  20	   3	 705	   1	   2	  14	  29	   4	  20	  50	  50	 345	701720	702425	   0	 110	
 274	 276	  50	   1	1223	   3	   1	  14	  29	   5	  20	  50	  50	 650	704386	705609	   0	 120	
 275	 277	  50	   3	 666	   2	   2	  14	  30	   5	  20	  50	  50	 618	707535	708201	   0	 120	
 276	 278	  20	   4	 688	   1	   2	  15	  30	   5	  20	  50	  50	 305	709817	710505	   0	 120	
 277	 279	  50	   3	 945	   3	   2	  15	  30	   6	  20	  50	  50	 389	712200	713145	   0	 120	
 278	 280	  20	   3	 685	   1	   2	  16	  30	   6	  20	  50	  50	 687	715132	715817	   0	 120	
 279	 281	  50	   4	1831	   3	   2	  16	  30	   7	  20	  50	  50	 571	717698	719529	   0	 120	
 280	 282	  20	   4	1004	   1	   2	  17	  30	   7	  20	  50	  50	 377	721213	722217	   0	 120	
 281	 283	  50	   4	 918	   3	   2	  17	  30	   8	  20	  50	  50	 643	724179	725097	   0	 120	
 282	 284	  50	   3	1228	   2	   2	  17	  31	   8	  20	  50	  50	 434	726845	728073	   0	 120	
 283	 285	  20	   4	 915	   1	   2	  18	  31	   8	  20	  50	  50	 527	729894	730809	   0	 120	
 284	 286	  50	   4	1410	   2	   2	  18	  32	   8	  20	  50	  50	 647	732759	734169	   0	 120	
 285	 287	  20	   4	 887	   1	   2	  19	  32	   8	  20	  50	  50	 377	735842	736729	   0	 120	
 286	 288	  50	   1	 722	   3	   1	  19	  32	   9	  20	  50	  50	 357	738391	739113	   0	 130	
 287	 289	  20	   4	 478	   1	   2	  20	  32	   9	  20	  50	  50	 476	740890	741368	   0	 130	
 288	 290	  50	   3	 389	   3	   2	  20	  32	  10	  20	  50	  50	 464	743139	743528	   0	 130	
 289	 291	  50	   3	 644	   2	   2	  20	  33	  10	  20	  50	  50	 332	745172	745816	   0	 130	
 290	 292	  50	   1	 646	   3	   1	  20	  33	  11	  20	  50	  50	 418	747538	748184	   0	 140	
 291	 293	  20	   4	 830	   2	   2	  20	   1	  11	  20	  20	  50	 622	750170	751000	   2	 140	
 292	 294	  50	   3	 574	   3	   2	  20	   1	  12	  20	  20	  50	 667	752986	753560	   0	 140	
 293	 295	  20	   4	 568	   1	   2	  21	   1	  12	  20	  20	  50	 309	755168	755736	   0	 140	
 294	 296	  20	   4	1087	   2	   2	  21	   2	  12	  20	  20	  50	 366	757417	758504	   0	 140	
 295	 297	  20	   3	 489	   1	   2	  22	   2	  12	  20	  20	  50	 574	760383	760872	   0	 140	
 296	 298	  20	   4	 496	   2	   2	  22	   3	  12	  20	  20	  50	 436	762616	763112	   0	 140	
 297	 299	  20	   4	 383	   1	   2	  23	   3	  12	  20	  20	  50	 647	765065	765448	   0	 140	
 298	 300	  20	   4	 795	   2	   2	  23	   4	  12	  20	  20	  50	 415	767181	767976	   0	 140	
 299	 301	  50	   2	 630	   3	   1	  23	   4	  13	  20	  20	  50	 477	769746	770376	   0	 130	
 300	 302	  20	   3	1260	   2	   2	  23	   5	  13	  20	  20	  50	 304	771996	773256	   0	 130	
 301	 303	  50	   1	1015	   3	   1	  23	   5	  14	  20	  20	  50	 365	774945	775960	   0	 140	
 302	 304	  20	   4	 952	   2	   2	  23	   6	  14	  20	  20	  50	 479	777744	778696	   0	 140	
 303	 305	  20	   4	1185	   1	   2	  24	   6	  14	  20	  20	  50	 342	780343	781528	   0	 140	
 304	 306	  50	   1	1429	   3	   1	  24	   6	  15	  20	  20	  50	 628	783458	784887	   0	 150	
 305	 307	  20	   4	 767	   1	   2	  25	   6	  15	  20	  20	  50	 627	786824	787591	   0	 150	
 306	 308	  50	   4	 733	   3	   2	  25	   6	  16	  20	  20	  50	 410	789306	790039	   0	 150	
 307	 309	  20	   4	 638	   1	   2	  26	   6	  16	  20	  20	  50	 353	791705	792343	   0	 150	
 308	 310	  50	   4	 762	   3	   2	  26	   6	  17	  20	  20	  50	 579	794221	794983	   0	 150	
 309	 311	  20	   4	 603	   1	   2	  27	   6	  17	  20	  20	  50	 318	796604	797207	   0	 150	
 310	 312	  50	   3	1894	   3	   2	  27	   6	  18	  20	  20	  50	 659	799169	801063	   0	 150	
 311	 313	  20	   4	 795	   2	   2	  27	   7	  18	  20	  20	  50	 697	803068	803863	   0	 150	
 312	 314	  50	   2	1101	   3	   1	  27	   7	  19	  20	  20	  50	 675	805834	806935	   0	 140	
 313	 315	  20	   4	1391	   2	   2	  27	   8	  19	  20	  20	  50	 365	808616	810007	   0	 140	
 314	 316	  20	   3	 590	   1	   2	  28	   8	  19	  20	  20	  50	 550	811865	812455	   0	 140	
 315	 317	  20	   3	 744	   2	   2	  28	   9	  19	  20	  20	  50	 682	814447	815191	   0	 140	
 316	 318	  50	   2	1362	   3	   1	  28	   9	  20	  20	  20	  50	 499	816997	818359	   0	 130	
 317	 319	  20	   4	 880	   2	   2	  28	  10	  20	  20	  20	  50	 627	820279	821159	   0	 130	
 318	 320	  20	   4	 677	   1	   2	  29	  10	  20	  20	  20	  50	 530	822994	823671	   0	 130	
 319	 321	  50	   4	 728	   3	   2	  29	  10	  21	  20	  20	  50	 356	825327	826055	   0	 130	
 320	 322	  20	   4	 554	   1	   2	  30	  10	  21	  20	  20	  50	 362	827709	828263	   0	 130	
 321	 323	  50	   1	 538	   3	   1	  30	  10	  22	  20	  20	  50	 519	830109	830647	   0	 140	
 322	 324	  20	   4	 684	   1	   2	  31	  10	  22	  20	  20	  50	 511	832458	833142	   0	 140	
 323	 325	  20	   2	 694	   2	   1	  31	  11	  22	  20	  20	  50	 585	835040	835734	   0	 130	
 324	 326	  20	   4	 696	   1	   2	  32	  11	  22	  20	  20	  50	 365	837406	838102	   0	 130	
 325	 327	  50	   2	 617	   3	   1	  32	  11	  23	  20	  20	  50	 387	839805	840422	   0	 120	
 326	 328	  20	   4	 932	   2	   2	  32	  12	  23	  20	  20	  50	 617	842354	843286	   0	 120	
 327	 329	  50	   1	 824	   3	   1	  32	  12	  24	  20	  20	  50	 468	845070	845894	   0	 130	
 328	 330	  20	   4	1006	   2	   2	  32	  13	  24	  20	  20	  50	 550	847752	848758	   0	 130	
 329	 331	  20	   3	 663	   1	   2	  33	  13	  24	  20	  20	  50	 664	850735	851398	   0	 130	
 330	 332	  20	   4	1250	   2	   2	  33	  14	  24	  20	  20	  50	 568	853284	854534	   0	 130	
 331	 333	  50	   1	 720	   3	   1	  33	  14	  25	  20	  20	  50	 307	856166	856886	   0	 140	
 332	 334	  20	   4	 665	   1	   2	  34	  14	  25	  20	  20	  50	 567	858765	859430	   0	 140	
 333	 335	  20	   4	 739	   2	   2	  34	  15	  25	  20	  20	  50	 597	861331	862070	   0	 140	
 334	 336	  50	   2	1165	   3	   1	  34	  15	  26	  20	  20	  50	 520	863897	865062	   0	 130	
 335	 337	  20	   4	 582	   1	   2	  35	  15	  26	  20	  20	  50	 546	866912	867494	   0	 130	
 336	 338	  20	   4	 728	   2	   2	  35	  16	  26	  20	  20	  50	 453	869262	869990	   0	 130	
 337	 339	  80	   3	 923	   1	   2	   1	  16	  26	  80	  20	  50	 313	871627	872550	   1	 130	
 338	 340	  20	   4	 625	   2	   2	   1	  17	  26	  80	  20	  50	 435	874293	874918	   0	 130	
 339	 341	  80	   1	 865	   1	   1	   2	  17	  26	  80	  20	  50	 476	876692	877557	   0	 140	
 340	 342	  50	   1	 872	   3	   1	   2	  17	  27	  80	  20	  50	 468	879341	880213	   0	 150	
 341	 343	  80	   3	 817	   1	   2	   3	  17	  27	  80	  20	  50	 388	881924	882741	   0	 150	
 342	 344	  20	   1	 738	   2	   1	   3	  18	  27	  80	  20	  50	 675	884723	885461	   0	 160	
 343	 345	  50	   1	1028	   3	   1	   3	  18	  28	  80	  20	  50	 345	887105	888133	   0	 170	
 344	 346	  20	   3	1014	   2	   2	   3	  19	  28	  80	  20	  50	 441	889871	890885	   0	 170	
 345	 347	  80	   3	1164	   1	   2	   4	  19	  28	  80	  20	  50	 335	892537	893701	   0	 170	
 346	 348	  20	   4	 722	   2	   2	   4	  20	  28	  80	  20	  50	 603	895619	896341	   0	 170	
 347	 349	  50	   4	1000	   3	   2	   4	  20	  29	  80	  20	  50	 644	898285	899285	   0	 170	
 348	 350	  80	   2	 551	   1	   1	   5	  20	  29	  80	  20	  50	 535	901134	901685	   0	 160	
 349	 351	  50	   4	 604	   3	   2	   5	  20	  30	  80	  20	  50	 446	903433	904037	   0	 160	
 350	 352	  80	   1	 686	   1	   1	   6	  20	  30	  80	  20	  50	 473	905815	906501	   0	 170	
 351	 353	  50	   2	 763	   3	   1	   6	  20	  31	  80	  20	  50	 494	908314	909077	   0	 160	
 352	 354	  80	   1	 423	   1	   1	   7	  20	  31	  80	  20	  50	 453	910830	911253	   0	 170	
 353	 355	  20	   3	 976	   2	   2	   7	  21	  31	  80	  20	  50	 456	913013	913989	   0	 170	
 354	 356	  80	   1	 738	   1	   1	   8	  21	  31	  80	  20	  50	 482	915779	916517	   0	 180	
 355	 357	  50	   4	 679	   3	   2	   8	  21	  32	  80	  20	  50	 655	918478	919157	   0	 180	
 356	 358	  20	   4	 925	   2	   2	   8	  22	  32	  80	  20	  50	 301	920760	921685	   0	 180	
 357	 359	  50	   3	 538	   3	   2	   8	  22	  33	  80	  20	  50	 647	923626	924164	   0	 180	
 358	 360	  20	   4	 584	   2	   2	   8	  23	  33	  80	  20	  50	 621	926092	926676	   0	 180	
 359	 361	  80	   2	 715	   1	   1	   9	  23	  33	  80	  20	  50	 463	928441	929156	   0	 170	
 360	 362	  20	   4	 978	   2	   2	   9	  24	  33	  80	  20	  50	 644	931106	932084	   0	 170	
 361	 363	  70	   3	 664	   3	   2	   9	  24	   1	  80	  20	  70	 336	933756	934420	   3	 170	
 362	 364	  80	   3	 657	   1	   2	  10	  24	   1	  80	  20	  70	 615	936355	937012	   0	 170	
 363	 365	  70	   2	 599	   3	   1	  10	  24	   2	  80	  20	  70	 325	938637	939236	   0	 160	
 364	 366	  20	   4	 774	   2	   2	  10	  25	   2	  80	  20	  70	 514	941070	941844	   0	 160	
 365	 367	  70	   2	 619	   3	   1	  10	  25	   3	  80	  20	  70	 623	943769	944388	   0	 150	
 366	 368	  20	   4	 726	   2	   2	  10	  26	   3	  80	  20	  70	 628	946318	947044	   0	 150	
 367	 369	  80	   1	 561	   1	   1	  11	  26	   3	  80	  20	  70	 521	948867	949428	   0	 160	
 368	 370	  70	   1	 544	   3	   1	  11	  26	   4	  80	  20	  70	 588	951316	951860	   0	 170	
 369	 371	  20	   3	 869	   2	   2	  11	  27	   4	  80	  20	  70	 431	953599	954468	   0	 170	
 370	 372	  70	   3	 626	   3	   2	  11	  27	   5	  80	  20	  70	 345	956114	956740	   0	 170	
 371	 373	  80	   1	 904	   1	   1	  12	  27	   5	  80	  20	  70	 306	958364	959268	   0	 180	
 372	 374	  70	   1	1049	   3	   1	  12	  27	   6	  80	  20	  70	 600	961179	962228	   0	 190	
 373	 375	  80	   1	 840	   1	   1	  13	  27	   6	  80	  20	  70	 485	964028	964868	   0	 200	
 374	 376	  70	   2	 829	   3	   1	  13	  27	   7	  80	  20	  70	 547	966711	967540	   0	 190	
 375	 377	  20	   4	 637	   2	   2	  13	  28	   7	  80	  20	  70	 680	969510	970147	   0	 190	
 376	 378	  80	   1	 607	   1	   1	  14	  28	   7	  80	  20	  70	 427	971876	972483	   0	 200	
 377	 379	  70	   1	 465	   3	   1	  14	  28	   8	  80	  20	  70	 474	974258	974723	   0	 210	
 378	 380	  80	   1	 915	   1	   1	  15	  28	   8	  80	  20	  70	 581	976624	977539	   0	 220	
 379	 381	  70	   1	 824	   3	   1	  15	  28	   9	  80	  20	  70	 468	979323	980147	   0	 230	
 380	 382	  80	   1	 720	   1	   1	  16	  28	   9	  80	  20	  70	 483	981939	982659	   0	 240	
 381	 383	  20	   4	 597	   2	   2	  16	  29	   9	  80	  20	  70	 661	984638	985235	   0	 240	
 382	 384	  80	   3	 579	   1	   2	  17	  29	   9	  80	  20	  70	 578	987120	987699	   0	 240	
 383	 385	  70	   1	 668	   3	   1	  17	  29	  10	  80	  20	  70	 700	989703	990371	   0	 250	
 384	 386	  80	   2	 807	   1	   1	  18	  29	  10	  80	  20	  70	 569	992252	993059	   0	 240	
 385	 387	  20	   4	 752	   2	   2	  18	  30	  10	  80	  20	  70	 513	994867	995619	   0	 240	
 386	 388	  70	   2	 666	   3	   1	  18	  30	  11	  80	  20	  70	 482	997417	998083	   0	 230	
 387	 389	  20	   4	 735	   2	   2	  18	  31	  11	  80	  20	  70	 316	999716	1000451	   0	 230	
 388	 390	  70	   1	1240	   3	   1	  18	  31	  12	  80	  20	  70	 564	1002331	1003571	   0	 240	
 389	 391	  80	   2	 660	   1	   1	  19	  31	  12	  80	  20	  70	 377	1005247	1005907	   0	 230	
 390	 392	  70	   1	 455	   3	   1	  19	  31	  13	  80	  20	  70	 366	1007580	1008035	   0	 240	
 391	 393	  20	   4	 595	   2	   2	  19	  32	  13	  80	  20	  70	 348	1009712	1010307	   0	 240	
 392	 394	  70	   2	 966	   3	   1	  19	  32	  14	  80	  20	  70	 418	1012028	1012994	   0	 230	
 393	 395	  20	   3	 549	   2	   2	  19	  33	  14	  80	  20	  70	 575	1014877	1015426	   0	 230	
 394	 396	  70	   1	 792	   3	   1	  19	  33	  15	  80	  20	  70	 464	1017210	1018002	   0	 240	
 395	 397	  80	   1	 767	   1	   1	  20	  33	  15	  80	  20	  70	 577	1019875	1020642	   0	 250	
 396	 398	  70	   1	 756	   3	   1	  20	  33	  16	  80	  20	  70	 601	1022558	1023314	   0	 260	
 397	 399	  20	   4	 788	   2	   2	  20	  34	  16	  80	  20	  70	 360	1024974	1025762	   0	 260	
 398	 400	  80	   2	 958	   1	   1	  21	  34	  16	  80	  20	  70	 495	1027556	1028514	   0	 250	
 399	 401	  20	   4	 706	   2	   2	  21	  35	  16	  80	  20	  70	 456	1030272	1030978	   0	 250	
 400	 402	  80	   1	 639	   1	   1	  22	  35	  16	  80	  20	  70	 485	1032771	1033410	   0	 260	
 401	 403	  80	   3	 939	   2	   2	  22	   1	  16	  80	  80	  70	 521	1035303	1036242	   2	 260	
 402	 404	  80	   1	 854	   1	   1	  23	   1	  16	  80	  80	  70	 305	1037852	1038706	   0	 270	
 403	 405	  80	   3	1094	   2	   2	  23	   2	  16	  80	  80	  70	 656	1040668	1041762	   0	 270	
 404	 406	  80	   1	 769	   1	   1	  24	   2	  16	  80	  80	  70	 551	1043617	1044386	   0	 280	
 405	 407	  80	   3	1261	   2	   2	  24	   3	  16	  80	  80	  70	 460	1046149	1047410	   0	 280	
 406	 408	  80	   3	 739	   1	   2	  25	   3	  16	  80	  80	  70	 503	1049215	1049954	   0	 280	
 407	 409	  80	   4	 569	   2	   2	  25	   4	  16	  80	  80	  70	 623	1051881	1052450	   0	 280	
 408	 410	  80	   3	 964	   1	   2	  26	   4	  16	  80	  80	  70	 667	1054430	1055394	   0	 280	
 409	 411	  80	   1	1046	   2	   1	  26	   5	  16	  80	  80	  70	 497	1057196	1058242	   0	 290	
 410	 412	  80	   4	 682	   1	   2	  27	   5	  16	  80	  80	  70	 346	1059895	1060577	   0	 290	
 411	 413	  80	   1	 683	   2	   1	  27	   6	  16	  80	  80	  70	 398	1062310	1062993	   0	 300	
 412	 414	  80	   3	 493	   1	   2	  28	   6	  16	  80	  80	  70	 373	1064676	1065169	   0	 300	
 413	 415	  80	   1	 451	   2	   1	  28	   7	  16	  80	  80	  70	 471	1066942	1067393	   0	 310	
 414	 416	  80	   1	 435	   1	   1	  29	   7	  16	  80	  80	  70	 660	1069358	1069793	   0	 320	
 415	 417	  70	   2	1180	   3	   1	  29	   7	  17	  80	  80	  70	 461	1071557	1072737	   0	 310	
 416	 418	  80	   1	 681	   2	   1	  29	   8	  17	  80	  80	  70	 406	1074456	1075137	   0	 320	
 417	 419	  80	   1	 666	   1	   1	  30	   8	  17	  80	  80	  70	 398	1076855	1077521	   0	 330	
 418	 420	  80	   4	 770	   2	   2	  30	   9	  17	  80	  80	  70	 641	1079471	1080241	   0	 330	
 419	 421	  70	   3	 632	   3	   2	  30	   9	  18	  80	  80	  70	 598	1082153	1082785	   0	 330	
 420	 422	  80	   1	1514	   2	   1	  30	  10	  18	  80	  80	  70	 420	1084519	1086033	   0	 340	
 421	 423	  30	   4	 802	   1	   2	   1	  10	  18	  30	  80	  70	 553	1087935	1088737	   1	 340	
 422	 424	  70	   1	1106	   3	   1	   1	  10	  19	  30	  80	  70	 306	1090351	1091457	   0	 350	
 423	 425	  80	   2	 827	   2	   1	   1	  11	  19	  30	  80	  70	 581	1093350	1094177	   0	 340	
 424	 426	  30	   1	 774	   1	   1	   2	  11	  19	  30	  80	  70	 425	1095899	1096673	   0	 350	
 425	 427	  70	   1	 751	   3	   1	   2	  11	  20	  30	  80	  70	 541	1098514	1099265	   0	 360	
 426	 428	  80	   1	 618	   2	   1	   2	  12	  20	  30	  80	  70	 464	1101047	1101665	   0	 370	
 427	 429	  30	   1	 628	   1	   1	   3	  12	  20	  30	  80	  70	 645	1103613	1104241	   0	 380	
 428	 430	  70	   1	 604	   3	   1	   3	  12	  21	  30	  80	  70	 678	1106212	1106816	   0	 390	
 429	 431	  80	   3	 803	   2	   2	   3	  13	  21	  30	  80	  70	 338	1108461	1109264	   0	 390	
 430	 432	  70	   4	 689	   3	   2	   3	  13	  22	  30	  80	  70	 359	1110927	1111616	   0	 390	
 431	 433	  80	   1	 552	   2	   1	   3	  14	  22	  30	  80	  70	 644	1113576	1114128	   0	 400	
 432	 434	  70	   2	 540	   3	   1	   3	  14	  23	  30	  80	  70	 459	1115892	1116432	   0	 390	
 433	 435	  80	   1	 478	   2	   1	   3	  15	  23	  30	  80	  70	 538	1118274	1118752	   0	 400	
 434	 436	  70	   1	 609	   3	   1	   3	  15	  24	  30	  80	  70	 578	1120623	1121232	   0	 410	
 435	 437	  30	   2	 494	   1	   1	   4	  15	  24	  30	  80	  70	 566	1123106	1123600	   0	 400	
 436	 438	  70	   1	 674	   3	   1	   4	  15	  25	  30	  80	  70	 515	1125422	1126096	   0	 410	
 437	 439	  30	   2	 719	   1	   1	   5	  15	  25	  30	  80	  70	 517	1127921	1128640	   0	 400	
 438	 440	  70	   1	 573	   3	   1	   5	  15	  26	  30	  80	  70	 460	1130403	1130976	   0	 410	
 439	 441	  80	   3	 893	   2	   2	   5	  16	  26	  30	  80	  70	 544	1132819	1133712	   0	 410	
 440	 442	  70	   1	 627	   3	   1	   5	  16	  27	  30	  80	  70	 483	1135501	1136128	   0	 420	
 441	 443	  30	   4	 693	   1	   2	   6	  16	  27	  30	  80	  70	 420	1137867	1138560	   0	 420	
 442	 444	  80	   3	 942	   2	   2	   6	  17	  27	  30	  80	  70	 588	1140450	1141392	   0	 420	
 443	 445	  30	   3	 631	   1	   2	   7	  17	  27	  30	  80	  70	 374	1143065	1143696	   0	 420	
 444	 446	  80	   2	 805	   2	   1	   7	  18	  27	  30	  80	  70	 525	1145531	1146336	   0	 410	
 445	 447	  30	   2	 438	   1	   1	   8	  18	  27	  30	  80	  70	 675	1148314	1148752	   0	 400	
 446	 448	  80	   1	 496	   2	   1	   8	  19	  27	  30	  80	  70	 413	1150463	1150959	   0	 410	
 447	 449	  30	   2	 352	   1	   1	   9	  19	  27	  30	  80	  70	 623	1152895	1153247	   0	 400	
 448	 450	  70	   2	 407	   3	   1	   9	  19	  28	  30	  80	  70	 580	1155128	1155535	   0	 390	
 449	 451	  30	   2	 625	   1	   1	  10	  19	  28	  30	  80	  70	 461	1157294	1157919	   0	 380	
 450	 452	  80	   1	 449	   2	   1	  10	  20	  28	  30	  80	  70	 487	1159710	1160159	   0	 390	
 451	 453	  70	   1	 600	   3	   1	  10	  20	  29	  30	  80	  70	 487	1161975	1162575	   0	 400	
 452	 454	  80	   1	 559	   2	   1	  10	  21	  29	  30	  80	  70	 323	1164208	1164767	   0	 410	
 453	 455	  30	   3	 610	   1	   2	  11	  21	  29	  30	  80	  70	 497	1166557	1167167	   0	 410	
 454	 456	  80	   1	 874	   2	   1	  11	  22	  29	  30	  80	  70	 300	1168773	1169647	   0	 420	
 455	 457	  70	   1	 650	   3	   1	  11	  22	  30	  30	  80	  70	 634	1171589	1172239	   0	 430	
 456	 458	  30	   2	 606	   1	   1	  12	  22	  30	  30	  80	  70	 372	1173921	1174527	   0	 420	
 457	 459	  70	   1	 637	   3	   1	  12	  22	  31	  30	  80	  70	 523	1176354	1176991	   0	 430	
 458	 460	  30	   4	 645	   1	   2	  13	  22	  31	  30	  80	  70	 667	1178970	1179615	   0	 430	
 459	 461	  80	   1	 468	   2	   1	  13	  23	  31	  30	  80	  70	 520	1181435	1181903	   0	 440	
 460	 462	  70	   3	 920	   3	   2	  13	  23	  32	  30	  80	  70	 525	1183735	1184655	   0	 440	
 461	 463	  30	   3	1549	   1	   2	  14	  23	  32	  30	  80	  70	 465	1186450	1187999	   0	 440	
 462	 464	  80	   1	 678	   2	   1	  14	  24	  32	  30	  80	  70	 547	1189849	1190527	   0	 450	
 463	 465	  30	   2	 942	   1	   1	  15	  24	  32	  30	  80	  70	 652	1192481	1193423	   0	 440	
 464	 466	  70	   3	1103	   3	   2	  15	  24	  33	  30	  80	  70	 549	1195280	1196383	   0	 440	
 465	 467	  80	   2	1314	   2	   1	  15	  25	  33	  30	  80	  70	 307	1197996	1199310	   0	 430	
 466	 468	  70	   2	 767	   3	   1	  15	  25	  34	  30	  80	  70	 677	1201295	1202062	   0	 420	
 467	 469	  30	   4	1855	   1	   2	  16	  25	  34	  30	  80	  70	 337	1203711	1205566	   0	 420	
 468	 470	  80	   3	 728	   2	   2	  16	  26	  34	  30	  80	  70	 659	1207526	1208254	   0	 420	
 469	 471	  30	   1	1181	   1	   1	  17	  26	  34	  30	  80	  70	 655	1210209	1211390	   0	 430	
 470	 472	  70	   3	1610	   3	   2	  17	  26	  35	  30	  80	  70	 411	1213108	1214718	   0	 430	
 471	 473	  30	   2	 864	   1	   1	  18	  26	  35	  30	  80	  70	 579	1216606	1217470	   0	 420	
 472	 474	  80	   1	 845	   2	   1	  18	  27	  35	  30	  80	  70	 312	1219089	1219934	   0	 430	
 473	 475	  30	   4	 665	   1	   2	  19	  27	  35	  30	  80	  70	 389	1221621	1222286	   0	 430	
 474	 476	  50	   4	 744	   3	   2	  19	  27	   1	  30	  80	  50	 462	1224070	1224814	   3	 430	
 475	 477	  80	   3	 948	   2	   2	  19	  28	   1	  30	  80	  50	 465	1226586	1227534	   0	 430	
 476	 478	  50	   3	 791	   3	   2	  19	  28	   2	  30	  80	  50	 490	1229335	1230126	   0	 430	
 477	 479	  80	   2	1344	   2	   1	  19	  29	   2	  30	  80	  50	 484	1231918	1233262	   0	 420	
 478	 480	  30	   4	 970	   1	   2	  20	  29	   2	  30	  80	  50	 347	1234900	1235870	   0	 420	
 479	 481	  50	   4	 893	   3	   2	  20	  29	   3	  30	  80	  50	 478	1237649	1238542	   0	 420	
 480	 482	  80	   1	1069	   2	   1	  20	  30	   3	  30	  80	  50	 636	1240481	1241550	   0	 430	
 481	 483	  50	   2	1191	   3	   1	  20	  30	   4	  30	  80	  50	 538	1243414	1244605	   0	 420	
 482	 484	  20	   3	 882	   2	   2	  20	   1	   4	  30	  20	  50	 446	1246363	1247245	   2	 420	
 483	 485	  30	   4	1053	   1	   2	  21	   1	   4	  30	  20	  50	 374	1248928	1249981	   0	 420	
 484	 486	  20	   2	 581	   2	   1	  21	   2	   4	  30	  20	  50	 653	1251944	1252525	   0	 410	
 485	 487	  50	   1	 976	   3	   1	  21	   2	   5	  30	  20	  50	 650	1254493	1255469	   0	 420	
 486	 488	  20	   2	 658	   2	   1	  21	   3	   5	  30	  20	  50	 481	1257259	1257917	   0	 410	
 487	 489	  30	   3	 795	   1	   2	  22	   3	   5	  30	  20	  50	 638	1259858	1260653	   0	 410	
 488	 490	  50	   3	1229	   3	   2	  22	   3	   6	  30	  20	  50	 694	1262640	1263869	   0	 410	
 489	 491	  30	   3	 697	   1	   2	  23	   3	   6	  30	  20	  50	 403	1265572	1266269	   0	 410	
 490	 492	  50	   3	 630	   3	   2	  23	   3	   7	  30	  20	  50	 467	1268055	1268685	   0	 410	
 491	 493	  20	   3	 571	   2	   2	  23	   4	   7	  30	  20	  50	 345	1270354	1270925	   0	 410	
 492	 494	  50	   1	 566	   3	   1	  23	   4	   8	  30	  20	  50	 664	1272903	1273469	   0	 420	
 493	 495	  30	   2	 865	   1	   1	  24	   4	   8	  30	  20	  50	 649	1275436	1276301	   0	 410	
 494	 496	  20	   2	 771	   2	   1	  24	   5	   8	  30	  20	  50	 609	1278218	1278989	   0	 400	
 495	 497	  50	   2	 683	   3	   1	  24	   5	   9	  30	  20	  50	 561	1280850	1281533	   0	 390	
 496	 498	  30	   2	 424	   1	   1	  25	   5	   9	  30	  20	  50	 491	1283333	1283757	   0	 380	
 497	 499	  50	   2	 347	   3	   1	  25	   5	  10	  30	  20	  50	 617	1285682	1286029	   0	 370	
 498	 500	  30	   2	 323	   1	   1	  26	   5	  10	  30	  20	  50	 533	1287881	1288204	   0	 360	
 499	 501	  50	   1	 241	   3	   1	  26	   5	  11	  30	  20	  50	 436	1289947	1290188	   0	 370	
 500	 502	  20	   2	 648	   2	   1	  26	   6	  11	  30	  20	  50	 687	1292180	1292828	   0	 360	
 501	 503	  30	   4	 584	   1	   2	  27	   6	  11	  30	  20	  50	 456	1294612	1295196	   0	 360	
 502	 504	  50	   2	 455	   3	   1	  27	   6	  12	  30	  20	  50	 555	1297061	1297516	   0	 350	
 503	 505	  30	   3	 481	   1	   2	  28	   6	  12	  30	  20	  50	 404	1299227	1299708	   0	 350	
 504	 506	  20	   2	 553	   2	   1	  28	   7	  12	  30	  20	  50	 417	1301443	1301996	   0	 340	
 505	 507	  50	   1	 486	   3	   1	  28	   7	  13	  30	  20	  50	 640	1303942	1304428	   0	 350	
 506	 508	  20	   2	 767	   2	   1	  28	   8	  13	  30	  20	  50	 389	1306125	1306892	   0	 340	
 507	 509	  50	   1	 435	   3	   1	  28	   8	  14	  30	  20	  50	 659	1308857	1309292	   0	 350	
 508	 510	  30	   4	 759	   1	   2	  29	   8	  14	  30	  20	  50	 568	1311173	1311932	   0	 350	
 509	 511	  50	   4	 598	   3	   2	  29	   8	  15	  30	  20	  50	 389	1313622	1314220	   0	 350	
 510	 512	  30	   4	 644	   1	   2	  30	   8	  15	  30	  20	  50	 555	1316088	1316732	   0	 350	
 511	 513	  20	   4	 449	   2	   2	  30	   9	  15	  30	  20	  50	 545	1318587	1319036	   0	 350	
 512	 514	  30	   4	 442	   1	   2	  31	   9	  15	  30	  20	  50	 444	1320786	1321228	   0	 350	
 513	 515	  50	   2	 968	   3	   1	  31	   9	  16	  30	  20	  50	 311	1322836	1323804	   0	 340	
 514	 516	  30	   4	 562	   1	   2	  32	   9	  16	  30	  20	  50	 312	1325418	1325980	   0	 340	
 515	 517	  20	   4	 192	   2	   2	  32	  10	  16	  30	  20	  50	 612	1327884	1328076	   0	 340	
 516	 518	  50	   3	 391	   3	   2	  32	  10	  17	  30	  20	  50	 337	1329717	1330108	   0	 340	
 517	 519	  20	   4	 522	   2	   2	  32	  11	  17	  30	  20	  50	 653	1332066	1332588	   0	 340	
 518	 520	  30	   4	 623	   1	   2	  33	  11	  17	  30	  20	  50	 449	1334348	1334971	   0	 340	
 519	 521	  20	   2	 650	   2	   1	  33	  12	  17	  30	  20	  50	 623	1336897	1337547	   0	 330	
 520	 522	  50	   2	 521	   3	   1	  33	  12	  18	  30	  20	  50	 470	1339330	1339851	   0	 320	
 521	 523	  80	   4	 974	   1	   2	   1	  12	  18	  80	  20	  50	 417	1341629	1342603	   1	 320	
 522	 524	  50	   1	 742	   3	   1	   1	  12	  19	  80	  20	  50	 334	1344245	1344987	   0	 330	
 523	 525	  80	   1	 753	   1	   1	   2	  12	  19	  80	  20	  50	 508	1346794	1347547	   0	 340	
 524	 526	  50	   2	 777	   3	   1	   2	  12	  20	  80	  20	  50	 564	1349426	1350203	   0	 330	
 525	 527	  80	   1	 643	   1	   1	   3	  12	  20	  80	  20	  50	 488	1351992	1352635	   0	 340	
 526	 528	  50	   2	 854	   3	   1	   3	  12	  21	  80	  20	  50	 381	1354325	1355179	   0	 330	
 527	 529	  80	   2	 656	   1	   1	   4	  12	  21	  80	  20	  50	 419	1356907	1357563	   0	 320	
 528	 530	  50	   2	 694	   3	   1	   4	  12	  22	  80	  20	  50	 308	1359173	1359867	   0	 310	
 529	 531	  80	   1	 466	   1	   1	   5	  12	  22	  80	  20	  50	 536	1361705	1362171	   0	 320	
 530	 532	  50	   3	 532	   3	   2	   5	  12	  23	  80	  20	  50	 564	1364055	1364587	   0	 320	
 531	 533	  80	   1	 499	   1	   1	   6	  12	  23	  80	  20	  50	 586	1366504	1367003	   0	 330	
 532	 534	  20	   4	 738	   2	   2	   6	  13	  23	  80	  20	  50	 645	1368953	1369691	   0	 330	
 533	 535	  50	   1	 740	   3	   1	   6	  13	  24	  80	  20	  50	 339	1371335	1372075	   0	 340	
 534	 536	  20	   3	 601	   2	   2	   6	  14	  24	  80	  20	  50	 658	1374034	1374635	   0	 340	
 535	 537	  80	   1	 492	   1	   1	   7	  14	  24	  80	  20	  50	 421	1376367	1376859	   0	 350	
 536	 538	  50	   3	 497	   3	   2	   7	  14	  25	  80	  20	  50	 507	1378666	1379163	   0	 350	
 537	 539	  20	   4	 731	   2	   2	   7	  15	  25	  80	  20	  50	 321	1380799	1381530	   0	 350	
 538	 540	  50	   3	 846	   3	   2	   7	  15	  26	  80	  20	  50	 304	1383148	1383994	   0	 350	
 539	 541	  20	   3	 986	   2	   2	   7	  16	  26	  80	  20	  50	 355	1385664	1386650	   0	 350	
 540	 542	  50	   2	 785	   3	   1	   7	  16	  27	  80	  20	  50	 369	1388329	1389114	   0	 340	
 541	 543	  20	   4	 733	   2	   2	   7	  17	  27	  80	  20	  50	 411	1390845	1391578	   0	 340	
 542	 544	  80	   1	 622	   1	   1	   8	  17	  27	  80	  20	  50	 347	1393228	1393850	   0	 350	
 543	 545	  20	   4	 590	   2	   2	   8	  18	  27	  80	  20	  50	 491	1395644	1396234	   0	 350	
 544	 546	  50	   2	 953	   3	   1	   8	  18	  28	  80	  20	  50	 652	1398193	1399146	   0	 340	
 545	 547	  20	   4	 781	   2	   2	   8	  19	  28	  80	  20	  50	 468	1400925	1401706	   0	 340	
 546	 548	  80	   1	 729	   1	   1	   9	  19	  28	  80	  20	  50	 421	1403441	1404170	   0	 350	
 547	 549	  50	   3	1501	   3	   2	   9	  19	  29	  80	  20	  50	 313	1405773	1407274	   0	 350	
 548	 550	  20	   4	 912	   2	   2	   9	  20	  29	  80	  20	  50	 342	1408922	1409834	   0	 350	
 549	 551	  80	   3	 839	   1	   2	  10	  20	  29	  80	  20	  50	 442	1411571	1412410	   0	 350	
 550	 552	  20	   4	 671	   2	   2	  10	  21	  29	  80	  20	  50	 472	1414187	1414858	   0	 350	
 551	 553	  80	   3	 786	   1	   2	  11	  21	  29	  80	  20	  50	 333	1416520	1417306	   0	 350	
 552	 554	  50	   4	 818	   3	   2	  11	  21	  30	  80	  20	  50	 332	1418952	1419770	   0	 350	
 553	 555	  20	   3	 543	   2	   2	  11	  22	  30	  80	  20	  50	 380	1421451	1421994	   0	 350	
 554	 556	  50	   3	 676	   3	   2	  11	  22	  31	  80	  20	  50	 457	1423750	1424426	   0	 350	
 555	 557	  80	   1	 633	   1	   1	  12	  22	  31	  80	  20	  50	 308	1426033	1426666	   0	 360	
 556	 558	  50	   4	 375	   3	   2	  12	  22	  32	  80	  20	  50	 498	1428482	1428857	   0	 360	
 557	 559	  80	   1	 645	   1	   1	  13	  22	  32	  80	  20	  50	 384	1430548	1431193	   0	 370	
 558	 560	  50	   4	 533	   3	   2	  13	  22	  33	  80	  20	  50	 470	1432964	1433497	   0	 370	
 559	 561	  80	   2	 999	   1	   1	  14	  22	  33	  80	  20	  50	 543	1435346	1436345	   0	 360	
 560	 562	  20	   4	 584	   2	   2	  14	  23	  33	  80	  20	  50	 497	1438145	1438729	   0	 360	
 561	 563	  30	   4	 360	   3	   2	  14	  23	   1	  80	  20	  30	 479	1440561	1440921	   3	 360	
 562	 564	  20	   4	 554	   2	   2	  14	  24	   1	  80	  20	  30	 313	1442527	1443081	   0	 360	
 563	 565	  80	   1	 653	   1	   1	  15	  24	   1	  80	  20	  30	 481	1444876	1445529	   0	 370	
 564	 566	  20	   4	 662	   2	   2	  15	  25	   1	  80	  20	  30	 639	1447475	1448137	   0	 370	
 565	 567	  80	   2	 711	   1	   1	  16	  25	   1	  80	  20	  30	 421	1449858	1450569	   0	 360	
 566	 568	  30	   2	 902	   3	   1	  16	  25	   2	  80	  20	  30	 444	1452307	1453209	   0	 350	
 567	 569	  20	   4	 708	   2	   2	  16	  26	   2	  80	  20	  30	 650	1455173	1455881	   0	 350	
 568	 570	  80	   1	 623	   1	   1	  17	  26	   2	  80	  20	  30	 537	1457722	1458345	   0	 360	
 569	 571	  20	   4	1013	   2	   2	  17	  27	   2	  80	  20	  30	 349	1460004	1461017	   0	 360	
 570	 572	  80	   1	1476	   1	   1	  18	  27	   2	  80	  20	  30	 520	1462837	1464313	   0	 370	
 571	 573	  30	   4	1163	   3	   2	  18	  27	   3	  80	  20	  30	 668	1466302	1467465	   0	 370	
 572	 574	  20	   3	 607	   2	   2	  18	  28	   3	  80	  20	  30	 643	1469418	1470025	   0	 370	
 573	 575	  30	   4	1153	   3	   2	  18	  28	   4	  80	  20	  30	 441	1471767	1472920	   0	 370	
 574	 576	  20	   4	 999	   2	   2	  18	  29	   4	  80	  20	  30	 615	1474849	1475848	   0	 370	
 575	 577	  80	   1	1353	   1	   1	  19	  29	   4	  80	  20	  30	 472	1477631	1478984	   0	 380	
 576	 578	  20	   4	1041	   2	   2	  19	  30	   4	  80	  20	  30	 349	1480647	1481688	   0	 380	
 577	 579	  30	   1	1227	   3	   1	  19	  30	   5	  80	  20	  30	 625	1483613	1484840	   0	 390	
 578	 580	  20	   4	 614	   2	   2	  19	  31	   5	  80	  20	  30	 438	1486578	1487192	   0	 390	
 579	 581	  80	   1	1007	   1	   1	  20	  31	   5	  80	  20	  30	 659	1489161	1490168	   0	 400	
 580	 582	  20	   4	1313	   2	   2	  20	  32	   5	  80	  20	  30	 467	1491943	1493256	   0	 400	
 581	 583	  30	   2	1381	   3	   1	  20	  32	   6	  80	  20	  30	 482	1495075	1496456	   0	 390	
 582	 584	  20	   4	1238	   2	   2	  20	  33	   6	  80	  20	  30	 511	1498274	1499512	   0	 390	
 583	 585	  30	   3	1029	   3	   2	  20	  33	   7	  80	  20	  30	 312	1501123	1502152	   0	 390	
 584	 586	  80	   1	1955	   1	   1	  21	  33	   7	  80	  20	  30	 544	1503989	1505944	   0	 400	
 585	 587	  30	   4	 976	   3	   2	  21	  33	   8	  80	  20	  30	 462	1507704	1508680	   0	 400	
 586	 588	  80	   2	1276	   1	   1	  22	  33	   8	  80	  20	  30	 631	1510620	1511896	   0	 390	
 587	 589	  20	   4	 846	   2	   2	  22	  34	   8	  80	  20	  30	 611	1513802	1514648	   0	 390	
 588	 590	  30	   4	1065	   3	   2	  22	  34	   9	  80	  20	  30	 376	1516318	1517383	   0	 390	
 589	 591	  80	   3	1521	   1	   2	  23	  34	   9	  80	  20	  30	 653	1519350	1520871	   0	 390	
 590	 592	  20	   4	 647	   2	   2	  23	  35	   9	  80	  20	  30	 657	1522832	1523479	   0	 390	
 591	 593	  80	   1	 700	   1	   1	  24	  35	   9	  80	  20	  30	 306	1525131	1525831	   0	 400	
 592	 594	  70	   3	 716	   2	   2	  24	   1	   9	  80	  70	  30	 378	1527547	1528263	   2	 400	
 593	 595	  80	   1	 826	   1	   1	  25	   1	   9	  80	  70	  30	 442	1530013	1530839	   0	 410	
 594	 596	  30	   3	 868	   3	   2	  25	   1	  10	  80	  70	  30	 458	1532595	1533463	   0	 410	
 595	 597	  80	   3	1152	   1	   2	  26	   1	  10	  80	  70	  30	 331	1535111	1536263	   0	 410	
 596	 598	  70	   3	1004	   2	   2	  26	   2	  10	  80	  70	  30	 455	1538027	1539031	   0	 410	
 597	 599	  80	   1	 806	   1	   1	  27	   2	  10	  80	  70	  30	 650	1540993	1541799	   0	 420	
 598	 600	  30	   4	 689	   3	   2	  27	   2	  11	  80	  70	  30	 447	1543542	1544231	   0	 420	
 599	 601	  80	   2	 836	   1	   1	  28	   2	  11	  80	  70	  30	 369	1545907	1546743	   0	 410	
 600	 602	  70	   1	 924	   2	   1	  28	   3	  11	  80	  70	  30	 472	1548523	1549447	   0	 420	
 601	 603	  30	   4	 601	   3	   2	  28	   3	  12	  80	  70	  30	 627	1551406	1552007	   0	 420	
 602	 604	  70	   3	 742	   2	   2	  28	   4	  12	  80	  70	  30	 598	1553921	1554663	   0	 420	
 603	 605	  30	   4	 608	   3	   2	  28	   4	  13	  80	  70	  30	 514	1556487	1557095	   0	 420	
 604	 606	  70	   4	 693	   2	   2	  28	   5	  13	  80	  70	  30	 393	1558786	1559479	   0	 420	
 605	 607	  30	   4	 513	   3	   2	  28	   5	  14	  80	  70	  30	 520	1561302	1561815	   0	 420	
 606	 608	  70	   3	 739	   2	   2	  28	   6	  14	  80	  70	  30	 525	1563635	1564374	   0	 420	
 607	 609	  30	   3	 742	   3	   2	  28	   6	  15	  80	  70	  30	 323	1566000	1566742	   0	 420	
 608	 610	  80	   3	 690	   1	   2	  29	   6	  15	  80	  70	  30	 468	1568516	1569206	   0	 420	
 609	 611	  70	   4	 848	   2	   2	  29	   7	  15	  80	  70	  30	 475	1570982	1571830	   0	 420	
 610	 612	  30	   4	 670	   3	   2	  29	   7	  16	  80	  70	  30	 304	1573448	1574118	   0	 420	
 611	 613	  70	   1	 826	   2	   1	  29	   8	  16	  80	  70	  30	 534	1575980	1576806	   0	 430	
 612	 614	  80	   1	 624	   1	   1	  30	   8	  16	  80	  70	  30	 540	1578646	1579270	   0	 440	
 613	 615	  70	   1	 666	   2	   1	  30	   9	  16	  80	  70	  30	 651	1581228	1581894	   0	 450	
 614	 616	  30	   4	 518	   3	   2	  30	   9	  17	  80	  70	  30	 521	1583728	1584246	   0	 450	
 615	 617	  50	   4	 840	   1	   2	   1	   9	  17	  50	  70	  30	 542	1586110	1586950	   1	 450	
 616	 618	  30	   4	 652	   3	   2	   1	   9	  18	  50	  70	  30	 574	1588826	1589478	   0	 450	
 617	 619	  70	   4	 585	   2	   2	   1	  10	  18	  50	  70	  30	 531	1591325	1591910	   0	 450	
 618	 620	  30	   3	 748	   3	   2	   1	  10	  19	  50	  70	  30	 452	1593674	1594422	   0	 450	
 619	 621	  70	   1	 602	   2	   1	   1	  11	  19	  50	  70	  30	 417	1596156	1596758	   0	 460	
 620	 622	  50	   4	 845	   1	   2	   2	  11	  19	  50	  70	  30	 428	1598489	1599334	   0	 460	
 621	 623	  70	   3	 627	   2	   2	   2	  12	  19	  50	  70	  30	 504	1601155	1601782	   0	 460	
 622	 624	  50	   4	1500	   1	   2	   3	  12	  19	  50	  70	  30	 683	1603770	1605270	   0	 460	
 623	 625	  30	   3	 608	   3	   2	   3	  12	  20	  50	  70	  30	 699	1607286	1607894	   0	 460	
 624	 626	  70	   3	 811	   2	   2	   3	  13	  20	  50	  70	  30	 621	1609818	1610629	   0	 460	
 625	 627	  50	   3	 512	   1	   2	   4	  13	  20	  50	  70	  30	 566	1612501	1613013	   0	 460	
 626	 628	  30	   3	 532	   3	   2	   4	  13	  21	  50	  70	  30	 485	1614817	1615349	   0	 460	
 627	 629	  50	   3	1068	   1	   2	   5	  13	  21	  50	  70	  30	 392	1617049	1618117	   0	 460	
 628	 630	  70	   1	 749	   2	   1	   5	  14	  21	  50	  70	  30	 417	1619848	1620597	   0	 470	
 629	 631	  30	   4	 488	   3	   2	   5	  14	  22	  50	  70	  30	 495	1622397	1622885	   0	 470	
 630	 632	  50	   4	 649	   1	   2	   6	  14	  22	  50	  70	  30	 585	1624780	1625429	   0	 470	
 631	 633	  70	   2	 731	   2	   1	   6	  15	  22	  50	  70	  30	 404	1627162	1627893	   0	 460	
 632	 634	  30	   4	 484	   3	   2	   6	  15	  23	  50	  70	  30	 548	1629761	1630245	   0	 460	
 633	 635	  50	   1	 707	   1	   1	   7	  15	  23	  50	  70	  30	 644	1632194	1632901	   0	 470	
 634	 636	  30	   4	 589	   3	   2	   7	  15	  24	  50	  70	  30	 566	1634776	1635365	   0	 470	
 635	 637	  50	   3	 416	   1	   2	   8	  15	  24	  50	  70	  30	 461	1637125	1637541	   0	 470	
 636	 638	  30	   4	 528	   3	   2	   8	  15	  25	  50	  70	  30	 697	1639541	1640069	   0	 470	
 637	 639	  70	   1	1057	   2	   1	   8	  16	  25	  50	  70	  30	 563	1641924	1642981	   0	 480	
 638	 640	  50	   3	 683	   1	   2	   9	  16	  25	  50	  70	  30	 615	1644906	1645589	   0	 480	
 639	 641	  70	   3	 624	   2	   2	   9	  17	  25	  50	  70	  30	 699	1647605	1648229	   0	 480	
 640	 642	  30	   4	 615	   3	   2	   9	  17	  26	  50	  70	  30	 311	1649838	1650453	   0	 480	
 641	 643	  50	   4	 660	   1	   2	  10	  17	  26	  50	  70	  30	 564	1652353	1653013	   0	 480	
 642	 644	  70	   3	 623	   2	   2	  10	  18	  26	  50	  70	  30	 542	1654853	1655476	   0	 480	
 643	 645	  30	   3	 926	   3	   2	  10	  18	  27	  50	  70	  30	 529	1657302	1658228	   0	 480	
 644	 646	  70	   4	 573	   2	   2	  10	  19	  27	  50	  70	  30	 621	1660151	1660724	   0	 480	
 645	 647	  50	   3	 619	   1	   2	  11	  19	  27	  50	  70	  30	 598	1662633	1663252	   0	 480	
 646	 648	  30	   4	 496	   3	   2	  11	  19	  28	  50	  70	  30	 375	1664932	1665428	   0	 480	
 647	 649	  50	   4	 752	   1	   2	  12	  19	  28	  50	  70	  30	 617	1667348	1668100	   0	 480	
 648	 650	  30	   4	 691	   3	   2	  12	  19	  29	  50	  70	  30	 674	1670081	1670772	   0	 480	
 649	 651	  70	   2	 856	   2	   1	  12	  20	  29	  50	  70	  30	 303	1672380	1673236	   0	 470	
 650	 652	  30	   3	 495	   3	   2	  12	  20	  30	  50	  70	  30	 489	1675029	1675524	   0	 470	
 651	 653	  50	   4	 407	   1	   2	  13	  20	  30	  50	  70	  30	 414	1677261	1677668	   0	 470	
 652	 654	  70	   4	 259	   2	   2	  13	  21	  30	  50	  70	  30	 406	1679377	1679636	   0	 470	
 653	 655	  50	   3	 468	   1	   2	  14	  21	  30	  50	  70	  30	 427	1681360	1681828	   0	 470	
 654	 656	  70	   3	 660	   2	   2	  14	  22	  30	  50	  70	  30	 660	1683792	1684452	   0	 470	
 655	 657	  30	   4	 433	   3	   2	  14	  22	   1	  50	  70	  30	 530	1686275	1686708	   0	 470	
 656	 658	  50	   3	 273	   1	   2	  15	  22	   1	  50	  70	  30	 672	1688691	1688964	   0	 470	
 657	 659	  30	   4	 734	   3	   2	  15	  22	   2	  50	  70	  30	 518	1690790	1691524	   0	 470	
 658	 660	  70	   1	 976	   2	   1	  15	  23	   2	  50	  70	  30	 346	1693172	1694148	   0	 480	
 659	 661	  30	   4	 737	   3	   2	  15	  23	   3	  50	  70	  30	 527	1695971	1696708	   0	 480	
 660	 662	  70	   3	 616	   2	   2	  15	  24	   3	  50	  70	  30	 592	1698604	1699220	   0	 480	
 661	 663	  30	   4	 565	   3	   2	  15	  24	   4	  50	  70	  30	 534	1701086	1701651	   0	 480	
 662	 664	  70	   3	 336	   2	   2	  15	  25	   4	  50	  70	  30	 655	1703619	1703955	   0	 480	
 663	 665	  50	   4	 722	   1	   2	  16	  25	   4	  50	  70	  30	 344	1705601	1706323	   0	 480	
 664	 666	  30	   3	 633	   3	   2	  16	  25	   5	  50	  70	  30	 617	1708250	1708883	   0	 480	
 665	 667	  70	   1	 632	   2	   1	  16	  26	   5	  50	  70	  30	 495	1710683	1711315	   0	 490	
 666	 668	  30	   4	 668	   3	   2	  16	  26	   6	  50	  70	  30	 381	1713015	1713683	   0	 490	
 667	 669	  50	   3	 602	   1	   2	  17	  26	   6	  50	  70	  30	 475	1715465	1716067	   0	 490	
 668	 670	  70	   4	 570	   2	   2	  17	  27	   6	  50	  70	  30	 530	1717897	1718467	   0	 490	
 669	 671	  50	   4	 861	   1	   2	  18	  27	   6	  50	  70	  30	 448	1720230	1721091	   0	 490	
 670	 672	  30	   3	 814	   3	   2	  18	  27	   7	  50	  70	  30	 643	1723029	1723843	   0	 490	
 671	 673	  70	   1	 889	   2	   1	  18	  28	   7	  50	  70	  30	 421	1725594	1726483	   0	 500	
 672	 674	  30	   4	1020	   3	   2	  18	  28	   8	  50	  70	  30	 546	1728327	1729347	   0	 500	
 673	 675	  50	   3	 571	   1	   2	  19	  28	   8	  50	  70	  30	 523	1731176	1731747	   0	 500	
 674	 676	  70	   3	 591	   2	   2	  19	  29	   8	  50	  70	  30	 456	1733508	1734099	   0	 500	
 675	 677	  30	   2	 516	   3	   1	  19	  29	   9	  50	  70	  30	 406	1735807	1736323	   0	 490	
 676	 678	  50	   4	 515	   1	   2	  20	  29	   9	  50	  70	  30	 611	1738240	1738755	   0	 490	
 677	 679	  70	   2	 648	   2	   1	  20	  30	   9	  50	  70	  30	 462	1740523	1741171	   0	 480	
 678	 680	  50	   3	 725	   1	   2	  21	  30	   9	  50	  70	  30	 561	1743038	1743763	   0	 480	
 679	 681	  30	   3	 552	   3	   2	  21	  30	  10	  50	  70	  30	 681	1745754	1746306	   0	 480	
 680	 682	  50	   1	 661	   1	   1	  22	  30	  10	  50	  70	  30	 636	1748253	1748914	   0	 490	
 681	 683	  30	   4	 700	   3	   2	  22	  30	  11	  50	  70	  30	 663	1750886	1751586	   0	 490	
 682	 684	  50	   3	 814	   1	   2	  23	  30	  11	  50	  70	  30	 370	1753268	1754082	   0	 490	
 683	 685	  70	   1	 667	   2	   1	  23	  31	  11	  50	  70	  30	 368	1755767	1756434	   0	 500	
 684	 686	  50	   4	 602	   1	   2	  24	  31	  11	  50	  70	  30	 451	1758200	1758802	   0	 500	
 685	 687	  70	   1	 874	   2	   1	  24	  32	  11	  50	  70	  30	 525	1760632	1761506	   0	 510	
 686	 688	  50	   4	 568	   1	   2	  25	  32	  11	  50	  70	  30	 695	1763498	1764066	   0	 510	
 687	 689	  30	   4	 520	   3	   2	  25	  32	  12	  50	  70	  30	 557	1765930	1766450	   0	 510	
 688	 690	  50	   4	 590	   1	   2	  26	  32	  12	  50	  70	  30	 435	1768196	1768786	   0	 510	
 689	 691	  30	   4	 657	   3	   2	  26	  32	  13	  50	  70	  30	 437	1770529	1771186	   0	 510	
 690	 692	  70	   3	 864	   2	   2	  26	  33	  13	  50	  70	  30	 493	1772978	1773842	   0	 510	
 691	 693	  30	   4	 314	   3	   2	  26	  33	  14	  50	  70	  30	 371	1775544	1775858	   0	 510	
 692	 694	  50	   4	 365	   1	   2	  27	  33	  14	  50	  70	  30	 320	1777493	1777858	   0	 510	
 693	 695	  70	   4	 306	   2	   2	  27	  34	  14	  50	  70	  30	 622	1779792	1780098	   0	 510	
 694	 696	  30	   3	 465	   3	   2	  27	  34	  15	  50	  70	  30	 437	1781841	1782306	   0	 510	
 695	 697	  50	   3	 873	   1	   2	  28	  34	  15	  50	  70	  30	 425	1784041	1784914	   0	 510	
 696	 698	  30	   4	1606	   3	   2	  28	  34	  16	  50	  70	  30	 341	1786556	1788162	   0	 510	
 697	 699	  50	   4	 811	   1	   2	  29	  34	  16	  50	  70	  30	 588	1790055	1790866	   0	 510	
 698	 700	  30	   4	 388	   3	   2	  29	  34	  17	  50	  70	  30	 468	1792638	1793026	   0	 510	
 699	 701	  70	   3	 352	   2	   2	  29	  35	  17	  50	  70	  30	 425	1794753	1795105	   0	 510	
 700	 702	  30	   4	 312	   3	   2	  29	  35	  18	  50	  70	  30	 554	1796969	1797281	   0	 510	
 701	 703	  50	   3	 686	   1	   2	  30	  35	  18	  50	  70	  30	 627	1799235	1799921	   0	 510	
 702	 704	  30	   1	 835	   3	   1	  30	  35	  19	  50	  70	  30	 304	1801534	1802369	   0	 520	
 703	 705	  50	   4	 606	   1	   2	  31	  35	  19	  50	  70	  30	 391	1804067	1804673	   0	 520	
 704	 706	  70	   1	 554	   2	   1	  31	   1	  19	  50	  70	  30	 608	1806583	1807137	   0	 530	
 705	 707	  50	   4	 587	   1	   2	  32	   1	  19	  50	  70	  30	 557	1808998	1809585	   0	 530	
 706	 708	  30	   3	 509	   3	   2	  32	   1	  20	  50	  70	  30	 456	1811348	1811857	   0	 530	
 707	 709	  50	   3	 308	   1	   2	  33	   1	  20	  50	  70	  30	 436	1813597	1813905	   0	 530	
 708	 710	  30	   3	 463	   3	   2	  33	   1	  21	  50	  70	  30	 534	1815746	1816209	   0	 530	
 709	 711	  70	   1	 637	   2	   1	  33	   2	  21	  50	  70	  30	 690	1818212	1818849	   0	 540	
 710	 712	  50	   4	 883	   1	   2	   1	   2	  21	  50	  70	  30	 332	1820494	1821377	   0	 540	
