Version: 1	Number of symbols: 3	Pictures exchange: true	Response Deadline: 2000
Trial_No	Virt_Trial_No	Prob_Shown	Feedback	RT	Stimulus_No	Resp	SymbolA_Stage	SymbolB_Stage	SymbolC_Stage	Prob_A	Prob_B	Prob_C	Jitter	StimOnset	RespOnset	Symbol_Changes	Bonus_sum
   1	   1	  30	   2	1952	   1	   1	   1	   0	   0	  30	  70	  50	 415	1586	3538	   0	 -10	
   2	   2	  50	   2	1029	   3	   1	   1	   0	   1	  30	  70	  50	 394	5213	6242	   0	 -20	
   3	   3	  30	   4	 696	   1	   2	   2	   0	   1	  30	  70	  50	 581	8106	8802	   0	 -20	
   4	   4	  50	   3	 571	   3	   2	   2	   0	   2	  30	  70	  50	 432	10519	11090	   0	 -20	
   5	   5	  70	   1	 886	   2	   1	   2	   1	   2	  30	  70	  50	 439	12812	13698	   0	 -10	
   6	   6	  30	   4	 766	   1	   2	   3	   1	   2	  30	  70	  50	 426	15412	16178	   0	 -10	
   7	   7	  50	   2	 918	   3	   1	   3	   1	   3	  30	  70	  50	 477	17932	18850	   0	 -20	
   8	   8	  70	   1	 414	   2	   1	   3	   2	   3	  30	  70	  50	 560	20692	21106	   0	 -10	
   9	   9	  50	   2	1030	   3	   1	   3	   2	   4	  30	  70	  50	 573	22972	24002	   0	 -20	
  10	  10	  30	   3	 731	   1	   2	   4	   2	   4	  30	  70	  50	 428	25719	26450	   0	 -20	
  11	  11	  50	   1	1137	   3	   1	   4	   2	   5	  30	  70	  50	 652	28385	29522	   0	 -10	
  12	  12	  70	   1	 651	   2	   1	   4	   3	   5	  30	  70	  50	 438	31239	31890	   0	   0	
  13	  13	  50	   4	 981	   3	   2	   4	   3	   6	  30	  70	  50	 364	33532	34513	   0	   0	
  14	  14	  70	   2	 661	   2	   1	   4	   4	   6	  30	  70	  50	 380	36172	36833	   0	 -10	
  15	  15	  50	   3	 576	   3	   2	   4	   4	   7	  30	  70	  50	 586	38705	39281	   0	 -10	
  16	  16	  30	   3	 736	   1	   2	   5	   4	   7	  30	  70	  50	 617	41185	41921	   0	 -10	
  17	  17	  70	   2	 643	   2	   1	   5	   5	   7	  30	  70	  50	 398	43598	44241	   0	 -20	
  18	  18	  50	   3	 576	   3	   2	   5	   5	   8	  30	  70	  50	 461	45985	46561	   0	 -20	
  19	  19	  70	   1	 645	   2	   1	   5	   6	   8	  30	  70	  50	 479	48332	48977	   0	 -10	
  20	  20	  30	   2	 656	   1	   1	   6	   6	   8	  30	  70	  50	 611	50865	51521	   0	 -20	
  21	  21	  50	   4	 854	   3	   2	   6	   6	   9	  30	  70	  50	 311	53131	53985	   0	 -20	
  22	  22	  30	   4	 456	   1	   2	   7	   6	   9	  30	  70	  50	 518	55785	56241	   0	 -20	
  23	  23	  50	   3	 534	   3	   2	   7	   6	  10	  30	  70	  50	 485	58011	58545	   0	 -20	
  24	  24	  30	   4	 534	   1	   2	   8	   6	  10	  30	  70	  50	 498	60331	60865	   0	 -20	
  25	  25	  70	   1	 457	   2	   1	   8	   7	  10	  30	  70	  50	 675	62824	63281	   0	 -10	
  26	  26	  50	   3	 787	   3	   2	   8	   7	  11	  30	  70	  50	 627	65198	65985	   0	 -10	
  27	  27	  30	   4	 795	   1	   2	   9	   7	  11	  30	  70	  50	 439	67718	68513	   0	 -10	
  28	  28	  50	   2	 837	   3	   1	   9	   7	  12	  30	  70	  50	 375	70171	71008	   0	 -20	
  29	  29	  70	   1	 578	   2	   1	   9	   8	  12	  30	  70	  50	 350	72638	73216	   0	 -10	
  30	  30	  50	   3	 880	   3	   2	   9	   8	  13	  30	  70	  50	 608	75104	75984	   0	 -10	
  31	  31	  70	   1	 592	   2	   1	   9	   9	  13	  30	  70	  50	 380	77664	78256	   0	   0	
  32	  32	  50	   1	 525	   3	   1	   9	   9	  14	  30	  70	  50	 668	80211	80736	   0	  10	
  33	  33	  30	   3	 595	   1	   2	  10	   9	  14	  30	  70	  50	 539	82557	83152	   0	  10	
  34	  34	  70	   2	 539	   2	   1	  10	  10	  14	  30	  70	  50	 651	85077	85616	   0	   0	
  35	  35	  30	   2	 640	   1	   1	  11	  10	  14	  30	  70	  50	 691	87584	88224	   0	 -10	
  36	  36	  70	   3	 342	   2	   2	  11	  11	  14	  30	  70	  50	 494	90010	90352	   0	 -10	
  37	  37	  50	   2	 648	   3	   1	  11	  11	  15	  30	  70	  50	 628	92264	92912	   0	 -20	
  38	  38	  30	   3	 502	   1	   2	  12	  11	  15	  30	  70	  50	 537	94730	95232	   0	 -20	
  39	  39	  70	   2	 465	   2	   1	  12	  12	  15	  30	  70	  50	 587	97103	97568	   0	 -30	
  40	  40	  30	   2	 745	   1	   1	  13	  12	  15	  30	  70	  50	 700	99543	100288	   0	 -40	
  41	  41	  50	   1	 379	   3	   1	  13	  12	  16	  30	  70	  50	 619	102197	102576	   0	 -30	
  42	  42	  70	   1	 457	   2	   1	  13	  13	  16	  30	  70	  50	 645	104503	104960	   0	 -20	
  43	  43	  30	   2	 765	   1	   1	  14	  13	  16	  30	  70	  50	 532	106770	107535	   0	 -30	
  44	  44	  70	   1	 520	   2	   1	  14	  14	  16	  30	  70	  50	 565	109383	109903	   0	 -20	
  45	  45	  50	   2	 760	   3	   1	  14	  14	  17	  30	  70	  50	 589	111783	112543	   0	 -30	
  46	  46	  30	   4	 448	   1	   2	  15	  14	  17	  30	  70	  50	 556	114383	114831	   0	 -30	
  47	  47	  70	   1	 595	   2	   1	  15	  15	  17	  30	  70	  50	 608	116716	117311	   0	 -20	
  48	  48	  30	   3	 661	   1	   2	  16	  15	  17	  30	  70	  50	 533	119130	119791	   0	 -20	
  49	  49	  70	   2	 560	   2	   1	  16	  16	  17	  30	  70	  50	 677	121743	122303	   0	 -30	
  50	  50	  30	   4	 595	   1	   2	  17	  16	  17	  30	  70	  50	 565	124156	124751	   0	 -30	
  51	  51	  70	   1	 507	   2	   1	  17	  17	  17	  30	  70	  50	 557	126596	127103	   0	 -20	
  52	  52	  30	   2	 547	   1	   1	  18	  17	  17	  30	  70	  50	 485	128876	129423	   0	 -30	
  53	  53	  70	   3	 416	   2	   2	  18	  18	  17	  30	  70	  50	 553	131263	131679	   0	 -30	
  54	  54	  30	   1	 401	   1	   1	  19	  18	  17	  30	  70	  50	 304	133262	133663	   0	 -20	
  55	  55	  70	   2	 438	   2	   1	  19	  19	  17	  30	  70	  50	 336	135289	135727	   0	 -30	
  56	  56	  50	   2	 486	   3	   1	  19	  19	  18	  30	  70	  50	 530	137529	138015	   0	 -40	
  57	  57	  30	   4	 435	   1	   2	  20	  19	  18	  30	  70	  50	 617	139916	140351	   0	 -40	
  58	  58	  70	   3	 728	   2	   2	  20	  20	  18	  30	  70	  50	 468	142102	142830	   0	 -40	
  59	  59	  50	   3	 381	   3	   2	  20	  20	  19	  30	  70	  50	 580	144689	145070	   0	 -40	
  60	  60	  30	   4	 320	   1	   2	  21	  20	  19	  30	  70	  50	 590	146942	147262	   0	 -40	
  61	  61	  50	   4	 397	   3	   2	  21	  20	  20	  30	  70	  50	 690	149249	149646	   0	 -40	
  62	  62	  70	   3	 307	   2	   2	  21	  21	  20	  30	  70	  50	 358	151275	151582	   0	 -40	
  63	  63	  50	   4	 552	   3	   2	  21	  21	  21	  30	  70	  50	 438	153302	153854	   0	 -40	
  64	  64	  70	   2	 685	   2	   1	  21	  22	  21	  30	  70	  50	 432	155569	156254	   0	 -50	
  65	  65	  50	   1	 312	   3	   1	  21	  22	  22	  30	  70	  50	 568	158102	158414	   0	 -40	
  66	  66	  30	   3	 518	   1	   2	  22	  22	  22	  30	  70	  50	 470	160168	160686	   0	 -40	
  67	  67	  70	   1	 510	   2	   1	  22	  23	  22	  30	  70	  50	 400	162368	162878	   0	 -30	
  68	  68	  30	   4	 438	   1	   2	  23	  23	  22	  30	  70	  50	 641	164808	165246	   0	 -30	
  69	  69	  50	   2	 566	   3	   1	  23	  23	  23	  30	  70	  50	 452	166968	167534	   0	 -40	
  70	  70	  70	   1	 555	   2	   1	  23	  24	  23	  30	  70	  50	 422	169235	169790	   0	 -30	
  71	  71	  50	   4	 459	   3	   2	  23	  24	  24	  30	  70	  50	 396	171475	171934	   0	 -30	
  72	  72	  70	   1	 422	   2	   1	  23	  25	  24	  30	  70	  50	 466	173688	174110	   0	 -20	
  73	  73	  50	   3	 382	   3	   2	  23	  25	  25	  30	  70	  50	 578	175968	176350	   0	 -20	
  74	  74	  70	   2	 405	   2	   1	  23	  26	  25	  30	  70	  50	 460	178088	178493	   0	 -30	
  75	  75	  50	   2	 408	   3	   1	  23	  26	  26	  30	  70	  50	 409	180181	180589	   0	 -40	
  76	  76	  70	   3	 379	   2	   2	  23	  27	  26	  30	  70	  50	 400	182274	182653	   0	 -40	
  77	  77	  50	   1	 373	   3	   1	  23	  27	  27	  30	  70	  50	 555	184488	184861	   0	 -30	
  78	  78	  70	   1	 403	   2	   1	  23	  28	  27	  30	  70	  50	 402	186554	186957	   0	 -20	
  79	  79	  50	   1	 507	   3	   1	  23	  28	  28	  30	  70	  50	 592	188834	189341	   0	 -10	
  80	  80	  30	   4	 531	   1	   2	  24	  28	  28	  30	  70	  50	 323	190954	191485	   0	 -10	
  81	  81	  70	   2	 443	   2	   1	  24	  29	  28	  30	  70	  50	 697	193474	193917	   0	 -20	
  82	  82	  30	   2	 558	   1	   1	  25	  29	  28	  30	  70	  50	 451	195647	196205	   0	 -30	
  83	  83	  50	   4	 454	   3	   2	  25	  29	  29	  30	  70	  50	 684	198167	198621	   0	 -30	
  84	  84	  30	   3	 622	   1	   2	  26	  29	  29	  30	  70	  50	 613	200527	201149	   0	 -30	
  85	  85	  70	   1	 454	   2	   1	  26	  30	  29	  30	  70	  50	 453	202887	203341	   0	 -20	
  86	  86	  50	   1	 366	   3	   1	  26	  30	  30	  30	  70	  50	 693	205327	205693	   0	 -10	
  87	  87	  70	   1	 582	   2	   1	  26	  31	  30	  30	  70	  50	 390	207367	207949	   0	   0	
  88	  88	  30	   4	 846	   3	   2	  26	  31	   1	  30	  70	  30	 388	209647	210493	   3	   0	
  89	  89	  30	   4	 622	   1	   2	  27	  31	   1	  30	  70	  30	 348	212127	212749	   0	   0	
  90	  90	  70	   2	 600	   2	   1	  27	  32	   1	  30	  70	  30	 547	214580	215180	   0	 -10	
  91	  91	  30	   3	 451	   3	   2	  27	  32	   2	  30	  70	  30	 468	216953	217404	   0	 -10	
  92	  92	  70	   3	 704	   2	   2	  27	  33	   2	  30	  70	  30	 425	219100	219804	   0	 -10	
  93	  93	  30	   4	 664	   1	   2	  28	  33	   2	  30	  70	  30	 623	221700	222364	   0	 -10	
  94	  94	  30	   2	 792	   3	   1	  28	  33	   3	  30	  70	  30	 460	224100	224892	   0	 -20	
  95	  95	  30	   3	 555	   1	   2	  29	  33	   3	  30	  70	  30	 663	226833	227388	   0	 -20	
  96	  96	  20	   2	 678	   2	   1	  29	   1	   3	  30	  20	  30	 691	229366	230044	   2	 -30	
  97	  97	  30	   4	 528	   1	   2	  30	   1	   3	  30	  20	  30	 583	231900	232428	   0	 -30	
  98	  98	  30	   4	 582	   3	   2	  30	   1	   4	  30	  20	  30	 456	234166	234748	   0	 -30	
  99	  99	  30	   4	 638	   1	   2	  31	   1	   4	  30	  20	  30	 421	236446	237084	   0	 -30	
 100	 100	  30	   4	 667	   3	   2	  31	   1	   5	  30	  20	  30	 390	238753	239420	   0	 -30	
 101	 101	  20	   4	 569	   2	   2	  31	   2	   5	  30	  20	  30	 663	241379	241948	   0	 -30	
 102	 102	  30	   3	 505	   1	   2	  32	   2	   5	  30	  20	  30	 477	243699	244204	   0	 -30	
 103	 103	  20	   3	 497	   2	   2	  32	   3	   5	  30	  20	  30	 576	246059	246556	   0	 -30	
 104	 104	  30	   3	 505	   3	   2	  32	   3	   6	  30	  20	  30	 577	248419	248924	   0	 -30	
 105	 105	  20	   2	 792	   2	   1	  32	   4	   6	  30	  20	  30	 462	250659	251451	   0	 -40	
 106	 106	  30	   2	 480	   3	   1	  32	   4	   7	  30	  20	  30	 366	253099	253579	   0	 -50	
 107	 107	  20	   2	 661	   2	   1	  32	   5	   7	  30	  20	  30	 343	255206	255867	   0	 -60	
 108	 108	  30	   2	 387	   3	   1	  32	   5	   8	  30	  20	  30	 690	257832	258219	   0	 -70	
 109	 109	  20	   3	 528	   2	   2	  32	   6	   8	  30	  20	  30	 466	259979	260507	   0	 -70	
 110	 110	  30	   4	 533	   1	   2	  33	   6	   8	  30	  20	  30	 700	262486	263019	   0	 -70	
 111	 111	  30	   4	 355	   3	   2	  33	   6	   9	  30	  20	  30	 635	264952	265307	   0	 -70	
 112	 112	  20	   4	 440	   2	   2	  33	   7	   9	  30	  20	  30	 313	266899	267339	   0	 -70	
 113	 113	  30	   3	 398	   3	   2	  33	   7	  10	  30	  20	  30	 464	269085	269483	   0	 -70	
 114	 114	  30	   4	 470	   1	   2	  34	   7	  10	  30	  20	  30	 605	271365	271835	   0	 -70	
 115	 115	  30	   3	 432	   3	   2	  34	   7	  11	  30	  20	  30	 539	273659	274091	   0	 -70	
 116	 116	  30	   4	 395	   1	   2	  35	   7	  11	  30	  20	  30	 425	275792	276187	   0	 -70	
 117	 117	  30	   4	 414	   3	   2	  35	   7	  12	  30	  20	  30	 503	277965	278379	   0	 -70	
 118	 118	  80	   1	 601	   1	   1	   1	   7	  12	  80	  20	  30	 420	280098	280699	   1	 -60	
 119	 119	  30	   4	 401	   3	   2	   1	   7	  13	  80	  20	  30	 314	282298	282699	   0	 -60	
 120	 120	  20	   4	 494	   2	   2	   1	   8	  13	  80	  20	  30	 539	284525	285019	   0	 -60	
 121	 121	  80	   1	 322	   1	   1	   2	   8	  13	  80	  20	  30	 632	286952	287274	   0	 -50	
 122	 122	  30	   4	 373	   3	   2	   2	   8	  14	  80	  20	  30	 405	288965	289338	   0	 -50	
 123	 123	  80	   2	 392	   1	   1	   3	   8	  14	  80	  20	  30	 348	290978	291370	   0	 -60	
 124	 124	  30	   3	 299	   3	   2	   3	   8	  15	  80	  20	  30	 653	293311	293610	   0	 -60	
 125	 125	  80	   3	 536	   1	   2	   4	   8	  15	  80	  20	  30	 321	295218	295754	   0	 -60	
 126	 126	  30	   4	 493	   3	   2	   4	   8	  16	  80	  20	  30	 607	297645	298138	   0	 -60	
 127	 127	  80	   1	 464	   1	   1	   5	   8	  16	  80	  20	  30	 466	299898	300362	   0	 -50	
 128	 128	  30	   4	 438	   3	   2	   5	   8	  17	  80	  20	  30	 523	302164	302602	   0	 -50	
 129	 129	  20	   4	 672	   2	   2	   5	   9	  17	  80	  20	  30	 580	304458	305130	   0	 -50	
 130	 130	  80	   2	 507	   1	   1	   6	   9	  17	  80	  20	  30	 343	306751	307258	   0	 -60	
 131	 131	  30	   4	 464	   3	   2	   6	   9	  18	  80	  20	  30	 456	309018	309482	   0	 -60	
 132	 132	  80	   1	 459	   1	   1	   7	   9	  18	  80	  20	  30	 389	311151	311610	   0	 -50	
 133	 133	  30	   3	 526	   3	   2	   7	   9	  19	  80	  20	  30	 354	313244	313770	   0	 -50	
 134	 134	  80	   1	 545	   1	   1	   8	   9	  19	  80	  20	  30	 611	315657	316202	   0	 -40	
 135	 135	  20	   2	 473	   2	   1	   8	  10	  19	  80	  20	  30	 458	317937	318410	   0	 -50	
 136	 136	  80	   3	 409	   1	   2	   9	  10	  19	  80	  20	  30	 324	320017	320426	   0	 -50	
 137	 137	  20	   3	 517	   2	   2	   9	  11	  19	  80	  20	  30	 614	322324	322841	   0	 -50	
 138	 138	  80	   1	 547	   1	   1	  10	  11	  19	  80	  20	  30	 666	324790	325337	   0	 -40	
 139	 139	  20	   4	 571	   2	   2	  10	  12	  19	  80	  20	  30	 445	327070	327641	   0	 -40	
 140	 140	  30	   4	 467	   3	   2	  10	  12	  20	  80	  20	  30	 433	329350	329817	   0	 -40	
 141	 141	  80	   2	 341	   1	   1	  11	  12	  20	  80	  20	  30	 481	331604	331945	   0	 -50	
 142	 142	  30	   3	 445	   3	   2	  11	  12	  21	  80	  20	  30	 414	333644	334089	   0	 -50	
 143	 143	  20	   4	 496	   2	   2	  11	  13	  21	  80	  20	  30	 681	336057	336553	   0	 -50	
 144	 144	  80	   1	 467	   1	   1	  12	  13	  21	  80	  20	  30	 310	338150	338617	   0	 -40	
 145	 145	  30	   2	 371	   3	   1	  12	  13	  22	  80	  20	  30	 561	340470	340841	   0	 -50	
 146	 146	  20	   4	 528	   2	   2	  12	  14	  22	  80	  20	  30	 501	342617	343145	   0	 -50	
 147	 147	  30	   2	 264	   3	   1	  12	  14	  23	  80	  20	  30	 637	345057	345321	   0	 -60	
 148	 148	  20	   4	 515	   2	   2	  12	  15	  23	  80	  20	  30	 671	347270	347785	   0	 -60	
 149	 149	  80	   1	 358	   1	   1	  13	  15	  23	  80	  20	  30	 535	349603	349961	   0	 -50	
 150	 150	  20	   4	 489	   2	   2	  13	  16	  23	  80	  20	  30	 534	351776	352265	   0	 -50	
 151	 151	  80	   1	 430	   1	   1	  14	  16	  23	  80	  20	  30	 324	353883	354313	   0	 -40	
 152	 152	  20	   4	 401	   2	   2	  14	  17	  23	  80	  20	  30	 455	356056	356457	   0	 -40	
 153	 153	  30	   2	 640	   3	   1	  14	  17	  24	  80	  20	  30	 306	358056	358696	   0	 -50	
 154	 154	  20	   1	 525	   2	   1	  14	  18	  24	  80	  20	  30	 698	360683	361208	   0	 -40	
 155	 155	  80	   1	 520	   1	   1	  15	  18	  24	  80	  20	  30	 327	362816	363336	   0	 -30	
 156	 156	  30	   2	 589	   3	   1	  15	  18	  25	  80	  20	  30	 534	365163	365752	   0	 -40	
 157	 157	  80	   1	 461	   1	   1	  16	  18	  25	  80	  20	  30	 687	367723	368184	   0	 -30	
 158	 158	  20	   4	 459	   2	   2	  16	  19	  25	  80	  20	  30	 401	369869	370328	   0	 -30	
 159	 159	  30	   2	 555	   3	   1	  16	  19	  26	  80	  20	  30	 345	371949	372504	   0	 -40	
 160	 160	  80	   1	 414	   1	   1	  17	  19	  26	  80	  20	  30	 575	374362	374776	   0	 -30	
 161	 161	  20	   4	 483	   2	   2	  17	  20	  26	  80	  20	  30	 474	376549	377032	   0	 -30	
 162	 162	  30	   1	 467	   3	   1	  17	  20	  27	  80	  20	  30	 636	378949	379416	   0	 -20	
 163	 163	  80	   2	 443	   1	   1	  18	  20	  27	  80	  20	  30	 600	381309	381752	   0	 -30	
 164	 164	  30	   2	 539	   3	   1	  18	  20	  28	  80	  20	  30	 675	383709	384248	   0	 -40	
 165	 165	  20	   4	 483	   2	   2	  18	  21	  28	  80	  20	  30	 373	385909	386392	   0	 -40	
 166	 166	  30	   2	 534	   3	   1	  18	  21	  29	  80	  20	  30	 401	388082	388616	   0	 -50	
 167	 167	  80	   1	 377	   1	   1	  19	  21	  29	  80	  20	  30	 506	390415	390792	   0	 -40	
 168	 168	  30	   3	 430	   3	   2	  19	  21	  30	  80	  20	  30	 445	392522	392952	   0	 -40	
 169	 169	  20	   4	 461	   2	   2	  19	  22	  30	  80	  20	  30	 519	394762	395223	   0	 -40	
 170	 170	  30	   2	 523	   3	   1	  19	  22	  31	  80	  20	  30	 648	397148	397671	   0	 -50	
 171	 171	  80	   1	 411	   1	   1	  20	  22	  31	  80	  20	  30	 582	399548	399959	   0	 -40	
 172	 172	  30	   2	 485	   3	   1	  20	  22	  32	  80	  20	  30	 604	401842	402327	   0	 -50	
 173	 173	  20	   3	 461	   2	   2	  20	  23	  32	  80	  20	  30	 353	403962	404423	   0	 -50	
 174	 174	  80	   1	 325	   1	   1	  21	  23	  32	  80	  20	  30	 300	406002	406327	   0	 -40	
 175	 175	  30	   2	 485	   3	   1	  21	  23	  33	  80	  20	  30	 633	408242	408727	   0	 -50	
 176	 176	  80	   1	 384	   1	   1	  22	  23	  33	  80	  20	  30	 362	410375	410759	   0	 -40	
 177	 177	  30	   3	 504	   3	   2	  22	  23	  34	  80	  20	  30	 304	412335	412839	   0	 -40	
 178	 178	  80	   2	 376	   1	   1	  23	  23	  34	  80	  20	  30	 382	414495	414871	   0	 -50	
 179	 179	  30	   2	 510	   3	   1	  23	  23	  35	  80	  20	  30	 690	416841	417351	   0	 -60	
 180	 180	  20	   2	 400	   2	   1	  23	  24	  35	  80	  20	  30	 539	419175	419575	   0	 -70	
 181	 181	  70	   3	 705	   3	   2	  23	  24	   1	  80	  20	  70	 434	421334	422039	   3	 -70	
 182	 182	  20	   3	 667	   2	   2	  23	  25	   1	  80	  20	  70	 477	423788	424455	   0	 -70	
 183	 183	  80	   1	 534	   1	   1	  24	  25	   1	  80	  20	  70	 583	426321	426855	   0	 -60	
 184	 184	  70	   4	 614	   3	   2	  24	  25	   2	  80	  20	  70	 420	428561	429175	   0	 -60	
 185	 185	  20	   4	 645	   2	   2	  24	  26	   2	  80	  20	  70	 660	431121	431766	   0	 -60	
 186	 186	  70	   1	 464	   3	   1	  24	  26	   3	  80	  20	  70	 442	433494	433958	   0	 -50	
 187	 187	  20	   2	 397	   2	   1	  24	  27	   3	  80	  20	  70	 650	435881	436278	   0	 -60	
 188	 188	  70	   4	 429	   3	   2	  24	  27	   4	  80	  20	  70	 329	437881	438310	   0	 -60	
 189	 189	  20	   4	 480	   2	   2	  24	  28	   4	  80	  20	  70	 382	439974	440454	   0	 -60	
 190	 190	  80	   2	 381	   1	   1	  25	  28	   4	  80	  20	  70	 303	442041	442422	   0	 -70	
 191	 191	  70	   1	 301	   3	   1	  25	  28	   5	  80	  20	  70	 652	444361	444662	   0	 -60	
 192	 192	  80	   1	 392	   1	   1	  26	  28	   5	  80	  20	  70	 311	446254	446646	   0	 -50	
 193	 193	  20	   4	 520	   2	   2	  26	  29	   5	  80	  20	  70	 640	448574	449094	   0	 -50	
 194	 194	  70	   1	 326	   3	   1	  26	  29	   6	  80	  20	  70	 577	450960	451286	   0	 -40	
 195	 195	  20	   4	 720	   2	   2	  26	  30	   6	  80	  20	  70	 604	453174	453894	   0	 -40	
 196	 196	  70	   1	 384	   3	   1	  26	  30	   7	  80	  20	  70	 629	455814	456198	   0	 -30	
 197	 197	  80	   1	 417	   1	   1	  27	  30	   7	  80	  20	  70	 660	458133	458550	   0	 -20	
 198	 198	  50	   3	 481	   2	   2	  27	   1	   7	  80	  50	  70	 672	460533	461014	   2	 -20	
 199	 199	  70	   2	 593	   3	   1	  27	   1	   8	  80	  50	  70	 475	462773	463366	   0	 -30	
 200	 200	  50	   2	 409	   2	   1	  27	   2	   8	  80	  50	  70	 329	464973	465382	   0	 -40	
 201	 201	  80	   1	 453	   1	   1	  28	   2	   8	  80	  50	  70	 685	467360	467813	   0	 -30	
 202	 202	  70	   1	 395	   3	   1	  28	   2	   9	  80	  50	  70	 361	469466	469861	   0	 -20	
 203	 203	  50	   3	 459	   2	   2	  28	   3	   9	  80	  50	  70	 483	471626	472085	   0	 -20	
 204	 204	  70	   1	 499	   3	   1	  28	   3	  10	  80	  50	  70	 375	473746	474245	   0	 -10	
 205	 205	  50	   2	 360	   2	   1	  28	   4	  10	  80	  50	  70	 328	475853	476213	   0	 -20	
 206	 206	  70	   2	 371	   3	   1	  28	   4	  11	  80	  50	  70	 323	477826	478197	   0	 -30	
 207	 207	  50	   2	 304	   2	   1	  28	   5	  11	  80	  50	  70	 336	479813	480117	   0	 -40	
 208	 208	  80	   1	 496	   1	   1	  29	   5	  11	  80	  50	  70	 500	481893	482389	   0	 -30	
 209	 209	  50	   1	 310	   2	   1	  29	   6	  11	  80	  50	  70	 560	484239	484549	   0	 -20	
 210	 210	  80	   1	 323	   1	   1	  30	   6	  11	  80	  50	  70	 638	486466	486789	   0	 -10	
 211	 211	  70	   2	 296	   3	   1	  30	   6	  12	  80	  50	  70	 410	488493	488789	   0	 -20	
 212	 212	  50	   1	 275	   2	   1	  30	   7	  12	  80	  50	  70	 555	490626	490901	   0	 -10	
 213	 213	  80	   1	 427	   1	   1	  31	   7	  12	  80	  50	  70	 651	492826	493253	   0	   0	
 214	 214	  70	   1	 425	   3	   1	  31	   7	  13	  80	  50	  70	 431	494972	495397	   0	  10	
 215	 215	  80	   1	 414	   1	   1	  32	   7	  13	  80	  50	  70	 410	497079	497493	   0	  20	
 216	 216	  70	   1	 497	   3	   1	  32	   7	  14	  80	  50	  70	 473	499252	499749	   0	  30	
 217	 217	  50	   2	 429	   2	   1	  32	   8	  14	  80	  50	  70	 532	501559	501988	   0	  20	
 218	 218	  80	   1	 626	   1	   1	  33	   8	  14	  80	  50	  70	 469	503746	504372	   0	  30	
 219	 219	  50	   4	 416	   2	   2	  33	   9	  14	  80	  50	  70	 474	506132	506548	   0	  30	
 220	 220	  20	   4	 749	   1	   2	   1	   9	  14	  20	  50	  70	 357	508199	508948	   1	  30	
 221	 221	  70	   1	 547	   3	   1	   1	   9	  15	  20	  50	  70	 379	510625	511172	   0	  40	
 222	 222	  50	   3	 461	   2	   2	   1	  10	  15	  20	  50	  70	 301	512759	513220	   0	  40	
 223	 223	  70	   1	 424	   3	   1	   1	  10	  16	  20	  50	  70	 395	514892	515316	   0	  50	
 224	 224	  20	   4	 502	   1	   2	   2	  10	  16	  20	  50	  70	 361	516958	517460	   0	  50	
 225	 225	  50	   2	 470	   2	   1	   2	  11	  16	  20	  50	  70	 384	519118	519588	   0	  40	
 226	 226	  70	   2	 376	   3	   1	   2	  11	  17	  20	  50	  70	 574	521452	521828	   0	  30	
 227	 227	  20	   4	 478	   1	   2	   3	  11	  17	  20	  50	  70	 606	523718	524196	   0	  30	
 228	 228	  70	   1	 510	   3	   1	   3	  11	  18	  20	  50	  70	 328	525798	526308	   0	  40	
 229	 229	  20	   3	 531	   1	   2	   4	  11	  18	  20	  50	  70	 394	527985	528516	   0	  40	
 230	 230	  50	   1	 534	   2	   1	   4	  12	  18	  20	  50	  70	 688	530478	531012	   0	  50	
 231	 231	  70	   3	 457	   3	   2	   4	  12	  19	  20	  50	  70	 655	532971	533428	   0	  50	
 232	 232	  50	   2	 382	   2	   1	   4	  13	  19	  20	  50	  70	 607	535318	535700	   0	  40	
 233	 233	  70	   1	 363	   3	   1	   4	  13	  20	  20	  50	  70	 640	537625	537988	   0	  50	
 234	 234	  20	   4	 488	   1	   2	   5	  13	  20	  20	  50	  70	 345	539611	540099	   0	  50	
 235	 235	  70	   2	 549	   3	   1	   5	  13	  21	  20	  50	  70	 622	541998	542547	   0	  40	
 236	 236	  20	   4	 517	   1	   2	   6	  13	  21	  20	  50	  70	 488	544318	544835	   0	  40	
 237	 237	  50	   2	 443	   2	   1	   6	  14	  21	  20	  50	  70	 396	546504	546947	   0	  30	
 238	 238	  70	   1	 531	   3	   1	   6	  14	  22	  20	  50	  70	 389	548624	549155	   0	  40	
 239	 239	  50	   3	 493	   2	   2	   6	  15	  22	  20	  50	  70	 408	550838	551331	   0	  40	
 240	 240	  70	   1	 363	   3	   1	   6	  15	  23	  20	  50	  70	 686	553304	553667	   0	  50	
 241	 241	  50	   1	 496	   2	   1	   6	  16	  23	  20	  50	  70	 684	555651	556147	   0	  60	
 242	 242	  20	   3	 518	   1	   2	   7	  16	  23	  20	  50	  70	 561	557997	558515	   0	  60	
 243	 243	  50	   2	 472	   2	   1	   7	  17	  23	  20	  50	  70	 539	560331	560803	   0	  50	
 244	 244	  20	   4	 459	   1	   2	   8	  17	  23	  20	  50	  70	 665	562744	563203	   0	  50	
 245	 245	  70	   1	 406	   3	   1	   8	  17	  24	  20	  50	  70	 635	565117	565523	   0	  60	
 246	 246	  50	   1	 539	   2	   1	   8	  18	  24	  20	  50	  70	 499	567304	567843	   0	  70	
 247	 247	  20	   2	 393	   1	   1	   9	  18	  24	  20	  50	  70	 566	569690	570083	   0	  60	
 248	 248	  50	   4	 465	   2	   2	   9	  19	  24	  20	  50	  70	 532	571890	572355	   0	  60	
 249	 249	  70	   1	 832	   3	   1	   9	  19	  25	  20	  50	  70	 340	573970	574802	   0	  70	
 250	 250	  20	   4	 488	   1	   2	  10	  19	  25	  20	  50	  70	 644	576730	577218	   0	  70	
 251	 251	  70	   2	 469	   3	   1	  10	  19	  26	  20	  50	  70	 607	579117	579586	   0	  60	
 252	 252	  50	   3	 379	   2	   2	  10	  20	  26	  20	  50	  70	 596	581463	581842	   0	  60	
 253	 253	  20	   4	 539	   1	   2	  11	  20	  26	  20	  50	  70	 655	583783	584322	   0	  60	
 254	 254	  70	   1	 491	   3	   1	  11	  20	  27	  20	  50	  70	 414	586023	586514	   0	  70	
 255	 255	  50	   3	 613	   2	   2	  11	  21	  27	  20	  50	  70	 449	588237	588850	   0	  70	
 256	 256	  70	   1	 432	   3	   1	  11	  21	  28	  20	  50	  70	 629	590770	591202	   0	  80	
 257	 257	  50	   2	 491	   2	   1	  11	  22	  28	  20	  50	  70	 419	592903	593394	   0	  70	
 258	 258	  70	   2	 558	   3	   1	  11	  22	  29	  20	  50	  70	 651	595316	595874	   0	  60	
 259	 259	  50	   2	 454	   2	   1	  11	  23	  29	  20	  50	  70	 687	597836	598290	   0	  50	
 260	 260	  70	   1	 504	   3	   1	  11	  23	  30	  20	  50	  70	 597	600170	600674	   0	  60	
 261	 261	  20	   4	 593	   1	   2	  12	  23	  30	  20	  50	  70	 567	602529	603122	   0	  60	
 262	 262	  50	   2	 955	   3	   1	  12	  23	   1	  20	  50	  50	 347	604823	605778	   3	  50	
 263	 263	  50	   2	 817	   2	   1	  12	  24	   1	  20	  50	  50	 355	607409	608226	   0	  40	
 264	 264	  20	   4	 554	   1	   2	  13	  24	   1	  20	  50	  50	 587	610103	610657	   0	  40	
 265	 265	  50	   4	 528	   3	   2	  13	  24	   2	  20	  50	  50	 672	612609	613137	   0	  40	
 266	 266	  50	   3	 643	   2	   2	  13	  25	   2	  20	  50	  50	 609	615022	615665	   0	  40	
 267	 267	  50	   3	 523	   3	   2	  13	  25	   3	  20	  50	  50	 590	617542	618065	   0	  40	
 268	 268	  50	   1	 547	   2	   1	  13	  26	   3	  20	  50	  50	 389	619742	620289	   0	  50	
 269	 269	  20	   3	 629	   1	   2	  14	  26	   3	  20	  50	  50	 657	622236	622865	   0	  50	
 270	 270	  50	   2	 523	   2	   1	  14	  27	   3	  20	  50	  50	 598	624742	625265	   0	  40	
 271	 271	  50	   4	 595	   3	   2	  14	  27	   4	  20	  50	  50	 618	627182	627777	   0	  40	
 272	 272	  50	   3	 670	   2	   2	  14	  28	   4	  20	  50	  50	 582	629635	630305	   0	  40	
 273	 273	  50	   1	 654	   3	   1	  14	  28	   5	  20	  50	  50	 361	631955	632609	   0	  50	
 274	 274	  50	   4	 488	   2	   2	  14	  29	   5	  20	  50	  50	 429	634329	634817	   0	  50	
 275	 275	  20	   4	 547	   1	   2	  15	  29	   5	  20	  50	  50	 439	636542	637089	   0	  50	
 276	 276	  50	   1	 537	   3	   1	  15	  29	   6	  20	  50	  50	 513	638888	639425	   0	  60	
 277	 277	  50	   1	 473	   2	   1	  15	  30	   6	  20	  50	  50	 421	641128	641601	   0	  70	
 278	 278	  20	   3	 459	   1	   2	  16	  30	   6	  20	  50	  50	 333	643222	643681	   0	  70	
 279	 279	  50	   2	 613	   3	   1	  16	  30	   7	  20	  50	  50	 633	645595	646208	   0	  60	
 280	 280	  20	   4	 474	   1	   2	  17	  30	   7	  20	  50	  50	 685	648182	648656	   0	  60	
 281	 281	  50	   2	 547	   3	   1	  17	  30	   8	  20	  50	  50	 341	650301	650848	   0	  50	
 282	 282	  20	   4	 443	   1	   2	  18	  30	   8	  20	  50	  50	 521	652661	653104	   0	  50	
 283	 283	  50	   3	 475	   3	   2	  18	  30	   9	  20	  50	  50	 354	654741	655216	   0	  50	
 284	 284	  50	   1	 576	   2	   1	  18	  31	   9	  20	  50	  50	 348	656848	657424	   0	  60	
 285	 285	  20	   4	 501	   1	   2	  19	  31	   9	  20	  50	  50	 405	659115	659616	   0	  60	
 286	 286	  50	   2	 686	   2	   1	  19	  32	   9	  20	  50	  50	 493	661394	662080	   0	  50	
 287	 287	  20	   4	 579	   1	   2	  20	  32	   9	  20	  50	  50	 455	663821	664400	   0	  50	
 288	 288	  50	   1	 411	   3	   1	  20	  32	  10	  20	  50	  50	 658	666341	666752	   0	  60	
 289	 289	  20	   4	 451	   1	   2	  21	  32	  10	  20	  50	  50	 432	668461	668912	   0	  60	
 290	 290	  50	   1	 470	   3	   1	  21	  32	  11	  20	  50	  50	 519	670714	671184	   0	  70	
 291	 291	  50	   1	 654	   2	   1	  21	  33	  11	  20	  50	  50	 515	672994	673648	   0	  80	
 292	 292	  50	   1	 563	   3	   1	  21	  33	  12	  20	  50	  50	 572	675501	676064	   0	  90	
 293	 293	  20	   4	 686	   2	   2	  21	   1	  12	  20	  20	  50	 652	678034	678720	   2	  90	
 294	 294	  50	   2	 565	   3	   1	  21	   1	  13	  20	  20	  50	 635	680634	681199	   0	  80	
 295	 295	  20	   3	 410	   1	   2	  22	   1	  13	  20	  20	  50	 333	682821	683231	   0	  80	
 296	 296	  20	   4	 544	   2	   2	  22	   2	  13	  20	  20	  50	 657	685167	685711	   0	  80	
 297	 297	  20	   4	 493	   1	   2	  23	   2	  13	  20	  20	  50	 642	687634	688127	   0	  80	
 298	 298	  20	   4	 469	   2	   2	  23	   3	  13	  20	  20	  50	 416	689834	690303	   0	  80	
 299	 299	  20	   4	 501	   1	   2	  24	   3	  13	  20	  20	  50	 488	692074	692575	   0	  80	
 300	 300	  20	   4	 480	   2	   2	  24	   4	  13	  20	  20	  50	 518	694367	694847	   0	  80	
 301	 301	  50	   1	 614	   3	   1	  24	   4	  14	  20	  20	  50	 559	696713	697327	   0	  90	
 302	 302	  20	   3	 518	   2	   2	  24	   5	  14	  20	  20	  50	 417	699033	699551	   0	  90	
 303	 303	  50	   1	 662	   3	   1	  24	   5	  15	  20	  20	  50	 605	701433	702095	   0	 100	
 304	 304	  20	   4	 392	   2	   2	  24	   6	  15	  20	  20	  50	 390	703767	704159	   0	 100	
 305	 305	  20	   4	 438	   1	   2	  25	   6	  15	  20	  20	  50	 554	705993	706431	   0	 100	
 306	 306	  50	   2	 456	   3	   1	  25	   6	  16	  20	  20	  50	 625	708327	708783	   0	  90	
 307	 307	  20	   4	 355	   1	   2	  26	   6	  16	  20	  20	  50	 629	710700	711055	   0	  90	
 308	 308	  50	   2	 515	   3	   1	  26	   6	  17	  20	  20	  50	 690	713020	713535	   0	  80	
 309	 309	  20	   4	 313	   1	   2	  27	   6	  17	  20	  20	  50	 550	715366	715679	   0	  80	
 310	 310	  50	   1	 821	   3	   1	  27	   6	  18	  20	  20	  50	 396	717353	718174	   0	  90	
 311	 311	  20	   3	1002	   1	   2	  28	   6	  18	  20	  20	  50	 305	719780	720782	   0	  90	
 312	 312	  50	   2	 405	   3	   1	  28	   6	  19	  20	  20	  50	 644	722713	723118	   0	  80	
 313	 313	  20	   4	 373	   2	   2	  28	   7	  19	  20	  20	  50	 636	725033	725406	   0	  80	
 314	 314	  50	   2	 549	   3	   1	  28	   7	  20	  20	  20	  50	 584	727273	727822	   0	  70	
 315	 315	  20	   4	 341	   2	   2	  28	   8	  20	  20	  20	  50	 400	729513	729854	   0	  70	
 316	 316	  20	   4	 427	   1	   2	  29	   8	  20	  20	  20	  50	 647	731779	732206	   0	  70	
 317	 317	  20	   1	 518	   2	   1	  29	   9	  20	  20	  20	  50	 336	733832	734350	   0	  80	
 318	 318	  50	   2	 555	   3	   1	  29	   9	  21	  20	  20	  50	 312	735939	736494	   0	  70	
 319	 319	  20	   2	 470	   2	   1	  29	  10	  21	  20	  20	  50	 534	738312	738782	   0	  60	
 320	 320	  20	   4	 334	   1	   2	  30	  10	  21	  20	  20	  50	 689	740752	741086	   0	  60	
 321	 321	  50	   3	 339	   3	   2	  30	  10	  22	  20	  20	  50	 388	742779	743118	   0	  60	
 322	 322	  20	   4	 510	   1	   2	  31	  10	  22	  20	  20	  50	 352	744752	745262	   0	  60	
 323	 323	  50	   4	 582	   3	   2	  31	  10	  23	  20	  20	  50	 644	747192	747774	   0	  60	
 324	 324	  20	   4	 329	   1	   2	  32	  10	  23	  20	  20	  50	 637	749685	750014	   0	  60	
 325	 325	  20	   4	 574	   2	   2	  32	  11	  23	  20	  20	  50	 499	751792	752366	   0	  60	
 326	 326	  20	   3	 290	   1	   2	  33	  11	  23	  20	  20	  50	 400	754059	754349	   0	  60	
 327	 327	  50	   1	 544	   3	   1	  33	  11	  24	  20	  20	  50	 422	756045	756589	   0	  70	
 328	 328	  20	   4	 411	   2	   2	  33	  12	  24	  20	  20	  50	 632	758498	758909	   0	  70	
 329	 329	  50	   3	 501	   3	   2	  33	  12	  25	  20	  20	  50	 449	760632	761133	   0	  70	
 330	 330	  20	   4	 424	   2	   2	  33	  13	  25	  20	  20	  50	 388	762805	763229	   0	  70	
 331	 331	  20	   4	 384	   1	   2	  34	  13	  25	  20	  20	  50	 474	765005	765389	   0	  70	
 332	 332	  20	   4	 461	   2	   2	  34	  14	  25	  20	  20	  50	 570	767232	767693	   0	  70	
 333	 333	  50	   2	 283	   3	   1	  34	  14	  26	  20	  20	  50	 560	769538	769821	   0	  60	
 334	 334	  20	   4	 259	   1	   2	  35	  14	  26	  20	  20	  50	 476	771578	771837	   0	  60	
 335	 335	  20	   4	 232	   2	   2	  35	  15	  26	  20	  20	  50	 483	773605	773837	   0	  60	
 336	 336	  50	   3	 211	   3	   2	  35	  15	  27	  20	  20	  50	 696	775818	776029	   0	  60	
 337	 337	  80	   3	 310	   1	   2	   1	  15	  27	  80	  20	  50	 338	777671	777981	   1	  60	
 338	 338	  20	   4	 435	   2	   2	   1	  16	  27	  80	  20	  50	 550	779818	780253	   0	  60	
 339	 339	  80	   1	 342	   1	   1	   2	  16	  27	  80	  20	  50	 623	782151	782493	   0	  70	
 340	 340	  20	   4	 443	   2	   2	   2	  17	  27	  80	  20	  50	 404	784178	784621	   0	  70	
 341	 341	  80	   3	 614	   1	   2	   3	  17	  27	  80	  20	  50	 455	786391	787005	   0	  70	
 342	 342	  50	   1	 502	   3	   1	   3	  17	  28	  80	  20	  50	 417	788711	789213	   0	  80	
 343	 343	  80	   1	 290	   1	   1	   4	  17	  28	  80	  20	  50	 687	791178	791468	   0	  90	
 344	 344	  20	   3	 405	   2	   2	   4	  18	  28	  80	  20	  50	 524	793271	793676	   0	  90	
 345	 345	  50	   2	 411	   3	   1	   4	  18	  29	  80	  20	  50	 413	795377	795788	   0	  80	
 346	 346	  20	   3	 448	   2	   2	   4	  19	  29	  80	  20	  50	 583	797644	798092	   0	  80	
 347	 347	  80	   2	 315	   1	   1	   5	  19	  29	  80	  20	  50	 639	800017	800332	   0	  70	
 348	 348	  20	   4	 429	   2	   2	   5	  20	  29	  80	  20	  50	 582	802191	802620	   0	  70	
 349	 349	  50	   2	 406	   3	   1	   5	  20	  30	  80	  20	  50	 639	804550	804956	   0	  60	
 350	 350	  80	   1	 310	   1	   1	   6	  20	  30	  80	  20	  50	 556	806790	807100	   0	  70	
 351	 351	  50	   2	 512	   3	   1	   6	  20	  31	  80	  20	  50	 353	808764	809276	   0	  60	
 352	 352	  80	   1	 467	   1	   1	   7	  20	  31	  80	  20	  50	 384	810937	811404	   0	  70	
 353	 353	  50	   2	 646	   3	   1	   7	  20	  32	  80	  20	  50	 334	813030	813676	   0	  60	
 354	 354	  80	   1	 411	   1	   1	   8	  20	  32	  80	  20	  50	 336	815297	815708	   0	  70	
 355	 355	  20	   3	 438	   2	   2	   8	  21	  32	  80	  20	  50	 532	817510	817948	   0	  70	
 356	 356	  80	   2	 369	   1	   1	   9	  21	  32	  80	  20	  50	 500	819723	820092	   0	  60	
 357	 357	  50	   1	 491	   3	   1	   9	  21	  33	  80	  20	  50	 490	821857	822348	   0	  70	
 358	 358	  20	   4	 427	   2	   2	   9	  22	  33	  80	  20	  50	 390	824017	824444	   0	  70	
 359	 359	  70	   1	 528	   3	   1	   9	  22	   1	  80	  20	  70	 545	826283	826811	   3	  80	
 360	 360	  20	   4	 507	   2	   2	   9	  23	   1	  80	  20	  70	 571	828656	829163	   0	  80	
 361	 361	  80	   1	 488	   1	   1	  10	  23	   1	  80	  20	  70	 568	831043	831531	   0	  90	
 362	 362	  20	   4	 611	   2	   2	  10	  24	   1	  80	  20	  70	 612	833416	834027	   0	  90	
 363	 363	  70	   2	 595	   3	   1	  10	  24	   2	  80	  20	  70	 354	835656	836251	   0	  80	
 364	 364	  80	   1	 493	   1	   1	  11	  24	   2	  80	  20	  70	 580	838110	838603	   0	  90	
 365	 365	  70	   2	 526	   3	   1	  11	  24	   3	  80	  20	  70	 541	840429	840955	   0	  80	
 366	 366	  20	   4	 576	   2	   2	  11	  25	   3	  80	  20	  70	 446	842683	843259	   0	  80	
 367	 367	  70	   1	 467	   3	   1	  11	  25	   4	  80	  20	  70	 551	845096	845563	   0	  90	
 368	 368	  20	   4	 454	   2	   2	  11	  26	   4	  80	  20	  70	 338	847189	847643	   0	  90	
 369	 369	  80	   1	 456	   1	   1	  12	  26	   4	  80	  20	  70	 357	849283	849739	   0	 100	
 370	 370	  70	   1	 568	   3	   1	  12	  26	   5	  80	  20	  70	 335	851363	851931	   0	 110	
 371	 371	  20	   3	 481	   2	   2	  12	  27	   5	  80	  20	  70	 405	853642	854123	   0	 110	
 372	 372	  70	   3	 593	   3	   2	  12	  27	   6	  80	  20	  70	 630	856042	856635	   0	 110	
 373	 373	  80	   1	 422	   1	   1	  13	  27	   6	  80	  20	  70	 634	858549	858971	   0	 120	
 374	 374	  70	   2	 347	   3	   1	  13	  27	   7	  80	  20	  70	 409	860656	861003	   0	 110	
 375	 375	  80	   1	 429	   1	   1	  14	  27	   7	  80	  20	  70	 623	862909	863338	   0	 120	
 376	 376	  70	   1	 512	   3	   1	  14	  27	   8	  80	  20	  70	 535	865162	865674	   0	 130	
 377	 377	  20	   4	 448	   2	   2	  14	  28	   8	  80	  20	  70	 691	867642	868090	   0	 130	
 378	 378	  80	   1	 531	   1	   1	  15	  28	   8	  80	  20	  70	 532	869895	870426	   0	 140	
 379	 379	  70	   3	 341	   3	   2	  15	  28	   9	  80	  20	  70	 529	872229	872570	   0	 140	
 380	 380	  80	   1	 483	   1	   1	  16	  28	   9	  80	  20	  70	 450	874295	874778	   0	 150	
 381	 381	  70	   1	 395	   3	   1	  16	  28	  10	  80	  20	  70	 405	876495	876890	   0	 160	
 382	 382	  80	   1	 499	   1	   1	  17	  28	  10	  80	  20	  70	 601	878775	879274	   0	 170	
 383	 383	  20	   4	 432	   2	   2	  17	  29	  10	  80	  20	  70	 607	881162	881594	   0	 170	
 384	 384	  80	   2	 438	   1	   1	  18	  29	  10	  80	  20	  70	 389	883268	883706	   0	 160	
 385	 385	  70	   2	 462	   3	   1	  18	  29	  11	  80	  20	  70	 401	885388	885850	   0	 150	
 386	 386	  80	   2	 406	   1	   1	  19	  29	  11	  80	  20	  70	 536	887668	888074	   0	 140	
 387	 387	  20	   4	 582	   2	   2	  19	  30	  11	  80	  20	  70	 308	889668	890250	   0	 140	
 388	 388	  70	   3	 270	   3	   2	  19	  30	  12	  80	  20	  70	 574	892108	892378	   0	 140	
 389	 389	  20	   2	 419	   2	   1	  19	  31	  12	  80	  20	  70	 550	894215	894634	   0	 130	
 390	 390	  70	   1	 409	   3	   1	  19	  31	  13	  80	  20	  70	 492	896401	896810	   0	 140	
 391	 391	  80	   1	 445	   1	   1	  20	  31	  13	  80	  20	  70	 395	898508	898953	   0	 150	
 392	 392	  70	   2	 371	   3	   1	  20	  31	  14	  80	  20	  70	 699	900934	901305	   0	 140	
 393	 393	  20	   2	 336	   2	   1	  20	  32	  14	  80	  20	  70	 422	903001	903337	   0	 130	
 394	 394	  70	   1	 411	   3	   1	  20	  32	  15	  80	  20	  70	 357	904974	905385	   0	 140	
 395	 395	  20	   1	 408	   2	   1	  20	  33	  15	  80	  20	  70	 380	907041	907449	   0	 150	
 396	 396	  70	   3	 288	   3	   2	  20	  33	  16	  80	  20	  70	 671	909401	909689	   0	 150	
 397	 397	  80	   2	 339	   1	   1	  21	  33	  16	  80	  20	  70	 450	911414	911753	   0	 140	
 398	 398	  70	   2	 304	   3	   1	  21	  33	  17	  80	  20	  70	 599	913641	913945	   0	 130	
 399	 399	  20	   2	 331	   2	   1	  21	  34	  17	  80	  20	  70	 554	915774	916105	   0	 120	
 400	 400	  80	   3	 347	   1	   2	  22	  34	  17	  80	  20	  70	 546	917934	918281	   0	 120	
 401	 401	  20	   4	 622	   2	   2	  22	  35	  17	  80	  20	  70	 358	919947	920569	   0	 120	
 402	 402	  80	   1	 568	   1	   1	  23	  35	  17	  80	  20	  70	 549	922401	922969	   0	 130	
 403	 403	  80	   1	 729	   2	   1	  23	   1	  17	  80	  80	  70	 599	924880	925609	   2	 140	
 404	 404	  80	   1	 526	   1	   1	  24	   1	  17	  80	  80	  70	 499	927387	927913	   0	 150	
 405	 405	  80	   1	 382	   2	   1	  24	   2	  17	  80	  80	  70	 515	929707	930089	   0	 160	
 406	 406	  80	   1	 414	   1	   1	  25	   2	  17	  80	  80	  70	 497	931867	932281	   0	 170	
 407	 407	  80	   1	 441	   2	   1	  25	   3	  17	  80	  80	  70	 349	933920	934361	   0	 180	
 408	 408	  80	   1	 429	   1	   1	  26	   3	  17	  80	  80	  70	 616	936267	936696	   0	 190	
 409	 409	  80	   2	 411	   2	   1	  26	   4	  17	  80	  80	  70	 428	938413	938824	   0	 180	
 410	 410	  80	   2	 464	   1	   1	  27	   4	  17	  80	  80	  70	 493	940600	941064	   0	 170	
 411	 411	  80	   1	 477	   2	   1	  27	   5	  17	  80	  80	  70	 501	943067	943544	   0	 180	
 412	 412	  80	   1	 352	   1	   1	  28	   5	  17	  80	  80	  70	 655	945480	945832	   0	 190	
 413	 413	  80	   1	 533	   2	   1	  28	   6	  17	  80	  80	  70	 387	947507	948040	   0	 200	
 414	 414	  80	   1	 406	   1	   1	  29	   6	  17	  80	  80	  70	 333	949666	950072	   0	 210	
 415	 415	  80	   1	 422	   2	   1	  29	   7	  17	  80	  80	  70	 395	951746	952168	   0	 220	
 416	 416	  80	   1	 363	   1	   1	  30	   7	  17	  80	  80	  70	 399	953853	954216	   0	 230	
 417	 417	  70	   3	 526	   3	   2	  30	   7	  18	  80	  80	  70	 442	955946	956472	   0	 230	
 418	 418	  80	   1	 643	   2	   1	  30	   8	  18	  80	  80	  70	 376	958133	958776	   0	 240	
 419	 419	  30	   4	 774	   1	   2	   1	   8	  18	  30	  80	  70	 304	960386	961160	   1	 240	
 420	 420	  80	   2	 443	   2	   1	   1	   9	  18	  30	  80	  70	 361	962813	963256	   0	 230	
 421	 421	  70	   1	 633	   3	   1	   1	   9	  19	  30	  80	  70	 634	965199	965832	   0	 240	
 422	 422	  80	   1	 459	   2	   1	   1	  10	  19	  30	  80	  70	 654	967773	968232	   0	 250	
 423	 423	  30	   3	 384	   1	   2	   2	  10	  19	  30	  80	  70	 446	969959	970343	   0	 250	
 424	 424	  70	   1	 533	   3	   1	   2	  10	  20	  30	  80	  70	 683	972306	972839	   0	 260	
 425	 425	  80	   2	 461	   2	   1	   2	  11	  20	  30	  80	  70	 694	974826	975287	   0	 250	
 426	 426	  30	   3	 376	   1	   2	   3	  11	  20	  30	  80	  70	 474	977039	977415	   0	 250	
 427	 427	  70	   1	 469	   3	   1	   3	  11	  21	  30	  80	  70	 408	979106	979575	   0	 260	
 428	 428	  80	   1	 429	   2	   1	   3	  12	  21	  30	  80	  70	 686	981546	981975	   0	 270	
 429	 429	  30	   2	 333	   1	   1	   4	  12	  21	  30	  80	  70	 603	983866	984199	   0	 260	
 430	 430	  70	   2	 334	   3	   1	   4	  12	  22	  30	  80	  70	 614	986105	986439	   0	 250	
 431	 431	  80	   1	 398	   2	   1	   4	  13	  22	  30	  80	  70	 598	988345	988743	   0	 260	
 432	 432	  70	   2	 291	   3	   1	   4	  13	  23	  30	  80	  70	 514	990532	990823	   0	 250	
 433	 433	  80	   3	 267	   2	   2	   4	  14	  23	  30	  80	  70	 548	992652	992919	   0	 250	
 434	 434	  70	   3	 528	   3	   2	   4	  14	  24	  30	  80	  70	 316	994519	995047	   0	 250	
 435	 435	  80	   1	 363	   2	   1	   4	  15	  24	  30	  80	  70	 572	996892	997255	   0	 260	
 436	 436	  70	   1	 366	   3	   1	   4	  15	  25	  30	  80	  70	 606	999145	999511	   0	 270	
 437	 437	  30	   4	 467	   1	   2	   5	  15	  25	  30	  80	  70	 456	1001252	1001719	   0	 270	
 438	 438	  70	   1	 377	   3	   1	   5	  15	  26	  30	  80	  70	 515	1003518	1003895	   0	 280	
 439	 439	  30	   2	 477	   1	   1	   6	  15	  26	  30	  80	  70	 692	1005865	1006342	   0	 270	
 440	 440	  70	   1	 485	   3	   1	   6	  15	  27	  30	  80	  70	 364	1007985	1008470	   0	 280	
 441	 441	  80	   1	 427	   2	   1	   6	  16	  27	  30	  80	  70	 306	1010091	1010518	   0	 290	
 442	 442	  70	   4	 427	   3	   2	   6	  16	  28	  30	  80	  70	 689	1012491	1012918	   0	 290	
 443	 443	  30	   3	 381	   1	   2	   7	  16	  28	  30	  80	  70	 621	1014825	1015206	   0	 290	
 444	 444	  80	   1	 451	   2	   1	   7	  17	  28	  30	  80	  70	 367	1016851	1017302	   0	 300	
 445	 445	  30	   2	 352	   1	   1	   8	  17	  28	  30	  80	  70	 421	1018998	1019350	   0	 290	
 446	 446	  80	   2	 443	   2	   1	   8	  18	  28	  30	  80	  70	 653	1021291	1021734	   0	 280	
 447	 447	  30	   2	 472	   1	   1	   9	  18	  28	  30	  80	  70	 337	1023358	1023830	   0	 270	
 448	 448	  80	   1	 352	   2	   1	   9	  19	  28	  30	  80	  70	 449	1025558	1025910	   0	 280	
 449	 449	  30	   4	 376	   1	   2	  10	  19	  28	  30	  80	  70	 651	1027838	1028214	   0	 280	
 450	 450	  70	   1	 296	   3	   1	  10	  19	  29	  30	  80	  70	 656	1030158	1030454	   0	 290	
 451	 451	  30	   1	 422	   1	   1	  11	  19	  29	  30	  80	  70	 379	1032144	1032566	   0	 300	
 452	 452	  80	   1	 347	   2	   1	  11	  20	  29	  30	  80	  70	 411	1034251	1034598	   0	 310	
 453	 453	  70	   1	 374	   3	   1	  11	  20	  30	  30	  80	  70	 501	1036384	1036758	   0	 320	
 454	 454	  80	   1	 473	   2	   1	  11	  21	  30	  30	  80	  70	 506	1038557	1039030	   0	 330	
 455	 455	  30	   2	 353	   1	   1	  12	  21	  30	  30	  80	  70	 446	1040757	1041110	   0	 320	
 456	 456	  80	   3	 328	   2	   2	  12	  22	  30	  30	  80	  70	 652	1043037	1043365	   0	 320	
 457	 457	  70	   1	 347	   3	   1	  12	  22	  31	  30	  80	  70	 401	1045050	1045397	   0	 330	
 458	 458	  30	   4	 579	   1	   2	  13	  22	  31	  30	  80	  70	 567	1047250	1047829	   0	 330	
 459	 459	  70	   1	 456	   3	   1	  13	  22	  32	  30	  80	  70	 482	1049597	1050053	   0	 340	
 460	 460	  30	   1	 411	   1	   1	  14	  22	  32	  30	  80	  70	 430	1051770	1052181	   0	 350	
 461	 461	  80	   1	 304	   2	   1	  14	  23	  32	  30	  80	  70	 631	1054117	1054421	   0	 360	
 462	 462	  70	   1	 310	   3	   1	  14	  23	  33	  30	  80	  70	 688	1056383	1056693	   0	 370	
 463	 463	  30	   2	 398	   1	   1	  15	  23	  33	  30	  80	  70	 520	1058503	1058901	   0	 360	
 464	 464	  80	   1	 480	   2	   1	  15	  24	  33	  30	  80	  70	 338	1060517	1060997	   0	 370	
 465	 465	  30	   2	 416	   1	   1	  16	  24	  33	  30	  80	  70	 390	1062677	1063093	   0	 360	
 466	 466	  70	   2	 390	   3	   1	  16	  24	  34	  30	  80	  70	 564	1064943	1065333	   0	 350	
 467	 467	  80	   2	 414	   2	   1	  16	  25	  34	  30	  80	  70	 451	1067063	1067477	   0	 340	
 468	 468	  70	   1	 331	   3	   1	  16	  25	  35	  30	  80	  70	 524	1069290	1069621	   0	 350	
 469	 469	  30	   1	 419	   1	   1	  17	  25	  35	  30	  80	  70	 433	1071330	1071749	   0	 360	
 470	 470	  80	   1	 435	   2	   1	  17	  26	  35	  30	  80	  70	 463	1073490	1073925	   0	 370	
 471	 471	  30	   4	 374	   1	   2	  18	  26	  35	  30	  80	  70	 586	1075823	1076197	   0	 370	
 472	 472	  50	   2	 674	   3	   1	  18	  26	   1	  30	  80	  50	 376	1077890	1078564	   3	 360	
 473	 473	  30	   4	 549	   1	   2	  19	  26	   1	  30	  80	  50	 543	1080383	1080932	   0	 360	
 474	 474	  80	   1	 480	   2	   1	  19	  27	   1	  30	  80	  50	 383	1082596	1083076	   0	 370	
 475	 475	  30	   2	 355	   1	   1	  20	  27	   1	  30	  80	  50	 562	1084929	1085284	   0	 360	
 476	 476	  50	   3	 643	   3	   2	  20	  27	   2	  30	  80	  50	 452	1087009	1087652	   0	 360	
 477	 477	  80	   1	 429	   2	   1	  20	  28	   2	  30	  80	  50	 612	1089543	1089972	   0	 370	
 478	 478	  50	   2	 667	   3	   1	  20	  28	   3	  30	  80	  50	 351	1091609	1092276	   0	 360	
 479	 479	  80	   2	 494	   2	   1	  20	  29	   3	  30	  80	  50	 302	1093862	1094356	   0	 350	
 480	 480	  30	   2	 326	   1	   1	  21	  29	   3	  30	  80	  50	 504	1096142	1096468	   0	 340	
 481	 481	  50	   2	 411	   3	   1	  21	  29	   4	  30	  80	  50	 471	1098249	1098660	   0	 330	
 482	 482	  80	   1	 344	   2	   1	  21	  30	   4	  30	  80	  50	 463	1100396	1100740	   0	 340	
 483	 483	  50	   1	 400	   3	   1	  21	  30	   5	  30	  80	  50	 659	1102676	1103076	   0	 350	
 484	 484	  20	   3	 598	   2	   2	  21	   1	   5	  30	  20	  50	 645	1105022	1105620	   2	 350	
 485	 485	  30	   1	 561	   1	   1	  22	   1	   5	  30	  20	  50	 653	1107555	1108116	   0	 360	
 486	 486	  20	   2	 430	   2	   1	  22	   2	   5	  30	  20	  50	 537	1109942	1110372	   0	 350	
 487	 487	  50	   1	 422	   3	   1	  22	   2	   6	  30	  20	  50	 645	1112302	1112724	   0	 360	
 488	 488	  20	   2	 728	   2	   1	  22	   3	   6	  30	  20	  50	 557	1114555	1115283	   0	 350	
 489	 489	  30	   1	 445	   1	   1	  23	   3	   6	  30	  20	  50	 495	1117062	1117507	   0	 360	
 490	 490	  50	   3	 536	   3	   2	  23	   3	   7	  30	  20	  50	 643	1119435	1119971	   0	 360	
 491	 491	  30	   2	 899	   1	   1	  24	   3	   7	  30	  20	  50	 607	1121888	1122787	   0	 350	
 492	 492	  50	   3	 547	   3	   2	  24	   3	   8	  30	  20	  50	 381	1124448	1124995	   0	 350	
 493	 493	  20	   1	 333	   2	   1	  24	   4	   8	  30	  20	  50	 461	1126742	1127075	   0	 360	
 494	 494	  50	   2	 480	   3	   1	  24	   4	   9	  30	  20	  50	 473	1128835	1129315	   0	 350	
 495	 495	  30	   4	 435	   1	   2	  25	   4	   9	  30	  20	  50	 403	1131008	1131443	   0	 350	
 496	 496	  20	   2	 374	   2	   1	  25	   5	   9	  30	  20	  50	 541	1133261	1133635	   0	 340	
 497	 497	  50	   4	 336	   3	   2	  25	   5	  10	  30	  20	  50	 635	1135555	1135891	   0	 340	
 498	 498	  30	   2	 299	   1	   1	  26	   5	  10	  30	  20	  50	 597	1137768	1138067	   0	 330	
 499	 499	  50	   1	 363	   3	   1	  26	   5	  11	  30	  20	  50	 422	1139768	1140131	   0	 340	
 500	 500	  30	   2	 443	   1	   1	  27	   5	  11	  30	  20	  50	 429	1141848	1142291	   0	 330	
 501	 501	  50	   2	 355	   3	   1	  27	   5	  12	  30	  20	  50	 604	1144208	1144563	   0	 320	
 502	 502	  20	   4	 299	   2	   2	  27	   6	  12	  30	  20	  50	 400	1146248	1146547	   0	 320	
 503	 503	  30	   1	 635	   1	   1	  28	   6	  12	  30	  20	  50	 665	1148488	1149123	   0	 330	
 504	 504	  50	   3	 496	   3	   2	  28	   6	  13	  30	  20	  50	 507	1150914	1151410	   0	 330	
 505	 505	  30	   4	 544	   1	   2	  29	   6	  13	  30	  20	  50	 624	1153314	1153858	   0	 330	
 506	 506	  20	   2	 611	   2	   1	  29	   7	  13	  30	  20	  50	 354	1155487	1156098	   0	 320	
 507	 507	  50	   3	 525	   3	   2	  29	   7	  14	  30	  20	  50	 401	1157781	1158306	   0	 320	
 508	 508	  20	   4	 507	   2	   2	  29	   8	  14	  30	  20	  50	 583	1160167	1160674	   0	 320	
 509	 509	  50	   2	 349	   3	   1	  29	   8	  15	  30	  20	  50	 464	1162421	1162770	   0	 310	
 510	 510	  30	   2	 264	   1	   1	  30	   8	  15	  30	  20	  50	 580	1164634	1164898	   0	 300	
 511	 511	  50	   2	 880	   3	   1	  30	   8	  16	  30	  20	  50	 392	1166594	1167474	   0	 290	
 512	 512	  30	   2	 499	   1	   1	  31	   8	  16	  30	  20	  50	 651	1169407	1169906	   0	 280	
 513	 513	  20	   2	 499	   2	   1	  31	   9	  16	  30	  20	  50	 542	1171727	1172226	   0	 270	
 514	 514	  30	   2	 334	   1	   1	  32	   9	  16	  30	  20	  50	 427	1173940	1174274	   0	 260	
 515	 515	  50	   1	 382	   3	   1	  32	   9	  17	  30	  20	  50	 696	1176260	1176642	   0	 270	
 516	 516	  30	   2	 521	   1	   1	  33	   9	  17	  30	  20	  50	 547	1178473	1178994	   0	 260	
 517	 517	  20	   2	 710	   2	   1	  33	  10	  17	  30	  20	  50	 335	1180620	1181330	   0	 250	
 518	 518	  50	   2	 462	   3	   1	  33	  10	  18	  30	  20	  50	 603	1183220	1183682	   0	 240	
 519	 519	  20	   4	 413	   2	   2	  33	  11	  18	  30	  20	  50	 501	1185460	1185873	   0	 240	
 520	 520	  80	   2	 693	   1	   1	   1	  11	  18	  80	  20	  50	 635	1187820	1188513	   1	 230	
 521	 521	  20	   4	 579	   2	   2	   1	  12	  18	  80	  20	  50	 455	1190286	1190865	   0	 230	
 522	 522	  50	   1	 501	   3	   1	   1	  12	  19	  80	  20	  50	 557	1192700	1193201	   0	 240	
 523	 523	  80	   3	 672	   1	   2	   2	  12	  19	  80	  20	  50	 676	1195153	1195825	   0	 240	
 524	 524	  50	   2	 675	   3	   1	   2	  12	  20	  80	  20	  50	 625	1197726	1198401	   0	 230	
 525	 525	  80	   1	 645	   1	   1	   3	  12	  20	  80	  20	  50	 460	1200140	1200785	   0	 240	
 526	 526	  50	   4	 918	   3	   2	   3	  12	  21	  80	  20	  50	 468	1202539	1203457	   0	 240	
 527	 527	  80	   2	 443	   1	   1	   4	  12	  21	  80	  20	  50	 391	1205126	1205569	   0	 230	
 528	 528	  50	   2	 478	   3	   1	   4	  12	  22	  80	  20	  50	 359	1207219	1207697	   0	 220	
 529	 529	  80	   1	 515	   1	   1	   5	  12	  22	  80	  20	  50	 430	1209406	1209921	   0	 230	
 530	 530	  50	   1	 600	   3	   1	   5	  12	  23	  80	  20	  50	 548	1211753	1212353	   0	 240	
 531	 531	  80	   1	 483	   1	   1	   6	  12	  23	  80	  20	  50	 536	1214206	1214689	   0	 250	
 532	 532	  50	   1	 582	   3	   1	   6	  12	  24	  80	  20	  50	 487	1216459	1217041	   0	 260	
 533	 533	  80	   3	 489	   1	   2	   7	  12	  24	  80	  20	  50	 629	1218952	1219441	   0	 260	
 534	 534	  20	   4	 622	   2	   2	   7	  13	  24	  80	  20	  50	 657	1221379	1222001	   0	 260	
 535	 535	  50	   1	 517	   3	   1	   7	  13	  25	  80	  20	  50	 373	1223659	1224176	   0	 270	
 536	 536	  20	   3	 496	   2	   2	   7	  14	  25	  80	  20	  50	 341	1225792	1226288	   0	 270	
 537	 537	  80	   3	 691	   1	   2	   8	  14	  25	  80	  20	  50	 468	1228045	1228736	   0	 270	
 538	 538	  50	   1	 589	   3	   1	   8	  14	  26	  80	  20	  50	 407	1230419	1231008	   0	 280	
 539	 539	  20	   4	 608	   2	   2	   8	  15	  26	  80	  20	  50	 617	1232912	1233520	   0	 280	
 540	 540	  50	   4	 680	   3	   2	   8	  15	  27	  80	  20	  50	 632	1235432	1236112	   0	 280	
 541	 541	  20	   3	 560	   2	   2	   8	  16	  27	  80	  20	  50	 525	1237952	1238512	   0	 280	
 542	 542	  50	   4	 507	   3	   2	   8	  16	  28	  80	  20	  50	 364	1240165	1240672	   0	 280	
 543	 543	  20	   2	 547	   2	   1	   8	  17	  28	  80	  20	  50	 324	1242285	1242832	   0	 270	
 544	 544	  80	   3	 782	   1	   2	   9	  17	  28	  80	  20	  50	 696	1244818	1245600	   0	 270	
 545	 545	  20	   2	 454	   2	   1	   9	  18	  28	  80	  20	  50	 377	1247258	1247712	   0	 260	
 546	 546	  50	   1	 558	   3	   1	   9	  18	  29	  80	  20	  50	 541	1249538	1250096	   0	 270	
 547	 547	  20	   4	 323	   2	   2	   9	  19	  29	  80	  20	  50	 352	1251725	1252048	   0	 270	
 548	 548	  80	   1	 587	   1	   1	  10	  19	  29	  80	  20	  50	 666	1254005	1254592	   0	 280	
 549	 549	  50	   4	 585	   3	   2	  10	  19	  30	  80	  20	  50	 674	1256551	1257136	   0	 280	
 550	 550	  20	   2	 448	   2	   1	  10	  20	  30	  80	  20	  50	 340	1258751	1259199	   0	 270	
 551	 551	  80	   1	 589	   1	   1	  11	  20	  30	  80	  20	  50	 316	1260818	1261407	   0	 280	
 552	 552	  20	   4	 349	   2	   2	  11	  21	  30	  80	  20	  50	 522	1263218	1263567	   0	 280	
 553	 553	  80	   1	 491	   1	   1	  12	  21	  30	  80	  20	  50	 431	1265284	1265775	   0	 290	
 554	 554	  50	   1	 339	   3	   1	  12	  21	  31	  80	  20	  50	 356	1267404	1267743	   0	 300	
 555	 555	  20	   3	 629	   2	   2	  12	  22	  31	  80	  20	  50	 477	1269498	1270127	   0	 300	
 556	 556	  50	   4	 592	   3	   2	  12	  22	  32	  80	  20	  50	 617	1272031	1272623	   0	 300	
 557	 557	  80	   1	 867	   1	   1	  13	  22	  32	  80	  20	  50	 459	1274364	1275231	   0	 310	
 558	 558	  50	   2	 571	   3	   1	  13	  22	  33	  80	  20	  50	 369	1276884	1277455	   0	 300	
 559	 559	  80	   2	 531	   1	   1	  14	  22	  33	  80	  20	  50	 596	1279324	1279855	   0	 290	
 560	 560	  30	   4	 616	   3	   2	  14	  22	   1	  80	  20	  30	 385	1281591	1282207	   3	 290	
 561	 561	  80	   1	 499	   1	   1	  15	  22	   1	  80	  20	  30	 687	1284204	1284703	   0	 300	
 562	 562	  20	   4	 598	   2	   2	  15	  23	   1	  80	  20	  30	 630	1286617	1287215	   0	 300	
 563	 563	  30	   4	 419	   3	   2	  15	  23	   2	  80	  20	  30	 512	1289004	1289423	   0	 300	
 564	 564	  20	   4	 587	   2	   2	  15	  24	   2	  80	  20	  30	 497	1291204	1291791	   0	 300	
 565	 565	  80	   2	 312	   1	   1	  16	  24	   2	  80	  20	  30	 518	1293590	1293902	   0	 290	
 566	 566	  20	   4	 453	   2	   2	  16	  25	   2	  80	  20	  30	 309	1295497	1295950	   0	 290	
 567	 567	  80	   1	 403	   1	   1	  17	  25	   2	  80	  20	  30	 642	1297883	1298286	   0	 300	
 568	 568	  30	   4	 443	   3	   2	  17	  25	   3	  80	  20	  30	 596	1300163	1300606	   0	 300	
 569	 569	  20	   4	 624	   2	   2	  17	  26	   3	  80	  20	  30	 462	1302350	1302974	   0	 300	
 570	 570	  80	   1	 379	   1	   1	  18	  26	   3	  80	  20	  30	 473	1304723	1305102	   0	 310	
 571	 571	  20	   2	 451	   2	   1	  18	  27	   3	  80	  20	  30	 516	1306923	1307374	   0	 300	
 572	 572	  80	   1	 582	   1	   1	  19	  27	   3	  80	  20	  30	 450	1309096	1309678	   0	 310	
 573	 573	  30	   4	 502	   3	   2	  19	  27	   4	  80	  20	  30	 304	1311256	1311758	   0	 310	
 574	 574	  20	   3	 870	   2	   2	  19	  28	   4	  80	  20	  30	 376	1313416	1314286	   0	 310	
 575	 575	  30	   3	 526	   3	   2	  19	  28	   5	  80	  20	  30	 524	1316096	1316622	   0	 310	
 576	 576	  20	   4	 958	   2	   2	  19	  29	   5	  80	  20	  30	 349	1318256	1319214	   0	 310	
 577	 577	  80	   1	 505	   1	   1	  20	  29	   5	  80	  20	  30	 462	1320949	1321454	   0	 320	
 578	 578	  20	   4	 419	   2	   2	  20	  30	   5	  80	  20	  30	 509	1323243	1323662	   0	 320	
 579	 579	  30	   4	 481	   3	   2	  20	  30	   6	  80	  20	  30	 686	1325629	1326110	   0	 320	
 580	 580	  20	   4	 622	   2	   2	  20	  31	   6	  80	  20	  30	 460	1327856	1328478	   0	 320	
 581	 581	  80	   1	 338	   1	   1	  21	  31	   6	  80	  20	  30	 657	1330443	1330781	   0	 330	
 582	 582	  20	   4	 472	   2	   2	  21	  32	   6	  80	  20	  30	 330	1332389	1332861	   0	 330	
 583	 583	  30	   3	 533	   3	   2	  21	  32	   7	  80	  20	  30	 554	1334696	1335229	   0	 330	
 584	 584	  20	   4	 787	   2	   2	  21	  33	   7	  80	  20	  30	 481	1337002	1337789	   0	 330	
 585	 585	  30	   4	 475	   3	   2	  21	  33	   8	  80	  20	  30	 681	1339762	1340237	   0	 330	
 586	 586	  80	   2	 344	   1	   1	  22	  33	   8	  80	  20	  30	 386	1341909	1342253	   0	 320	
 587	 587	  30	   4	 352	   3	   2	  22	  33	   9	  80	  20	  30	 338	1343869	1344221	   0	 320	
 588	 588	  80	   1	 456	   1	   1	  23	  33	   9	  80	  20	  30	 486	1345989	1346445	   0	 330	
 589	 589	  20	   4	 462	   2	   2	  23	  34	   9	  80	  20	  30	 603	1348335	1348797	   0	 330	
 590	 590	  30	   3	 352	   3	   2	  23	  34	  10	  80	  20	  30	 671	1350749	1351101	   0	 330	
 591	 591	  80	   1	 384	   1	   1	  24	  34	  10	  80	  20	  30	 662	1353069	1353453	   0	 340	
 592	 592	  20	   4	 390	   2	   2	  24	  35	  10	  80	  20	  30	 692	1355415	1355805	   0	 340	
 593	 593	  80	   1	 329	   1	   1	  25	  35	  10	  80	  20	  30	 583	1357668	1357997	   0	 350	
 594	 594	  70	   1	 574	   2	   1	  25	   1	  10	  80	  70	  30	 317	1359615	1360189	   2	 360	
 595	 595	  80	   1	 523	   1	   1	  26	   1	  10	  80	  70	  30	 606	1362082	1362605	   0	 370	
 596	 596	  30	   2	 430	   3	   1	  26	   1	  11	  80	  70	  30	 682	1364575	1365005	   0	 360	
 597	 597	  80	   1	 365	   1	   1	  27	   1	  11	  80	  70	  30	 681	1366975	1367340	   0	 370	
 598	 598	  70	   1	 360	   2	   1	  27	   2	  11	  80	  70	  30	 410	1369028	1369388	   0	 380	
 599	 599	  80	   2	 419	   1	   1	  28	   2	  11	  80	  70	  30	 399	1371081	1371500	   0	 370	
 600	 600	  30	   4	 336	   3	   2	  28	   2	  12	  80	  70	  30	 529	1373308	1373644	   0	 370	
 601	 601	  80	   1	 491	   1	   1	  29	   2	  12	  80	  70	  30	 402	1375361	1375852	   0	 380	
 602	 602	  70	   1	 504	   2	   1	  29	   3	  12	  80	  70	  30	 614	1377748	1378252	   0	 390	
 603	 603	  30	   2	 443	   3	   1	  29	   3	  13	  80	  70	  30	 471	1380001	1380444	   0	 380	
 604	 604	  70	   3	 344	   2	   2	  29	   4	  13	  80	  70	  30	 419	1382148	1382492	   0	 380	
 605	 605	  30	   2	 710	   3	   1	  29	   4	  14	  80	  70	  30	 689	1384454	1385164	   0	 370	
 606	 606	  70	   2	 384	   2	   1	  29	   5	  14	  80	  70	  30	 463	1386908	1387292	   0	 360	
 607	 607	  30	   1	 387	   3	   1	  29	   5	  15	  80	  70	  30	 432	1389001	1389388	   0	 370	
 608	 608	  70	   1	 382	   2	   1	  29	   6	  15	  80	  70	  30	 455	1391134	1391516	   0	 380	
 609	 609	  30	   2	 475	   3	   1	  29	   6	  16	  80	  70	  30	 652	1393441	1393916	   0	 370	
 610	 610	  80	   1	 411	   1	   1	  30	   6	  16	  80	  70	  30	 487	1395681	1396092	   0	 380	
 611	 611	  70	   2	 510	   2	   1	  30	   7	  16	  80	  70	  30	 377	1397774	1398284	   0	 370	
 612	 612	  30	   2	 377	   3	   1	  30	   7	  17	  80	  70	  30	 659	1400227	1400604	   0	 360	
 613	 613	  70	   1	 408	   2	   1	  30	   8	  17	  80	  70	  30	 341	1402227	1402635	   0	 370	
 614	 614	  50	   2	 571	   1	   1	   1	   8	  17	  50	  70	  30	 460	1404400	1404971	   1	 360	
 615	 615	  70	   1	 424	   2	   1	   1	   9	  17	  50	  70	  30	 454	1406707	1407131	   0	 370	
 616	 616	  30	   2	 469	   3	   1	   1	   9	  18	  50	  70	  30	 692	1409094	1409563	   0	 360	
 617	 617	  50	   2	 424	   1	   1	   2	   9	  18	  50	  70	  30	 504	1411347	1411771	   0	 350	
 618	 618	  30	   1	 445	   3	   1	   2	   9	  19	  50	  70	  30	 321	1413374	1413819	   0	 360	
 619	 619	  70	   2	 469	   2	   1	   2	  10	  19	  50	  70	  30	 392	1415494	1415963	   0	 350	
 620	 620	  30	   1	 382	   3	   1	   2	  10	  20	  50	  70	  30	 608	1417853	1418235	   0	 360	
 621	 621	  70	   1	 496	   2	   1	   2	  11	  20	  50	  70	  30	 641	1420187	1420683	   0	 370	
 622	 622	  50	   2	 494	   1	   1	   3	  11	  20	  50	  70	  30	 521	1422493	1422987	   0	 360	
 623	 623	  70	   1	 464	   2	   1	   3	  12	  20	  50	  70	  30	 626	1424907	1425371	   0	 370	
 624	 624	  50	   3	 342	   1	   2	   4	  12	  20	  50	  70	  30	 607	1427253	1427595	   0	 370	
 625	 625	  30	   1	 318	   3	   1	   4	  12	  21	  50	  70	  30	 576	1429453	1429771	   0	 380	
 626	 626	  70	   1	 502	   2	   1	   4	  13	  21	  50	  70	  30	 687	1431733	1432235	   0	 390	
 627	 627	  50	   1	 566	   1	   1	   5	  13	  21	  50	  70	  30	 384	1433893	1434459	   0	 400	
 628	 628	  30	   4	 750	   3	   2	   5	  13	  22	  50	  70	  30	 436	1436173	1436923	   0	 400	
 629	 629	  50	   2	 760	   1	   1	   6	  13	  22	  50	  70	  30	 416	1438626	1439386	   0	 390	
 630	 630	  70	   1	 563	   2	   1	   6	  14	  22	  50	  70	  30	 406	1441079	1441642	   0	 400	
 631	 631	  30	   4	 443	   3	   2	   6	  14	  23	  50	  70	  30	 480	1443439	1443882	   0	 400	
 632	 632	  50	   1	 355	   1	   1	   7	  14	  23	  50	  70	  30	 469	1445639	1445994	   0	 410	
 633	 633	  70	   2	 531	   2	   1	   7	  15	  23	  50	  70	  30	 359	1447639	1448170	   0	 400	
 634	 634	  30	   4	 584	   3	   2	   7	  15	  24	  50	  70	  30	 463	1449906	1450490	   0	 400	
 635	 635	  50	   1	 547	   1	   1	   8	  15	  24	  50	  70	  30	 671	1452439	1452986	   0	 410	
 636	 636	  30	   4	 464	   3	   2	   8	  15	  25	  50	  70	  30	 552	1454826	1455290	   0	 410	
 637	 637	  50	   3	 408	   1	   2	   9	  15	  25	  50	  70	  30	 538	1457106	1457514	   0	 410	
 638	 638	  30	   2	 491	   3	   1	   9	  15	  26	  50	  70	  30	 481	1459279	1459770	   0	 400	
 639	 639	  70	   1	 504	   2	   1	   9	  16	  26	  50	  70	  30	 613	1461666	1462170	   0	 410	
 640	 640	  50	   2	 608	   1	   1	  10	  16	  26	  50	  70	  30	 342	1463786	1464394	   0	 400	
 641	 641	  70	   1	 462	   2	   1	  10	  17	  26	  50	  70	  30	 638	1466332	1466794	   0	 410	
 642	 642	  30	   3	 593	   3	   2	  10	  17	  27	  50	  70	  30	 591	1468665	1469258	   0	 410	
 643	 643	  50	   1	 427	   1	   1	  11	  17	  27	  50	  70	  30	 578	1471119	1471546	   0	 420	
 644	 644	  70	   1	 573	   2	   1	  11	  18	  27	  50	  70	  30	 456	1473292	1473865	   0	 430	
 645	 645	  30	   4	 592	   3	   2	  11	  18	  28	  50	  70	  30	 631	1475785	1476377	   0	 430	
 646	 646	  70	   2	 533	   2	   1	  11	  19	  28	  50	  70	  30	 470	1478132	1478665	   0	 420	
 647	 647	  50	   4	 395	   1	   2	  12	  19	  28	  50	  70	  30	 367	1480318	1480713	   0	 420	
 648	 648	  30	   4	 629	   3	   2	  12	  19	  29	  50	  70	  30	 533	1482532	1483161	   0	 420	
 649	 649	  50	   2	 509	   1	   1	  13	  19	  29	  50	  70	  30	 362	1484812	1485321	   0	 410	
 650	 650	  30	   3	 469	   3	   2	  13	  19	  30	  50	  70	  30	 409	1487012	1487481	   0	 410	
 651	 651	  70	   2	 518	   2	   1	  13	  20	  30	  50	  70	  30	 373	1489171	1489689	   0	 400	
 652	 652	  30	   4	 515	   3	   2	  13	  20	   1	  50	  70	  30	 436	1491398	1491913	   0	 400	
 653	 653	  50	   1	 374	   1	   1	  14	  20	   1	  50	  70	  30	 377	1493571	1493945	   0	 410	
 654	 654	  70	   2	 616	   2	   1	  14	  21	   1	  50	  70	  30	 352	1495585	1496201	   0	 400	
 655	 655	  50	   1	 427	   1	   1	  15	  21	   1	  50	  70	  30	 593	1498078	1498505	   0	 410	
 656	 656	  70	   1	 507	   2	   1	  15	  22	   1	  50	  70	  30	 360	1500158	1500665	   0	 420	
 657	 657	  30	   2	 555	   3	   1	  15	  22	   2	  50	  70	  30	 524	1502478	1503033	   0	 410	
 658	 658	  50	   2	 441	   1	   1	  16	  22	   2	  50	  70	  30	 635	1504944	1505385	   0	 400	
 659	 659	  30	   2	 627	   3	   1	  16	  22	   3	  50	  70	  30	 403	1507078	1507705	   0	 390	
 660	 660	  70	   1	 565	   2	   1	  16	  23	   3	  50	  70	  30	 338	1509331	1509896	   0	 400	
 661	 661	  30	   4	 626	   3	   2	  16	  23	   4	  50	  70	  30	 432	1511638	1512264	   0	 400	
 662	 662	  70	   1	 528	   2	   1	  16	  24	   4	  50	  70	  30	 308	1513864	1514392	   0	 410	
 663	 663	  30	   1	 523	   3	   1	  16	  24	   5	  50	  70	  30	 649	1516317	1516840	   0	 420	
 664	 664	  70	   1	 483	   2	   1	  16	  25	   5	  50	  70	  30	 468	1518597	1519080	   0	 430	
 665	 665	  50	   3	 755	   1	   2	  17	  25	   5	  50	  70	  30	 470	1520837	1521592	   0	 430	
 666	 666	  30	   4	 635	   3	   2	  17	  25	   6	  50	  70	  30	 481	1523357	1523992	   0	 430	
 667	 667	  70	   1	 534	   2	   1	  17	  26	   6	  50	  70	  30	 461	1525730	1526264	   0	 440	
 668	 668	  30	   3	 560	   3	   2	  17	  26	   7	  50	  70	  30	 396	1527944	1528504	   0	 440	
 669	 669	  50	   2	 456	   1	   1	  18	  26	   7	  50	  70	  30	 672	1530464	1530920	   0	 430	
 670	 670	  70	   2	 515	   2	   1	  18	  27	   7	  50	  70	  30	 468	1532677	1533192	   0	 420	
 671	 671	  50	   3	 566	   1	   2	  19	  27	   7	  50	  70	  30	 595	1535090	1535656	   0	 420	
 672	 672	  30	   4	 673	   3	   2	  19	  27	   8	  50	  70	  30	 441	1537383	1538056	   0	 420	
 673	 673	  70	   1	 545	   2	   1	  19	  28	   8	  50	  70	  30	 361	1539703	1540248	   0	 430	
 674	 674	  30	   2	 419	   3	   1	  19	  28	   9	  50	  70	  30	 597	1542117	1542536	   0	 420	
 675	 675	  50	   2	 381	   1	   1	  20	  28	   9	  50	  70	  30	 670	1544490	1544871	   0	 410	
 676	 676	  70	   1	 525	   2	   1	  20	  29	   9	  50	  70	  30	 580	1546730	1547255	   0	 420	
 677	 677	  30	   3	 493	   3	   2	  20	  29	  10	  50	  70	  30	 675	1549210	1549703	   0	 420	
 678	 678	  50	   3	 453	   1	   2	  21	  29	  10	  50	  70	  30	 342	1551330	1551783	   0	 420	
 679	 679	  70	   2	 523	   2	   1	  21	  30	  10	  50	  70	  30	 520	1553596	1554119	   0	 410	
 680	 680	  50	   1	 515	   1	   1	  22	  30	  10	  50	  70	  30	 628	1556036	1556551	   0	 420	
 681	 681	  30	   4	 691	   3	   2	  22	  30	  11	  50	  70	  30	 343	1558196	1558887	   0	 420	
 682	 682	  50	   1	 560	   1	   1	  23	  30	  11	  50	  70	  30	 657	1560823	1561383	   0	 430	
 683	 683	  30	   4	 547	   3	   2	  23	  30	  12	  50	  70	  30	 402	1563076	1563623	   0	 430	
 684	 684	  50	   2	 411	   1	   1	  24	  30	  12	  50	  70	  30	 522	1565436	1565847	   0	 420	
 685	 685	  70	   1	 579	   2	   1	  24	  31	  12	  50	  70	  30	 349	1567476	1568055	   0	 430	
 686	 686	  50	   2	 464	   1	   1	  25	  31	  12	  50	  70	  30	 446	1569783	1570247	   0	 420	
 687	 687	  70	   1	 537	   2	   1	  25	  32	  12	  50	  70	  30	 698	1572222	1572759	   0	 430	
 688	 688	  50	   4	 571	   1	   2	  26	  32	  12	  50	  70	  30	 677	1574716	1575287	   0	 430	
 689	 689	  30	   4	 457	   3	   2	  26	  32	  13	  50	  70	  30	 457	1577022	1577479	   0	 430	
 690	 690	  50	   2	 611	   1	   1	  27	  32	  13	  50	  70	  30	 636	1579396	1580007	   0	 420	
 691	 691	  30	   4	 378	   3	   2	  27	  32	  14	  50	  70	  30	 528	1581836	1582214	   0	 420	
 692	 692	  70	   1	 549	   2	   1	  27	  33	  14	  50	  70	  30	 311	1583809	1584358	   0	 430	
 693	 693	  30	   3	 619	   3	   2	  27	  33	  15	  50	  70	  30	 437	1586075	1586694	   0	 430	
 694	 694	  50	   1	 331	   1	   1	  28	  33	  15	  50	  70	  30	 424	1588395	1588726	   0	 440	
 695	 695	  70	   2	 517	   2	   1	  28	  34	  15	  50	  70	  30	 440	1590449	1590966	   0	 430	
 696	 696	  30	   2	 395	   3	   1	  28	  34	  16	  50	  70	  30	 308	1592555	1592950	   0	 420	
 697	 697	  50	   2	 379	   1	   1	  29	  34	  16	  50	  70	  30	 652	1594875	1595254	   0	 410	
 698	 698	  30	   4	 374	   3	   2	  29	  34	  17	  50	  70	  30	 474	1597008	1597382	   0	 410	
 699	 699	  50	   3	 390	   1	   2	  30	  34	  17	  50	  70	  30	 665	1599328	1599718	   0	 410	
 700	 700	  30	   4	 459	   3	   2	  30	  34	  18	  50	  70	  30	 358	1601355	1601814	   0	 410	
 701	 701	  70	   1	 544	   2	   1	  30	  35	  18	  50	  70	  30	 504	1603622	1604166	   0	 420	
 702	 702	  30	   3	 510	   3	   2	  30	  35	  19	  50	  70	  30	 324	1605768	1606278	   0	 420	
 703	 703	  50	   2	 400	   1	   1	  31	  35	  19	  50	  70	  30	 303	1607862	1608262	   0	 410	
 704	 704	  30	   1	 491	   3	   1	  31	  35	  20	  50	  70	  30	 440	1609995	1610486	   0	 420	
 705	 705	  50	   2	 390	   1	   1	  32	  35	  20	  50	  70	  30	 439	1612208	1612598	   0	 410	
 706	 706	  70	   1	 475	   2	   1	  32	   1	  20	  50	  70	  30	 668	1614555	1615030	   0	 420	
 707	 707	  50	   1	 377	   1	   1	  33	   1	  20	  50	  70	  30	 467	1616781	1617158	   0	 430	
 708	 708	  30	   3	 530	   3	   2	  33	   1	  21	  50	  70	  30	 634	1619075	1619605	   0	 430	
 709	 709	  50	   4	 323	   1	   2	   1	   1	  21	  50	  70	  30	 515	1621394	1621717	   0	 430	
