Version: 1	Number of symbols: 3	Pictures exchange: true	Response Deadline: 2000
Trial_No	Virt_Trial_No	Prob_Shown	Feedback	RT	Stimulus_No	Resp	SymbolA_Stage	SymbolB_Stage	SymbolC_Stage	Prob_A	Prob_B	Prob_C	Jitter	StimOnset	RespOnset	Symbol_Changes	Bonus_sum
   1	   1	  30	   2	1121	   1	   1	   1	   0	   0	  30	  70	  50	 369	1566	2687	   0	 -10	
   2	   2	  50	   2	 728	   3	   1	   1	   0	   1	  30	  70	  50	 596	4583	5311	   0	 -20	
   3	   3	  30	   2	 454	   1	   1	   2	   0	   1	  30	  70	  50	 416	7033	7487	   0	 -30	
   4	   4	  50	   3	 544	   3	   2	   2	   0	   2	  30	  70	  50	 383	9183	9727	   0	 -30	
   5	   5	  70	   3	 975	   2	   2	   2	   1	   2	  30	  70	  50	 588	11616	12591	   0	 -30	
   6	   6	  30	   2	 764	   1	   1	   3	   1	   2	  30	  70	  50	 600	14499	15263	   0	 -40	
   7	   7	  50	   2	 501	   3	   1	   3	   1	   3	  30	  70	  50	 484	17066	17567	   0	 -50	
   8	   8	  70	   1	 373	   2	   1	   3	   2	   3	  30	  70	  50	 603	19482	19855	   0	 -40	
   9	   9	  50	   2	 363	   3	   1	   3	   2	   4	  30	  70	  50	 549	21716	22079	   0	 -50	
  10	  10	  30	   3	 236	   1	   2	   4	   2	   4	  30	  70	  50	 312	23699	23935	   0	 -50	
  11	  11	  50	   1	 105	   3	   1	   4	   2	   5	  30	  70	  50	 523	25782	25887	   0	 -40	
  12	  12	  70	   3	 257	   2	   2	   4	   3	   5	  30	  70	  50	 357	27549	27806	   0	 -40	
  13	  13	  50	   4	 267	   3	   2	   4	   3	   6	  30	  70	  50	 595	29699	29966	   0	 -40	
  14	  14	  70	   2	 697	   2	   1	   4	   4	   6	  30	  70	  50	 473	31749	32446	   0	 -50	
  15	  15	  50	   3	 811	   3	   2	   4	   4	   7	  30	  70	  50	 358	34115	34926	   0	 -50	
  16	  16	  30	   1	 282	   1	   1	   5	   4	   7	  30	  70	  50	 700	36932	37214	   0	 -40	
  17	  17	  70	   2	 651	   2	   1	   5	   5	   7	  30	  70	  50	 378	38899	39550	   0	 -50	
  18	  18	  50	   3	 447	   3	   2	   5	   5	   8	  30	  70	  50	 356	41215	41662	   0	 -50	
  19	  19	  70	   3	 269	   2	   2	   5	   6	   8	  30	  70	  50	 665	43649	43918	   0	 -50	
  20	  20	  30	   2	 319	   1	   1	   6	   6	   8	  30	  70	  50	 394	45615	45934	   0	 -60	
  21	  21	  50	   2	  22	   3	   1	   6	   6	   9	  30	  70	  50	 584	47848	47870	   0	 -70	
  22	  22	  30	   4	 169	   1	   2	   7	   6	   9	  30	  70	  50	 586	49765	49934	   0	 -70	
  23	  23	  50	   3	 582	   3	   2	   7	   6	  10	  30	  70	  50	 603	51848	52430	   0	 -70	
NaN	  24	  30	NaN	NaN	   1	   3	   7	   6	  10	  30	  70	  50	 682	51848	NaN	   0	 -70	
  24	  25	  70	   3	1082	   2	   2	   7	   7	  10	  30	  70	  50	 429	58132	59214	   0	 -70	
  25	  26	  50	   3	 796	   3	   2	   7	   7	  11	  30	  70	  50	 372	60898	61694	   0	 -70	
  26	  27	  30	   4	 636	   1	   2	   8	   7	  11	  30	  70	  50	 689	63698	64334	   0	 -70	
  27	  28	  50	   4	 332	   3	   2	   8	   7	  12	  30	  70	  50	 455	66098	66430	   0	 -70	
  28	  29	  70	   3	1387	   2	   2	   8	   8	  12	  30	  70	  50	 375	68115	69502	   0	 -70	
  29	  30	  50	   1	 489	   3	   1	   8	   8	  13	  30	  70	  50	 569	71381	71870	   0	 -60	
  30	  31	  70	   3	 329	   2	   2	   8	   9	  13	  30	  70	  50	 602	73781	74110	   0	 -60	
  31	  32	  50	   3	 346	   3	   2	   8	   9	  14	  30	  70	  50	 312	75731	76077	   0	 -60	
  32	  33	  30	   4	 411	   1	   2	   9	   9	  14	  30	  70	  50	 699	78098	78509	   0	 -60	
  33	  34	  70	   4	 293	   2	   2	   9	  10	  14	  30	  70	  50	 447	80264	80557	   0	 -60	
  34	  35	  30	   3	 547	   1	   2	  10	  10	  14	  30	  70	  50	 434	82298	82845	   0	 -60	
  35	  36	  70	   3	 277	   2	   2	  10	  11	  14	  30	  70	  50	 500	84664	84941	   0	 -60	
  36	  37	  50	   4	 310	   3	   2	  10	  11	  15	  30	  70	  50	 382	86631	86941	   0	 -60	
  37	  38	  30	   4	 301	   1	   2	  11	  11	  15	  30	  70	  50	 629	88864	89165	   0	 -60	
  38	  39	  70	   4	 245	   2	   2	  11	  12	  15	  30	  70	  50	 570	91048	91293	   0	 -60	
  39	  40	  30	   3	 246	   1	   2	  12	  12	  15	  30	  70	  50	 437	93047	93293	   0	 -60	
  40	  41	  50	   1	 520	   3	   1	  12	  12	  16	  30	  70	  50	 373	94981	95501	   0	 -50	
  41	  42	  70	   1	 477	   2	   1	  12	  13	  16	  30	  70	  50	 432	97264	97741	   0	 -40	
  42	  43	  30	   4	 422	   1	   2	  13	  13	  16	  30	  70	  50	 386	99431	99853	   0	 -40	
  43	  44	  70	   3	 304	   2	   2	  13	  14	  16	  30	  70	  50	 432	101597	101901	   0	 -40	
  44	  45	  50	   4	 272	   3	   2	  13	  14	  17	  30	  70	  50	 373	103581	103853	   0	 -40	
  45	  46	  30	   4	 394	   1	   2	  14	  14	  17	  30	  70	  50	 582	105747	106141	   0	 -40	
  46	  47	  70	   3	 235	   2	   2	  14	  15	  17	  30	  70	  50	 668	108130	108365	   0	 -40	
  47	  48	  30	   4	 645	   1	   2	  15	  15	  17	  30	  70	  50	 592	110264	110909	   0	 -40	
  48	  49	  70	   4	 321	   2	   2	  15	  16	  17	  30	  70	  50	 577	112780	113101	   0	 -40	
  49	  50	  30	   3	 284	   1	   2	  16	  16	  17	  30	  70	  50	 492	114897	115181	   0	 -40	
  50	  51	  70	   3	 225	   2	   2	  16	  17	  17	  30	  70	  50	 677	117164	117389	   0	 -40	
  51	  52	  30	   4	 291	   1	   2	  17	  17	  17	  30	  70	  50	 405	119114	119405	   0	 -40	
  52	  53	  70	   3	 124	   2	   2	  17	  18	  17	  30	  70	  50	 563	121264	121388	   0	 -40	
  53	  54	  30	   4	 739	   1	   2	  18	  18	  17	  30	  70	  50	 415	123113	123852	   0	 -40	
  54	  55	  70	   4	 376	   2	   2	  18	  19	  17	  30	  70	  50	 625	125780	126156	   0	 -40	
  55	  56	  50	   2	 973	   3	   1	  18	  19	  18	  30	  70	  50	 596	128047	129020	   0	 -50	
  56	  57	  30	   3	 482	   1	   2	  19	  19	  18	  30	  70	  50	 401	130730	131212	   0	 -50	
  57	  58	  70	   1	 510	   2	   1	  19	  20	  18	  30	  70	  50	 700	133230	133740	   0	 -40	
  58	  59	  50	   1	 723	   3	   1	  19	  20	  19	  30	  70	  50	 447	135497	136220	   0	 -30	
  59	  60	  30	   4	 366	   1	   2	  20	  20	  19	  30	  70	  50	 519	138046	138412	   0	 -30	
  60	  61	  50	   4	 378	   3	   2	  20	  20	  20	  30	  70	  50	 414	140146	140524	   0	 -30	
  61	  62	  70	   3	1081	   2	   2	  20	  21	  20	  30	  70	  50	 323	142163	143244	   0	 -30	
  62	  63	  50	   4	1010	   3	   2	  20	  21	  21	  30	  70	  50	 594	145146	146156	   0	 -30	
  63	  64	  70	   4	1964	   2	   2	  20	  22	  21	  30	  70	  50	 643	148096	150060	   0	 -30	
  64	  65	  50	   3	1150	   3	   2	  20	  22	  22	  30	  70	  50	 675	152046	153196	   0	 -30	
  65	  66	  30	   4	 354	   1	   2	  21	  22	  22	  30	  70	  50	 633	155146	155500	   0	 -30	
  66	  67	  70	   3	1888	   2	   2	  21	  23	  22	  30	  70	  50	 389	157196	159084	   0	 -30	
  67	  68	  30	   1	 817	   1	   1	  22	  23	  22	  30	  70	  50	 379	160763	161580	   0	 -20	
  68	  69	  50	   2	 583	   3	   1	  22	  23	  23	  30	  70	  50	 538	163429	164012	   0	 -30	
  69	  70	  70	   1	1003	   2	   1	  22	  24	  23	  30	  70	  50	 375	165696	166699	   0	 -20	
  70	  71	  50	   2	 484	   3	   1	  22	  24	  24	  30	  70	  50	 658	168663	169147	   0	 -30	
  71	  72	  70	   1	1054	   2	   1	  22	  25	  24	  30	  70	  50	 361	170829	171883	   0	 -20	
  72	  73	  50	   3	 183	   3	   2	  22	  25	  25	  30	  70	  50	 619	173812	173995	   0	 -20	
  73	  74	  70	   4	 281	   2	   2	  22	  26	  25	  30	  70	  50	 454	175762	176043	   0	 -20	
  74	  75	  50	   4	 237	   3	   2	  22	  26	  26	  30	  70	  50	 301	177662	177899	   0	 -20	
  75	  76	  70	   3	 135	   2	   2	  22	  27	  26	  30	  70	  50	 585	179796	179931	   0	 -20	
  76	  77	  50	   3	 359	   3	   2	  22	  27	  27	  30	  70	  50	 562	181796	182155	   0	 -20	
  77	  78	  70	   3	 271	   2	   2	  22	  28	  27	  30	  70	  50	 563	184012	184283	   0	 -20	
  78	  79	  50	   3	 214	   3	   2	  22	  28	  28	  30	  70	  50	 659	186245	186459	   0	 -20	
  79	  80	  30	   4	 276	   1	   2	  23	  28	  28	  30	  70	  50	 515	188295	188571	   0	 -20	
  80	  81	  70	   4	 266	   2	   2	  23	  29	  28	  30	  70	  50	 654	190529	190795	   0	 -20	
  81	  82	  30	   4	 323	   1	   2	  24	  29	  28	  30	  70	  50	 587	192712	193035	   0	 -20	
  82	  83	  50	   4	  12	   3	   2	  24	  29	  29	  30	  70	  50	 562	194895	194907	   0	 -20	
  83	  84	  30	   4	 396	   1	   2	  25	  29	  29	  30	  70	  50	 671	196879	197275	   0	 -20	
  84	  85	  70	   3	 346	   2	   2	  25	  30	  29	  30	  70	  50	 336	198929	199275	   0	 -20	
  85	  86	  50	   1	 608	   3	   1	  25	  30	  30	  30	  70	  50	 608	201195	201803	   0	 -10	
  86	  87	  70	   1	 915	   2	   1	  25	  31	  30	  30	  70	  50	 405	203512	204427	   0	   0	
  87	  88	  30	   4	 314	   3	   2	  25	  31	   1	  30	  70	  30	 373	206145	206459	   3	   0	
  88	  89	  30	   3	 534	   1	   2	  26	  31	   1	  30	  70	  30	 479	208245	208779	   0	   0	
  89	  90	  70	   4	 752	   2	   2	  26	  32	   1	  30	  70	  30	 306	210395	211147	   0	   0	
  90	  91	  30	   3	 364	   3	   2	  26	  32	   2	  30	  70	  30	 429	212878	213242	   0	   0	
  91	  92	  70	   3	 180	   2	   2	  26	  33	   2	  30	  70	  30	 513	215078	215258	   0	   0	
  92	  93	  30	   4	 242	   1	   2	  27	  33	   2	  30	  70	  30	 556	217128	217370	   0	   0	
  93	  94	  30	   4	  80	   3	   2	  27	  33	   3	  30	  70	  30	 501	219178	219258	   0	   0	
  94	  95	  30	   4	 103	   1	   2	  28	  33	   3	  30	  70	  30	 432	221011	221114	   0	   0	
  95	  96	  20	   4	 577	   2	   2	  28	   1	   3	  30	  20	  30	 301	222761	223338	   2	   0	
  96	  97	  30	   3	  75	   1	   2	  29	   1	   3	  30	  20	  30	 654	225295	225370	   0	   0	
  97	  98	  30	   4	 451	   3	   2	  29	   1	   4	  30	  20	  30	 445	227111	227562	   0	   0	
  98	  99	  30	   4	 355	   1	   2	  30	   1	   4	  30	  20	  30	 637	229511	229866	   0	   0	
  99	 100	  30	   4	 352	   3	   2	  30	   1	   5	  30	  20	  30	 421	231594	231946	   0	   0	
 100	 101	  20	   4	 332	   2	   2	  30	   2	   5	  30	  20	  30	 421	233678	234010	   0	   0	
 101	 102	  30	   4	 318	   1	   2	  31	   2	   5	  30	  20	  30	 307	235644	235962	   0	   0	
 102	 103	  20	   3	 331	   2	   2	  31	   3	   5	  30	  20	  30	 431	237711	238042	   0	   0	
 103	 104	  30	   3	 400	   3	   2	  31	   3	   6	  30	  20	  30	 624	239978	240378	   0	   0	
 104	 105	  20	   4	 272	   2	   2	  31	   4	   6	  30	  20	  30	 686	242378	242650	   0	   0	
 105	 106	  30	   4	 232	   3	   2	  31	   4	   7	  30	  20	  30	 632	244594	244826	   0	   0	
 106	 107	  20	   4	 375	   2	   2	  31	   5	   7	  30	  20	  30	 475	246611	246986	   0	   0	
 107	 108	  30	   4	 217	   3	   2	  31	   5	   8	  30	  20	  30	 694	248977	249194	   0	   0	
 108	 109	  20	   3	 269	   2	   2	  31	   6	   8	  30	  20	  30	 374	250877	251146	   0	   0	
 109	 110	  30	   3	 571	   1	   2	  32	   6	   8	  30	  20	  30	 449	252911	253482	   0	   0	
 110	 111	  30	   4	 396	   3	   2	  32	   6	   9	  30	  20	  30	 513	255294	255690	   0	   0	
 111	 112	  20	   4	 631	   2	   2	  32	   7	   9	  30	  20	  30	 384	257411	258042	   0	   0	
 112	 113	  30	   3	 554	   3	   2	  32	   7	  10	  30	  20	  30	 380	259727	260281	   0	   0	
 113	 114	  30	   4	 643	   1	   2	  33	   7	  10	  30	  20	  30	 310	261894	262537	   0	   0	
 114	 115	  30	   3	 328	   3	   2	  33	   7	  11	  30	  20	  30	 340	264177	264505	   0	   0	
 115	 116	  30	   4	 367	   1	   2	  34	   7	  11	  30	  20	  30	 602	266410	266777	   0	   0	
 116	 117	  30	   4	 620	   3	   2	  34	   7	  12	  30	  20	  30	 384	268477	269097	   0	   0	
 117	 118	  30	   4	 334	   1	   2	  35	   7	  12	  30	  20	  30	 429	270827	271161	   0	   0	
 118	 119	  30	   4	 279	   3	   2	  35	   7	  13	  30	  20	  30	 539	273010	273289	   0	   0	
 119	 120	  20	   4	 303	   2	   2	  35	   8	  13	  30	  20	  30	 604	275210	275513	   0	   0	
 120	 121	  80	   3	 334	   1	   2	   1	   8	  13	  80	  20	  30	 359	277227	277561	   1	   0	
 121	 122	  30	   4	 447	   3	   2	   1	   8	  14	  80	  20	  30	 317	279210	279657	   0	   0	
 122	 123	  80	   3	 298	   1	   2	   2	   8	  14	  80	  20	  30	 348	281327	281625	   0	   0	
 123	 124	  30	   1	 595	   3	   1	   2	   8	  15	  80	  20	  30	 579	283510	284105	   0	  10	
 124	 125	  80	   4	 478	   1	   2	   3	   8	  15	  80	  20	  30	 637	286043	286521	   0	  10	
 125	 126	  30	   4	 390	   3	   2	   3	   8	  16	  80	  20	  30	 407	288227	288617	   0	  10	
 126	 127	  80	   3	 248	   1	   2	   4	   8	  16	  80	  20	  30	 659	290577	290825	   0	  10	
 127	 128	  30	   4	 533	   3	   2	   4	   8	  17	  80	  20	  30	 542	292676	293209	   0	  10	
 128	 129	  20	   4	 447	   2	   2	   4	   9	  17	  80	  20	  30	 687	295210	295657	   0	  10	
 129	 130	  80	   3	 392	   1	   2	   5	   9	  17	  80	  20	  30	 415	297393	297785	   0	  10	
 130	 131	  30	   4	 518	   3	   2	   5	   9	  18	  80	  20	  30	 356	299443	299961	   0	  10	
 131	 132	  80	   2	 829	   1	   1	   6	   9	  18	  80	  20	  30	 392	301676	302505	   0	   0	
 132	 133	  30	   1	 546	   3	   1	   6	   9	  19	  80	  20	  30	 529	304326	304872	   0	  10	
 133	 134	  80	   3	 341	   1	   2	   7	   9	  19	  80	  20	  30	 473	306659	307000	   0	  10	
 134	 135	  20	   4	 247	   2	   2	   7	  10	  19	  80	  20	  30	 686	308993	309240	   0	  10	
 135	 136	  80	   3	 287	   1	   2	   8	  10	  19	  80	  20	  30	 645	311193	311480	   0	  10	
 136	 137	  20	   3	 995	   2	   2	   8	  11	  19	  80	  20	  30	 324	313109	314104	   0	  10	
 137	 138	  80	   3	 628	   1	   2	   9	  11	  19	  80	  20	  30	 470	315876	316504	   0	  10	
 138	 139	  20	   4	 486	   2	   2	   9	  12	  19	  80	  20	  30	 421	318226	318712	   0	  10	
 139	 140	  30	   4	 499	   3	   2	   9	  12	  20	  80	  20	  30	 688	320709	321208	   0	  10	
 140	 141	  80	   3	 254	   1	   2	  10	  12	  20	  80	  20	  30	 323	322842	323096	   0	  10	
 141	 142	  30	   3	 422	   3	   2	  10	  12	  21	  80	  20	  30	 606	325026	325448	   0	  10	
 142	 143	  20	   4	 308	   2	   2	  10	  13	  21	  80	  20	  30	 329	327076	327384	   0	  10	
 143	 144	  80	   4	 273	   1	   2	  11	  13	  21	  80	  20	  30	 468	329159	329432	   0	  10	
 144	 145	  30	   4	 255	   3	   2	  11	  13	  22	  80	  20	  30	 465	331209	331464	   0	  10	
 145	 146	  20	   4	1010	   2	   2	  11	  14	  22	  80	  20	  30	 373	333142	334152	   0	  10	
 146	 147	  30	   4	 381	   3	   2	  11	  14	  23	  80	  20	  30	 599	336059	336440	   0	  10	
 147	 148	  20	   4	 336	   2	   2	  11	  15	  23	  80	  20	  30	 644	338392	338728	   0	  10	
 148	 149	  80	   3	 366	   1	   2	  12	  15	  23	  80	  20	  30	 402	340442	340808	   0	  10	
 149	 150	  20	   4	 412	   2	   2	  12	  16	  23	  80	  20	  30	 366	342492	342904	   0	  10	
 150	 151	  80	   3	 450	   1	   2	  13	  16	  23	  80	  20	  30	 536	344742	345192	   0	  10	
 151	 152	  20	   4	 375	   2	   2	  13	  17	  23	  80	  20	  30	 500	347025	347400	   0	  10	
 152	 153	  30	   4	 281	   3	   2	  13	  17	  24	  80	  20	  30	 639	349342	349623	   0	  10	
 153	 154	  20	   3	 146	   2	   2	  13	  18	  24	  80	  20	  30	 586	351525	351671	   0	  10	
 154	 155	  80	   3	 159	   1	   2	  14	  18	  24	  80	  20	  30	 629	353608	353767	   0	  10	
 155	 156	  30	   4	 233	   3	   2	  14	  18	  25	  80	  20	  30	 685	355758	355991	   0	  10	
 156	 157	  80	   3	 266	   1	   2	  15	  18	  25	  80	  20	  30	 430	357725	357991	   0	  10	
 157	 158	  20	   4	 273	   2	   2	  15	  19	  25	  80	  20	  30	 643	359942	360215	   0	  10	
 158	 159	  30	   4	 264	   3	   2	  15	  19	  26	  80	  20	  30	 654	362175	362439	   0	  10	
 159	 160	  80	   3	 325	   1	   2	  16	  19	  26	  80	  20	  30	 490	364242	364567	   0	  10	
 160	 161	  20	   4	 277	   2	   2	  16	  20	  26	  80	  20	  30	 396	366258	366535	   0	  10	
 161	 162	  30	   3	 296	   3	   2	  16	  20	  27	  80	  20	  30	 329	368175	368471	   0	  10	
 162	 163	  80	   3	 289	   1	   2	  17	  20	  27	  80	  20	  30	 568	370358	370647	   0	  10	
 163	 164	  30	   4	 283	   3	   2	  17	  20	  28	  80	  20	  30	 556	372508	372791	   0	  10	
 164	 165	  20	   4	 314	   2	   2	  17	  21	  28	  80	  20	  30	 415	374525	374839	   0	  10	
 165	 166	  30	   4	 305	   3	   2	  17	  21	  29	  80	  20	  30	 604	376758	377063	   0	  10	
 166	 167	  80	   4	 378	   1	   2	  18	  21	  29	  80	  20	  30	 564	378941	379319	   0	  10	
 167	 168	  30	   3	 264	   3	   2	  18	  21	  30	  80	  20	  30	 372	380991	381255	   0	  10	
 168	 169	  20	   4	 391	   2	   2	  18	  22	  30	  80	  20	  30	 455	383024	383415	   0	  10	
 169	 170	  30	   4	 202	   3	   2	  18	  22	  31	  80	  20	  30	 619	385341	385543	   0	  10	
 170	 171	  80	   3	 229	   1	   2	  19	  22	  31	  80	  20	  30	 597	387458	387687	   0	  10	
 171	 172	  30	   4	 273	   3	   2	  19	  22	  32	  80	  20	  30	 548	389574	389847	   0	  10	
 172	 173	  20	   3	 381	   2	   2	  19	  23	  32	  80	  20	  30	 507	391658	392039	   0	  10	
 173	 174	  80	   3	 353	   1	   2	  20	  23	  32	  80	  20	  30	 618	393974	394327	   0	  10	
 174	 175	  30	   4	 428	   3	   2	  20	  23	  33	  80	  20	  30	 441	396074	396502	   0	  10	
 175	 176	  80	   3	 451	   1	   2	  21	  23	  33	  80	  20	  30	 488	398291	398742	   0	  10	
 176	 177	  30	   3	 366	   3	   2	  21	  23	  34	  80	  20	  30	 367	400424	400790	   0	  10	
 177	 178	  80	   3	 359	   1	   2	  22	  23	  34	  80	  20	  30	 488	402591	402950	   0	  10	
 178	 179	  30	   4	 342	   3	   2	  22	  23	  35	  80	  20	  30	 367	404624	404966	   0	  10	
 179	 180	  20	   4	 303	   2	   2	  22	  24	  35	  80	  20	  30	 538	406807	407110	   0	  10	
 180	 181	  70	   3	 291	   3	   2	  22	  24	   1	  80	  20	  70	 641	409091	409382	   3	  10	
 181	 182	  20	   3	 342	   2	   2	  22	  25	   1	  80	  20	  70	 314	411024	411366	   0	  10	
 182	 183	  80	   4	 332	   1	   2	  23	  25	   1	  80	  20	  70	 606	413274	413606	   0	  10	
 183	 184	  70	   4	 294	   3	   2	  23	  25	   2	  80	  20	  70	 514	415440	415734	   0	  10	
 184	 185	  20	   4	  83	   2	   2	  23	  26	   2	  80	  20	  70	 477	417507	417590	   0	  10	
 185	 186	  70	   3	 360	   3	   2	  23	  26	   3	  80	  20	  70	 484	419390	419750	   0	  10	
 186	 187	  20	   2	 690	   2	   1	  23	  27	   3	  80	  20	  70	 475	421524	422214	   0	   0	
 187	 188	  70	   4	 572	   3	   2	  23	  27	   4	  80	  20	  70	 554	424074	424646	   0	   0	
 188	 189	  20	   4	 370	   2	   2	  23	  28	   4	  80	  20	  70	 368	426324	426694	   0	   0	
 189	 190	  80	   1	 504	   1	   1	  24	  28	   4	  80	  20	  70	 564	428574	429078	   0	  10	
 190	 191	  70	   3	 290	   3	   2	  24	  28	   5	  80	  20	  70	 348	430740	431030	   0	  10	
 191	 192	  80	   4	 292	   1	   2	  25	  28	   5	  80	  20	  70	 345	432690	432982	   0	  10	
 192	 193	  20	   4	 269	   2	   2	  25	  29	   5	  80	  20	  70	 579	434857	435126	   0	  10	
 193	 194	  70	   3	 179	   3	   2	  25	  29	   6	  80	  20	  70	 674	437107	437286	   0	  10	
 194	 195	  20	   2	 519	   2	   1	  25	  30	   6	  80	  20	  70	 427	439023	439542	   0	   0	
 195	 196	  70	   1	 512	   3	   1	  25	  30	   7	  80	  20	  70	 316	441173	441685	   0	  10	
 196	 197	  80	   1	 520	   1	   1	  26	  30	   7	  80	  20	  70	 357	443357	443877	   0	  20	
 197	 198	  50	   3	 233	   2	   2	  26	   1	   7	  80	  50	  70	 521	445740	445973	   2	  20	
 198	 199	  70	   4	 309	   3	   2	  26	   1	   8	  80	  50	  70	 562	447840	448149	   0	  20	
 199	 200	  50	   4	 249	   2	   2	  26	   2	   8	  80	  50	  70	 683	450140	450389	   0	  20	
 200	 201	  80	   3	 275	   1	   2	  27	   2	   8	  80	  50	  70	 609	452306	452581	   0	  20	
 201	 202	  70	   3	 281	   3	   2	  27	   2	   9	  80	  50	  70	 645	454540	454821	   0	  20	
 202	 203	  50	   3	 279	   2	   2	  27	   3	   9	  80	  50	  70	 466	456606	456885	   0	  20	
 203	 204	  70	   3	 227	   3	   2	  27	   3	  10	  80	  50	  70	 505	458706	458933	   0	  20	
 204	 205	  50	   4	 252	   2	   2	  27	   4	  10	  80	  50	  70	 646	460873	461125	   0	  20	
 205	 206	  70	   4	 527	   3	   2	  27	   4	  11	  80	  50	  70	 369	462806	463333	   0	  20	
 206	 207	  50	   4	 236	   2	   2	  27	   5	  11	  80	  50	  70	 644	465273	465509	   0	  20	
 207	 208	  80	   3	 289	   1	   2	  28	   5	  11	  80	  50	  70	 338	467156	467445	   0	  20	
 208	 209	  50	   3	 292	   2	   2	  28	   6	  11	  80	  50	  70	 342	469089	469381	   0	  20	
 209	 210	  80	   3	 220	   1	   2	  29	   6	  11	  80	  50	  70	 595	471273	471493	   0	  20	
 210	 211	  70	   4	 224	   3	   2	  29	   6	  12	  80	  50	  70	 369	473173	473397	   0	  20	
 211	 212	  50	   3	 210	   2	   2	  29	   7	  12	  80	  50	  70	 429	475139	475349	   0	  20	
 212	 213	  80	   3	 251	   1	   2	  30	   7	  12	  80	  50	  70	 657	477306	477557	   0	  20	
 213	 214	  70	   3	 281	   3	   2	  30	   7	  13	  80	  50	  70	 486	479356	479637	   0	  20	
 214	 215	  80	   3	 264	   1	   2	  31	   7	  13	  80	  50	  70	 433	481389	481653	   0	  20	
 215	 216	  70	   3	 319	   3	   2	  31	   7	  14	  80	  50	  70	 655	483622	483941	   0	  20	
 216	 217	  50	   4	 341	   2	   2	  31	   8	  14	  80	  50	  70	 582	485839	486180	   0	  20	
 217	 218	  80	   3	 304	   1	   2	  32	   8	  14	  80	  50	  70	 466	487956	488260	   0	  20	
 218	 219	  50	   4	 353	   2	   2	  32	   9	  14	  80	  50	  70	 386	489955	490308	   0	  20	
 219	 220	  80	   3	 329	   1	   2	  33	   9	  14	  80	  50	  70	 519	492139	492468	   0	  20	
 220	 221	  70	   3	 309	   3	   2	  33	   9	  15	  80	  50	  70	 459	494239	494548	   0	  20	
 221	 222	  50	   3	 283	   2	   2	  33	  10	  15	  80	  50	  70	 642	496505	496788	   0	  20	
 222	 223	  70	   3	 240	   3	   2	  33	  10	  16	  80	  50	  70	 665	498772	499012	   0	  20	
 223	 224	  20	   4	 104	   1	   2	   1	  10	  16	  20	  50	  70	 616	500972	501076	   1	  20	
 224	 225	  50	   4	 275	   2	   2	   1	  11	  16	  20	  50	  70	 699	503089	503364	   0	  20	
 225	 226	  70	   4	 339	   3	   2	   1	  11	  17	  20	  50	  70	 446	505105	505444	   0	  20	
 226	 227	  20	   4	 216	   1	   2	   2	  11	  17	  20	  50	  70	 646	507388	507604	   0	  20	
 227	 228	  70	   3	 258	   3	   2	   2	  11	  18	  20	  50	  70	 619	509538	509796	   0	  20	
 228	 229	  20	   4	 544	   1	   2	   3	  11	  18	  20	  50	  70	 464	511572	512116	   0	  20	
 229	 230	  50	   3	 333	   2	   2	   3	  12	  18	  20	  50	  70	 646	514055	514388	   0	  20	
 230	 231	  70	   3	 244	   3	   2	   3	  12	  19	  20	  50	  70	 580	516272	516516	   0	  20	
 231	 232	  50	   4	 275	   2	   2	   3	  13	  19	  20	  50	  70	 471	518305	518580	   0	  20	
 232	 233	  70	   3	 238	   3	   2	   3	  13	  20	  20	  50	  70	 543	520422	520660	   0	  20	
 233	 234	  20	   3	 359	   1	   2	   4	  13	  20	  20	  50	  70	 655	522621	522980	   0	  20	
 234	 235	  70	   4	 470	   3	   2	   4	  13	  21	  20	  50	  70	 355	524638	525108	   0	  20	
 235	 236	  20	   4	 214	   1	   2	   5	  13	  21	  20	  50	  70	 630	527038	527252	   0	  20	
 236	 237	  50	   4	 412	   2	   2	   5	  14	  21	  20	  50	  70	 324	528888	529300	   0	  20	
 237	 238	  70	   1	 413	   3	   1	   5	  14	  22	  20	  50	  70	 671	531271	531684	   0	  30	
 238	 239	  50	   1	 432	   2	   1	   5	  15	  22	  20	  50	  70	 578	533571	534003	   0	  40	
 239	 240	  70	   3	 247	   3	   2	   5	  15	  23	  20	  50	  70	 481	535804	536051	   0	  40	
 240	 241	  50	   3	 287	   2	   2	   5	  16	  23	  20	  50	  70	 631	538004	538291	   0	  40	
 241	 242	  20	   4	 278	   1	   2	   6	  16	  23	  20	  50	  70	 598	540221	540499	   0	  40	
 242	 243	  50	   4	 335	   2	   2	   6	  17	  23	  20	  50	  70	 593	542388	542723	   0	  40	
 243	 244	  20	   3	 274	   1	   2	   7	  17	  23	  20	  50	  70	 693	544721	544995	   0	  40	
 244	 245	  70	   3	 306	   3	   2	   7	  17	  24	  20	  50	  70	 419	546721	547027	   0	  40	
 245	 246	  50	   3	 249	   2	   2	   7	  18	  24	  20	  50	  70	 611	548938	549187	   0	  40	
 246	 247	  20	   4	 233	   1	   2	   8	  18	  24	  20	  50	  70	 448	550954	551187	   0	  40	
 247	 248	  50	   4	  62	   2	   2	   8	  19	  24	  20	  50	  70	 351	552854	552916	   0	  40	
 248	 249	  70	   3	 218	   3	   2	   8	  19	  25	  20	  50	  70	 321	554537	554755	   0	  40	
 249	 250	  20	   4	 285	   1	   2	   9	  19	  25	  20	  50	  70	 386	556454	556739	   0	  40	
 250	 251	  70	   4	  52	   3	   2	   9	  19	  26	  20	  50	  70	 622	558671	558723	   0	  40	
 251	 252	  50	   3	  37	   2	   2	   9	  20	  26	  20	  50	  70	 601	560654	560691	   0	  40	
 252	 253	  20	   4	 293	   1	   2	  10	  20	  26	  20	  50	  70	 648	562654	562947	   0	  40	
 253	 254	  70	   3	 258	   3	   2	  10	  20	  27	  20	  50	  70	 485	564737	564995	   0	  40	
 254	 255	  50	   1	 419	   2	   1	  10	  21	  27	  20	  50	  70	 406	566704	567123	   0	  50	
 255	 256	  70	   3	 246	   3	   2	  10	  21	  28	  20	  50	  70	 604	569037	569283	   0	  50	
 256	 257	  50	   4	 271	   2	   2	  10	  22	  28	  20	  50	  70	 613	571204	571475	   0	  50	
 257	 258	  70	   4	 235	   3	   2	  10	  22	  29	  20	  50	  70	 518	573304	573539	   0	  50	
 258	 259	  50	   4	 210	   2	   2	  10	  23	  29	  20	  50	  70	 693	575537	575747	   0	  50	
 259	 260	  70	   3	 267	   3	   2	  10	  23	  30	  20	  50	  70	 667	577720	577987	   0	  50	
 260	 261	  20	   4	 479	   1	   2	  11	  23	  30	  20	  50	  70	 695	579987	580466	   0	  50	
 261	 262	  50	   4	 569	   3	   2	  11	  23	   1	  20	  50	  50	 314	582153	582722	   3	  50	
 262	 263	  50	   4	 343	   2	   2	  11	  24	   1	  20	  50	  50	 580	584603	584946	   0	  50	
 263	 264	  20	   4	 484	   1	   2	  12	  24	   1	  20	  50	  50	 429	586670	587154	   0	  50	
 264	 265	  50	   4	 449	   3	   2	  12	  24	   2	  20	  50	  50	 683	589153	589602	   0	  50	
 265	 266	  50	   3	 367	   2	   2	  12	  25	   2	  20	  50	  50	 667	591587	591954	   0	  50	
 266	 267	  50	   3	 475	   3	   2	  12	  25	   3	  20	  50	  50	 414	593687	594162	   0	  50	
 267	 268	  50	   3	 425	   2	   2	  12	  26	   3	  20	  50	  50	 691	596153	596578	   0	  50	
 268	 269	  20	   4	 457	   1	   2	  13	  26	   3	  20	  50	  50	 669	598553	599010	   0	  50	
 269	 270	  50	   4	 502	   2	   2	  13	  27	   3	  20	  50	  50	 328	600636	601138	   0	  50	
 270	 271	  50	   2	 405	   3	   1	  13	  27	   4	  20	  50	  50	 610	603053	603458	   0	  40	
 271	 272	  50	   3	 514	   2	   2	  13	  28	   4	  20	  50	  50	 349	605136	605650	   0	  40	
 272	 273	  50	   1	 414	   3	   1	  13	  28	   5	  20	  50	  50	 652	607620	608034	   0	  50	
 273	 274	  50	   4	 368	   2	   2	  13	  29	   5	  20	  50	  50	 622	609970	610338	   0	  50	
 274	 275	  20	   3	 326	   1	   2	  14	  29	   5	  20	  50	  50	 591	612236	612562	   0	  50	
 275	 276	  50	   3	 365	   3	   2	  14	  29	   6	  20	  50	  50	 596	614453	614818	   0	  50	
 276	 277	  50	   1	 467	   2	   1	  14	  30	   6	  20	  50	  50	 596	616719	617186	   0	  60	
 277	 278	  20	   4	 495	   1	   2	  15	  30	   6	  20	  50	  50	 697	619203	619698	   0	  60	
 278	 279	  50	   4	 551	   3	   2	  15	  30	   7	  20	  50	  50	 430	621419	621970	   0	  60	
 279	 280	  20	   3	 496	   1	   2	  16	  30	   7	  20	  50	  50	 303	623586	624082	   0	  60	
 280	 281	  50	   4	 314	   3	   2	  16	  30	   8	  20	  50	  50	 325	625719	626033	   0	  60	
 281	 282	  20	   4	 348	   1	   2	  17	  30	   8	  20	  50	  50	 699	628069	628417	   0	  60	
 282	 283	  50	   3	 307	   3	   2	  17	  30	   9	  20	  50	  50	 550	630286	630593	   0	  60	
 283	 284	  50	   1	 435	   2	   1	  17	  31	   9	  20	  50	  50	 398	632302	632737	   0	  70	
 284	 285	  20	   4	 399	   1	   2	  18	  31	   9	  20	  50	  50	 360	634402	634801	   0	  70	
 285	 286	  50	   4	 402	   2	   2	  18	  32	   9	  20	  50	  50	 609	636719	637121	   0	  70	
 286	 287	  20	   4	 243	   1	   2	  19	  32	   9	  20	  50	  50	 670	639102	639345	   0	  70	
 287	 288	  50	   3	 317	   3	   2	  19	  32	  10	  20	  50	  50	 585	641236	641553	   0	  70	
 288	 289	  20	   4	 294	   1	   2	  20	  32	  10	  20	  50	  50	 574	643435	643729	   0	  70	
 289	 290	  50	   3	 350	   3	   2	  20	  32	  11	  20	  50	  50	 591	645619	645969	   0	  70	
 290	 291	  50	   3	 260	   2	   2	  20	  33	  11	  20	  50	  50	 606	647885	648145	   0	  70	
 291	 292	  50	   3	 283	   3	   2	  20	  33	  12	  20	  50	  50	 621	650102	650385	   0	  70	
 292	 293	  20	   4	 381	   2	   2	  20	   1	  12	  20	  20	  50	 339	652052	652433	   2	  70	
 293	 294	  50	   4	 354	   3	   2	  20	   1	  13	  20	  20	  50	 583	654335	654689	   0	  70	
 294	 295	  20	   4	 278	   1	   2	  21	   1	  13	  20	  20	  50	 643	656635	656913	   0	  70	
 295	 296	  20	   4	 560	   2	   2	  21	   2	  13	  20	  20	  50	 579	658785	659345	   0	  70	
 296	 297	  20	   3	 403	   1	   2	  22	   2	  13	  20	  20	  50	 473	661118	661521	   0	  70	
 297	 298	  20	   4	 541	   2	   2	  22	   3	  13	  20	  20	  50	 434	663268	663809	   0	  70	
 298	 299	  20	   4	 428	   1	   2	  23	   3	  13	  20	  20	  50	 570	665685	666113	   0	  70	
 299	 300	  20	   4	 338	   2	   2	  23	   4	  13	  20	  20	  50	 529	667935	668273	   0	  70	
 300	 301	  50	   3	 294	   3	   2	  23	   4	  14	  20	  20	  50	 647	670235	670529	   0	  70	
 301	 302	  20	   3	 434	   2	   2	  23	   5	  14	  20	  20	  50	 460	672302	672736	   0	  70	
 302	 303	  50	   3	 417	   3	   2	  23	   5	  15	  20	  20	  50	 690	674735	675152	   0	  70	
 303	 304	  20	   4	 496	   2	   2	  23	   6	  15	  20	  20	  50	 308	676768	677264	   0	  70	
 304	 305	  20	   4	  25	   1	   2	  24	   6	  15	  20	  20	  50	 367	678951	678976	   0	  70	
 305	 306	  50	   4	  91	   3	   2	  24	   6	  16	  20	  20	  50	 609	680885	680976	   0	  70	
 306	 307	  20	   4	 244	   1	   2	  25	   6	  16	  20	  20	  50	 394	682668	682912	   0	  70	
 307	 308	  50	   4	 262	   3	   2	  25	   6	  17	  20	  20	  50	 408	684618	684880	   0	  70	
 308	 309	  20	   4	 264	   1	   2	  26	   6	  17	  20	  20	  50	 377	686568	686832	   0	  70	
 309	 310	  50	   3	 197	   3	   2	  26	   6	  18	  20	  20	  50	 481	688635	688832	   0	  70	
 310	 311	  20	   4	 495	   1	   2	  27	   6	  18	  20	  20	  50	 663	690801	691296	   0	  70	
 311	 312	  50	   4	 414	   3	   2	  27	   6	  19	  20	  20	  50	 611	693218	693632	   0	  70	
 312	 313	  20	   4	 302	   2	   2	  27	   7	  19	  20	  20	  50	 693	695634	695936	   0	  70	
 313	 314	  50	   4	 382	   3	   2	  27	   7	  20	  20	  20	  50	 377	697618	698000	   0	  70	
 314	 315	  20	   4	 273	   2	   2	  27	   8	  20	  20	  20	  50	 638	699951	700224	   0	  70	
 315	 316	  20	   3	 312	   1	   2	  28	   8	  20	  20	  20	  50	 662	702184	702496	   0	  70	
 316	 317	  20	   3	 503	   2	   2	  28	   9	  20	  20	  20	  50	 420	704217	704720	   0	  70	
 317	 318	  50	   4	 527	   3	   2	  28	   9	  21	  20	  20	  50	 389	706417	706944	   0	  70	
 318	 319	  20	   4	 267	   2	   2	  28	  10	  21	  20	  20	  50	 658	708901	709168	   0	  70	
 319	 320	  20	   4	 311	   1	   2	  29	  10	  21	  20	  20	  50	 544	711017	711328	   0	  70	
 320	 321	  50	   3	 357	   3	   2	  29	  10	  22	  20	  20	  50	 417	713051	713408	   0	  70	
 321	 322	  20	   4	 439	   1	   2	  30	  10	  22	  20	  20	  50	 674	715401	715840	   0	  70	
 322	 323	  50	   4	 347	   3	   2	  30	  10	  23	  20	  20	  50	 545	717684	718031	   0	  70	
 323	 324	  20	   4	 431	   1	   2	  31	  10	  23	  20	  20	  50	 660	720000	720431	   0	  70	
 324	 325	  20	   2	 419	   2	   1	  31	  11	  23	  20	  20	  50	 555	722300	722719	   0	  60	
 325	 326	  20	   4	 362	   1	   2	  32	  11	  23	  20	  20	  50	 494	724517	724879	   0	  60	
 326	 327	  50	   1	 601	   3	   1	  32	  11	  24	  20	  20	  50	 341	726534	727135	   0	  70	
 327	 328	  20	   4	 331	   2	   2	  32	  12	  24	  20	  20	  50	 458	728900	729231	   0	  70	
 328	 329	  50	   3	 269	   3	   2	  32	  12	  25	  20	  20	  50	 306	730850	731119	   0	  70	
 329	 330	  20	   4	 239	   2	   2	  32	  13	  25	  20	  20	  50	 356	732784	733023	   0	  70	
 330	 331	  20	   3	 339	   1	   2	  33	  13	  25	  20	  20	  50	 376	734700	735039	   0	  70	
 331	 332	  20	   4	 450	   2	   2	  33	  14	  25	  20	  20	  50	 371	736733	737183	   0	  70	
 332	 333	  50	   4	 382	   3	   2	  33	  14	  26	  20	  20	  50	 342	738833	739215	   0	  70	
 333	 334	  20	   4	 272	   1	   2	  34	  14	  26	  20	  20	  50	 654	741183	741455	   0	  70	
 334	 335	  20	   4	 238	   2	   2	  34	  15	  26	  20	  20	  50	 470	743233	743471	   0	  70	
 335	 336	  50	   3	 834	   3	   2	  34	  15	  27	  20	  20	  50	 342	745117	745951	   0	  70	
 336	 337	  20	   4	 298	   1	   2	  35	  15	  27	  20	  20	  50	 463	747717	748015	   0	  70	
 337	 338	  20	   4	 251	   2	   2	  35	  16	  27	  20	  20	  50	 367	749700	749951	   0	  70	
 338	 339	  80	   3	 268	   1	   2	   1	  16	  27	  80	  20	  50	 394	751683	751951	   1	  70	
 339	 340	  20	   4	 337	   2	   2	   1	  17	  27	  80	  20	  50	 687	753950	754287	   0	  70	
 340	 341	  80	   3	 497	   1	   2	   2	  17	  27	  80	  20	  50	 375	755966	756463	   0	  70	
 341	 342	  50	   3	 309	   3	   2	   2	  17	  28	  80	  20	  50	 471	758266	758575	   0	  70	
 342	 343	  80	   3	 221	   1	   2	   3	  17	  28	  80	  20	  50	 581	760466	760687	   0	  70	
 343	 344	  20	   3	 247	   2	   2	   3	  18	  28	  80	  20	  50	 626	762616	762863	   0	  70	
 344	 345	  50	   4	 250	   3	   2	   3	  18	  29	  80	  20	  50	 322	764500	764750	   0	  70	
 345	 346	  20	   3	 246	   2	   2	   3	  19	  29	  80	  20	  50	 551	766616	766862	   0	  70	
 346	 347	  80	   3	 221	   1	   2	   4	  19	  29	  80	  20	  50	 652	768833	769054	   0	  70	
 347	 348	  20	   4	 314	   2	   2	   4	  20	  29	  80	  20	  50	 554	770916	771230	   0	  70	
 348	 349	  50	   4	 257	   3	   2	   4	  20	  30	  80	  20	  50	 609	773149	773406	   0	  70	
 349	 350	  80	   4	 225	   1	   2	   5	  20	  30	  80	  20	  50	 438	775149	775374	   0	  70	
 350	 351	  50	   4	 268	   3	   2	   5	  20	  31	  80	  20	  50	 583	777266	777534	   0	  70	
 351	 352	  80	   3	 279	   1	   2	   6	  20	  31	  80	  20	  50	 535	779399	779678	   0	  70	
 352	 353	  50	   4	 252	   3	   2	   6	  20	  32	  80	  20	  50	 686	781682	781934	   0	  70	
 353	 354	  80	   1	 420	   1	   1	   7	  20	  32	  80	  20	  50	 638	783882	784302	   0	  80	
 354	 355	  20	   3	 317	   2	   2	   7	  21	  32	  80	  20	  50	 436	786049	786366	   0	  80	
 355	 356	  80	   3	 570	   1	   2	   8	  21	  32	  80	  20	  50	 440	788116	788686	   0	  80	
 356	 357	  50	   3	 605	   3	   2	   8	  21	  33	  80	  20	  50	 454	790449	791054	   0	  80	
 357	 358	  20	   4	 398	   2	   2	   8	  22	  33	  80	  20	  50	 458	792816	793214	   0	  80	
 358	 359	  70	   3	 286	   3	   2	   8	  22	   1	  80	  20	  70	 672	795216	795502	   3	  80	
 359	 360	  20	   4	 330	   2	   2	   8	  23	   1	  80	  20	  70	 519	797332	797662	   0	  80	
 360	 361	  80	   4	 291	   1	   2	   9	  23	   1	  80	  20	  70	 532	799515	799806	   0	  80	
 361	 362	  20	   4	 294	   2	   2	   9	  24	   1	  80	  20	  70	 312	801432	801726	   0	  80	
 362	 363	  70	   4	 301	   3	   2	   9	  24	   2	  80	  20	  70	 624	803649	803950	   0	  80	
 363	 364	  80	   3	 264	   1	   2	  10	  24	   2	  80	  20	  70	 528	805782	806046	   0	  80	
 364	 365	  70	   4	 465	   3	   2	  10	  24	   3	  80	  20	  70	 574	807932	808397	   0	  80	
 365	 366	  20	   4	 358	   2	   2	  10	  25	   3	  80	  20	  70	 495	810199	810557	   0	  80	
 366	 367	  70	   3	 510	   3	   2	  10	  25	   4	  80	  20	  70	 555	812415	812925	   0	  80	
 367	 368	  20	   4	 487	   2	   2	  10	  26	   4	  80	  20	  70	 351	814582	815069	   0	  80	
 368	 369	  80	   3	 447	   1	   2	  11	  26	   4	  80	  20	  70	 421	816798	817245	   0	  80	
 369	 370	  70	   3	 415	   3	   2	  11	  26	   5	  80	  20	  70	 621	819182	819597	   0	  80	
 370	 371	  20	   3	 263	   2	   2	  11	  27	   5	  80	  20	  70	 478	821382	821645	   0	  80	
 371	 372	  70	   3	 220	   3	   2	  11	  27	   6	  80	  20	  70	 684	823665	823885	   0	  80	
 372	 373	  80	   3	 203	   1	   2	  12	  27	   6	  80	  20	  70	 508	825698	825901	   0	  80	
 373	 374	  70	   4	 405	   3	   2	  12	  27	   7	  80	  20	  70	 642	827848	828253	   0	  80	
 374	 375	  80	   3	 214	   1	   2	  13	  27	   7	  80	  20	  70	 672	830231	830445	   0	  80	
 375	 376	  70	   3	 268	   3	   2	  13	  27	   8	  80	  20	  70	 314	832081	832349	   0	  80	
 376	 377	  20	   4	 326	   2	   2	  13	  28	   8	  80	  20	  70	 570	834231	834557	   0	  80	
 377	 378	  80	   3	 532	   1	   2	  14	  28	   8	  80	  20	  70	 408	836265	836797	   0	  80	
 378	 379	  70	   3	 331	   3	   2	  14	  28	   9	  80	  20	  70	 383	838498	838829	   0	  80	
 379	 380	  80	   3	 299	   1	   2	  15	  28	   9	  80	  20	  70	 363	840498	840797	   0	  80	
 380	 381	  70	   3	 334	   3	   2	  15	  28	  10	  80	  20	  70	 328	842431	842765	   0	  80	
 381	 382	  80	   3	 210	   1	   2	  16	  28	  10	  80	  20	  70	 636	844731	844941	   0	  80	
 382	 383	  20	   4	 372	   2	   2	  16	  29	  10	  80	  20	  70	 438	846681	847053	   0	  80	
 383	 384	  80	   3	 267	   1	   2	  17	  29	  10	  80	  20	  70	 543	848898	849165	   0	  80	
 384	 385	  70	   2	 418	   3	   1	  17	  29	  11	  80	  20	  70	 655	851131	851549	   0	  70	
 385	 386	  80	   2	 701	   1	   1	  18	  29	  11	  80	  20	  70	 377	853231	853932	   0	  60	
 386	 387	  20	   4	 304	   2	   2	  18	  30	  11	  80	  20	  70	 699	855948	856252	   0	  60	
 387	 388	  70	   3	 298	   3	   2	  18	  30	  12	  80	  20	  70	 555	858114	858412	   0	  60	
 388	 389	  20	   4	 605	   2	   2	  18	  31	  12	  80	  20	  70	 302	860031	860636	   0	  60	
 389	 390	  70	   3	 351	   3	   2	  18	  31	  13	  80	  20	  70	 438	862381	862732	   0	  60	
 390	 391	  80	   2	 393	   1	   1	  19	  31	  13	  80	  20	  70	 505	864547	864940	   0	  50	
 391	 392	  70	   4	  -7	   3	   2	  19	  31	  14	  80	  20	  70	 689	866947	866940	   0	  50	
 392	 393	  20	   4	 261	   2	   2	  19	  32	  14	  80	  20	  70	 391	868647	868908	   0	  50	
 393	 394	  70	   3	 197	   3	   2	  19	  32	  15	  80	  20	  70	 433	870647	870844	   0	  50	
 394	 395	  20	   3	 518	   2	   2	  19	  33	  15	  80	  20	  70	 460	872614	873132	   0	  50	
 395	 396	  70	   1	 634	   3	   1	  19	  33	  16	  80	  20	  70	 489	874930	875564	   0	  60	
 396	 397	  80	   1	 394	   1	   1	  20	  33	  16	  80	  20	  70	 439	877314	877708	   0	  70	
 397	 398	  70	   2	 498	   3	   1	  20	  33	  17	  80	  20	  70	 497	879514	880012	   0	  60	
 398	 399	  20	   4	 340	   2	   2	  20	  34	  17	  80	  20	  70	 546	881864	882204	   0	  60	
 399	 400	  80	   4	 480	   1	   2	  21	  34	  17	  80	  20	  70	 475	883980	884460	   0	  60	
 400	 401	  20	   4	 267	   2	   2	  21	  35	  17	  80	  20	  70	 316	886097	886364	   0	  60	
 401	 402	  80	   3	 281	   1	   2	  22	  35	  17	  80	  20	  70	 468	888163	888444	   0	  60	
 402	 403	  80	   3	 507	   2	   2	  22	   1	  17	  80	  80	  70	 315	890097	890604	   2	  60	
 403	 404	  80	   3	 298	   1	   2	  23	   1	  17	  80	  80	  70	 623	892530	892828	   0	  60	
 404	 405	  80	   3	 445	   2	   2	  23	   2	  17	  80	  80	  70	 304	894447	894892	   0	  60	
 405	 406	  80	   3	 244	   1	   2	  24	   2	  17	  80	  80	  70	 492	896680	896924	   0	  60	
 406	 407	  80	   3	 220	   2	   2	  24	   3	  17	  80	  80	  70	 615	898847	899067	   0	  60	
 407	 408	  80	   3	 249	   1	   2	  25	   3	  17	  80	  80	  70	 551	900930	901179	   0	  60	
 408	 409	  80	   4	 300	   2	   2	  25	   4	  17	  80	  80	  70	 348	902847	903147	   0	  60	
 409	 410	  80	   3	 323	   1	   2	  26	   4	  17	  80	  80	  70	 633	905096	905419	   0	  60	
 410	 411	  80	   3	 227	   2	   2	  26	   5	  17	  80	  80	  70	 370	907096	907323	   0	  60	
 411	 412	  80	   4	 225	   1	   2	  27	   5	  17	  80	  80	  70	 491	909130	909355	   0	  60	
 412	 413	  80	   3	 204	   2	   2	  27	   6	  17	  80	  80	  70	 613	911263	911467	   0	  60	
 413	 414	  80	   3	 423	   1	   2	  28	   6	  17	  80	  80	  70	 603	913380	913803	   0	  60	
 414	 415	  80	   3	 302	   2	   2	  28	   7	  17	  80	  80	  70	 501	915613	915915	   0	  60	
 415	 416	  80	   3	 425	   1	   2	  29	   7	  17	  80	  80	  70	 502	917730	918155	   0	  60	
 416	 417	  70	   3	 285	   3	   2	  29	   7	  18	  80	  80	  70	 591	920046	920331	   0	  60	
 417	 418	  80	   3	 130	   2	   2	  29	   8	  18	  80	  80	  70	 665	922313	922443	   0	  60	
 418	 419	  80	   3	 588	   1	   2	  30	   8	  18	  80	  80	  70	 305	924063	924651	   0	  60	
 419	 420	  80	   4	 453	   2	   2	  30	   9	  18	  80	  80	  70	 688	926646	927099	   0	  60	
 420	 421	  70	   3	 471	   3	   2	  30	   9	  19	  80	  80	  70	 586	928996	929467	   0	  60	
 421	 422	  80	   3	 236	   2	   2	  30	  10	  19	  80	  80	  70	 477	931263	931499	   0	  60	
 422	 423	  30	   4	 316	   1	   2	   1	  10	  19	  30	  80	  70	 450	933279	933595	   1	  60	
 423	 424	  70	   3	 263	   3	   2	   1	  10	  20	  30	  80	  70	 510	935412	935675	   0	  60	
 424	 425	  80	   4	 303	   2	   2	   1	  11	  20	  30	  80	  70	 609	937596	937899	   0	  60	
 425	 426	  30	   3	 412	   1	   2	   2	  11	  20	  30	  80	  70	 479	939679	940091	   0	  60	
 426	 427	  70	   1	 408	   3	   1	   2	  11	  21	  30	  80	  70	 390	941779	942187	   0	  70	
 427	 428	  80	   3	 373	   2	   2	   2	  12	  21	  30	  80	  70	 371	943862	944235	   0	  70	
 428	 429	  30	   3	 561	   1	   2	   3	  12	  21	  30	  80	  70	 392	945929	946490	   0	  70	
 429	 430	  70	   4	 314	   3	   2	   3	  12	  22	  30	  80	  70	 322	948112	948426	   0	  70	
 430	 431	  80	   3	 347	   2	   2	   3	  13	  22	  30	  80	  70	 357	950095	950442	   0	  70	
 431	 432	  70	   4	 681	   3	   2	   3	  13	  23	  30	  80	  70	 365	952145	952826	   0	  70	
 432	 433	  80	   3	 355	   2	   2	   3	  14	  23	  30	  80	  70	 551	954695	955050	   0	  70	
 433	 434	  70	   3	 610	   3	   2	   3	  14	  24	  30	  80	  70	 357	956712	957322	   0	  70	
 434	 435	  80	   3	 431	   2	   2	   3	  15	  24	  30	  80	  70	 566	959195	959626	   0	  70	
 435	 436	  70	   3	 333	   3	   2	   3	  15	  25	  30	  80	  70	 687	961629	961962	   0	  70	
 436	 437	  30	   4	 493	   1	   2	   4	  15	  25	  30	  80	  70	 368	963645	964138	   0	  70	
 437	 438	  70	   3	 323	   3	   2	   4	  15	  26	  30	  80	  70	 453	965895	966218	   0	  70	
 438	 439	  30	   4	 486	   1	   2	   5	  15	  26	  30	  80	  70	 694	968212	968698	   0	  70	
 439	 440	  70	   3	 316	   3	   2	   5	  15	  27	  30	  80	  70	 452	970462	970778	   0	  70	
 440	 441	  80	   1	 475	   2	   1	   5	  16	  27	  30	  80	  70	 404	972495	972970	   0	  80	
 441	 442	  70	   4	 257	   3	   2	   5	  16	  28	  30	  80	  70	 452	974745	975002	   0	  80	
 442	 443	  30	   4	 330	   1	   2	   6	  16	  28	  30	  80	  70	 611	976912	977242	   0	  80	
 443	 444	  80	   3	 294	   2	   2	   6	  17	  28	  30	  80	  70	 477	979028	979322	   0	  80	
 444	 445	  30	   3	 527	   1	   2	   7	  17	  28	  30	  80	  70	 566	981195	981722	   0	  80	
 445	 446	  80	   4	 488	   2	   2	   7	  18	  28	  30	  80	  70	 354	983378	983866	   0	  80	
 446	 447	  30	   4	 590	   1	   2	   8	  18	  28	  30	  80	  70	 455	985628	986218	   0	  80	
 447	 448	  80	   3	 383	   2	   2	   8	  19	  28	  30	  80	  70	 491	988011	988394	   0	  80	
 448	 449	  30	   4	 324	   1	   2	   9	  19	  28	  30	  80	  70	 569	990278	990602	   0	  80	
 449	 450	  70	   3	 511	   3	   2	   9	  19	  29	  30	  80	  70	 467	992378	992889	   0	  80	
 450	 451	  30	   4	 242	   1	   2	  10	  19	  29	  30	  80	  70	 496	994695	994937	   0	  80	
 451	 452	  80	   3	 262	   2	   2	  10	  20	  29	  30	  80	  70	 355	996611	996873	   0	  80	
 452	 453	  70	   3	 230	   3	   2	  10	  20	  30	  30	  80	  70	 414	998611	998841	   0	  80	
 453	 454	  80	   3	 246	   2	   2	  10	  21	  30	  30	  80	  70	 456	1000611	1000857	   0	  80	
 454	 455	  30	   3	 268	   1	   2	  11	  21	  30	  30	  80	  70	 691	1002861	1003129	   0	  80	
 455	 456	  80	   3	 263	   2	   2	  11	  22	  30	  30	  80	  70	 553	1004994	1005257	   0	  80	
 456	 457	  70	   3	 591	   3	   2	  11	  22	  31	  30	  80	  70	 625	1007194	1007785	   0	  80	
 457	 458	  30	   4	 447	   1	   2	  12	  22	  31	  30	  80	  70	 506	1009594	1010041	   0	  80	
 458	 459	  70	   3	 354	   3	   2	  12	  22	  32	  30	  80	  70	 568	1011927	1012281	   0	  80	
 459	 460	  30	   4	 258	   1	   2	  13	  22	  32	  30	  80	  70	 337	1013927	1014185	   0	  80	
 460	 461	  80	   3	 206	   2	   2	  13	  23	  32	  30	  80	  70	 520	1016011	1016217	   0	  80	
 461	 462	  70	   3	 256	   3	   2	  13	  23	  33	  30	  80	  70	 440	1017977	1018233	   0	  80	
 462	 463	  30	   3	 202	   1	   2	  14	  23	  33	  30	  80	  70	 568	1020111	1020313	   0	  80	
 463	 464	  80	   3	 335	   2	   2	  14	  24	  33	  30	  80	  70	 373	1021994	1022329	   0	  80	
 464	 465	  30	   4	 230	   1	   2	  15	  24	  33	  30	  80	  70	 579	1024211	1024441	   0	  80	
 465	 466	  70	   4	 193	   3	   2	  15	  24	  34	  30	  80	  70	 600	1026360	1026553	   0	  80	
 466	 467	  80	   4	 321	   2	   2	  15	  25	  34	  30	  80	  70	 485	1028344	1028665	   0	  80	
 467	 468	  70	   3	 413	   3	   2	  15	  25	  35	  30	  80	  70	 487	1030460	1030873	   0	  80	
 468	 469	  30	   2	 405	   1	   1	  16	  25	  35	  30	  80	  70	 452	1032644	1033049	   0	  70	
 469	 470	  80	   3	 506	   2	   2	  16	  26	  35	  30	  80	  70	 566	1034927	1035433	   0	  70	
 470	 471	  30	   3	 596	   1	   2	  17	  26	  35	  30	  80	  70	 307	1037044	1037640	   0	  70	
 471	 472	  50	   4	  27	   3	   2	  17	  26	   1	  30	  80	  50	 672	1039677	1039704	   3	  70	
 472	 473	  30	   4	 326	   1	   2	  18	  26	   1	  30	  80	  50	 399	1041410	1041736	   0	  70	
 473	 474	  80	   3	 324	   2	   2	  18	  27	   1	  30	  80	  50	 420	1043460	1043784	   0	  70	
 474	 475	  30	   2	 654	   1	   1	  19	  27	   1	  30	  80	  50	 526	1045610	1046264	   0	  60	
 475	 476	  50	   3	 322	   3	   2	  19	  27	   2	  30	  80	  50	 343	1047910	1048232	   0	  60	
 476	 477	  80	   3	 387	   2	   2	  19	  28	   2	  30	  80	  50	 363	1049893	1050280	   0	  60	
 477	 478	  50	   4	 252	   3	   2	  19	  28	   3	  30	  80	  50	 470	1052060	1052312	   0	  60	
 478	 479	  80	   2	 456	   2	   1	  19	  29	   3	  30	  80	  50	 541	1054160	1054616	   0	  50	
 479	 480	  30	   4	 322	   1	   2	  20	  29	   3	  30	  80	  50	 411	1056326	1056648	   0	  50	
 480	 481	  50	   4	 313	   3	   2	  20	  29	   4	  30	  80	  50	 590	1058543	1058856	   0	  50	
 481	 482	  80	   1	 415	   2	   1	  20	  30	   4	  30	  80	  50	 599	1060793	1061208	   0	  60	
 482	 483	  50	   1	 376	   3	   1	  20	  30	   5	  30	  80	  50	 438	1062960	1063336	   0	  70	
 483	 484	  20	   3	 280	   2	   2	  20	   1	   5	  30	  20	  50	 317	1064976	1065256	   2	  70	
 484	 485	  30	   4	 267	   1	   2	  21	   1	   5	  30	  20	  50	 314	1066893	1067160	   0	  70	
 485	 486	  20	   4	 274	   2	   2	  21	   2	   5	  30	  20	  50	 635	1069110	1069384	   0	  70	
 486	 487	  50	   3	 202	   3	   2	  21	   2	   6	  30	  20	  50	 633	1071326	1071528	   0	  70	
 487	 488	  20	   4	 244	   2	   2	  21	   3	   6	  30	  20	  50	 641	1073476	1073720	   0	  70	
 488	 489	  30	   3	 305	   1	   2	  22	   3	   6	  30	  20	  50	 539	1075559	1075864	   0	  70	
 489	 490	  50	   3	 259	   3	   2	  22	   3	   7	  30	  20	  50	 329	1077493	1077752	   0	  70	
 490	 491	  30	   3	 568	   1	   2	  23	   3	   7	  30	  20	  50	 330	1079376	1079944	   0	  70	
 491	 492	  50	   3	 286	   3	   2	  23	   3	   8	  30	  20	  50	 362	1081626	1081912	   0	  70	
 492	 493	  20	   3	 228	   2	   2	  23	   4	   8	  30	  20	  50	 618	1083843	1084071	   0	  70	
 493	 494	  50	   4	 226	   3	   2	  23	   4	   9	  30	  20	  50	 513	1085893	1086119	   0	  70	
 494	 495	  30	   4	 396	   1	   2	  24	   4	   9	  30	  20	  50	 640	1088059	1088455	   0	  70	
 495	 496	  20	   4	 226	   2	   2	  24	   5	   9	  30	  20	  50	 539	1090309	1090535	   0	  70	
 496	 497	  50	   4	 238	   3	   2	  24	   5	  10	  30	  20	  50	 577	1092409	1092647	   0	  70	
 497	 498	  30	   4	 249	   1	   2	  25	   5	  10	  30	  20	  50	 595	1094542	1094791	   0	  70	
 498	 499	  50	   3	 262	   3	   2	  25	   5	  11	  30	  20	  50	 502	1096609	1096871	   0	  70	
 499	 500	  30	   4	 290	   1	   2	  26	   5	  11	  30	  20	  50	 522	1098709	1098999	   0	  70	
 500	 501	  50	   4	 292	   3	   2	  26	   5	  12	  30	  20	  50	 352	1100659	1100951	   0	  70	
 501	 502	  20	   4	 193	   2	   2	  26	   6	  12	  30	  20	  50	 464	1102742	1102935	   0	  70	
 502	 503	  30	   4	 227	   1	   2	  27	   6	  12	  30	  20	  50	 460	1104692	1104919	   0	  70	
 503	 504	  50	   3	 454	   3	   2	  27	   6	  13	  30	  20	  50	 398	1106625	1107079	   0	  70	
 504	 505	  30	   3	 176	   1	   2	  28	   6	  13	  30	  20	  50	 381	1108775	1108951	   0	  70	
 505	 506	  20	   4	 194	   2	   2	  28	   7	  13	  30	  20	  50	 461	1110709	1110903	   0	  70	
 506	 507	  50	   3	 912	   3	   2	  28	   7	  14	  30	  20	  50	 567	1112775	1113687	   0	  70	
 507	 508	  20	   4	 336	   2	   2	  28	   8	  14	  30	  20	  50	 573	1115575	1115911	   0	  70	
 508	 509	  50	   4	 183	   3	   2	  28	   8	  15	  30	  20	  50	 591	1117808	1117991	   0	  70	
 509	 510	  30	   4	 251	   1	   2	  29	   8	  15	  30	  20	  50	 386	1119692	1119943	   0	  70	
 510	 511	  50	   4	 234	   3	   2	  29	   8	  16	  30	  20	  50	 474	1121725	1121959	   0	  70	
 511	 512	  30	   4	 227	   1	   2	  30	   8	  16	  30	  20	  50	 605	1123892	1124119	   0	  70	
 512	 513	  20	   4	 251	   2	   2	  30	   9	  16	  30	  20	  50	 685	1126108	1126359	   0	  70	
 513	 514	  30	   4	 441	   1	   2	  31	   9	  16	  30	  20	  50	 466	1128142	1128583	   0	  70	
 514	 515	  50	   3	 282	   3	   2	  31	   9	  17	  30	  20	  50	 612	1130492	1130774	   0	  70	
 515	 516	  30	   2	 341	   1	   1	  32	   9	  17	  30	  20	  50	 538	1132625	1132966	   0	  60	
 516	 517	  20	   2	 417	   2	   1	  32	  10	  17	  30	  20	  50	 472	1134741	1135158	   0	  50	
 517	 518	  50	   4	 231	   3	   2	  32	  10	  18	  30	  20	  50	 520	1136991	1137222	   0	  50	
 518	 519	  20	   4	 268	   2	   2	  32	  11	  18	  30	  20	  50	 323	1138858	1139126	   0	  50	
 519	 520	  30	   4	  66	   1	   2	  33	  11	  18	  30	  20	  50	 673	1141108	1141174	   0	  50	
 520	 521	  20	   4	 273	   2	   2	  33	  12	  18	  30	  20	  50	 631	1143125	1143398	   0	  50	
 521	 522	  50	   3	 305	   3	   2	  33	  12	  19	  30	  20	  50	 422	1145141	1145446	   0	  50	
 522	 523	  80	   2	 373	   1	   1	   1	  12	  19	  80	  20	  50	 665	1147441	1147814	   1	  40	
 523	 524	  50	   4	 514	   3	   2	   1	  12	  20	  80	  20	  50	 409	1149524	1150038	   0	  40	
 524	 525	  80	   3	 228	   1	   2	   2	  12	  20	  80	  20	  50	 517	1151874	1152102	   0	  40	
 525	 526	  50	   4	 458	   3	   2	   2	  12	  21	  80	  20	  50	 329	1153724	1154182	   0	  40	
 526	 527	  80	   3	 248	   1	   2	   3	  12	  21	  80	  20	  50	 669	1156158	1156406	   0	  40	
 527	 528	  50	   4	 303	   3	   2	   3	  12	  22	  80	  20	  50	 666	1158391	1158694	   0	  40	
 528	 529	  80	   2	 359	   1	   1	   4	  12	  22	  80	  20	  50	 590	1160591	1160950	   0	  30	
 529	 530	  50	   3	  10	   3	   2	   4	  12	  23	  80	  20	  50	 671	1162924	1162934	   0	  30	
 530	 531	  80	   3	 191	   1	   2	   5	  12	  23	  80	  20	  50	 550	1164791	1164982	   0	  30	
 531	 532	  50	   3	 396	   3	   2	   5	  12	  24	  80	  20	  50	 576	1166874	1167270	   0	  30	
 532	 533	  80	   3	 192	   1	   2	   6	  12	  24	  80	  20	  50	 588	1169174	1169366	   0	  30	
 533	 534	  20	   4	 224	   2	   2	   6	  13	  24	  80	  20	  50	 506	1171174	1171398	   0	  30	
 534	 535	  50	   3	 253	   3	   2	   6	  13	  25	  80	  20	  50	 558	1173257	1173510	   0	  30	
 535	 536	  20	   3	 692	   2	   2	   6	  14	  25	  80	  20	  50	 644	1175457	1176149	   0	  30	
 536	 537	  80	   3	 302	   1	   2	   7	  14	  25	  80	  20	  50	 557	1178007	1178309	   0	  30	
 537	 538	  50	   3	 240	   3	   2	   7	  14	  26	  80	  20	  50	 333	1179957	1180197	   0	  30	
 538	 539	  20	   4	 223	   2	   2	   7	  15	  26	  80	  20	  50	 490	1181990	1182213	   0	  30	
 539	 540	  50	   4	 235	   3	   2	   7	  15	  27	  80	  20	  50	 554	1184074	1184309	   0	  30	
 540	 541	  20	   3	 418	   2	   2	   7	  16	  27	  80	  20	  50	 694	1186307	1186725	   0	  30	
 541	 542	  50	   4	 405	   3	   2	   7	  16	  28	  80	  20	  50	 588	1188640	1189045	   0	  30	
 542	 543	  20	   4	 224	   2	   2	   7	  17	  28	  80	  20	  50	 401	1190757	1190981	   0	  30	
 543	 544	  80	   3	 445	   1	   2	   8	  17	  28	  80	  20	  50	 556	1192840	1193285	   0	  30	
 544	 545	  20	   4	 504	   2	   2	   8	  18	  28	  80	  20	  50	 371	1194957	1195461	   0	  30	
 545	 546	  50	   3	 374	   3	   2	   8	  18	  29	  80	  20	  50	 634	1197407	1197781	   0	  30	
 546	 547	  20	   2	 574	   2	   1	   8	  19	  29	  80	  20	  50	 530	1199607	1200181	   0	  20	
 547	 548	  80	   3	 340	   1	   2	   9	  19	  29	  80	  20	  50	 385	1201873	1202213	   0	  20	
 548	 549	  50	   4	 343	   3	   2	   9	  19	  30	  80	  20	  50	 679	1204190	1204533	   0	  20	
 549	 550	  20	   4	 300	   2	   2	   9	  20	  30	  80	  20	  50	 630	1206457	1206757	   0	  20	
 550	 551	  80	   3	 212	   1	   2	  10	  20	  30	  80	  20	  50	 603	1208673	1208885	   0	  20	
 551	 552	  20	   4	 291	   2	   2	  10	  21	  30	  80	  20	  50	 513	1210706	1210997	   0	  20	
 552	 553	  80	   3	 339	   1	   2	  11	  21	  30	  80	  20	  50	 387	1212690	1213029	   0	  20	
 553	 554	  50	   3	 234	   3	   2	  11	  21	  31	  80	  20	  50	 585	1214923	1215157	   0	  20	
 554	 555	  20	   3	 369	   2	   2	  11	  22	  31	  80	  20	  50	 691	1217156	1217525	   0	  20	
 555	 556	  50	   4	 325	   3	   2	  11	  22	  32	  80	  20	  50	 627	1219456	1219781	   0	  20	
 556	 557	  80	   3	 293	   1	   2	  12	  22	  32	  80	  20	  50	 379	1221456	1221749	   0	  20	
 557	 558	  50	   4	 403	   3	   2	  12	  22	  33	  80	  20	  50	 418	1223473	1223876	   0	  20	
 558	 559	  80	   3	 238	   1	   2	  13	  22	  33	  80	  20	  50	 427	1225606	1225844	   0	  20	
 559	 560	  30	   4	 189	   3	   2	  13	  22	   1	  80	  20	  30	 453	1227623	1227812	   3	  20	
 560	 561	  80	   4	 358	   1	   2	  14	  22	   1	  80	  20	  30	 692	1229806	1230164	   0	  20	
 561	 562	  20	   4	 223	   2	   2	  14	  23	   1	  80	  20	  30	 487	1231973	1232196	   0	  20	
 562	 563	  30	   4	 219	   3	   2	  14	  23	   2	  80	  20	  30	 593	1234089	1234308	   0	  20	
 563	 564	  20	   4	 199	   2	   2	  14	  24	   2	  80	  20	  30	 575	1236189	1236388	   0	  20	
 564	 565	  80	   3	 255	   1	   2	  15	  24	   2	  80	  20	  30	 693	1238389	1238644	   0	  20	
 565	 566	  20	   4	 242	   2	   2	  15	  25	   2	  80	  20	  30	 368	1240322	1240564	   0	  20	
 566	 567	  80	   4	 313	   1	   2	  16	  25	   2	  80	  20	  30	 679	1242539	1242852	   0	  20	
 567	 568	  30	   4	 187	   3	   2	  16	  25	   3	  80	  20	  30	 315	1244489	1244676	   0	  20	
 568	 569	  20	   4	 363	   2	   2	  16	  26	   3	  80	  20	  30	 513	1246489	1246852	   0	  20	
 569	 570	  80	   3	 184	   1	   2	  17	  26	   3	  80	  20	  30	 400	1248572	1248756	   0	  20	
 570	 571	  20	   4	 188	   2	   2	  17	  27	   3	  80	  20	  30	 381	1250456	1250644	   0	  20	
 571	 572	  80	   3	 157	   1	   2	  18	  27	   3	  80	  20	  30	 480	1252439	1252596	   0	  20	
 572	 573	  30	   4	 384	   3	   2	  18	  27	   4	  80	  20	  30	 462	1254356	1254740	   0	  20	
 573	 574	  20	   3	 133	   2	   2	  18	  28	   4	  80	  20	  30	 601	1256655	1256788	   0	  20	
 574	 575	  30	   3	 274	   3	   2	  18	  28	   5	  80	  20	  30	 616	1258722	1258996	   0	  20	
 575	 576	  20	   4	 282	   2	   2	  18	  29	   5	  80	  20	  30	 623	1260922	1261204	   0	  20	
 576	 577	  80	   3	 236	   1	   2	  19	  29	   5	  80	  20	  30	 354	1262872	1263108	   0	  20	
 577	 578	  20	   4	 225	   2	   2	  19	  30	   5	  80	  20	  30	 319	1264739	1264964	   0	  20	
 578	 579	  30	   4	 237	   3	   2	  19	  30	   6	  80	  20	  30	 583	1266855	1267092	   0	  20	
 579	 580	  20	   4	 203	   2	   2	  19	  31	   6	  80	  20	  30	 471	1268872	1269075	   0	  20	
 580	 581	  80	   3	 236	   1	   2	  20	  31	   6	  80	  20	  30	 471	1270855	1271091	   0	  20	
 581	 582	  20	   4	 287	   2	   2	  20	  32	   6	  80	  20	  30	 364	1272788	1273075	   0	  20	
 582	 583	  30	   3	 210	   3	   2	  20	  32	   7	  80	  20	  30	 326	1274705	1274915	   0	  20	
 583	 584	  20	   4	  13	   2	   2	  20	  33	   7	  80	  20	  30	 611	1276822	1276835	   0	  20	
 584	 585	  30	   4	 227	   3	   2	  20	  33	   8	  80	  20	  30	 541	1278688	1278915	   0	  20	
 585	 586	  80	   3	 203	   1	   2	  21	  33	   8	  80	  20	  30	 660	1280872	1281075	   0	  20	
 586	 587	  30	   4	 354	   3	   2	  21	  33	   9	  80	  20	  30	 328	1282705	1283059	   0	  20	
 587	 588	  80	   4	 313	   1	   2	  22	  33	   9	  80	  20	  30	 572	1284938	1285251	   0	  20	
 588	 589	  20	   4	 342	   2	   2	  22	  34	   9	  80	  20	  30	 444	1287005	1287347	   0	  20	
 589	 590	  30	   3	 282	   3	   2	  22	  34	  10	  80	  20	  30	 667	1289321	1289603	   0	  20	
 590	 591	  80	   3	 235	   1	   2	  23	  34	  10	  80	  20	  30	 366	1291288	1291523	   0	  20	
 591	 592	  20	   4	 316	   2	   2	  23	  35	  10	  80	  20	  30	 402	1293255	1293571	   0	  20	
 592	 593	  80	   3	 194	   1	   2	  24	  35	  10	  80	  20	  30	 636	1295521	1295715	   0	  20	
 593	 594	  70	   3	 379	   2	   2	  24	   1	  10	  80	  70	  30	 658	1297688	1298067	   2	  20	
 594	 595	  80	   3	 264	   1	   2	  25	   1	  10	  80	  70	  30	 375	1299755	1300019	   0	  20	
 595	 596	  30	   4	 245	   3	   2	  25	   1	  11	  80	  70	  30	 503	1301838	1302083	   0	  20	
 596	 597	  80	   3	 243	   1	   2	  26	   1	  11	  80	  70	  30	 530	1303904	1304147	   0	  20	
 597	 598	  70	   1	 396	   2	   1	  26	   2	  11	  80	  70	  30	 623	1306071	1306467	   0	  30	
 598	 599	  80	   3	 259	   1	   2	  27	   2	  11	  80	  70	  30	 530	1308304	1308563	   0	  30	
 599	 600	  30	   4	 232	   3	   2	  27	   2	  12	  80	  70	  30	 312	1310171	1310403	   0	  30	
 600	 601	  80	   4	 148	   1	   2	  28	   2	  12	  80	  70	  30	 555	1312271	1312419	   0	  30	
 601	 602	  70	   3	 190	   2	   2	  28	   3	  12	  80	  70	  30	 638	1314388	1314578	   0	  30	
 602	 603	  30	   4	 267	   3	   2	  28	   3	  13	  80	  70	  30	 602	1316487	1316754	   0	  30	
 603	 604	  70	   3	 357	   2	   2	  28	   4	  13	  80	  70	  30	 554	1318621	1318978	   0	  30	
 604	 605	  30	   4	 404	   3	   2	  28	   4	  14	  80	  70	  30	 364	1320654	1321058	   0	  30	
 605	 606	  70	   4	 447	   2	   2	  28	   5	  14	  80	  70	  30	 406	1322771	1323218	   0	  30	
 606	 607	  30	   3	 256	   3	   2	  28	   5	  15	  80	  70	  30	 626	1325154	1325410	   0	  30	
 607	 608	  70	   3	 251	   2	   2	  28	   6	  15	  80	  70	  30	 574	1327287	1327538	   0	  30	
 608	 609	  30	   2	 292	   3	   1	  28	   6	  16	  80	  70	  30	 607	1329454	1329746	   0	  20	
 609	 610	  80	   3	 328	   1	   2	  29	   6	  16	  80	  70	  30	 309	1331354	1331682	   0	  20	
 610	 611	  70	   2	 330	   2	   1	  29	   7	  16	  80	  70	  30	 336	1333320	1333650	   0	  10	
 611	 612	  30	   4	 236	   3	   2	  29	   7	  17	  80	  70	  30	 680	1335654	1335890	   0	  10	
 612	 613	  70	   3	 300	   2	   2	  29	   8	  17	  80	  70	  30	 458	1337654	1337954	   0	  10	
 613	 614	  80	   3	 434	   1	   2	  30	   8	  17	  80	  70	  30	 659	1339920	1340354	   0	  10	
 614	 615	  70	   1	 484	   2	   1	  30	   9	  17	  80	  70	  30	 581	1342254	1342738	   0	  20	
 615	 616	  30	   4	 404	   3	   2	  30	   9	  18	  80	  70	  30	 604	1344654	1345058	   0	  20	
 616	 617	  50	   4	 549	   1	   2	   1	   9	  18	  50	  70	  30	 660	1347037	1347586	   1	  20	
 617	 618	  30	   3	 419	   3	   2	   1	   9	  19	  50	  70	  30	 589	1349487	1349906	   0	  20	
 618	 619	  70	   4	 278	   2	   2	   1	  10	  19	  50	  70	  30	 601	1351820	1352098	   0	  20	
 619	 620	  30	   3	 301	   3	   2	   1	  10	  20	  50	  70	  30	 656	1354053	1354354	   0	  20	
 620	 621	  70	   3	 277	   2	   2	   1	  11	  20	  50	  70	  30	 565	1356237	1356514	   0	  20	
 621	 622	  50	   4	 371	   1	   2	   2	  11	  20	  50	  70	  30	 459	1358287	1358658	   0	  20	
 622	 623	  70	   3	 198	   2	   2	   2	  12	  20	  50	  70	  30	 620	1360587	1360785	   0	  20	
 623	 624	  50	   2	 511	   1	   1	   3	  12	  20	  50	  70	  30	 671	1362770	1363281	   0	  10	
 624	 625	  30	   3	 502	   3	   2	   3	  12	  21	  50	  70	  30	 430	1365003	1365505	   0	  10	
 625	 626	  70	   1	 576	   2	   1	   3	  13	  21	  50	  70	  30	 333	1367153	1367729	   0	  20	
 626	 627	  50	   3	 354	   1	   2	   4	  13	  21	  50	  70	  30	 473	1369503	1369857	   0	  20	
 627	 628	  30	   4	 499	   3	   2	   4	  13	  22	  50	  70	  30	 319	1371486	1371985	   0	  20	
 628	 629	  50	   3	 273	   1	   2	   5	  13	  22	  50	  70	  30	 614	1373920	1374193	   0	  20	
 629	 630	  70	   3	 367	   2	   2	   5	  14	  22	  50	  70	  30	 467	1375970	1376337	   0	  20	
 630	 631	  30	   4	 291	   3	   2	   5	  14	  23	  50	  70	  30	 631	1378286	1378577	   0	  20	
 631	 632	  50	   4	 174	   1	   2	   6	  14	  23	  50	  70	  30	 516	1380419	1380593	   0	  20	
 632	 633	  70	   4	 240	   2	   2	   6	  15	  23	  50	  70	  30	 477	1382369	1382609	   0	  20	
 633	 634	  30	   4	 236	   3	   2	   6	  15	  24	  50	  70	  30	 552	1384469	1384705	   0	  20	
 634	 635	  50	   3	 242	   1	   2	   7	  15	  24	  50	  70	  30	 307	1386319	1386561	   0	  20	
 635	 636	  30	   4	 673	   3	   2	   7	  15	  25	  50	  70	  30	 477	1388336	1389009	   0	  20	
 636	 637	  50	   3	 326	   1	   2	   8	  15	  25	  50	  70	  30	 692	1391003	1391329	   0	  20	
 637	 638	  30	   4	 387	   3	   2	   8	  15	  26	  50	  70	  30	 467	1393102	1393489	   0	  20	
 638	 639	  70	   3	 327	   2	   2	   8	  16	  26	  50	  70	  30	 603	1395402	1395729	   0	  20	
 639	 640	  50	   3	 311	   1	   2	   9	  16	  26	  50	  70	  30	 358	1397386	1397697	   0	  20	
 640	 641	  70	   3	 255	   2	   2	   9	  17	  26	  50	  70	  30	 608	1399602	1399857	   0	  20	
 641	 642	  30	   3	 216	   3	   2	   9	  17	  27	  50	  70	  30	 588	1401769	1401985	   0	  20	
 642	 643	  50	   4	 177	   1	   2	  10	  17	  27	  50	  70	  30	 641	1403936	1404113	   0	  20	
 643	 644	  70	   3	 207	   2	   2	  10	  18	  27	  50	  70	  30	 556	1405969	1406176	   0	  20	
 644	 645	  30	   4	 197	   3	   2	  10	  18	  28	  50	  70	  30	 331	1407819	1408016	   0	  20	
 645	 646	  70	   4	 249	   2	   2	  10	  19	  28	  50	  70	  30	 412	1409735	1409984	   0	  20	
 646	 647	  50	   3	 337	   1	   2	  11	  19	  28	  50	  70	  30	 628	1411919	1412256	   0	  20	
 647	 648	  30	   4	 479	   3	   2	  11	  19	  29	  50	  70	  30	 400	1413969	1414448	   0	  20	
 648	 649	  50	   4	 275	   1	   2	  12	  19	  29	  50	  70	  30	 511	1416269	1416544	   0	  20	
 649	 650	  30	   3	 207	   3	   2	  12	  19	  30	  50	  70	  30	 518	1418369	1418576	   0	  20	
 650	 651	  70	   4	 243	   2	   2	  12	  20	  30	  50	  70	  30	 396	1420269	1420512	   0	  20	
 651	 652	  30	   4	 269	   3	   2	  12	  20	   1	  50	  70	  30	 597	1422435	1422704	   0	  20	
 652	 653	  50	   4	 290	   1	   2	  13	  20	   1	  50	  70	  30	 684	1424702	1424992	   0	  20	
 653	 654	  70	   4	 410	   2	   2	  13	  21	   1	  50	  70	  30	 608	1426902	1427312	   0	  20	
 654	 655	  50	   3	 470	   1	   2	  14	  21	   1	  50	  70	  30	 392	1429002	1429472	   0	  20	
 655	 656	  70	   3	 392	   2	   2	  14	  22	   1	  50	  70	  30	 566	1431352	1431744	   0	  20	
 656	 657	  30	   4	 374	   3	   2	  14	  22	   2	  50	  70	  30	 376	1433418	1433792	   0	  20	
 657	 658	  50	   3	 324	   1	   2	  15	  22	   2	  50	  70	  30	 375	1435468	1435792	   0	  20	
 658	 659	  30	   4	 323	   3	   2	  15	  22	   3	  50	  70	  30	 388	1437485	1437808	   0	  20	
 659	 660	  70	   3	 277	   2	   2	  15	  23	   3	  50	  70	  30	 344	1439451	1439728	   0	  20	
 660	 661	  30	   4	 333	   3	   2	  15	  23	   4	  50	  70	  30	 623	1441651	1441984	   0	  20	
 661	 662	  70	   3	 215	   2	   2	  15	  24	   4	  50	  70	  30	 467	1443785	1444000	   0	  20	
 662	 663	  30	   3	 269	   3	   2	  15	  24	   5	  50	  70	  30	 338	1445651	1445920	   0	  20	
 663	 664	  70	   3	 219	   2	   2	  15	  25	   5	  50	  70	  30	 473	1447701	1447920	   0	  20	
 664	 665	  50	   4	 279	   1	   2	  16	  25	   5	  50	  70	  30	 557	1449785	1450064	   0	  20	
 665	 666	  30	   4	 242	   3	   2	  16	  25	   6	  50	  70	  30	 515	1451901	1452143	   0	  20	
 666	 667	  70	   3	 282	   2	   2	  16	  26	   6	  50	  70	  30	 659	1454101	1454383	   0	  20	
 667	 668	  30	   1	 369	   3	   1	  16	  26	   7	  50	  70	  30	 617	1456318	1456687	   0	  30	
 668	 669	  50	   3	 231	   1	   2	  17	  26	   7	  50	  70	  30	 594	1458584	1458815	   0	  30	
 669	 670	  70	   4	 208	   2	   2	  17	  27	   7	  50	  70	  30	 630	1460751	1460959	   0	  30	
 670	 671	  50	   4	 203	   1	   2	  18	  27	   7	  50	  70	  30	 623	1462884	1463087	   0	  30	
 671	 672	  30	   4	 255	   3	   2	  18	  27	   8	  50	  70	  30	 353	1464768	1465023	   0	  30	
 672	 673	  70	   3	 319	   2	   2	  18	  28	   8	  50	  70	  30	 434	1466768	1467087	   0	  30	
 673	 674	  30	   4	 372	   3	   2	  18	  28	   9	  50	  70	  30	 658	1469051	1469423	   0	  30	
 674	 675	  50	   3	 221	   1	   2	  19	  28	   9	  50	  70	  30	 510	1471234	1471455	   0	  30	
 675	 676	  70	   3	 384	   2	   2	  19	  29	   9	  50	  70	  30	 398	1473167	1473551	   0	  30	
 676	 677	  30	   3	 479	   3	   2	  19	  29	  10	  50	  70	  30	 325	1475184	1475663	   0	  30	
 677	 678	  50	   4	 175	   1	   2	  20	  29	  10	  50	  70	  30	 607	1477584	1477759	   0	  30	
 678	 679	  70	   4	 254	   2	   2	  20	  30	  10	  50	  70	  30	 539	1479601	1479855	   0	  30	
 679	 680	  50	   3	 200	   1	   2	  21	  30	  10	  50	  70	  30	 601	1481767	1481967	   0	  30	
 680	 681	  30	   4	 213	   3	   2	  21	  30	  11	  50	  70	  30	 557	1483834	1484047	   0	  30	
 681	 682	  50	   3	 343	   1	   2	  22	  30	  11	  50	  70	  30	 421	1485800	1486143	   0	  30	
 682	 683	  30	   4	 419	   3	   2	  22	  30	  12	  50	  70	  30	 446	1487884	1488303	   0	  30	
 683	 684	  50	   3	 384	   1	   2	  23	  30	  12	  50	  70	  30	 359	1489967	1490351	   0	  30	
 684	 685	  70	   3	 517	   2	   2	  23	  31	  12	  50	  70	  30	 567	1492234	1492751	   0	  30	
 685	 686	  50	   4	 347	   1	   2	  24	  31	  12	  50	  70	  30	 435	1494500	1494847	   0	  30	
 686	 687	  70	   3	 342	   2	   2	  24	  32	  12	  50	  70	  30	 463	1496617	1496959	   0	  30	
 687	 688	  50	   4	 261	   1	   2	  25	  32	  12	  50	  70	  30	 348	1498617	1498878	   0	  30	
 688	 689	  30	   4	 256	   3	   2	  25	  32	  13	  50	  70	  30	 575	1500750	1501006	   0	  30	
 689	 690	  50	   4	 227	   1	   2	  26	  32	  13	  50	  70	  30	 357	1502667	1502894	   0	  30	
 690	 691	  30	   4	 297	   3	   2	  26	  32	  14	  50	  70	  30	 326	1504517	1504814	   0	  30	
 691	 692	  70	   3	 301	   2	   2	  26	  33	  14	  50	  70	  30	 690	1506833	1507134	   0	  30	
 692	 693	  30	   3	 251	   3	   2	  26	  33	  15	  50	  70	  30	 441	1508883	1509134	   0	  30	
 693	 694	  50	   4	 200	   1	   2	  27	  33	  15	  50	  70	  30	 509	1510950	1511150	   0	  30	
 694	 695	  70	   4	  38	   2	   2	  27	  34	  15	  50	  70	  30	 533	1513000	1513038	   0	  30	
 695	 696	  30	   4	1143	   3	   2	  27	  34	  16	  50	  70	  30	 624	1514967	1516110	   0	  30	
 696	 697	  50	   3	 250	   1	   2	  28	  34	  16	  50	  70	  30	 307	1517716	1517966	   0	  30	
 697	 698	  30	   4	 238	   3	   2	  28	  34	  17	  50	  70	  30	 323	1519600	1519838	   0	  30	
 698	 699	  50	   4	  98	   1	   2	  29	  34	  17	  50	  70	  30	 357	1521500	1521598	   0	  30	
 699	 700	  30	   4	 329	   3	   2	  29	  34	  18	  50	  70	  30	 417	1523333	1523662	   0	  30	
 700	 701	  70	   3	 140	   2	   2	  29	  35	  18	  50	  70	  30	 664	1525650	1525790	   0	  30	
 701	 702	  30	   3	 407	   3	   2	  29	  35	  19	  50	  70	  30	 668	1527783	1528190	   0	  30	
 702	 703	  50	   3	 766	   1	   2	  30	  35	  19	  50	  70	  30	 519	1530016	1530782	   0	  30	
 703	 704	  30	   3	 202	   3	   2	  30	  35	  20	  50	  70	  30	 425	1532516	1532718	   0	  30	
 704	 705	  50	   4	 273	   1	   2	  31	  35	  20	  50	  70	  30	 318	1534349	1534622	   0	  30	
 705	 706	  70	   3	 129	   2	   2	  31	   1	  20	  50	  70	  30	 402	1536333	1536462	   0	  30	
 706	 707	  50	   4	 501	   1	   2	  32	   1	  20	  50	  70	  30	 472	1538249	1538750	   0	  30	
 707	 708	  30	   3	 285	   3	   2	  32	   1	  21	  50	  70	  30	 373	1540433	1540718	   0	  30	
 708	 709	  50	   3	 330	   1	   2	  33	   1	  21	  50	  70	  30	 462	1542483	1542813	   0	  30	
 709	 710	  30	   4	 514	   3	   2	  33	   1	  22	  50	  70	  30	 553	1544683	1545197	   0	  30	
 710	 711	  70	   3	 352	   2	   2	  33	   2	  22	  50	  70	  30	 639	1547149	1547501	   0	  30	
 711	 712	  50	   4	 246	   1	   2	   1	   2	  22	  50	  70	  30	 580	1549399	1549645	   0	  30	
