Version: 1	Number of symbols: 3	Pictures exchange: true	Response Deadline: 2000
Trial_No	Virt_Trial_No	Prob_Shown	Feedback	RT	Stimulus_No	Resp	SymbolA_Stage	SymbolB_Stage	SymbolC_Stage	Prob_A	Prob_B	Prob_C	Jitter	StimOnset	RespOnset	Symbol_Changes	Bonus_sum
NaN	   1	  30	NaN	NaN	   1	   3	   0	   0	   0	  30	  70	  50	 453	   0	NaN	   0	   0	
   1	   2	  50	   2	 715	   3	   1	   0	   0	   1	  30	  70	  50	 380	5281	5996	   0	 -10	
   2	   3	  30	   2	 634	   1	   1	   1	   0	   1	  30	  70	  50	 420	7730	8364	   0	 -20	
   3	   4	  50	   1	 614	   3	   1	   1	   0	   2	  30	  70	  50	 569	10246	10860	   0	 -10	
   4	   5	  70	   1	 628	   2	   1	   1	   1	   2	  30	  70	  50	 538	12712	13340	   0	   0	
   5	   6	  30	   2	 581	   1	   1	   2	   1	   2	  30	  70	  50	 474	15111	15692	   0	 -10	
   6	   7	  50	   2	 628	   3	   1	   2	   1	   3	  30	  70	  50	 540	17544	18172	   0	 -20	
   7	   8	  70	   3	 867	   2	   2	   2	   2	   3	  30	  70	  50	 520	19993	20860	   0	 -20	
   8	   9	  50	   4	 493	   3	   2	   2	   2	   4	  30	  70	  50	 396	22559	23052	   0	 -20	
   9	  10	  30	   4	 419	   1	   2	   3	   2	   4	  30	  70	  50	 493	24841	25260	   0	 -20	
  10	  11	  50	   3	1041	   3	   2	   3	   2	   5	  30	  70	  50	 347	26907	27948	   0	 -20	
  11	  12	  70	   1	 763	   2	   1	   3	   3	   5	  30	  70	  50	 599	29873	30636	   0	 -10	
  12	  13	  50	   2	 762	   3	   1	   3	   3	   6	  30	  70	  50	 383	32338	33100	   0	 -20	
  13	  14	  70	   2	 453	   2	   1	   3	   4	   6	  30	  70	  50	 467	34871	35324	   0	 -30	
  14	  15	  50	   1	 598	   3	   1	   3	   4	   7	  30	  70	  50	 631	37270	37868	   0	 -20	
  15	  16	  30	   3	 459	   1	   2	   4	   4	   7	  30	  70	  50	 350	39536	39995	   0	 -20	
  16	  17	  70	   2	 505	   2	   1	   4	   5	   7	  30	  70	  50	 310	41602	42107	   0	 -30	
  17	  18	  50	   1	 437	   3	   1	   4	   5	   8	  30	  70	  50	 305	43718	44155	   0	 -20	
  18	  19	  70	   3	 470	   2	   2	   4	   6	   8	  30	  70	  50	 655	46117	46587	   0	 -20	
  19	  20	  30	   3	 452	   1	   2	   5	   6	   8	  30	  70	  50	 682	48583	49035	   0	 -20	
  20	  21	  50	   4	 502	   3	   2	   5	   6	   9	  30	  70	  50	 627	50965	51467	   0	 -20	
  21	  22	  30	   4	 493	   1	   2	   6	   6	   9	  30	  70	  50	 429	53214	53707	   0	 -20	
  22	  23	  50	   3	 484	   3	   2	   6	   6	  10	  30	  70	  50	 444	55447	55931	   0	 -20	
  23	  24	  30	   4	 865	   1	   2	   7	   6	  10	  30	  70	  50	 306	57546	58411	   0	 -20	
  24	  25	  70	   1	 422	   2	   1	   7	   7	  10	  30	  70	  50	 511	60229	60651	   0	 -10	
  25	  26	  50	   3	 452	   3	   2	   7	   7	  11	  30	  70	  50	 334	62295	62747	   0	 -10	
  26	  27	  30	   4	 458	   1	   2	   8	   7	  11	  30	  70	  50	 528	64577	65035	   0	 -10	
  27	  28	  50	   4	 931	   3	   2	   8	   7	  12	  30	  70	  50	 425	66760	67691	   0	 -10	
  28	  29	  70	   1	 450	   2	   1	   8	   8	  12	  30	  70	  50	 600	69609	70059	   0	   0	
  29	  30	  50	   1	 831	   3	   1	   8	   8	  13	  30	  70	  50	 335	71708	72539	   0	  10	
  30	  31	  70	   1	 629	   2	   1	   8	   9	  13	  30	  70	  50	 532	74390	75019	   0	  20	
  31	  32	  50	   1	 538	   3	   1	   8	   9	  14	  30	  70	  50	 340	76673	77211	   0	  30	
  32	  33	  30	   2	 501	   1	   1	   9	   9	  14	  30	  70	  50	 311	78822	79323	   0	  20	
  33	  34	  70	   4	 645	   2	   2	   9	  10	  14	  30	  70	  50	 605	81238	81883	   0	  20	
  34	  35	  30	   3	 405	   1	   2	  10	  10	  14	  30	  70	  50	 477	83654	84059	   0	  20	
  35	  36	  70	   3	 468	   2	   2	  10	  11	  14	  30	  70	  50	 700	86070	86538	   0	  20	
  36	  37	  50	   4	 416	   3	   2	  10	  11	  15	  30	  70	  50	 336	88186	88602	   0	  20	
  37	  38	  30	   4	 450	   1	   2	  11	  11	  15	  30	  70	  50	 659	90568	91018	   0	  20	
  38	  39	  70	   4	 379	   2	   2	  11	  12	  15	  30	  70	  50	 424	92751	93130	   0	  20	
  39	  40	  30	   3	 371	   1	   2	  12	  12	  15	  30	  70	  50	 528	94967	95338	   0	  20	
  40	  41	  50	   3	 416	   3	   2	  12	  12	  16	  30	  70	  50	 424	97066	97482	   0	  20	
  41	  42	  70	   3	 442	   2	   2	  12	  13	  16	  30	  70	  50	 421	99232	99674	   0	  20	
  42	  43	  30	   4	 564	   1	   2	  13	  13	  16	  30	  70	  50	 440	101414	101978	   0	  20	
  43	  44	  70	   3	 442	   2	   2	  13	  14	  16	  30	  70	  50	 393	103680	104122	   0	  20	
  44	  45	  50	   4	 544	   3	   2	  13	  14	  17	  30	  70	  50	 515	105946	106490	   0	  20	
  45	  46	  30	   4	 593	   1	   2	  14	  14	  17	  30	  70	  50	 550	108345	108938	   0	  20	
  46	  47	  70	   3	 484	   2	   2	  14	  15	  17	  30	  70	  50	 458	110694	111178	   0	  20	
  47	  48	  30	   2	 574	   1	   1	  15	  15	  17	  30	  70	  50	 375	112860	113434	   0	  10	
  48	  49	  70	   2	 423	   2	   1	  15	  16	  17	  30	  70	  50	 314	115059	115482	   0	   0	
  49	  50	  30	   1	 393	   1	   1	  16	  16	  17	  30	  70	  50	 641	117425	117818	   0	  10	
  50	  51	  70	   1	 613	   2	   1	  16	  17	  17	  30	  70	  50	 398	119525	120138	   0	  20	
  51	  52	  30	   2	 472	   1	   1	  17	  17	  17	  30	  70	  50	 425	121890	122362	   0	  10	
  52	  53	  70	   1	 704	   2	   1	  17	  18	  17	  30	  70	  50	 429	124090	124794	   0	  20	
  53	  54	  30	   2	 463	   1	   1	  18	  18	  17	  30	  70	  50	 436	126539	127002	   0	  10	
  54	  55	  70	   2	 605	   2	   1	  18	  19	  17	  30	  70	  50	 308	128621	129226	   0	   0	
  55	  56	  50	   4	 755	   3	   2	  18	  19	  18	  30	  70	  50	 318	130854	131609	   0	   0	
  56	  57	  30	   3	 478	   1	   2	  19	  19	  18	  30	  70	  50	 483	133403	133881	   0	   0	
  57	  58	  70	   1	 694	   2	   1	  19	  20	  18	  30	  70	  50	 445	135619	136313	   0	  10	
  58	  59	  50	   1	 807	   3	   1	  19	  20	  19	  30	  70	  50	 409	138018	138825	   0	  20	
  59	  60	  30	   4	 534	   1	   2	  20	  20	  19	  30	  70	  50	 335	140467	141001	   0	  20	
  60	  61	  50	   4	 913	   3	   2	  20	  20	  20	  30	  70	  50	 687	143000	143913	   0	  20	
  61	  62	  70	   3	 684	   2	   2	  20	  21	  20	  30	  70	  50	 317	145565	146249	   0	  20	
  62	  63	  50	   4	 691	   3	   2	  20	  21	  21	  30	  70	  50	 652	148214	148905	   0	  20	
  63	  64	  70	   2	 520	   2	   1	  20	  22	  21	  30	  70	  50	 686	150897	151417	   0	  10	
  64	  65	  50	   3	 596	   3	   2	  20	  22	  22	  30	  70	  50	 307	153029	153625	   0	  10	
  65	  66	  30	   4	 575	   1	   2	  21	  22	  22	  30	  70	  50	 635	155562	156137	   0	  10	
  66	  67	  70	   1	 435	   2	   1	  21	  23	  22	  30	  70	  50	 446	157878	158313	   0	  20	
  67	  68	  30	   3	 479	   1	   2	  22	  23	  22	  30	  70	  50	 392	160010	160489	   0	  20	
  68	  69	  50	   4	 966	   3	   2	  22	  23	  23	  30	  70	  50	 449	162243	163209	   0	  20	
  69	  70	  70	   1	 521	   2	   1	  22	  24	  23	  30	  70	  50	 474	164992	165513	   0	  30	
  70	  71	  50	   4	 492	   3	   2	  22	  24	  24	  30	  70	  50	 523	167341	167833	   0	  30	
  71	  72	  70	   3	 738	   2	   2	  22	  25	  24	  30	  70	  50	 457	169607	170345	   0	  30	
  72	  73	  50	   3	1079	   3	   2	  22	  25	  25	  30	  70	  50	 659	172306	173385	   0	  30	
  73	  74	  70	   2	 713	   2	   1	  22	  26	  25	  30	  70	  50	 391	175072	175785	   0	  20	
  74	  75	  50	   2	 605	   3	   1	  22	  26	  26	  30	  70	  50	 690	177787	178392	   0	  10	
  75	  76	  70	   1	1349	   2	   1	  22	  27	  26	  30	  70	  50	 305	180003	181352	   0	  20	
  76	  77	  50	   1	 830	   3	   1	  22	  27	  27	  30	  70	  50	 323	182986	183816	   0	  30	
  77	  78	  70	   1	 843	   2	   1	  22	  28	  27	  30	  70	  50	 365	185501	186344	   0	  40	
  78	  79	  50	   1	 709	   3	   1	  22	  28	  28	  30	  70	  50	 401	188051	188760	   0	  50	
  79	  80	  30	   4	 680	   1	   2	  23	  28	  28	  30	  70	  50	 346	190400	191080	   0	  50	
  80	  81	  70	   2	 676	   2	   1	  23	  29	  28	  30	  70	  50	 534	192932	193608	   0	  40	
  81	  82	  30	   4	 730	   1	   2	  24	  29	  28	  30	  70	  50	 668	195598	196328	   0	  40	
  82	  83	  50	   2	 810	   3	   1	  24	  29	  29	  30	  70	  50	 388	198030	198840	   0	  30	
  83	  84	  30	   4	 825	   1	   2	  25	  29	  29	  30	  70	  50	 336	200479	201304	   0	  30	
  84	  85	  70	   1	1373	   2	   1	  25	  30	  29	  30	  70	  50	 580	203179	204552	   0	  40	
  85	  86	  50	   1	 684	   3	   1	  25	  30	  30	  30	  70	  50	 581	206444	207128	   0	  50	
  86	  87	  70	   1	 822	   2	   1	  25	  31	  30	  30	  70	  50	 587	209026	209848	   0	  60	
  87	  88	  30	   4	1847	   3	   2	  25	  31	   1	  30	  70	  30	 614	211809	213656	   3	  60	
  88	  89	  30	   3	 772	   1	   2	  26	  31	   1	  30	  70	  30	 553	215524	216296	   0	  60	
  89	  90	  70	   2	 763	   2	   1	  26	  32	   1	  30	  70	  30	 568	218173	218936	   0	  50	
  90	  91	  30	   3	1400	   3	   2	  26	  32	   2	  30	  70	  30	 406	220656	222056	   0	  50	
  91	  92	  70	   1	1632	   2	   1	  26	  33	   2	  30	  70	  30	 678	224055	225687	   0	  60	
  92	  93	  30	   4	 654	   1	   2	  27	  33	   2	  30	  70	  30	 333	227337	227991	   0	  60	
  93	  94	  30	   2	1144	   3	   1	  27	  33	   3	  30	  70	  30	 629	229919	231063	   0	  50	
  94	  95	  30	   4	1083	   1	   2	  28	  33	   3	  30	  70	  30	 302	232668	233751	   0	  50	
  95	  96	  20	   4	1209	   2	   2	  28	   1	   3	  30	  20	  30	 448	235534	236743	   2	  50	
  96	  97	  30	   3	1067	   1	   2	  29	   1	   3	  30	  20	  30	 666	238716	239783	   0	  50	
  97	  98	  30	   4	 925	   3	   2	  29	   1	   4	  30	  20	  30	 392	241482	242407	   0	  50	
  98	  99	  30	   4	 880	   1	   2	  30	   1	   4	  30	  20	  30	 543	244247	245127	   0	  50	
  99	 100	  30	   4	 629	   3	   2	  30	   1	   5	  30	  20	  30	 485	246930	247559	   0	  50	
 100	 101	  20	   4	 697	   2	   2	  30	   2	   5	  30	  20	  30	 394	249246	249943	   0	  50	
 101	 102	  30	   4	 743	   1	   2	  31	   2	   5	  30	  20	  30	 435	251712	252455	   0	  50	
 102	 103	  20	   3	 732	   2	   2	  31	   3	   5	  30	  20	  30	 670	254427	255159	   0	  50	
 103	 104	  30	   3	 677	   3	   2	  31	   3	   6	  30	  20	  30	 545	257010	257687	   0	  50	
 104	 105	  20	   4	 600	   2	   2	  31	   4	   6	  30	  20	  30	 370	259359	259959	   0	  50	
 105	 106	  30	   4	 763	   3	   2	  31	   4	   7	  30	  20	  30	 434	261708	262471	   0	  50	
 106	 107	  20	   4	1432	   2	   2	  31	   5	   7	  30	  20	  30	 423	264207	265639	   0	  50	
 107	 108	  30	   4	1022	   3	   2	  31	   5	   8	  30	  20	  30	 333	267289	268311	   0	  50	
 108	 109	  20	   3	 774	   2	   2	  31	   6	   8	  30	  20	  30	 663	270272	271046	   0	  50	
 109	 110	  30	   3	1269	   1	   2	  32	   6	   8	  30	  20	  30	 383	272737	274006	   0	  50	
 110	 111	  30	   4	 744	   3	   2	  32	   6	   9	  30	  20	  30	 548	275870	276614	   0	  50	
 111	 112	  20	   4	 723	   2	   2	  32	   7	   9	  30	  20	  30	 503	278435	279158	   0	  50	
 112	 113	  30	   3	1400	   3	   2	  32	   7	  10	  30	  20	  30	 655	281118	282518	   0	  50	
 113	 114	  30	   4	 666	   1	   2	  33	   7	  10	  30	  20	  30	 468	284300	284966	   0	  50	
 114	 115	  30	   3	 681	   3	   2	  33	   7	  11	  30	  20	  30	 466	286749	287430	   0	  50	
 115	 116	  30	   4	 749	   1	   2	  34	   7	  11	  30	  20	  30	 315	289065	289814	   0	  50	
 116	 117	  30	   2	 847	   3	   1	  34	   7	  12	  30	  20	  30	 307	291431	292278	   0	  40	
 117	 118	  30	   2	 962	   1	   1	  35	   7	  12	  30	  20	  30	 593	294180	295142	   0	  30	
 118	 119	  30	   4	 682	   3	   2	  35	   7	  13	  30	  20	  30	 377	296812	297494	   0	  30	
 119	 120	  20	   4	 990	   2	   2	  35	   8	  13	  30	  20	  30	 321	299128	300118	   0	  30	
 120	 121	  80	   3	1368	   1	   2	   1	   8	  13	  80	  20	  30	 680	302110	303478	   1	  30	
 121	 122	  30	   2	1377	   3	   1	   1	   8	  14	  80	  20	  30	 697	305493	306870	   0	  20	
 122	 123	  80	   1	 877	   1	   1	   2	   8	  14	  80	  20	  30	 672	308841	309718	   0	  30	
 123	 124	  30	   3	1011	   3	   2	   2	   8	  15	  80	  20	  30	 491	311507	312518	   0	  30	
 124	 125	  80	   2	 847	   1	   1	   3	   8	  15	  80	  20	  30	 568	314390	315237	   0	  20	
 125	 126	  30	   4	1210	   3	   2	   3	   8	  16	  80	  20	  30	 402	316955	318165	   0	  20	
 126	 127	  80	   1	 946	   1	   1	   4	   8	  16	  80	  20	  30	 513	319971	320917	   0	  30	
 127	 128	  30	   4	 855	   3	   2	   4	   8	  17	  80	  20	  30	 445	322670	323525	   0	  30	
 128	 129	  20	   4	1297	   2	   2	   4	   9	  17	  80	  20	  30	 425	325252	326549	   0	  30	
 129	 130	  80	   1	 838	   1	   1	   5	   9	  17	  80	  20	  30	 493	328351	329189	   0	  40	
 130	 131	  30	   4	1479	   3	   2	   5	   9	  18	  80	  20	  30	 646	331134	332613	   0	  40	
 131	 132	  80	   2	1094	   1	   1	   6	   9	  18	  80	  20	  30	 459	334399	335493	   0	  30	
 132	 133	  30	   3	 690	   3	   2	   6	   9	  19	  80	  20	  30	 517	337315	338005	   0	  30	
 133	 134	  80	   1	 906	   1	   1	   7	   9	  19	  80	  20	  30	 630	339947	340853	   0	  40	
 134	 135	  20	   4	1379	   2	   2	   7	  10	  19	  80	  20	  30	 378	342530	343909	   0	  40	
 135	 136	  80	   3	1240	   1	   2	   8	  10	  19	  80	  20	  30	 403	345629	346869	   0	  40	
 136	 137	  20	   3	1076	   2	   2	   8	  11	  19	  80	  20	  30	 381	348561	349637	   0	  40	
 137	 138	  80	   1	 975	   1	   1	   9	  11	  19	  80	  20	  30	 575	351510	352485	   0	  50	
 138	 139	  20	   4	 930	   2	   2	   9	  12	  19	  80	  20	  30	 480	354259	355189	   0	  50	
 139	 140	  30	   4	 948	   3	   2	   9	  12	  20	  80	  20	  30	 532	357041	357989	   0	  50	
 140	 141	  80	   3	1038	   1	   2	  10	  12	  20	  80	  20	  30	 679	359974	361012	   0	  50	
 141	 142	  30	   3	1034	   3	   2	  10	  12	  21	  80	  20	  30	 571	362906	363940	   0	  50	
 142	 143	  20	   4	1130	   2	   2	  10	  13	  21	  80	  20	  30	 465	365722	366852	   0	  50	
 143	 144	  80	   2	 717	   1	   1	  11	  13	  21	  80	  20	  30	 325	368487	369204	   0	  40	
 144	 145	  30	   4	 888	   3	   2	  11	  13	  22	  80	  20	  30	 501	371020	371908	   0	  40	
 145	 146	  20	   4	1129	   2	   2	  11	  14	  22	  80	  20	  30	 610	373819	374948	   0	  40	
 146	 147	  30	   4	 774	   3	   2	  11	  14	  23	  80	  20	  30	 464	376734	377508	   0	  40	
 147	 148	  20	   4	 827	   2	   2	  11	  15	  23	  80	  20	  30	 601	379417	380244	   0	  40	
 148	 149	  80	   1	 678	   1	   1	  12	  15	  23	  80	  20	  30	 439	381982	382660	   0	  50	
 149	 150	  20	   4	 824	   2	   2	  12	  16	  23	  80	  20	  30	 376	384332	385156	   0	  50	
 150	 151	  80	   1	 993	   1	   1	  13	  16	  23	  80	  20	  30	 495	386947	387940	   0	  60	
 151	 152	  20	   4	 574	   2	   2	  13	  17	  23	  80	  20	  30	 571	389830	390404	   0	  60	
 152	 153	  30	   4	 793	   3	   2	  13	  17	  24	  80	  20	  30	 681	392395	393188	   0	  60	
 153	 154	  20	   3	1205	   2	   2	  13	  18	  24	  80	  20	  30	 427	394911	396116	   0	  60	
 154	 155	  80	   1	1004	   1	   1	  14	  18	  24	  80	  20	  30	 522	397944	398948	   0	  70	
 155	 156	  30	   4	1444	   3	   2	  14	  18	  25	  80	  20	  30	 319	400576	402020	   0	  70	
 156	 157	  80	   3	 797	   1	   2	  15	  18	  25	  80	  20	  30	 662	403975	404772	   0	  70	
 157	 158	  20	   4	1239	   2	   2	  15	  19	  25	  80	  20	  30	 444	406524	407763	   0	  70	
 158	 159	  30	   4	 532	   3	   2	  15	  19	  26	  80	  20	  30	 357	409423	409955	   0	  70	
 159	 160	  80	   1	 729	   1	   1	  16	  19	  26	  80	  20	  30	 453	411722	412451	   0	  80	
 160	 161	  20	   4	1690	   2	   2	  16	  20	  26	  80	  20	  30	 359	414121	415811	   0	  80	
 161	 162	  30	   3	 865	   3	   2	  16	  20	  27	  80	  20	  30	 445	417570	418435	   0	  80	
 162	 163	  80	   1	 507	   1	   1	  17	  20	  27	  80	  20	  30	 404	420152	420659	   0	  90	
 163	 164	  30	   4	 861	   3	   2	  17	  20	  28	  80	  20	  30	 543	422502	423363	   0	  90	
 164	 165	  20	   4	 624	   2	   2	  17	  21	  28	  80	  20	  30	 584	425251	425875	   0	  90	
 165	 166	  30	   4	 998	   3	   2	  17	  21	  29	  80	  20	  30	 360	427533	428531	   0	  90	
 166	 167	  80	   2	 772	   1	   1	  18	  21	  29	  80	  20	  30	 561	430399	431171	   0	  80	
 167	 168	  30	   3	 804	   3	   2	  18	  21	  30	  80	  20	  30	 352	432831	433635	   0	  80	
 168	 169	  20	   4	 859	   2	   2	  18	  22	  30	  80	  20	  30	 518	435464	436323	   0	  80	
 169	 170	  30	   4	1241	   3	   2	  18	  22	  31	  80	  20	  30	 327	437946	439187	   0	  80	
 170	 171	  80	   1	 936	   1	   1	  19	  22	  31	  80	  20	  30	 700	441195	442131	   0	  90	
 171	 172	  30	   4	 872	   3	   2	  19	  22	  32	  80	  20	  30	 570	444027	444899	   0	  90	
 172	 173	  20	   3	 919	   2	   2	  19	  23	  32	  80	  20	  30	 671	446876	447795	   0	  90	
 173	 174	  80	   1	 852	   1	   1	  20	  23	  32	  80	  20	  30	 665	449775	450627	   0	 100	
 174	 175	  30	   4	1195	   3	   2	  20	  23	  33	  80	  20	  30	 460	452391	453586	   0	 100	
 175	 176	  80	   1	 771	   1	   1	  21	  23	  33	  80	  20	  30	 515	455407	456178	   0	 110	
 176	 177	  30	   3	 746	   3	   2	  21	  23	  34	  80	  20	  30	 571	458056	458802	   0	 110	
 177	 178	  80	   1	 768	   1	   1	  22	  23	  34	  80	  20	  30	 610	460722	461490	   0	 120	
 178	 179	  30	   4	 711	   3	   2	  22	  23	  35	  80	  20	  30	 588	463387	464098	   0	 120	
 179	 180	  20	   4	1057	   2	   2	  22	  24	  35	  80	  20	  30	 555	465953	467010	   0	 120	
 180	 181	  70	   3	1189	   3	   2	  22	  24	   1	  80	  20	  70	 337	468685	469874	   3	 120	
 181	 182	  20	   3	1716	   2	   2	  22	  25	   1	  80	  20	  70	 329	471518	473234	   0	 120	
 182	 183	  80	   2	 870	   1	   1	  23	  25	   1	  80	  20	  70	 553	475100	475970	   0	 110	
 183	 184	  70	   2	 940	   3	   1	  23	  25	   2	  80	  20	  70	 488	477766	478706	   0	 100	
 184	 185	  20	   4	1301	   2	   2	  23	  26	   2	  80	  20	  70	 360	480365	481666	   0	 100	
 185	 186	  70	   1	1346	   3	   1	  23	  26	   3	  80	  20	  70	 699	483680	485026	   0	 110	
 186	 187	  20	   4	1043	   2	   2	  23	  27	   3	  80	  20	  70	 562	486879	487922	   0	 110	
 187	 188	  70	   2	 645	   3	   1	  23	  27	   4	  80	  20	  70	 447	489661	490306	   0	 100	
 188	 189	  20	   4	1688	   2	   2	  23	  28	   4	  80	  20	  70	 393	491994	493682	   0	 100	
 189	 190	  80	   1	 536	   1	   1	  24	  28	   4	  80	  20	  70	 622	495609	496145	   0	 110	
 190	 191	  70	   1	1187	   3	   1	  24	  28	   5	  80	  20	  70	 696	498142	499329	   0	 120	
 191	 192	  80	   2	1316	   1	   1	  25	  28	   5	  80	  20	  70	 305	500957	502273	   0	 110	
 192	 193	  20	   4	 833	   2	   2	  25	  29	   5	  80	  20	  70	 667	504256	505089	   0	 110	
 193	 194	  70	   1	1193	   3	   1	  25	  29	   6	  80	  20	  70	 480	506872	508065	   0	 120	
 194	 195	  20	   4	1542	   2	   2	  25	  30	   6	  80	  20	  70	 401	509771	511313	   0	 120	
 195	 196	  70	   3	1343	   3	   2	  25	  30	   7	  80	  20	  70	 572	513186	514529	   0	 120	
 196	 197	  80	   1	1551	   1	   1	  26	  30	   7	  80	  20	  70	 568	516402	517953	   0	 130	
 197	 198	  50	   3	1426	   2	   2	  26	   1	   7	  80	  50	  70	 687	519967	521393	   2	 130	
 198	 199	  70	   4	1579	   3	   2	  26	   1	   8	  80	  50	  70	 669	523366	524945	   0	 130	
 199	 200	  50	   4	1305	   2	   2	  26	   2	   8	  80	  50	  70	 392	526632	527937	   0	 130	
 200	 201	  80	   1	 910	   1	   1	  27	   2	   8	  80	  50	  70	 494	529731	530641	   0	 140	
 201	 202	  70	   3	 995	   3	   2	  27	   2	   9	  80	  50	  70	 482	532446	533441	   0	 140	
 202	 203	  50	   3	1516	   2	   2	  27	   3	   9	  80	  50	  70	 310	535045	536561	   0	 140	
 203	 204	  70	   3	1200	   3	   2	  27	   3	  10	  80	  50	  70	 681	538561	539761	   0	 140	
 204	 205	  50	   4	 438	   2	   2	  27	   4	  10	  80	  50	  70	 542	541610	542048	   0	 140	
 205	 206	  70	   2	 927	   3	   1	  27	   4	  11	  80	  50	  70	 456	543809	544736	   0	 130	
NaN	 207	  50	NaN	NaN	   2	   3	  27	   4	  11	  80	  50	  70	 310	543809	NaN	   0	 130	
 206	 208	  80	   1	 579	   1	   1	  28	   4	  11	  80	  50	  70	 559	550173	550752	   0	 140	
 207	 209	  50	   2	 645	   2	   1	  28	   5	  11	  80	  50	  70	 481	552539	553184	   0	 130	
 208	 210	  80	   1	 615	   1	   1	  29	   5	  11	  80	  50	  70	 428	554905	555520	   0	 140	
 209	 211	  70	   4	 766	   3	   2	  29	   5	  12	  80	  50	  70	 330	557154	557920	   0	 140	
 210	 212	  50	   1	 684	   2	   1	  29	   6	  12	  80	  50	  70	 394	559620	560304	   0	 150	
 211	 213	  80	   1	 659	   1	   1	  30	   6	  12	  80	  50	  70	 634	562269	562928	   0	 160	
 212	 214	  70	   1	 786	   3	   1	  30	   6	  13	  80	  50	  70	 486	564718	565504	   0	 170	
 213	 215	  80	   1	 687	   1	   1	  31	   6	  13	  80	  50	  70	 413	567217	567904	   0	 180	
 214	 216	  70	   1	1067	   3	   1	  31	   6	  14	  80	  50	  70	 503	569717	570784	   0	 190	
 215	 217	  50	   3	 731	   2	   2	  31	   7	  14	  80	  50	  70	 458	572549	573280	   0	 190	
 216	 218	  80	   1	 691	   1	   1	  32	   7	  14	  80	  50	  70	 580	575165	575856	   0	 200	
 217	 219	  50	   2	 938	   2	   1	  32	   8	  14	  80	  50	  70	 656	577814	578752	   0	 190	
 218	 220	  80	   1	 914	   1	   1	  33	   8	  14	  80	  50	  70	 394	580446	581360	   0	 200	
 219	 221	  70	   3	 803	   3	   2	  33	   8	  15	  80	  50	  70	 559	583229	584032	   0	 200	
 220	 222	  50	   4	 947	   2	   2	  33	   9	  15	  80	  50	  70	 316	585661	586608	   0	 200	
 221	 223	  70	   3	1098	   3	   2	  33	   9	  16	  80	  50	  70	 354	588293	589391	   0	 200	
 222	 224	  20	   4	1247	   1	   2	   1	   9	  16	  20	  50	  70	 671	591392	592639	   1	 200	
 223	 225	  50	   3	 952	   2	   2	   1	  10	  16	  20	  50	  70	 431	594391	595343	   0	 200	
 224	 226	  70	   2	 858	   3	   1	   1	  10	  17	  20	  50	  70	 507	597157	598015	   0	 190	
 225	 227	  20	   4	1104	   1	   2	   2	  10	  17	  20	  50	  70	 502	599823	600927	   0	 190	
 226	 228	  70	   3	 955	   3	   2	   2	  10	  18	  20	  50	  70	 548	602788	603743	   0	 190	
 227	 229	  20	   4	 870	   1	   2	   3	  10	  18	  20	  50	  70	 676	605721	606591	   0	 190	
 228	 230	  50	   4	 767	   2	   2	   3	  11	  18	  20	  50	  70	 430	608320	609087	   0	 190	
 229	 231	  70	   3	 580	   3	   2	   3	  11	  19	  20	  50	  70	 633	611035	611615	   0	 190	
 230	 232	  50	   3	 703	   2	   2	   3	  12	  19	  20	  50	  70	 646	613568	614271	   0	 190	
 231	 233	  70	   3	 822	   3	   2	   3	  12	  20	  20	  50	  70	 616	616217	617039	   0	 190	
 232	 234	  20	   3	 697	   1	   2	   4	  12	  20	  20	  50	  70	 621	618966	619663	   0	 190	
 233	 235	  70	   4	1012	   3	   2	   4	  12	  21	  20	  50	  70	 531	621515	622527	   0	 190	
 234	 236	  20	   2	1248	   1	   1	   5	  12	  21	  20	  50	  70	 601	624431	625679	   0	 180	
 235	 237	  50	   2	 769	   2	   1	   5	  13	  21	  20	  50	  70	 662	627646	628415	   0	 170	
 236	 238	  70	   3	1410	   3	   2	   5	  13	  22	  20	  50	  70	 317	630045	631455	   0	 170	
 237	 239	  50	   4	 737	   2	   2	   5	  14	  22	  20	  50	  70	 516	633278	634015	   0	 170	
 238	 240	  70	   3	 881	   3	   2	   5	  14	  23	  20	  50	  70	 380	635693	636574	   0	 170	
 239	 241	  50	   3	 847	   2	   2	   5	  15	  23	  20	  50	  70	 668	638559	639406	   0	 170	
 240	 242	  20	   2	1074	   1	   1	   6	  15	  23	  20	  50	  70	 582	641308	642382	   0	 160	
 241	 243	  50	   1	 888	   2	   1	   6	  16	  23	  20	  50	  70	 677	644374	645262	   0	 170	
 242	 244	  20	   3	 784	   1	   2	   7	  16	  23	  20	  50	  70	 418	646990	647774	   0	 170	
 243	 245	  70	   3	 861	   3	   2	   7	  16	  24	  20	  50	  70	 410	649489	650350	   0	 170	
 244	 246	  50	   2	1458	   2	   1	   7	  17	  24	  20	  50	  70	 533	652188	653646	   0	 160	
 245	 247	  20	   4	 819	   1	   2	   8	  17	  24	  20	  50	  70	 443	655387	656206	   0	 160	
 246	 248	  50	   3	1435	   2	   2	   8	  18	  24	  20	  50	  70	 506	658019	659454	   0	 160	
 247	 249	  70	   3	1055	   3	   2	   8	  18	  25	  20	  50	  70	 367	661135	662190	   0	 160	
 248	 250	  20	   4	1123	   1	   2	   9	  18	  25	  20	  50	  70	 380	663867	664990	   0	 160	
NaN	 251	  70	NaN	NaN	   3	   3	   9	  18	  25	  20	  50	  70	 518	663867	NaN	   0	 160	
 249	 252	  50	   2	 601	   2	   1	   9	  19	  25	  20	  50	  70	 476	670565	671166	   0	 150	
 250	 253	  20	   4	 738	   1	   2	  10	  19	  25	  20	  50	  70	 686	673164	673902	   0	 150	
 251	 254	  70	   2	1009	   3	   1	  10	  19	  26	  20	  50	  70	 383	675613	676622	   0	 140	
 252	 255	  50	   3	1086	   2	   2	  10	  20	  26	  20	  50	  70	 613	678528	679614	   0	 140	
 253	 256	  70	   1	 616	   3	   1	  10	  20	  27	  20	  50	  70	 539	681461	682077	   0	 150	
 254	 257	  50	   1	 866	   2	   1	  10	  21	  27	  20	  50	  70	 645	684027	684893	   0	 160	
 255	 258	  70	   1	 687	   3	   1	  10	  21	  28	  20	  50	  70	 344	686542	687229	   0	 170	
 256	 259	  50	   2	 512	   2	   1	  10	  22	  28	  20	  50	  70	 397	688941	689453	   0	 160	
 257	 260	  70	   2	 764	   3	   1	  10	  22	  29	  20	  50	  70	 685	691441	692205	   0	 150	
 258	 261	  20	   4	 479	   1	   2	  11	  22	  29	  20	  50	  70	 685	694206	694685	   0	 150	
 259	 262	  70	   3	 629	   3	   2	  11	  22	  30	  20	  50	  70	 496	696472	697101	   0	 150	
 260	 263	  50	   4	 637	   2	   2	  11	  23	  30	  20	  50	  70	 692	699088	699725	   0	 150	
 261	 264	  20	   4	 475	   1	   2	  12	  23	  30	  20	  50	  70	 528	701570	702045	   0	 150	
 262	 265	  50	   4	1205	   3	   2	  12	  23	   1	  20	  50	  50	 372	703736	704941	   3	 150	
 263	 266	  50	   4	 681	   2	   2	  12	  24	   1	  20	  50	  50	 619	706868	707549	   0	 150	
 264	 267	  50	   4	 735	   3	   2	  12	  24	   2	  20	  50	  50	 669	709534	710269	   0	 150	
 265	 268	  50	   3	1326	   2	   2	  12	  25	   2	  20	  50	  50	 388	711967	713293	   0	 150	
 266	 269	  20	   4	 796	   1	   2	  13	  25	   2	  20	  50	  50	 657	715249	716045	   0	 150	
 267	 270	  50	   3	 558	   2	   2	  13	  26	   2	  20	  50	  50	 672	718015	718573	   0	 150	
 268	 271	  50	   1	 675	   3	   1	  13	  26	   3	  20	  50	  50	 442	720314	720989	   0	 160	
 269	 272	  50	   4	 729	   2	   2	  13	  27	   3	  20	  50	  50	 311	722596	723325	   0	 160	
 270	 273	  50	   2	1077	   3	   1	  13	  27	   4	  20	  50	  50	 455	725079	726156	   0	 150	
 271	 274	  50	   3	 677	   2	   2	  13	  28	   4	  20	  50	  50	 438	727911	728588	   0	 150	
 272	 275	  20	   3	 860	   1	   2	  14	  28	   4	  20	  50	  50	 666	730560	731420	   0	 150	
 273	 276	  50	   1	1175	   3	   1	  14	  28	   5	  20	  50	  50	 371	733093	734268	   0	 160	
 274	 277	  50	   4	 498	   2	   2	  14	  29	   5	  20	  50	  50	 483	736058	736556	   0	 160	
 275	 278	  20	   4	1045	   1	   2	  15	  29	   5	  20	  50	  50	 547	738407	739452	   0	 160	
 276	 279	  50	   3	 782	   3	   2	  15	  29	   6	  20	  50	  50	 663	741406	742188	   0	 160	
 277	 280	  20	   3	 837	   1	   2	  16	  29	   6	  20	  50	  50	 552	744055	744892	   0	 160	
 278	 281	  50	   4	 833	   3	   2	  16	  29	   7	  20	  50	  50	 364	746571	747404	   0	 160	
 279	 282	  20	   4	 769	   1	   2	  17	  29	   7	  20	  50	  50	 667	749387	750156	   0	 160	
 280	 283	  50	   4	 773	   3	   2	  17	  29	   8	  20	  50	  50	 645	752103	752876	   0	 160	
 281	 284	  50	   1	1422	   2	   1	  17	  30	   8	  20	  50	  50	 506	754702	756124	   0	 170	
 282	 285	  20	   4	 793	   1	   2	  18	  30	   8	  20	  50	  50	 616	758051	758844	   0	 170	
 283	 286	  50	   3	 464	   2	   2	  18	  31	   8	  20	  50	  50	 557	760700	761164	   0	 170	
 284	 287	  20	   4	1350	   1	   2	  19	  31	   8	  20	  50	  50	 504	762982	764332	   0	 170	
 285	 288	  50	   3	 916	   3	   2	  19	  31	   9	  20	  50	  50	 615	766264	767180	   0	 170	
 286	 289	  20	   4	1141	   1	   2	  20	  31	   9	  20	  50	  50	 554	769047	770188	   0	 170	
 287	 290	  50	   1	 474	   3	   1	  20	  31	  10	  20	  50	  50	 633	772129	772603	   0	 180	
 288	 291	  50	   4	1069	   2	   2	  20	  32	  10	  20	  50	  50	 572	774478	775547	   0	 180	
 289	 292	  50	   1	 482	   3	   1	  20	  32	  11	  20	  50	  50	 316	777177	777659	   0	 190	
 290	 293	  50	   3	 744	   2	   2	  20	  33	  11	  20	  50	  50	 472	779443	780187	   0	 190	
 291	 294	  50	   1	 522	   3	   1	  20	  33	  12	  20	  50	  50	 310	781809	782331	   0	 200	
 292	 295	  20	   4	 698	   1	   2	  21	  33	  12	  20	  50	  50	 609	784241	784939	   0	 200	
 293	 296	  20	   4	1209	   2	   2	  21	   1	  12	  20	  20	  50	 407	786674	787883	   2	 200	
 294	 297	  20	   3	 878	   1	   2	  22	   1	  12	  20	  20	  50	 606	789789	790667	   0	 200	
 295	 298	  20	   4	1047	   2	   2	  22	   2	  12	  20	  20	  50	 419	792388	793435	   0	 200	
 296	 299	  20	   4	1440	   1	   2	  23	   2	  12	  20	  20	  50	 622	795371	796811	   0	 200	
 297	 300	  20	   4	 742	   2	   2	  23	   3	  12	  20	  20	  50	 332	798453	799195	   0	 200	
 298	 301	  50	   2	 865	   3	   1	  23	   3	  13	  20	  20	  50	 513	801002	801867	   0	 190	
 299	 302	  20	   4	1717	   2	   2	  23	   4	  13	  20	  20	  50	 542	803718	805435	   0	 190	
 300	 303	  50	   1	 574	   3	   1	  23	   4	  14	  20	  20	  50	 370	807117	807691	   0	 200	
 301	 304	  20	   3	 797	   2	   2	  23	   5	  14	  20	  20	  50	 580	809582	810379	   0	 200	
 302	 305	  20	   4	1139	   1	   2	  24	   5	  14	  20	  20	  50	 563	812248	813387	   0	 200	
 303	 306	  50	   1	 653	   3	   1	  24	   5	  15	  20	  20	  50	 543	815230	815883	   0	 210	
 304	 307	  20	   4	 932	   1	   2	  25	   5	  15	  20	  20	  50	 640	817830	818762	   0	 210	
 305	 308	  50	   2	 579	   3	   1	  25	   5	  16	  20	  20	  50	 601	820679	821258	   0	 200	
 306	 309	  20	   4	 955	   1	   2	  26	   5	  16	  20	  20	  50	 346	822911	823866	   0	 200	
 307	 310	  50	   2	 491	   3	   1	  26	   5	  17	  20	  20	  50	 554	825727	826218	   0	 190	
 308	 311	  20	   4	 927	   1	   2	  27	   5	  17	  20	  20	  50	 531	828059	828986	   0	 190	
 309	 312	  50	   1	 728	   3	   1	  27	   5	  18	  20	  20	  50	 364	830658	831386	   0	 200	
 310	 313	  20	   4	 801	   2	   2	  27	   6	  18	  20	  20	  50	 548	833241	834042	   0	 200	
 311	 314	  50	   2	 634	   3	   1	  27	   6	  19	  20	  20	  50	 478	835840	836474	   0	 190	
 312	 315	  20	   4	 767	   2	   2	  27	   7	  19	  20	  20	  50	 354	838139	838906	   0	 190	
 313	 316	  20	   3	1078	   1	   2	  28	   7	  19	  20	  20	  50	 549	840772	841850	   0	 190	
 314	 317	  20	   4	 740	   2	   2	  28	   8	  19	  20	  20	  50	 519	843670	844410	   0	 190	
 315	 318	  50	   2	 568	   3	   1	  28	   8	  20	  20	  20	  50	 676	846386	846954	   0	 180	
 316	 319	  20	   3	 669	   2	   2	  28	   9	  20	  20	  20	  50	 420	848685	849354	   0	 180	
 317	 320	  20	   4	1025	   1	   2	  29	   9	  20	  20	  20	  50	 320	850985	852010	   0	 180	
 318	 321	  50	   2	1198	   3	   1	  29	   9	  21	  20	  20	  50	 593	853900	855098	   0	 170	
 319	 322	  20	   4	 961	   1	   2	  30	   9	  21	  20	  20	  50	 634	857049	858010	   0	 170	
 320	 323	  50	   1	 787	   3	   1	  30	   9	  22	  20	  20	  50	 530	859831	860618	   0	 180	
 321	 324	  20	   4	1131	   1	   2	  31	   9	  22	  20	  20	  50	 512	862447	863578	   0	 180	
 322	 325	  20	   4	 977	   2	   2	  31	  10	  22	  20	  20	  50	 597	865480	866457	   0	 180	
 323	 326	  20	   4	1381	   1	   2	  32	  10	  22	  20	  20	  50	 449	868212	869593	   0	 180	
 324	 327	  50	   2	 499	   3	   1	  32	  10	  23	  20	  20	  50	 583	871494	871993	   0	 170	
 325	 328	  20	   4	 680	   2	   2	  32	  11	  23	  20	  20	  50	 468	873777	874457	   0	 170	
 326	 329	  50	   1	 825	   3	   1	  32	  11	  24	  20	  20	  50	 427	876192	877017	   0	 180	
 327	 330	  20	   4	 867	   2	   2	  32	  12	  24	  20	  20	  50	 442	878758	879625	   0	 180	
 328	 331	  20	   3	 712	   1	   2	  33	  12	  24	  20	  20	  50	 527	881457	882169	   0	 180	
 329	 332	  20	   4	1028	   2	   2	  33	  13	  24	  20	  20	  50	 501	883973	885001	   0	 180	
 330	 333	  50	   1	 934	   3	   1	  33	  13	  25	  20	  20	  50	 455	886755	887689	   0	 190	
 331	 334	  20	   4	 812	   1	   2	  34	  13	  25	  20	  20	  50	 400	889421	890233	   0	 190	
 332	 335	  20	   4	1209	   2	   2	  34	  14	  25	  20	  20	  50	 397	891920	893129	   0	 190	
 333	 336	  50	   2	 752	   3	   1	  34	  14	  26	  20	  20	  50	 521	894953	895705	   0	 180	
 334	 337	  20	   4	 717	   1	   2	  35	  14	  26	  20	  20	  50	 461	897468	898185	   0	 180	
 335	 338	  20	   4	 940	   2	   2	  35	  15	  26	  20	  20	  50	 405	899901	900841	   0	 180	
 336	 339	  80	   3	1229	   1	   2	   1	  15	  26	  80	  20	  50	 554	902716	903945	   1	 180	
 337	 340	  20	   4	1230	   2	   2	   1	  16	  26	  80	  20	  50	 661	905899	907129	   0	 180	
 338	 341	  80	   1	 505	   1	   1	   2	  16	  26	  80	  20	  50	 419	908864	909369	   0	 190	
 339	 342	  50	   1	1155	   3	   1	   2	  16	  27	  80	  20	  50	 316	910997	912152	   0	 200	
 340	 343	  80	   1	 520	   1	   1	   3	  16	  27	  80	  20	  50	 661	914112	914632	   0	 210	
 341	 344	  20	   4	 700	   2	   2	   3	  17	  27	  80	  20	  50	 475	916428	917128	   0	 210	
 342	 345	  50	   1	 799	   3	   1	   3	  17	  28	  80	  20	  50	 331	918777	919576	   0	 220	
 343	 346	  20	   3	 727	   2	   2	   3	  18	  28	  80	  20	  50	 481	921377	922104	   0	 220	
 344	 347	  80	   1	 543	   1	   1	   4	  18	  28	  80	  20	  50	 607	924009	924552	   0	 230	
 345	 348	  20	   3	1729	   2	   2	   4	  19	  28	  80	  20	  50	 516	926375	928104	   0	 230	
 346	 349	  50	   2	 838	   3	   1	   4	  19	  29	  80	  20	  50	 456	929874	930712	   0	 220	
 347	 350	  80	   2	 743	   1	   1	   5	  19	  29	  80	  20	  50	 654	932673	933416	   0	 210	
 348	 351	  50	   4	 761	   3	   2	   5	  19	  30	  80	  20	  50	 334	935055	935816	   0	 210	
 349	 352	  80	   1	1919	   1	   1	   6	  19	  30	  80	  20	  50	 613	937721	939640	   0	 220	
 350	 353	  50	   4	 802	   3	   2	   6	  19	  31	  80	  20	  50	 337	941286	942088	   0	 220	
 351	 354	  80	   1	 701	   1	   1	   7	  19	  31	  80	  20	  50	 415	943835	944536	   0	 230	
 352	 355	  20	   4	 825	   2	   2	   7	  20	  31	  80	  20	  50	 500	946351	947176	   0	 230	
 353	 356	  80	   3	1156	   1	   2	   8	  20	  31	  80	  20	  50	 403	948884	950040	   0	 230	
 354	 357	  50	   4	 904	   3	   2	   8	  20	  32	  80	  20	  50	 665	952016	952920	   0	 230	
 355	 358	  20	   3	1075	   2	   2	   8	  21	  32	  80	  20	  50	 310	954532	955607	   0	 230	
 356	 359	  50	   3	 883	   3	   2	   8	  21	  33	  80	  20	  50	 456	957364	958247	   0	 230	
 357	 360	  20	   4	 883	   2	   2	   8	  22	  33	  80	  20	  50	 639	960196	961079	   0	 230	
 358	 361	  80	   2	 676	   1	   1	   9	  22	  33	  80	  20	  50	 590	962979	963655	   0	 220	
 359	 362	  20	   4	 618	   2	   2	   9	  23	  33	  80	  20	  50	 700	965661	966279	   0	 220	
 360	 363	  70	   3	1215	   3	   2	   9	  23	   1	  80	  20	  70	 352	967960	969175	   3	 220	
 361	 364	  80	   1	 816	   1	   1	  10	  23	   1	  80	  20	  70	 657	971159	971975	   0	 230	
 362	 365	  70	   2	 610	   3	   1	  10	  23	   2	  80	  20	  70	 634	973925	974535	   0	 220	
 363	 366	  20	   4	 684	   2	   2	  10	  24	   2	  80	  20	  70	 659	976491	977175	   0	 220	
 364	 367	  70	   2	 717	   3	   1	  10	  24	   3	  80	  20	  70	 399	978890	979607	   0	 210	
 365	 368	  20	   4	 650	   2	   2	  10	  25	   3	  80	  20	  70	 477	981389	982039	   0	 210	
 366	 369	  80	   1	 618	   1	   1	  11	  25	   3	  80	  20	  70	 451	983805	984423	   0	 220	
 367	 370	  70	   1	 911	   3	   1	  11	  25	   4	  80	  20	  70	 373	986104	987015	   0	 230	
 368	 371	  20	   4	 582	   2	   2	  11	  26	   4	  80	  20	  70	 431	988753	989335	   0	 230	
 369	 372	  70	   3	 640	   3	   2	  11	  26	   5	  80	  20	  70	 671	991319	991959	   0	 230	
 370	 373	  80	   1	 538	   1	   1	  12	  26	   5	  80	  20	  70	 633	993901	994439	   0	 240	
 371	 374	  70	   3	 477	   3	   2	  12	  26	   6	  80	  20	  70	 465	996234	996711	   0	 240	
 372	 375	  80	   1	1335	   1	   1	  13	  26	   6	  80	  20	  70	 365	998383	999718	   0	 250	
 373	 376	  70	   4	 997	   3	   2	  13	  26	   7	  80	  20	  70	 646	1001665	1002662	   0	 250	
 374	 377	  20	   3	 422	   2	   2	  13	  27	   7	  80	  20	  70	 483	1004464	1004886	   0	 250	
 375	 378	  80	   1	 693	   1	   1	  14	  27	   7	  80	  20	  70	 317	1006513	1007206	   0	 260	
 376	 379	  70	   3	 744	   3	   2	  14	  27	   8	  80	  20	  70	 338	1008846	1009590	   0	 260	
 377	 380	  80	   1	 715	   1	   1	  15	  27	   8	  80	  20	  70	 300	1011195	1011910	   0	 270	
 378	 381	  70	   3	1244	   3	   2	  15	  27	   9	  80	  20	  70	 370	1013594	1014838	   0	 270	
 379	 382	  80	   1	 814	   1	   1	  16	  27	   9	  80	  20	  70	 636	1016776	1017590	   0	 280	
 380	 383	  20	   4	 609	   2	   2	  16	  28	   9	  80	  20	  70	 607	1019509	1020118	   0	 280	
 381	 384	  80	   1	 548	   1	   1	  17	  28	   9	  80	  20	  70	 426	1021858	1022406	   0	 290	
 382	 385	  70	   3	 590	   3	   2	  17	  28	  10	  80	  20	  70	 301	1024024	1024614	   0	 290	
 383	 386	  80	   2	 731	   1	   1	  18	  28	  10	  80	  20	  70	 600	1026523	1027254	   0	 280	
 384	 387	  20	   4	 446	   2	   2	  18	  29	  10	  80	  20	  70	 301	1028872	1029318	   0	 280	
 385	 388	  70	   4	1037	   3	   2	  18	  29	  11	  80	  20	  70	 306	1030921	1031958	   0	 280	
 386	 389	  20	   4	 747	   2	   2	  18	  30	  11	  80	  20	  70	 517	1033787	1034534	   0	 280	
 387	 390	  70	   3	 931	   3	   2	  18	  30	  12	  80	  20	  70	 551	1036403	1037334	   0	 280	
 388	 391	  80	   2	 597	   1	   1	  19	  30	  12	  80	  20	  70	 514	1039169	1039766	   0	 270	
 389	 392	  70	   3	 785	   3	   2	  19	  30	  13	  80	  20	  70	 623	1041701	1042486	   0	 270	
 390	 393	  20	   4	1189	   2	   2	  19	  31	  13	  80	  20	  70	 629	1044417	1045606	   0	 270	
 391	 394	  70	   2	 535	   3	   1	  19	  31	  14	  80	  20	  70	 650	1047582	1048117	   0	 260	
 392	 395	  20	   4	 767	   2	   2	  19	  32	  14	  80	  20	  70	 350	1049782	1050549	   0	 260	
 393	 396	  70	   1	 528	   3	   1	  19	  32	  15	  80	  20	  70	 326	1052181	1052709	   0	 270	
 394	 397	  80	   1	1014	   1	   1	  20	  32	  15	  80	  20	  70	 444	1054447	1055461	   0	 280	
 395	 398	  70	   1	 430	   3	   1	  20	  32	  16	  80	  20	  70	 313	1057079	1057509	   0	 290	
 396	 399	  20	   3	 696	   2	   2	  20	  33	  16	  80	  20	  70	 416	1059245	1059941	   0	 290	
 397	 400	  80	   2	 955	   1	   1	  21	  33	  16	  80	  20	  70	 334	1061594	1062549	   0	 280	
 398	 401	  20	   4	 571	   2	   2	  21	  34	  16	  80	  20	  70	 553	1064410	1064981	   0	 280	
 399	 402	  80	   1	 622	   1	   1	  22	  34	  16	  80	  20	  70	 474	1066759	1067381	   0	 290	
 400	 403	  20	   4	 904	   2	   2	  22	  35	  16	  80	  20	  70	 635	1069325	1070229	   0	 290	
 401	 404	  80	   1	 853	   1	   1	  23	  35	  16	  80	  20	  70	 688	1072240	1073093	   0	 300	
 402	 405	  80	   3	1140	   2	   2	  23	   1	  16	  80	  80	  70	 656	1075089	1076229	   2	 300	
 403	 406	  80	   1	 881	   1	   1	  24	   1	  16	  80	  80	  70	 441	1077972	1078853	   0	 310	
 404	 407	  80	   1	1049	   2	   1	  24	   2	  16	  80	  80	  70	 442	1080604	1081653	   0	 320	
 405	 408	  80	   1	 747	   1	   1	  25	   2	  16	  80	  80	  70	 414	1083386	1084133	   0	 330	
 406	 409	  80	   1	 612	   2	   1	  25	   3	  16	  80	  80	  70	 521	1085969	1086581	   0	 340	
 407	 410	  80	   1	 950	   1	   1	  26	   3	  16	  80	  80	  70	 452	1088335	1089285	   0	 350	
 408	 411	  80	   2	 778	   2	   1	  26	   4	  16	  80	  80	  70	 439	1091034	1091812	   0	 340	
 409	 412	  80	   2	 635	   1	   1	  27	   4	  16	  80	  80	  70	 323	1093433	1094068	   0	 330	
 410	 413	  80	   1	 700	   2	   1	  27	   5	  16	  80	  80	  70	 451	1095832	1096532	   0	 340	
 411	 414	  80	   1	 546	   1	   1	  28	   5	  16	  80	  80	  70	 632	1098498	1099044	   0	 350	
 412	 415	  80	   1	 544	   2	   1	  28	   6	  16	  80	  80	  70	 630	1100980	1101524	   0	 360	
 413	 416	  80	   1	 895	   1	   1	  29	   6	  16	  80	  80	  70	 589	1103413	1104308	   0	 370	
 414	 417	  70	   2	1381	   3	   1	  29	   6	  17	  80	  80	  70	 482	1106095	1107476	   0	 360	
 415	 418	  80	   1	 733	   2	   1	  29	   7	  17	  80	  80	  70	 342	1109127	1109860	   0	 370	
 416	 419	  80	   1	1220	   1	   1	  30	   7	  17	  80	  80	  70	 605	1111776	1112996	   0	 380	
 417	 420	  80	   1	 931	   2	   1	  30	   8	  17	  80	  80	  70	 301	1114609	1115540	   0	 390	
 418	 421	  70	   3	 744	   3	   2	  30	   8	  18	  80	  80	  70	 480	1117324	1118068	   0	 390	
 419	 422	  80	   2	 767	   2	   1	  30	   9	  18	  80	  80	  70	 590	1119957	1120724	   0	 380	
 420	 423	  30	   4	1327	   1	   2	   1	   9	  18	  30	  80	  70	 305	1122373	1123700	   1	 380	
 421	 424	  70	   3	 812	   3	   2	   1	   9	  19	  30	  80	  70	 658	1125672	1126484	   0	 380	
 422	 425	  80	   1	1532	   2	   1	   1	  10	  19	  30	  80	  70	 328	1128104	1129636	   0	 390	
 423	 426	  30	   3	 850	   1	   2	   2	  10	  19	  30	  80	  70	 637	1131586	1132436	   0	 390	
 424	 427	  70	   3	 729	   3	   2	   2	  10	  20	  30	  80	  70	 464	1134219	1134948	   0	 390	
 425	 428	  80	   2	1128	   2	   1	   2	  11	  20	  30	  80	  70	 428	1136668	1137796	   0	 380	
 426	 429	  30	   3	 702	   1	   2	   3	  11	  20	  30	  80	  70	 624	1139717	1140419	   0	 380	
 427	 430	  70	   3	1134	   3	   2	   3	  11	  21	  30	  80	  70	 424	1142149	1143283	   0	 380	
 428	 431	  80	   3	1444	   2	   2	   3	  12	  21	  30	  80	  70	 615	1145215	1146659	   0	 380	
 429	 432	  70	   4	 787	   3	   2	   3	  12	  22	  30	  80	  70	 511	1148464	1149251	   0	 380	
 430	 433	  80	   1	 805	   2	   1	   3	  13	  22	  30	  80	  70	 690	1151246	1152051	   0	 390	
 431	 434	  70	   4	 757	   3	   2	   3	  13	  23	  30	  80	  70	 301	1153678	1154435	   0	 390	
 432	 435	  80	   1	 643	   2	   1	   3	  14	  23	  30	  80	  70	 393	1156128	1156771	   0	 400	
 433	 436	  70	   3	1012	   3	   2	   3	  14	  24	  30	  80	  70	 458	1158527	1159539	   0	 400	
 434	 437	  30	   4	 841	   1	   2	   4	  14	  24	  30	  80	  70	 409	1161242	1162083	   0	 400	
 435	 438	  70	   3	 750	   3	   2	   4	  14	  25	  30	  80	  70	 538	1163925	1164675	   0	 400	
 436	 439	  30	   4	 722	   1	   2	   5	  14	  25	  30	  80	  70	 668	1166657	1167379	   0	 400	
 437	 440	  70	   3	 478	   3	   2	   5	  14	  26	  30	  80	  70	 485	1169173	1169651	   0	 400	
 438	 441	  80	   1	 698	   2	   1	   5	  15	  26	  30	  80	  70	 331	1171289	1171987	   0	 410	
 439	 442	  70	   3	 846	   3	   2	   5	  15	  27	  30	  80	  70	 308	1173605	1174451	   0	 410	
 440	 443	  30	   4	 626	   1	   2	   6	  15	  27	  30	  80	  70	 577	1176337	1176963	   0	 410	
 441	 444	  80	   1	 831	   2	   1	   6	  16	  27	  30	  80	  70	 555	1178836	1179667	   0	 420	
 442	 445	  30	   3	1139	   1	   2	   7	  16	  27	  30	  80	  70	 567	1181552	1182691	   0	 420	
 443	 446	  80	   1	 682	   2	   1	   7	  17	  27	  30	  80	  70	 581	1184584	1185266	   0	 430	
 444	 447	  30	   4	 982	   1	   2	   8	  17	  27	  30	  80	  70	 530	1187100	1188082	   0	 430	
 445	 448	  80	   2	 714	   2	   1	   8	  18	  27	  30	  80	  70	 414	1189816	1190530	   0	 420	
 446	 449	  30	   4	 631	   1	   2	   9	  18	  27	  30	  80	  70	 473	1192315	1192946	   0	 420	
 447	 450	  70	   4	 853	   3	   2	   9	  18	  28	  30	  80	  70	 530	1194781	1195634	   0	 420	
 448	 451	  30	   4	 884	   1	   2	  10	  18	  28	  30	  80	  70	 696	1197630	1198514	   0	 420	
 449	 452	  80	   1	 661	   2	   1	  10	  19	  28	  30	  80	  70	 601	1200429	1201090	   0	 430	
 450	 453	  70	   3	 631	   3	   2	  10	  19	  29	  30	  80	  70	 414	1202811	1203442	   0	 430	
 451	 454	  80	   1	1134	   2	   1	  10	  20	  29	  30	  80	  70	 678	1205444	1206578	   0	 440	
 452	 455	  30	   3	 689	   1	   2	  11	  20	  29	  30	  80	  70	 320	1208209	1208898	   0	 440	
 453	 456	  80	   1	 754	   2	   1	  11	  21	  29	  30	  80	  70	 399	1210608	1211362	   0	 450	
 454	 457	  70	   3	 692	   3	   2	  11	  21	  30	  30	  80	  70	 307	1212974	1213666	   0	 450	
 455	 458	  30	   4	1424	   1	   2	  12	  21	  30	  30	  80	  70	 523	1215490	1216914	   0	 450	
 456	 459	  70	   3	 684	   3	   2	  12	  21	  31	  30	  80	  70	 610	1218822	1219506	   0	 450	
 457	 460	  30	   4	 657	   1	   2	  13	  21	  31	  30	  80	  70	 697	1221505	1222162	   0	 450	
 458	 461	  80	   1	 624	   2	   1	  13	  22	  31	  30	  80	  70	 494	1223954	1224578	   0	 460	
 459	 462	  70	   3	 649	   3	   2	  13	  22	  32	  30	  80	  70	 675	1226553	1227202	   0	 460	
 460	 463	  30	   3	 694	   1	   2	  14	  22	  32	  30	  80	  70	 521	1229035	1229729	   0	 460	
 461	 464	  80	   1	 661	   2	   1	  14	  23	  32	  30	  80	  70	 439	1231484	1232145	   0	 470	
 462	 465	  30	   4	 603	   1	   2	  15	  23	  32	  30	  80	  70	 690	1234134	1234737	   0	 470	
 463	 466	  70	   3	 716	   3	   2	  15	  23	  33	  30	  80	  70	 486	1236533	1237249	   0	 470	
 464	 467	  80	   1	 555	   2	   1	  15	  24	  33	  30	  80	  70	 430	1238982	1239537	   0	 480	
 465	 468	  70	   4	 694	   3	   2	  15	  24	  34	  30	  80	  70	 684	1241531	1242225	   0	 480	
 466	 469	  30	   4	 710	   1	   2	  16	  24	  34	  30	  80	  70	 443	1243963	1244673	   0	 480	
 467	 470	  80	   2	 858	   2	   1	  16	  25	  34	  30	  80	  70	 312	1246279	1247137	   0	 470	
 468	 471	  30	   3	 436	   1	   2	  17	  25	  34	  30	  80	  70	 411	1248845	1249281	   0	 470	
 469	 472	  70	   3	1169	   3	   2	  17	  25	  35	  30	  80	  70	 361	1250944	1252113	   0	 470	
 470	 473	  30	   2	 696	   1	   1	  18	  25	  35	  30	  80	  70	 559	1253977	1254673	   0	 460	
 471	 474	  80	   1	 666	   2	   1	  18	  26	  35	  30	  80	  70	 348	1256359	1257025	   0	 470	
 472	 475	  30	   2	 450	   1	   1	  19	  26	  35	  30	  80	  70	 662	1258991	1259441	   0	 460	
 473	 476	  50	   4	1390	   3	   2	  19	  26	   1	  30	  80	  50	 301	1261091	1262481	   3	 460	
 474	 477	  80	   1	 787	   2	   1	  19	  27	   1	  30	  80	  50	 405	1264190	1264977	   0	 470	
 475	 478	  50	   1	 789	   3	   1	  19	  27	   2	  30	  80	  50	 694	1266972	1267761	   0	 480	
 476	 479	  80	   1	 859	   2	   1	  19	  28	   2	  30	  80	  50	 572	1269638	1270497	   0	 490	
 477	 480	  30	   4	 765	   1	   2	  20	  28	   2	  30	  80	  50	 618	1272420	1273185	   0	 490	
 478	 481	  50	   4	 787	   3	   2	  20	  28	   3	  30	  80	  50	 607	1275102	1275889	   0	 490	
 479	 482	  80	   4	 779	   2	   2	  20	  29	   3	  30	  80	  50	 496	1277685	1278464	   0	 490	
 480	 483	  50	   2	1244	   3	   1	  20	  29	   4	  30	  80	  50	 305	1280084	1281328	   0	 480	
 481	 484	  80	   1	 671	   2	   1	  20	  30	   4	  30	  80	  50	 595	1283233	1283904	   0	 490	
 482	 485	  30	   4	1697	   1	   2	  21	  30	   4	  30	  80	  50	 395	1285599	1287296	   0	 490	
 483	 486	  20	   3	1042	   2	   2	  21	   1	   4	  30	  20	  50	 594	1289214	1290256	   2	 490	
 484	 487	  50	   1	 842	   3	   1	  21	   1	   5	  30	  20	  50	 676	1292230	1293072	   0	 500	
 485	 488	  20	   2	 932	   2	   1	  21	   2	   5	  30	  20	  50	 415	1294796	1295728	   0	 490	
 486	 489	  30	   3	 695	   1	   2	  22	   2	   5	  30	  20	  50	 520	1297561	1298256	   0	 490	
 487	 490	  50	   1	 748	   3	   1	  22	   2	   6	  30	  20	  50	 300	1299860	1300608	   0	 500	
 488	 491	  30	   3	 796	   1	   2	  23	   2	   6	  30	  20	  50	 339	1302260	1303056	   0	 500	
 489	 492	  50	   1	1146	   3	   1	  23	   2	   7	  30	  20	  50	 369	1304742	1305888	   0	 510	
 490	 493	  20	   4	 820	   2	   2	  23	   3	   7	  30	  20	  50	 515	1307724	1308544	   0	 510	
 491	 494	  50	   1	 657	   3	   1	  23	   3	   8	  30	  20	  50	 331	1310207	1310864	   0	 520	
 492	 495	  30	   4	 761	   1	   2	  24	   3	   8	  30	  20	  50	 672	1312839	1313600	   0	 520	
 493	 496	  20	   3	 506	   2	   2	  24	   4	   8	  30	  20	  50	 338	1315238	1315744	   0	 520	
 494	 497	  50	   2	 396	   3	   1	  24	   4	   9	  30	  20	  50	 556	1317604	1318000	   0	 510	
 495	 498	  30	   4	 780	   1	   2	  25	   4	   9	  30	  20	  50	 317	1319620	1320400	   0	 510	
 496	 499	  50	   2	 688	   3	   1	  25	   4	  10	  30	  20	  50	 607	1322319	1323007	   0	 500	
 497	 500	  30	   4	 621	   1	   2	  26	   4	  10	  30	  20	  50	 498	1324818	1325439	   0	 500	
 498	 501	  50	   1	1323	   3	   1	  26	   4	  11	  30	  20	  50	 543	1327284	1328607	   0	 510	
 499	 502	  20	   2	1491	   2	   1	  26	   5	  11	  30	  20	  50	 401	1330316	1331807	   0	 500	
 500	 503	  30	   4	 638	   1	   2	  27	   5	  11	  30	  20	  50	 550	1333665	1334303	   0	 500	
 501	 504	  50	   2	1443	   3	   1	  27	   5	  12	  30	  20	  50	 329	1335948	1337391	   0	 490	
 502	 505	  30	   3	 838	   1	   2	  28	   5	  12	  30	  20	  50	 427	1339113	1339951	   0	 490	
 503	 506	  20	   4	 800	   2	   2	  28	   6	  12	  30	  20	  50	 420	1341679	1342479	   0	 490	
 504	 507	  50	   3	1855	   3	   2	  28	   6	  13	  30	  20	  50	 319	1344112	1345967	   0	 490	
 505	 508	  20	   2	 830	   2	   1	  28	   7	  13	  30	  20	  50	 499	1347777	1348607	   0	 480	
 506	 509	  50	   3	1174	   3	   2	  28	   7	  14	  30	  20	  50	 483	1350409	1351583	   0	 480	
 507	 510	  30	   4	 753	   1	   2	  29	   7	  14	  30	  20	  50	 463	1353342	1354095	   0	 480	
 508	 511	  50	   2	 745	   3	   1	  29	   7	  15	  30	  20	  50	 567	1355974	1356719	   0	 470	
 509	 512	  30	   4	 693	   1	   2	  30	   7	  15	  30	  20	  50	 474	1358490	1359183	   0	 470	
 510	 513	  20	   4	 743	   2	   2	  30	   8	  15	  30	  20	  50	 381	1360872	1361615	   0	 470	
 511	 514	  30	   4	 801	   1	   2	  31	   8	  15	  30	  20	  50	 510	1363438	1364239	   0	 470	
 512	 515	  50	   2	 484	   3	   1	  31	   8	  16	  30	  20	  50	 600	1366154	1366638	   0	 460	
 513	 516	  30	   4	 406	   1	   2	  32	   8	  16	  30	  20	  50	 593	1368536	1368942	   0	 460	
 514	 517	  20	   4	 663	   2	   2	  32	   9	  16	  30	  20	  50	 668	1370919	1371582	   0	 460	
 515	 518	  50	   3	 581	   3	   2	  32	   9	  17	  30	  20	  50	 481	1373385	1373966	   0	 460	
 516	 519	  20	   4	 652	   2	   2	  32	  10	  17	  30	  20	  50	 356	1375634	1376286	   0	 460	
 517	 520	  30	   4	 526	   1	   2	  33	  10	  17	  30	  20	  50	 408	1378000	1378526	   0	 460	
 518	 521	  20	   4	 852	   2	   2	  33	  11	  17	  30	  20	  50	 452	1380282	1381134	   0	 460	
 519	 522	  50	   4	 646	   3	   2	  33	  11	  18	  30	  20	  50	 611	1383048	1383694	   0	 460	
 520	 523	  80	   4	1488	   1	   2	   1	  11	  18	  80	  20	  50	 595	1385614	1387102	   1	 460	
 521	 524	  50	   3	1122	   3	   2	   1	  11	  19	  80	  20	  50	 368	1388796	1389918	   0	 460	
 522	 525	  80	   3	 684	   1	   2	   2	  11	  19	  80	  20	  50	 544	1391762	1392446	   0	 460	
 523	 526	  50	   4	1064	   3	   2	   2	  11	  20	  80	  20	  50	 545	1394294	1395358	   0	 460	
 524	 527	  80	   3	 665	   1	   2	   3	  11	  20	  80	  20	  50	 426	1397093	1397758	   0	 460	
 525	 528	  50	   4	 714	   3	   2	   3	  11	  21	  80	  20	  50	 422	1399492	1400206	   0	 460	
 526	 529	  80	   2	 492	   1	   1	   4	  11	  21	  80	  20	  50	 337	1401858	1402350	   0	 450	
 527	 530	  50	   4	 693	   3	   2	   4	  11	  22	  80	  20	  50	 398	1404057	1404750	   0	 450	
 528	 531	  80	   1	 458	   1	   1	   5	  11	  22	  80	  20	  50	 684	1406740	1407198	   0	 460	
 529	 532	  50	   3	 868	   3	   2	   5	  11	  23	  80	  20	  50	 422	1408922	1409790	   0	 460	
 530	 533	  80	   1	 559	   1	   1	   6	  11	  23	  80	  20	  50	 348	1411455	1412014	   0	 470	
 531	 534	  20	   4	 865	   2	   2	   6	  12	  23	  80	  20	  50	 474	1413804	1414669	   0	 470	
 532	 535	  50	   3	 839	   3	   2	   6	  12	  24	  80	  20	  50	 503	1416486	1417325	   0	 470	
 533	 536	  20	   4	 791	   2	   2	   6	  13	  24	  80	  20	  50	 674	1419302	1420093	   0	 470	
 534	 537	  80	   1	 539	   1	   1	   7	  13	  24	  80	  20	  50	 638	1422034	1422573	   0	 480	
 535	 538	  50	   3	 741	   3	   2	   7	  13	  25	  80	  20	  50	 317	1424200	1424941	   0	 480	
 536	 539	  20	   3	1470	   2	   2	   7	  14	  25	  80	  20	  50	 535	1426783	1428253	   0	 480	
 537	 540	  50	   1	 848	   3	   1	   7	  14	  26	  80	  20	  50	 410	1429965	1430813	   0	 490	
 538	 541	  20	   4	 838	   2	   2	   7	  15	  26	  80	  20	  50	 520	1432647	1433485	   0	 490	
 539	 542	  50	   2	 487	   3	   1	   7	  15	  27	  80	  20	  50	 639	1435430	1435917	   0	 480	
 540	 543	  20	   3	 718	   2	   2	   7	  16	  27	  80	  20	  50	 468	1437695	1438413	   0	 480	
 541	 544	  80	   1	 758	   1	   1	   8	  16	  27	  80	  20	  50	 558	1440295	1441053	   0	 490	
 542	 545	  20	   4	 837	   2	   2	   8	  17	  27	  80	  20	  50	 413	1442760	1443597	   0	 490	
 543	 546	  50	   2	 948	   3	   1	   8	  17	  28	  80	  20	  50	 684	1445593	1446541	   0	 480	
 544	 547	  20	   4	 592	   2	   2	   8	  18	  28	  80	  20	  50	 672	1448525	1449117	   0	 480	
 545	 548	  80	   1	 695	   1	   1	   9	  18	  28	  80	  20	  50	 355	1450774	1451469	   0	 490	
 546	 549	  50	   1	 888	   3	   1	   9	  18	  29	  80	  20	  50	 392	1453157	1454045	   0	 500	
 547	 550	  20	   4	 791	   2	   2	   9	  19	  29	  80	  20	  50	 655	1456006	1456797	   0	 500	
 548	 551	  80	   1	 804	   1	   1	  10	  19	  29	  80	  20	  50	 385	1458488	1459292	   0	 510	
 549	 552	  20	   4	 560	   2	   2	  10	  20	  29	  80	  20	  50	 404	1461004	1461564	   0	 510	
 550	 553	  80	   1	 621	   1	   1	  11	  20	  29	  80	  20	  50	 638	1463503	1464124	   0	 520	
 551	 554	  50	   4	 668	   3	   2	  11	  20	  30	  80	  20	  50	 492	1465936	1466604	   0	 520	
 552	 555	  20	   4	 756	   2	   2	  11	  21	  30	  80	  20	  50	 654	1468568	1469324	   0	 520	
 553	 556	  50	   3	 778	   3	   2	  11	  21	  31	  80	  20	  50	 626	1471250	1472028	   0	 520	
 554	 557	  80	   1	 621	   1	   1	  12	  21	  31	  80	  20	  50	 649	1473983	1474604	   0	 530	
 555	 558	  50	   4	 708	   3	   2	  12	  21	  32	  80	  20	  50	 327	1476232	1476940	   0	 530	
 556	 559	  80	   3	 824	   1	   2	  13	  21	  32	  80	  20	  50	 319	1478564	1479388	   0	 530	
 557	 560	  50	   2	1700	   3	   1	  13	  21	  33	  80	  20	  50	 387	1481080	1482780	   0	 520	
 558	 561	  80	   2	 726	   1	   1	  14	  21	  33	  80	  20	  50	 550	1484646	1485372	   0	 510	
 559	 562	  20	   3	 717	   2	   2	  14	  22	  33	  80	  20	  50	 643	1487311	1488028	   0	 510	
 560	 563	  30	   4	1208	   3	   2	  14	  22	   1	  80	  20	  30	 483	1489860	1491068	   3	 510	
 561	 564	  20	   4	 783	   2	   2	  14	  23	   1	  80	  20	  30	 518	1492909	1493692	   0	 510	
 562	 565	  80	   3	 933	   1	   2	  15	  23	   1	  80	  20	  30	 580	1495575	1496508	   0	 510	
 563	 566	  20	   4	 658	   2	   2	  15	  24	   1	  80	  20	  30	 661	1498474	1499132	   0	 510	
 564	 567	  80	   2	 509	   1	   1	  16	  24	   1	  80	  20	  30	 565	1501007	1501516	   0	 500	
 565	 568	  30	   4	1150	   3	   2	  16	  24	   2	  80	  20	  30	 564	1503389	1504539	   0	 500	
 566	 569	  20	   4	 664	   2	   2	  16	  25	   2	  80	  20	  30	 502	1506355	1507019	   0	 500	
 567	 570	  80	   1	 785	   1	   1	  17	  25	   2	  80	  20	  30	 644	1508970	1509755	   0	 510	
 568	 571	  20	   4	 756	   2	   2	  17	  26	   2	  80	  20	  30	 647	1511703	1512459	   0	 510	
 569	 572	  80	   1	 702	   1	   1	  18	  26	   2	  80	  20	  30	 498	1514269	1514971	   0	 520	
 570	 573	  30	   4	 911	   3	   2	  18	  26	   3	  80	  20	  30	 397	1516668	1517579	   0	 520	
 571	 574	  20	   4	 682	   2	   2	  18	  27	   3	  80	  20	  30	 323	1519217	1519899	   0	 520	
 572	 575	  30	   4	 732	   3	   2	  18	  27	   4	  80	  20	  30	 381	1521599	1522331	   0	 520	
 573	 576	  20	   3	 731	   2	   2	  18	  28	   4	  80	  20	  30	 396	1524032	1524763	   0	 520	
 574	 577	  80	   1	 559	   1	   1	  19	  28	   4	  80	  20	  30	 672	1526748	1527307	   0	 530	
 575	 578	  20	   4	 595	   2	   2	  19	  29	   4	  80	  20	  30	 468	1529080	1529675	   0	 530	
 576	 579	  30	   3	 740	   3	   2	  19	  29	   5	  80	  20	  30	 513	1531479	1532219	   0	 530	
 577	 580	  20	   4	1212	   2	   2	  19	  30	   5	  80	  20	  30	 577	1534095	1535307	   0	 530	
 578	 581	  80	   1	 945	   1	   1	  20	  30	   5	  80	  20	  30	 594	1537194	1538139	   0	 540	
 579	 582	  20	   4	 728	   2	   2	  20	  31	   5	  80	  20	  30	 411	1539843	1540571	   0	 540	
 580	 583	  30	   4	 576	   3	   2	  20	  31	   6	  80	  20	  30	 612	1542475	1543051	   0	 540	
 581	 584	  20	   4	 712	   2	   2	  20	  32	   6	  80	  20	  30	 305	1544675	1545387	   0	 540	
 582	 585	  30	   3	 810	   3	   2	  20	  32	   7	  80	  20	  30	 368	1547057	1547867	   0	 540	
 583	 586	  80	   1	 667	   1	   1	  21	  32	   7	  80	  20	  30	 656	1549823	1550490	   0	 550	
 584	 587	  30	   4	 557	   3	   2	  21	  32	   8	  80	  20	  30	 411	1552205	1552762	   0	 550	
 585	 588	  80	   2	 736	   1	   1	  22	  32	   8	  80	  20	  30	 495	1554554	1555290	   0	 540	
 586	 589	  20	   4	 816	   2	   2	  22	  33	   8	  80	  20	  30	 359	1556954	1557770	   0	 540	
 587	 590	  30	   4	 789	   3	   2	  22	  33	   9	  80	  20	  30	 589	1559669	1560458	   0	 540	
 588	 591	  80	   1	 737	   1	   1	  23	  33	   9	  80	  20	  30	 426	1562185	1562922	   0	 550	
 589	 592	  20	   4	 880	   2	   2	  23	  34	   9	  80	  20	  30	 392	1564618	1565498	   0	 550	
 590	 593	  80	   1	1021	   1	   1	  24	  34	   9	  80	  20	  30	 325	1567133	1568154	   0	 560	
 591	 594	  20	   4	 833	   2	   2	  24	  35	   9	  80	  20	  30	 379	1569849	1570682	   0	 560	
 592	 595	  80	   1	1169	   1	   1	  25	  35	   9	  80	  20	  30	 670	1572665	1573834	   0	 570	
 593	 596	  30	   3	 738	   3	   2	  25	  35	  10	  80	  20	  30	 335	1575480	1576218	   0	 570	
 594	 597	  80	   1	 548	   1	   1	  26	  35	  10	  80	  20	  30	 325	1577846	1578394	   0	 580	
 595	 598	  70	   3	1083	   2	   2	  26	   1	  10	  80	  70	  30	 348	1580079	1581162	   2	 580	
 596	 599	  80	   1	 670	   1	   1	  27	   1	  10	  80	  70	  30	 370	1582844	1583514	   0	 590	
 597	 600	  30	   4	 690	   3	   2	  27	   1	  11	  80	  70	  30	 329	1585144	1585834	   0	 590	
 598	 601	  80	   2	 720	   1	   1	  28	   1	  11	  80	  70	  30	 487	1587626	1588346	   0	 580	
 599	 602	  70	   1	 671	   2	   1	  28	   2	  11	  80	  70	  30	 417	1590075	1590746	   0	 590	
 600	 603	  30	   4	 766	   3	   2	  28	   2	  12	  80	  70	  30	 477	1592524	1593290	   0	 590	
 601	 604	  70	   1	 612	   2	   1	  28	   3	  12	  80	  70	  30	 557	1595174	1595786	   0	 600	
 602	 605	  30	   4	 621	   3	   2	  28	   3	  13	  80	  70	  30	 672	1597756	1598377	   0	 600	
 603	 606	  70	   1	 564	   2	   1	  28	   4	  13	  80	  70	  30	 319	1600005	1600569	   0	 610	
 604	 607	  30	   4	 717	   3	   2	  28	   4	  14	  80	  70	  30	 330	1602204	1602921	   0	 610	
 605	 608	  70	   2	 413	   2	   1	  28	   5	  14	  80	  70	  30	 382	1604620	1605033	   0	 600	
 606	 609	  30	   3	 718	   3	   2	  28	   5	  15	  80	  70	  30	 665	1607019	1607737	   0	 600	
 607	 610	  80	   1	 657	   1	   1	  29	   5	  15	  80	  70	  30	 311	1609352	1610009	   0	 610	
 608	 611	  70	   1	 767	   2	   1	  29	   6	  15	  80	  70	  30	 499	1611818	1612585	   0	 620	
 609	 612	  30	   4	 756	   3	   2	  29	   6	  16	  80	  70	  30	 631	1614533	1615289	   0	 620	
 610	 613	  70	   2	 717	   2	   1	  29	   7	  16	  80	  70	  30	 544	1617132	1617849	   0	 610	
 611	 614	  80	   1	 654	   1	   1	  30	   7	  16	  80	  70	  30	 334	1619515	1620169	   0	 620	
 612	 615	  70	   1	 688	   2	   1	  30	   8	  16	  80	  70	  30	 427	1621897	1622585	   0	 630	
 613	 616	  30	   4	 807	   3	   2	  30	   8	  17	  80	  70	  30	 646	1624530	1625337	   0	 630	
 614	 617	  50	   4	1132	   1	   2	   1	   8	  17	  50	  70	  30	 566	1627229	1628361	   1	 630	
 615	 618	  30	   2	 746	   3	   1	   1	   8	  18	  50	  70	  30	 426	1630095	1630841	   0	 620	
 616	 619	  70	   1	 788	   2	   1	   1	   9	  18	  50	  70	  30	 517	1632677	1633465	   0	 630	
 617	 620	  30	   3	 757	   3	   2	   1	   9	  19	  50	  70	  30	 305	1635076	1635833	   0	 630	
 618	 621	  70	   2	 777	   2	   1	   1	  10	  19	  50	  70	  30	 661	1637792	1638569	   0	 620	
 619	 622	  50	   4	1388	   1	   2	   2	  10	  19	  50	  70	  30	 675	1640541	1641929	   0	 620	
 620	 623	  70	   1	1032	   2	   1	   2	  11	  19	  50	  70	  30	 607	1643840	1644872	   0	 630	
 621	 624	  50	   4	 843	   1	   2	   3	  11	  19	  50	  70	  30	 394	1646589	1647432	   0	 630	
 622	 625	  30	   3	1295	   3	   2	   3	  11	  20	  50	  70	  30	 588	1649321	1650616	   0	 630	
 623	 626	  70	   1	 827	   2	   1	   3	  12	  20	  50	  70	  30	 318	1652237	1653064	   0	 640	
 624	 627	  50	   3	 680	   1	   2	   4	  12	  20	  50	  70	  30	 368	1654736	1655416	   0	 640	
 625	 628	  30	   3	 997	   3	   2	   4	  12	  21	  50	  70	  30	 503	1657235	1658232	   0	 640	
 626	 629	  50	   3	1093	   1	   2	   5	  12	  21	  50	  70	  30	 504	1660051	1661144	   0	 640	
 627	 630	  70	   1	 872	   2	   1	   5	  13	  21	  50	  70	  30	 379	1662816	1663688	   0	 650	
 628	 631	  30	   4	 904	   3	   2	   5	  13	  22	  50	  70	  30	 642	1665632	1666536	   0	 650	
 629	 632	  50	   4	1149	   1	   2	   6	  13	  22	  50	  70	  30	 478	1668315	1669464	   0	 650	
 630	 633	  70	   1	 804	   2	   1	   6	  14	  22	  50	  70	  30	 606	1671380	1672184	   0	 660	
 631	 634	  30	   4	 833	   3	   2	   6	  14	  23	  50	  70	  30	 350	1673863	1674696	   0	 660	
 632	 635	  50	   3	1031	   1	   2	   7	  14	  23	  50	  70	  30	 541	1676545	1677576	   0	 660	
 633	 636	  30	   4	1027	   3	   2	   7	  14	  24	  50	  70	  30	 583	1679477	1680504	   0	 660	
 634	 637	  50	   3	1024	   1	   2	   8	  14	  24	  50	  70	  30	 579	1682376	1683400	   0	 660	
 635	 638	  30	   4	1061	   3	   2	   8	  14	  25	  50	  70	  30	 370	1685075	1686136	   0	 660	
 636	 639	  70	   2	 861	   2	   1	   8	  15	  25	  50	  70	  30	 623	1688058	1688919	   0	 650	
 637	 640	  50	   3	 675	   1	   2	   9	  15	  25	  50	  70	  30	 523	1690740	1691415	   0	 650	
 638	 641	  70	   1	1098	   2	   1	   9	  16	  25	  50	  70	  30	 670	1693389	1694487	   0	 660	
 639	 642	  30	   4	 822	   3	   2	   9	  16	  26	  50	  70	  30	 518	1696321	1697143	   0	 660	
 640	 643	  50	   4	1432	   1	   2	  10	  16	  26	  50	  70	  30	 637	1699087	1700519	   0	 660	
 641	 644	  70	   1	 901	   2	   1	  10	  17	  26	  50	  70	  30	 541	1702386	1703287	   0	 670	
 642	 645	  30	   3	 920	   3	   2	  10	  17	  27	  50	  70	  30	 533	1705135	1706055	   0	 670	
 643	 646	  70	   1	1235	   2	   1	  10	  18	  27	  50	  70	  30	 326	1707684	1708919	   0	 680	
 644	 647	  50	   3	 637	   1	   2	  11	  18	  27	  50	  70	  30	 429	1710650	1711287	   0	 680	
 645	 648	  30	   4	 894	   3	   2	  11	  18	  28	  50	  70	  30	 465	1713065	1713959	   0	 680	
 646	 649	  50	   4	 797	   1	   2	  12	  18	  28	  50	  70	  30	 636	1715898	1716695	   0	 680	
 647	 650	  30	   4	 711	   3	   2	  12	  18	  29	  50	  70	  30	 479	1718480	1719191	   0	 680	
 648	 651	  70	   2	 628	   2	   1	  12	  19	  29	  50	  70	  30	 479	1720963	1721591	   0	 670	
 649	 652	  30	   3	 632	   3	   2	  12	  19	  30	  50	  70	  30	 385	1723279	1723911	   0	 670	
 650	 653	  50	   4	1033	   1	   2	  13	  19	  30	  50	  70	  30	 471	1725694	1726727	   0	 670	
 651	 654	  70	   2	 684	   2	   1	  13	  20	  30	  50	  70	  30	 364	1728427	1729111	   0	 660	
 652	 655	  50	   3	 721	   1	   2	  14	  20	  30	  50	  70	  30	 699	1731126	1731847	   0	 660	
 653	 656	  70	   4	 810	   2	   2	  14	  21	  30	  50	  70	  30	 552	1733708	1734518	   0	 660	
 654	 657	  30	   4	 687	   3	   2	  14	  21	   1	  50	  70	  30	 573	1736391	1737078	   0	 660	
 655	 658	  50	   3	 726	   1	   2	  15	  21	   1	  50	  70	  30	 650	1739040	1739766	   0	 660	
 656	 659	  30	   4	 816	   3	   2	  15	  21	   2	  50	  70	  30	 550	1741622	1742438	   0	 660	
 657	 660	  70	   1	 557	   2	   1	  15	  22	   2	  50	  70	  30	 357	1744105	1744662	   0	 670	
 658	 661	  30	   4	 756	   3	   2	  15	  22	   3	  50	  70	  30	 411	1746370	1747126	   0	 670	
 659	 662	  70	   1	 732	   2	   1	  15	  23	   3	  50	  70	  30	 545	1748970	1749702	   0	 680	
 660	 663	  30	   4	 577	   3	   2	  15	  23	   4	  50	  70	  30	 667	1751685	1752262	   0	 680	
 661	 664	  70	   1	 853	   2	   1	  15	  24	   4	  50	  70	  30	 420	1754001	1754854	   0	 690	
 662	 665	  50	   4	 825	   1	   2	  16	  24	   4	  50	  70	  30	 580	1756733	1757558	   0	 690	
 663	 666	  30	   3	 901	   3	   2	  16	  24	   5	  50	  70	  30	 378	1759233	1760134	   0	 690	
 664	 667	  70	   1	 718	   2	   1	  16	  25	   5	  50	  70	  30	 413	1761848	1762566	   0	 700	
 665	 668	  30	   4	 798	   3	   2	  16	  25	   6	  50	  70	  30	 378	1764248	1765046	   0	 700	
 666	 669	  50	   3	 841	   1	   2	  17	  25	   6	  50	  70	  30	 457	1766813	1767654	   0	 700	
 667	 670	  70	   1	 707	   2	   1	  17	  26	   6	  50	  70	  30	 428	1769379	1770086	   0	 710	
 668	 671	  50	   4	 689	   1	   2	  18	  26	   6	  50	  70	  30	 462	1771845	1772534	   0	 710	
 669	 672	  30	   3	 785	   3	   2	  18	  26	   7	  50	  70	  30	 416	1774261	1775046	   0	 710	
 670	 673	  70	   2	 647	   2	   1	  18	  27	   7	  50	  70	  30	 590	1776943	1777590	   0	 700	
 671	 674	  30	   4	 814	   3	   2	  18	  27	   8	  50	  70	  30	 659	1779575	1780389	   0	 700	
 672	 675	  50	   3	 948	   1	   2	  19	  27	   8	  50	  70	  30	 544	1782241	1783189	   0	 700	
 673	 676	  70	   1	 473	   2	   1	  19	  28	   8	  50	  70	  30	 417	1784924	1785397	   0	 710	
 674	 677	  30	   4	 787	   3	   2	  19	  28	   9	  50	  70	  30	 386	1787090	1787877	   0	 710	
 675	 678	  50	   4	 540	   1	   2	  20	  28	   9	  50	  70	  30	 526	1789705	1790245	   0	 710	
 676	 679	  70	   1	 464	   2	   1	  20	  29	   9	  50	  70	  30	 475	1792021	1792485	   0	 720	
 677	 680	  50	   3	 601	   1	   2	  21	  29	   9	  50	  70	  30	 425	1794220	1794821	   0	 720	
 678	 681	  30	   3	 603	   3	   2	  21	  29	  10	  50	  70	  30	 443	1796570	1797173	   0	 720	
 679	 682	  50	   3	 945	   1	   2	  22	  29	  10	  50	  70	  30	 374	1798852	1799797	   0	 720	
 680	 683	  30	   4	 785	   3	   2	  22	  29	  11	  50	  70	  30	 578	1801668	1802453	   0	 720	
 681	 684	  50	   3	 634	   1	   2	  23	  29	  11	  50	  70	  30	 489	1804267	1804901	   0	 720	
 682	 685	  70	   2	 695	   2	   1	  23	  30	  11	  50	  70	  30	 557	1806766	1807461	   0	 710	
 683	 686	  50	   4	 872	   1	   2	  24	  30	  11	  50	  70	  30	 412	1809165	1810037	   0	 710	
 684	 687	  70	   1	 758	   2	   1	  24	  31	  11	  50	  70	  30	 700	1812047	1812805	   0	 720	
 685	 688	  50	   4	 722	   1	   2	  25	  31	  11	  50	  70	  30	 433	1814547	1815269	   0	 720	
 686	 689	  30	   4	1150	   3	   2	  25	  31	  12	  50	  70	  30	 499	1817079	1818229	   0	 720	
NaN	 690	  50	NaN	NaN	   1	   3	  25	  31	  12	  50	  70	  30	 503	1817079	NaN	   0	 720	
 687	 691	  30	   4	 804	   3	   2	  25	  31	  13	  50	  70	  30	 477	1823793	1824597	   0	 720	
 688	 692	  70	   1	1115	   2	   1	  25	  32	  13	  50	  70	  30	 507	1826409	1827524	   0	 730	
 689	 693	  30	   4	 768	   3	   2	  25	  32	  14	  50	  70	  30	 676	1829508	1830276	   0	 730	
 690	 694	  50	   4	 849	   1	   2	  26	  32	  14	  50	  70	  30	 328	1831907	1832756	   0	 730	
 691	 695	  70	   1	 604	   2	   1	  26	  33	  14	  50	  70	  30	 365	1834456	1835060	   0	 740	
 692	 696	  30	   3	 491	   3	   2	  26	  33	  15	  50	  70	  30	 532	1836905	1837396	   0	 740	
 693	 697	  50	   4	 795	   1	   2	  27	  33	  15	  50	  70	  30	 602	1839305	1840100	   0	 740	
 694	 698	  30	   4	 664	   3	   2	  27	  33	  16	  50	  70	  30	 387	1841804	1842468	   0	 740	
 695	 699	  50	   3	 616	   1	   2	  28	  33	  16	  50	  70	  30	 460	1844236	1844852	   0	 740	
 696	 700	  30	   4	 509	   3	   2	  28	  33	  17	  50	  70	  30	 379	1846535	1847044	   0	 740	
 697	 701	  70	   2	 690	   2	   1	  28	  34	  17	  50	  70	  30	 467	1848818	1849508	   0	 730	
 698	 702	  30	   4	 418	   3	   2	  28	  34	  18	  50	  70	  30	 434	1851250	1851668	   0	 730	
 699	 703	  50	   4	 527	   1	   2	  29	  34	  18	  50	  70	  30	 362	1853333	1853860	   0	 730	
 700	 704	  30	   3	 771	   3	   2	  29	  34	  19	  50	  70	  30	 482	1855649	1856420	   0	 730	
 701	 705	  50	   3	 803	   1	   2	  30	  34	  19	  50	  70	  30	 314	1858065	1858868	   0	 730	
 702	 706	  70	   1	 720	   2	   1	  30	  35	  19	  50	  70	  30	 387	1860564	1861284	   0	 740	
 703	 707	  50	   4	 530	   1	   2	  31	  35	  19	  50	  70	  30	 358	1862946	1863476	   0	 740	
 704	 708	  30	   3	 663	   3	   2	  31	  35	  20	  50	  70	  30	 442	1865229	1865892	   0	 740	
 705	 709	  50	   4	 635	   1	   2	  32	  35	  20	  50	  70	  30	 337	1867545	1868180	   0	 740	
 706	 710	  30	   3	 698	   3	   2	  32	  35	  21	  50	  70	  30	 511	1869994	1870692	   0	 740	
 707	 711	  70	   1	 611	   2	   1	  32	   1	  21	  50	  70	  30	 580	1872576	1873187	   0	 750	
 708	 712	  50	   3	 802	   1	   2	  33	   1	  21	  50	  70	  30	 543	1875025	1875827	   0	 750	
 709	 713	  70	   1	 715	   2	   1	  33	   2	  21	  50	  70	  30	 478	1877608	1878323	   0	 760	
 710	 714	  50	   4	 676	   1	   2	   1	   2	  21	  50	  70	  30	 577	1880207	1880883	   0	 760	
