Version: 1	Number of symbols: 3	Pictures exchange: true	Response Deadline: 2000
Trial_No	Virt_Trial_No	Prob_Shown	Feedback	RT	Stimulus_No	Resp	SymbolA_Stage	SymbolB_Stage	SymbolC_Stage	Prob_A	Prob_B	Prob_C	Jitter	StimOnset	RespOnset	Symbol_Changes	Bonus_sum
   1	   1	  30	   2	 555	   1	   1	   1	   0	   0	  30	  70	  50	 428	1500	2055	   0	 -10	
   2	   2	  50	   2	 780	   3	   1	   1	   0	   1	  30	  70	  50	 491	3850	4630	   0	 -20	
   3	   3	  30	   2	 455	   1	   1	   2	   0	   1	  30	  70	  50	 418	6351	6806	   0	 -30	
   4	   4	  50	   1	1106	   3	   1	   2	   0	   2	  30	  70	  50	 332	8452	9558	   0	 -20	
   5	   5	  70	   1	 478	   2	   1	   2	   1	   2	  30	  70	  50	 494	11352	11830	   0	 -10	
   6	   6	  30	   2	 463	   1	   1	   3	   1	   2	  30	  70	  50	 571	13703	14166	   0	 -20	
   7	   7	  50	   2	 406	   3	   1	   3	   1	   3	  30	  70	  50	 432	15904	16310	   0	 -30	
   8	   8	  70	   1	 501	   2	   1	   3	   2	   3	  30	  70	  50	 305	17921	18422	   0	 -20	
   9	   9	  50	   2	 578	   3	   1	   3	   2	   4	  30	  70	  50	 636	20372	20950	   0	 -30	
  10	  10	  30	   3	 900	   1	   2	   4	   2	   4	  30	  70	  50	 460	22706	23606	   0	 -30	
  11	  11	  50	   1	 845	   3	   1	   4	   2	   5	  30	  70	  50	 335	25273	26118	   0	 -20	
  12	  12	  70	   1	 576	   2	   1	   4	   3	   5	  30	  70	  50	 550	27974	28550	   0	 -10	
  13	  13	  50	   2	 855	   3	   1	   4	   3	   6	  30	  70	  50	 340	30191	31046	   0	 -20	
  14	  14	  70	   2	 697	   2	   1	   4	   4	   6	  30	  70	  50	 562	32909	33606	   0	 -30	
  15	  15	  50	   1	 741	   3	   1	   4	   4	   7	  30	  70	  50	 496	35409	36150	   0	 -20	
  16	  16	  30	   3	 782	   1	   2	   5	   4	   7	  30	  70	  50	 514	37960	38742	   0	 -20	
  17	  17	  70	   2	 659	   2	   1	   5	   5	   7	  30	  70	  50	 557	40611	41270	   0	 -30	
  18	  18	  50	   1	 913	   3	   1	   5	   5	   8	  30	  70	  50	 474	43045	43958	   0	 -20	
  19	  19	  70	   1	 398	   2	   1	   5	   6	   8	  30	  70	  50	 654	45912	46310	   0	 -10	
  20	  20	  30	   2	1050	   1	   1	   6	   6	   8	  30	  70	  50	 346	47963	49013	   0	 -20	
  21	  21	  50	   2	 572	   3	   1	   6	   6	   9	  30	  70	  50	 333	50697	51269	   0	 -30	
  22	  22	  30	   2	 426	   1	   1	   7	   6	   9	  30	  70	  50	 557	53131	53557	   0	 -40	
  23	  23	  50	   1	 792	   3	   1	   7	   6	  10	  30	  70	  50	 684	55549	56341	   0	 -30	
  24	  24	  30	   4	 743	   1	   2	   8	   6	  10	  30	  70	  50	 324	57966	58709	   0	 -30	
  25	  25	  70	   1	 682	   2	   1	   8	   7	  10	  30	  70	  50	 650	60667	61349	   0	 -20	
  26	  26	  50	   1	 879	   3	   1	   8	   7	  11	  30	  70	  50	 651	63318	64197	   0	 -10	
  27	  27	  30	   4	1187	   1	   2	   9	   7	  11	  30	  70	  50	 498	66002	67189	   0	 -10	
  28	  28	  50	   2	 832	   3	   1	   9	   7	  12	  30	  70	  50	 370	68869	69701	   0	 -20	
  29	  29	  70	   1	 663	   2	   1	   9	   8	  12	  30	  70	  50	 452	71470	72133	   0	 -10	
  30	  30	  50	   1	 825	   3	   1	   9	   8	  13	  30	  70	  50	 376	73804	74629	   0	   0	
  31	  31	  70	   1	 933	   2	   1	   9	   9	  13	  30	  70	  50	 340	76288	77221	   0	  10	
  32	  32	  50	   1	 720	   3	   1	   9	   9	  14	  30	  70	  50	 657	79189	79909	   0	  20	
  33	  33	  30	   3	 757	   1	   2	  10	   9	  14	  30	  70	  50	 641	81856	82613	   0	  20	
  34	  34	  70	   2	 675	   2	   1	  10	  10	  14	  30	  70	  50	 367	84290	84965	   0	  10	
  35	  35	  30	   4	1020	   1	   2	  11	  10	  14	  30	  70	  50	 576	86841	87861	   0	  10	
  36	  36	  70	   1	 552	   2	   1	  11	  11	  14	  30	  70	  50	 560	89725	90277	   0	  20	
  37	  37	  50	   2	 624	   3	   1	  11	  11	  15	  30	  70	  50	 301	91892	92516	   0	  10	
  38	  38	  30	   3	 916	   1	   2	  12	  11	  15	  30	  70	  50	 350	94176	95092	   0	  10	
  39	  39	  70	   2	 613	   2	   1	  12	  12	  15	  30	  70	  50	 512	96911	97524	   0	   0	
  40	  40	  30	   4	1099	   1	   2	  13	  12	  15	  30	  70	  50	 324	99161	100260	   0	   0	
  41	  41	  50	   1	 689	   3	   1	  13	  12	  16	  30	  70	  50	 603	102195	102884	   0	  10	
  42	  42	  70	   1	 425	   2	   1	  13	  13	  16	  30	  70	  50	 594	104779	105204	   0	  20	
  43	  43	  30	   4	 669	   1	   2	  14	  13	  16	  30	  70	  50	 552	107063	107732	   0	  20	
  44	  44	  70	   1	 644	   2	   1	  14	  14	  16	  30	  70	  50	 613	109648	110292	   0	  30	
  45	  45	  50	   2	 926	   3	   1	  14	  14	  17	  30	  70	  50	 583	112182	113108	   0	  20	
  46	  46	  30	   4	 742	   1	   2	  15	  14	  17	  30	  70	  50	 370	114782	115524	   0	  20	
  47	  47	  70	   1	 599	   2	   1	  15	  15	  17	  30	  70	  50	 300	117133	117732	   0	  30	
  48	  48	  30	   3	 984	   1	   2	  16	  15	  17	  30	  70	  50	 449	119500	120484	   0	  30	
  49	  49	  70	   2	 729	   2	   1	  16	  16	  17	  30	  70	  50	 444	122235	122964	   0	  20	
  50	  50	  30	   2	1285	   1	   1	  17	  16	  17	  30	  70	  50	 464	124719	126004	   0	  10	
  51	  51	  70	   1	 642	   2	   1	  17	  17	  17	  30	  70	  50	 638	127970	128612	   0	  20	
  52	  52	  30	   4	 722	   1	   2	  18	  17	  17	  30	  70	  50	 439	130354	131076	   0	  20	
  53	  53	  70	   1	 569	   2	   1	  18	  18	  17	  30	  70	  50	 552	132938	133507	   0	  30	
  54	  54	  30	   3	 750	   1	   2	  19	  18	  17	  30	  70	  50	 391	135205	135955	   0	  30	
  55	  55	  70	   2	 521	   2	   1	  19	  19	  17	  30	  70	  50	 442	137706	138227	   0	  20	
  56	  56	  50	   2	 897	   3	   1	  19	  19	  18	  30	  70	  50	 371	139906	140803	   0	  10	
  57	  57	  30	   2	1053	   1	   1	  20	  19	  18	  30	  70	  50	 669	142774	143827	   0	   0	
  58	  58	  70	   1	 596	   2	   1	  20	  20	  18	  30	  70	  50	 633	145775	146371	   0	  10	
  59	  59	  50	   1	 482	   3	   1	  20	  20	  19	  30	  70	  50	 563	148225	148707	   0	  20	
  60	  60	  30	   2	 794	   1	   1	  21	  20	  19	  30	  70	  50	 378	150393	151187	   0	  10	
  61	  61	  50	   2	 810	   3	   1	  21	  20	  20	  30	  70	  50	 674	153177	153987	   0	   0	
  62	  62	  70	   1	 548	   2	   1	  21	  21	  20	  30	  70	  50	 423	155711	156259	   0	  10	
  63	  63	  50	   2	 691	   3	   1	  21	  21	  21	  30	  70	  50	 557	158128	158819	   0	   0	
  64	  64	  70	   2	 645	   2	   1	  21	  22	  21	  30	  70	  50	 326	160446	161091	   0	 -10	
  65	  65	  50	   1	 673	   3	   1	  21	  22	  22	  30	  70	  50	 543	162930	163603	   0	   0	
  66	  66	  30	   1	 935	   1	   1	  22	  22	  22	  30	  70	  50	 654	165564	166499	   0	  10	
  67	  67	  70	   1	 945	   2	   1	  22	  23	  22	  30	  70	  50	 312	168114	169059	   0	  20	
  68	  68	  30	   2	 733	   1	   1	  23	  23	  22	  30	  70	  50	 621	170982	171715	   0	  10	
  69	  69	  50	   2	 704	   3	   1	  23	  23	  23	  30	  70	  50	 665	173699	174403	   0	   0	
  70	  70	  70	   1	1189	   2	   1	  23	  24	  23	  30	  70	  50	 601	176317	177506	   0	  10	
  71	  71	  50	   2	 745	   3	   1	  23	  24	  24	  30	  70	  50	 567	179401	180146	   0	   0	
  72	  72	  70	   1	 634	   2	   1	  23	  25	  24	  30	  70	  50	 320	181768	182402	   0	  10	
  73	  73	  50	   1	 867	   3	   1	  23	  25	  25	  30	  70	  50	 583	184303	185170	   0	  20	
  74	  74	  70	   2	 728	   2	   1	  23	  26	  25	  30	  70	  50	 489	186970	187698	   0	  10	
  75	  75	  50	   2	 420	   3	   1	  23	  26	  26	  30	  70	  50	 461	189454	189874	   0	   0	
  76	  76	  70	   1	 578	   2	   1	  23	  27	  26	  30	  70	  50	 313	191488	192066	   0	  10	
  77	  77	  50	   1	 830	   3	   1	  23	  27	  27	  30	  70	  50	 612	193972	194802	   0	  20	
  78	  78	  70	   1	 379	   2	   1	  23	  28	  27	  30	  70	  50	 334	196439	196818	   0	  30	
  79	  79	  50	   1	 325	   3	   1	  23	  28	  28	  30	  70	  50	 446	198557	198882	   0	  40	
  80	  80	  30	   2	 301	   1	   1	  24	  28	  28	  30	  70	  50	 566	200757	201058	   0	  30	
  81	  81	  70	   2	 325	   2	   1	  24	  29	  28	  30	  70	  50	 561	202941	203266	   0	  20	
  82	  82	  30	   2	 335	   1	   1	  25	  29	  28	  30	  70	  50	 488	205059	205394	   0	  10	
  83	  83	  50	   2	 433	   3	   1	  25	  29	  29	  30	  70	  50	 313	207009	207442	   0	   0	
  84	  84	  30	   1	 198	   1	   1	  26	  29	  29	  30	  70	  50	 524	209276	209474	   0	  10	
  85	  85	  70	   1	 222	   2	   1	  26	  30	  29	  30	  70	  50	 663	211444	211666	   0	  20	
  86	  86	  50	   1	 312	   3	   1	  26	  30	  30	  30	  70	  50	 600	213578	213890	   0	  30	
  87	  87	  70	   1	 380	   2	   1	  26	  31	  30	  30	  70	  50	 682	215878	216258	   0	  40	
  88	  88	  30	   2	 422	   3	   1	  26	  31	   1	  30	  70	  30	 423	217996	218418	   3	  30	
  89	  89	  30	   2	 255	   1	   1	  27	  31	   1	  30	  70	  30	 426	220146	220401	   0	  20	
  90	  90	  70	   2	 363	   2	   1	  27	  32	   1	  30	  70	  30	 516	222230	222593	   0	  10	
  91	  91	  30	   1	 276	   3	   1	  27	  32	   2	  30	  70	  30	 469	224381	224657	   0	  20	
  92	  92	  70	   1	 422	   2	   1	  27	  33	   2	  30	  70	  30	 367	226331	226753	   0	  30	
  93	  93	  30	   2	 434	   1	   1	  28	  33	   2	  30	  70	  30	 334	228399	228833	   0	  20	
  94	  94	  30	   2	 317	   3	   1	  28	  33	   3	  30	  70	  30	 378	230516	230833	   0	  10	
  95	  95	  30	   1	 471	   1	   1	  29	  33	   3	  30	  70	  30	 515	232666	233137	   0	  20	
  96	  96	  20	   2	 253	   2	   1	  29	   1	   3	  30	  20	  30	 426	234884	235137	   2	  10	
  97	  97	  30	   2	 264	   1	   1	  30	   1	   3	  30	  20	  30	 548	237001	237265	   0	   0	
  98	  98	  30	   2	 422	   3	   1	  30	   1	   4	  30	  20	  30	 462	239035	239457	   0	 -10	
  99	  99	  30	   2	 612	   1	   1	  31	   1	   4	  30	  20	  30	 304	241069	241681	   0	 -20	
 100	 100	  30	   2	 454	   3	   1	  31	   1	   5	  30	  20	  30	 415	243403	243857	   0	 -30	
 101	 101	  20	   2	 380	   2	   1	  31	   2	   5	  30	  20	  30	 458	245637	246017	   0	 -40	
 102	 102	  30	   1	 407	   1	   1	  32	   2	   5	  30	  20	  30	 444	247754	248161	   0	 -30	
 103	 103	  20	   1	 704	   2	   1	  32	   3	   5	  30	  20	  30	 444	249905	250609	   0	 -20	
 104	 104	  30	   1	 370	   3	   1	  32	   3	   6	  30	  20	  30	 341	252255	252625	   0	 -10	
 105	 105	  20	   2	 284	   2	   1	  32	   4	   6	  30	  20	  30	 455	254389	254673	   0	 -20	
 106	 106	  30	   2	 402	   3	   1	  32	   4	   7	  30	  20	  30	 644	256623	257025	   0	 -30	
 107	 107	  20	   2	 376	   2	   1	  32	   5	   7	  30	  20	  30	 499	258841	259217	   0	 -40	
 108	 108	  30	   2	 620	   3	   1	  32	   5	   8	  30	  20	  30	 614	261125	261745	   0	 -50	
 109	 109	  20	   1	 465	   2	   1	  32	   6	   8	  30	  20	  30	 304	263359	263824	   0	 -40	
 110	 110	  30	   2	 880	   1	   1	  33	   6	   8	  30	  20	  30	 643	265776	266656	   0	 -50	
 111	 111	  30	   2	 466	   3	   1	  33	   6	   9	  30	  20	  30	 525	268510	268976	   0	 -60	
 112	 112	  20	   2	 374	   2	   1	  33	   7	   9	  30	  20	  30	 497	270778	271152	   0	 -70	
 113	 113	  30	   1	 495	   3	   1	  33	   7	  10	  30	  20	  30	 509	272961	273456	   0	 -60	
 114	 114	  30	   2	 576	   1	   1	  34	   7	  10	  30	  20	  30	 557	275312	275888	   0	 -70	
 115	 115	  30	   1	 291	   3	   1	  34	   7	  11	  30	  20	  30	 426	277613	277904	   0	 -60	
 116	 116	  30	   2	 439	   1	   1	  35	   7	  11	  30	  20	  30	 314	279513	279952	   0	 -70	
 117	 117	  30	   2	 417	   3	   1	  35	   7	  12	  30	  20	  30	 373	281631	282048	   0	 -80	
 118	 118	  80	   1	 827	   1	   1	   1	   7	  12	  80	  20	  30	 391	283781	284608	   1	 -70	
 119	 119	  30	   2	 625	   3	   1	   1	   7	  13	  80	  20	  30	 496	286399	287024	   0	 -80	
 120	 120	  20	   2	 703	   2	   1	   1	   8	  13	  80	  20	  30	 499	288833	289536	   0	 -90	
 121	 121	  80	   1	 514	   1	   1	   2	   8	  13	  80	  20	  30	 669	291534	292048	   0	 -80	
 122	 122	  30	   2	 650	   3	   1	   2	   8	  14	  80	  20	  30	 380	293734	294384	   0	 -90	
 123	 123	  80	   2	 512	   1	   1	   3	   8	  14	  80	  20	  30	 670	296368	296880	   0	-100	
 124	 124	  30	   1	 691	   3	   1	   3	   8	  15	  80	  20	  30	 497	298669	299360	   0	 -90	
 125	 125	  80	   1	 599	   1	   1	   4	   8	  15	  80	  20	  30	 696	301353	301952	   0	 -80	
 126	 126	  30	   2	 308	   3	   1	   4	   8	  16	  80	  20	  30	 548	303820	304128	   0	 -90	
 127	 127	  80	   1	 396	   1	   1	   5	   8	  16	  80	  20	  30	 535	305971	306367	   0	 -80	
 128	 128	  30	   2	 753	   3	   1	   5	   8	  17	  80	  20	  30	 550	308238	308991	   0	 -90	
 129	 129	  20	   2	 486	   2	   1	   5	   9	  17	  80	  20	  30	 593	310889	311375	   0	-100	
 130	 130	  80	   2	 353	   1	   1	   6	   9	  17	  80	  20	  30	 700	313390	313743	   0	-110	
 131	 131	  30	   2	 301	   3	   1	   6	   9	  18	  80	  20	  30	 425	315490	315791	   0	-120	
 132	 132	  80	   1	 243	   1	   1	   7	   9	  18	  80	  20	  30	 612	317708	317951	   0	-110	
 133	 133	  30	   1	 473	   3	   1	   7	   9	  19	  80	  20	  30	 309	319558	320031	   0	-100	
 134	 134	  80	   1	 354	   1	   1	   8	   9	  19	  80	  20	  30	 371	321709	322063	   0	 -90	
 135	 135	  20	   2	 569	   2	   1	   8	  10	  19	  80	  20	  30	 556	323926	324495	   0	-100	
 136	 136	  80	   1	 461	   1	   1	   9	  10	  19	  80	  20	  30	 391	326194	326655	   0	 -90	
 137	 137	  20	   1	 797	   2	   1	   9	  11	  19	  80	  20	  30	 643	328594	329391	   0	 -80	
 138	 138	  80	   1	 671	   1	   1	  10	  11	  19	  80	  20	  30	 619	331312	331983	   0	 -70	
 139	 139	  20	   2	 489	   2	   1	  10	  12	  19	  80	  20	  30	 573	333862	334351	   0	 -80	
 140	 140	  30	   2	 804	   3	   1	  10	  12	  20	  80	  20	  30	 698	336363	337167	   0	 -90	
 141	 141	  80	   2	 826	   1	   1	  11	  12	  20	  80	  20	  30	 486	338981	339807	   0	-100	
 142	 142	  30	   1	 405	   3	   1	  11	  12	  21	  80	  20	  30	 390	341498	341903	   0	 -90	
 143	 143	  20	   2	 923	   2	   1	  11	  13	  21	  80	  20	  30	 523	343732	344655	   0	-100	
 144	 144	  80	   1	 420	   1	   1	  12	  13	  21	  80	  20	  30	 345	346299	346719	   0	 -90	
 145	 145	  30	   2	 519	   3	   1	  12	  13	  22	  80	  20	  30	 534	348567	349086	   0	-100	
 146	 146	  20	   2	 503	   2	   1	  12	  14	  22	  80	  20	  30	 568	350967	351470	   0	-110	
 147	 147	  30	   2	 407	   3	   1	  12	  14	  23	  80	  20	  30	 576	353351	353758	   0	-120	
 148	 148	  20	   2	 262	   2	   1	  12	  15	  23	  80	  20	  30	 682	355752	356014	   0	-130	
 149	 149	  80	   1	 659	   1	   1	  13	  15	  23	  80	  20	  30	 498	357819	358478	   0	-120	
 150	 150	  20	   2	 525	   2	   1	  13	  16	  23	  80	  20	  30	 568	360353	360878	   0	-130	
 151	 151	  80	   1	 561	   1	   1	  14	  16	  23	  80	  20	  30	 444	362637	363198	   0	-120	
 152	 152	  20	   2	 493	   2	   1	  14	  17	  23	  80	  20	  30	 619	365121	365614	   0	-130	
 153	 153	  30	   2	 872	   3	   1	  14	  17	  24	  80	  20	  30	 684	367606	368478	   0	-140	
 154	 154	  20	   1	 668	   2	   1	  14	  18	  24	  80	  20	  30	 517	370306	370974	   0	-130	
 155	 155	  80	   1	 437	   1	   1	  15	  18	  24	  80	  20	  30	 580	372857	373294	   0	-120	
 156	 156	  30	   2	 547	   3	   1	  15	  18	  25	  80	  20	  30	 686	375291	375838	   0	-130	
 157	 157	  80	   1	 389	   1	   1	  16	  18	  25	  80	  20	  30	 488	377625	378014	   0	-120	
 158	 158	  20	   2	 582	   2	   1	  16	  19	  25	  80	  20	  30	 654	379976	380558	   0	-130	
 159	 159	  30	   2	 887	   3	   1	  16	  19	  26	  80	  20	  30	 471	382343	383230	   0	-140	
 160	 160	  80	   1	 669	   1	   1	  17	  19	  26	  80	  20	  30	 419	384961	385630	   0	-130	
 161	 161	  20	   2	 449	   2	   1	  17	  20	  26	  80	  20	  30	 309	387261	387710	   0	-140	
 162	 162	  30	   1	 605	   3	   1	  17	  20	  27	  80	  20	  30	 322	389345	389950	   0	-130	
NaN	 163	  80	NaN	NaN	   1	   3	  17	  20	  27	  80	  20	  30	 481	389345	NaN	   0	-130	
 163	 164	  30	   2	 525	   3	   1	  17	  20	  28	  80	  20	  30	 656	395680	396205	   0	-140	
 164	 165	  20	   2	 341	   2	   1	  17	  21	  28	  80	  20	  30	 354	397864	398205	   0	-150	
 165	 166	  30	   2	 371	   3	   1	  17	  21	  29	  80	  20	  30	 372	399882	400253	   0	-160	
 166	 167	  80	   2	 621	   1	   1	  18	  21	  29	  80	  20	  30	 467	402032	402653	   0	-170	
 167	 168	  30	   1	 616	   3	   1	  18	  21	  30	  80	  20	  30	 577	404533	405149	   0	-160	
 168	 169	  20	   2	 500	   2	   1	  18	  22	  30	  80	  20	  30	 557	407017	407517	   0	-170	
 169	 170	  30	   2	 383	   3	   1	  18	  22	  31	  80	  20	  30	 700	409534	409917	   0	-180	
 170	 171	  80	   1	 535	   1	   1	  19	  22	  31	  80	  20	  30	 468	411702	412237	   0	-170	
 171	 172	  30	   2	 491	   3	   1	  19	  22	  32	  80	  20	  30	 435	414002	414493	   0	-180	
 172	 173	  20	   1	 517	   2	   1	  19	  23	  32	  80	  20	  30	 319	416120	416637	   0	-170	
 173	 174	  80	   1	 499	   1	   1	  20	  23	  32	  80	  20	  30	 612	418554	419053	   0	-160	
 174	 175	  30	   2	 468	   3	   1	  20	  23	  33	  80	  20	  30	 564	420921	421389	   0	-170	
 175	 176	  80	   1	 505	   1	   1	  21	  23	  33	  80	  20	  30	 487	423188	423693	   0	-160	
 176	 177	  30	   1	 508	   3	   1	  21	  23	  34	  80	  20	  30	 487	425489	425997	   0	-150	
 177	 178	  80	   1	 486	   1	   1	  22	  23	  34	  80	  20	  30	 325	427623	428109	   0	-140	
 178	 179	  30	   2	 495	   3	   1	  22	  23	  35	  80	  20	  30	 377	429790	430285	   0	-150	
 179	 180	  20	   2	 462	   2	   1	  22	  24	  35	  80	  20	  30	 598	432191	432653	   0	-160	
 180	 181	  70	   1	 571	   3	   1	  22	  24	   1	  80	  20	  70	 683	434658	435229	   3	-150	
 181	 182	  20	   1	 310	   2	   1	  22	  25	   1	  80	  20	  70	 585	437142	437452	   0	-140	
 182	 183	  80	   2	 390	   1	   1	  23	  25	   1	  80	  20	  70	 357	439110	439500	   0	-150	
 183	 184	  70	   2	 446	   3	   1	  23	  25	   2	  80	  20	  70	 503	441310	441756	   0	-160	
 184	 185	  20	   2	 483	   2	   1	  23	  26	   2	  80	  20	  70	 528	443577	444060	   0	-170	
 185	 186	  70	   1	 487	   3	   1	  23	  26	   3	  80	  20	  70	 494	445861	446348	   0	-160	
 186	 187	  20	   2	 505	   2	   1	  23	  27	   3	  80	  20	  70	 533	448195	448700	   0	-170	
 187	 188	  70	   2	 509	   3	   1	  23	  27	   4	  80	  20	  70	 467	450479	450988	   0	-180	
 188	 189	  20	   2	 530	   2	   1	  23	  28	   4	  80	  20	  70	 436	452730	453260	   0	-190	
 189	 190	  80	   1	 555	   1	   1	  24	  28	   4	  80	  20	  70	 335	454897	455452	   0	-180	
NaN	 191	  70	NaN	NaN	   3	   3	  24	  28	   4	  80	  20	  70	 568	454897	NaN	   0	-180	
 190	 192	  80	   2	 635	   1	   1	  25	  28	   4	  80	  20	  70	 630	461233	461868	   0	-190	
 191	 193	  20	   2	 605	   2	   1	  25	  29	   4	  80	  20	  70	 383	463583	464188	   0	-200	
 192	 194	  70	   1	 331	   3	   1	  25	  29	   5	  80	  20	  70	 519	466017	466348	   0	-190	
 193	 195	  20	   2	 487	   2	   1	  25	  30	   5	  80	  20	  70	 417	468085	468572	   0	-200	
 194	 196	  70	   1	 489	   3	   1	  25	  30	   6	  80	  20	  70	 557	470435	470924	   0	-190	
 195	 197	  80	   1	 416	   1	   1	  26	  30	   6	  80	  20	  70	 409	472636	473052	   0	-180	
 196	 198	  50	   1	 594	   2	   1	  26	   1	   6	  80	  50	  70	 567	474970	475564	   2	-170	
 197	 199	  70	   1	 300	   3	   1	  26	   1	   7	  80	  50	  70	 644	477504	477804	   0	-160	
 198	 200	  50	   2	 374	   2	   1	  26	   2	   7	  80	  50	  70	 489	479605	479979	   0	-170	
 199	 201	  80	   1	 621	   1	   1	  27	   2	   7	  80	  50	  70	 532	481822	482443	   0	-160	
 200	 202	  70	   2	 508	   3	   1	  27	   2	   8	  80	  50	  70	 485	484239	484747	   0	-170	
 201	 203	  50	   1	 335	   2	   1	  27	   3	   8	  80	  50	  70	 479	486540	486875	   0	-160	
 202	 204	  70	   1	 415	   3	   1	  27	   3	   9	  80	  50	  70	 342	488524	488939	   0	-150	
 203	 205	  50	   2	 401	   2	   1	  27	   4	   9	  80	  50	  70	 598	490858	491259	   0	-160	
 204	 206	  70	   1	 461	   3	   1	  27	   4	  10	  80	  50	  70	 370	492942	493403	   0	-150	
 205	 207	  50	   2	1223	   2	   1	  27	   5	  10	  80	  50	  70	 370	495076	496299	   0	-160	
 206	 208	  80	   1	 479	   1	   1	  28	   5	  10	  80	  50	  70	 455	498060	498539	   0	-150	
 207	 209	  50	   1	 373	   2	   1	  28	   6	  10	  80	  50	  70	 463	500294	500667	   0	-140	
 208	 210	  80	   1	 513	   1	   1	  29	   6	  10	  80	  50	  70	 414	502378	502891	   0	-130	
 209	 211	  70	   2	 265	   3	   1	  29	   6	  11	  80	  50	  70	 378	504562	504827	   0	-140	
 210	 212	  50	   1	 453	   2	   1	  29	   7	  11	  80	  50	  70	 512	506646	507099	   0	-130	
 211	 213	  80	   1	 301	   1	   1	  30	   7	  11	  80	  50	  70	 412	508830	509131	   0	-120	
 212	 214	  70	   2	 630	   3	   1	  30	   7	  12	  80	  50	  70	 561	510997	511627	   0	-130	
 213	 215	  80	   1	 403	   1	   1	  31	   7	  12	  80	  50	  70	 522	513448	513851	   0	-120	
 214	 216	  70	   1	 966	   3	   1	  31	   7	  13	  80	  50	  70	 606	515765	516731	   0	-110	
 215	 217	  50	   2	 451	   2	   1	  31	   8	  13	  80	  50	  70	 579	518616	519067	   0	-120	
 216	 218	  80	   1	 597	   1	   1	  32	   8	  13	  80	  50	  70	 574	520950	521547	   0	-110	
 217	 219	  50	   2	 603	   2	   1	  32	   9	  13	  80	  50	  70	 318	523167	523770	   0	-120	
 218	 220	  80	   1	 316	   1	   1	  33	   9	  13	  80	  50	  70	 433	525518	525834	   0	-110	
 219	 221	  70	   1	 405	   3	   1	  33	   9	  14	  80	  50	  70	 535	527685	528090	   0	-100	
 220	 222	  50	   1	 733	   2	   1	  33	  10	  14	  80	  50	  70	 468	529869	530602	   0	 -90	
 221	 223	  70	   1	 404	   3	   1	  33	  10	  15	  80	  50	  70	 544	532470	532874	   0	 -80	
 222	 224	  20	   2	 279	   1	   1	   1	  10	  15	  20	  50	  70	 571	534771	535050	   1	 -90	
 223	 225	  50	   2	 387	   2	   1	   1	  11	  15	  20	  50	  70	 525	536871	537258	   0	-100	
 224	 226	  70	   1	 328	   3	   1	   1	  11	  16	  20	  50	  70	 548	539122	539450	   0	 -90	
 225	 227	  20	   2	 303	   1	   1	   2	  11	  16	  20	  50	  70	 595	541339	541642	   0	-100	
 226	 228	  70	   2	 302	   3	   1	   2	  11	  17	  20	  50	  70	 399	543356	543658	   0	-110	
 227	 229	  20	   2	 342	   1	   1	   3	  11	  17	  20	  50	  70	 569	545540	545882	   0	-120	
 228	 230	  50	   1	 847	   2	   1	   3	  12	  17	  20	  50	  70	 499	547691	548538	   0	-110	
 229	 231	  70	   1	 506	   3	   1	   3	  12	  18	  20	  50	  70	 365	550208	550714	   0	-100	
 230	 232	  50	   2	 515	   2	   1	   3	  13	  18	  20	  50	  70	 344	552359	552874	   0	-110	
 231	 233	  70	   1	 462	   3	   1	   3	  13	  19	  20	  50	  70	 648	554860	555322	   0	-100	
 232	 234	  20	   1	 628	   1	   1	   4	  13	  19	  20	  50	  70	 491	557110	557738	   0	 -90	
 233	 235	  70	   1	 493	   3	   1	   4	  13	  20	  20	  50	  70	 620	559661	560154	   0	 -80	
 234	 236	  20	   2	 640	   1	   1	   5	  13	  20	  20	  50	  70	 512	561962	562602	   0	 -90	
 235	 237	  50	   2	 603	   2	   1	   5	  14	  20	  20	  50	  70	 555	564462	565065	   0	-100	
 236	 238	  70	   2	 497	   3	   1	   5	  14	  21	  20	  50	  70	 300	566680	567177	   0	-110	
 237	 239	  50	   1	 413	   2	   1	   5	  15	  21	  20	  50	  70	 675	569164	569577	   0	-100	
 238	 240	  70	   1	 496	   3	   1	   5	  15	  22	  20	  50	  70	 588	571481	571977	   0	 -90	
 239	 241	  50	   1	 606	   2	   1	   5	  16	  22	  20	  50	  70	 621	573899	574505	   0	 -80	
 240	 242	  20	   2	 455	   1	   1	   6	  16	  22	  20	  50	  70	 658	576466	576921	   0	 -90	
 241	 243	  50	   2	 538	   2	   1	   6	  17	  22	  20	  50	  70	 547	578783	579321	   0	-100	
 242	 244	  20	   1	 588	   1	   1	   7	  17	  22	  20	  50	  70	 474	581101	581689	   0	 -90	
 243	 245	  70	   1	1887	   3	   1	   7	  17	  23	  20	  50	  70	 428	583418	585305	   0	 -80	
 244	 246	  50	   1	 548	   2	   1	   7	  18	  23	  20	  50	  70	 654	587269	587817	   0	 -70	
 245	 247	  20	   2	 372	   1	   1	   8	  18	  23	  20	  50	  70	 521	589653	590025	   0	 -80	
 246	 248	  50	   2	 401	   2	   1	   8	  19	  23	  20	  50	  70	 396	591720	592121	   0	 -90	
 247	 249	  70	   1	 281	   3	   1	   8	  19	  24	  20	  50	  70	 448	593888	594169	   0	 -80	
 248	 250	  20	   2	 327	   1	   1	   9	  19	  24	  20	  50	  70	 460	595938	596265	   0	 -90	
 249	 251	  70	   1	 438	   3	   1	   9	  19	  25	  20	  50	  70	 366	597939	598377	   0	 -80	
 250	 252	  50	   1	 434	   2	   1	   9	  20	  25	  20	  50	  70	 347	600023	600457	   0	 -70	
 251	 253	  20	   2	 452	   1	   1	  10	  20	  25	  20	  50	  70	 570	602357	602809	   0	 -80	
 252	 254	  70	   2	 570	   3	   1	  10	  20	  26	  20	  50	  70	 491	604607	605177	   0	 -90	
 253	 255	  50	   1	 407	   2	   1	  10	  21	  26	  20	  50	  70	 572	607058	607465	   0	 -80	
 254	 256	  70	   1	 521	   3	   1	  10	  21	  27	  20	  50	  70	 612	609375	609896	   0	 -70	
 255	 257	  50	   2	 320	   2	   1	  10	  22	  27	  20	  50	  70	 366	611576	611896	   0	 -80	
 256	 258	  70	   1	 527	   3	   1	  10	  22	  28	  20	  50	  70	 367	613577	614104	   0	 -70	
 257	 259	  50	   2	 542	   2	   1	  10	  23	  28	  20	  50	  70	 596	615994	616536	   0	 -80	
 258	 260	  70	   2	 273	   3	   1	  10	  23	  29	  20	  50	  70	 469	618311	618584	   0	 -90	
 259	 261	  20	   2	 369	   1	   1	  11	  23	  29	  20	  50	  70	 392	620279	620648	   0	-100	
 260	 262	  70	   1	 372	   3	   1	  11	  23	  30	  20	  50	  70	 637	622596	622968	   0	 -90	
 261	 263	  50	   2	 545	   2	   1	  11	  24	  30	  20	  50	  70	 367	624663	625208	   0	-100	
 262	 264	  20	   2	 622	   1	   1	  12	  24	  30	  20	  50	  70	 600	627114	627736	   0	-110	
 263	 265	  50	   2	 657	   3	   1	  12	  24	   1	  20	  50	  50	 346	629415	630072	   3	-120	
 264	 266	  50	   1	 297	   2	   1	  12	  25	   1	  20	  50	  50	 621	631999	632296	   0	-110	
 265	 267	  50	   2	 456	   3	   1	  12	  25	   2	  20	  50	  50	 398	634016	634472	   0	-120	
 266	 268	  50	   1	 521	   2	   1	  12	  26	   2	  20	  50	  50	 607	636383	636904	   0	-110	
 267	 269	  20	   2	 589	   1	   1	  13	  26	   2	  20	  50	  50	 447	638651	639240	   0	-120	
 268	 270	  50	   2	 576	   2	   1	  13	  27	   2	  20	  50	  50	 430	640968	641544	   0	-130	
 269	 271	  50	   1	 509	   3	   1	  13	  27	   3	  20	  50	  50	 596	643435	643944	   0	-120	
 270	 272	  50	   1	 348	   2	   1	  13	  28	   3	  20	  50	  50	 584	645836	646184	   0	-110	
 271	 273	  50	   2	 547	   3	   1	  13	  28	   4	  20	  50	  50	 521	648037	648584	   0	-120	
 272	 274	  50	   2	 651	   2	   1	  13	  29	   4	  20	  50	  50	 310	650204	650855	   0	-130	
 273	 275	  20	   1	 560	   1	   1	  14	  29	   4	  20	  50	  50	 700	652871	653431	   0	-120	
 274	 276	  50	   1	 439	   3	   1	  14	  29	   5	  20	  50	  50	 341	655072	655511	   0	-110	
 275	 277	  50	   1	 318	   2	   1	  14	  30	   5	  20	  50	  50	 450	657273	657591	   0	-100	
 276	 278	  20	   2	 454	   1	   1	  15	  30	   5	  20	  50	  50	 551	659457	659911	   0	-110	
 277	 279	  50	   1	 354	   3	   1	  15	  30	   6	  20	  50	  50	 331	661557	661911	   0	-100	
 278	 280	  20	   1	 960	   1	   1	  16	  30	   6	  20	  50	  50	 369	663591	664551	   0	 -90	
 279	 281	  50	   2	 453	   3	   1	  16	  30	   7	  20	  50	  50	 395	666242	666695	   0	-100	
 280	 282	  20	   2	 464	   1	   1	  17	  30	   7	  20	  50	  50	 348	668359	668823	   0	-110	
 281	 283	  50	   2	 336	   3	   1	  17	  30	   8	  20	  50	  50	 583	670743	671079	   0	-120	
 282	 284	  50	   1	 127	   2	   1	  17	  31	   8	  20	  50	  50	 364	672760	672887	   0	-110	
 283	 285	  20	   2	 303	   1	   1	  18	  31	   8	  20	  50	  50	 551	674744	675047	   0	-120	
 284	 286	  50	   2	 399	   2	   1	  18	  32	   8	  20	  50	  50	 349	676712	677111	   0	-130	
 285	 287	  20	   2	 539	   1	   1	  19	  32	   8	  20	  50	  50	 389	678812	679351	   0	-140	
 286	 288	  50	   1	 271	   3	   1	  19	  32	   9	  20	  50	  50	 428	681080	681351	   0	-130	
 287	 289	  20	   2	 688	   1	   1	  20	  32	   9	  20	  50	  50	 392	683047	683735	   0	-140	
 288	 290	  50	   1	 684	   3	   1	  20	  32	  10	  20	  50	  50	 488	685531	686215	   0	-130	
 289	 291	  50	   1	 408	   2	   1	  20	  33	  10	  20	  50	  50	 481	688015	688423	   0	-120	
 290	 292	  50	   1	 466	   3	   1	  20	  33	  11	  20	  50	  50	 447	690165	690631	   0	-110	
 291	 293	  20	   2	 585	   2	   1	  20	   1	  11	  20	  20	  50	 377	692366	692951	   2	-120	
 292	 294	  50	   1	 666	   3	   1	  20	   1	  12	  20	  20	  50	 441	694700	695366	   0	-110	
 293	 295	  20	   2	 800	   1	   1	  21	   1	  12	  20	  20	  50	 631	697318	698118	   0	-120	
 294	 296	  20	   2	 763	   2	   1	  21	   2	  12	  20	  20	  50	 398	699835	700598	   0	-130	
 295	 297	  20	   1	 720	   1	   1	  22	   2	  12	  20	  20	  50	 612	702502	703222	   0	-120	
 296	 298	  20	   2	 489	   2	   1	  22	   3	  12	  20	  20	  50	 519	705053	705542	   0	-130	
 297	 299	  20	   2	 334	   1	   1	  23	   3	  12	  20	  20	  50	 453	707304	707638	   0	-140	
 298	 300	  20	   2	 586	   2	   1	  23	   4	  12	  20	  20	  50	 450	709404	709990	   0	-150	
 299	 301	  50	   2	 420	   3	   1	  23	   4	  13	  20	  20	  50	 636	711938	712358	   0	-160	
 300	 302	  20	   1	 640	   2	   1	  23	   5	  13	  20	  20	  50	 333	714006	714646	   0	-150	
 301	 303	  50	   1	 382	   3	   1	  23	   5	  14	  20	  20	  50	 480	716440	716822	   0	-140	
 302	 304	  20	   2	 386	   2	   1	  23	   6	  14	  20	  20	  50	 614	718740	719126	   0	-150	
 303	 305	  20	   2	 576	   1	   1	  24	   6	  14	  20	  20	  50	 336	720774	721350	   0	-160	
 304	 306	  50	   1	 350	   3	   1	  24	   6	  15	  20	  20	  50	 555	723208	723558	   0	-150	
 305	 307	  20	   2	 263	   1	   1	  25	   6	  15	  20	  20	  50	 490	725359	725622	   0	-160	
 306	 308	  50	   2	 172	   3	   1	  25	   6	  16	  20	  20	  50	 685	727610	727782	   0	-170	
 307	 309	  20	   2	 348	   1	   1	  26	   6	  16	  20	  20	  50	 514	729594	729942	   0	-180	
 308	 310	  50	   2	 786	   3	   1	  26	   6	  17	  20	  20	  50	 584	731844	732630	   0	-190	
 309	 311	  20	   2	 374	   1	   1	  27	   6	  17	  20	  20	  50	 567	734512	734886	   0	-200	
 310	 312	  50	   1	 486	   3	   1	  27	   6	  18	  20	  20	  50	 330	736512	736998	   0	-190	
 311	 313	  20	   2	 522	   2	   1	  27	   7	  18	  20	  20	  50	 433	738763	739285	   0	-200	
 312	 314	  50	   2	 374	   3	   1	  27	   7	  19	  20	  20	  50	 654	741247	741621	   0	-210	
 313	 315	  20	   2	 563	   2	   1	  27	   8	  19	  20	  20	  50	 385	743314	743877	   0	-220	
 314	 316	  20	   1	 659	   1	   1	  28	   8	  19	  20	  20	  50	 501	745682	746341	   0	-210	
 315	 317	  20	   1	 819	   2	   1	  28	   9	  19	  20	  20	  50	 418	748066	748885	   0	-200	
 316	 318	  50	   2	 453	   3	   1	  28	   9	  20	  20	  20	  50	 602	750800	751253	   0	-210	
 317	 319	  20	   2	 707	   2	   1	  28	  10	  20	  20	  20	  50	 672	753234	753941	   0	-220	
 318	 320	  20	   2	 406	   1	   1	  29	  10	  20	  20	  20	  50	 681	755935	756341	   0	-230	
 319	 321	  50	   2	 616	   3	   1	  29	  10	  21	  20	  20	  50	 617	758269	758885	   0	-240	
 320	 322	  20	   2	 546	   1	   1	  30	  10	  21	  20	  20	  50	 624	760819	761365	   0	-250	
 321	 323	  50	   1	 548	   3	   1	  30	  10	  22	  20	  20	  50	 462	763137	763685	   0	-240	
 322	 324	  20	   2	 927	   1	   1	  31	  10	  22	  20	  20	  50	 654	765654	766581	   0	-250	
 323	 325	  20	   2	1147	   2	   1	  31	  11	  22	  20	  20	  50	 659	768538	769685	   0	-260	
 324	 326	  20	   2	 563	   1	   1	  32	  11	  22	  20	  20	  50	 521	771506	772069	   0	-270	
 325	 327	  50	   2	1229	   3	   1	  32	  11	  23	  20	  20	  50	 666	774040	775269	   0	-280	
 326	 328	  20	   2	 690	   2	   1	  32	  12	  23	  20	  20	  50	 522	777091	777781	   0	-290	
 327	 329	  50	   1	1012	   3	   1	  32	  12	  24	  20	  20	  50	 339	779425	780437	   0	-280	
 328	 330	  20	   2	1477	   2	   1	  32	  13	  24	  20	  20	  50	 416	782159	783636	   0	-290	
 329	 331	  20	   1	 239	   1	   1	  33	  13	  24	  20	  20	  50	 562	785493	785732	   0	-280	
 330	 332	  20	   2	 568	   2	   1	  33	  14	  24	  20	  20	  50	 613	787644	788212	   0	-290	
 331	 333	  50	   1	 417	   3	   1	  33	  14	  25	  20	  20	  50	 679	790211	790628	   0	-280	
 332	 334	  20	   2	 586	   1	   1	  34	  14	  25	  20	  20	  50	 422	792362	792948	   0	-290	
 333	 335	  20	   2	 477	   2	   1	  34	  15	  25	  20	  20	  50	 416	794679	795156	   0	-300	
 334	 336	  50	   2	 459	   3	   1	  34	  15	  26	  20	  20	  50	 661	797113	797572	   0	-310	
 335	 337	  20	   2	 421	   1	   1	  35	  15	  26	  20	  20	  50	 371	799247	799668	   0	-320	
 336	 338	  20	   2	 752	   2	   1	  35	  16	  26	  20	  20	  50	 367	801348	802100	   0	-330	
 337	 339	  80	   1	 387	   1	   1	   1	  16	  26	  80	  20	  50	 643	804065	804452	   1	-320	
 338	 340	  20	   2	 480	   2	   1	   1	  17	  26	  80	  20	  50	 353	806116	806596	   0	-330	
 339	 341	  80	   1	 381	   1	   1	   2	  17	  26	  80	  20	  50	 669	808583	808964	   0	-320	
 340	 342	  50	   1	 297	   3	   1	   2	  17	  27	  80	  20	  50	 393	810667	810964	   0	-310	
 341	 343	  80	   1	 477	   1	   1	   3	  17	  27	  80	  20	  50	 677	812951	813428	   0	-300	
 342	 344	  20	   1	 440	   2	   1	   3	  18	  27	  80	  20	  50	 316	815052	815492	   0	-290	
 343	 345	  50	   1	 303	   3	   1	   3	  18	  28	  80	  20	  50	 477	817269	817572	   0	-280	
 344	 346	  20	   1	 468	   2	   1	   3	  19	  28	  80	  20	  50	 639	819520	819988	   0	-270	
 345	 347	  80	   1	 264	   1	   1	   4	  19	  28	  80	  20	  50	 528	821820	822084	   0	-260	
 346	 348	  20	   2	 466	   2	   1	   4	  20	  28	  80	  20	  50	 531	823921	824387	   0	-270	
 347	 349	  50	   2	 223	   3	   1	   4	  20	  29	  80	  20	  50	 676	826372	826595	   0	-280	
 348	 350	  80	   2	 832	   1	   1	   5	  20	  29	  80	  20	  50	 432	828339	829171	   0	-290	
 349	 351	  50	   2	 501	   3	   1	   5	  20	  30	  80	  20	  50	 520	831006	831507	   0	-300	
 350	 352	  80	   1	 335	   1	   1	   6	  20	  30	  80	  20	  50	 327	833140	833475	   0	-290	
 351	 353	  50	   2	 275	   3	   1	   6	  20	  31	  80	  20	  50	 603	835408	835683	   0	-300	
 352	 354	  80	   1	 511	   1	   1	   7	  20	  31	  80	  20	  50	 515	837508	838019	   0	-290	
 353	 355	  20	   1	 480	   2	   1	   7	  21	  31	  80	  20	  50	 539	839859	840339	   0	-280	
 354	 356	  80	   1	 336	   1	   1	   8	  21	  31	  80	  20	  50	 610	842259	842595	   0	-270	
 355	 357	  50	   2	 255	   3	   1	   8	  21	  32	  80	  20	  50	 352	844260	844515	   0	-280	
 356	 358	  20	   2	 267	   2	   1	   8	  22	  32	  80	  20	  50	 522	846344	846611	   0	-290	
 357	 359	  50	   1	 129	   3	   1	   8	  22	  33	  80	  20	  50	 652	848578	848707	   0	-280	
 358	 360	  20	   2	 235	   2	   1	   8	  23	  33	  80	  20	  50	 313	850312	850547	   0	-290	
 359	 361	  80	   2	 476	   1	   1	   9	  23	  33	  80	  20	  50	 418	852279	852755	   0	-300	
 360	 362	  20	   2	1319	   2	   1	   9	  24	  33	  80	  20	  50	 342	854396	855715	   0	-310	
 361	 363	  70	   1	 838	   3	   1	   9	  24	   1	  80	  20	  70	 529	857581	858419	   3	-300	
 362	 364	  80	   1	 664	   1	   1	  10	  24	   1	  80	  20	  70	 602	860331	860995	   0	-290	
 363	 365	  70	   2	1176	   3	   1	  10	  24	   2	  80	  20	  70	 413	862699	863875	   0	-300	
 364	 366	  20	   2	  99	   2	   1	  10	  25	   2	  80	  20	  70	 445	865616	865715	   0	-310	
 365	 367	  70	   2	 256	   3	   1	  10	  25	   3	  80	  20	  70	 625	867650	867906	   0	-320	
 366	 368	  20	   2	1614	   2	   1	  10	  26	   3	  80	  20	  70	 479	869684	871298	   0	-330	
 367	 369	  80	   1	 398	   1	   1	  11	  26	   3	  80	  20	  70	 655	873268	873666	   0	-320	
 368	 370	  70	   1	 506	   3	   1	  11	  26	   4	  80	  20	  70	 357	875336	875842	   0	-310	
 369	 371	  20	   1	1140	   2	   1	  11	  27	   4	  80	  20	  70	 318	877470	878610	   0	-300	
 370	 372	  70	   1	 454	   3	   1	  11	  27	   5	  80	  20	  70	 691	880604	881058	   0	-290	
 371	 373	  80	   1	 825	   1	   1	  12	  27	   5	  80	  20	  70	 521	882905	883730	   0	-280	
 372	 374	  70	   1	 465	   3	   1	  12	  27	   6	  80	  20	  70	 448	885489	885954	   0	-270	
 373	 375	  80	   1	 427	   1	   1	  13	  27	   6	  80	  20	  70	 348	887623	888050	   0	-260	
 374	 376	  70	   2	 383	   3	   1	  13	  27	   7	  80	  20	  70	 552	889907	890290	   0	-270	
 375	 377	  20	   2	 546	   2	   1	  13	  28	   7	  80	  20	  70	 630	892224	892770	   0	-280	
 376	 378	  80	   1	 472	   1	   1	  14	  28	   7	  80	  20	  70	 394	894458	894930	   0	-270	
 377	 379	  70	   1	 460	   3	   1	  14	  28	   8	  80	  20	  70	 498	896742	897202	   0	-260	
 378	 380	  80	   1	 371	   1	   1	  15	  28	   8	  80	  20	  70	 449	898959	899330	   0	-250	
 379	 381	  70	   1	 430	   3	   1	  15	  28	   9	  80	  20	  70	 416	901060	901490	   0	-240	
 380	 382	  80	   1	 308	   1	   1	  16	  28	   9	  80	  20	  70	 522	903310	903618	   0	-230	
 381	 383	  20	   2	  48	   2	   1	  16	  29	   9	  80	  20	  70	 457	905394	905442	   0	-240	
 382	 384	  80	   1	 330	   1	   1	  17	  29	   9	  80	  20	  70	 368	907128	907458	   0	-230	
 383	 385	  70	   1	 257	   3	   1	  17	  29	  10	  80	  20	  70	 568	909329	909586	   0	-220	
 384	 386	  80	   2	 344	   1	   1	  18	  29	  10	  80	  20	  70	 615	911513	911857	   0	-230	
 385	 387	  20	   2	 294	   2	   1	  18	  30	  10	  80	  20	  70	 388	913547	913841	   0	-240	
 386	 388	  70	   2	 353	   3	   1	  18	  30	  11	  80	  20	  70	 526	915664	916017	   0	-250	
 387	 389	  20	   2	 540	   2	   1	  18	  31	  11	  80	  20	  70	 442	917765	918305	   0	-260	
 388	 390	  70	   1	 470	   3	   1	  18	  31	  12	  80	  20	  70	 313	919915	920385	   0	-250	
 389	 391	  80	   2	 350	   1	   1	  19	  31	  12	  80	  20	  70	 403	922099	922449	   0	-260	
 390	 392	  70	   1	 315	   3	   1	  19	  31	  13	  80	  20	  70	 383	924150	924465	   0	-250	
 391	 393	  20	   2	 429	   2	   1	  19	  32	  13	  80	  20	  70	 692	926484	926913	   0	-260	
 392	 394	  70	   2	 669	   3	   1	  19	  32	  14	  80	  20	  70	 664	928868	929537	   0	-270	
 393	 395	  20	   1	 540	   2	   1	  19	  33	  14	  80	  20	  70	 434	931285	931825	   0	-260	
 394	 396	  70	   1	 378	   3	   1	  19	  33	  15	  80	  20	  70	 580	933703	934081	   0	-250	
 395	 397	  80	   1	 748	   1	   1	  20	  33	  15	  80	  20	  70	 648	936037	936785	   0	-240	
 396	 398	  70	   1	  64	   3	   1	  20	  33	  16	  80	  20	  70	 631	938737	938801	   0	-230	
 397	 399	  20	   2	 522	   2	   1	  20	  34	  16	  80	  20	  70	 379	940471	940993	   0	-240	
 398	 400	  80	   2	 494	   1	   1	  21	  34	  16	  80	  20	  70	 442	942739	943233	   0	-250	
 399	 401	  20	   2	 271	   2	   1	  21	  35	  16	  80	  20	  70	 567	945106	945377	   0	-260	
 400	 402	  80	   1	 258	   1	   1	  22	  35	  16	  80	  20	  70	 346	947023	947281	   0	-250	
 401	 403	  80	   1	 429	   2	   1	  22	   1	  16	  80	  80	  70	 523	949140	949569	   2	-240	
 402	 404	  80	   1	 711	   1	   1	  23	   1	  16	  80	  80	  70	 414	951274	951985	   0	-230	
 403	 405	  80	   1	 312	   2	   1	  23	   2	  16	  80	  80	  70	 306	953592	953904	   0	-220	
 404	 406	  80	   1	 371	   1	   1	  24	   2	  16	  80	  80	  70	 512	955709	956080	   0	-210	
 405	 407	  80	   1	 276	   2	   1	  24	   3	  16	  80	  80	  70	 680	958060	958336	   0	-200	
 406	 408	  80	   1	 345	   1	   1	  25	   3	  16	  80	  80	  70	 683	960327	960672	   0	-190	
 407	 409	  80	   2	 422	   2	   1	  25	   4	  16	  80	  80	  70	 402	962378	962800	   0	-200	
 408	 410	  80	   1	 569	   1	   1	  26	   4	  16	  80	  80	  70	 587	964695	965264	   0	-190	
 409	 411	  80	   1	 990	   2	   1	  26	   5	  16	  80	  80	  70	 371	966946	967936	   0	-180	
 410	 412	  80	   2	 282	   1	   1	  27	   5	  16	  80	  80	  70	 599	969846	970128	   0	-190	
 411	 413	  80	   1	 258	   2	   1	  27	   6	  16	  80	  80	  70	 580	972030	972288	   0	-180	
 412	 414	  80	   1	 250	   1	   1	  28	   6	  16	  80	  80	  70	 621	974214	974464	   0	-170	
 413	 415	  80	   1	1702	   2	   1	  28	   7	  16	  80	  80	  70	 510	976282	977984	   0	-160	
 414	 416	  80	   1	1410	   1	   1	  29	   7	  16	  80	  80	  70	 680	979966	981376	   0	-150	
 415	 417	  70	   2	 805	   3	   1	  29	   7	  17	  80	  80	  70	 389	983067	983872	   0	-160	
 416	 418	  80	   1	 456	   2	   1	  29	   8	  17	  80	  80	  70	 614	985784	986240	   0	-150	
 417	 419	  80	   1	 549	   1	   1	  30	   8	  17	  80	  80	  70	 696	988235	988784	   0	-140	
 418	 420	  80	   2	 614	   2	   1	  30	   9	  17	  80	  80	  70	 503	990602	991216	   0	-150	
 419	 421	  70	   1	 442	   3	   1	  30	   9	  18	  80	  80	  70	 363	992870	993312	   0	-140	
 420	 422	  80	   1	 709	   2	   1	  30	  10	  18	  80	  80	  70	 372	994987	995696	   0	-130	
 421	 423	  30	   2	 334	   1	   1	   1	  10	  18	  30	  80	  70	 485	997521	997855	   1	-140	
 422	 424	  70	   1	 302	   3	   1	   1	  10	  19	  30	  80	  70	 347	999505	999807	   0	-130	
 423	 425	  80	   2	 605	   2	   1	   1	  11	  19	  30	  80	  70	 408	1001522	1002127	   0	-140	
 424	 426	  30	   1	 388	   1	   1	   2	  11	  19	  30	  80	  70	 684	1004123	1004511	   0	-130	
 425	 427	  70	   1	1010	   3	   1	   2	  11	  20	  30	  80	  70	 345	1006157	1007167	   0	-120	
 426	 428	  80	   1	 438	   2	   1	   2	  12	  20	  30	  80	  70	 379	1008841	1009279	   0	-110	
 427	 429	  30	   1	1020	   1	   1	   3	  12	  20	  30	  80	  70	 496	1011075	1012095	   0	-100	
 428	 430	  70	   1	 749	   3	   1	   3	  12	  21	  30	  80	  70	 439	1013842	1014591	   0	 -90	
 429	 431	  80	   1	 626	   2	   1	   3	  13	  21	  30	  80	  70	 594	1016493	1017119	   0	 -80	
 430	 432	  70	   2	 368	   3	   1	   3	  13	  22	  30	  80	  70	 499	1018927	1019295	   0	 -90	
 431	 433	  80	   1	 370	   2	   1	   3	  14	  22	  30	  80	  70	 636	1021261	1021631	   0	 -80	
 432	 434	  70	   2	 392	   3	   1	   3	  14	  23	  30	  80	  70	 559	1023495	1023887	   0	 -90	
 433	 435	  80	   1	 339	   2	   1	   3	  15	  23	  30	  80	  70	 408	1025596	1025935	   0	 -80	
 434	 436	  70	   1	 417	   3	   1	   3	  15	  24	  30	  80	  70	 402	1027646	1028063	   0	 -70	
 435	 437	  30	   2	 273	   1	   1	   4	  15	  24	  30	  80	  70	 658	1030030	1030303	   0	 -80	
 436	 438	  70	   1	 485	   3	   1	   4	  15	  25	  30	  80	  70	 695	1032298	1032783	   0	 -70	
 437	 439	  30	   2	 487	   1	   1	   5	  15	  25	  30	  80	  70	 549	1034648	1035135	   0	 -80	
 438	 440	  70	   1	 347	   3	   1	   5	  15	  26	  30	  80	  70	 474	1036916	1037263	   0	 -70	
 439	 441	  80	   1	 245	   2	   1	   5	  16	  26	  30	  80	  70	 470	1039050	1039295	   0	 -60	
 440	 442	  70	   1	 349	   3	   1	   5	  16	  27	  30	  80	  70	 620	1041217	1041566	   0	 -50	
 441	 443	  30	   2	 414	   1	   1	   6	  16	  27	  30	  80	  70	 687	1043584	1043998	   0	 -60	
 442	 444	  80	   1	 268	   2	   1	   6	  17	  27	  30	  80	  70	 685	1046002	1046270	   0	 -50	
 443	 445	  30	   1	 367	   1	   1	   7	  17	  27	  30	  80	  70	 342	1047919	1048286	   0	 -40	
 444	 446	  80	   2	 372	   2	   1	   7	  18	  27	  30	  80	  70	 592	1050186	1050558	   0	 -50	
 445	 447	  30	   2	 278	   1	   1	   8	  18	  27	  30	  80	  70	 649	1052520	1052798	   0	 -60	
 446	 448	  80	   1	 345	   2	   1	   8	  19	  27	  30	  80	  70	 323	1054421	1054766	   0	 -50	
 447	 449	  30	   2	 299	   1	   1	   9	  19	  27	  30	  80	  70	 300	1056371	1056670	   0	 -60	
 448	 450	  70	   2	 431	   3	   1	   9	  19	  28	  30	  80	  70	 675	1058655	1059086	   0	 -70	
 449	 451	  30	   2	 313	   1	   1	  10	  19	  28	  30	  80	  70	 387	1060789	1061102	   0	 -80	
 450	 452	  80	   1	 342	   2	   1	  10	  20	  28	  30	  80	  70	 444	1062840	1063182	   0	 -70	
 451	 453	  70	   1	 291	   3	   1	  10	  20	  29	  30	  80	  70	 400	1064907	1065198	   0	 -60	
 452	 454	  80	   1	 281	   2	   1	  10	  21	  29	  30	  80	  70	 645	1067141	1067422	   0	 -50	
 453	 455	  30	   1	 589	   1	   1	  11	  21	  29	  30	  80	  70	 687	1069425	1070014	   0	 -40	
 454	 456	  80	   1	1353	   2	   1	  11	  22	  29	  30	  80	  70	 568	1071893	1073246	   0	 -30	
 455	 457	  70	   1	 556	   3	   1	  11	  22	  30	  30	  80	  70	 463	1075010	1075566	   0	 -20	
 456	 458	  30	   2	 583	   1	   1	  12	  22	  30	  30	  80	  70	 641	1077511	1078094	   0	 -30	
 457	 459	  70	   1	 432	   3	   1	  12	  22	  31	  30	  80	  70	 676	1080078	1080510	   0	 -20	
 458	 460	  30	   2	 333	   1	   1	  13	  22	  31	  30	  80	  70	 301	1082129	1082462	   0	 -30	
 459	 461	  80	   1	 335	   2	   1	  13	  23	  31	  30	  80	  70	 649	1084430	1084765	   0	 -20	
 460	 462	  70	   1	 412	   3	   1	  13	  23	  32	  30	  80	  70	 422	1086497	1086909	   0	 -10	
 461	 463	  30	   1	 440	   1	   1	  14	  23	  32	  30	  80	  70	 361	1088581	1089021	   0	   0	
 462	 464	  80	   1	 576	   2	   1	  14	  24	  32	  30	  80	  70	 432	1090765	1091341	   0	  10	
 463	 465	  30	   2	 406	   1	   1	  15	  24	  32	  30	  80	  70	 360	1092999	1093405	   0	   0	
 464	 466	  70	   1	 448	   3	   1	  15	  24	  33	  30	  80	  70	 433	1095149	1095597	   0	  10	
 465	 467	  80	   2	 568	   2	   1	  15	  25	  33	  30	  80	  70	 412	1097317	1097885	   0	   0	
 466	 468	  70	   2	 591	   3	   1	  15	  25	  34	  30	  80	  70	 341	1099534	1100125	   0	 -10	
 467	 469	  30	   2	 403	   1	   1	  16	  25	  34	  30	  80	  70	 393	1101818	1102221	   0	 -20	
 468	 470	  80	   1	 502	   2	   1	  16	  26	  34	  30	  80	  70	 597	1104119	1104621	   0	 -10	
 469	 471	  30	   1	 603	   1	   1	  17	  26	  34	  30	  80	  70	 449	1106386	1106989	   0	   0	
 470	 472	  70	   1	1138	   3	   1	  17	  26	  35	  30	  80	  70	 305	1108603	1109741	   0	  10	
 471	 473	  30	   2	 459	   1	   1	  18	  26	  35	  30	  80	  70	 494	1111554	1112013	   0	   0	
 472	 474	  80	   1	 337	   2	   1	  18	  27	  35	  30	  80	  70	 474	1113788	1114125	   0	  10	
 473	 475	  30	   2	 464	   1	   1	  19	  27	  35	  30	  80	  70	 369	1115805	1116269	   0	   0	
 474	 476	  50	   2	 356	   3	   1	  19	  27	   1	  30	  80	  50	 511	1118089	1118445	   3	 -10	
 475	 477	  80	   1	 267	   2	   1	  19	  28	   1	  30	  80	  50	 546	1120290	1120557	   0	   0	
 476	 478	  50	   1	 233	   3	   1	  19	  28	   2	  30	  80	  50	 479	1122340	1122573	   0	  10	
 477	 479	  80	   2	 444	   2	   1	  19	  29	   2	  30	  80	  50	 349	1124241	1124685	   0	   0	
 478	 480	  30	   2	 256	   1	   1	  20	  29	   2	  30	  80	  50	 516	1126508	1126764	   0	 -10	
 479	 481	  50	   2	 315	   3	   1	  20	  29	   3	  30	  80	  50	 544	1128609	1128924	   0	 -20	
 480	 482	  80	   1	 490	   2	   1	  20	  30	   3	  30	  80	  50	 388	1130626	1131116	   0	 -10	
 481	 483	  50	   2	 430	   3	   1	  20	  30	   4	  30	  80	  50	 461	1132894	1133324	   0	 -20	
 482	 484	  20	   1	 262	   2	   1	  20	   1	   4	  30	  20	  50	 435	1135094	1135356	   2	 -10	
 483	 485	  30	   2	 318	   1	   1	  21	   1	   4	  30	  20	  50	 627	1137278	1137596	   0	 -20	
 484	 486	  20	   2	 479	   2	   1	  21	   2	   4	  30	  20	  50	 332	1139245	1139724	   0	 -30	
 485	 487	  50	   1	 420	   3	   1	  21	   2	   5	  30	  20	  50	 470	1141496	1141916	   0	 -20	
 486	 488	  20	   2	 476	   2	   1	  21	   3	   5	  30	  20	  50	 454	1143680	1144156	   0	 -30	
 487	 489	  30	   1	 645	   1	   1	  22	   3	   5	  30	  20	  50	 366	1145831	1146476	   0	 -20	
 488	 490	  50	   1	 285	   3	   1	  22	   3	   6	  30	  20	  50	 646	1148415	1148700	   0	 -10	
 489	 491	  30	   1	 500	   1	   1	  23	   3	   6	  30	  20	  50	 621	1150632	1151132	   0	   0	
 490	 492	  50	   1	 373	   3	   1	  23	   3	   7	  30	  20	  50	 549	1152999	1153372	   0	  10	
 491	 493	  20	   1	 395	   2	   1	  23	   4	   7	  30	  20	  50	 547	1155233	1155628	   0	  20	
 492	 494	  50	   1	 297	   3	   1	  23	   4	   8	  30	  20	  50	 347	1157267	1157564	   0	  30	
 493	 495	  30	   2	 567	   1	   1	  24	   4	   8	  30	  20	  50	 424	1159285	1159852	   0	  20	
 494	 496	  20	   2	 386	   2	   1	  24	   5	   8	  30	  20	  50	 643	1161802	1162188	   0	  10	
 495	 497	  50	   2	 420	   3	   1	  24	   5	   9	  30	  20	  50	 634	1164136	1164556	   0	   0	
 496	 498	  30	   2	 457	   1	   1	  25	   5	   9	  30	  20	  50	 525	1166387	1166844	   0	 -10	
 497	 499	  50	   2	 326	   3	   1	  25	   5	  10	  30	  20	  50	 693	1168837	1169163	   0	 -20	
 498	 500	  30	   2	 198	   1	   1	  26	   5	  10	  30	  20	  50	 357	1170821	1171019	   0	 -30	
 499	 501	  50	   1	 254	   3	   1	  26	   5	  11	  30	  20	  50	 677	1173005	1173259	   0	 -20	
 500	 502	  20	   2	 418	   2	   1	  26	   6	  11	  30	  20	  50	 315	1174889	1175307	   0	 -30	
 501	 503	  30	   2	 421	   1	   1	  27	   6	  11	  30	  20	  50	 562	1177190	1177611	   0	 -40	
 502	 504	  50	   2	 365	   3	   1	  27	   6	  12	  30	  20	  50	 456	1179374	1179739	   0	 -50	
 503	 505	  30	   1	 533	   1	   1	  28	   6	  12	  30	  20	  50	 521	1181574	1182107	   0	 -40	
 504	 506	  20	   2	 348	   2	   1	  28	   7	  12	  30	  20	  50	 354	1183775	1184123	   0	 -50	
 505	 507	  50	   1	 438	   3	   1	  28	   7	  13	  30	  20	  50	 470	1185909	1186347	   0	 -40	
 506	 508	  20	   2	 391	   2	   1	  28	   8	  13	  30	  20	  50	 628	1188276	1188667	   0	 -50	
 507	 509	  50	   1	 374	   3	   1	  28	   8	  14	  30	  20	  50	 320	1190293	1190667	   0	 -40	
 508	 510	  30	   2	 318	   1	   1	  29	   8	  14	  30	  20	  50	 511	1192477	1192795	   0	 -50	
 509	 511	  50	   2	 337	   3	   1	  29	   8	  15	  30	  20	  50	 665	1194778	1195115	   0	 -60	
 510	 512	  30	   2	 524	   1	   1	  30	   8	  15	  30	  20	  50	 474	1196895	1197419	   0	 -70	
 511	 513	  20	   2	 439	   2	   1	  30	   9	  15	  30	  20	  50	 650	1199396	1199835	   0	 -80	
 512	 514	  30	   2	 349	   1	   1	  31	   9	  15	  30	  20	  50	 486	1201630	1201979	   0	 -90	
 513	 515	  50	   2	 150	   3	   1	  31	   9	  16	  30	  20	  50	 490	1203781	1203931	   0	-100	
 514	 516	  30	   2	 499	   1	   1	  32	   9	  16	  30	  20	  50	 608	1205848	1206347	   0	-110	
 515	 517	  20	   2	 606	   2	   1	  32	  10	  16	  30	  20	  50	 691	1208349	1208955	   0	-120	
 516	 518	  50	   1	 524	   3	   1	  32	  10	  17	  30	  20	  50	 524	1210783	1211307	   0	-110	
 517	 519	  20	   2	 674	   2	   1	  32	  11	  17	  30	  20	  50	 383	1213000	1213674	   0	-120	
 518	 520	  30	   2	1087	   1	   1	  33	  11	  17	  30	  20	  50	 481	1215467	1216554	   0	-130	
 519	 521	  20	   2	 456	   2	   1	  33	  12	  17	  30	  20	  50	 553	1218418	1218874	   0	-140	
 520	 522	  50	   2	 350	   3	   1	  33	  12	  18	  30	  20	  50	 465	1220652	1221002	   0	-150	
 521	 523	  80	   2	 720	   1	   1	   1	  12	  18	  80	  20	  50	 625	1222986	1223706	   1	-160	
 522	 524	  50	   1	 522	   3	   1	   1	  12	  19	  80	  20	  50	 491	1225504	1226026	   0	-150	
 523	 525	  80	   1	 378	   1	   1	   2	  12	  19	  80	  20	  50	 561	1227888	1228266	   0	-140	
 524	 526	  50	   2	 394	   3	   1	   2	  12	  20	  80	  20	  50	 303	1229872	1230266	   0	-150	
 525	 527	  80	   1	 269	   1	   1	   3	  12	  20	  80	  20	  50	 623	1232189	1232458	   0	-140	
 526	 528	  50	   2	 485	   3	   1	   3	  12	  21	  80	  20	  50	 604	1234373	1234858	   0	-150	
 527	 529	  80	   2	 371	   1	   1	   4	  12	  21	  80	  20	  50	 641	1236807	1237178	   0	-160	
 528	 530	  50	   2	 300	   3	   1	   4	  12	  22	  80	  20	  50	 482	1238974	1239274	   0	-170	
 529	 531	  80	   1	 623	   1	   1	   5	  12	  22	  80	  20	  50	 304	1240891	1241514	   0	-160	
 530	 532	  50	   1	 320	   3	   1	   5	  12	  23	  80	  20	  50	 428	1243242	1243562	   0	-150	
 531	 533	  80	   1	 279	   1	   1	   6	  12	  23	  80	  20	  50	 556	1245443	1245722	   0	-140	
 532	 534	  20	   2	 548	   2	   1	   6	  13	  23	  80	  20	  50	 494	1247510	1248058	   0	-150	
 533	 535	  50	   1	 344	   3	   1	   6	  13	  24	  80	  20	  50	 419	1249794	1250138	   0	-140	
 534	 536	  20	   1	 538	   2	   1	   6	  14	  24	  80	  20	  50	 692	1252128	1252666	   0	-130	
 535	 537	  80	   1	 470	   1	   1	   7	  14	  24	  80	  20	  50	 642	1254612	1255082	   0	-120	
 536	 538	  50	   1	 376	   3	   1	   7	  14	  25	  80	  20	  50	 515	1256913	1257289	   0	-110	
 537	 539	  20	   2	 262	   2	   1	   7	  15	  25	  80	  20	  50	 380	1258963	1259225	   0	-120	
 538	 540	  50	   1	 286	   3	   1	   7	  15	  26	  80	  20	  50	 620	1261147	1261433	   0	-110	
 539	 541	  20	   1	 670	   2	   1	   7	  16	  26	  80	  20	  50	 385	1263131	1263801	   0	-100	
 540	 542	  50	   2	 380	   3	   1	   7	  16	  27	  80	  20	  50	 447	1265549	1265929	   0	-110	
 541	 543	  20	   2	 465	   2	   1	   7	  17	  27	  80	  20	  50	 553	1267816	1268281	   0	-120	
 542	 544	  80	   1	 477	   1	   1	   8	  17	  27	  80	  20	  50	 313	1269900	1270377	   0	-110	
 543	 545	  20	   2	 323	   2	   1	   8	  18	  27	  80	  20	  50	 466	1272150	1272473	   0	-120	
 544	 546	  50	   2	 728	   3	   1	   8	  18	  28	  80	  20	  50	 628	1274401	1275129	   0	-130	
 545	 547	  20	   2	 339	   2	   1	   8	  19	  28	  80	  20	  50	 473	1276902	1277241	   0	-140	
 546	 548	  80	   1	 376	   1	   1	   9	  19	  28	  80	  20	  50	 628	1279169	1279545	   0	-130	
 547	 549	  50	   1	 241	   3	   1	   9	  19	  29	  80	  20	  50	 465	1281320	1281561	   0	-120	
 548	 550	  20	   2	 278	   2	   1	   9	  20	  29	  80	  20	  50	 315	1283187	1283465	   0	-130	
 549	 551	  80	   1	 377	   1	   1	  10	  20	  29	  80	  20	  50	 344	1285104	1285481	   0	-120	
 550	 552	  20	   2	 232	   2	   1	  10	  21	  29	  80	  20	  50	 342	1287121	1287353	   0	-130	
 551	 553	  80	   1	 228	   1	   1	  11	  21	  29	  80	  20	  50	 524	1289205	1289433	   0	-120	
 552	 554	  50	   2	 258	   3	   1	  11	  21	  30	  80	  20	  50	 499	1291239	1291497	   0	-130	
 553	 555	  20	   1	 509	   2	   1	  11	  22	  30	  80	  20	  50	 537	1293340	1293849	   0	-120	
 554	 556	  50	   1	 932	   3	   1	  11	  22	  31	  80	  20	  50	 402	1295557	1296489	   0	-110	
 555	 557	  80	   1	 454	   1	   1	  12	  22	  31	  80	  20	  50	 493	1298291	1298745	   0	-100	
 556	 558	  50	   2	 276	   3	   1	  12	  22	  32	  80	  20	  50	 632	1300692	1300968	   0	-110	
 557	 559	  80	   1	 293	   1	   1	  13	  22	  32	  80	  20	  50	 394	1302659	1302952	   0	-100	
 558	 560	  50	   2	 491	   3	   1	  13	  22	  33	  80	  20	  50	 644	1304893	1305384	   0	-110	
 559	 561	  80	   2	 307	   1	   1	  14	  22	  33	  80	  20	  50	 391	1307077	1307384	   0	-120	
 560	 562	  20	   2	 289	   2	   1	  14	  23	  33	  80	  20	  50	 423	1309111	1309400	   0	-130	
 561	 563	  30	   2	 328	   3	   1	  14	  23	   1	  80	  20	  30	 572	1311328	1311656	   3	-140	
 562	 564	  20	   2	 621	   2	   1	  14	  24	   1	  80	  20	  30	 616	1313579	1314200	   0	-150	
 563	 565	  80	   1	 266	   1	   1	  15	  24	   1	  80	  20	  30	 523	1316030	1316296	   0	-140	
 564	 566	  20	   2	 522	   2	   1	  15	  25	   1	  80	  20	  30	 425	1318030	1318552	   0	-150	
 565	 567	  80	   2	 916	   1	   1	  16	  25	   1	  80	  20	  30	 307	1320164	1321080	   0	-160	
 566	 568	  30	   2	 581	   3	   1	  16	  25	   2	  80	  20	  30	 513	1322899	1323480	   0	-170	
 567	 569	  20	   2	 539	   2	   1	  16	  26	   2	  80	  20	  30	 363	1325149	1325688	   0	-180	
 568	 570	  80	   1	 530	   1	   1	  17	  26	   2	  80	  20	  30	 378	1327366	1327896	   0	-170	
 569	 571	  20	   2	 476	   2	   1	  17	  27	   2	  80	  20	  30	 691	1329884	1330360	   0	-180	
 570	 572	  80	   1	 429	   1	   1	  18	  27	   2	  80	  20	  30	 570	1332235	1332664	   0	-170	
 571	 573	  30	   2	 393	   3	   1	  18	  27	   3	  80	  20	  30	 359	1334335	1334728	   0	-180	
 572	 574	  20	   1	 428	   2	   1	  18	  28	   3	  80	  20	  30	 602	1336636	1337064	   0	-170	
 573	 575	  30	   2	 490	   3	   1	  18	  28	   4	  80	  20	  30	 306	1338670	1339160	   0	-180	
 574	 576	  20	   2	 516	   2	   1	  18	  29	   4	  80	  20	  30	 363	1340820	1341336	   0	-190	
 575	 577	  80	   1	 376	   1	   1	  19	  29	   4	  80	  20	  30	 420	1343071	1343447	   0	-180	
 576	 578	  20	   2	 339	   2	   1	  19	  30	   4	  80	  20	  30	 434	1345188	1345527	   0	-190	
 577	 579	  30	   1	 642	   3	   1	  19	  30	   5	  80	  20	  30	 363	1347189	1347831	   0	-180	
 578	 580	  20	   2	 325	   2	   1	  19	  31	   5	  80	  20	  30	 350	1349490	1349815	   0	-190	
 579	 581	  80	   1	 463	   1	   1	  20	  31	   5	  80	  20	  30	 519	1351640	1352103	   0	-180	
 580	 582	  20	   2	 365	   2	   1	  20	  32	   5	  80	  20	  30	 648	1354058	1354423	   0	-190	
 581	 583	  30	   2	 264	   3	   1	  20	  32	   6	  80	  20	  30	 433	1356191	1356455	   0	-200	
 582	 584	  20	   2	 270	   2	   1	  20	  33	   6	  80	  20	  30	 650	1358425	1358695	   0	-210	
 583	 585	  30	   1	 420	   3	   1	  20	  33	   7	  80	  20	  30	 659	1360659	1361079	   0	-200	
 584	 586	  80	   1	 554	   1	   1	  21	  33	   7	  80	  20	  30	 482	1362877	1363431	   0	-190	
 585	 587	  30	   2	 601	   3	   1	  21	  33	   8	  80	  20	  30	 551	1365294	1365895	   0	-200	
 586	 588	  80	   2	 304	   1	   1	  22	  33	   8	  80	  20	  30	 691	1367895	1368199	   0	-210	
 587	 589	  20	   2	 220	   2	   1	  22	  34	   8	  80	  20	  30	 470	1369979	1370199	   0	-220	
 588	 590	  30	   2	 324	   3	   1	  22	  34	   9	  80	  20	  30	 657	1372163	1372487	   0	-230	
NaN	 591	  80	NaN	NaN	   1	   3	  22	  34	   9	  80	  20	  30	 618	1372163	NaN	   0	-230	
 589	 592	  20	   2	 408	   2	   1	  22	  35	   9	  80	  20	  30	 347	1378031	1378439	   0	-240	
 590	 593	  80	   1	 298	   1	   1	  23	  35	   9	  80	  20	  30	 617	1380365	1380663	   0	-230	
 591	 594	  70	   1	 596	   2	   1	  23	   1	   9	  80	  70	  30	 477	1382499	1383095	   2	-220	
 592	 595	  80	   1	 651	   1	   1	  24	   1	   9	  80	  70	  30	 318	1384716	1385367	   0	-210	
 593	 596	  30	   1	 151	   3	   1	  24	   1	  10	  80	  70	  30	 482	1387167	1387318	   0	-200	
 594	 597	  80	   1	 440	   1	   1	  25	   1	  10	  80	  70	  30	 483	1389118	1389558	   0	-190	
 595	 598	  70	   1	 502	   2	   1	  25	   2	  10	  80	  70	  30	 313	1391168	1391670	   0	-180	
 596	 599	  80	   1	 742	   1	   1	  26	   2	  10	  80	  70	  30	 557	1393536	1394278	   0	-170	
 597	 600	  30	   2	 354	   3	   1	  26	   2	  11	  80	  70	  30	 435	1396020	1396374	   0	-180	
 598	 601	  80	   1	 478	   1	   1	  27	   2	  11	  80	  70	  30	 441	1398120	1398598	   0	-170	
 599	 602	  70	   1	 226	   2	   1	  27	   3	  11	  80	  70	  30	 488	1400388	1400614	   0	-160	
 600	 603	  30	   2	 489	   3	   1	  27	   3	  12	  80	  70	  30	 697	1402605	1403094	   0	-170	
 601	 604	  70	   1	 315	   2	   1	  27	   4	  12	  80	  70	  30	 522	1404939	1405254	   0	-160	
 602	 605	  30	   2	 368	   3	   1	  27	   4	  13	  80	  70	  30	 640	1407206	1407574	   0	-170	
 603	 606	  70	   2	1028	   2	   1	  27	   5	  13	  80	  70	  30	 603	1409490	1410518	   0	-180	
 604	 607	  30	   2	 432	   3	   1	  27	   5	  14	  80	  70	  30	 558	1412374	1412806	   0	-190	
 605	 608	  70	   1	 207	   2	   1	  27	   6	  14	  80	  70	  30	 660	1414775	1414982	   0	-180	
 606	 609	  30	   1	 638	   3	   1	  27	   6	  15	  80	  70	  30	 504	1416792	1417430	   0	-170	
 607	 610	  80	   2	 541	   1	   1	  28	   6	  15	  80	  70	  30	 461	1419193	1419734	   0	-180	
 608	 611	  70	   2	 478	   2	   1	  28	   7	  15	  80	  70	  30	 510	1421544	1422022	   0	-190	
 609	 612	  30	   2	 345	   3	   1	  28	   7	  16	  80	  70	  30	 341	1423661	1424006	   0	-200	
 610	 613	  70	   1	 352	   2	   1	  28	   8	  16	  80	  70	  30	 568	1425878	1426230	   0	-190	
 611	 614	  80	   1	 409	   1	   1	  29	   8	  16	  80	  70	  30	 478	1428029	1428438	   0	-180	
 612	 615	  70	   1	 397	   2	   1	  29	   9	  16	  80	  70	  30	 555	1430296	1430693	   0	-170	
 613	 616	  30	   2	 317	   3	   1	  29	   9	  17	  80	  70	  30	 673	1432680	1432997	   0	-180	
 614	 617	  80	   1	 553	   1	   1	  30	   9	  17	  80	  70	  30	 433	1434748	1435301	   0	-170	
 615	 618	  30	   2	 456	   3	   1	  30	   9	  18	  80	  70	  30	 556	1437165	1437621	   0	-180	
 616	 619	  70	   2	 475	   2	   1	  30	  10	  18	  80	  70	  30	 556	1439482	1439957	   0	-190	
 617	 620	  30	   1	 674	   3	   1	  30	  10	  19	  80	  70	  30	 424	1441683	1442357	   0	-180	
 618	 621	  70	   1	 390	   2	   1	  30	  11	  19	  80	  70	  30	 300	1443967	1444357	   0	-170	
 619	 622	  50	   2	 353	   1	   1	   1	  11	  19	  50	  70	  30	 414	1446084	1446437	   1	-180	
 620	 623	  70	   1	 384	   2	   1	   1	  12	  19	  50	  70	  30	 360	1448101	1448485	   0	-170	
 621	 624	  50	   2	 319	   1	   1	   2	  12	  19	  50	  70	  30	 691	1450502	1450821	   0	-180	
 622	 625	  30	   1	 294	   3	   1	   2	  12	  20	  50	  70	  30	 575	1452703	1452997	   0	-170	
 623	 626	  70	   1	 394	   2	   1	   2	  13	  20	  50	  70	  30	 302	1454603	1454997	   0	-160	
 624	 627	  50	   2	 457	   1	   1	   3	  13	  20	  50	  70	  30	 700	1457004	1457461	   0	-170	
 625	 628	  30	   1	 345	   3	   1	   3	  13	  21	  50	  70	  30	 623	1459388	1459733	   0	-160	
 626	 629	  50	   1	 570	   1	   1	   4	  13	  21	  50	  70	  30	 324	1461355	1461925	   0	-150	
 627	 630	  70	   1	 764	   2	   1	   4	  14	  21	  50	  70	  30	 463	1463689	1464453	   0	-140	
 628	 631	  30	   2	 405	   3	   1	   4	  14	  22	  50	  70	  30	 485	1466240	1466645	   0	-150	
 629	 632	  50	   1	 558	   1	   1	   5	  14	  22	  50	  70	  30	 442	1468391	1468949	   0	-140	
 630	 633	  70	   2	 343	   2	   1	   5	  15	  22	  50	  70	  30	 301	1470558	1470901	   0	-150	
 631	 634	  30	   2	  38	   3	   1	   5	  15	  23	  50	  70	  30	 345	1472558	1472596	   0	-160	
 632	 635	  50	   2	 710	   1	   1	   6	  15	  23	  50	  70	  30	 637	1474542	1475252	   0	-170	
 633	 636	  30	   2	  45	   3	   1	   6	  15	  24	  50	  70	  30	 589	1477143	1477188	   0	-180	
 634	 637	  50	   1	 733	   1	   1	   7	  15	  24	  50	  70	  30	 647	1479127	1479860	   0	-170	
 635	 638	  30	   2	 340	   3	   1	   7	  15	  25	  50	  70	  30	 563	1481728	1482068	   0	-180	
 636	 639	  70	   1	 690	   2	   1	   7	  16	  25	  50	  70	  30	 396	1483762	1484452	   0	-170	
 637	 640	  50	   1	 574	   1	   1	   8	  16	  25	  50	  70	  30	 507	1486262	1486836	   0	-160	
 638	 641	  70	   1	1254	   2	   1	   8	  17	  25	  50	  70	  30	 314	1488446	1489700	   0	-150	
 639	 642	  30	   2	 626	   3	   1	   8	  17	  26	  50	  70	  30	 700	1491714	1492340	   0	-160	
 640	 643	  50	   1	 582	   1	   1	   9	  17	  26	  50	  70	  30	 348	1493998	1494580	   0	-150	
 641	 644	  70	   1	 623	   2	   1	   9	  18	  26	  50	  70	  30	 652	1496565	1497188	   0	-140	
 642	 645	  30	   1	 965	   3	   1	   9	  18	  27	  50	  70	  30	 683	1499183	1500148	   0	-130	
 643	 646	  70	   2	 490	   2	   1	   9	  19	  27	  50	  70	  30	 385	1501850	1502340	   0	-140	
 644	 647	  50	   2	 576	   1	   1	  10	  19	  27	  50	  70	  30	 421	1504068	1504644	   0	-150	
 645	 648	  30	   2	 388	   3	   1	  10	  19	  28	  50	  70	  30	 401	1506352	1506740	   0	-160	
 646	 649	  50	   1	1525	   1	   1	  11	  19	  28	  50	  70	  30	 679	1508719	1510244	   0	-150	
 647	 650	  30	   2	 996	   3	   1	  11	  19	  29	  50	  70	  30	 370	1511920	1512916	   0	-160	
 648	 651	  70	   2	 716	   2	   1	  11	  20	  29	  50	  70	  30	 671	1514887	1515603	   0	-170	
 649	 652	  30	   1	 927	   3	   1	  11	  20	  30	  50	  70	  30	 674	1517588	1518515	   0	-160	
 650	 653	  50	   2	 518	   1	   1	  12	  20	  30	  50	  70	  30	 370	1520189	1520707	   0	-170	
 651	 654	  70	   2	 399	   2	   1	  12	  21	  30	  50	  70	  30	 312	1522340	1522739	   0	-180	
 652	 655	  50	   2	 662	   1	   1	  13	  21	  30	  50	  70	  30	 506	1524557	1525219	   0	-190	
 653	 656	  70	   1	 469	   2	   1	  13	  22	  30	  50	  70	  30	 444	1526958	1527427	   0	-180	
 654	 657	  30	   2	 565	   3	   1	  13	  22	   1	  50	  70	  30	 620	1529358	1529923	   0	-190	
 655	 658	  50	   1	 477	   1	   1	  14	  22	   1	  50	  70	  30	 300	1531542	1532019	   0	-180	
 656	 659	  30	   2	 415	   3	   1	  14	  22	   2	  50	  70	  30	 537	1533860	1534275	   0	-190	
 657	 660	  70	   1	  34	   2	   1	  14	  23	   2	  50	  70	  30	 590	1536177	1536211	   0	-180	
 658	 661	  30	   2	 484	   3	   1	  14	  23	   3	  50	  70	  30	 585	1538111	1538595	   0	-190	
 659	 662	  70	   1	 408	   2	   1	  14	  24	   3	  50	  70	  30	 485	1540395	1540803	   0	-180	
 660	 663	  30	   2	 569	   3	   1	  14	  24	   4	  50	  70	  30	 657	1542762	1543331	   0	-190	
 661	 664	  70	   1	 618	   2	   1	  14	  25	   4	  50	  70	  30	 450	1545113	1545731	   0	-180	
 662	 665	  50	   1	 159	   1	   1	  15	  25	   4	  50	  70	  30	 343	1547380	1547539	   0	-170	
 663	 666	  30	   1	 429	   3	   1	  15	  25	   5	  50	  70	  30	 574	1549414	1549843	   0	-160	
 664	 667	  70	   1	 568	   2	   1	  15	  26	   5	  50	  70	  30	 367	1551515	1552083	   0	-150	
 665	 668	  30	   2	 664	   3	   1	  15	  26	   6	  50	  70	  30	 521	1553915	1554579	   0	-160	
 666	 669	  50	   2	 494	   1	   1	  16	  26	   6	  50	  70	  30	 680	1556549	1557043	   0	-170	
 667	 670	  70	   2	 469	   2	   1	  16	  27	   6	  50	  70	  30	 377	1558717	1559186	   0	-180	
 668	 671	  50	   1	 417	   1	   1	  17	  27	   6	  50	  70	  30	 322	1560817	1561234	   0	-170	
 669	 672	  30	   1	 355	   3	   1	  17	  27	   7	  50	  70	  30	 601	1563151	1563506	   0	-160	
 670	 673	  70	   1	 487	   2	   1	  17	  28	   7	  50	  70	  30	 605	1565419	1565906	   0	-150	
 671	 674	  30	   2	 369	   3	   1	  17	  28	   8	  50	  70	  30	 320	1567553	1567922	   0	-160	
 672	 675	  50	   2	 431	   1	   1	  18	  28	   8	  50	  70	  30	 371	1569603	1570034	   0	-170	
 673	 676	  70	   1	 386	   2	   1	  18	  29	   8	  50	  70	  30	 564	1571904	1572290	   0	-160	
 674	 677	  30	   2	 483	   3	   1	  18	  29	   9	  50	  70	  30	 666	1574271	1574754	   0	-170	
 675	 678	  50	   1	 519	   1	   1	  19	  29	   9	  50	  70	  30	 478	1576539	1577058	   0	-160	
 676	 679	  70	   2	 463	   2	   1	  19	  30	   9	  50	  70	  30	 354	1578723	1579186	   0	-170	
 677	 680	  50	   2	 579	   1	   1	  20	  30	   9	  50	  70	  30	 546	1581023	1581602	   0	-180	
 678	 681	  30	   1	  81	   3	   1	  20	  30	  10	  50	  70	  30	 562	1583457	1583538	   0	-170	
 679	 682	  50	   1	 420	   1	   1	  21	  30	  10	  50	  70	  30	 506	1585358	1585778	   0	-160	
 680	 683	  30	   2	 387	   3	   1	  21	  30	  11	  50	  70	  30	 697	1587775	1588162	   0	-170	
 681	 684	  50	   1	 801	   1	   1	  22	  30	  11	  50	  70	  30	 321	1589809	1590610	   0	-160	
 682	 685	  70	   1	 408	   2	   1	  22	  31	  11	  50	  70	  30	 490	1592410	1592818	   0	-150	
 683	 686	  50	   1	 327	   1	   1	  23	  31	  11	  50	  70	  30	 312	1594427	1594754	   0	-140	
 684	 687	  70	   1	 326	   2	   1	  23	  32	  11	  50	  70	  30	 382	1596444	1596770	   0	-130	
 685	 688	  50	   2	 380	   1	   1	  24	  32	  11	  50	  70	  30	 588	1598662	1599042	   0	-140	
 686	 689	  30	   2	 537	   3	   1	  24	  32	  12	  50	  70	  30	 379	1600712	1601249	   0	-150	
 687	 690	  50	   2	 474	   1	   1	  25	  32	  12	  50	  70	  30	 511	1603063	1603537	   0	-160	
 688	 691	  30	   2	 546	   3	   1	  25	  32	  13	  50	  70	  30	 409	1605247	1605793	   0	-170	
 689	 692	  70	   1	 586	   2	   1	  25	  33	  13	  50	  70	  30	 344	1607431	1608017	   0	-160	
 690	 693	  30	   2	 368	   3	   1	  25	  33	  14	  50	  70	  30	 363	1609681	1610049	   0	-170	
 691	 694	  50	   2	  -4	   1	   1	  26	  33	  14	  50	  70	  30	 378	1611749	1611745	   0	-180	
 692	 695	  70	   2	 469	   2	   1	  26	  34	  14	  50	  70	  30	 455	1613516	1613985	   0	-190	
 693	 696	  30	   1	 550	   3	   1	  26	  34	  15	  50	  70	  30	 565	1615867	1616417	   0	-180	
 694	 697	  50	   2	 636	   1	   1	  27	  34	  15	  50	  70	  30	 373	1618101	1618737	   0	-190	
 695	 698	  30	   2	 416	   3	   1	  27	  34	  16	  50	  70	  30	 344	1620385	1620801	   0	-200	
 696	 699	  50	   1	 122	   1	   1	  28	  34	  16	  50	  70	  30	 408	1622519	1622641	   0	-190	
 697	 700	  30	   2	 653	   3	   1	  28	  34	  17	  50	  70	  30	 493	1624436	1625089	   0	-200	
 698	 701	  70	   1	1599	   2	   1	  28	  35	  17	  50	  70	  30	 385	1626786	1628385	   0	-190	
 699	 702	  30	   2	 320	   3	   1	  28	  35	  18	  50	  70	  30	 640	1630337	1630657	   0	-200	
NaN	 703	  50	NaN	NaN	   1	   3	  28	  35	  18	  50	  70	  30	 427	1630337	NaN	   0	-200	
 700	 704	  30	   1	1261	   3	   1	  28	  35	  19	  50	  70	  30	 302	1635972	1637233	   0	-190	
 701	 705	  50	   2	 870	   1	   1	  29	  35	  19	  50	  70	  30	 356	1638907	1639777	   0	-200	
 702	 706	  70	   1	 776	   2	   1	  29	   1	  19	  50	  70	  30	 554	1641641	1642417	   0	-190	
 703	 707	  50	   1	 384	   1	   1	  30	   1	  19	  50	  70	  30	 483	1644208	1644592	   0	-180	
 704	 708	  30	   1	 651	   3	   1	  30	   1	  20	  50	  70	  30	 430	1646325	1646976	   0	-170	
 705	 709	  50	   2	 359	   1	   1	  31	   1	  20	  50	  70	  30	 510	1648793	1649152	   0	-180	
 706	 710	  30	   1	1133	   3	   1	  31	   1	  21	  50	  70	  30	 567	1651027	1652160	   0	-170	
 707	 711	  70	   1	 884	   2	   1	  31	   2	  21	  50	  70	  30	 553	1654028	1654912	   0	-160	
 708	 712	  50	   2	 831	   1	   1	  32	   2	  21	  50	  70	  30	 328	1656545	1657376	   0	-170	
 709	 713	  70	   1	 658	   2	   1	  32	   3	  21	  50	  70	  30	 572	1659262	1659920	   0	-160	
 710	 714	  50	   1	 422	   1	   1	  33	   3	  21	  50	  70	  30	 318	1661546	1661968	   0	-150	
 711	 715	  30	   2	 458	   3	   1	  33	   3	  22	  50	  70	  30	 525	1663814	1664272	   0	-160	
 712	 716	  50	   2	 423	   1	   1	   1	   3	  22	  50	  70	  30	 303	1665881	1666304	   0	-170	
