Version: 1	Number of symbols: 3	Pictures exchange: true	Response Deadline: 2000
Trial_No	Virt_Trial_No	Prob_Shown	Feedback	RT	Stimulus_No	Resp	SymbolA_Stage	SymbolB_Stage	SymbolC_Stage	Prob_A	Prob_B	Prob_C	Jitter	StimOnset	RespOnset	Symbol_Changes	Bonus_sum
   1	   1	  30	   2	1452	   1	   1	   1	   0	   0	  30	  70	  50	 670	1833	3285	   0	 -10	
   2	   2	  50	   2	1570	   3	   1	   1	   0	   1	  30	  70	  50	 674	5267	6837	   0	 -20	
   3	   3	  30	   4	 971	   1	   2	   2	   0	   1	  30	  70	  50	 455	8602	9573	   0	 -20	
NaN	   4	  50	NaN	NaN	   3	   3	   2	   0	   1	  30	  70	  50	 446	8602	NaN	   0	 -20	
   4	   5	  70	   3	1825	   2	   2	   2	   1	   1	  30	  70	  50	 587	15187	17012	   0	 -20	
   5	   6	  30	   2	 545	   1	   1	   3	   1	   1	  30	  70	  50	 445	18755	19300	   0	 -30	
   6	   7	  50	   1	 968	   3	   1	   3	   1	   2	  30	  70	  50	 369	20972	21940	   0	 -20	
   7	   8	  70	   1	1685	   2	   1	   3	   2	   2	  30	  70	  50	 590	23839	25524	   0	 -10	
   8	   9	  50	   2	1495	   3	   1	   3	   2	   3	  30	  70	  50	 518	27357	28852	   0	 -20	
   9	  10	  30	   3	 518	   1	   2	   4	   2	   3	  30	  70	  50	 407	30558	31076	   0	 -20	
  10	  11	  50	   4	 913	   3	   2	   4	   2	   4	  30	  70	  50	 672	33059	33972	   0	 -20	
  11	  12	  70	   1	 303	   2	   1	   4	   3	   4	  30	  70	  50	 602	35893	36196	   0	 -10	
  12	  13	  50	   3	 750	   3	   2	   4	   3	   5	  30	  70	  50	 406	37910	38660	   0	 -10	
  13	  14	  70	   2	 605	   2	   1	   4	   4	   5	  30	  70	  50	 341	40311	40916	   0	 -20	
  14	  15	  50	   2	 337	   3	   1	   4	   4	   6	  30	  70	  50	 368	42595	42932	   0	 -30	
  15	  16	  30	   1	 279	   1	   1	   5	   4	   6	  30	  70	  50	 614	44845	45124	   0	 -20	
  16	  17	  70	   4	 475	   2	   2	   5	   5	   6	  30	  70	  50	 312	46729	47204	   0	 -20	
  17	  18	  50	   3	 288	   3	   2	   5	   5	   7	  30	  70	  50	 467	48980	49268	   0	 -20	
  18	  19	  70	   3	 375	   2	   2	   5	   6	   7	  30	  70	  50	 596	51164	51539	   0	 -20	
  19	  20	  30	   4	 356	   1	   2	   6	   6	   7	  30	  70	  50	 383	53231	53587	   0	 -20	
  20	  21	  50	   1	 245	   3	   1	   6	   6	   8	  30	  70	  50	 682	55582	55827	   0	 -10	
  21	  22	  30	   2	 291	   1	   1	   7	   6	   8	  30	  70	  50	 475	57616	57907	   0	 -20	
  22	  23	  50	   4	 258	   3	   2	   7	   6	   9	  30	  70	  50	 427	59633	59891	   0	 -20	
  23	  24	  30	   4	 666	   1	   2	   8	   6	   9	  30	  70	  50	 615	61817	62483	   0	 -20	
  24	  25	  70	   1	 255	   2	   1	   8	   7	   9	  30	  70	  50	 676	64468	64723	   0	 -10	
  25	  26	  50	   1	 609	   3	   1	   8	   7	  10	  30	  70	  50	 395	66418	67027	   0	   0	
  26	  27	  30	   4	 470	   1	   2	   9	   7	  10	  30	  70	  50	 339	68669	69139	   0	   0	
  27	  28	  50	   3	 355	   3	   2	   9	   7	  11	  30	  70	  50	 679	71120	71475	   0	   0	
  28	  29	  70	   3	 345	   2	   2	   9	   8	  11	  30	  70	  50	 568	73354	73699	   0	   0	
  29	  30	  50	   4	 379	   3	   2	   9	   8	  12	  30	  70	  50	 681	75688	76067	   0	   0	
  30	  31	  70	   1	 293	   2	   1	   9	   9	  12	  30	  70	  50	 475	77838	78131	   0	  10	
  31	  32	  50	   3	 414	   3	   2	   9	   9	  13	  30	  70	  50	 535	79989	80403	   0	  10	
  32	  33	  30	   3	 508	   1	   2	  10	   9	  13	  30	  70	  50	 313	82023	82531	   0	  10	
  33	  34	  70	   2	 454	   2	   1	  10	  10	  13	  30	  70	  50	 334	84173	84627	   0	   0	
  34	  35	  30	   4	 280	   1	   2	  11	  10	  13	  30	  70	  50	 550	86491	86771	   0	   0	
  35	  36	  70	   1	 343	   2	   1	  11	  11	  13	  30	  70	  50	 437	88508	88851	   0	  10	
  36	  37	  50	   3	 459	   3	   2	  11	  11	  14	  30	  70	  50	 611	90759	91218	   0	  10	
  37	  38	  30	   3	 454	   1	   2	  12	  11	  14	  30	  70	  50	 363	92876	93330	   0	  10	
  38	  39	  70	   4	 410	   2	   2	  12	  12	  14	  30	  70	  50	 529	95160	95570	   0	  10	
  39	  40	  30	   4	 590	   1	   2	  13	  12	  14	  30	  70	  50	 583	97460	98050	   0	  10	
  40	  41	  50	   2	 319	   3	   1	  13	  12	  15	  30	  70	  50	 460	99811	100130	   0	   0	
  41	  42	  70	   1	 296	   2	   1	  13	  13	  15	  30	  70	  50	 518	101978	102274	   0	  10	
  42	  43	  30	   4	 289	   1	   2	  14	  13	  15	  30	  70	  50	 562	104129	104418	   0	  10	
  43	  44	  70	   3	 377	   2	   2	  14	  14	  15	  30	  70	  50	 585	106313	106690	   0	  10	
  44	  45	  50	   1	 921	   3	   1	  14	  14	  16	  30	  70	  50	 301	108297	109218	   0	  20	
  45	  46	  30	   4	 364	   1	   2	  15	  14	  16	  30	  70	  50	 465	110998	111362	   0	  20	
  46	  47	  70	   3	 386	   2	   2	  15	  15	  16	  30	  70	  50	 576	113248	113634	   0	  20	
  47	  48	  30	   3	 244	   1	   2	  16	  15	  16	  30	  70	  50	 637	115582	115826	   0	  20	
  48	  49	  70	   4	 319	   2	   2	  16	  16	  16	  30	  70	  50	 552	117683	118002	   0	  20	
  49	  50	  30	   2	 532	   1	   1	  17	  16	  16	  30	  70	  50	 623	119934	120466	   0	  10	
  50	  51	  70	   1	 405	   2	   1	  17	  17	  16	  30	  70	  50	 517	122301	122706	   0	  20	
  51	  52	  30	   2	 296	   1	   1	  18	  17	  16	  30	  70	  50	 585	124618	124914	   0	  10	
  52	  53	  70	   3	 407	   2	   2	  18	  18	  16	  30	  70	  50	 426	126635	127042	   0	  10	
  53	  54	  30	   1	 449	   1	   1	  19	  18	  16	  30	  70	  50	 383	128736	129185	   0	  20	
  54	  55	  70	   4	 380	   2	   2	  19	  19	  16	  30	  70	  50	 332	130837	131217	   0	  20	
  55	  56	  50	   4	 502	   3	   2	  19	  19	  17	  30	  70	  50	 440	132971	133473	   0	  20	
  56	  57	  30	   2	 398	   1	   1	  20	  19	  17	  30	  70	  50	 372	135155	135553	   0	  10	
  57	  58	  70	   1	 378	   2	   1	  20	  20	  17	  30	  70	  50	 389	137255	137633	   0	  20	
  58	  59	  50	   4	 437	   3	   2	  20	  20	  18	  30	  70	  50	 416	139356	139793	   0	  20	
  59	  60	  30	   4	 408	   1	   2	  21	  20	  18	  30	  70	  50	 575	141673	142081	   0	  20	
  60	  61	  50	   1	 314	   3	   1	  21	  20	  19	  30	  70	  50	 630	144007	144321	   0	  30	
  61	  62	  70	   3	 510	   2	   2	  21	  21	  19	  30	  70	  50	 642	146291	146801	   0	  30	
  62	  63	  50	   4	 347	   3	   2	  21	  21	  20	  30	  70	  50	 661	148758	149105	   0	  30	
  63	  64	  70	   4	 425	   2	   2	  21	  22	  20	  30	  70	  50	 382	150792	151217	   0	  30	
  64	  65	  50	   2	 319	   3	   1	  21	  22	  21	  30	  70	  50	 510	153026	153345	   0	  20	
  65	  66	  30	   1	 338	   1	   1	  22	  22	  21	  30	  70	  50	 666	155327	155665	   0	  30	
  66	  67	  70	   1	 897	   2	   1	  22	  23	  21	  30	  70	  50	 369	157344	158241	   0	  40	
  67	  68	  30	   4	 334	   1	   2	  23	  23	  21	  30	  70	  50	 655	160195	160529	   0	  40	
  68	  69	  50	   1	 594	   3	   1	  23	  23	  22	  30	  70	  50	 634	162479	163073	   0	  50	
  69	  70	  70	   3	 345	   2	   2	  23	  24	  22	  30	  70	  50	 321	164696	165041	   0	  50	
  70	  71	  50	   4	 374	   3	   2	  23	  24	  23	  30	  70	  50	 388	166730	167104	   0	  50	
  71	  72	  70	   3	 391	   2	   2	  23	  25	  23	  30	  70	  50	 651	169081	169472	   0	  50	
  72	  73	  50	   4	 650	   3	   2	  23	  25	  24	  30	  70	  50	 608	171382	172032	   0	  50	
  73	  74	  70	   2	 306	   2	   1	  23	  26	  24	  30	  70	  50	 623	173966	174272	   0	  40	
  74	  75	  50	   1	 433	   3	   1	  23	  26	  25	  30	  70	  50	 398	175983	176416	   0	  50	
  75	  76	  70	   1	 478	   2	   1	  23	  27	  25	  30	  70	  50	 302	178034	178512	   0	  60	
  76	  77	  50	   4	 393	   3	   2	  23	  27	  26	  30	  70	  50	 344	180151	180544	   0	  60	
  77	  78	  70	   3	 439	   2	   2	  23	  28	  26	  30	  70	  50	 349	182201	182640	   0	  60	
  78	  79	  50	   3	 386	   3	   2	  23	  28	  27	  30	  70	  50	 353	184302	184688	   0	  60	
  79	  80	  30	   4	 355	   1	   2	  24	  28	  27	  30	  70	  50	 665	186669	187024	   0	  60	
  80	  81	  70	   2	 345	   2	   1	  24	  29	  27	  30	  70	  50	 577	188903	189248	   0	  50	
  81	  82	  30	   2	 349	   1	   1	  25	  29	  27	  30	  70	  50	 617	191187	191536	   0	  40	
  82	  83	  50	   1	 317	   3	   1	  25	  29	  28	  30	  70	  50	 320	193171	193488	   0	  50	
  83	  84	  30	   1	 424	   1	   1	  26	  29	  28	  30	  70	  50	 476	195272	195696	   0	  60	
  84	  85	  70	   1	 482	   2	   1	  26	  30	  28	  30	  70	  50	 412	197406	197888	   0	  70	
  85	  86	  50	   4	 402	   3	   2	  26	  30	  29	  30	  70	  50	 599	199806	200208	   0	  70	
  86	  87	  70	   3	 527	   2	   2	  26	  31	  29	  30	  70	  50	 342	201857	202384	   0	  70	
  87	  88	  50	   3	 546	   3	   2	  26	  31	  30	  30	  70	  50	 471	204158	204704	   0	  70	
  88	  89	  30	   4	 288	   1	   2	  27	  31	  30	  30	  70	  50	 575	206575	206863	   0	  70	
  89	  90	  70	   4	 435	   2	   2	  27	  32	  30	  30	  70	  50	 325	208492	208927	   0	  70	
  90	  91	  30	   2	 131	   3	   1	  27	  32	   1	  30	  70	  30	 629	210876	211007	   3	  60	
  91	  92	  70	   1	 251	   2	   1	  27	  33	   1	  30	  70	  30	 317	212660	212911	   0	  70	
  92	  93	  30	   2	 426	   1	   1	  28	  33	   1	  30	  70	  30	 439	214661	215087	   0	  60	
  93	  94	  30	   3	 344	   3	   2	  28	  33	   2	  30	  70	  30	 304	216695	217039	   0	  60	
  94	  95	  30	   3	 406	   1	   2	  29	  33	   2	  30	  70	  30	 400	218745	219151	   0	  60	
  95	  96	  20	   4	 596	   2	   2	  29	   1	   2	  30	  20	  30	 692	221163	221759	   2	  60	
  96	  97	  30	   4	 404	   1	   2	  30	   1	   2	  30	  20	  30	 501	223563	223967	   0	  60	
  97	  98	  30	   2	 546	   3	   1	  30	   1	   3	  30	  20	  30	 327	225597	226143	   0	  50	
  98	  99	  30	   2	 341	   1	   1	  31	   1	   3	  30	  20	  30	 453	227898	228239	   0	  40	
  99	 100	  30	   2	 389	   3	   1	  31	   1	   4	  30	  20	  30	 349	229898	230287	   0	  30	
 100	 101	  20	   2	 311	   2	   1	  31	   2	   4	  30	  20	  30	 617	232216	232527	   0	  20	
 101	 102	  30	   1	 361	   1	   1	  32	   2	   4	  30	  20	  30	 301	234150	234511	   0	  30	
 102	 103	  20	   1	 396	   2	   1	  32	   3	   4	  30	  20	  30	 664	236467	236863	   0	  40	
 103	 104	  30	   4	 345	   3	   2	  32	   3	   5	  30	  20	  30	 365	238534	238879	   0	  40	
 104	 105	  20	   4	 478	   2	   2	  32	   4	   5	  30	  20	  30	 618	240801	241279	   0	  40	
 105	 106	  30	   1	 656	   3	   1	  32	   4	   6	  30	  20	  30	 531	243119	243775	   0	  50	
 106	 107	  20	   2	 670	   2	   1	  32	   5	   6	  30	  20	  30	 452	245536	246206	   0	  40	
 107	 108	  30	   4	 593	   3	   2	  32	   5	   7	  30	  20	  30	 321	247837	248430	   0	  40	
 108	 109	  20	   3	 352	   2	   2	  32	   6	   7	  30	  20	  30	 518	250254	250606	   0	  40	
NaN	 110	  30	NaN	NaN	   1	   3	  32	   6	   7	  30	  20	  30	 509	250254	NaN	   0	  40	
 109	 111	  30	   2	  84	   3	   1	  32	   6	   8	  30	  20	  30	 403	256106	256190	   0	  30	
 110	 112	  20	   4	 508	   2	   2	  32	   7	   8	  30	  20	  30	 414	257906	258414	   0	  30	
 111	 113	  30	   4	 376	   3	   2	  32	   7	   9	  30	  20	  30	 648	260390	260766	   0	  30	
 112	 114	  30	   2	 288	   1	   1	  33	   7	   9	  30	  20	  30	 505	262574	262862	   0	  20	
 113	 115	  30	   1	 244	   3	   1	  33	   7	  10	  30	  20	  30	 694	264858	265102	   0	  30	
 114	 116	  30	   2	 288	   1	   1	  34	   7	  10	  30	  20	  30	 535	266942	267230	   0	  20	
 115	 117	  30	   3	 413	   3	   2	  34	   7	  11	  30	  20	  30	 464	268993	269406	   0	  20	
 116	 118	  30	   2	 346	   1	   1	  35	   7	  11	  30	  20	  30	 356	271060	271406	   0	  10	
 117	 119	  30	   2	 421	   3	   1	  35	   7	  12	  30	  20	  30	 466	273177	273598	   0	   0	
 118	 120	  20	   2	 409	   2	   1	  35	   8	  12	  30	  20	  30	 532	275445	275854	   0	 -10	
 119	 121	  80	   3	 806	   1	   2	   1	   8	  12	  80	  20	  30	 344	277512	278318	   1	 -10	
 120	 122	  30	   2	 283	   3	   1	   1	   8	  13	  80	  20	  30	 534	280163	280446	   0	 -20	
 121	 123	  80	   3	 270	   1	   2	   2	   8	  13	  80	  20	  30	 690	282463	282733	   0	 -20	
 122	 124	  30	   4	 458	   3	   2	   2	   8	  14	  80	  20	  30	 491	284531	284989	   0	 -20	
 123	 125	  80	   2	 632	   1	   1	   3	   8	  14	  80	  20	  30	 672	286965	287597	   0	 -30	
 124	 126	  30	   1	 284	   3	   1	   3	   8	  15	  80	  20	  30	 347	289249	289533	   0	 -20	
 125	 127	  80	   3	 481	   1	   2	   4	   8	  15	  80	  20	  30	 676	291516	291997	   0	 -20	
 126	 128	  30	   4	 351	   3	   2	   4	   8	  16	  80	  20	  30	 642	293950	294301	   0	 -20	
 127	 129	  20	   4	 309	   2	   2	   4	   9	  16	  80	  20	  30	 573	296184	296493	   0	 -20	
 128	 130	  80	   3	 386	   1	   2	   5	   9	  16	  80	  20	  30	 434	298235	298621	   0	 -20	
 129	 131	  30	   2	 282	   3	   1	   5	   9	  17	  80	  20	  30	 506	300435	300717	   0	 -30	
 130	 132	  80	   2	 628	   1	   1	   6	   9	  17	  80	  20	  30	 542	302569	303197	   0	 -40	
 131	 133	  30	   2	 518	   3	   1	   6	   9	  18	  80	  20	  30	 397	304903	305421	   0	 -50	
 132	 134	  80	   3	 456	   1	   2	   7	   9	  18	  80	  20	  30	 507	307237	307693	   0	 -50	
 133	 135	  20	   2	 561	   2	   1	   7	  10	  18	  80	  20	  30	 400	309404	309965	   0	 -60	
 134	 136	  80	   1	 454	   1	   1	   8	  10	  18	  80	  20	  30	 390	311655	312109	   0	 -50	
 135	 137	  20	   3	 315	   2	   2	   8	  11	  18	  80	  20	  30	 491	313906	314221	   0	 -50	
 136	 138	  80	   3	 549	   1	   2	   9	  11	  18	  80	  20	  30	 500	316040	316589	   0	 -50	
 137	 139	  20	   4	 365	   2	   2	   9	  12	  18	  80	  20	  30	 323	318224	318589	   0	 -50	
 138	 140	  30	   3	 334	   3	   2	   9	  12	  19	  80	  20	  30	 649	320558	320892	   0	 -50	
 139	 141	  80	   3	 733	   1	   2	  10	  12	  19	  80	  20	  30	 371	322575	323308	   0	 -50	
 140	 142	  30	   4	 314	   3	   2	  10	  12	  20	  80	  20	  30	 399	325026	325340	   0	 -50	
 141	 143	  20	   2	 354	   2	   1	  10	  13	  20	  80	  20	  30	 549	327226	327580	   0	 -60	
 142	 144	  80	   2	 488	   1	   1	  11	  13	  20	  80	  20	  30	 557	329444	329932	   0	 -70	
 143	 145	  30	   1	 611	   3	   1	  11	  13	  21	  80	  20	  30	 337	331577	332188	   0	 -60	
 144	 146	  20	   2	 676	   2	   1	  11	  14	  21	  80	  20	  30	 431	333928	334604	   0	 -70	
 145	 147	  30	   2	 360	   3	   1	  11	  14	  22	  80	  20	  30	 685	336596	336956	   0	 -80	
 146	 148	  20	   2	 302	   2	   1	  11	  15	  22	  80	  20	  30	 588	338846	339148	   0	 -90	
 147	 149	  80	   1	 339	   1	   1	  12	  15	  22	  80	  20	  30	 646	341097	341436	   0	 -80	
 148	 150	  20	   2	 328	   2	   1	  12	  16	  22	  80	  20	  30	 611	343348	343676	   0	 -90	
 149	 151	  80	   3	 487	   1	   2	  13	  16	  22	  80	  20	  30	 414	345381	345868	   0	 -90	
 150	 152	  20	   2	 339	   2	   1	  13	  17	  22	  80	  20	  30	 683	347865	348204	   0	-100	
 151	 153	  30	   2	 461	   3	   1	  13	  17	  23	  80	  20	  30	 475	349999	350460	   0	-110	
 152	 154	  20	   3	 396	   2	   2	  13	  18	  23	  80	  20	  30	 635	352400	352796	   0	-110	
 153	 155	  80	   3	 626	   1	   2	  14	  18	  23	  80	  20	  30	 534	354634	355260	   0	-110	
 154	 156	  30	   4	 579	   3	   2	  14	  18	  24	  80	  20	  30	 427	356985	357564	   0	-110	
 155	 157	  80	   3	 681	   1	   2	  15	  18	  24	  80	  20	  30	 337	359202	359883	   0	-110	
 156	 158	  20	   2	 231	   2	   1	  15	  19	  24	  80	  20	  30	 441	361636	361867	   0	-120	
 157	 159	  30	   2	 342	   3	   1	  15	  19	  25	  80	  20	  30	 462	363637	363979	   0	-130	
 158	 160	  80	   3	 362	   1	   2	  16	  19	  25	  80	  20	  30	 652	365937	366299	   0	-130	
 159	 161	  20	   2	 410	   2	   1	  16	  20	  25	  80	  20	  30	 317	367921	368331	   0	-140	
 160	 162	  30	   2	 597	   3	   1	  16	  20	  26	  80	  20	  30	 388	370022	370619	   0	-150	
 161	 163	  80	   1	 402	   1	   1	  17	  20	  26	  80	  20	  30	 542	372489	372891	   0	-140	
 162	 164	  30	   3	 448	   3	   2	  17	  20	  27	  80	  20	  30	 700	374907	375355	   0	-140	
 163	 165	  20	   4	 279	   2	   2	  17	  21	  27	  80	  20	  30	 452	377124	377403	   0	-140	
 164	 166	  30	   4	 246	   3	   2	  17	  21	  28	  80	  20	  30	 433	379141	379387	   0	-140	
 165	 167	  80	   2	 336	   1	   1	  18	  21	  28	  80	  20	  30	 582	381275	381611	   0	-150	
 166	 168	  30	   2	 298	   3	   1	  18	  21	  29	  80	  20	  30	 486	383409	383707	   0	-160	
 167	 169	  20	   2	 351	   2	   1	  18	  22	  29	  80	  20	  30	 659	385676	386027	   0	-170	
 168	 170	  30	   1	 328	   3	   1	  18	  22	  30	  80	  20	  30	 483	387827	388155	   0	-160	
 169	 171	  80	   1	 460	   1	   1	  19	  22	  30	  80	  20	  30	 658	390111	390571	   0	-150	
 170	 172	  30	   4	 424	   3	   2	  19	  22	  31	  80	  20	  30	 329	392195	392619	   0	-150	
 171	 173	  20	   3	 421	   2	   2	  19	  23	  31	  80	  20	  30	 316	394262	394683	   0	-150	
 172	 174	  80	   3	 312	   1	   2	  20	  23	  31	  80	  20	  30	 583	396579	396891	   0	-150	
 173	 175	  30	   4	 346	   3	   2	  20	  23	  32	  80	  20	  30	 693	398880	399226	   0	-150	
 174	 176	  80	   3	 337	   1	   2	  21	  23	  32	  80	  20	  30	 555	401081	401418	   0	-150	
 175	 177	  30	   4	 654	   3	   2	  21	  23	  33	  80	  20	  30	 416	403148	403802	   0	-150	
 176	 178	  80	   3	 510	   1	   2	  22	  23	  33	  80	  20	  30	 430	405532	406042	   0	-150	
 177	 179	  30	   3	 496	   3	   2	  22	  23	  34	  80	  20	  30	 530	407866	408362	   0	-150	
 178	 180	  20	   4	 427	   2	   2	  22	  24	  34	  80	  20	  30	 303	409967	410394	   0	-150	
 179	 181	  30	   4	 488	   3	   2	  22	  24	  35	  80	  20	  30	 331	412034	412522	   0	-150	
 180	 182	  20	   1	 292	   2	   1	  22	  25	  35	  80	  20	  30	 693	414518	414810	   0	-140	
 181	 183	  80	   2	 327	   1	   1	  23	  25	  35	  80	  20	  30	 691	416819	417146	   0	-150	
 182	 184	  70	   3	 426	   3	   2	  23	  25	   1	  80	  20	  70	 664	419136	419562	   3	-150	
 183	 185	  20	   4	 339	   2	   2	  23	  26	   1	  80	  20	  70	 438	421303	421642	   0	-150	
 184	 186	  70	   2	 572	   3	   1	  23	  26	   2	  80	  20	  70	 514	423454	424026	   0	-160	
 185	 187	  20	   2	 313	   2	   1	  23	  27	   2	  80	  20	  70	 592	425921	426234	   0	-170	
 186	 188	  70	   1	 348	   3	   1	  23	  27	   3	  80	  20	  70	 689	428222	428570	   0	-160	
 187	 189	  20	   2	 465	   2	   1	  23	  28	   3	  80	  20	  70	 607	430489	430954	   0	-170	
 188	 190	  80	   3	 393	   1	   2	  24	  28	   3	  80	  20	  70	 400	432673	433066	   0	-170	
 189	 191	  70	   2	 500	   3	   1	  24	  28	   4	  80	  20	  70	 398	434774	435274	   0	-180	
 190	 192	  80	   2	 274	   1	   1	  25	  28	   4	  80	  20	  70	 607	437191	437465	   0	-190	
 191	 193	  20	   2	 252	   2	   1	  25	  29	   4	  80	  20	  70	 542	439325	439577	   0	-200	
 192	 194	  70	   1	 360	   3	   1	  25	  29	   5	  80	  20	  70	 526	441409	441769	   0	-190	
 193	 195	  20	   2	 401	   2	   1	  25	  30	   5	  80	  20	  70	 482	443560	443961	   0	-200	
 194	 196	  70	   1	 443	   3	   1	  25	  30	   6	  80	  20	  70	 425	445694	446137	   0	-190	
 195	 197	  80	   1	 776	   1	   1	  26	  30	   6	  80	  20	  70	 338	447777	448553	   0	-180	
 196	 198	  50	   3	 363	   2	   2	  26	   1	   6	  80	  50	  70	 582	450462	450825	   2	-180	
 197	 199	  70	   3	 568	   3	   2	  26	   1	   7	  80	  50	  70	 392	452529	453097	   0	-180	
 198	 200	  50	   2	 264	   2	   1	  26	   2	   7	  80	  50	  70	 503	454913	455177	   0	-190	
 199	 201	  80	   1	 236	   1	   1	  27	   2	   7	  80	  50	  70	 304	456797	457033	   0	-180	
 200	 202	  70	   4	 333	   3	   2	  27	   2	   8	  80	  50	  70	 423	458764	459097	   0	-180	
 201	 203	  50	   1	 303	   2	   1	  27	   3	   8	  80	  50	  70	 668	461098	461401	   0	-170	
 202	 204	  70	   3	 305	   3	   2	  27	   3	   9	  80	  50	  70	 336	463048	463353	   0	-170	
 203	 205	  50	   4	 287	   2	   2	  27	   4	   9	  80	  50	  70	 428	465082	465369	   0	-170	
 204	 206	  70	   3	 417	   3	   2	  27	   4	  10	  80	  50	  70	 339	467016	467433	   0	-170	
 205	 207	  50	   2	 303	   2	   1	  27	   5	  10	  80	  50	  70	 687	469434	469737	   0	-180	
 206	 208	  80	   1	 297	   1	   1	  28	   5	  10	  80	  50	  70	 519	471568	471865	   0	-170	
 207	 209	  50	   1	 347	   2	   1	  28	   6	  10	  80	  50	  70	 332	473518	473865	   0	-160	
 208	 210	  80	   3	 336	   1	   2	  29	   6	  10	  80	  50	  70	 587	475752	476088	   0	-160	
 209	 211	  70	   4	 331	   3	   2	  29	   6	  11	  80	  50	  70	 473	477869	478200	   0	-160	
 210	 212	  50	   3	 376	   2	   2	  29	   7	  11	  80	  50	  70	 412	479920	480296	   0	-160	
 211	 213	  80	   3	 303	   1	   2	  30	   7	  11	  80	  50	  70	 524	482137	482440	   0	-160	
 212	 214	  70	   2	 471	   3	   1	  30	   7	  12	  80	  50	  70	 573	484321	484792	   0	-170	
 213	 215	  80	   1	 342	   1	   1	  31	   7	  12	  80	  50	  70	 625	486722	487064	   0	-160	
 214	 216	  70	   1	 313	   3	   1	  31	   7	  13	  80	  50	  70	 670	489039	489352	   0	-150	
 215	 217	  50	   2	 391	   2	   1	  31	   8	  13	  80	  50	  70	 429	491073	491464	   0	-160	
 216	 218	  80	   3	 346	   1	   2	  32	   8	  13	  80	  50	  70	 612	493374	493720	   0	-160	
 217	 219	  50	   2	 370	   2	   1	  32	   9	  13	  80	  50	  70	 557	495574	495944	   0	-170	
 218	 220	  80	   3	 378	   1	   2	  33	   9	  13	  80	  50	  70	 488	497742	498120	   0	-170	
 219	 221	  70	   1	 470	   3	   1	  33	   9	  14	  80	  50	  70	 405	499826	500296	   0	-160	
 220	 222	  50	   3	 635	   2	   2	  33	  10	  14	  80	  50	  70	 493	502093	502728	   0	-160	
 221	 223	  70	   1	 420	   3	   1	  33	  10	  15	  80	  50	  70	 595	504644	505064	   0	-150	
 222	 224	  20	   2	 524	   1	   1	   1	  10	  15	  20	  50	  70	 432	506828	507352	   1	-160	
 223	 225	  50	   4	 404	   2	   2	   1	  11	  15	  20	  50	  70	 349	509012	509416	   0	-160	
 224	 226	  70	   1	 495	   3	   1	   1	  11	  16	  20	  50	  70	 402	511129	511624	   0	-150	
 225	 227	  20	   4	 442	   1	   2	   2	  11	  16	  20	  50	  70	 695	513613	514055	   0	-150	
 226	 228	  70	   2	 312	   3	   1	   2	  11	  17	  20	  50	  70	 693	516047	516359	   0	-160	
 227	 229	  20	   4	 446	   1	   2	   3	  11	  17	  20	  50	  70	 622	518281	518727	   0	-160	
 228	 230	  50	   3	 362	   2	   2	   3	  12	  17	  20	  50	  70	 342	520365	520727	   0	-160	
 229	 231	  70	   1	 400	   3	   1	   3	  12	  18	  20	  50	  70	 580	522599	522999	   0	-150	
 230	 232	  50	   2	 400	   2	   1	   3	  13	  18	  20	  50	  70	 669	524983	525383	   0	-160	
 231	 233	  70	   3	 610	   3	   2	   3	  13	  19	  20	  50	  70	 610	527317	527927	   0	-160	
 232	 234	  20	   3	 354	   1	   2	   4	  13	  19	  20	  50	  70	 479	529701	530055	   0	-160	
 233	 235	  70	   3	 245	   3	   2	   4	  13	  20	  20	  50	  70	 649	532018	532263	   0	-160	
 234	 236	  20	   4	 429	   1	   2	   5	  13	  20	  20	  50	  70	 644	534202	534631	   0	-160	
 235	 237	  50	   4	 353	   2	   2	   5	  14	  20	  20	  50	  70	 554	536486	536839	   0	-160	
 236	 238	  70	   2	 529	   3	   1	   5	  14	  21	  20	  50	  70	 320	538470	538999	   0	-170	
 237	 239	  50	   3	 336	   2	   2	   5	  15	  21	  20	  50	  70	 565	540871	541207	   0	-170	
 238	 240	  70	   3	 442	   3	   2	   5	  15	  22	  20	  50	  70	 483	543005	543447	   0	-170	
 239	 241	  50	   3	 333	   2	   2	   5	  16	  22	  20	  50	  70	 576	545322	545655	   0	-170	
 240	 242	  20	   4	 519	   1	   2	   6	  16	  22	  20	  50	  70	 489	547456	547975	   0	-170	
 241	 243	  50	   2	 375	   2	   1	   6	  17	  22	  20	  50	  70	 547	549840	550215	   0	-180	
 242	 244	  20	   1	 329	   1	   1	   7	  17	  22	  20	  50	  70	 631	552157	552486	   0	-170	
 243	 245	  70	   1	 313	   3	   1	   7	  17	  23	  20	  50	  70	 353	554141	554454	   0	-160	
 244	 246	  50	   3	 378	   2	   2	   7	  18	  23	  20	  50	  70	 333	556092	556470	   0	-160	
 245	 247	  20	   4	 362	   1	   2	   8	  18	  23	  20	  50	  70	 325	558092	558454	   0	-160	
 246	 248	  50	   4	 321	   2	   2	   8	  19	  23	  20	  50	  70	 542	560293	560614	   0	-160	
 247	 249	  70	   3	  22	   3	   2	   8	  19	  24	  20	  50	  70	 632	562560	562582	   0	-160	
 248	 250	  20	   2	  23	   1	   1	   9	  19	  24	  20	  50	  70	 628	564511	564534	   0	-170	
 249	 251	  70	   1	 296	   3	   1	   9	  19	  25	  20	  50	  70	 645	566478	566774	   0	-160	
 250	 252	  50	   1	 433	   2	   1	   9	  20	  25	  20	  50	  70	 553	568629	569062	   0	-150	
 251	 253	  20	   2	 601	   1	   1	  10	  20	  25	  20	  50	  70	 402	570813	571414	   0	-160	
 252	 254	  70	   2	 314	   3	   1	  10	  20	  26	  20	  50	  70	 464	573180	573494	   0	-170	
 253	 255	  50	   3	 329	   2	   2	  10	  21	  26	  20	  50	  70	 396	575197	575526	   0	-170	
 254	 256	  70	   1	 303	   3	   1	  10	  21	  27	  20	  50	  70	 592	577415	577718	   0	-160	
 255	 257	  50	   2	 286	   2	   1	  10	  22	  27	  20	  50	  70	 402	579432	579718	   0	-170	
 256	 258	  70	   3	 342	   3	   2	  10	  22	  28	  20	  50	  70	 591	581616	581958	   0	-170	
 257	 259	  50	   2	 344	   2	   1	  10	  23	  28	  20	  50	  70	 310	583566	583910	   0	-180	
 258	 260	  70	   2	 250	   3	   1	  10	  23	  29	  20	  50	  70	 689	585900	586150	   0	-190	
 259	 261	  20	   2	 318	   1	   1	  11	  23	  29	  20	  50	  70	 316	587784	588102	   0	-200	
 260	 262	  70	   1	 331	   3	   1	  11	  23	  30	  20	  50	  70	 405	589818	590149	   0	-190	
 261	 263	  50	   2	 265	   2	   1	  11	  24	  30	  20	  50	  70	 380	591852	592117	   0	-200	
 262	 264	  20	   2	 285	   1	   1	  12	  24	  30	  20	  50	  70	 307	593736	594021	   0	-210	
 263	 265	  50	   2	 768	   3	   1	  12	  24	   1	  20	  50	  50	 688	596053	596821	   3	-220	
 264	 266	  50	   3	 535	   2	   2	  12	  25	   1	  20	  50	  50	 528	598654	599189	   0	-220	
 265	 267	  50	   2	 872	   3	   1	  12	  25	   2	  20	  50	  50	 505	601005	601877	   0	-230	
 266	 268	  50	   1	 484	   2	   1	  12	  26	   2	  20	  50	  50	 308	603489	603973	   0	-220	
 267	 269	  20	   2	 332	   1	   1	  13	  26	   2	  20	  50	  50	 394	605673	606005	   0	-230	
 268	 270	  50	   2	 293	   2	   1	  13	  27	   2	  20	  50	  50	 528	607840	608133	   0	-240	
 269	 271	  50	   1	 403	   3	   1	  13	  27	   3	  20	  50	  50	 439	609874	610277	   0	-230	
 270	 272	  50	   1	 273	   2	   1	  13	  28	   3	  20	  50	  50	 333	611924	612197	   0	-220	
 271	 273	  50	   2	 339	   3	   1	  13	  28	   4	  20	  50	  50	 324	613842	614181	   0	-230	
 272	 274	  50	   4	 377	   2	   2	  13	  29	   4	  20	  50	  50	 601	616092	616469	   0	-230	
 273	 275	  20	   3	 323	   1	   2	  14	  29	   4	  20	  50	  50	 449	618226	618549	   0	-230	
 274	 276	  50	   1	 287	   3	   1	  14	  29	   5	  20	  50	  50	 450	620310	620597	   0	-220	
 275	 277	  50	   3	 344	   2	   2	  14	  30	   5	  20	  50	  50	 574	622477	622821	   0	-220	
 276	 278	  20	   2	 461	   1	   1	  15	  30	   5	  20	  50	  50	 604	624728	625189	   0	-230	
 277	 279	  50	   3	 679	   3	   2	  15	  30	   6	  20	  50	  50	 375	626862	627541	   0	-230	
 278	 280	  20	   3	 382	   1	   2	  16	  30	   6	  20	  50	  50	 609	629446	629828	   0	-230	
 279	 281	  50	   4	 348	   3	   2	  16	  30	   7	  20	  50	  50	 341	631480	631828	   0	-230	
 280	 282	  20	   2	 249	   1	   1	  17	  30	   7	  20	  50	  50	 403	633547	633796	   0	-240	
 281	 283	  50	   2	 379	   3	   1	  17	  30	   8	  20	  50	  50	 350	635481	635860	   0	-250	
 282	 284	  50	   1	 903	   2	   1	  17	  31	   8	  20	  50	  50	 404	637565	638468	   0	-240	
 283	 285	  20	   2	 488	   1	   1	  18	  31	   8	  20	  50	  50	 545	640316	640804	   0	-250	
 284	 286	  50	   2	 568	   2	   1	  18	  32	   8	  20	  50	  50	 589	642700	643268	   0	-260	
 285	 287	  20	   4	 301	   1	   2	  19	  32	   8	  20	  50	  50	 381	644967	645268	   0	-260	
 286	 288	  50	   3	 679	   3	   2	  19	  32	   9	  20	  50	  50	 528	647101	647780	   0	-260	
 287	 289	  20	   4	 303	   1	   2	  20	  32	   9	  20	  50	  50	 589	649669	649972	   0	-260	
 288	 290	  50	   1	 394	   3	   1	  20	  32	  10	  20	  50	  50	 509	651786	652180	   0	-250	
 289	 291	  50	   1	1537	   2	   1	  20	  33	  10	  20	  50	  50	 529	654003	655540	   0	-240	
 290	 292	  50	   3	 363	   3	   2	  20	  33	  11	  20	  50	  50	 466	657321	657684	   0	-240	
 291	 293	  20	   4	 409	   2	   2	  20	   1	  11	  20	  20	  50	 344	659371	659780	   2	-240	
 292	 294	  50	   3	 251	   3	   2	  20	   1	  12	  20	  20	  50	 625	661705	661956	   0	-240	
 293	 295	  20	   2	 303	   1	   1	  21	   1	  12	  20	  20	  50	 308	663573	663876	   0	-250	
 294	 296	  20	   2	 327	   2	   1	  21	   2	  12	  20	  20	  50	 566	665757	666084	   0	-260	
 295	 297	  20	   1	 311	   1	   1	  22	   2	  12	  20	  20	  50	 339	667724	668035	   0	-250	
 296	 298	  20	   2	 243	   2	   1	  22	   3	  12	  20	  20	  50	 465	669808	670051	   0	-260	
 297	 299	  20	   2	 222	   1	   1	  23	   3	  12	  20	  20	  50	 577	671925	672147	   0	-270	
 298	 300	  20	   2	 277	   2	   1	  23	   4	  12	  20	  20	  50	 690	674142	674419	   0	-280	
 299	 301	  50	   2	 256	   3	   1	  23	   4	  13	  20	  20	  50	 519	676243	676499	   0	-290	
 300	 302	  20	   1	 232	   2	   1	  23	   5	  13	  20	  20	  50	 626	678427	678659	   0	-280	
 301	 303	  50	   1	 342	   3	   1	  23	   5	  14	  20	  20	  50	 476	680461	680803	   0	-270	
 302	 304	  20	   2	 338	   2	   1	  23	   6	  14	  20	  20	  50	 437	682545	682883	   0	-280	
 303	 305	  20	   2	 356	   1	   1	  24	   6	  14	  20	  20	  50	 300	684495	684851	   0	-290	
 304	 306	  50	   3	 256	   3	   2	  24	   6	  15	  20	  20	  50	 429	686579	686835	   0	-290	
 305	 307	  20	   4	 436	   1	   2	  25	   6	  15	  20	  20	  50	 329	688463	688899	   0	-290	
 306	 308	  50	   4	 256	   3	   2	  25	   6	  16	  20	  20	  50	 347	690547	690803	   0	-290	
 307	 309	  20	   4	 409	   1	   2	  26	   6	  16	  20	  20	  50	 599	692714	693123	   0	-290	
 308	 310	  50	   2	 264	   3	   1	  26	   6	  17	  20	  20	  50	 693	695115	695379	   0	-300	
 309	 311	  20	   2	 405	   1	   1	  27	   6	  17	  20	  20	  50	 497	697182	697587	   0	-310	
 310	 312	  50	   1	 334	   3	   1	  27	   6	  18	  20	  20	  50	 460	699349	699683	   0	-300	
 311	 313	  20	   2	 432	   2	   1	  27	   7	  18	  20	  20	  50	 664	701667	702099	   0	-310	
 312	 314	  50	   2	 310	   3	   1	  27	   7	  19	  20	  20	  50	 511	703917	704227	   0	-320	
 313	 315	  20	   2	 459	   2	   1	  27	   8	  19	  20	  20	  50	 607	706135	706594	   0	-330	
 314	 316	  20	   3	 293	   1	   2	  28	   8	  19	  20	  20	  50	 385	708285	708578	   0	-330	
 315	 317	  20	   3	 301	   2	   2	  28	   9	  19	  20	  20	  50	 569	710453	710754	   0	-330	
 316	 318	  50	   2	 310	   3	   1	  28	   9	  20	  20	  20	  50	 563	712620	712930	   0	-340	
 317	 319	  20	   4	 559	   2	   2	  28	  10	  20	  20	  20	  50	 546	714771	715330	   0	-340	
 318	 320	  20	   4	 280	   1	   2	  29	  10	  20	  20	  20	  50	 309	716938	717218	   0	-340	
 319	 321	  50	   2	 336	   3	   1	  29	  10	  21	  20	  20	  50	 607	719138	719474	   0	-350	
 320	 322	  20	   2	 244	   1	   1	  30	  10	  21	  20	  20	  50	 643	721422	721666	   0	-360	
 321	 323	  50	   1	 288	   3	   1	  30	  10	  22	  20	  20	  50	 519	723506	723794	   0	-350	
 322	 324	  20	   2	 467	   1	   1	  31	  10	  22	  20	  20	  50	 302	725407	725874	   0	-360	
 323	 325	  20	   4	 446	   2	   2	  31	  11	  22	  20	  20	  50	 326	727508	727954	   0	-360	
 324	 326	  20	   4	 295	   1	   2	  32	  11	  22	  20	  20	  50	 416	729675	729970	   0	-360	
 325	 327	  50	   2	 269	   3	   1	  32	  11	  23	  20	  20	  50	 634	731909	732178	   0	-370	
 326	 328	  20	   2	 280	   2	   1	  32	  12	  23	  20	  20	  50	 535	734026	734306	   0	-380	
 327	 329	  50	   1	 284	   3	   1	  32	  12	  24	  20	  20	  50	 309	735910	736194	   0	-370	
 328	 330	  20	   2	 274	   2	   1	  32	  13	  24	  20	  20	  50	 645	738144	738418	   0	-380	
 329	 331	  20	   3	 540	   1	   2	  33	  13	  24	  20	  20	  50	 549	740278	740818	   0	-380	
 330	 332	  20	   2	 257	   2	   1	  33	  14	  24	  20	  20	  50	 395	742512	742769	   0	-390	
 331	 333	  50	   1	 216	   3	   1	  33	  14	  25	  20	  20	  50	 632	744729	744945	   0	-380	
 332	 334	  20	   4	 684	   1	   2	  34	  14	  25	  20	  20	  50	 350	746613	747297	   0	-380	
 333	 335	  20	   4	 314	   2	   2	  34	  15	  25	  20	  20	  50	 441	749047	749361	   0	-380	
 334	 336	  50	   2	 222	   3	   1	  34	  15	  26	  20	  20	  50	 653	751331	751553	   0	-390	
 335	 337	  20	   2	 265	   1	   1	  35	  15	  26	  20	  20	  50	 579	753432	753697	   0	-400	
 336	 338	  20	   2	 339	   2	   1	  35	  16	  26	  20	  20	  50	 566	755582	755921	   0	-410	
 337	 339	  80	   1	 507	   1	   1	   1	  16	  26	  80	  20	  50	 498	757750	758257	   1	-400	
 338	 340	  20	   2	 251	   2	   1	   1	  17	  26	  80	  20	  50	 572	760134	760385	   0	-410	
 339	 341	  80	   1	 380	   1	   1	   2	  17	  26	  80	  20	  50	 407	762101	762481	   0	-400	
 340	 342	  50	   3	 430	   3	   2	   2	  17	  27	  80	  20	  50	 645	764435	764865	   0	-400	
 341	 343	  80	   1	 430	   1	   1	   3	  17	  27	  80	  20	  50	 660	766835	767265	   0	-390	
 342	 344	  20	   3	 519	   2	   2	   3	  18	  27	  80	  20	  50	 424	768986	769505	   0	-390	
 343	 345	  50	   3	 477	   3	   2	   3	  18	  28	  80	  20	  50	 412	771220	771697	   0	-390	
 344	 346	  20	   3	 424	   2	   2	   3	  19	  28	  80	  20	  50	 316	773321	773745	   0	-390	
 345	 347	  80	   3	 289	   1	   2	   4	  19	  28	  80	  20	  50	 438	775488	775777	   0	-390	
 346	 348	  20	   4	 504	   2	   2	   4	  20	  28	  80	  20	  50	 612	777689	778193	   0	-390	
 347	 349	  50	   4	 886	   3	   2	   4	  20	  29	  80	  20	  50	 638	780139	781025	   0	-390	
 348	 350	  80	   4	 499	   1	   2	   5	  20	  29	  80	  20	  50	 616	782957	783456	   0	-390	
 349	 351	  50	   4	 333	   3	   2	   5	  20	  30	  80	  20	  50	 323	785091	785424	   0	-390	
 350	 352	  80	   1	 299	   1	   1	   6	  20	  30	  80	  20	  50	 395	787125	787424	   0	-380	
 351	 353	  50	   2	 309	   3	   1	   6	  20	  31	  80	  20	  50	 507	789259	789568	   0	-390	
 352	 354	  80	   1	 233	   1	   1	   7	  20	  31	  80	  20	  50	 683	791559	791792	   0	-380	
 353	 355	  20	   1	 519	   2	   1	   7	  21	  31	  80	  20	  50	 484	793593	794112	   0	-370	
 354	 356	  80	   3	 438	   1	   2	   8	  21	  31	  80	  20	  50	 571	795994	796432	   0	-370	
 355	 357	  50	   4	 319	   3	   2	   8	  21	  32	  80	  20	  50	 427	798161	798480	   0	-370	
 356	 358	  20	   4	 330	   2	   2	   8	  22	  32	  80	  20	  50	 476	800262	800592	   0	-370	
 357	 359	  50	   3	 237	   3	   2	   8	  22	  33	  80	  20	  50	 676	802579	802816	   0	-370	
 358	 360	  20	   2	 230	   2	   1	   8	  23	  33	  80	  20	  50	 628	804746	804976	   0	-380	
 359	 361	  80	   2	 239	   1	   1	   9	  23	  33	  80	  20	  50	 625	806897	807136	   0	-390	
 360	 362	  20	   2	 345	   2	   1	   9	  24	  33	  80	  20	  50	 581	809031	809376	   0	-400	
 361	 363	  70	   1	 304	   3	   1	   9	  24	   1	  80	  20	  70	 524	811248	811552	   3	-390	
 362	 364	  80	   3	 883	   1	   2	  10	  24	   1	  80	  20	  70	 685	813549	814432	   0	-390	
 363	 365	  70	   2	 277	   3	   1	  10	  24	   2	  80	  20	  70	 541	816283	816560	   0	-400	
 364	 366	  20	   4	 653	   2	   2	  10	  25	   2	  80	  20	  70	 610	818467	819120	   0	-400	
 365	 367	  70	   2	1029	   3	   1	  10	  25	   3	  80	  20	  70	 591	821018	822047	   0	-410	
 366	 368	  20	   2	 419	   2	   1	  10	  26	   3	  80	  20	  70	 505	823852	824271	   0	-420	
 367	 369	  80	   1	 300	   1	   1	  11	  26	   3	  80	  20	  70	 434	826019	826319	   0	-410	
 368	 370	  70	   3	 288	   3	   2	  11	  26	   4	  80	  20	  70	 679	828303	828591	   0	-410	
 369	 371	  20	   3	 353	   2	   2	  11	  27	   4	  80	  20	  70	 356	830254	830607	   0	-410	
 370	 372	  70	   3	 399	   3	   2	  11	  27	   5	  80	  20	  70	 387	832304	832703	   0	-410	
 371	 373	  80	   1	 213	   1	   1	  12	  27	   5	  80	  20	  70	 470	834522	834735	   0	-400	
 372	 374	  70	   3	 648	   3	   2	  12	  27	   6	  80	  20	  70	 391	836439	837087	   0	-400	
 373	 375	  80	   3	 276	   1	   2	  13	  27	   6	  80	  20	  70	 525	838923	839199	   0	-400	
 374	 376	  70	   4	 272	   3	   2	  13	  27	   7	  80	  20	  70	 505	841007	841279	   0	-400	
 375	 377	  20	   2	 337	   2	   1	  13	  28	   7	  80	  20	  70	 382	842974	843311	   0	-410	
 376	 378	  80	   3	 630	   1	   2	  14	  28	   7	  80	  20	  70	 601	845225	845855	   0	-410	
 377	 379	  70	   1	 248	   3	   1	  14	  28	   8	  80	  20	  70	 419	847575	847823	   0	-400	
 378	 380	  80	   1	 491	   1	   1	  15	  28	   8	  80	  20	  70	 350	849492	849983	   0	-390	
 379	 381	  70	   1	 401	   3	   1	  15	  28	   9	  80	  20	  70	 446	851726	852127	   0	-380	
 380	 382	  80	   1	 611	   1	   1	  16	  28	   9	  80	  20	  70	 605	854044	854655	   0	-370	
 381	 383	  20	   2	 394	   2	   1	  16	  29	   9	  80	  20	  70	 666	856645	857039	   0	-380	
 382	 384	  80	   3	 345	   1	   2	  17	  29	   9	  80	  20	  70	 692	859029	859374	   0	-380	
 383	 385	  70	   3	 541	   3	   2	  17	  29	  10	  80	  20	  70	 645	861313	861854	   0	-380	
 384	 386	  80	   2	 397	   1	   1	  18	  29	  10	  80	  20	  70	 548	863713	864110	   0	-390	
 385	 387	  20	   4	 572	   2	   2	  18	  30	  10	  80	  20	  70	 307	865730	866302	   0	-390	
 386	 388	  70	   2	 416	   3	   1	  18	  30	  11	  80	  20	  70	 382	867998	868414	   0	-400	
 387	 389	  20	   2	 271	   2	   1	  18	  31	  11	  80	  20	  70	 683	870415	870686	   0	-410	
 388	 390	  70	   1	 266	   3	   1	  18	  31	  12	  80	  20	  70	 527	872516	872782	   0	-400	
 389	 391	  80	   2	 410	   1	   1	  19	  31	  12	  80	  20	  70	 415	874516	874926	   0	-410	
 390	 392	  70	   1	 332	   3	   1	  19	  31	  13	  80	  20	  70	 612	876834	877166	   0	-400	
 391	 393	  20	   2	 200	   2	   1	  19	  32	  13	  80	  20	  70	 418	878918	879118	   0	-410	
 392	 394	  70	   4	 335	   3	   2	  19	  32	  14	  80	  20	  70	 320	880751	881086	   0	-410	
 393	 395	  20	   3	 535	   2	   2	  19	  33	  14	  80	  20	  70	 515	882919	883454	   0	-410	
 394	 396	  70	   1	 527	   3	   1	  19	  33	  15	  80	  20	  70	 332	885103	885630	   0	-400	
 395	 397	  80	   3	 259	   1	   2	  20	  33	  15	  80	  20	  70	 459	887387	887646	   0	-400	
 396	 398	  70	   1	 323	   3	   1	  20	  33	  16	  80	  20	  70	 427	889371	889694	   0	-390	
 397	 399	  20	   2	 429	   2	   1	  20	  34	  16	  80	  20	  70	 512	891505	891934	   0	-400	
 398	 400	  80	   4	 344	   1	   2	  21	  34	  16	  80	  20	  70	 390	893622	893966	   0	-400	
 399	 401	  20	   2	 324	   2	   1	  21	  35	  16	  80	  20	  70	 446	895706	896030	   0	-410	
 400	 402	  80	   1	 309	   1	   1	  22	  35	  16	  80	  20	  70	 343	897673	897982	   0	-400	
 401	 403	  80	   3	 297	   2	   2	  22	   1	  16	  80	  80	  70	 624	899940	900237	   2	-400	
 402	 404	  80	   1	 407	   1	   1	  23	   1	  16	  80	  80	  70	 422	901974	902381	   0	-390	
 403	 405	  80	   3	 516	   2	   2	  23	   2	  16	  80	  80	  70	 332	904025	904541	   0	-390	
 404	 406	  80	   1	 540	   1	   1	  24	   2	  16	  80	  80	  70	 370	906225	906765	   0	-380	
 405	 407	  80	   1	 514	   2	   1	  24	   3	  16	  80	  80	  70	 387	908459	908973	   0	-370	
 406	 408	  80	   1	 624	   1	   1	  25	   3	  16	  80	  80	  70	 607	910893	911517	   0	-360	
 407	 409	  80	   4	 370	   2	   2	  25	   4	  16	  80	  80	  70	 411	913227	913597	   0	-360	
 408	 410	  80	   3	 292	   1	   2	  26	   4	  16	  80	  80	  70	 636	915545	915837	   0	-360	
 409	 411	  80	   1	 296	   2	   1	  26	   5	  16	  80	  80	  70	 302	917445	917741	   0	-350	
 410	 412	  80	   2	 258	   1	   1	  27	   5	  16	  80	  80	  70	 531	919579	919837	   0	-360	
 411	 413	  80	   1	 374	   2	   1	  27	   6	  16	  80	  80	  70	 688	921847	922221	   0	-350	
 412	 414	  80	   3	 469	   1	   2	  28	   6	  16	  80	  80	  70	 337	923864	924333	   0	-350	
 413	 415	  80	   3	 311	   2	   2	  28	   7	  16	  80	  80	  70	 575	926214	926525	   0	-350	
 414	 416	  80	   3	 273	   1	   2	  29	   7	  16	  80	  80	  70	 502	928332	928605	   0	-350	
 415	 417	  70	   4	 606	   3	   2	  29	   7	  17	  80	  80	  70	 492	930399	931005	   0	-350	
 416	 418	  80	   3	 370	   2	   2	  29	   8	  17	  80	  80	  70	 366	932683	933053	   0	-350	
 417	 419	  80	   1	 255	   1	   1	  30	   8	  17	  80	  80	  70	 367	934734	934989	   0	-340	
 418	 420	  80	   2	 265	   2	   1	  30	   9	  17	  80	  80	  70	 556	936851	937116	   0	-350	
 419	 421	  70	   1	 257	   3	   1	  30	   9	  18	  80	  80	  70	 613	939035	939292	   0	-340	
 420	 422	  80	   3	 323	   2	   2	  30	  10	  18	  80	  80	  70	 365	940969	941292	   0	-340	
 421	 423	  30	   2	 287	   1	   1	   1	  10	  18	  30	  80	  70	 419	943053	943340	   1	-350	
 422	 424	  70	   3	 422	   3	   2	   1	  10	  19	  30	  80	  70	 624	945270	945692	   0	-350	
 423	 425	  80	   2	 489	   2	   1	   1	  11	  19	  30	  80	  70	 574	947571	948060	   0	-360	
 424	 426	  30	   1	 265	   1	   1	   2	  11	  19	  30	  80	  70	 602	949971	950236	   0	-350	
 425	 427	  70	   1	 536	   3	   1	   2	  11	  20	  30	  80	  70	 421	951972	952508	   0	-340	
 426	 428	  80	   1	 297	   2	   1	   2	  12	  20	  30	  80	  70	 524	954339	954636	   0	-330	
 427	 429	  30	   3	 276	   1	   2	   3	  12	  20	  30	  80	  70	 506	956440	956716	   0	-330	
 428	 430	  70	   3	 268	   3	   2	   3	  12	  21	  30	  80	  70	 625	958640	958908	   0	-330	
 429	 431	  80	   3	 326	   2	   2	   3	  13	  21	  30	  80	  70	 557	960774	961100	   0	-330	
 430	 432	  70	   4	 265	   3	   2	   3	  13	  22	  30	  80	  70	 666	963075	963340	   0	-330	
 431	 433	  80	   3	 391	   2	   2	   3	  14	  22	  30	  80	  70	 447	965109	965500	   0	-330	
 432	 434	  70	   4	 424	   3	   2	   3	  14	  23	  30	  80	  70	 665	967476	967900	   0	-330	
 433	 435	  80	   1	 270	   2	   1	   3	  15	  23	  30	  80	  70	 511	969710	969980	   0	-320	
 434	 436	  70	   1	 242	   3	   1	   3	  15	  24	  30	  80	  70	 687	971978	972220	   0	-310	
 435	 437	  30	   2	 272	   1	   1	   4	  15	  24	  30	  80	  70	 476	973995	974267	   0	-320	
 436	 438	  70	   1	 288	   3	   1	   4	  15	  25	  30	  80	  70	 413	975979	976267	   0	-310	
 437	 439	  30	   2	 272	   1	   1	   5	  15	  25	  30	  80	  70	 382	977963	978235	   0	-320	
 438	 440	  70	   1	 274	   3	   1	   5	  15	  26	  30	  80	  70	 366	979913	980187	   0	-310	
 439	 441	  80	   3	 437	   2	   2	   5	  16	  26	  30	  80	  70	 317	981814	982251	   0	-310	
 440	 442	  70	   1	 239	   3	   1	   5	  16	  27	  30	  80	  70	 389	983948	984187	   0	-300	
 441	 443	  30	   2	 376	   1	   1	   6	  16	  27	  30	  80	  70	 607	986115	986491	   0	-310	
 442	 444	  80	   3	 233	   2	   2	   6	  17	  27	  30	  80	  70	 677	988466	988699	   0	-310	
 443	 445	  30	   1	  30	   1	   1	   7	  17	  27	  30	  80	  70	 343	990349	990379	   0	-300	
 444	 446	  80	   2	 280	   2	   1	   7	  18	  27	  30	  80	  70	 383	992067	992347	   0	-310	
 445	 447	  30	   2	 284	   1	   1	   8	  18	  27	  30	  80	  70	 309	993967	994251	   0	-320	
 446	 448	  80	   1	 289	   2	   1	   8	  19	  27	  30	  80	  70	 651	996218	996507	   0	-310	
 447	 449	  30	   4	 519	   1	   2	   9	  19	  27	  30	  80	  70	 658	998468	998987	   0	-310	
 448	 450	  70	   4	 347	   3	   2	   9	  19	  28	  30	  80	  70	 441	1000736	1001083	   0	-310	
 449	 451	  30	   4	 217	   1	   2	  10	  19	  28	  30	  80	  70	 370	1002770	1002987	   0	-310	
 450	 452	  80	   3	 956	   2	   2	  10	  20	  28	  30	  80	  70	 395	1004687	1005643	   0	-310	
 451	 453	  70	   1	 245	   3	   1	  10	  20	  29	  30	  80	  70	 674	1007638	1007883	   0	-300	
 452	 454	  80	   1	 379	   2	   1	  10	  21	  29	  30	  80	  70	 691	1009872	1010251	   0	-290	
 453	 455	  30	   1	 466	   1	   1	  11	  21	  29	  30	  80	  70	 508	1012056	1012522	   0	-280	
 454	 456	  80	   3	 888	   2	   2	  11	  22	  29	  30	  80	  70	 468	1014306	1015194	   0	-280	
 455	 457	  70	   3	 355	   3	   2	  11	  22	  30	  30	  80	  70	 312	1016807	1017162	   0	-280	
 456	 458	  30	   4	 508	   1	   2	  12	  22	  30	  30	  80	  70	 498	1018974	1019482	   0	-280	
 457	 459	  70	   3	 268	   3	   2	  12	  22	  31	  30	  80	  70	 571	1021358	1021626	   0	-280	
 458	 460	  30	   2	 440	   1	   1	  13	  22	  31	  30	  80	  70	 499	1023442	1023882	   0	-290	
 459	 461	  80	   1	 787	   2	   1	  13	  23	  31	  30	  80	  70	 360	1025543	1026330	   0	-280	
 460	 462	  70	   1	 608	   3	   1	  13	  23	  32	  30	  80	  70	 355	1027994	1028602	   0	-270	
 461	 463	  30	   3	 705	   1	   2	  14	  23	  32	  30	  80	  70	 444	1030361	1031066	   0	-270	
 462	 464	  80	   1	 454	   2	   1	  14	  24	  32	  30	  80	  70	 657	1033028	1033482	   0	-260	
 463	 465	  30	   2	 531	   1	   1	  15	  24	  32	  30	  80	  70	 696	1035479	1036010	   0	-270	
 464	 466	  70	   1	 439	   3	   1	  15	  24	  33	  30	  80	  70	 446	1037763	1038202	   0	-260	
 465	 467	  80	   2	 548	   2	   1	  15	  25	  33	  30	  80	  70	 314	1039814	1040362	   0	-270	
NaN	 468	  70	NaN	NaN	   3	   3	  15	  25	  33	  30	  80	  70	 587	1039814	NaN	   0	-270	
 466	 469	  30	   2	 889	   1	   1	  16	  25	  33	  30	  80	  70	 529	1046065	1046954	   0	-280	
 467	 470	  80	   1	 542	   2	   1	  16	  26	  33	  30	  80	  70	 449	1048716	1049258	   0	-270	
 468	 471	  30	   1	 551	   1	   1	  17	  26	  33	  30	  80	  70	 695	1051250	1051801	   0	-260	
 469	 472	  70	   4	 264	   3	   2	  17	  26	  34	  30	  80	  70	 490	1053601	1053865	   0	-260	
 470	 473	  30	   2	 291	   1	   1	  18	  26	  34	  30	  80	  70	 518	1055702	1055993	   0	-270	
 471	 474	  80	   1	 447	   2	   1	  18	  27	  34	  30	  80	  70	 497	1057802	1058249	   0	-260	
 472	 475	  30	   2	 332	   1	   1	  19	  27	  34	  30	  80	  70	 686	1060253	1060585	   0	-270	
 473	 476	  70	   1	 358	   3	   1	  19	  27	  35	  30	  80	  70	 513	1062403	1062761	   0	-260	
 474	 477	  80	   3	 236	   2	   2	  19	  28	  35	  30	  80	  70	 551	1064621	1064857	   0	-260	
 475	 478	  50	   2	  49	   3	   1	  19	  28	   1	  30	  80	  50	 699	1066888	1066937	   3	-270	
 476	 479	  80	   2	 268	   2	   1	  19	  29	   1	  30	  80	  50	 358	1068605	1068873	   0	-280	
 477	 480	  30	   2	 699	   1	   1	  20	  29	   1	  30	  80	  50	 430	1070606	1071305	   0	-290	
 478	 481	  50	   1	 461	   3	   1	  20	  29	   2	  30	  80	  50	 332	1072956	1073417	   0	-280	
 479	 482	  80	   1	 419	   2	   1	  20	  30	   2	  30	  80	  50	 475	1075190	1075609	   0	-270	
 480	 483	  50	   2	 271	   3	   1	  20	  30	   3	  30	  80	  50	 339	1077258	1077529	   0	-280	
 481	 484	  20	   3	 203	   2	   2	  20	   1	   3	  30	  20	  50	 473	1079342	1079545	   2	-280	
 482	 485	  30	   2	 349	   1	   1	  21	   1	   3	  30	  20	  50	 427	1081276	1081625	   0	-290	
 483	 486	  20	   2	 517	   2	   1	  21	   2	   3	  30	  20	  50	 536	1083476	1083993	   0	-300	
 484	 487	  50	   2	 591	   3	   1	  21	   2	   4	  30	  20	  50	 693	1085994	1086585	   0	-310	
 485	 488	  20	   4	 375	   2	   2	  21	   3	   4	  30	  20	  50	 690	1088578	1088953	   0	-310	
 486	 489	  30	   3	 260	   1	   2	  22	   3	   4	  30	  20	  50	 366	1090628	1090888	   0	-310	
 487	 490	  50	   3	 161	   3	   2	  22	   3	   5	  30	  20	  50	 512	1092695	1092856	   0	-310	
 488	 491	  30	   1	 327	   1	   1	  23	   3	   5	  30	  20	  50	 350	1094513	1094840	   0	-300	
 489	 492	  50	   1	 355	   3	   1	  23	   3	   6	  30	  20	  50	 457	1096597	1096952	   0	-290	
 490	 493	  20	   1	 310	   2	   1	  23	   4	   6	  30	  20	  50	 657	1098914	1099224	   0	-280	
 491	 494	  50	   1	 341	   3	   1	  23	   4	   7	  30	  20	  50	 387	1100931	1101272	   0	-270	
 492	 495	  30	   2	 316	   1	   1	  24	   4	   7	  30	  20	  50	 557	1103132	1103448	   0	-280	
 493	 496	  20	   4	 330	   2	   2	  24	   5	   7	  30	  20	  50	 422	1105182	1105512	   0	-280	
 494	 497	  50	   3	 332	   3	   2	  24	   5	   8	  30	  20	  50	 696	1107500	1107832	   0	-280	
 495	 498	  30	   4	 255	   1	   2	  25	   5	   8	  30	  20	  50	 666	1109817	1110072	   0	-280	
 496	 499	  50	   2	 300	   3	   1	  25	   5	   9	  30	  20	  50	 503	1111884	1112184	   0	-290	
 497	 500	  30	   2	 339	   1	   1	  26	   5	   9	  30	  20	  50	 587	1114085	1114424	   0	-300	
 498	 501	  50	   2	 279	   3	   1	  26	   5	  10	  30	  20	  50	 634	1116369	1116648	   0	-310	
 499	 502	  20	   2	 510	   2	   1	  26	   6	  10	  30	  20	  50	 618	1118570	1119080	   0	-320	
 500	 503	  30	   2	 322	   1	   1	  27	   6	  10	  30	  20	  50	 472	1120854	1121176	   0	-330	
 501	 504	  50	   1	 520	   3	   1	  27	   6	  11	  30	  20	  50	 591	1123088	1123608	   0	-320	
 502	 505	  30	   1	 341	   1	   1	  28	   6	  11	  30	  20	  50	 641	1125555	1125896	   0	-310	
 503	 506	  20	   2	 400	   2	   1	  28	   7	  11	  30	  20	  50	 461	1127655	1128055	   0	-320	
 504	 507	  50	   2	 303	   3	   1	  28	   7	  12	  30	  20	  50	 678	1130040	1130343	   0	-330	
 505	 508	  20	   4	 284	   2	   2	  28	   8	  12	  30	  20	  50	 467	1132123	1132407	   0	-330	
 506	 509	  50	   3	 289	   3	   2	  28	   8	  13	  30	  20	  50	 649	1134374	1134663	   0	-330	
 507	 510	  30	   2	 300	   1	   1	  29	   8	  13	  30	  20	  50	 513	1136475	1136775	   0	-340	
 508	 511	  50	   1	 272	   3	   1	  29	   8	  14	  30	  20	  50	 671	1138759	1139031	   0	-330	
 509	 512	  30	   2	 278	   1	   1	  30	   8	  14	  30	  20	  50	 659	1140993	1141271	   0	-340	
 510	 513	  20	   4	 375	   2	   2	  30	   9	  14	  30	  20	  50	 385	1142960	1143335	   0	-340	
 511	 514	  30	   2	 280	   1	   1	  31	   9	  14	  30	  20	  50	 653	1145311	1145591	   0	-350	
 512	 515	  50	   2	 249	   3	   1	  31	   9	  15	  30	  20	  50	 388	1147294	1147543	   0	-360	
 513	 516	  30	   4	 312	   1	   2	  32	   9	  15	  30	  20	  50	 436	1149295	1149607	   0	-360	
 514	 517	  20	   4	 392	   2	   2	  32	  10	  15	  30	  20	  50	 371	1151279	1151671	   0	-360	
 515	 518	  50	   4	 434	   3	   2	  32	  10	  16	  30	  20	  50	 446	1153413	1153847	   0	-360	
 516	 519	  20	   4	 319	   2	   2	  32	  11	  16	  30	  20	  50	 317	1155480	1155799	   0	-360	
 517	 520	  30	   4	 406	   1	   2	  33	  11	  16	  30	  20	  50	 597	1157697	1158103	   0	-360	
 518	 521	  20	   2	 870	   2	   1	  33	  12	  16	  30	  20	  50	 657	1160065	1160935	   0	-370	
 519	 522	  50	   1	 493	   3	   1	  33	  12	  17	  30	  20	  50	 442	1162682	1163175	   0	-360	
 520	 523	  80	   2	 405	   1	   1	   1	  12	  17	  80	  20	  50	 365	1164866	1165271	   1	-370	
 521	 524	  50	   4	 292	   3	   2	   1	  12	  18	  80	  20	  50	 660	1167250	1167542	   0	-370	
 522	 525	  80	   3	 303	   1	   2	   2	  12	  18	  80	  20	  50	 500	1169351	1169654	   0	-370	
 523	 526	  50	   1	  38	   3	   1	   2	  12	  19	  80	  20	  50	 611	1171568	1171606	   0	-360	
 524	 527	  80	   1	 335	   1	   1	   3	  12	  19	  80	  20	  50	 424	1173335	1173670	   0	-350	
 525	 528	  50	   2	 348	   3	   1	   3	  12	  20	  80	  20	  50	 414	1175386	1175734	   0	-360	
 526	 529	  80	   2	 327	   1	   1	   4	  12	  20	  80	  20	  50	 457	1177503	1177830	   0	-370	
 527	 530	  50	   4	 306	   3	   2	   4	  12	  21	  80	  20	  50	 496	1179620	1179926	   0	-370	
 528	 531	  80	   3	 580	   1	   2	   5	  12	  21	  80	  20	  50	 326	1181554	1182134	   0	-370	
 529	 532	  50	   2	 368	   3	   1	   5	  12	  22	  80	  20	  50	 588	1184022	1184390	   0	-380	
 530	 533	  80	   1	 445	   1	   1	   6	  12	  22	  80	  20	  50	 397	1186089	1186534	   0	-370	
 531	 534	  20	   2	 388	   2	   1	   6	  13	  22	  80	  20	  50	 441	1188290	1188678	   0	-380	
 532	 535	  50	   3	 432	   3	   2	   6	  13	  23	  80	  20	  50	 404	1190390	1190822	   0	-380	
 533	 536	  20	   1	 376	   2	   1	   6	  14	  23	  80	  20	  50	 438	1192574	1192950	   0	-370	
 534	 537	  80	   3	 608	   1	   2	   7	  14	  23	  80	  20	  50	 499	1194758	1195366	   0	-370	
 535	 538	  50	   1	 337	   3	   1	   7	  14	  24	  80	  20	  50	 431	1197109	1197446	   0	-360	
 536	 539	  20	   2	 453	   2	   1	   7	  15	  24	  80	  20	  50	 659	1199409	1199862	   0	-370	
 537	 540	  50	   3	 499	   3	   2	   7	  15	  25	  80	  20	  50	 671	1201843	1202342	   0	-370	
 538	 541	  20	   1	 382	   2	   1	   7	  16	  25	  80	  20	  50	 653	1204311	1204693	   0	-360	
 539	 542	  50	   1	 518	   3	   1	   7	  16	  26	  80	  20	  50	 505	1206511	1207029	   0	-350	
 540	 543	  20	   2	 330	   2	   1	   7	  17	  26	  80	  20	  50	 452	1208795	1209125	   0	-360	
 541	 544	  80	   3	 421	   1	   2	   8	  17	  26	  80	  20	  50	 457	1210896	1211317	   0	-360	
 542	 545	  20	   2	 322	   2	   1	   8	  18	  26	  80	  20	  50	 346	1212963	1213285	   0	-370	
 543	 546	  50	   2	 288	   3	   1	   8	  18	  27	  80	  20	  50	 398	1214997	1215285	   0	-380	
 544	 547	  20	   2	 204	   2	   1	   8	  19	  27	  80	  20	  50	 496	1217081	1217285	   0	-390	
 545	 548	  80	   3	 102	   1	   2	   9	  19	  27	  80	  20	  50	 630	1219215	1219317	   0	-390	
 546	 549	  50	   2	 285	   3	   1	   9	  19	  28	  80	  20	  50	 407	1221032	1221317	   0	-400	
 547	 550	  20	   2	 190	   2	   1	   9	  20	  28	  80	  20	  50	 376	1222999	1223189	   0	-410	
 548	 551	  80	   1	 278	   1	   1	  10	  20	  28	  80	  20	  50	 668	1225167	1225445	   0	-400	
 549	 552	  20	   2	 410	   2	   1	  10	  21	  28	  80	  20	  50	 323	1227067	1227477	   0	-410	
 550	 553	  80	   1	 311	   1	   1	  11	  21	  28	  80	  20	  50	 335	1229118	1229429	   0	-400	
 551	 554	  50	   3	 253	   3	   2	  11	  21	  29	  80	  20	  50	 611	1231352	1231605	   0	-400	
 552	 555	  20	   3	 311	   2	   2	  11	  22	  29	  80	  20	  50	 588	1233502	1233813	   0	-400	
 553	 556	  50	   2	 323	   3	   1	  11	  22	  30	  80	  20	  50	 448	1235570	1235893	   0	-410	
 554	 557	  80	   1	 280	   1	   1	  12	  22	  30	  80	  20	  50	 647	1237837	1238117	   0	-400	
 555	 558	  50	   3	 625	   3	   2	  12	  22	  31	  80	  20	  50	 597	1240004	1240629	   0	-400	
 556	 559	  80	   3	 423	   1	   2	  13	  22	  31	  80	  20	  50	 307	1242238	1242661	   0	-400	
 557	 560	  50	   2	 299	   3	   1	  13	  22	  32	  80	  20	  50	 530	1244489	1244788	   0	-410	
 558	 561	  80	   2	 316	   1	   1	  14	  22	  32	  80	  20	  50	 354	1246456	1246772	   0	-420	
 559	 562	  20	   2	 338	   2	   1	  14	  23	  32	  80	  20	  50	 614	1248690	1249028	   0	-430	
 560	 563	  50	   2	 357	   3	   1	  14	  23	  33	  80	  20	  50	 658	1250991	1251348	   0	-440	
 561	 564	  20	   2	 431	   2	   1	  14	  24	  33	  80	  20	  50	 479	1253141	1253572	   0	-450	
 562	 565	  80	   1	 713	   1	   1	  15	  24	  33	  80	  20	  50	 391	1255275	1255988	   0	-440	
 563	 566	  20	   4	 467	   2	   2	  15	  25	  33	  80	  20	  50	 509	1257793	1258260	   0	-440	
 564	 567	  80	   4	 832	   1	   2	  16	  25	  33	  80	  20	  50	 684	1260260	1261092	   0	-440	
 565	 568	  30	   2	 465	   3	   1	  16	  25	   1	  80	  20	  30	 587	1263011	1263476	   3	-450	
 566	 569	  20	   4	 304	   2	   2	  16	  26	   1	  80	  20	  30	 623	1265412	1265716	   0	-450	
 567	 570	  80	   1	 796	   1	   1	  17	  26	   1	  80	  20	  30	 474	1267496	1268292	   0	-440	
 568	 571	  20	   2	 630	   2	   1	  17	  27	   1	  80	  20	  30	 439	1270030	1270660	   0	-450	
 569	 572	  80	   1	 502	   1	   1	  18	  27	   1	  80	  20	  30	 479	1272430	1272932	   0	-440	
 570	 573	  30	   2	 628	   3	   1	  18	  27	   2	  80	  20	  30	 610	1274848	1275476	   0	-450	
 571	 574	  20	   1	 446	   2	   1	  18	  28	   2	  80	  20	  30	 592	1277382	1277828	   0	-440	
 572	 575	  30	   2	 443	   3	   1	  18	  28	   3	  80	  20	  30	 318	1279449	1279892	   0	-450	
 573	 576	  20	   2	 617	   2	   1	  18	  29	   3	  80	  20	  30	 667	1281866	1282483	   0	-460	
 574	 577	  80	   3	 655	   1	   2	  19	  29	   3	  80	  20	  30	 699	1284500	1285155	   0	-460	
 575	 578	  20	   4	 616	   2	   2	  19	  30	   3	  80	  20	  30	 594	1287051	1287667	   0	-460	
 576	 579	  30	   2	 333	   3	   1	  19	  30	   4	  80	  20	  30	 325	1289302	1289635	   0	-470	
 577	 580	  20	   2	 553	   2	   1	  19	  31	   4	  80	  20	  30	 463	1291402	1291955	   0	-480	
 578	 581	  80	   1	 365	   1	   1	  20	  31	   4	  80	  20	  30	 422	1293686	1294051	   0	-470	
 579	 582	  20	   2	 835	   2	   1	  20	  32	   4	  80	  20	  30	 549	1295920	1296755	   0	-480	
 580	 583	  30	   1	 872	   3	   1	  20	  32	   5	  80	  20	  30	 502	1298571	1299443	   0	-470	
 581	 584	  20	   4	 901	   2	   2	  20	  33	   5	  80	  20	  30	 662	1301422	1302323	   0	-470	
 582	 585	  30	   2	 735	   3	   1	  20	  33	   6	  80	  20	  30	 324	1303956	1304691	   0	-480	
 583	 586	  80	   1	 384	   1	   1	  21	  33	   6	  80	  20	  30	 319	1306323	1306707	   0	-470	
 584	 587	  30	   3	 723	   3	   2	  21	  33	   7	  80	  20	  30	 603	1308624	1309347	   0	-470	
 585	 588	  80	   2	 637	   1	   1	  22	  33	   7	  80	  20	  30	 513	1311158	1311795	   0	-480	
 586	 589	  20	   2	 497	   2	   1	  22	  34	   7	  80	  20	  30	 338	1313442	1313939	   0	-490	
 587	 590	  30	   2	 271	   3	   1	  22	  34	   8	  80	  20	  30	 647	1315876	1316147	   0	-500	
 588	 591	  80	   1	 464	   1	   1	  23	  34	   8	  80	  20	  30	 371	1317827	1318291	   0	-490	
 589	 592	  20	   2	 495	   2	   1	  23	  35	   8	  80	  20	  30	 598	1320211	1320706	   0	-500	
 590	 593	  80	   1	 714	   1	   1	  24	  35	   8	  80	  20	  30	 329	1322328	1323042	   0	-490	
 591	 594	  70	   3	 430	   2	   2	  24	   1	   8	  80	  70	  30	 606	1325012	1325442	   2	-490	
 592	 595	  80	   3	 398	   1	   2	  25	   1	   8	  80	  70	  30	 644	1327396	1327794	   0	-490	
 593	 596	  30	   2	 415	   3	   1	  25	   1	   9	  80	  70	  30	 649	1329763	1330178	   0	-500	
 594	 597	  80	   1	 276	   1	   1	  26	   1	   9	  80	  70	  30	 517	1332014	1332290	   0	-490	
 595	 598	  70	   1	 451	   2	   1	  26	   2	   9	  80	  70	  30	 431	1334031	1334482	   0	-480	
 596	 599	  80	   1	1029	   1	   1	  27	   2	   9	  80	  70	  30	 573	1336365	1337394	   0	-470	
 597	 600	  30	   1	 687	   3	   1	  27	   2	  10	  80	  70	  30	 612	1339299	1339986	   0	-460	
 598	 601	  80	   4	 510	   1	   2	  28	   2	  10	  80	  70	  30	 400	1341700	1342210	   0	-460	
 599	 602	  70	   3	 433	   2	   2	  28	   3	  10	  80	  70	  30	 504	1344017	1344450	   0	-460	
 600	 603	  30	   2	 599	   3	   1	  28	   3	  11	  80	  70	  30	 467	1346235	1346834	   0	-470	
 601	 604	  70	   1	 535	   2	   1	  28	   4	  11	  80	  70	  30	 456	1348619	1349154	   0	-460	
 602	 605	  30	   4	 905	   3	   2	  28	   4	  12	  80	  70	  30	 512	1350969	1351874	   0	-460	
 603	 606	  70	   2	 448	   2	   1	  28	   5	  12	  80	  70	  30	 380	1353554	1354002	   0	-470	
 604	 607	  30	   4	 411	   3	   2	  28	   5	  13	  80	  70	  30	 371	1355687	1356098	   0	-470	
 605	 608	  70	   1	 285	   2	   1	  28	   6	  13	  80	  70	  30	 609	1358005	1358290	   0	-460	
 606	 609	  30	   2	 404	   3	   1	  28	   6	  14	  80	  70	  30	 600	1360205	1360609	   0	-470	
 607	 610	  80	   1	 942	   1	   1	  29	   6	  14	  80	  70	  30	 409	1362323	1363265	   0	-460	
 608	 611	  70	   2	 294	   2	   1	  29	   7	  14	  80	  70	  30	 358	1364923	1365217	   0	-470	
 609	 612	  30	   3	 282	   3	   2	  29	   7	  15	  80	  70	  30	 688	1367207	1367489	   0	-470	
 610	 613	  70	   1	 314	   2	   1	  29	   8	  15	  80	  70	  30	 380	1369175	1369489	   0	-460	
 611	 614	  80	   3	 368	   1	   2	  30	   8	  15	  80	  70	  30	 581	1371409	1371777	   0	-460	
 612	 615	  70	   1	 242	   2	   1	  30	   9	  15	  80	  70	  30	 650	1373743	1373985	   0	-450	
 613	 616	  30	   4	 806	   3	   2	  30	   9	  16	  80	  70	  30	 331	1375627	1376433	   0	-450	
 614	 617	  50	   4	 332	   1	   2	   1	   9	  16	  50	  70	  30	 499	1378261	1378593	   1	-450	
 615	 618	  30	   2	 621	   3	   1	   1	   9	  17	  50	  70	  30	 347	1380244	1380865	   0	-460	
 616	 619	  70	   4	 674	   2	   2	   1	  10	  17	  50	  70	  30	 318	1382495	1383169	   0	-460	
 617	 620	  30	   2	 760	   3	   1	   1	  10	  18	  50	  70	  30	 652	1385129	1385889	   0	-470	
 618	 621	  70	   1	 484	   2	   1	   1	  11	  18	  50	  70	  30	 417	1387613	1388097	   0	-460	
 619	 622	  50	   2	 604	   1	   1	   2	  11	  18	  50	  70	  30	 375	1389781	1390385	   0	-470	
 620	 623	  70	   1	 578	   2	   1	   2	  12	  18	  50	  70	  30	 344	1392031	1392609	   0	-460	
 621	 624	  50	   2	 714	   1	   1	   3	  12	  18	  50	  70	  30	 692	1394615	1395329	   0	-470	
 622	 625	  30	   3	 486	   3	   2	   3	  12	  19	  50	  70	  30	 442	1397066	1397552	   0	-470	
 623	 626	  70	   1	 249	   2	   1	   3	  13	  19	  50	  70	  30	 519	1399383	1399632	   0	-460	
 624	 627	  50	   3	 554	   1	   2	   4	  13	  19	  50	  70	  30	 389	1401334	1401888	   0	-460	
 625	 628	  30	   1	 263	   3	   1	   4	  13	  20	  50	  70	  30	 594	1403785	1404048	   0	-450	
 626	 629	  50	   1	 444	   1	   1	   5	  13	  20	  50	  70	  30	 686	1406052	1406496	   0	-440	
 627	 630	  70	   1	 318	   2	   1	   5	  14	  20	  50	  70	  30	 594	1408386	1408704	   0	-430	
 628	 631	  30	   1	 494	   3	   1	   5	  14	  21	  50	  70	  30	 356	1410370	1410864	   0	-420	
 629	 632	  50	   2	 405	   1	   1	   6	  14	  21	  50	  70	  30	 427	1412587	1412992	   0	-430	
 630	 633	  70	   2	 358	   2	   1	   6	  15	  21	  50	  70	  30	 643	1414938	1415296	   0	-440	
 631	 634	  30	   2	 249	   3	   1	   6	  15	  22	  50	  70	  30	 642	1417255	1417504	   0	-450	
 632	 635	  50	   1	 334	   1	   1	   7	  15	  22	  50	  70	  30	 306	1419122	1419456	   0	-440	
 633	 636	  30	   2	 259	   3	   1	   7	  15	  23	  50	  70	  30	 600	1421373	1421632	   0	-450	
 634	 637	  50	   1	 285	   1	   1	   8	  15	  23	  50	  70	  30	 578	1423507	1423792	   0	-440	
 635	 638	  30	   4	 286	   3	   2	   8	  15	  24	  50	  70	  30	 380	1425474	1425760	   0	-440	
 636	 639	  70	   3	 311	   2	   2	   8	  16	  24	  50	  70	  30	 554	1427625	1427936	   0	-440	
 637	 640	  50	   1	 458	   1	   1	   9	  16	  24	  50	  70	  30	 310	1429542	1430000	   0	-430	
 638	 641	  70	   3	 297	   2	   2	   9	  17	  24	  50	  70	  30	 656	1431959	1432256	   0	-430	
 639	 642	  30	   2	 287	   3	   1	   9	  17	  25	  50	  70	  30	 629	1434177	1434464	   0	-440	
 640	 643	  50	   2	 294	   1	   1	  10	  17	  25	  50	  70	  30	 588	1436361	1436655	   0	-450	
 641	 644	  70	   3	 489	   2	   2	  10	  18	  25	  50	  70	  30	 314	1438278	1438767	   0	-450	
 642	 645	  30	   2	 276	   3	   1	  10	  18	  26	  50	  70	  30	 324	1440395	1440671	   0	-460	
 643	 646	  70	   2	 314	   2	   1	  10	  19	  26	  50	  70	  30	 655	1442629	1442943	   0	-470	
 644	 647	  50	   1	 322	   1	   1	  11	  19	  26	  50	  70	  30	 559	1444813	1445135	   0	-460	
 645	 648	  30	   1	 312	   3	   1	  11	  19	  27	  50	  70	  30	 605	1447047	1447359	   0	-450	
 646	 649	  50	   4	 260	   1	   2	  12	  19	  27	  50	  70	  30	 478	1449131	1449391	   0	-450	
 647	 650	  30	   4	 328	   3	   2	  12	  19	  28	  50	  70	  30	 340	1451031	1451359	   0	-450	
 648	 651	  70	   2	 280	   2	   1	  12	  20	  28	  50	  70	  30	 354	1453015	1453295	   0	-460	
 649	 652	  30	   2	 342	   3	   1	  12	  20	  29	  50	  70	  30	 436	1455049	1455391	   0	-470	
 650	 653	  50	   2	 407	   1	   1	  13	  20	  29	  50	  70	  30	 313	1457000	1457407	   0	-480	
 651	 654	  70	   2	   5	   2	   1	  13	  21	  29	  50	  70	  30	 330	1459050	1459055	   0	-490	
 652	 655	  50	   1	 313	   1	   1	  14	  21	  29	  50	  70	  30	 549	1460918	1461231	   0	-480	
 653	 656	  70	   1	 284	   2	   1	  14	  22	  29	  50	  70	  30	 308	1462835	1463119	   0	-470	
 654	 657	  30	   1	 267	   3	   1	  14	  22	  30	  50	  70	  30	 421	1464852	1465119	   0	-460	
 655	 658	  50	   1	 213	   1	   1	  15	  22	  30	  50	  70	  30	 558	1466986	1467199	   0	-450	
 656	 659	  30	   2	 270	   3	   1	  15	  22	   1	  50	  70	  30	 635	1469137	1469407	   0	-460	
 657	 660	  70	   3	 258	   2	   2	  15	  23	   1	  50	  70	  30	 318	1471037	1471295	   0	-460	
 658	 661	  30	   4	 326	   3	   2	  15	  23	   2	  50	  70	  30	 308	1472904	1473230	   0	-460	
 659	 662	  70	   3	 298	   2	   2	  15	  24	   2	  50	  70	  30	 636	1475172	1475470	   0	-460	
 660	 663	  30	   2	 465	   3	   1	  15	  24	   3	  50	  70	  30	 603	1477389	1477854	   0	-470	
 661	 664	  70	   1	 428	   2	   1	  15	  25	   3	  50	  70	  30	 313	1479490	1479918	   0	-460	
 662	 665	  50	   2	 346	   1	   1	  16	  25	   3	  50	  70	  30	 329	1481540	1481886	   0	-470	
 663	 666	  30	   2	 368	   3	   1	  16	  25	   4	  50	  70	  30	 585	1483774	1484142	   0	-480	
 664	 667	  70	   3	 352	   2	   2	  16	  26	   4	  50	  70	  30	 314	1485758	1486110	   0	-480	
 665	 668	  30	   3	 573	   3	   2	  16	  26	   5	  50	  70	  30	 407	1487825	1488398	   0	-480	
 666	 669	  50	   1	 275	   1	   1	  17	  26	   5	  50	  70	  30	 351	1490059	1490334	   0	-470	
 667	 670	  70	   2	 285	   2	   1	  17	  27	   5	  50	  70	  30	 536	1492177	1492462	   0	-480	
 668	 671	  50	   2	 364	   1	   1	  18	  27	   5	  50	  70	  30	 433	1494210	1494574	   0	-490	
 669	 672	  30	   4	 375	   3	   2	  18	  27	   6	  50	  70	  30	 415	1496311	1496686	   0	-490	
 670	 673	  70	   3	 335	   2	   2	  18	  28	   6	  50	  70	  30	 502	1498495	1498830	   0	-490	
 671	 674	  30	   3	 413	   3	   2	  18	  28	   7	  50	  70	  30	 368	1500529	1500942	   0	-490	
 672	 675	  50	   1	 386	   1	   1	  19	  28	   7	  50	  70	  30	 538	1502780	1503166	   0	-480	
 673	 676	  70	   1	 302	   2	   1	  19	  29	   7	  50	  70	  30	 410	1504880	1505182	   0	-470	
 674	 677	  30	   2	 281	   3	   1	  19	  29	   8	  50	  70	  30	 490	1506981	1507262	   0	-480	
 675	 678	  50	   2	 379	   1	   1	  20	  29	   8	  50	  70	  30	 334	1508915	1509294	   0	-490	
 676	 679	  70	   4	 359	   2	   2	  20	  30	   8	  50	  70	  30	 404	1510999	1511358	   0	-490	
 677	 680	  50	   3	 383	   1	   2	  21	  30	   8	  50	  70	  30	 504	1513166	1513549	   0	-490	
 678	 681	  30	   2	 287	   3	   1	  21	  30	   9	  50	  70	  30	 303	1515166	1515453	   0	-500	
 679	 682	  50	   1	 307	   1	   1	  22	  30	   9	  50	  70	  30	 666	1517434	1517741	   0	-490	
 680	 683	  30	   1	 491	   3	   1	  22	  30	  10	  50	  70	  30	 594	1519634	1520125	   0	-480	
 681	 684	  50	   1	 852	   1	   1	  23	  30	  10	  50	  70	  30	 330	1521785	1522637	   0	-470	
 682	 685	  70	   1	 356	   2	   1	  23	  31	  10	  50	  70	  30	 626	1524569	1524925	   0	-460	
 683	 686	  50	   4	 341	   1	   2	  24	  31	  10	  50	  70	  30	 303	1526536	1526877	   0	-460	
 684	 687	  70	   3	 397	   2	   2	  24	  32	  10	  50	  70	  30	 545	1528720	1529117	   0	-460	
 685	 688	  50	   2	 615	   1	   1	  25	  32	  10	  50	  70	  30	 435	1530854	1531469	   0	-470	
 686	 689	  30	   4	 455	   3	   2	  25	  32	  11	  50	  70	  30	 443	1533222	1533677	   0	-470	
 687	 690	  50	   4	 307	   1	   2	  26	  32	  11	  50	  70	  30	 334	1535322	1535629	   0	-470	
 688	 691	  30	   4	 394	   3	   2	  26	  32	  12	  50	  70	  30	 595	1537523	1537917	   0	-470	
 689	 692	  70	   1	 296	   2	   1	  26	  33	  12	  50	  70	  30	 359	1539573	1539869	   0	-460	
 690	 693	  30	   2	 322	   3	   1	  26	  33	  13	  50	  70	  30	 529	1541691	1542013	   0	-470	
 691	 694	  50	   4	 417	   1	   2	  27	  33	  13	  50	  70	  30	 374	1543708	1544125	   0	-470	
 692	 695	  70	   4	 330	   2	   2	  27	  34	  13	  50	  70	  30	 435	1545875	1546205	   0	-470	
 693	 696	  30	   4	 447	   3	   2	  27	  34	  14	  50	  70	  30	 627	1548126	1548573	   0	-470	
 694	 697	  50	   1	 552	   1	   1	  28	  34	  14	  50	  70	  30	 428	1550293	1550845	   0	-460	
 695	 698	  30	   1	 368	   3	   1	  28	  34	  15	  50	  70	  30	 683	1552844	1553212	   0	-450	
 696	 699	  50	   2	 232	   1	   1	  29	  34	  15	  50	  70	  30	 510	1555028	1555260	   0	-460	
 697	 700	  30	   2	 606	   3	   1	  29	  34	  16	  50	  70	  30	 687	1557262	1557868	   0	-470	
 698	 701	  70	   3	 331	   2	   2	  29	  35	  16	  50	  70	  30	 537	1559713	1560044	   0	-470	
 699	 702	  30	   4	 610	   3	   2	  29	  35	  17	  50	  70	  30	 577	1561930	1562540	   0	-470	
 700	 703	  50	   1	 395	   1	   1	  30	  35	  17	  50	  70	  30	 634	1564481	1564876	   0	-460	
 701	 704	  30	   2	 633	   3	   1	  30	  35	  18	  50	  70	  30	 345	1566531	1567164	   0	-470	
 702	 705	  50	   2	 530	   1	   1	  31	  35	  18	  50	  70	  30	 612	1569082	1569612	   0	-480	
 703	 706	  70	   1	 441	   2	   1	  31	   1	  18	  50	  70	  30	 376	1571283	1571724	   0	-470	
 704	 707	  50	   2	 935	   1	   1	  32	   1	  18	  50	  70	  30	 689	1573717	1574652	   0	-480	
 705	 708	  30	   3	 375	   3	   2	  32	   1	  19	  50	  70	  30	 542	1576501	1576876	   0	-480	
 706	 709	  50	   1	 451	   1	   1	  33	   1	  19	  50	  70	  30	 410	1578585	1579036	   0	-470	
 707	 710	  30	   3	 666	   3	   2	  33	   1	  20	  50	  70	  30	 462	1580802	1581468	   0	-470	
 708	 711	  70	   1	 358	   2	   1	  33	   2	  20	  50	  70	  30	 508	1583286	1583644	   0	-460	
 709	 712	  50	   2	 329	   1	   1	   1	   2	  20	  50	  70	  30	 662	1585603	1585932	   0	-470	
