Version: 1	Number of symbols: 3	Pictures exchange: true	Response Deadline: 2000
Trial_No	Virt_Trial_No	Prob_Shown	Feedback	RT	Stimulus_No	Resp	SymbolA_Stage	SymbolB_Stage	SymbolC_Stage	Prob_A	Prob_B	Prob_C	Jitter	StimOnset	RespOnset	Symbol_Changes	Bonus_sum
NaN	   1	  30	NaN	NaN	   1	   3	   0	   0	   0	  30	  70	  50	 575	   0	NaN	   0	   0	
   1	   2	  50	   4	1033	   3	   2	   0	   0	   1	  30	  70	  50	 592	5589	6622	   0	   0	
   2	   3	  30	   4	 507	   1	   2	   1	   0	   1	  30	  70	  50	 552	8483	8990	   0	   0	
   3	   4	  50	   3	 385	   3	   2	   1	   0	   2	  30	  70	  50	 579	10877	11262	   0	   0	
   4	   5	  70	   3	 619	   2	   2	   1	   1	   2	  30	  70	  50	 576	13139	13758	   0	   0	
   5	   6	  30	   4	 564	   1	   2	   2	   1	   2	  30	  70	  50	 355	15417	15981	   0	   0	
   6	   7	  50	   4	 445	   3	   2	   2	   1	   3	  30	  70	  50	 420	17712	18157	   0	   0	
   7	   8	  70	   3	 513	   2	   2	   2	   2	   3	  30	  70	  50	 662	20140	20653	   0	   0	
   8	   9	  50	   4	 712	   3	   2	   2	   2	   4	  30	  70	  50	 540	22501	23213	   0	   0	
   9	  10	  30	   4	 449	   1	   2	   3	   2	   4	  30	  70	  50	 690	25212	25661	   0	   0	
  10	  11	  50	   3	 425	   3	   2	   3	   2	   5	  30	  70	  50	 574	27540	27965	   0	   0	
  11	  12	  70	   3	 458	   2	   2	   3	   3	   5	  30	  70	  50	 333	29619	30077	   0	   0	
  12	  13	  50	   4	 292	   3	   2	   3	   3	   6	  30	  70	  50	 532	31913	32205	   0	   0	
  13	  14	  70	   4	 881	   2	   2	   3	   4	   6	  30	  70	  50	 592	34092	34973	   0	   0	
  14	  15	  50	   3	 406	   3	   2	   3	   4	   7	  30	  70	  50	 607	36886	37292	   0	   0	
  15	  16	  30	   3	 398	   1	   2	   4	   4	   7	  30	  70	  50	 642	39230	39628	   0	   0	
  16	  17	  70	   4	 471	   2	   2	   4	   5	   7	  30	  70	  50	 584	41525	41996	   0	   0	
  17	  18	  50	   3	 410	   3	   2	   4	   5	   8	  30	  70	  50	 691	43986	44396	   0	   0	
  18	  19	  70	   3	 432	   2	   2	   4	   6	   8	  30	  70	  50	 668	46364	46796	   0	   0	
  19	  20	  30	   3	 379	   1	   2	   5	   6	   8	  30	  70	  50	 480	48593	48972	   0	   0	
  20	  21	  50	   4	 461	   3	   2	   5	   6	   9	  30	  70	  50	 388	50671	51132	   0	   0	
  21	  22	  30	   4	 495	   1	   2	   6	   6	   9	  30	  70	  50	 692	53133	53628	   0	   0	
  22	  23	  50	   3	 409	   3	   2	   6	   6	  10	  30	  70	  50	 455	55394	55803	   0	   0	
  23	  24	  30	   4	 537	   1	   2	   7	   6	  10	  30	  70	  50	 410	57506	58043	   0	   0	
  24	  25	  70	   3	 -16	   2	   2	   7	   7	  10	  30	  70	  50	 497	59851	59835	   0	   0	
  25	  26	  50	   1	 408	   3	   1	   7	   7	  11	  30	  70	  50	 581	61747	62155	   0	  10	
  26	  27	  30	   2	 496	   1	   1	   8	   7	  11	  30	  70	  50	 627	64075	64571	   0	   0	
  27	  28	  50	   2	 791	   3	   1	   8	   7	  12	  30	  70	  50	 549	66436	67227	   0	 -10	
  28	  29	  70	   1	 846	   2	   1	   8	   8	  12	  30	  70	  50	 684	69213	70059	   0	   0	
  29	  30	  50	   1	 884	   3	   1	   8	   8	  13	  30	  70	  50	 651	72023	72907	   0	  10	
  30	  31	  70	   1	 772	   2	   1	   8	   9	  13	  30	  70	  50	 338	74551	75323	   0	  20	
  31	  32	  50	   1	 584	   3	   1	   8	   9	  14	  30	  70	  50	 312	76962	77546	   0	  30	
  32	  33	  30	   4	 700	   1	   2	   9	   9	  14	  30	  70	  50	 514	79374	80074	   0	  30	
  33	  34	  70	   2	 853	   2	   1	   9	  10	  14	  30	  70	  50	 305	81685	82538	   0	  20	
  34	  35	  30	   1	 596	   1	   1	  10	  10	  14	  30	  70	  50	 402	84246	84842	   0	  30	
  35	  36	  70	   1	 679	   2	   1	  10	  11	  14	  30	  70	  50	 536	86691	87370	   0	  40	
  36	  37	  50	   2	 387	   3	   1	  10	  11	  15	  30	  70	  50	 650	89335	89722	   0	  30	
  37	  38	  30	   2	 435	   1	   1	  11	  11	  15	  30	  70	  50	 434	91463	91898	   0	  20	
  38	  39	  70	   2	 370	   2	   1	  11	  12	  15	  30	  70	  50	 409	93608	93978	   0	  10	
  39	  40	  30	   1	 591	   1	   1	  12	  12	  15	  30	  70	  50	 489	95770	96361	   0	  20	
  40	  41	  50	   1	 334	   3	   1	  12	  12	  16	  30	  70	  50	 662	98331	98665	   0	  30	
  41	  42	  70	   1	 505	   2	   1	  12	  13	  16	  30	  70	  50	 586	100576	101081	   0	  40	
NaN	  43	  30	NaN	NaN	   1	   3	  12	  13	  16	  30	  70	  50	 443	100576	NaN	   0	  40	
NaN	  44	  70	NaN	NaN	   2	   3	  12	  13	  16	  30	  70	  50	 332	100576	NaN	   0	  40	
  42	  45	  50	   2	 475	   3	   1	  12	  13	  17	  30	  70	  50	 537	110238	110713	   0	  30	
  43	  46	  30	   2	 340	   1	   1	  13	  13	  17	  30	  70	  50	 542	112549	112889	   0	  20	
  44	  47	  70	   1	 350	   2	   1	  13	  14	  17	  30	  70	  50	 601	114794	115144	   0	  30	
  45	  48	  30	   4	 710	   1	   2	  14	  14	  17	  30	  70	  50	 672	117122	117832	   0	  30	
  46	  49	  70	   1	 468	   2	   1	  14	  15	  17	  30	  70	  50	 573	119716	120184	   0	  40	
  47	  50	  30	   4	 524	   1	   2	  15	  15	  17	  30	  70	  50	 535	122028	122552	   0	  40	
  48	  51	  70	   2	 464	   2	   1	  15	  16	  17	  30	  70	  50	 614	124472	124936	   0	  30	
  49	  52	  30	   3	 767	   1	   2	  16	  16	  17	  30	  70	  50	 352	126601	127368	   0	  30	
  50	  53	  70	   1	 439	   2	   1	  16	  17	  17	  30	  70	  50	 675	129345	129784	   0	  40	
  51	  54	  30	   4	 696	   1	   2	  17	  17	  17	  30	  70	  50	 317	131424	132120	   0	  40	
  52	  55	  70	   1	 437	   2	   1	  17	  18	  17	  30	  70	  50	 589	134018	134455	   0	  50	
  53	  56	  50	   2	 818	   3	   1	  17	  18	  18	  30	  70	  50	 446	136213	137031	   0	  40	
  54	  57	  30	   4	 916	   1	   2	  18	  18	  18	  30	  70	  50	 375	138707	139623	   0	  40	
  55	  58	  70	   2	 393	   2	   1	  18	  19	  18	  30	  70	  50	 598	141534	141927	   0	  30	
  56	  59	  50	   1	 549	   3	   1	  18	  19	  19	  30	  70	  50	 515	143746	144295	   0	  40	
  57	  60	  30	   3	 831	   1	   2	  19	  19	  19	  30	  70	  50	 418	146024	146855	   0	  40	
  58	  61	  50	   2	 639	   3	   1	  19	  19	  20	  30	  70	  50	 387	148552	149191	   0	  30	
  59	  62	  70	   1	 642	   2	   1	  19	  20	  20	  30	  70	  50	 519	151013	151655	   0	  40	
  60	  63	  50	   2	 552	   3	   1	  19	  20	  21	  30	  70	  50	 426	153374	153926	   0	  30	
  61	  64	  70	   1	 548	   2	   1	  19	  21	  21	  30	  70	  50	 337	155586	156134	   0	  40	
  62	  65	  50	   1	 482	   3	   1	  19	  21	  22	  30	  70	  50	 315	157764	158246	   0	  50	
  63	  66	  30	   2	 462	   1	   1	  20	  21	  22	  30	  70	  50	 424	159976	160438	   0	  40	
  64	  67	  70	   2	 514	   2	   1	  20	  22	  22	  30	  70	  50	 648	162404	162918	   0	  30	
  65	  68	  30	   4	 622	   1	   2	  21	  22	  22	  30	  70	  50	 383	164616	165238	   0	  30	
  66	  69	  50	   2	 521	   3	   1	  21	  22	  23	  30	  70	  50	 324	166861	167382	   0	  20	
  67	  70	  70	   1	 610	   2	   1	  21	  23	  23	  30	  70	  50	 494	169172	169782	   0	  30	
  68	  71	  50	   2	 738	   3	   1	  21	  23	  24	  30	  70	  50	 621	171700	172438	   0	  20	
  69	  72	  70	   1	 624	   2	   1	  21	  24	  24	  30	  70	  50	 512	174261	174885	   0	  30	
  70	  73	  50	   1	 631	   3	   1	  21	  24	  25	  30	  70	  50	 435	176622	177253	   0	  40	
  71	  74	  70	   1	 654	   2	   1	  21	  25	  25	  30	  70	  50	 392	178967	179621	   0	  50	
  72	  75	  50	   2	 488	   3	   1	  21	  25	  26	  30	  70	  50	 320	181245	181733	   0	  40	
  73	  76	  70	   2	 238	   2	   1	  21	  26	  26	  30	  70	  50	 581	183623	183861	   0	  30	
  74	  77	  50	   1	 373	   3	   1	  21	  26	  27	  30	  70	  50	 391	185552	185925	   0	  40	
  75	  78	  70	   1	 425	   2	   1	  21	  27	  27	  30	  70	  50	 328	187548	187973	   0	  50	
  76	  79	  50	   1	 435	   3	   1	  21	  27	  28	  30	  70	  50	 564	189842	190277	   0	  60	
  77	  80	  30	   3	 851	   1	   2	  22	  27	  28	  30	  70	  50	 352	191938	192789	   0	  60	
  78	  81	  70	   1	 490	   2	   1	  22	  28	  28	  30	  70	  50	 590	194682	195172	   0	  70	
  79	  82	  30	   4	 799	   1	   2	  23	  28	  28	  30	  70	  50	 638	197109	197908	   0	  70	
  80	  83	  50	   2	 444	   3	   1	  23	  28	  29	  30	  70	  50	 489	199704	200148	   0	  60	
  81	  84	  30	   4	 804	   1	   2	  24	  28	  29	  30	  70	  50	 547	202032	202836	   0	  60	
  82	  85	  70	   2	 411	   2	   1	  24	  29	  29	  30	  70	  50	 675	204809	205220	   0	  50	
  83	  86	  50	   1	 395	   3	   1	  24	  29	  30	  30	  70	  50	 408	206937	207332	   0	  60	
  84	  87	  70	   1	 439	   2	   1	  24	  30	  30	  30	  70	  50	 496	209149	209588	   0	  70	
  85	  88	  30	   4	1101	   3	   2	  24	  30	   1	  30	  70	  30	 619	211527	212628	   3	  70	
  86	  89	  30	   4	 869	   1	   2	  25	  30	   1	  30	  70	  30	 325	214254	215123	   0	  70	
  87	  90	  70	   1	 567	   2	   1	  25	  31	   1	  30	  70	  30	 304	216732	217299	   0	  80	
  88	  91	  30	   3	 741	   3	   2	  25	  31	   2	  30	  70	  30	 695	219310	220051	   0	  80	
  89	  92	  70	   2	 550	   2	   1	  25	  32	   2	  30	  70	  30	 473	221821	222371	   0	  70	
  90	  93	  30	   3	 708	   1	   2	  26	  32	   2	  30	  70	  30	 315	223999	224707	   0	  70	
  91	  94	  30	   4	 714	   3	   2	  26	  32	   3	  30	  70	  30	 335	226361	227075	   0	  70	
  92	  95	  30	   4	 886	   1	   2	  27	  32	   3	  30	  70	  30	 623	229005	229891	   0	  70	
  93	  96	  70	   1	 568	   2	   1	  27	  33	   3	  30	  70	  30	 308	231499	232067	   0	  80	
  94	  97	  30	   4	 825	   1	   2	  28	  33	   3	  30	  70	  30	 601	233977	234802	   0	  80	
  95	  98	  30	   4	 449	   3	   2	  28	  33	   4	  30	  70	  30	 626	236721	237170	   0	  80	
  96	  99	  30	   1	 661	   1	   1	  29	  33	   4	  30	  70	  30	 679	239165	239826	   0	  90	
  97	 100	  30	   4	 659	   3	   2	  29	  33	   5	  30	  70	  30	 596	241743	242402	   0	  90	
  98	 101	  20	   2	 896	   2	   1	  29	   1	   5	  30	  20	  30	 660	244370	245266	   2	  80	
  99	 102	  30	   4	 750	   1	   2	  30	   1	   5	  30	  20	  30	 385	246964	247714	   0	  80	
 100	 103	  20	   4	 672	   2	   2	  30	   2	   5	  30	  20	  30	 412	249442	250114	   0	  80	
 101	 104	  30	   3	 493	   3	   2	  30	   2	   6	  30	  20	  30	 602	252036	252529	   0	  80	
 102	 105	  20	   3	 534	   2	   2	  30	   3	   6	  30	  20	  30	 510	254331	254865	   0	  80	
 103	 106	  30	   4	 601	   3	   2	  30	   3	   7	  30	  20	  30	 625	256792	257393	   0	  80	
 104	 107	  20	   4	 656	   2	   2	  30	   4	   7	  30	  20	  30	 441	259137	259793	   0	  80	
 105	 108	  30	   4	 642	   3	   2	  30	   4	   8	  30	  20	  30	 521	261615	262257	   0	  80	
 106	 109	  20	   4	 599	   2	   2	  30	   5	   8	  30	  20	  30	 468	264026	264625	   0	  80	
 107	 110	  30	   4	 574	   1	   2	  31	   5	   8	  30	  20	  30	 443	266371	266945	   0	  80	
 108	 111	  30	   4	 645	   3	   2	  31	   5	   9	  30	  20	  30	 485	268732	269377	   0	  80	
 109	 112	  20	   3	 513	   2	   2	  31	   6	   9	  30	  20	  30	 675	271360	271873	   0	  80	
 110	 113	  30	   3	 456	   3	   2	  31	   6	  10	  30	  20	  30	 497	273688	274144	   0	  80	
 111	 114	  30	   3	 403	   1	   2	  32	   6	  10	  30	  20	  30	 472	275933	276336	   0	  80	
 112	 115	  30	   3	 537	   3	   2	  32	   6	  11	  30	  20	  30	 670	278311	278848	   0	  80	
 113	 116	  30	   4	 428	   1	   2	  33	   6	  11	  30	  20	  30	 630	280788	281216	   0	  80	
 114	 117	  30	   4	 474	   3	   2	  33	   6	  12	  30	  20	  30	 421	282950	283424	   0	  80	
 115	 118	  30	   4	 384	   1	   2	  34	   6	  12	  30	  20	  30	 609	285328	285712	   0	  80	
 116	 119	  30	   4	 514	   3	   2	  34	   6	  13	  30	  20	  30	 375	287390	287904	   0	  80	
 117	 120	  20	   4	 509	   2	   2	  34	   7	  13	  30	  20	  30	 412	289635	290144	   0	  80	
 118	 121	  30	   4	 350	   1	   2	  35	   7	  13	  30	  20	  30	 666	292113	292463	   0	  80	
 119	 122	  30	   4	 511	   3	   2	  35	   7	  14	  30	  20	  30	 429	294208	294719	   0	  80	
 120	 123	  80	   1	1067	   1	   1	   1	   7	  14	  80	  20	  30	 371	296420	297487	   1	  90	
 121	 124	  30	   3	 690	   3	   2	   1	   7	  15	  80	  20	  30	 385	299197	299887	   0	  90	
 122	 125	  80	   1	 461	   1	   1	   2	   7	  15	  80	  20	  30	 666	301858	302319	   0	 100	
 123	 126	  30	   4	 569	   3	   2	   2	   7	  16	  80	  20	  30	 455	304086	304655	   0	 100	
 124	 127	  80	   2	 411	   1	   1	   3	   7	  16	  80	  20	  30	 603	306564	306975	   0	  90	
 125	 128	  30	   4	 554	   3	   2	   3	   7	  17	  80	  20	  30	 431	308709	309263	   0	  90	
 126	 129	  20	   4	 915	   2	   2	   3	   8	  17	  80	  20	  30	 410	310971	311886	   0	  90	
 127	 130	  80	   1	 615	   1	   1	   4	   8	  17	  80	  20	  30	 635	313831	314446	   0	 100	
 128	 131	  30	   4	 571	   3	   2	   4	   8	  18	  80	  20	  30	 525	316275	316846	   0	 100	
 129	 132	  80	   1	 817	   1	   1	   5	   8	  18	  80	  20	  30	 483	318637	319454	   0	 110	
 130	 133	  30	   3	 739	   3	   2	   5	   8	  19	  80	  20	  30	 355	321115	321854	   0	 110	
 131	 134	  80	   2	 678	   1	   1	   6	   8	  19	  80	  20	  30	 425	323592	324270	   0	 100	
 132	 135	  20	   4	 690	   2	   2	   6	   9	  19	  80	  20	  30	 642	326220	326910	   0	 100	
 133	 136	  80	   1	 709	   1	   1	   7	   9	  19	  80	  20	  30	 477	328681	329390	   0	 110	
 134	 137	  20	   4	 728	   2	   2	   7	  10	  19	  80	  20	  30	 433	331125	331853	   0	 110	
 135	 138	  80	   1	 468	   1	   1	   8	  10	  19	  80	  20	  30	 579	333753	334221	   0	 120	
 136	 139	  20	   3	 761	   2	   2	   8	  11	  19	  80	  20	  30	 642	336164	336925	   0	 120	
 137	 140	  30	   4	 510	   3	   2	   8	  11	  20	  80	  20	  30	 336	338575	339085	   0	 120	
 138	 141	  80	   1	 731	   1	   1	   9	  11	  20	  80	  20	  30	 376	340754	341485	   0	 130	
 139	 142	  30	   3	 647	   3	   2	   9	  11	  21	  80	  20	  30	 603	343398	344045	   0	 130	
 140	 143	  20	   4	 502	   2	   2	   9	  12	  21	  80	  20	  30	 615	345975	346477	   0	 130	
 141	 144	  80	   1	 493	   1	   1	  10	  12	  21	  80	  20	  30	 519	348320	348813	   0	 140	
 142	 145	  30	   4	 518	   3	   2	  10	  12	  22	  80	  20	  30	 471	350582	351100	   0	 140	
 143	 146	  20	   4	 679	   2	   2	  10	  13	  22	  80	  20	  30	 682	353093	353772	   0	 140	
 144	 147	  30	   4	 560	   3	   2	  10	  13	  23	  80	  20	  30	 312	355404	355964	   0	 140	
 145	 148	  20	   4	 466	   2	   2	  10	  14	  23	  80	  20	  30	 618	357882	358348	   0	 140	
 146	 149	  80	   2	 770	   1	   1	  11	  14	  23	  80	  20	  30	 340	359994	360764	   0	 130	
 147	 150	  20	   2	 632	   2	   1	  11	  15	  23	  80	  20	  30	 300	362372	363004	   0	 120	
 148	 151	  80	   1	 721	   1	   1	  12	  15	  23	  80	  20	  30	 353	364667	365388	   0	 130	
 149	 152	  20	   4	 472	   2	   2	  12	  16	  23	  80	  20	  30	 321	367012	367484	   0	 130	
 150	 153	  30	   4	 433	   3	   2	  12	  16	  24	  80	  20	  30	 512	369306	369739	   0	 130	
 151	 154	  20	   4	 634	   2	   2	  12	  17	  24	  80	  20	  30	 516	371585	372219	   0	 130	
 152	 155	  80	   3	 467	   1	   2	  13	  17	  24	  80	  20	  30	 375	373896	374363	   0	 130	
 153	 156	  30	   4	 632	   3	   2	  13	  17	  25	  80	  20	  30	 633	376307	376939	   0	 130	
 154	 157	  80	   3	 505	   1	   2	  14	  17	  25	  80	  20	  30	 546	378802	379307	   0	 130	
 155	 158	  20	   3	 585	   2	   2	  14	  18	  25	  80	  20	  30	 317	380930	381515	   0	 130	
 156	 159	  30	   4	 651	   3	   2	  14	  18	  26	  80	  20	  30	 571	383392	384043	   0	 130	
 157	 160	  80	   1	 443	   1	   1	  15	  18	  26	  80	  20	  30	 608	385952	386395	   0	 140	
 158	 161	  20	   4	 860	   2	   2	  15	  19	  26	  80	  20	  30	 322	388015	388875	   0	 140	
 159	 162	  30	   3	 693	   3	   2	  15	  19	  27	  80	  20	  30	 543	390725	391418	   0	 140	
 160	 163	  80	   1	 716	   1	   1	  16	  19	  27	  80	  20	  30	 355	393070	393786	   0	 150	
 161	 164	  30	   4	 771	   3	   2	  16	  19	  28	  80	  20	  30	 302	395415	396186	   0	 150	
 162	 165	  20	   4	 726	   2	   2	  16	  20	  28	  80	  20	  30	 404	397892	398618	   0	 150	
 163	 166	  30	   4	 724	   3	   2	  16	  20	  29	  80	  20	  30	 560	400470	401194	   0	 150	
 164	 167	  80	   1	 785	   1	   1	  17	  20	  29	  80	  20	  30	 579	403081	403866	   0	 160	
 165	 168	  30	   3	 695	   3	   2	  17	  20	  30	  80	  20	  30	 308	405475	406170	   0	 160	
 166	 169	  20	   4	 648	   2	   2	  17	  21	  30	  80	  20	  30	 497	407986	408634	   0	 160	
 167	 170	  30	   4	 692	   3	   2	  17	  21	  31	  80	  20	  30	 651	410597	411289	   0	 160	
 168	 171	  80	   2	 794	   1	   1	  18	  21	  31	  80	  20	  30	 372	412959	413753	   0	 150	
 169	 172	  30	   4	 605	   3	   2	  18	  21	  32	  80	  20	  30	 355	415420	416025	   0	 150	
 170	 173	  20	   4	 684	   2	   2	  18	  22	  32	  80	  20	  30	 671	417997	418681	   0	 150	
 171	 174	  80	   1	 566	   1	   1	  19	  22	  32	  80	  20	  30	 683	420691	421257	   0	 160	
 172	 175	  30	   4	 782	   3	   2	  19	  22	  33	  80	  20	  30	 429	423003	423785	   0	 160	
 173	 176	  80	   1	 791	   1	   1	  20	  22	  33	  80	  20	  30	 644	425730	426521	   0	 170	
 174	 177	  30	   3	 641	   3	   2	  20	  22	  34	  80	  20	  30	 565	428391	429032	   0	 170	
 175	 178	  80	   1	 499	   1	   1	  21	  22	  34	  80	  20	  30	 553	430885	431384	   0	 180	
 176	 179	  30	   4	 513	   3	   2	  21	  22	  35	  80	  20	  30	 354	433047	433560	   0	 180	
 177	 180	  20	   3	 664	   2	   2	  21	  23	  35	  80	  20	  30	 526	435392	436056	   0	 180	
 178	 181	  70	   1	1064	   3	   1	  21	  23	   1	  80	  20	  70	 572	437952	439016	   3	 190	
 179	 182	  20	   4	 630	   2	   2	  21	  24	   1	  80	  20	  70	 623	440946	441576	   0	 190	
 180	 183	  80	   1	 736	   1	   1	  22	  24	   1	  80	  20	  70	 344	443224	443960	   0	 200	
 181	 184	  70	   2	 619	   3	   1	  22	  24	   2	  80	  20	  70	 617	445901	446520	   0	 190	
 182	 185	  20	   3	 688	   2	   2	  22	  25	   2	  80	  20	  70	 476	448296	448984	   0	 190	
 183	 186	  70	   1	 628	   3	   1	  22	  25	   3	  80	  20	  70	 418	450707	451335	   0	 200	
 184	 187	  20	   4	 771	   2	   2	  22	  26	   3	  80	  20	  70	 623	453268	454039	   0	 200	
 185	 188	  70	   2	 629	   3	   1	  22	  26	   4	  80	  20	  70	 399	455746	456375	   0	 190	
 186	 189	  20	   4	 925	   2	   2	  22	  27	   4	  80	  20	  70	 388	458074	458999	   0	 190	
 187	 190	  80	   2	 652	   1	   1	  23	  27	   4	  80	  20	  70	 334	460635	461287	   0	 180	
 188	 191	  70	   1	 570	   3	   1	  23	  27	   5	  80	  20	  70	 631	463229	463799	   0	 190	
 189	 192	  80	   1	 772	   1	   1	  24	  27	   5	  80	  20	  70	 381	465491	466263	   0	 200	
 190	 193	  20	   4	 674	   2	   2	  24	  28	   5	  80	  20	  70	 490	468052	468726	   0	 200	
 191	 194	  70	   1	 512	   3	   1	  24	  28	   6	  80	  20	  70	 595	470646	471158	   0	 210	
 192	 195	  20	   4	 776	   2	   2	  24	  29	   6	  80	  20	  70	 502	472974	473750	   0	 210	
 193	 196	  70	   1	 530	   3	   1	  24	  29	   7	  80	  20	  70	 630	475684	476214	   0	 220	
 194	 197	  80	   2	 550	   1	   1	  25	  29	   7	  80	  20	  70	 589	478112	478662	   0	 210	
 195	 198	  20	   4	 603	   2	   2	  25	  30	   7	  80	  20	  70	 544	480507	481110	   0	 210	
 196	 199	  70	   2	 562	   3	   1	  25	  30	   8	  80	  20	  70	 451	482868	483430	   0	 200	
 197	 200	  50	   3	 763	   2	   2	  25	   1	   8	  80	  50	  70	 363	485147	485910	   2	 200	
 198	 201	  80	   1	 577	   1	   1	  26	   1	   8	  80	  50	  70	 696	487924	488501	   0	 210	
 199	 202	  70	   1	 947	   3	   1	  26	   1	   9	  80	  50	  70	 604	490418	491365	   0	 220	
 200	 203	  50	   4	 786	   2	   2	  26	   2	   9	  80	  50	  70	 302	492979	493765	   0	 220	
 201	 204	  70	   1	 564	   3	   1	  26	   2	  10	  80	  50	  70	 390	495473	496037	   0	 230	
 202	 205	  50	   3	 794	   2	   2	  26	   3	  10	  80	  50	  70	 507	497851	498645	   0	 230	
 203	 206	  70	   2	 533	   3	   1	  26	   3	  11	  80	  50	  70	 552	500512	501045	   0	 220	
 204	 207	  50	   2	 856	   2	   1	  26	   4	  11	  80	  50	  70	 608	502957	503813	   0	 210	
 205	 208	  80	   1	 738	   1	   1	  27	   4	  11	  80	  50	  70	 546	505667	506405	   0	 220	
 206	 209	  50	   4	 520	   2	   2	  27	   5	  11	  80	  50	  70	 301	508012	508532	   0	 220	
 207	 210	  80	   1	 765	   1	   1	  28	   5	  11	  80	  50	  70	 576	510407	511172	   0	 230	
 208	 211	  70	   2	 753	   3	   1	  28	   5	  12	  80	  50	  70	 371	512851	513604	   0	 220	
 209	 212	  50	   3	 732	   2	   2	  28	   6	  12	  80	  50	  70	 612	515528	516260	   0	 220	
 210	 213	  80	   1	 768	   1	   1	  29	   6	  12	  80	  50	  70	 364	517940	518708	   0	 230	
 211	 214	  70	   1	 719	   3	   1	  29	   6	  13	  80	  50	  70	 476	520501	521220	   0	 240	
 212	 215	  80	   1	 752	   1	   1	  30	   6	  13	  80	  50	  70	 505	523028	523780	   0	 250	
 213	 216	  70	   1	 563	   3	   1	  30	   6	  14	  80	  50	  70	 409	525489	526052	   0	 260	
 214	 217	  50	   3	 727	   2	   2	  30	   7	  14	  80	  50	  70	 523	527884	528611	   0	 260	
 215	 218	  80	   1	 547	   1	   1	  31	   7	  14	  80	  50	  70	 609	530528	531075	   0	 270	
 216	 219	  50	   4	 452	   2	   2	  31	   8	  14	  80	  50	  70	 636	533023	533475	   0	 270	
 217	 220	  80	   1	 572	   1	   1	  32	   8	  14	  80	  50	  70	 565	535351	535923	   0	 280	
 218	 221	  70	   1	 465	   3	   1	  32	   8	  15	  80	  50	  70	 552	537778	538243	   0	 290	
 219	 222	  50	   4	 725	   2	   2	  32	   9	  15	  80	  50	  70	 647	540206	540931	   0	 290	
 220	 223	  70	   1	 603	   3	   1	  32	   9	  16	  80	  50	  70	 360	542584	543187	   0	 300	
 221	 224	  80	   1	 762	   1	   1	  33	   9	  16	  80	  50	  70	 627	545129	545891	   0	 310	
 222	 225	  50	   3	 763	   2	   2	  33	  10	  16	  80	  50	  70	 426	547623	548386	   0	 310	
 223	 226	  70	   2	 958	   3	   1	  33	  10	  17	  80	  50	  70	 390	550084	551042	   0	 300	
 224	 227	  20	   4	 584	   1	   2	   1	  10	  17	  20	  50	  70	 379	552762	553346	   1	 300	
 225	 228	  70	   1	 863	   3	   1	   1	  10	  18	  20	  50	  70	 468	555123	555986	   0	 310	
 226	 229	  20	   4	 756	   1	   2	   2	  10	  18	  20	  50	  70	 651	557950	558706	   0	 310	
 227	 230	  50	   4	 804	   2	   2	   2	  11	  18	  20	  50	  70	 466	560478	561282	   0	 310	
 228	 231	  70	   1	 645	   3	   1	   2	  11	  19	  20	  50	  70	 402	562989	563634	   0	 320	
 229	 232	  50	   3	 499	   2	   2	   2	  12	  19	  20	  50	  70	 657	565599	566098	   0	 320	
 230	 233	  70	   1	 914	   3	   1	   2	  12	  20	  20	  50	  70	 306	567711	568625	   0	 330	
 231	 234	  20	   4	 698	   1	   2	   3	  12	  20	  20	  50	  70	 497	570455	571153	   0	 330	
 232	 235	  70	   2	 653	   3	   1	   3	  12	  21	  20	  50	  70	 456	572916	573569	   0	 320	
 233	 236	  20	   3	 818	   1	   2	   4	  12	  21	  20	  50	  70	 429	575311	576129	   0	 320	
 234	 237	  50	   4	 700	   2	   2	   4	  13	  21	  20	  50	  70	 575	578005	578705	   0	 320	
 235	 238	  70	   1	 493	   3	   1	   4	  13	  22	  20	  50	  70	 503	580516	581009	   0	 330	
 236	 239	  50	   4	 769	   2	   2	   4	  14	  22	  20	  50	  70	 646	582960	583729	   0	 330	
 237	 240	  70	   1	 641	   3	   1	   4	  14	  23	  20	  50	  70	 448	585488	586129	   0	 340	
 238	 241	  50	   3	 752	   2	   2	   4	  15	  23	  20	  50	  70	 599	588032	588784	   0	 340	
 239	 242	  20	   4	 622	   1	   2	   5	  15	  23	  20	  50	  70	 527	590610	591232	   0	 340	
 240	 243	  50	   3	 664	   2	   2	   5	  16	  23	  20	  50	  70	 329	592872	593536	   0	 340	
 241	 244	  20	   4	 574	   1	   2	   6	  16	  23	  20	  50	  70	 381	595250	595824	   0	 340	
 242	 245	  70	   1	 843	   3	   1	   6	  16	  24	  20	  50	  70	 344	597461	598304	   0	 350	
 243	 246	  50	   4	 695	   2	   2	   6	  17	  24	  20	  50	  70	 481	600089	600784	   0	 350	
 244	 247	  20	   3	 595	   1	   2	   7	  17	  24	  20	  50	  70	 652	602749	603344	   0	 350	
 245	 248	  50	   3	 578	   2	   2	   7	  18	  24	  20	  50	  70	 622	605277	605855	   0	 350	
 246	 249	  70	   1	 798	   3	   1	   7	  18	  25	  20	  50	  70	 317	607489	608287	   0	 360	
 247	 250	  20	   4	 619	   1	   2	   8	  18	  25	  20	  50	  70	 518	610116	610735	   0	 360	
 248	 251	  70	   2	 609	   3	   1	   8	  18	  26	  20	  50	  70	 433	612478	613087	   0	 350	
 249	 252	  50	   4	 808	   2	   2	   8	  19	  26	  20	  50	  70	 449	614839	615647	   0	 350	
 250	 253	  20	   4	 827	   1	   2	   9	  19	  26	  20	  50	  70	 354	617300	618127	   0	 350	
 251	 254	  70	   1	 508	   3	   1	   9	  19	  27	  20	  50	  70	 349	619811	620319	   0	 360	
 252	 255	  50	   3	 632	   2	   2	   9	  20	  27	  20	  50	  70	 411	622023	622655	   0	 360	
 253	 256	  70	   1	 546	   3	   1	   9	  20	  28	  20	  50	  70	 341	624301	624847	   0	 370	
 254	 257	  50	   3	 452	   2	   2	   9	  21	  28	  20	  50	  70	 579	626746	627198	   0	 370	
 255	 258	  70	   2	 697	   3	   1	   9	  21	  29	  20	  50	  70	 645	629157	629854	   0	 360	
 256	 259	  50	   4	 737	   2	   2	   9	  22	  29	  20	  50	  70	 327	631485	632222	   0	 360	
 257	 260	  70	   1	 453	   3	   1	   9	  22	  30	  20	  50	  70	 391	633913	634366	   0	 370	
 258	 261	  20	   4	 639	   1	   2	  10	  22	  30	  20	  50	  70	 512	636191	636830	   0	 370	
 259	 262	  50	   2	 318	   3	   1	  10	  22	   1	  20	  50	  50	 591	638752	639070	   3	 360	
 260	 263	  50	   4	 504	   2	   2	  10	  23	   1	  20	  50	  50	 648	641030	641534	   0	 360	
 261	 264	  20	   4	 662	   1	   2	  11	  23	   1	  20	  50	  50	 333	643192	643854	   0	 360	
 262	 265	  50	   4	 582	   3	   2	  11	  23	   2	  20	  50	  50	 529	645703	646285	   0	 360	
 263	 266	  50	   4	 552	   2	   2	  11	  24	   2	  20	  50	  50	 591	648181	648733	   0	 360	
 264	 267	  50	   3	 651	   3	   2	  11	  24	   3	  20	  50	  50	 603	650642	651293	   0	 360	
 265	 268	  50	   3	 565	   2	   2	  11	  25	   3	  20	  50	  50	 321	652920	653485	   0	 360	
 266	 269	  20	   4	 448	   1	   2	  12	  25	   3	  20	  50	  50	 355	655149	655597	   0	 360	
 267	 270	  50	   3	 710	   2	   2	  12	  26	   3	  20	  50	  50	 635	657543	658253	   0	 360	
 268	 271	  50	   4	 666	   3	   2	  12	  26	   4	  20	  50	  50	 421	659971	660637	   0	 360	
 269	 272	  50	   4	 545	   2	   2	  12	  27	   4	  20	  50	  50	 363	662316	662861	   0	 360	
 270	 273	  50	   3	 437	   3	   2	  12	  27	   5	  20	  50	  50	 551	664727	665164	   0	 360	
 271	 274	  50	   3	 520	   2	   2	  12	  28	   5	  20	  50	  50	 692	667172	667692	   0	 360	
 272	 275	  20	   4	 571	   1	   2	  13	  28	   5	  20	  50	  50	 645	669649	670220	   0	 360	
 273	 276	  50	   3	 468	   3	   2	  13	  28	   6	  20	  50	  50	 412	671944	672412	   0	 360	
 274	 277	  50	   4	1002	   2	   2	  13	  29	   6	  20	  50	  50	 610	674322	675324	   0	 360	
 275	 278	  20	   3	 418	   1	   2	  14	  29	   6	  20	  50	  50	 434	677066	677484	   0	 360	
 276	 279	  50	   4	 425	   3	   2	  14	  29	   7	  20	  50	  50	 638	679427	679852	   0	 360	
 277	 280	  20	   4	 671	   1	   2	  15	  29	   7	  20	  50	  50	 659	681805	682476	   0	 360	
 278	 281	  50	   4	 452	   3	   2	  15	  29	   8	  20	  50	  50	 428	684200	684652	   0	 360	
 279	 282	  20	   3	 453	   1	   2	  16	  29	   8	  20	  50	  50	 302	686262	686715	   0	 360	
 280	 283	  50	   3	 531	   3	   2	  16	  29	   9	  20	  50	  50	 406	688424	688955	   0	 360	
 281	 284	  50	   3	 489	   2	   2	  16	  30	   9	  20	  50	  50	 523	690802	691291	   0	 360	
 282	 285	  20	   4	 294	   1	   2	  17	  30	   9	  20	  50	  50	 397	692997	693291	   0	 360	
 283	 286	  50	   3	 581	   2	   2	  17	  31	   9	  20	  50	  50	 551	695142	695723	   0	 360	
 284	 287	  20	   4	 375	   1	   2	  18	  31	   9	  20	  50	  50	 582	697620	697995	   0	 360	
 285	 288	  50	   3	 270	   3	   2	  18	  31	  10	  20	  50	  50	 674	699965	700235	   0	 360	
 286	 289	  20	   4	 613	   1	   2	  19	  31	  10	  20	  50	  50	 378	701910	702523	   0	 360	
 287	 290	  50	   3	 539	   3	   2	  19	  31	  11	  20	  50	  50	 425	704255	704794	   0	 360	
 288	 291	  50	   4	 510	   2	   2	  19	  32	  11	  20	  50	  50	 613	706716	707226	   0	 360	
 289	 292	  50	   3	 454	   3	   2	  19	  32	  12	  20	  50	  50	 496	709028	709482	   0	 360	
 290	 293	  50	   3	 462	   2	   2	  19	  33	  12	  20	  50	  50	 573	711356	711818	   0	 360	
 291	 294	  50	   2	1117	   3	   1	  19	  33	  13	  20	  50	  50	 348	713501	714618	   0	 350	
 292	 295	  20	   4	 491	   1	   2	  20	  33	  13	  20	  50	  50	 591	716511	717002	   0	 350	
 293	 296	  20	   4	 791	   2	   2	  20	   1	  13	  20	  20	  50	 392	718723	719514	   2	 350	
 294	 297	  20	   4	 514	   1	   2	  21	   1	  13	  20	  20	  50	 578	721400	721914	   0	 350	
 295	 298	  20	   4	 421	   2	   2	  21	   2	  13	  20	  20	  50	 618	723844	724265	   0	 350	
 296	 299	  20	   3	 471	   1	   2	  22	   2	  13	  20	  20	  50	 335	725906	726377	   0	 350	
 297	 300	  20	   4	 442	   2	   2	  22	   3	  13	  20	  20	  50	 671	728351	728793	   0	 350	
 298	 301	  50	   3	 454	   3	   2	  22	   3	  14	  20	  20	  50	 467	730563	731017	   0	 350	
 299	 302	  20	   4	 463	   2	   2	  22	   4	  14	  20	  20	  50	 554	732874	733337	   0	 350	
 300	 303	  50	   3	 416	   3	   2	  22	   4	  15	  20	  20	  50	 315	734969	735385	   0	 350	
 301	 304	  20	   3	 383	   2	   2	  22	   5	  15	  20	  20	  50	 391	737098	737481	   0	 350	
 302	 305	  20	   4	 545	   1	   2	  23	   5	  15	  20	  20	  50	 365	739160	739705	   0	 350	
 303	 306	  50	   4	 465	   3	   2	  23	   5	  16	  20	  20	  50	 666	741688	742153	   0	 350	
 304	 307	  20	   4	 453	   1	   2	  24	   5	  16	  20	  20	  50	 628	744099	744552	   0	 350	
 305	 308	  50	   4	 737	   3	   2	  24	   5	  17	  20	  20	  50	 448	746311	747048	   0	 350	
 306	 309	  20	   4	 564	   1	   2	  25	   5	  17	  20	  20	  50	 418	748772	749336	   0	 350	
 307	 310	  50	   3	 422	   3	   2	  25	   5	  18	  20	  20	  50	 596	751250	751672	   0	 350	
 308	 311	  20	   4	 477	   1	   2	  26	   5	  18	  20	  20	  50	 629	753611	754088	   0	 350	
 309	 312	  50	   4	 583	   3	   2	  26	   5	  19	  20	  20	  50	 510	755889	756472	   0	 350	
 310	 313	  20	   4	 444	   2	   2	  26	   6	  19	  20	  20	  50	 514	758300	758744	   0	 350	
 311	 314	  50	   4	 995	   3	   2	  26	   6	  20	  20	  20	  50	 563	760629	761624	   0	 350	
 312	 315	  20	   4	 706	   2	   2	  26	   7	  20	  20	  20	  50	 656	763589	764295	   0	 350	
 313	 316	  20	   4	 451	   1	   2	  27	   7	  20	  20	  20	  50	 504	766100	766551	   0	 350	
 314	 317	  20	   4	 547	   2	   2	  27	   8	  20	  20	  20	  50	 354	768212	768759	   0	 350	
 315	 318	  50	   4	 484	   3	   2	  27	   8	  21	  20	  20	  50	 662	770739	771223	   0	 350	
 316	 319	  20	   3	 286	   2	   2	  27	   9	  21	  20	  20	  50	 471	773001	773287	   0	 350	
 317	 320	  20	   3	 510	   1	   2	  28	   9	  21	  20	  20	  50	 515	775113	775623	   0	 350	
 318	 321	  50	   3	 670	   3	   2	  28	   9	  22	  20	  20	  50	 318	777241	777911	   0	 350	
 319	 322	  20	   4	 297	   1	   2	  29	   9	  22	  20	  20	  50	 686	779902	780199	   0	 350	
 320	 323	  50	   4	 322	   3	   2	  29	   9	  23	  20	  20	  50	 669	782180	782502	   0	 350	
 321	 324	  20	   4	 267	   1	   2	  30	   9	  23	  20	  20	  50	 651	784475	784742	   0	 350	
 322	 325	  20	   4	 454	   2	   2	  30	  10	  23	  20	  20	  50	 668	786720	787174	   0	 350	
 323	 326	  20	   4	 519	   1	   2	  31	  10	  23	  20	  20	  50	 328	788799	789318	   0	 350	
 324	 327	  50	   3	 433	   3	   2	  31	  10	  24	  20	  20	  50	 474	791093	791526	   0	 350	
 325	 328	  20	   4	 351	   2	   2	  31	  11	  24	  20	  20	  50	 416	793255	793606	   0	 350	
 326	 329	  50	   3	 346	   3	   2	  31	  11	  25	  20	  20	  50	 593	795500	795846	   0	 350	
 327	 330	  20	   4	 524	   2	   2	  31	  12	  25	  20	  20	  50	 408	797562	798086	   0	 350	
 328	 331	  20	   4	 377	   1	   2	  32	  12	  25	  20	  20	  50	 360	799741	800118	   0	 350	
 329	 332	  20	   4	 308	   2	   2	  32	  13	  25	  20	  20	  50	 574	801986	802294	   0	 350	
 330	 333	  50	   4	 387	   3	   2	  32	  13	  26	  20	  20	  50	 519	804114	804501	   0	 350	
 331	 334	  20	   3	 359	   1	   2	  33	  13	  26	  20	  20	  50	 695	806526	806885	   0	 350	
 332	 335	  20	   4	 706	   2	   2	  33	  14	  26	  20	  20	  50	 582	808771	809477	   0	 350	
 333	 336	  50	   3	 558	   3	   2	  33	  14	  27	  20	  20	  50	 641	811415	811973	   0	 350	
 334	 337	  20	   4	 323	   1	   2	  34	  14	  27	  20	  20	  50	 566	813842	814165	   0	 350	
 335	 338	  20	   4	 799	   2	   2	  34	  15	  27	  20	  20	  50	 584	816054	816853	   0	 350	
 336	 339	  20	   4	 264	   1	   2	  35	  15	  27	  20	  20	  50	 597	818765	819029	   0	 350	
 337	 340	  20	   4	 492	   2	   2	  35	  16	  27	  20	  20	  50	 412	820760	821252	   0	 350	
 338	 341	  80	   1	1123	   1	   1	   1	  16	  27	  80	  20	  50	 523	823105	824228	   1	 360	
 339	 342	  50	   3	 523	   3	   2	   1	  16	  28	  80	  20	  50	 323	825849	826372	   0	 360	
 340	 343	  80	   3	 425	   1	   2	   2	  16	  28	  80	  20	  50	 361	828027	828452	   0	 360	
 341	 344	  20	   4	 725	   2	   2	   2	  17	  28	  80	  20	  50	 468	830239	830964	   0	 360	
 342	 345	  50	   4	 901	   3	   2	   2	  17	  29	  80	  20	  50	 499	832767	833668	   0	 360	
 343	 346	  20	   3	 637	   2	   2	   2	  18	  29	  80	  20	  50	 536	835511	836148	   0	 360	
 344	 347	  80	   1	 633	   1	   1	   3	  18	  29	  80	  20	  50	 700	838155	838788	   0	 370	
 345	 348	  20	   3	 539	   2	   2	   3	  19	  29	  80	  20	  50	 551	840649	841188	   0	 370	
 346	 349	  50	   4	 783	   3	   2	   3	  19	  30	  80	  20	  50	 577	843060	843843	   0	 370	
 347	 350	  80	   1	 814	   1	   1	   4	  19	  30	  80	  20	  50	 460	845605	846419	   0	 380	
 348	 351	  50	   4	1203	   3	   2	   4	  19	  31	  80	  20	  50	 697	848432	849635	   0	 380	
 349	 352	  80	   2	 758	   1	   1	   5	  19	  31	  80	  20	  50	 386	851325	852083	   0	 370	
 350	 353	  50	   4	 632	   3	   2	   5	  19	  32	  80	  20	  50	 430	853819	854451	   0	 370	
 351	 354	  80	   1	 818	   1	   1	   6	  19	  32	  80	  20	  50	 309	856081	856899	   0	 380	
 352	 355	  20	   4	 680	   2	   2	   6	  20	  32	  80	  20	  50	 680	858891	859571	   0	 380	
 353	 356	  80	   1	 564	   1	   1	   7	  20	  32	  80	  20	  50	 623	861502	862066	   0	 390	
 354	 357	  50	   3	 736	   3	   2	   7	  20	  33	  80	  20	  50	 340	863714	864450	   0	 390	
 355	 358	  20	   3	 656	   2	   2	   7	  21	  33	  80	  20	  50	 504	866258	866914	   0	 390	
 356	 359	  70	   3	 837	   3	   2	   7	  21	   1	  80	  20	  70	 441	868669	869506	   3	 390	
 357	 360	  20	   4	 485	   2	   2	   7	  22	   1	  80	  20	  70	 383	871197	871682	   0	 390	
 358	 361	  80	   1	 789	   1	   1	   8	  22	   1	  80	  20	  70	 315	873309	874098	   0	 400	
 359	 362	  20	   4	 672	   2	   2	   8	  23	   1	  80	  20	  70	 565	875970	876642	   0	 400	
 360	 363	  70	   4	 703	   3	   2	   8	  23	   2	  80	  20	  70	 582	878531	879234	   0	 400	
 361	 364	  80	   2	 926	   1	   1	   9	  23	   2	  80	  20	  70	 517	881075	882001	   0	 390	
 362	 365	  70	   4	 843	   3	   2	   9	  23	   3	  80	  20	  70	 389	883702	884545	   0	 390	
 363	 366	  20	   4	 508	   2	   2	   9	  24	   3	  80	  20	  70	 352	886197	886705	   0	 390	
 364	 367	  70	   3	 806	   3	   2	   9	  24	   4	  80	  20	  70	 473	888475	889281	   0	 390	
 365	 368	  20	   4	 504	   2	   2	   9	  25	   4	  80	  20	  70	 381	890969	891473	   0	 390	
 366	 369	  80	   1	 843	   1	   1	  10	  25	   4	  80	  20	  70	 639	893414	894257	   0	 400	
 367	 370	  70	   3	 578	   3	   2	  10	  25	   5	  80	  20	  70	 632	896191	896769	   0	 400	
 368	 371	  20	   4	 738	   2	   2	  10	  26	   5	  80	  20	  70	 636	898719	899457	   0	 400	
 369	 372	  70	   3	 729	   3	   2	  10	  26	   6	  80	  20	  70	 307	901063	901792	   0	 400	
 370	 373	  80	   1	 838	   1	   1	  11	  26	   6	  80	  20	  70	 549	903658	904496	   0	 410	
 371	 374	  70	   4	 629	   3	   2	  11	  26	   7	  80	  20	  70	 398	906219	906848	   0	 410	
 372	 375	  80	   1	 666	   1	   1	  12	  26	   7	  80	  20	  70	 484	908646	909312	   0	 420	
 373	 376	  70	   3	 785	   3	   2	  12	  26	   8	  80	  20	  70	 370	910991	911776	   0	 420	
 374	 377	  20	   3	 746	   2	   2	  12	  27	   8	  80	  20	  70	 637	913718	914464	   0	 420	
 375	 378	  80	   1	 610	   1	   1	  13	  27	   8	  80	  20	  70	 676	916446	917056	   0	 430	
 376	 379	  70	   3	 698	   3	   2	  13	  27	   9	  80	  20	  70	 412	918774	919472	   0	 430	
 377	 380	  80	   1	 866	   1	   1	  14	  27	   9	  80	  20	  70	 306	921085	921951	   0	 440	
 378	 381	  70	   1	 649	   3	   1	  14	  27	  10	  80	  20	  70	 586	923846	924495	   0	 450	
 379	 382	  80	   1	 694	   1	   1	  15	  27	  10	  80	  20	  70	 672	926473	927167	   0	 460	
 380	 383	  20	   2	 484	   2	   1	  15	  28	  10	  80	  20	  70	 587	929067	929551	   0	 450	
 381	 384	  80	   1	 511	   1	   1	  16	  28	  10	  80	  20	  70	 419	931296	931807	   0	 460	
 382	 385	  70	   2	 741	   3	   1	  16	  28	  11	  80	  20	  70	 573	933690	934431	   0	 450	
 383	 386	  80	   1	 470	   1	   1	  17	  28	  11	  80	  20	  70	 448	936185	936655	   0	 460	
 384	 387	  20	   4	 630	   2	   2	  17	  29	  11	  80	  20	  70	 352	938313	938943	   0	 460	
 385	 388	  70	   1	 495	   3	   1	  17	  29	  12	  80	  20	  70	 316	940575	941070	   0	 470	
 386	 389	  20	   4	 355	   2	   2	  17	  30	  12	  80	  20	  70	 643	943019	943374	   0	 470	
 387	 390	  70	   1	 504	   3	   1	  17	  30	  13	  80	  20	  70	 313	944998	945502	   0	 480	
 388	 391	  80	   2	 432	   1	   1	  18	  30	  13	  80	  20	  70	 516	947326	947758	   0	 470	
 389	 392	  70	   2	 559	   3	   1	  18	  30	  14	  80	  20	  70	 410	949471	950030	   0	 460	
 390	 393	  20	   4	 815	   2	   2	  18	  31	  14	  80	  20	  70	 646	951983	952798	   0	 460	
 391	 394	  70	   1	 585	   3	   1	  18	  31	  15	  80	  20	  70	 570	954693	955278	   0	 470	
 392	 395	  20	   4	 803	   2	   2	  18	  32	  15	  80	  20	  70	 393	956971	957774	   0	 470	
 393	 396	  70	   1	 652	   3	   1	  18	  32	  16	  80	  20	  70	 588	959665	960317	   0	 480	
 394	 397	  80	   2	 721	   1	   1	  19	  32	  16	  80	  20	  70	 439	962060	962781	   0	 470	
 395	 398	  70	   2	1060	   3	   1	  19	  32	  17	  80	  20	  70	 444	964521	965581	   0	 460	
 396	 399	  20	   3	 728	   2	   2	  19	  33	  17	  80	  20	  70	 465	967365	968093	   0	 460	
 397	 400	  80	   1	 790	   1	   1	  20	  33	  17	  80	  20	  70	 576	969975	970765	   0	 470	
 398	 401	  20	   4	 790	   2	   2	  20	  34	  17	  80	  20	  70	 434	972503	973293	   0	 470	
 399	 402	  80	   2	 511	   1	   1	  21	  34	  17	  80	  20	  70	 630	975230	975741	   0	 460	
 400	 403	  20	   2	 471	   2	   1	  21	  35	  17	  80	  20	  70	 515	977558	978029	   0	 450	
 401	 404	  80	   1	 565	   1	   1	  22	  35	  17	  80	  20	  70	 342	979687	980252	   0	 460	
 402	 405	  80	   3	 901	   2	   2	  22	   1	  17	  80	  80	  70	 643	982215	983116	   2	 460	
 403	 406	  80	   1	 944	   1	   1	  23	   1	  17	  80	  80	  70	 474	984892	985836	   0	 470	
 404	 407	  80	   1	 898	   2	   1	  23	   2	  17	  80	  80	  70	 630	987786	988684	   0	 480	
 405	 408	  80	   1	 726	   1	   1	  24	   2	  17	  80	  80	  70	 667	990662	991388	   0	 490	
 406	 409	  80	   1	 490	   2	   1	  24	   3	  17	  80	  80	  70	 386	993074	993564	   0	 500	
 407	 410	  80	   1	 538	   1	   1	  25	   3	  17	  80	  80	  70	 339	995202	995740	   0	 510	
 408	 411	  80	   2	 574	   2	   1	  25	   4	  17	  80	  80	  70	 581	997630	998204	   0	 500	
 409	 412	  80	   1	 569	   1	   1	  26	   4	  17	  80	  80	  70	 358	999858	1000427	   0	 510	
 410	 413	  80	   1	 461	   2	   1	  26	   5	  17	  80	  80	  70	 544	1002270	1002731	   0	 520	
 411	 414	  80	   2	 570	   1	   1	  27	   5	  17	  80	  80	  70	 410	1004465	1005035	   0	 510	
 412	 415	  80	   1	 388	   2	   1	  27	   6	  17	  80	  80	  70	 410	1006743	1007131	   0	 520	
 413	 416	  80	   1	 625	   1	   1	  28	   6	  17	  80	  80	  70	 497	1008938	1009563	   0	 530	
 414	 417	  70	   1	 727	   3	   1	  28	   6	  18	  80	  80	  70	 454	1011316	1012043	   0	 540	
 415	 418	  80	   1	 548	   2	   1	  28	   7	  18	  80	  80	  70	 579	1013927	1014475	   0	 550	
 416	 419	  80	   1	 444	   1	   1	  29	   7	  18	  80	  80	  70	 478	1016255	1016699	   0	 560	
 417	 420	  80	   1	 817	   2	   1	  29	   8	  18	  80	  80	  70	 630	1018633	1019450	   0	 570	
 418	 421	  70	   1	 595	   3	   1	  29	   8	  19	  80	  80	  70	 346	1021111	1021706	   0	 580	
 419	 422	  80	   2	 444	   2	   1	  29	   9	  19	  80	  80	  70	 398	1023422	1023866	   0	 570	
 420	 423	  80	   1	 274	   1	   1	  30	   9	  19	  80	  80	  70	 633	1025800	1026074	   0	 580	
 421	 424	  70	   1	 433	   3	   1	  30	   9	  20	  80	  80	  70	 556	1027945	1028378	   0	 590	
 422	 425	  80	   1	 519	   2	   1	  30	  10	  20	  80	  80	  70	 621	1030307	1030826	   0	 600	
 423	 426	  30	   2	 709	   1	   1	   1	  10	  20	  30	  80	  70	 323	1032469	1033178	   1	 590	
 424	 427	  70	   1	 502	   3	   1	   1	  10	  21	  30	  80	  70	 499	1034980	1035482	   0	 600	
 425	 428	  80	   2	 533	   2	   1	   1	  11	  21	  30	  80	  70	 339	1037125	1037658	   0	 590	
 426	 429	  30	   3	 576	   1	   2	   2	  11	  21	  30	  80	  70	 365	1039337	1039913	   0	 590	
 427	 430	  70	   2	1021	   3	   1	   2	  11	  22	  30	  80	  70	 338	1041548	1042569	   0	 580	
 428	 431	  80	   1	 823	   2	   1	   2	  12	  22	  30	  80	  70	 356	1044226	1045049	   0	 590	
 429	 432	  70	   2	 629	   3	   1	   2	  12	  23	  30	  80	  70	 472	1046820	1047449	   0	 580	
 430	 433	  80	   1	 498	   2	   1	   2	  13	  23	  30	  80	  70	 679	1049447	1049945	   0	 590	
 431	 434	  70	   1	 529	   3	   1	   2	  13	  24	  30	  80	  70	 306	1051576	1052105	   0	 600	
 432	 435	  80	   1	 799	   2	   1	   2	  14	  24	  30	  80	  70	 327	1053738	1054537	   0	 610	
 433	 436	  70	   1	 511	   3	   1	   2	  14	  25	  30	  80	  70	 434	1056282	1056793	   0	 620	
 434	 437	  30	   3	 775	   1	   2	   3	  14	  25	  30	  80	  70	 462	1058577	1059352	   0	 620	
 435	 438	  70	   1	 758	   3	   1	   3	  14	  26	  30	  80	  70	 508	1061154	1061912	   0	 630	
 436	 439	  30	   4	 923	   1	   2	   4	  14	  26	  30	  80	  70	 333	1063549	1064472	   0	 630	
 437	 440	  70	   1	1025	   3	   1	   4	  14	  27	  30	  80	  70	 581	1066359	1067384	   0	 640	
 438	 441	  80	   1	 689	   2	   1	   4	  15	  27	  30	  80	  70	 630	1069319	1070008	   0	 650	
 439	 442	  70	   2	 527	   3	   1	   4	  15	  28	  30	  80	  70	 610	1071913	1072440	   0	 640	
 440	 443	  30	   4	 635	   1	   2	   5	  15	  28	  30	  80	  70	 364	1074109	1074744	   0	 640	
 441	 444	  80	   1	 452	   2	   1	   5	  16	  28	  30	  80	  70	 325	1076387	1076839	   0	 650	
 442	 445	  30	   2	 588	   1	   1	   6	  16	  28	  30	  80	  70	 588	1078731	1079319	   0	 640	
 443	 446	  80	   1	 654	   2	   1	   6	  17	  28	  30	  80	  70	 569	1081193	1081847	   0	 650	
 444	 447	  30	   3	 691	   1	   2	   7	  17	  28	  30	  80	  70	 457	1083604	1084295	   0	 650	
NaN	 448	  80	NaN	NaN	   2	   3	   7	  17	  28	  30	  80	  70	 432	1083604	NaN	   0	 650	
 445	 449	  30	   4	 645	   1	   2	   8	  17	  28	  30	  80	  70	 601	1089906	1090551	   0	 650	
 446	 450	  70	   1	 566	   3	   1	   8	  17	  29	  30	  80	  70	 552	1092417	1092983	   0	 660	
 447	 451	  30	   4	 522	   1	   2	   9	  17	  29	  30	  80	  70	 550	1094845	1095367	   0	 660	
 448	 452	  80	   2	 465	   2	   1	   9	  18	  29	  30	  80	  70	 495	1097173	1097638	   0	 650	
 449	 453	  70	   1	 572	   3	   1	   9	  18	  30	  30	  80	  70	 446	1099402	1099974	   0	 660	
 450	 454	  80	   1	 421	   2	   1	   9	  19	  30	  30	  80	  70	 417	1101697	1102118	   0	 670	
 451	 455	  30	   4	 711	   1	   2	  10	  19	  30	  30	  80	  70	 318	1103759	1104470	   0	 670	
 452	 456	  80	   1	 534	   2	   1	  10	  20	  30	  30	  80	  70	 552	1106336	1106870	   0	 680	
 453	 457	  70	   1	 704	   3	   1	  10	  20	  31	  30	  80	  70	 422	1108598	1109302	   0	 690	
 454	 458	  30	   3	 847	   1	   2	  11	  20	  31	  30	  80	  70	 576	1111175	1112022	   0	 690	
 455	 459	  70	   1	 507	   3	   1	  11	  20	  32	  30	  80	  70	 465	1113803	1114310	   0	 700	
 456	 460	  30	   4	 700	   1	   2	  12	  20	  32	  30	  80	  70	 664	1116281	1116981	   0	 700	
 457	 461	  80	   1	 488	   2	   1	  12	  21	  32	  30	  80	  70	 629	1118925	1119413	   0	 710	
 458	 462	  70	   1	 786	   3	   1	  12	  21	  33	  30	  80	  70	 488	1121203	1121989	   0	 720	
 459	 463	  30	   4	 850	   1	   2	  13	  21	  33	  30	  80	  70	 446	1123747	1124597	   0	 720	
 460	 464	  80	   1	 535	   2	   1	  13	  22	  33	  30	  80	  70	 660	1126558	1127093	   0	 730	
 461	 465	  30	   1	1212	   1	   1	  14	  22	  33	  30	  80	  70	 547	1128969	1130181	   0	 740	
 462	 466	  70	   2	 777	   3	   1	  14	  22	  34	  30	  80	  70	 517	1132012	1132789	   0	 730	
 463	 467	  80	   3	 619	   2	   2	  14	  23	  34	  30	  80	  70	 397	1134506	1135125	   0	 730	
 464	 468	  70	   1	 562	   3	   1	  14	  23	  35	  30	  80	  70	 406	1136834	1137396	   0	 740	
 465	 469	  30	   4	 697	   1	   2	  15	  23	  35	  30	  80	  70	 471	1139179	1139876	   0	 740	
 466	 470	  80	   1	 572	   2	   1	  15	  24	  35	  30	  80	  70	 447	1141640	1142212	   0	 750	
 467	 471	  30	   2	1464	   1	   1	  16	  24	  35	  30	  80	  70	 332	1143852	1145316	   0	 740	
 468	 472	  50	   2	1022	   3	   1	  16	  24	   1	  30	  80	  50	 417	1147062	1148084	   3	 730	
 469	 473	  30	   3	 647	   1	   2	  17	  24	   1	  30	  80	  50	 418	1149805	1150452	   0	 730	
 470	 474	  80	   2	 541	   2	   1	  17	  25	   1	  30	  80	  50	 404	1152167	1152708	   0	 720	
 471	 475	  30	   4	 606	   1	   2	  18	  25	   1	  30	  80	  50	 651	1154678	1155284	   0	 720	
 472	 476	  50	   1	 476	   3	   1	  18	  25	   2	  30	  80	  50	 665	1157255	1157731	   0	 730	
 473	 477	  80	   1	 615	   2	   1	  18	  26	   2	  30	  80	  50	 449	1159484	1160099	   0	 740	
 474	 478	  50	   2	 619	   3	   1	  18	  26	   3	  30	  80	  50	 523	1161928	1162547	   0	 730	
 475	 479	  80	   3	 834	   2	   2	  18	  27	   3	  30	  80	  50	 421	1164273	1165107	   0	 730	
 476	 480	  30	   4	 776	   1	   2	  19	  27	   3	  30	  80	  50	 672	1167083	1167859	   0	 730	
 477	 481	  50	   2	 671	   3	   1	  19	  27	   4	  30	  80	  50	 697	1169860	1170531	   0	 720	
 478	 482	  80	   1	 862	   2	   1	  19	  28	   4	  30	  80	  50	 580	1172421	1173283	   0	 730	
 479	 483	  50	   3	 922	   3	   2	  19	  28	   5	  30	  80	  50	 434	1175032	1175954	   0	 730	
 480	 484	  80	   2	 672	   2	   1	  19	  29	   5	  30	  80	  50	 577	1177826	1178498	   0	 720	
 481	 485	  30	   4	 745	   1	   2	  20	  29	   5	  30	  80	  50	 311	1180121	1180866	   0	 720	
 482	 486	  80	   1	 861	   2	   1	  20	  30	   5	  30	  80	  50	 371	1182549	1183410	   0	 730	
 483	 487	  50	   3	1008	   3	   2	  20	  30	   6	  30	  80	  50	 305	1185026	1186034	   0	 730	
 484	 488	  20	   1	 838	   2	   1	  20	   1	   6	  30	  20	  50	 448	1187820	1188658	   2	 740	
 485	 489	  30	   4	 641	   1	   2	  21	   1	   6	  30	  20	  50	 528	1190497	1191138	   0	 740	
 486	 490	  50	   3	1449	   3	   2	  21	   1	   7	  30	  20	  50	 375	1192809	1194258	   0	 740	
 487	 491	  30	   3	 710	   1	   2	  22	   1	   7	  30	  20	  50	 668	1196235	1196945	   0	 740	
 488	 492	  50	   3	1450	   3	   2	  22	   1	   8	  30	  20	  50	 414	1198679	1200129	   0	 740	
 489	 493	  20	   2	 825	   2	   1	  22	   2	   8	  30	  20	  50	 661	1202088	1202913	   0	 730	
 490	 494	  50	   2	 980	   3	   1	  22	   2	   9	  30	  20	  50	 538	1204749	1205729	   0	 720	
 491	 495	  30	   3	 852	   1	   2	  23	   2	   9	  30	  20	  50	 674	1207725	1208577	   0	 720	
 492	 496	  20	   2	 751	   2	   1	  23	   3	   9	  30	  20	  50	 497	1210386	1211137	   0	 710	
 493	 497	  50	   4	1191	   3	   2	  23	   3	  10	  30	  20	  50	 688	1213130	1214321	   0	 710	
 494	 498	  30	   4	 684	   1	   2	  24	   3	  10	  30	  20	  50	 315	1215940	1216624	   0	 710	
 495	 499	  50	   3	 767	   3	   2	  24	   3	  11	  30	  20	  50	 470	1218401	1219168	   0	 710	
 496	 500	  30	   4	1507	   1	   2	  25	   3	  11	  30	  20	  50	 359	1220829	1222336	   0	 710	
 497	 501	  50	   4	 613	   3	   2	  25	   3	  12	  30	  20	  50	 525	1224155	1224768	   0	 710	
 498	 502	  20	   3	 362	   2	   2	  25	   4	  12	  30	  20	  50	 479	1226566	1226928	   0	 710	
 499	 503	  30	   4	 595	   1	   2	  26	   4	  12	  30	  20	  50	 626	1228861	1229456	   0	 710	
 500	 504	  50	   3	1962	   3	   2	  26	   4	  13	  30	  20	  50	 437	1231206	1233168	   0	 710	
 501	 505	  30	   4	 528	   1	   2	  27	   4	  13	  30	  20	  50	 340	1234831	1235359	   0	 710	
 502	 506	  20	   2	1081	   2	   1	  27	   5	  13	  30	  20	  50	 445	1237126	1238207	   0	 700	
 503	 507	  50	   3	 831	   3	   2	  27	   5	  14	  30	  20	  50	 410	1239920	1240751	   0	 700	
 504	 508	  20	   2	 753	   2	   1	  27	   6	  14	  30	  20	  50	 351	1242414	1243167	   0	 690	
 505	 509	  50	   4	 867	   3	   2	  27	   6	  15	  30	  20	  50	 422	1244892	1245759	   0	 690	
 506	 510	  30	   3	1089	   1	   2	  28	   6	  15	  30	  20	  50	 398	1247470	1248559	   0	 690	
 507	 511	  50	   4	1258	   3	   2	  28	   6	  16	  30	  20	  50	 341	1250197	1251455	   0	 690	
 508	 512	  30	   4	 674	   1	   2	  29	   6	  16	  30	  20	  50	 591	1253340	1254014	   0	 690	
 509	 513	  20	   2	 949	   2	   1	  29	   7	  16	  30	  20	  50	 494	1255801	1256750	   0	 680	
 510	 514	  30	   4	 690	   1	   2	  30	   7	  16	  30	  20	  50	 360	1258412	1259102	   0	 680	
 511	 515	  50	   3	 515	   3	   2	  30	   7	  17	  30	  20	  50	 521	1260939	1261454	   0	 680	
 512	 516	  30	   4	 661	   1	   2	  31	   7	  17	  30	  20	  50	 646	1263417	1264078	   0	 680	
 513	 517	  20	   4	 726	   2	   2	  31	   8	  17	  30	  20	  50	 525	1265912	1266638	   0	 680	
 514	 518	  50	   4	 697	   3	   2	  31	   8	  18	  30	  20	  50	 460	1268389	1269086	   0	 680	
 515	 519	  20	   4	 505	   2	   2	  31	   9	  18	  30	  20	  50	 525	1270917	1271422	   0	 680	
 516	 520	  30	   4	 468	   1	   2	  32	   9	  18	  30	  20	  50	 432	1273162	1273630	   0	 680	
 517	 521	  20	   4	1403	   2	   2	  32	  10	  18	  30	  20	  50	 558	1275490	1276893	   0	 680	
 518	 522	  50	   3	 489	   3	   2	  32	  10	  19	  30	  20	  50	 311	1278500	1278989	   0	 680	
 519	 523	  30	   4	 668	   1	   2	  33	  10	  19	  30	  20	  50	 675	1280961	1281629	   0	 680	
 520	 524	  50	   4	 516	   3	   2	  33	  10	  20	  30	  20	  50	 359	1283289	1283805	   0	 680	
 521	 525	  80	   2	1661	   1	   1	   1	  10	  20	  80	  20	  50	 412	1285584	1287245	   1	 670	
 522	 526	  50	   4	 589	   3	   2	   1	  10	  21	  80	  20	  50	 411	1288960	1289549	   0	 670	
 523	 527	  80	   3	 510	   1	   2	   2	  10	  21	  80	  20	  50	 625	1291471	1291981	   0	 670	
 524	 528	  50	   4	 442	   3	   2	   2	  10	  22	  80	  20	  50	 390	1293666	1294108	   0	 670	
 525	 529	  80	   3	 611	   1	   2	   3	  10	  22	  80	  20	  50	 547	1295961	1296572	   0	 670	
 526	 530	  50	   3	 628	   3	   2	   3	  10	  23	  80	  20	  50	 587	1298472	1299100	   0	 670	
 527	 531	  80	   4	 870	   1	   2	   4	  10	  23	  80	  20	  50	 540	1300950	1301820	   0	 670	
 528	 532	  50	   3	 621	   3	   2	   4	  10	  24	  80	  20	  50	 619	1303743	1304364	   0	 670	
 529	 533	  80	   3	 417	   1	   2	   5	  10	  24	  80	  20	  50	 488	1306155	1306572	   0	 670	
 530	 534	  20	   4	 607	   2	   2	   5	  11	  24	  80	  20	  50	 458	1308333	1308940	   0	 670	
 531	 535	  50	   3	 557	   3	   2	   5	  11	  25	  80	  20	  50	 671	1310927	1311484	   0	 670	
 532	 536	  20	   4	 537	   2	   2	   5	  12	  25	  80	  20	  50	 327	1313106	1313643	   0	 670	
 533	 537	  80	   3	 690	   1	   2	   6	  12	  25	  80	  20	  50	 469	1315417	1316107	   0	 670	
 534	 538	  50	   3	 698	   3	   2	   6	  12	  26	  80	  20	  50	 316	1317729	1318427	   0	 670	
 535	 539	  20	   4	 459	   2	   2	   6	  13	  26	  80	  20	  50	 506	1320240	1320699	   0	 670	
 536	 540	  50	   4	 603	   3	   2	   6	  13	  27	  80	  20	  50	 351	1322352	1322955	   0	 670	
 537	 541	  20	   3	 942	   2	   2	   6	  14	  27	  80	  20	  50	 567	1324829	1325771	   0	 670	
 538	 542	  50	   4	1183	   3	   2	   6	  14	  28	  80	  20	  50	 679	1327756	1328939	   0	 670	
 539	 543	  20	   4	 591	   2	   2	   6	  15	  28	  80	  20	  50	 453	1330700	1331291	   0	 670	
 540	 544	  80	   1	 635	   1	   1	   7	  15	  28	  80	  20	  50	 328	1332911	1333546	   0	 680	
 541	 545	  20	   3	 672	   2	   2	   7	  16	  28	  80	  20	  50	 457	1335322	1335994	   0	 680	
 542	 546	  50	   3	 631	   3	   2	   7	  16	  29	  80	  20	  50	 358	1337651	1338282	   0	 680	
 543	 547	  20	   4	 509	   2	   2	   7	  17	  29	  80	  20	  50	 430	1340029	1340538	   0	 680	
 544	 548	  80	   1	 761	   1	   1	   8	  17	  29	  80	  20	  50	 416	1342257	1343018	   0	 690	
 545	 549	  50	   4	 611	   3	   2	   8	  17	  30	  80	  20	  50	 627	1344951	1345562	   0	 690	
 546	 550	  20	   4	 647	   2	   2	   8	  18	  30	  80	  20	  50	 519	1347395	1348042	   0	 690	
 547	 551	  80	   1	1382	   1	   1	   9	  18	  30	  80	  20	  50	 584	1349940	1351322	   0	 700	
 548	 552	  20	   4	1115	   2	   2	   9	  19	  30	  80	  20	  50	 554	1353182	1354297	   0	 700	
 549	 553	  80	   1	 736	   1	   1	  10	  19	  30	  80	  20	  50	 394	1355993	1356729	   0	 710	
 550	 554	  50	   3	 602	   3	   2	  10	  19	  31	  80	  20	  50	 655	1358687	1359289	   0	 710	
 551	 555	  20	   4	 672	   2	   2	  10	  20	  31	  80	  20	  50	 454	1361065	1361737	   0	 710	
 552	 556	  50	   4	 463	   3	   2	  10	  20	  32	  80	  20	  50	 596	1363642	1364105	   0	 710	
 553	 557	  80	   1	 811	   1	   1	  11	  20	  32	  80	  20	  50	 429	1365854	1366665	   0	 720	
 554	 558	  50	   4	 655	   3	   2	  11	  20	  33	  80	  20	  50	 313	1368298	1368953	   0	 720	
 555	 559	  80	   1	 838	   1	   1	  12	  20	  33	  80	  20	  50	 347	1370610	1371448	   0	 730	
 556	 560	  30	   4	 750	   3	   2	  12	  20	   1	  80	  20	  30	 596	1373370	1374120	   3	 730	
 557	 561	  80	   1	 850	   1	   1	  13	  20	   1	  80	  20	  30	 348	1375782	1376632	   0	 740	
 558	 562	  20	   4	1095	   2	   2	  13	  21	   1	  80	  20	  30	 686	1378625	1379720	   0	 740	
 559	 563	  30	   4	1134	   3	   2	  13	  21	   2	  80	  20	  30	 353	1381386	1382520	   0	 740	
 560	 564	  20	   3	 931	   2	   2	  13	  22	   2	  80	  20	  30	 405	1384229	1385160	   0	 740	
 561	 565	  80	   2	 822	   1	   1	  14	  22	   2	  80	  20	  30	 623	1387106	1387928	   0	 730	
 562	 566	  20	   4	 673	   2	   2	  14	  23	   2	  80	  20	  30	 510	1389734	1390407	   0	 730	
 563	 567	  80	   1	 892	   1	   1	  15	  23	   2	  80	  20	  30	 700	1392411	1393303	   0	 740	
 564	 568	  30	   4	 766	   3	   2	  15	  23	   3	  80	  20	  30	 700	1395305	1396071	   0	 740	
 565	 569	  20	   4	 611	   2	   2	  15	  24	   3	  80	  20	  30	 334	1397716	1398327	   0	 740	
 566	 570	  80	   2	 734	   1	   1	  16	  24	   3	  80	  20	  30	 329	1399977	1400711	   0	 730	
 567	 571	  20	   4	 657	   2	   2	  16	  25	   3	  80	  20	  30	 399	1402422	1403079	   0	 730	
 568	 572	  80	   1	 850	   1	   1	  17	  25	   3	  80	  20	  30	 560	1404933	1405783	   0	 740	
 569	 573	  30	   4	 607	   3	   2	  17	  25	   4	  80	  20	  30	 446	1407544	1408151	   0	 740	
 570	 574	  20	   4	 499	   2	   2	  17	  26	   4	  80	  20	  30	 516	1409972	1410471	   0	 740	
 571	 575	  30	   3	 481	   3	   2	  17	  26	   5	  80	  20	  30	 333	1412133	1412614	   0	 740	
 572	 576	  20	   4	 467	   2	   2	  17	  27	   5	  80	  20	  30	 684	1414611	1415078	   0	 740	
 573	 577	  80	   1	 737	   1	   1	  18	  27	   5	  80	  20	  30	 395	1416773	1417510	   0	 750	
 574	 578	  20	   3	 541	   2	   2	  18	  28	   5	  80	  20	  30	 605	1419417	1419958	   0	 750	
 575	 579	  30	   4	 455	   3	   2	  18	  28	   6	  80	  20	  30	 437	1421695	1422150	   0	 750	
 576	 580	  20	   4	 427	   2	   2	  18	  29	   6	  80	  20	  30	 655	1424107	1424534	   0	 750	
 577	 581	  80	   3	 630	   1	   2	  19	  29	   6	  80	  20	  30	 525	1426352	1426982	   0	 750	
 578	 582	  20	   4	 470	   2	   2	  19	  30	   6	  80	  20	  30	 602	1428896	1429366	   0	 750	
 579	 583	  30	   3	 576	   3	   2	  19	  30	   7	  80	  20	  30	 464	1431141	1431717	   0	 750	
 580	 584	  20	   4	 483	   2	   2	  19	  31	   7	  80	  20	  30	 578	1433602	1434085	   0	 750	
 581	 585	  30	   4	 441	   3	   2	  19	  31	   8	  80	  20	  30	 571	1435980	1436421	   0	 750	
 582	 586	  80	   1	 714	   1	   1	  20	  31	   8	  80	  20	  30	 344	1438059	1438773	   0	 760	
NaN	 587	  30	NaN	NaN	   3	   3	  20	  31	   8	  80	  20	  30	 321	1438059	NaN	   0	 760	
 583	 588	  80	   3	 436	   1	   2	  21	  31	   8	  80	  20	  30	 477	1444145	1444581	   0	 760	
 584	 589	  20	   4	 629	   2	   2	  21	  32	   8	  80	  20	  30	 344	1446224	1446853	   0	 760	
 585	 590	  30	   4	 525	   3	   2	  21	  32	   9	  80	  20	  30	 386	1448552	1449077	   0	 760	
 586	 591	  80	   2	 622	   1	   1	  22	  32	   9	  80	  20	  30	 660	1451030	1451652	   0	 750	
 587	 592	  20	   4	 646	   2	   2	  22	  33	   9	  80	  20	  30	 428	1453374	1454020	   0	 750	
 588	 593	  80	   1	 812	   1	   1	  23	  33	   9	  80	  20	  30	 410	1455736	1456548	   0	 760	
 589	 594	  20	   4	 463	   2	   2	  23	  34	   9	  80	  20	  30	 339	1458197	1458660	   0	 760	
 590	 595	  80	   1	 608	   1	   1	  24	  34	   9	  80	  20	  30	 325	1460292	1460900	   0	 770	
 591	 596	  30	   3	 451	   3	   2	  24	  34	  10	  80	  20	  30	 519	1462737	1463188	   0	 770	
NaN	 597	  80	NaN	NaN	   1	   3	  24	  34	  10	  80	  20	  30	 547	1462737	NaN	   0	 770	
 592	 598	  20	   4	 669	   2	   2	  24	  35	  10	  80	  20	  30	 510	1468823	1469492	   0	 770	
 593	 599	  80	   1	 429	   1	   1	  25	  35	  10	  80	  20	  30	 543	1471334	1471763	   0	 780	
 594	 600	  30	   4	 551	   3	   2	  25	  35	  11	  80	  20	  30	 529	1473612	1474163	   0	 780	
 595	 601	  80	   1	 483	   1	   1	  26	  35	  11	  80	  20	  30	 357	1475824	1476307	   0	 790	
 596	 602	  70	   3	 666	   2	   2	  26	   1	  11	  80	  70	  30	 557	1478185	1478851	   2	 790	
 597	 603	  30	   4	 687	   3	   2	  26	   1	  12	  80	  70	  30	 415	1480580	1481267	   0	 790	
 598	 604	  70	   3	 433	   2	   2	  26	   2	  12	  80	  70	  30	 484	1483058	1483491	   0	 790	
 599	 605	  30	   4	1414	   3	   2	  26	   2	  13	  80	  70	  30	 663	1485469	1486883	   0	 790	
 600	 606	  70	   3	 580	   2	   2	  26	   3	  13	  80	  70	  30	 305	1488495	1489075	   0	 790	
 601	 607	  30	   4	 410	   3	   2	  26	   3	  14	  80	  70	  30	 444	1490840	1491250	   0	 790	
 602	 608	  70	   3	 596	   2	   2	  26	   4	  14	  80	  70	  30	 549	1493102	1493698	   0	 790	
 603	 609	  30	   3	 619	   3	   2	  26	   4	  15	  80	  70	  30	 429	1495447	1496066	   0	 790	
 604	 610	  80	   1	 521	   1	   1	  27	   4	  15	  80	  70	  30	 676	1498041	1498562	   0	 800	
 605	 611	  70	   2	 470	   2	   1	  27	   5	  15	  80	  70	  30	 390	1500252	1500722	   0	 790	
 606	 612	  30	   4	 735	   3	   2	  27	   5	  16	  80	  70	  30	 520	1502547	1503282	   0	 790	
 607	 613	  70	   1	 485	   2	   1	  27	   6	  16	  80	  70	  30	 312	1504909	1505394	   0	 800	
 608	 614	  80	   2	 829	   1	   1	  28	   6	  16	  80	  70	  30	 537	1507237	1508066	   0	 790	
 609	 615	  70	   2	 756	   2	   1	  28	   7	  16	  80	  70	  30	 598	1509981	1510737	   0	 780	
 610	 616	  30	   4	 746	   3	   2	  28	   7	  17	  80	  70	  30	 325	1512359	1513105	   0	 780	
 611	 617	  80	   1	 575	   1	   1	  29	   7	  17	  80	  70	  30	 358	1514786	1515361	   0	 790	
 612	 618	  30	   4	1208	   3	   2	  29	   7	  18	  80	  70	  30	 401	1517065	1518273	   0	 790	
 613	 619	  70	   1	 644	   2	   1	  29	   8	  18	  80	  70	  30	 567	1520141	1520785	   0	 800	
 614	 620	  30	   3	 667	   3	   2	  29	   8	  19	  80	  70	  30	 385	1522486	1523153	   0	 800	
 615	 621	  70	   1	 893	   2	   1	  29	   9	  19	  80	  70	  30	 518	1524980	1525873	   0	 810	
 616	 622	  80	   1	 766	   1	   1	  30	   9	  19	  80	  70	  30	 695	1527874	1528640	   0	 820	
 617	 623	  70	   2	 543	   2	   1	  30	  10	  19	  80	  70	  30	 442	1530385	1530928	   0	 810	
 618	 624	  50	   4	 785	   1	   2	   1	  10	  19	  50	  70	  30	 621	1532879	1533664	   1	 810	
 619	 625	  30	   3	 914	   3	   2	   1	  10	  20	  50	  70	  30	 426	1535390	1536304	   0	 810	
 620	 626	  70	   1	 575	   2	   1	   1	  11	  20	  50	  70	  30	 392	1538001	1538576	   0	 820	
 621	 627	  50	   4	 734	   1	   2	   2	  11	  20	  50	  70	  30	 666	1540562	1541296	   0	 820	
 622	 628	  30	   3	 707	   3	   2	   2	  11	  21	  50	  70	  30	 350	1542957	1543664	   0	 820	
 623	 629	  50	   4	 567	   1	   2	   3	  11	  21	  50	  70	  30	 439	1545401	1545968	   0	 820	
 624	 630	  70	   1	 998	   2	   1	   3	  12	  21	  50	  70	  30	 673	1547945	1548943	   0	 830	
 625	 631	  30	   4	 992	   3	   2	   3	  12	  22	  50	  70	  30	 391	1550639	1551631	   0	 830	
 626	 632	  50	   3	1095	   1	   2	   4	  12	  22	  50	  70	  30	 492	1553416	1554511	   0	 830	
 627	 633	  70	   1	 698	   2	   1	   4	  13	  22	  50	  70	  30	 459	1556277	1556975	   0	 840	
 628	 634	  30	   4	 684	   3	   2	   4	  13	  23	  50	  70	  30	 480	1558771	1559455	   0	 840	
 629	 635	  50	   3	 583	   1	   2	   5	  13	  23	  50	  70	  30	 694	1561448	1562031	   0	 840	
 630	 636	  30	   4	 531	   3	   2	   5	  13	  24	  50	  70	  30	 313	1563660	1564191	   0	 840	
 631	 637	  50	   4	 410	   1	   2	   6	  13	  24	  50	  70	  30	 486	1566005	1566415	   0	 840	
 632	 638	  30	   4	 495	   3	   2	   6	  13	  25	  50	  70	  30	 663	1568383	1568878	   0	 840	
 633	 639	  70	   1	 749	   2	   1	   6	  14	  25	  50	  70	  30	 378	1570561	1571310	   0	 850	
 634	 640	  50	   3	 561	   1	   2	   7	  14	  25	  50	  70	  30	 371	1572989	1573550	   0	 850	
 635	 641	  70	   4	 443	   2	   2	   7	  15	  25	  50	  70	  30	 386	1575251	1575694	   0	 850	
 636	 642	  30	   4	 527	   3	   2	   7	  15	  26	  50	  70	  30	 699	1577695	1578222	   0	 850	
 637	 643	  50	   3	 846	   1	   2	   8	  15	  26	  50	  70	  30	 309	1579824	1580670	   0	 850	
 638	 644	  70	   1	 406	   2	   1	   8	  16	  26	  50	  70	  30	 588	1582568	1582974	   0	 860	
 639	 645	  30	   3	 575	   3	   2	   8	  16	  27	  50	  70	  30	 582	1584863	1585438	   0	 860	
 640	 646	  70	   3	 423	   2	   2	   8	  17	  27	  50	  70	  30	 446	1587191	1587614	   0	 860	
 641	 647	  50	   3	 588	   1	   2	   9	  17	  27	  50	  70	  30	 634	1589569	1590157	   0	 860	
 642	 648	  30	   4	 853	   3	   2	   9	  17	  28	  50	  70	  30	 402	1591864	1592717	   0	 860	
 643	 649	  50	   4	 552	   1	   2	  10	  17	  28	  50	  70	  30	 319	1594341	1594893	   0	 860	
 644	 650	  30	   4	 595	   3	   2	  10	  17	  29	  50	  70	  30	 362	1596570	1597165	   0	 860	
 645	 651	  70	   1	 685	   2	   1	  10	  18	  29	  50	  70	  30	 369	1598848	1599533	   0	 870	
 646	 652	  30	   3	 493	   3	   2	  10	  18	  30	  50	  70	  30	 536	1601376	1601869	   0	 870	
 647	 653	  50	   3	 588	   1	   2	  11	  18	  30	  50	  70	  30	 362	1603537	1604125	   0	 870	
 648	 654	  70	   2	 768	   2	   1	  11	  19	  30	  50	  70	  30	 522	1605949	1606717	   0	 860	
 649	 655	  50	   4	 458	   1	   2	  12	  19	  30	  50	  70	  30	 611	1608626	1609084	   0	 860	
 650	 656	  70	   2	 665	   2	   1	  12	  20	  30	  50	  70	  30	 390	1610771	1611436	   0	 850	
 651	 657	  30	   4	 612	   3	   2	  12	  20	   1	  50	  70	  30	 683	1613448	1614060	   0	 850	
 652	 658	  50	   4	 844	   1	   2	  13	  20	   1	  50	  70	  30	 379	1615760	1616604	   0	 850	
 653	 659	  30	   4	 766	   3	   2	  13	  20	   2	  50	  70	  30	 318	1618238	1619004	   0	 850	
 654	 660	  70	   2	1442	   2	   1	  13	  21	   2	  50	  70	  30	 372	1620682	1622124	   0	 840	
 655	 661	  30	   4	 582	   3	   2	  13	  21	   3	  50	  70	  30	 523	1623942	1624524	   0	 840	
 656	 662	  70	   1	 711	   2	   1	  13	  22	   3	  50	  70	  30	 627	1626453	1627164	   0	 850	
 657	 663	  30	   4	 629	   3	   2	  13	  22	   4	  50	  70	  30	 560	1629030	1629659	   0	 850	
 658	 664	  70	   1	1363	   2	   1	  13	  23	   4	  50	  70	  30	 659	1631624	1632987	   0	 860	
 659	 665	  50	   3	 972	   1	   2	  14	  23	   4	  50	  70	  30	 448	1634751	1635723	   0	 860	
 660	 666	  30	   3	 717	   3	   2	  14	  23	   5	  50	  70	  30	 675	1637694	1638411	   0	 860	
 661	 667	  70	   1	 843	   2	   1	  14	  24	   5	  50	  70	  30	 543	1640272	1641115	   0	 870	
 662	 668	  30	   4	 633	   3	   2	  14	  24	   6	  50	  70	  30	 449	1642882	1643515	   0	 870	
 663	 669	  50	   3	 568	   1	   2	  15	  24	   6	  50	  70	  30	 588	1645410	1645978	   0	 870	
 664	 670	  70	   1	1514	   2	   1	  15	  25	   6	  50	  70	  30	 617	1647904	1649418	   0	 880	
 665	 671	  50	   4	 472	   1	   2	  16	  25	   6	  50	  70	  30	 589	1651314	1651786	   0	 880	
 666	 672	  30	   3	 814	   3	   2	  16	  25	   7	  50	  70	  30	 618	1653708	1654522	   0	 880	
 667	 673	  70	   1	 818	   2	   1	  16	  26	   7	  50	  70	  30	 309	1656136	1656954	   0	 890	
 668	 674	  30	   4	 737	   3	   2	  16	  26	   8	  50	  70	  30	 431	1658697	1659434	   0	 890	
 669	 675	  50	   3	 696	   1	   2	  17	  26	   8	  50	  70	  30	 309	1661042	1661738	   0	 890	
 670	 676	  70	   2	 798	   2	   1	  17	  27	   8	  50	  70	  30	 395	1663436	1664234	   0	 880	
 671	 677	  30	   4	 859	   3	   2	  17	  27	   9	  50	  70	  30	 467	1666030	1666889	   0	 880	
 672	 678	  50	   4	1047	   1	   2	  18	  27	   9	  50	  70	  30	 466	1668658	1669705	   0	 880	
 673	 679	  70	   1	 826	   2	   1	  18	  28	   9	  50	  70	  30	 542	1671551	1672377	   0	 890	
 674	 680	  50	   3	 708	   1	   2	  19	  28	   9	  50	  70	  30	 572	1674245	1674953	   0	 890	
 675	 681	  30	   3	 566	   3	   2	  19	  28	  10	  50	  70	  30	 446	1676707	1677273	   0	 890	
 676	 682	  50	   4	 501	   1	   2	  20	  28	  10	  50	  70	  30	 695	1679284	1679785	   0	 890	
 677	 683	  30	   4	 487	   3	   2	  20	  28	  11	  50	  70	  30	 676	1681762	1682249	   0	 890	
 678	 684	  50	   3	 461	   1	   2	  21	  28	  11	  50	  70	  30	 593	1684140	1684601	   0	 890	
 679	 685	  70	   1	 909	   2	   1	  21	  29	  11	  50	  70	  30	 308	1686219	1687128	   0	 900	
 680	 686	  50	   3	 721	   1	   2	  22	  29	  11	  50	  70	  30	 631	1689079	1689800	   0	 900	
 681	 687	  70	   2	 887	   2	   1	  22	  30	  11	  50	  70	  30	 329	1691457	1692344	   0	 890	
 682	 688	  50	   3	 715	   1	   2	  23	  30	  11	  50	  70	  30	 662	1694317	1695032	   0	 890	
 683	 689	  30	   4	 569	   3	   2	  23	  30	  12	  50	  70	  30	 577	1696911	1697480	   0	 890	
 684	 690	  50	   4	 545	   1	   2	  24	  30	  12	  50	  70	  30	 451	1699239	1699784	   0	 890	
 685	 691	  30	   4	 434	   3	   2	  24	  30	  13	  50	  70	  30	 658	1701750	1702184	   0	 890	
 686	 692	  70	   1	 758	   2	   1	  24	  31	  13	  50	  70	  30	 660	1704145	1704903	   0	 900	
 687	 693	  30	   4	 422	   3	   2	  24	  31	  14	  50	  70	  30	 477	1706673	1707095	   0	 900	
 688	 694	  50	   4	 527	   1	   2	  25	  31	  14	  50	  70	  30	 589	1708984	1709511	   0	 900	
 689	 695	  70	   3	 786	   2	   2	  25	  32	  14	  50	  70	  30	 640	1711445	1712231	   0	 900	
 690	 696	  30	   3	 501	   3	   2	  25	  32	  15	  50	  70	  30	 372	1713906	1714407	   0	 900	
 691	 697	  50	   4	 611	   1	   2	  26	  32	  15	  50	  70	  30	 316	1716068	1716679	   0	 900	
 692	 698	  30	   4	 642	   3	   2	  26	  32	  16	  50	  70	  30	 632	1718629	1719271	   0	 900	
 693	 699	  50	   4	 632	   1	   2	  27	  32	  16	  50	  70	  30	 444	1721007	1721639	   0	 900	
 694	 700	  30	   4	 557	   3	   2	  27	  32	  17	  50	  70	  30	 465	1723418	1723975	   0	 900	
 695	 701	  70	   1	 819	   2	   1	  27	  33	  17	  50	  70	  30	 463	1725747	1726566	   0	 910	
 696	 702	  30	   4	 951	   3	   2	  27	  33	  18	  50	  70	  30	 313	1728191	1729142	   0	 910	
 697	 703	  50	   3	 718	   1	   2	  28	  33	  18	  50	  70	  30	 509	1730952	1731670	   0	 910	
 698	 704	  30	   3	 601	   3	   2	  28	  33	  19	  50	  70	  30	 660	1733629	1734230	   0	 910	
 699	 705	  50	   4	 613	   1	   2	  29	  33	  19	  50	  70	  30	 326	1735857	1736470	   0	 910	
 700	 706	  70	   2	 742	   2	   1	  29	  34	  19	  50	  70	  30	 583	1738368	1739110	   0	 900	
 701	 707	  50	   3	 823	   1	   2	  30	  34	  19	  50	  70	  30	 423	1740863	1741686	   0	 900	
 702	 708	  30	   3	 630	   3	   2	  30	  34	  20	  50	  70	  30	 448	1743440	1744070	   0	 900	
 703	 709	  50	   4	 790	   1	   2	  31	  34	  20	  50	  70	  30	 552	1745935	1746725	   0	 900	
 704	 710	  30	   3	 812	   3	   2	  31	  34	  21	  50	  70	  30	 309	1748329	1749141	   0	 900	
 705	 711	  70	   1	1100	   2	   1	  31	  35	  21	  50	  70	  30	 402	1750857	1751957	   0	 910	
 706	 712	  50	   4	 592	   1	   2	  32	  35	  21	  50	  70	  30	 450	1753717	1754309	   0	 910	
 707	 713	  70	   1	 407	   2	   1	  32	   1	  21	  50	  70	  30	 462	1756078	1756485	   0	 920	
 708	 714	  50	   3	1031	   1	   2	  33	   1	  21	  50	  70	  30	 384	1758174	1759205	   0	 920	
 709	 715	  30	   4	 550	   3	   2	  33	   1	  22	  50	  70	  30	 653	1761167	1761717	   0	 920	
 710	 716	  50	   4	 628	   1	   2	   1	   1	  22	  50	  70	  30	 304	1763329	1763957	   0	 920	
