Version: 1	Number of symbols: 3	Pictures exchange: true	Response Deadline: 2000
Trial_No	Virt_Trial_No	Prob_Shown	Feedback	RT	Stimulus_No	Resp	SymbolA_Stage	SymbolB_Stage	SymbolC_Stage	Prob_A	Prob_B	Prob_C	Jitter	StimOnset	RespOnset	Symbol_Changes	Bonus_sum
NaN	   1	  30	NaN	NaN	   1	   3	   0	   0	   0	  30	  70	  50	 657	 122	NaN	   0	   0	
   1	   2	  50	   2	1071	   3	   1	   0	   0	   1	  30	  70	  50	 468	3519	4590	   0	 -10	
   2	   3	  30	   2	1084	   1	   1	   1	   0	   1	  30	  70	  50	 471	6346	7430	   0	 -20	
   3	   4	  50	   3	1159	   3	   2	   1	   0	   2	  30	  70	  50	 605	9319	10478	   0	 -20	
NaN	   5	  70	NaN	NaN	   2	   3	   1	   0	   2	  30	  70	  50	 587	9319	NaN	   0	 -20	
   4	   6	  30	   2	 868	   1	   1	   2	   0	   2	  30	  70	  50	 501	16106	16974	   0	 -30	
   5	   7	  50	   4	 797	   3	   2	   2	   0	   3	  30	  70	  50	 692	18945	19742	   0	 -30	
   6	   8	  70	   1	1426	   2	   1	   2	   1	   3	  30	  70	  50	 593	21612	23038	   0	 -20	
   7	   9	  50	   4	 759	   3	   2	   2	   1	   4	  30	  70	  50	 596	24919	25678	   0	 -20	
   8	  10	  30	   2	1005	   1	   1	   3	   1	   4	  30	  70	  50	 625	27585	28590	   0	 -30	
   9	  11	  50	   1	1317	   3	   1	   3	   1	   5	  30	  70	  50	 430	30305	31622	   0	 -20	
  10	  12	  70	   1	 746	   2	   1	   3	   2	   5	  30	  70	  50	 676	33572	34318	   0	 -10	
  11	  13	  50	   2	 604	   3	   1	   3	   2	   6	  30	  70	  50	 479	36090	36694	   0	 -20	
  12	  14	  70	   3	 800	   2	   2	   3	   3	   6	  30	  70	  50	 540	38518	39318	   0	 -20	
  13	  15	  50	   3	 571	   3	   2	   3	   3	   7	  30	  70	  50	 603	41211	41782	   0	 -20	
NaN	  16	  30	NaN	NaN	   1	   3	   3	   3	   7	  30	  70	  50	 616	41211	NaN	   0	 -20	
  14	  17	  70	   2	 595	   2	   1	   3	   4	   7	  30	  70	  50	 610	47531	48126	   0	 -30	
  15	  18	  50	   1	 872	   3	   1	   3	   4	   8	  30	  70	  50	 633	50038	50910	   0	 -20	
  16	  19	  70	   2	 651	   2	   1	   3	   5	   8	  30	  70	  50	 377	52571	53222	   0	 -30	
  17	  20	  30	   3	 669	   1	   2	   4	   5	   8	  30	  70	  50	 332	54824	55493	   0	 -30	
  18	  21	  50	   4	 720	   3	   2	   4	   5	   9	  30	  70	  50	 625	57397	58117	   0	 -30	
  19	  22	  30	   1	1288	   1	   1	   5	   5	   9	  30	  70	  50	 438	59837	61125	   0	 -20	
  20	  23	  50	   1	 557	   3	   1	   5	   5	  10	  30	  70	  50	 416	62824	63381	   0	 -10	
  21	  24	  30	   2	 568	   1	   1	   6	   5	  10	  30	  70	  50	 532	65197	65765	   0	 -20	
  22	  25	  70	   3	 899	   2	   2	   6	   6	  10	  30	  70	  50	 367	67410	68309	   0	 -20	
  23	  26	  50	   3	 747	   3	   2	   6	   6	  11	  30	  70	  50	 665	70250	70997	   0	 -20	
  24	  27	  30	   2	 621	   1	   1	   7	   6	  11	  30	  70	  50	 496	72784	73405	   0	 -30	
  25	  28	  50	   2	 683	   3	   1	   7	   6	  12	  30	  70	  50	 370	75050	75733	   0	 -40	
  26	  29	  70	   1	 622	   2	   1	   7	   7	  12	  30	  70	  50	 439	77463	78085	   0	 -30	
  27	  30	  50	   1	 574	   3	   1	   7	   7	  13	  30	  70	  50	 653	80023	80597	   0	 -20	
  28	  31	  70	   1	 371	   2	   1	   7	   8	  13	  30	  70	  50	 519	82410	82781	   0	 -10	
  29	  32	  50	   1	 497	   3	   1	   7	   8	  14	  30	  70	  50	 380	84436	84933	   0	   0	
  30	  33	  30	   2	 481	   1	   1	   8	   8	  14	  30	  70	  50	 579	86796	87277	   0	 -10	
  31	  34	  70	   1	 635	   2	   1	   8	   9	  14	  30	  70	  50	 558	89130	89765	   0	   0	
  32	  35	  30	   4	 492	   1	   2	   9	   9	  14	  30	  70	  50	 562	91609	92101	   0	   0	
  33	  36	  70	   4	 550	   2	   2	   9	  10	  14	  30	  70	  50	 450	93823	94373	   0	   0	
  34	  37	  50	   4	 806	   3	   2	   9	  10	  15	  30	  70	  50	 325	95983	96789	   0	   0	
  35	  38	  30	   3	1084	   1	   2	  10	  10	  15	  30	  70	  50	 541	98609	99693	   0	   0	
  36	  39	  70	   3	 543	   2	   2	  10	  11	  15	  30	  70	  50	 490	101462	102005	   0	   0	
  37	  40	  30	   4	 532	   1	   2	  11	  11	  15	  30	  70	  50	 690	103969	104501	   0	   0	
  38	  41	  50	   3	 601	   3	   2	  11	  11	  16	  30	  70	  50	 494	106276	106877	   0	   0	
  39	  42	  70	   4	 624	   2	   2	  11	  12	  16	  30	  70	  50	 394	108556	109180	   0	   0	
  40	  43	  30	   3	 809	   1	   2	  12	  12	  16	  30	  70	  50	 421	110875	111684	   0	   0	
  41	  44	  70	   3	 643	   2	   2	  12	  13	  16	  30	  70	  50	 550	113529	114172	   0	   0	
  42	  45	  50	   4	 553	   3	   2	  12	  13	  17	  30	  70	  50	 623	116075	116628	   0	   0	
  43	  46	  30	   4	 611	   1	   2	  13	  13	  17	  30	  70	  50	 544	118449	119060	   0	   0	
  44	  47	  70	   3	 673	   2	   2	  13	  14	  17	  30	  70	  50	 495	120835	121508	   0	   0	
  45	  48	  30	   4	 772	   1	   2	  14	  14	  17	  30	  70	  50	 300	123088	123860	   0	   0	
  46	  49	  70	   3	 622	   2	   2	  14	  15	  17	  30	  70	  50	 680	125822	126444	   0	   0	
  47	  50	  30	   4	 550	   1	   2	  15	  15	  17	  30	  70	  50	 379	128102	128652	   0	   0	
  48	  51	  70	   4	 407	   2	   2	  15	  16	  17	  30	  70	  50	 681	130621	131028	   0	   0	
  49	  52	  30	   3	 407	   1	   2	  16	  16	  17	  30	  70	  50	 313	132621	133028	   0	   0	
  50	  53	  70	   3	 324	   2	   2	  16	  17	  17	  30	  70	  50	 503	134808	135132	   0	   0	
  51	  54	  30	   4	 388	   1	   2	  17	  17	  17	  30	  70	  50	 541	136968	137356	   0	   0	
  52	  55	  70	   3	 898	   2	   2	  17	  18	  17	  30	  70	  50	 475	139114	140012	   0	   0	
  53	  56	  50	   4	 402	   3	   2	  17	  18	  18	  30	  70	  50	 414	141714	142116	   0	   0	
  54	  57	  30	   4	 335	   1	   2	  18	  18	  18	  30	  70	  50	 454	143861	144196	   0	   0	
  55	  58	  70	   2	 556	   2	   1	  18	  19	  18	  30	  70	  50	 359	145848	146404	   0	 -10	
  56	  59	  50	   1	 826	   3	   1	  18	  19	  19	  30	  70	  50	 352	148034	148860	   0	   0	
  57	  60	  30	   1	1005	   1	   1	  19	  19	  19	  30	  70	  50	 379	150527	151532	   0	  10	
  58	  61	  50	   2	 434	   3	   1	  19	  19	  20	  30	  70	  50	 581	153394	153828	   0	   0	
  59	  62	  70	   1	 479	   2	   1	  19	  20	  20	  30	  70	  50	 518	155621	156100	   0	  10	
  60	  63	  50	   2	 452	   3	   1	  19	  20	  21	  30	  70	  50	 584	157967	158419	   0	   0	
  61	  64	  70	   1	 629	   2	   1	  19	  21	  21	  30	  70	  50	 400	160127	160756	   0	  10	
  62	  65	  50	   1	 484	   3	   1	  19	  21	  22	  30	  70	  50	 361	162407	162891	   0	  20	
  63	  66	  30	   2	 716	   1	   1	  20	  21	  22	  30	  70	  50	 314	164487	165203	   0	  10	
  64	  67	  70	   2	 626	   2	   1	  20	  22	  22	  30	  70	  50	 673	167153	167779	   0	   0	
  65	  68	  30	   4	1682	   1	   2	  21	  22	  22	  30	  70	  50	 569	169633	171315	   0	   0	
  66	  69	  50	   4	1012	   3	   2	  21	  22	  23	  30	  70	  50	 322	172927	173939	   0	   0	
  67	  70	  70	   1	 823	   2	   1	  21	  23	  23	  30	  70	  50	 396	175620	176443	   0	  10	
  68	  71	  50	   4	 629	   3	   2	  21	  23	  24	  30	  70	  50	 599	178326	178955	   0	  10	
  69	  72	  70	   3	 634	   2	   2	  21	  24	  24	  30	  70	  50	 510	180753	181387	   0	  10	
  70	  73	  50	   1	 645	   3	   1	  21	  24	  25	  30	  70	  50	 575	183246	183891	   0	  20	
  71	  74	  70	   1	 749	   2	   1	  21	  25	  25	  30	  70	  50	 622	185806	186555	   0	  30	
  72	  75	  50	   4	1322	   3	   2	  21	  25	  26	  30	  70	  50	 388	188233	189555	   0	  30	
  73	  76	  70	   2	 581	   2	   1	  21	  26	  26	  30	  70	  50	 448	191286	191867	   0	  20	
  74	  77	  50	   1	 392	   3	   1	  21	  26	  27	  30	  70	  50	 518	193659	194051	   0	  30	
  75	  78	  70	   1	 627	   2	   1	  21	  27	  27	  30	  70	  50	 381	195712	196339	   0	  40	
  76	  79	  50	   1	 853	   3	   1	  21	  27	  28	  30	  70	  50	 303	197926	198779	   0	  50	
  77	  80	  30	   1	1381	   1	   1	  22	  27	  28	  30	  70	  50	 458	200526	201907	   0	  60	
  78	  81	  70	   1	 702	   2	   1	  22	  28	  28	  30	  70	  50	 576	203765	204467	   0	  70	
  79	  82	  30	   2	 590	   1	   1	  23	  28	  28	  30	  70	  50	 341	206085	206675	   0	  60	
  80	  83	  50	   2	 422	   3	   1	  23	  28	  29	  30	  70	  50	 650	208605	209027	   0	  50	
  81	  84	  30	   2	1030	   1	   1	  24	  28	  29	  30	  70	  50	 407	210725	211755	   0	  40	
  82	  85	  70	   2	 795	   2	   1	  24	  29	  29	  30	  70	  50	 674	213712	214507	   0	  30	
  83	  86	  50	   1	 578	   3	   1	  24	  29	  30	  30	  70	  50	 523	216312	216890	   0	  40	
  84	  87	  70	   1	 800	   2	   1	  24	  30	  30	  30	  70	  50	 526	218698	219498	   0	  50	
  85	  88	  30	   2	1253	   3	   1	  24	  30	   1	  30	  70	  30	 398	221205	222458	   3	  40	
  86	  89	  30	   2	 515	   1	   1	  25	  30	   1	  30	  70	  30	 685	224431	224946	   0	  30	
  87	  90	  70	   1	 643	   2	   1	  25	  31	   1	  30	  70	  30	 607	226831	227474	   0	  40	
  88	  91	  30	   1	 885	   3	   1	  25	  31	   2	  30	  70	  30	 369	229125	230010	   0	  50	
  89	  92	  70	   2	 782	   2	   1	  25	  32	   2	  30	  70	  30	 315	231604	232386	   0	  40	
  90	  93	  30	   3	1152	   1	   2	  26	  32	   2	  30	  70	  30	 472	234138	235290	   0	  40	
  91	  94	  30	   2	 982	   3	   1	  26	  32	   3	  30	  70	  30	 458	237044	238026	   0	  30	
  92	  95	  30	   2	 859	   1	   1	  27	  32	   3	  30	  70	  30	 451	239751	240610	   0	  20	
  93	  96	  70	   1	 558	   2	   1	  27	  33	   3	  30	  70	  30	 637	242524	243082	   0	  30	
  94	  97	  30	   2	 470	   1	   1	  28	  33	   3	  30	  70	  30	 488	244844	245314	   0	  20	
  95	  98	  30	   4	 870	   3	   2	  28	  33	   4	  30	  70	  30	 485	247084	247954	   0	  20	
  96	  99	  30	   1	 625	   1	   1	  29	  33	   4	  30	  70	  30	 583	249817	250442	   0	  30	
  97	 100	  30	   2	 678	   3	   1	  29	  33	   5	  30	  70	  30	 652	252364	253042	   0	  20	
  98	 101	  20	   2	1078	   2	   1	  29	   1	   5	  30	  20	  30	 476	254804	255882	   2	  10	
  99	 102	  30	   2	1222	   1	   1	  30	   1	   5	  30	  20	  30	 529	257684	258906	   0	   0	
 100	 103	  20	   4	 727	   2	   2	  30	   2	   5	  30	  20	  30	 535	260723	261450	   0	   0	
 101	 104	  30	   3	 863	   3	   2	  30	   2	   6	  30	  20	  30	 416	263163	264026	   0	   0	
 102	 105	  20	   3	 812	   2	   2	  30	   3	   6	  30	  20	  30	 371	265670	266482	   0	   0	
 103	 106	  30	   4	 532	   3	   2	  30	   3	   7	  30	  20	  30	 355	268110	268642	   0	   0	
 104	 107	  20	   4	 473	   2	   2	  30	   4	   7	  30	  20	  30	 422	270336	270809	   0	   0	
 105	 108	  30	   4	 398	   3	   2	  30	   4	   8	  30	  20	  30	 676	272763	273161	   0	   0	
 106	 109	  20	   4	 422	   2	   2	  30	   5	   8	  30	  20	  30	 399	274843	275265	   0	   0	
 107	 110	  30	   4	 465	   1	   2	  31	   5	   8	  30	  20	  30	 666	277216	277681	   0	   0	
 108	 111	  30	   4	 326	   3	   2	  31	   5	   9	  30	  20	  30	 448	279403	279729	   0	   0	
 109	 112	  20	   3	 428	   2	   2	  31	   6	   9	  30	  20	  30	 496	281509	281937	   0	   0	
 110	 113	  30	   1	 502	   3	   1	  31	   6	  10	  30	  20	  30	 700	283923	284425	   0	  10	
 111	 114	  30	   1	 540	   1	   1	  32	   6	  10	  30	  20	  30	 632	286349	286889	   0	  20	
 112	 115	  30	   1	 868	   3	   1	  32	   6	  11	  30	  20	  30	 305	288469	289337	   0	  30	
 113	 116	  30	   2	 596	   1	   1	  33	   6	  11	  30	  20	  30	 652	291269	291865	   0	  20	
 114	 117	  30	   2	 884	   3	   1	  33	   6	  12	  30	  20	  30	 571	293709	294593	   0	  10	
 115	 118	  30	   2	 553	   1	   1	  34	   6	  12	  30	  20	  30	 335	296216	296769	   0	   0	
 116	 119	  30	   2	 596	   3	   1	  34	   6	  13	  30	  20	  30	 545	298589	299185	   0	 -10	
 117	 120	  20	   2	 634	   2	   1	  34	   7	  13	  30	  20	  30	 675	301135	301769	   0	 -20	
 118	 121	  30	   4	 972	   1	   2	  35	   7	  13	  30	  20	  30	 421	303469	304441	   0	 -20	
 119	 122	  30	   2	 351	   3	   1	  35	   7	  14	  30	  20	  30	 677	306402	306753	   0	 -30	
 120	 123	  80	   3	 583	   1	   2	   1	   7	  14	  80	  20	  30	 459	308522	309105	   1	 -30	
 121	 124	  30	   1	1178	   3	   1	   1	   7	  15	  80	  20	  30	 501	310895	312073	   0	 -20	
 122	 125	  80	   1	1018	   1	   1	   2	   7	  15	  80	  20	  30	 458	313815	314833	   0	 -10	
 123	 126	  30	   2	 928	   3	   1	   2	   7	  16	  80	  20	  30	 447	316561	317489	   0	 -20	
 124	 127	  80	   2	 693	   1	   1	   3	   7	  16	  80	  20	  30	 418	319188	319881	   0	 -30	
 125	 128	  30	   2	 504	   3	   1	   3	   7	  17	  80	  20	  30	 668	321841	322345	   0	 -40	
 126	 129	  20	   2	 439	   2	   1	   3	   8	  17	  80	  20	  30	 661	324281	324720	   0	 -50	
 127	 130	  80	   1	 972	   1	   1	   4	   8	  17	  80	  20	  30	 579	326588	327560	   0	 -40	
 128	 131	  30	   2	 970	   3	   1	   4	   8	  18	  80	  20	  30	 562	329414	330384	   0	 -50	
 129	 132	  80	   1	 759	   1	   1	   5	   8	  18	  80	  20	  30	 502	332161	332920	   0	 -40	
 130	 133	  30	   3	 557	   3	   2	   5	   8	  19	  80	  20	  30	 422	334627	335184	   0	 -40	
 131	 134	  80	   2	 957	   1	   1	   6	   8	  19	  80	  20	  30	 590	337067	338024	   0	 -50	
 132	 135	  20	   2	 735	   2	   1	   6	   9	  19	  80	  20	  30	 425	339721	340456	   0	 -60	
 133	 136	  80	   1	 645	   1	   1	   7	   9	  19	  80	  20	  30	 327	342067	342712	   0	 -50	
 134	 137	  20	   2	1082	   2	   1	   7	  10	  19	  80	  20	  30	 584	344574	345656	   0	 -60	
 135	 138	  80	   1	1269	   1	   1	   8	  10	  19	  80	  20	  30	 689	347627	348896	   0	 -50	
 136	 139	  20	   3	1250	   2	   2	   8	  11	  19	  80	  20	  30	 549	350734	351984	   0	 -50	
 137	 140	  30	   2	 960	   3	   1	   8	  11	  20	  80	  20	  30	 302	353560	354520	   0	 -60	
 138	 141	  80	   1	 856	   1	   1	   9	  11	  20	  80	  20	  30	 515	356320	357176	   0	 -50	
 139	 142	  30	   3	1037	   3	   2	   9	  11	  21	  80	  20	  30	 372	358827	359864	   0	 -50	
 140	 143	  20	   2	1347	   2	   1	   9	  12	  21	  80	  20	  30	 309	361453	362800	   0	 -60	
 141	 144	  80	   1	 955	   1	   1	  10	  12	  21	  80	  20	  30	 667	364773	365728	   0	 -50	
 142	 145	  30	   2	1496	   3	   1	  10	  12	  22	  80	  20	  30	 588	367600	369096	   0	 -60	
 143	 146	  20	   4	1043	   2	   2	  10	  13	  22	  80	  20	  30	 318	370693	371736	   0	 -60	
 144	 147	  30	   2	1190	   3	   1	  10	  13	  23	  80	  20	  30	 368	373386	374576	   0	 -70	
 145	 148	  20	   2	1469	   2	   1	  10	  14	  23	  80	  20	  30	 362	376226	377695	   0	 -80	
 146	 149	  80	   2	 776	   1	   1	  11	  14	  23	  80	  20	  30	 503	379479	380255	   0	 -90	
 147	 150	  20	   4	 603	   2	   2	  11	  15	  23	  80	  20	  30	 308	381852	382455	   0	 -90	
 148	 151	  80	   1	1179	   1	   1	  12	  15	  23	  80	  20	  30	 628	384372	385551	   0	 -80	
 149	 152	  20	   2	1344	   2	   1	  12	  16	  23	  80	  20	  30	 606	387439	388783	   0	 -90	
 150	 153	  30	   4	1230	   3	   2	  12	  16	  24	  80	  20	  30	 605	390665	391895	   0	 -90	
 151	 154	  20	   2	 819	   2	   1	  12	  17	  24	  80	  20	  30	 453	393652	394471	   0	-100	
 152	 155	  80	   1	1355	   1	   1	  13	  17	  24	  80	  20	  30	 502	396252	397607	   0	 -90	
 153	 156	  30	   2	1542	   3	   1	  13	  17	  25	  80	  20	  30	 344	399225	400767	   0	-100	
 154	 157	  80	   1	 475	   1	   1	  14	  17	  25	  80	  20	  30	 403	402452	402927	   0	 -90	
 155	 158	  20	   3	 899	   2	   2	  14	  18	  25	  80	  20	  30	 409	404612	405511	   0	 -90	
 156	 159	  30	   2	 702	   3	   1	  14	  18	  26	  80	  20	  30	 551	407345	408047	   0	-100	
 157	 160	  80	   1	 564	   1	   1	  15	  18	  26	  80	  20	  30	 411	409731	410295	   0	 -90	
 158	 161	  20	   4	 713	   2	   2	  15	  19	  26	  80	  20	  30	 621	412198	412911	   0	 -90	
 159	 162	  30	   1	1006	   3	   1	  15	  19	  27	  80	  20	  30	 675	414865	415871	   0	 -80	
 160	 163	  80	   1	 881	   1	   1	  16	  19	  27	  80	  20	  30	 680	417838	418719	   0	 -70	
 161	 164	  30	   2	 761	   3	   1	  16	  19	  28	  80	  20	  30	 377	420398	421159	   0	 -80	
 162	 165	  20	   2	 508	   2	   1	  16	  20	  28	  80	  20	  30	 526	422971	423479	   0	 -90	
 163	 166	  30	   2	1276	   3	   1	  16	  20	  29	  80	  20	  30	 445	425211	426487	   0	-100	
 164	 167	  80	   1	 346	   1	   1	  17	  20	  29	  80	  20	  30	 677	428437	428783	   0	 -90	
 165	 168	  30	   1	 902	   3	   1	  17	  20	  30	  80	  20	  30	 492	430544	431446	   0	 -80	
 166	 169	  20	   4	 766	   2	   2	  17	  21	  30	  80	  20	  30	 457	433184	433950	   0	 -80	
 167	 170	  30	   4	1089	   3	   2	  17	  21	  31	  80	  20	  30	 646	435877	436966	   0	 -80	
 168	 171	  80	   2	 745	   1	   1	  18	  21	  31	  80	  20	  30	 508	438757	439502	   0	 -90	
 169	 172	  30	   4	 785	   3	   2	  18	  21	  32	  80	  20	  30	 661	441437	442222	   0	 -90	
 170	 173	  20	   4	 814	   2	   2	  18	  22	  32	  80	  20	  30	 683	444184	444998	   0	 -90	
 171	 174	  80	   1	 657	   1	   1	  19	  22	  32	  80	  20	  30	 382	446677	447334	   0	 -80	
 172	 175	  30	   4	 639	   3	   2	  19	  22	  33	  80	  20	  30	 647	449263	449902	   0	 -80	
 173	 176	  80	   1	 663	   1	   1	  20	  22	  33	  80	  20	  30	 487	451663	452326	   0	 -70	
 174	 177	  30	   3	 695	   3	   2	  20	  22	  34	  80	  20	  30	 457	454063	454758	   0	 -70	
 175	 178	  80	   1	 714	   1	   1	  21	  22	  34	  80	  20	  30	 511	456556	457270	   0	 -60	
 176	 179	  30	   2	 692	   3	   1	  21	  22	  35	  80	  20	  30	 582	459130	459822	   0	 -70	
 177	 180	  20	   1	 620	   2	   1	  21	  23	  35	  80	  20	  30	 623	461730	462350	   0	 -60	
 178	 181	  70	   3	1388	   3	   2	  21	  23	   1	  80	  20	  70	 673	464330	465718	   3	 -60	
 179	 182	  20	   4	 957	   2	   2	  21	  24	   1	  80	  20	  70	 526	467529	468486	   0	 -60	
 180	 183	  80	   1	 711	   1	   1	  22	  24	   1	  80	  20	  70	 495	470263	470974	   0	 -50	
 181	 184	  70	   4	1130	   3	   2	  22	  24	   2	  80	  20	  70	 560	472836	473966	   0	 -50	
 182	 185	  20	   1	1090	   2	   1	  22	  25	   2	  80	  20	  70	 433	475676	476766	   0	 -40	
 183	 186	  70	   1	1338	   3	   1	  22	  25	   3	  80	  20	  70	 471	478516	479854	   0	 -30	
 184	 187	  20	   2	 744	   2	   1	  22	  26	   3	  80	  20	  70	 364	481502	482246	   0	 -40	
 185	 188	  70	   2	 928	   3	   1	  22	  26	   4	  80	  20	  70	 335	483862	484790	   0	 -50	
 186	 189	  20	   2	1004	   2	   1	  22	  27	   4	  80	  20	  70	 417	486489	487493	   0	 -60	
 187	 190	  80	   2	 636	   1	   1	  23	  27	   4	  80	  20	  70	 310	489089	489725	   0	 -70	
 188	 191	  70	   1	1460	   3	   1	  23	  27	   5	  80	  20	  70	 606	491609	493069	   0	 -60	
 189	 192	  80	   1	 880	   1	   1	  24	  27	   5	  80	  20	  70	 559	494901	495781	   0	 -50	
 190	 193	  20	   4	 946	   2	   2	  24	  28	   5	  80	  20	  70	 611	497675	498621	   0	 -50	
 191	 194	  70	   1	 813	   3	   1	  24	  28	   6	  80	  20	  70	 605	500528	501341	   0	 -40	
 192	 195	  20	   4	1013	   2	   2	  24	  29	   6	  80	  20	  70	 304	502928	503941	   0	 -40	
 193	 196	  70	   1	 941	   3	   1	  24	  29	   7	  80	  20	  70	 419	505648	506589	   0	 -30	
 194	 197	  80	   2	 669	   1	   1	  25	  29	   7	  80	  20	  70	 380	508248	508917	   0	 -40	
 195	 198	  20	   2	 597	   2	   1	  25	  30	   7	  80	  20	  70	 652	510848	511445	   0	 -50	
 196	 199	  70	   2	 675	   3	   1	  25	  30	   8	  80	  20	  70	 396	513114	513789	   0	 -60	
 197	 200	  50	   3	1197	   2	   2	  25	   1	   8	  80	  50	  70	 475	515568	516765	   2	 -60	
 198	 201	  80	   1	 707	   1	   1	  26	   1	   8	  80	  50	  70	 435	518474	519181	   0	 -50	
 199	 202	  70	   3	 974	   3	   2	  26	   1	   9	  80	  50	  70	 699	521167	522141	   0	 -50	
 200	 203	  50	   4	1320	   2	   2	  26	   2	   9	  80	  50	  70	 516	523941	525261	   0	 -50	
 201	 204	  70	   1	1179	   3	   1	  26	   2	  10	  80	  50	  70	 436	526994	528173	   0	 -40	
 202	 205	  50	   1	 856	   2	   1	  26	   3	  10	  80	  50	  70	 563	530021	530877	   0	 -30	
 203	 206	  70	   2	1254	   3	   1	  26	   3	  11	  80	  50	  70	 642	532807	534061	   0	 -40	
 204	 207	  50	   2	 798	   2	   1	  26	   4	  11	  80	  50	  70	 334	535687	536485	   0	 -50	
 205	 208	  80	   1	 656	   1	   1	  27	   4	  11	  80	  50	  70	 456	538220	538876	   0	 -40	
 206	 209	  50	   4	 715	   2	   2	  27	   5	  11	  80	  50	  70	 518	540673	541388	   0	 -40	
 207	 210	  80	   1	 731	   1	   1	  28	   5	  11	  80	  50	  70	 452	543113	543844	   0	 -30	
 208	 211	  70	   4	1051	   3	   2	  28	   5	  12	  80	  50	  70	 637	545753	546804	   0	 -30	
 209	 212	  50	   1	 741	   2	   1	  28	   6	  12	  80	  50	  70	 526	548607	549348	   0	 -20	
 210	 213	  80	   1	 643	   1	   1	  29	   6	  12	  80	  50	  70	 442	551073	551716	   0	 -10	
 211	 214	  70	   1	1211	   3	   1	  29	   6	  13	  80	  50	  70	 700	553713	554924	   0	   0	
 212	 215	  80	   1	 696	   1	   1	  30	   6	  13	  80	  50	  70	 425	556620	557316	   0	  10	
 213	 216	  70	   1	 750	   3	   1	  30	   6	  14	  80	  50	  70	 412	559006	559756	   0	  20	
 214	 217	  50	   3	 835	   2	   2	  30	   7	  14	  80	  50	  70	 675	561713	562548	   0	  20	
 215	 218	  80	   1	 499	   1	   1	  31	   7	  14	  80	  50	  70	 687	564513	565012	   0	  30	
 216	 219	  50	   2	 497	   2	   1	  31	   8	  14	  80	  50	  70	 409	566699	567196	   0	  20	
 217	 220	  80	   1	 558	   1	   1	  32	   8	  14	  80	  50	  70	 323	568806	569364	   0	  30	
 218	 221	  70	   1	1254	   3	   1	  32	   8	  15	  80	  50	  70	 447	571086	572340	   0	  40	
 219	 222	  50	   2	 758	   2	   1	  32	   9	  15	  80	  50	  70	 301	573926	574684	   0	  30	
 220	 223	  70	   1	 545	   3	   1	  32	   9	  16	  80	  50	  70	 664	576619	577164	   0	  40	
 221	 224	  80	   1	 796	   1	   1	  33	   9	  16	  80	  50	  70	 618	579072	579868	   0	  50	
 222	 225	  50	   1	 935	   2	   1	  33	  10	  16	  80	  50	  70	 505	581645	582580	   0	  60	
 223	 226	  70	   2	 825	   3	   1	  33	  10	  17	  80	  50	  70	 348	584219	585044	   0	  50	
 224	 227	  20	   4	1356	   1	   2	   1	  10	  17	  20	  50	  70	 644	586992	588348	   1	  50	
 225	 228	  70	   1	 836	   3	   1	   1	  10	  18	  20	  50	  70	 532	590152	590988	   0	  60	
 226	 229	  20	   4	 739	   1	   2	   2	  10	  18	  20	  50	  70	 323	592592	593331	   0	  60	
 227	 230	  50	   2	 643	   2	   1	   2	  11	  18	  20	  50	  70	 453	595072	595715	   0	  50	
 228	 231	  70	   1	 705	   3	   1	   2	  11	  19	  20	  50	  70	 582	597578	598283	   0	  60	
 229	 232	  50	   3	 806	   2	   2	   2	  12	  19	  20	  50	  70	 603	600165	600971	   0	  60	
 230	 233	  70	   1	 804	   3	   1	   2	  12	  20	  20	  50	  70	 534	602791	603595	   0	  70	
 231	 234	  20	   4	1193	   1	   2	   3	  12	  20	  20	  50	  70	 531	605418	606611	   0	  70	
 232	 235	  70	   2	1127	   3	   1	   3	  12	  21	  20	  50	  70	 316	608204	609331	   0	  60	
 233	 236	  20	   3	 681	   1	   2	   4	  12	  21	  20	  50	  70	 692	611298	611979	   0	  60	
 234	 237	  50	   2	1151	   2	   1	   4	  13	  21	  20	  50	  70	 305	613564	614715	   0	  50	
 235	 238	  70	   1	 764	   3	   1	   4	  13	  22	  20	  50	  70	 550	616551	617315	   0	  60	
 236	 239	  50	   2	 831	   2	   1	   4	  14	  22	  20	  50	  70	 685	619284	620115	   0	  50	
 237	 240	  70	   1	 716	   3	   1	   4	  14	  23	  20	  50	  70	 467	621871	622587	   0	  60	
 238	 241	  50	   3	 858	   2	   2	   4	  15	  23	  20	  50	  70	 391	624257	625115	   0	  60	
 239	 242	  20	   4	 541	   1	   2	   5	  15	  23	  20	  50	  70	 598	626990	627531	   0	  60	
 240	 243	  50	   1	1034	   2	   1	   5	  16	  23	  20	  50	  70	 686	629497	630531	   0	  70	
 241	 244	  20	   4	 754	   1	   2	   6	  16	  23	  20	  50	  70	 309	632137	632891	   0	  70	
 242	 245	  70	   1	1098	   3	   1	   6	  16	  24	  20	  50	  70	 363	634537	635635	   0	  80	
 243	 246	  50	   4	 901	   2	   2	   6	  17	  24	  20	  50	  70	 513	637430	638331	   0	  80	
 244	 247	  20	   1	1162	   1	   1	   7	  17	  24	  20	  50	  70	 449	640057	641219	   0	  90	
 245	 248	  50	   1	1125	   2	   1	   7	  18	  24	  20	  50	  70	 643	643150	644275	   0	 100	
 246	 249	  70	   1	1242	   3	   1	   7	  18	  25	  20	  50	  70	 623	646176	647418	   0	 110	
 247	 250	  20	   4	 738	   1	   2	   8	  18	  25	  20	  50	  70	 312	649016	649754	   0	 110	
 248	 251	  70	   2	 901	   3	   1	   8	  18	  26	  20	  50	  70	 513	651549	652450	   0	 100	
 249	 252	  50	   2	 746	   2	   1	   8	  19	  26	  20	  50	  70	 523	654256	655002	   0	  90	
 250	 253	  20	   2	 807	   1	   1	   9	  19	  26	  20	  50	  70	 478	656763	657570	   0	  80	
 251	 254	  70	   3	1346	   3	   2	   9	  19	  27	  20	  50	  70	 429	659296	660642	   0	  80	
 252	 255	  50	   1	 874	   2	   1	   9	  20	  27	  20	  50	  70	 363	662296	663170	   0	  90	
 253	 256	  70	   3	 610	   3	   2	   9	  20	  28	  20	  50	  70	 644	665096	665706	   0	  90	
 254	 257	  50	   3	1112	   2	   2	   9	  21	  28	  20	  50	  70	 336	667322	668434	   0	  90	
 255	 258	  70	   4	 760	   3	   2	   9	  21	  29	  20	  50	  70	 570	670282	671042	   0	  90	
 256	 259	  50	   4	 731	   2	   2	   9	  22	  29	  20	  50	  70	 645	672975	673706	   0	  90	
 257	 260	  70	   3	 861	   3	   2	   9	  22	  30	  20	  50	  70	 601	675589	676450	   0	  90	
 258	 261	  20	   4	 771	   1	   2	  10	  22	  30	  20	  50	  70	 682	678415	679186	   0	  90	
 259	 262	  50	   4	1200	   3	   2	  10	  22	   1	  20	  50	  50	 641	681122	682322	   3	  90	
 260	 263	  50	   2	1390	   2	   1	  10	  23	   1	  20	  50	  50	 384	683988	685378	   0	  80	
 261	 264	  20	   2	 822	   1	   1	  11	  23	   1	  20	  50	  50	 437	687108	687930	   0	  70	
 262	 265	  50	   4	 699	   3	   2	  11	  23	   2	  20	  50	  50	 563	689775	690474	   0	  70	
 263	 266	  50	   4	 883	   2	   2	  11	  24	   2	  20	  50	  50	 700	692455	693338	   0	  70	
 264	 267	  50	   3	 958	   3	   2	  11	  24	   3	  20	  50	  50	 484	695108	696066	   0	  70	
 265	 268	  50	   3	1163	   2	   2	  11	  25	   3	  20	  50	  50	 507	697855	699018	   0	  70	
 266	 269	  20	   2	1155	   1	   1	  12	  25	   3	  20	  50	  50	 597	700894	702049	   0	  60	
 267	 270	  50	   3	 643	   2	   2	  12	  26	   3	  20	  50	  50	 483	703814	704457	   0	  60	
 268	 271	  50	   2	1192	   3	   1	  12	  26	   4	  20	  50	  50	 656	706401	707593	   0	  50	
 269	 272	  50	   2	1216	   2	   1	  12	  27	   4	  20	  50	  50	 692	709561	710777	   0	  40	
 270	 273	  50	   3	 696	   3	   2	  12	  27	   5	  20	  50	  50	 583	712641	713337	   0	  40	
 271	 274	  50	   3	 675	   2	   2	  12	  28	   5	  20	  50	  50	 585	715214	715889	   0	  40	
 272	 275	  20	   2	1638	   1	   1	  13	  28	   5	  20	  50	  50	 575	717747	719385	   0	  30	
 273	 276	  50	   3	 886	   3	   2	  13	  28	   6	  20	  50	  50	 571	721227	722113	   0	  30	
 274	 277	  50	   4	1537	   2	   2	  13	  29	   6	  20	  50	  50	 487	723880	725417	   0	  30	
 275	 278	  20	   3	1148	   1	   2	  14	  29	   6	  20	  50	  50	 434	727133	728281	   0	  30	
 276	 279	  50	   4	 646	   3	   2	  14	  29	   7	  20	  50	  50	 538	730107	730753	   0	  30	
 277	 280	  20	   4	 633	   1	   2	  15	  29	   7	  20	  50	  50	 364	732400	733033	   0	  30	
 278	 281	  50	   4	 737	   3	   2	  15	  29	   8	  20	  50	  50	 603	734920	735657	   0	  30	
 279	 282	  20	   3	 580	   1	   2	  16	  29	   8	  20	  50	  50	 394	737333	737913	   0	  30	
 280	 283	  50	   3	 703	   3	   2	  16	  29	   9	  20	  50	  50	 427	739626	740329	   0	  30	
 281	 284	  50	   3	 865	   2	   2	  16	  30	   9	  20	  50	  50	 499	742120	742985	   0	  30	
 282	 285	  20	   4	 639	   1	   2	  17	  30	   9	  20	  50	  50	 411	744666	745305	   0	  30	
 283	 286	  50	   3	 959	   2	   2	  17	  31	   9	  20	  50	  50	 486	747066	748025	   0	  30	
 284	 287	  20	   4	 802	   1	   2	  18	  31	   9	  20	  50	  50	 376	749679	750481	   0	  30	
 285	 288	  50	   3	 634	   3	   2	  18	  31	  10	  20	  50	  50	 516	752279	752913	   0	  30	
 286	 289	  20	   4	 566	   1	   2	  19	  31	  10	  20	  50	  50	 666	754866	755432	   0	  30	
 287	 290	  50	   1	1681	   3	   1	  19	  31	  11	  20	  50	  50	 328	757039	758720	   0	  40	
 288	 291	  50	   2	1132	   2	   1	  19	  32	  11	  20	  50	  50	 685	760692	761824	   0	  30	
 289	 292	  50	   3	 724	   3	   2	  19	  32	  12	  20	  50	  50	 630	763732	764456	   0	  30	
 290	 293	  50	   3	1103	   2	   2	  19	  33	  12	  20	  50	  50	 325	766065	767168	   0	  30	
 291	 294	  50	   2	1017	   3	   1	  19	  33	  13	  20	  50	  50	 583	769039	770056	   0	  20	
 292	 295	  20	   4	 687	   1	   2	  20	  33	  13	  20	  50	  50	 566	771905	772592	   0	  20	
 293	 296	  20	   4	 972	   2	   2	  20	   1	  13	  20	  20	  50	 674	774572	775544	   2	  20	
 294	 297	  20	   2	 898	   1	   1	  21	   1	  13	  20	  20	  50	 447	777278	778176	   0	  10	
 295	 298	  20	   4	 655	   2	   2	  21	   2	  13	  20	  20	  50	 644	780105	780760	   0	  10	
 296	 299	  20	   3	 509	   1	   2	  22	   2	  13	  20	  20	  50	 482	782531	783040	   0	  10	
 297	 300	  20	   4	 501	   2	   2	  22	   3	  13	  20	  20	  50	 522	784851	785352	   0	  10	
 298	 301	  50	   3	 682	   3	   2	  22	   3	  14	  20	  20	  50	 647	787278	787960	   0	  10	
 299	 302	  20	   4	 490	   2	   2	  22	   4	  14	  20	  20	  50	 675	789918	790408	   0	  10	
 300	 303	  50	   1	1221	   3	   1	  22	   4	  15	  20	  20	  50	 412	792091	793312	   0	  20	
 301	 304	  20	   3	 536	   2	   2	  22	   5	  15	  20	  20	  50	 422	795024	795560	   0	  20	
 302	 305	  20	   4	 722	   1	   2	  23	   5	  15	  20	  20	  50	 594	797438	798160	   0	  20	
 303	 306	  50	   4	 874	   3	   2	  23	   5	  16	  20	  20	  50	 515	799958	800832	   0	  20	
 304	 307	  20	   4	 509	   1	   2	  24	   5	  16	  20	  20	  50	 537	802651	803160	   0	  20	
 305	 308	  50	   4	 496	   3	   2	  24	   5	  17	  20	  20	  50	 495	804944	805440	   0	  20	
 306	 309	  20	   4	 618	   1	   2	  25	   5	  17	  20	  20	  50	 354	807077	807695	   0	  20	
 307	 310	  50	   3	 468	   3	   2	  25	   5	  18	  20	  20	  50	 396	809371	809839	   0	  20	
 308	 311	  20	   4	 557	   1	   2	  26	   5	  18	  20	  20	  50	 369	811490	812047	   0	  20	
 309	 312	  50	   4	 498	   3	   2	  26	   5	  19	  20	  20	  50	 349	813677	814175	   0	  20	
 310	 313	  20	   4	 389	   2	   2	  26	   6	  19	  20	  20	  50	 429	815890	816279	   0	  20	
 311	 314	  50	   4	 346	   3	   2	  26	   6	  20	  20	  20	  50	 344	817917	818263	   0	  20	
 312	 315	  20	   4	 933	   2	   2	  26	   7	  20	  20	  20	  50	 538	820090	821023	   0	  20	
 313	 316	  20	   4	 522	   1	   2	  27	   7	  20	  20	  20	  50	 412	822717	823239	   0	  20	
 314	 317	  20	   4	 496	   2	   2	  27	   8	  20	  20	  20	  50	 333	824863	825359	   0	  20	
 315	 318	  50	   2	1306	   3	   1	  27	   8	  21	  20	  20	  50	 636	827277	828583	   0	  10	
 316	 319	  20	   3	 648	   2	   2	  27	   9	  21	  20	  20	  50	 678	830543	831191	   0	  10	
 317	 320	  20	   3	1141	   1	   2	  28	   9	  21	  20	  20	  50	 384	832850	833991	   0	  10	
 318	 321	  50	   3	 507	   3	   2	  28	   9	  22	  20	  20	  50	 526	835796	836303	   0	  10	
 319	 322	  20	   4	 651	   1	   2	  29	   9	  22	  20	  20	  50	 685	838276	838927	   0	  10	
 320	 323	  50	   4	 486	   3	   2	  29	   9	  23	  20	  20	  50	 690	840889	841375	   0	  10	
 321	 324	  20	   4	 430	   1	   2	  30	   9	  23	  20	  20	  50	 459	843129	843559	   0	  10	
 322	 325	  20	   2	 891	   2	   1	  30	  10	  23	  20	  20	  50	 307	845156	846047	   0	   0	
 323	 326	  20	   4	 537	   1	   2	  31	  10	  23	  20	  20	  50	 615	847942	848479	   0	   0	
 324	 327	  50	   1	 515	   3	   1	  31	  10	  24	  20	  20	  50	 631	850396	850911	   0	  10	
 325	 328	  20	   2	1097	   2	   1	  31	  11	  24	  20	  20	  50	 673	852862	853959	   0	   0	
 326	 329	  50	   1	 630	   3	   1	  31	  11	  25	  20	  20	  50	 648	855889	856519	   0	  10	
 327	 330	  20	   4	 590	   2	   2	  31	  12	  25	  20	  20	  50	 440	858249	858839	   0	  10	
 328	 331	  20	   4	1091	   1	   2	  32	  12	  25	  20	  20	  50	 390	860515	861606	   0	  10	
 329	 332	  20	   4	 499	   2	   2	  32	  13	  25	  20	  20	  50	 548	863435	863934	   0	  10	
 330	 333	  50	   4	 453	   3	   2	  32	  13	  26	  20	  20	  50	 474	865689	866142	   0	  10	
 331	 334	  20	   3	 728	   1	   2	  33	  13	  26	  20	  20	  50	 535	867982	868710	   0	  10	
 332	 335	  20	   4	 808	   2	   2	  33	  14	  26	  20	  20	  50	 546	870542	871350	   0	  10	
 333	 336	  50	   3	 651	   3	   2	  33	  14	  27	  20	  20	  50	 608	873235	873886	   0	  10	
 334	 337	  20	   2	 633	   1	   1	  34	  14	  27	  20	  20	  50	 660	875821	876454	   0	   0	
 335	 338	  20	   2	 665	   2	   1	  34	  15	  27	  20	  20	  50	 565	878301	878966	   0	 -10	
 336	 339	  20	   4	 475	   1	   2	  35	  15	  27	  20	  20	  50	 306	880555	881030	   0	 -10	
 337	 340	  20	   4	 595	   2	   2	  35	  16	  27	  20	  20	  50	 487	882795	883390	   0	 -10	
 338	 341	  80	   3	1049	   1	   2	   1	  16	  27	  80	  20	  50	 643	885341	886390	   1	 -10	
 339	 342	  50	   3	 897	   3	   2	   1	  16	  28	  80	  20	  50	 516	888181	889078	   0	 -10	
 340	 343	  80	   3	 486	   1	   2	   2	  16	  28	  80	  20	  50	 401	890768	891254	   0	 -10	
 341	 344	  20	   4	 702	   2	   2	   2	  17	  28	  80	  20	  50	 498	893048	893750	   0	 -10	
 342	 345	  50	   4	 788	   3	   2	   2	  17	  29	  80	  20	  50	 321	895354	896142	   0	 -10	
 343	 346	  20	   3	 668	   2	   2	   2	  18	  29	  80	  20	  50	 408	897834	898502	   0	 -10	
 344	 347	  80	   1	 532	   1	   1	   3	  18	  29	  80	  20	  50	 483	900274	900806	   0	   0	
 345	 348	  20	   3	 676	   2	   2	   3	  19	  29	  80	  20	  50	 676	902754	903430	   0	   0	
 346	 349	  50	   4	 802	   3	   2	   3	  19	  30	  80	  20	  50	 470	905180	905982	   0	   0	
 347	 350	  80	   1	 674	   1	   1	   4	  19	  30	  80	  20	  50	 630	907900	908574	   0	  10	
 348	 351	  50	   4	 690	   3	   2	   4	  19	  31	  80	  20	  50	 406	910260	910950	   0	  10	
 349	 352	  80	   2	 586	   1	   1	   5	  19	  31	  80	  20	  50	 475	912700	913286	   0	   0	
 350	 353	  50	   4	 670	   3	   2	   5	  19	  32	  80	  20	  50	 681	915247	915917	   0	   0	
 351	 354	  80	   1	 729	   1	   1	   6	  19	  32	  80	  20	  50	 679	917900	918629	   0	  10	
 352	 355	  20	   4	1006	   2	   2	   6	  20	  32	  80	  20	  50	 500	920407	921413	   0	  10	
 353	 356	  80	   1	 857	   1	   1	   7	  20	  32	  80	  20	  50	 562	923260	924117	   0	  20	
 354	 357	  50	   3	 612	   3	   2	   7	  20	  33	  80	  20	  50	 308	925713	926325	   0	  20	
 355	 358	  20	   1	1364	   2	   1	   7	  21	  33	  80	  20	  50	 471	928073	929437	   0	  30	
 356	 359	  70	   3	 991	   3	   2	   7	  21	   1	  80	  20	  70	 320	931086	932077	   3	  30	
 357	 360	  20	   4	 823	   2	   2	   7	  22	   1	  80	  20	  70	 406	933766	934589	   0	  30	
 358	 361	  80	   3	 588	   1	   2	   8	  22	   1	  80	  20	  70	 404	936273	936861	   0	  30	
 359	 362	  20	   4	 570	   2	   2	   8	  23	   1	  80	  20	  70	 512	938659	939229	   0	  30	
 360	 363	  70	   4	 685	   3	   2	   8	  23	   2	  80	  20	  70	 363	940872	941557	   0	  30	
 361	 364	  80	   2	 517	   1	   1	   9	  23	   2	  80	  20	  70	 502	943352	943869	   0	  20	
 362	 365	  70	   4	 485	   3	   2	   9	  23	   3	  80	  20	  70	 320	945472	945957	   0	  20	
 363	 366	  20	   4	 711	   2	   2	   9	  24	   3	  80	  20	  70	 563	947806	948517	   0	  20	
 364	 367	  70	   3	 549	   3	   2	   9	  24	   4	  80	  20	  70	 358	950152	950701	   0	  20	
 365	 368	  20	   4	 501	   2	   2	   9	  25	   4	  80	  20	  70	 519	952512	953013	   0	  20	
 366	 369	  80	   1	 570	   1	   1	  10	  25	   4	  80	  20	  70	 407	954699	955269	   0	  30	
 367	 370	  70	   1	1178	   3	   1	  10	  25	   5	  80	  20	  70	 350	956899	958077	   0	  40	
 368	 371	  20	   4	 605	   2	   2	  10	  26	   5	  80	  20	  70	 356	959712	960317	   0	  40	
 369	 372	  70	   3	 632	   3	   2	  10	  26	   6	  80	  20	  70	 608	962205	962837	   0	  40	
 370	 373	  80	   3	 629	   1	   2	  11	  26	   6	  80	  20	  70	 550	964672	965301	   0	  40	
 371	 374	  70	   4	 672	   3	   2	  11	  26	   7	  80	  20	  70	 473	967085	967757	   0	  40	
 372	 375	  80	   1	 565	   1	   1	  12	  26	   7	  80	  20	  70	 626	969671	970236	   0	  50	
 373	 376	  70	   1	 829	   3	   1	  12	  26	   8	  80	  20	  70	 590	972111	972940	   0	  60	
 374	 377	  20	   3	 602	   2	   2	  12	  27	   8	  80	  20	  70	 587	974818	975420	   0	  60	
 375	 378	  80	   1	 738	   1	   1	  13	  27	   8	  80	  20	  70	 670	977378	978116	   0	  70	
 376	 379	  70	   3	 488	   3	   2	  13	  27	   9	  80	  20	  70	 451	979844	980332	   0	  70	
 377	 380	  80	   1	 565	   1	   1	  14	  27	   9	  80	  20	  70	 535	982151	982716	   0	  80	
 378	 381	  70	   1	 744	   3	   1	  14	  27	  10	  80	  20	  70	 532	984524	985268	   0	  90	
 379	 382	  80	   1	 611	   1	   1	  15	  27	  10	  80	  20	  70	 637	987177	987788	   0	 100	
 380	 383	  20	   4	 947	   2	   2	  15	  28	  10	  80	  20	  70	 350	989417	990364	   0	 100	
 381	 384	  80	   1	 600	   1	   1	  16	  28	  10	  80	  20	  70	 376	992044	992644	   0	 110	
 382	 385	  70	   4	 589	   3	   2	  16	  28	  11	  80	  20	  70	 618	994551	995140	   0	 110	
 383	 386	  80	   1	 875	   1	   1	  17	  28	  11	  80	  20	  70	 587	997017	997892	   0	 120	
 384	 387	  20	   4	 488	   2	   2	  17	  29	  11	  80	  20	  70	 637	999804	1000292	   0	 120	
 385	 388	  70	   1	 830	   3	   1	  17	  29	  12	  80	  20	  70	 422	1001990	1002820	   0	 130	
 386	 389	  20	   4	1134	   2	   2	  17	  30	  12	  80	  20	  70	 480	1004590	1005724	   0	 130	
 387	 390	  70	   1	1089	   3	   1	  17	  30	  13	  80	  20	  70	 591	1007603	1008692	   0	 140	
 388	 391	  80	   2	 739	   1	   1	  18	  30	  13	  80	  20	  70	 559	1010537	1011276	   0	 130	
 389	 392	  70	   4	 822	   3	   2	  18	  30	  14	  80	  20	  70	 670	1013230	1014052	   0	 130	
 390	 393	  20	   2	 814	   2	   1	  18	  31	  14	  80	  20	  70	 376	1015710	1016524	   0	 120	
 391	 394	  70	   3	1390	   3	   2	  18	  31	  15	  80	  20	  70	 683	1018510	1019900	   0	 120	
 392	 395	  20	   4	 549	   2	   2	  18	  32	  15	  80	  20	  70	 641	1021830	1022379	   0	 120	
 393	 396	  70	   1	 525	   3	   1	  18	  32	  16	  80	  20	  70	 483	1024150	1024675	   0	 130	
 394	 397	  80	   2	 664	   1	   1	  19	  32	  16	  80	  20	  70	 531	1026483	1027147	   0	 120	
 395	 398	  70	   2	 528	   3	   1	  19	  32	  17	  80	  20	  70	 538	1028963	1029491	   0	 110	
 396	 399	  20	   1	 707	   2	   1	  19	  33	  17	  80	  20	  70	 612	1031376	1032083	   0	 120	
 397	 400	  80	   1	 678	   1	   1	  20	  33	  17	  80	  20	  70	 496	1033869	1034547	   0	 130	
 398	 401	  20	   4	 923	   2	   2	  20	  34	  17	  80	  20	  70	 591	1036416	1037339	   0	 130	
 399	 402	  80	   2	 611	   1	   1	  21	  34	  17	  80	  20	  70	 628	1039256	1039867	   0	 120	
 400	 403	  20	   4	 713	   2	   2	  21	  35	  17	  80	  20	  70	 655	1041802	1042515	   0	 120	
 401	 404	  80	   1	 969	   1	   1	  22	  35	  17	  80	  20	  70	 634	1044442	1045411	   0	 130	
 402	 405	  80	   3	 956	   2	   2	  22	   1	  17	  80	  80	  70	 625	1047335	1048291	   2	 130	
 403	 406	  80	   1	 825	   1	   1	  23	   1	  17	  80	  80	  70	 389	1049962	1050787	   0	 140	
 404	 407	  80	   3	 860	   2	   2	  23	   2	  17	  80	  80	  70	 472	1052535	1053395	   0	 140	
 405	 408	  80	   1	 740	   1	   1	  24	   2	  17	  80	  80	  70	 339	1055015	1055755	   0	 150	
 406	 409	  80	   3	1375	   2	   2	  24	   3	  17	  80	  80	  70	 518	1057548	1058923	   0	 150	
 407	 410	  80	   1	 639	   1	   1	  25	   3	  17	  80	  80	  70	 577	1060788	1061427	   0	 160	
 408	 411	  80	   2	 655	   2	   1	  25	   4	  17	  80	  80	  70	 566	1063268	1063923	   0	 150	
 409	 412	  80	   1	 711	   1	   1	  26	   4	  17	  80	  80	  70	 497	1065708	1066419	   0	 160	
 410	 413	  80	   1	 602	   2	   1	  26	   5	  17	  80	  80	  70	 623	1068321	1068923	   0	 170	
 411	 414	  80	   2	 740	   1	   1	  27	   5	  17	  80	  80	  70	 538	1070775	1071515	   0	 160	
 412	 415	  80	   1	 429	   2	   1	  27	   6	  17	  80	  80	  70	 536	1073334	1073763	   0	 170	
 413	 416	  80	   1	 548	   1	   1	  28	   6	  17	  80	  80	  70	 569	1075614	1076162	   0	 180	
 414	 417	  70	   3	1358	   3	   2	  28	   6	  18	  80	  80	  70	 459	1077908	1079266	   0	 180	
 415	 418	  80	   1	 636	   2	   1	  28	   7	  18	  80	  80	  70	 466	1081014	1081650	   0	 190	
 416	 419	  80	   1	 689	   1	   1	  29	   7	  18	  80	  80	  70	 466	1083401	1084090	   0	 200	
 417	 420	  80	   1	 679	   2	   1	  29	   8	  18	  80	  80	  70	 538	1085907	1086586	   0	 210	
 418	 421	  70	   3	 708	   3	   2	  29	   8	  19	  80	  80	  70	 504	1088374	1089082	   0	 210	
 419	 422	  80	   2	 468	   2	   1	  29	   9	  19	  80	  80	  70	 565	1090934	1091402	   0	 200	
 420	 423	  80	   1	 762	   1	   1	  30	   9	  19	  80	  80	  70	 308	1093000	1093762	   0	 210	
 421	 424	  70	   1	 690	   3	   1	  30	   9	  20	  80	  80	  70	 680	1095760	1096450	   0	 220	
 422	 425	  80	   1	 487	   2	   1	  30	  10	  20	  80	  80	  70	 497	1098227	1098714	   0	 230	
 423	 426	  30	   4	 853	   1	   2	   1	  10	  20	  30	  80	  70	 397	1100413	1101266	   1	 230	
 424	 427	  70	   1	 714	   3	   1	   1	  10	  21	  30	  80	  70	 603	1103160	1103874	   0	 240	
 425	 428	  80	   2	 834	   2	   1	   1	  11	  21	  30	  80	  70	 529	1105680	1106514	   0	 230	
 426	 429	  30	   3	1258	   1	   2	   2	  11	  21	  30	  80	  70	 646	1108440	1109698	   0	 230	
 427	 430	  70	   2	 768	   3	   1	   2	  11	  22	  30	  80	  70	 402	1111386	1112154	   0	 220	
 428	 431	  80	   1	 536	   2	   1	   2	  12	  22	  30	  80	  70	 351	1113786	1114322	   0	 230	
 429	 432	  70	   2	1357	   3	   1	   2	  12	  23	  30	  80	  70	 371	1115973	1117330	   0	 220	
 430	 433	  80	   1	 709	   2	   1	   2	  13	  23	  30	  80	  70	 521	1119133	1119842	   0	 230	
 431	 434	  70	   3	 651	   3	   2	   2	  13	  24	  30	  80	  70	 567	1121719	1122370	   0	 230	
 432	 435	  80	   1	 720	   2	   1	   2	  14	  24	  30	  80	  70	 497	1124146	1124866	   0	 240	
 433	 436	  70	   1	1101	   3	   1	   2	  14	  25	  30	  80	  70	 494	1126653	1127754	   0	 250	
 434	 437	  30	   3	 677	   1	   2	   3	  14	  25	  30	  80	  70	 464	1129492	1130169	   0	 250	
 435	 438	  70	   1	 781	   3	   1	   3	  14	  26	  30	  80	  70	 492	1131932	1132713	   0	 260	
 436	 439	  30	   4	 546	   1	   2	   4	  14	  26	  30	  80	  70	 447	1134439	1134985	   0	 260	
 437	 440	  70	   1	 669	   3	   1	   4	  14	  27	  30	  80	  70	 373	1136652	1137321	   0	 270	
 438	 441	  80	   1	 829	   2	   1	   4	  15	  27	  30	  80	  70	 680	1139292	1140121	   0	 280	
 439	 442	  70	   2	1325	   3	   1	   4	  15	  28	  30	  80	  70	 443	1141852	1143177	   0	 270	
 440	 443	  30	   2	 920	   1	   1	   5	  15	  28	  30	  80	  70	 327	1144785	1145705	   0	 260	
 441	 444	  80	   1	 664	   2	   1	   5	  16	  28	  30	  80	  70	 481	1147505	1148169	   0	 270	
 442	 445	  30	   2	 992	   1	   1	   6	  16	  28	  30	  80	  70	 420	1149865	1150857	   0	 260	
 443	 446	  80	   1	 819	   2	   1	   6	  17	  28	  30	  80	  70	 620	1152758	1153577	   0	 270	
 444	 447	  30	   1	 544	   1	   1	   7	  17	  28	  30	  80	  70	 647	1155505	1156049	   0	 280	
 445	 448	  80	   2	 630	   2	   1	   7	  18	  28	  30	  80	  70	 442	1157771	1158401	   0	 270	
 446	 449	  30	   2	 846	   1	   1	   8	  18	  28	  30	  80	  70	 523	1160211	1161057	   0	 260	
 447	 450	  70	   1	1496	   3	   1	   8	  18	  29	  30	  80	  70	 523	1162865	1164361	   0	 270	
 448	 451	  30	   2	 611	   1	   1	   9	  18	  29	  30	  80	  70	 437	1166078	1166689	   0	 260	
 449	 452	  80	   1	 617	   2	   1	   9	  19	  29	  30	  80	  70	 657	1168624	1169241	   0	 270	
 450	 453	  70	   1	1675	   3	   1	   9	  19	  30	  30	  80	  70	 475	1170998	1172673	   0	 280	
 451	 454	  80	   1	1014	   2	   1	   9	  20	  30	  30	  80	  70	 431	1174411	1175425	   0	 290	
 452	 455	  30	   2	 753	   1	   1	  10	  20	  30	  30	  80	  70	 431	1177144	1177897	   0	 280	
 453	 456	  80	   1	 676	   2	   1	  10	  21	  30	  30	  80	  70	 424	1179597	1180273	   0	 290	
 454	 457	  70	   1	 869	   3	   1	  10	  21	  31	  30	  80	  70	 579	1182131	1183000	   0	 300	
 455	 458	  30	   3	 475	   1	   2	  11	  21	  31	  30	  80	  70	 516	1184797	1185272	   0	 300	
 456	 459	  70	   1	 675	   3	   1	  11	  21	  32	  30	  80	  70	 692	1187237	1187912	   0	 310	
 457	 460	  30	   4	 408	   1	   2	  12	  21	  32	  30	  80	  70	 594	1189784	1190192	   0	 310	
 458	 461	  80	   1	 552	   2	   1	  12	  22	  32	  30	  80	  70	 510	1191984	1192536	   0	 320	
 459	 462	  70	   1	1097	   3	   1	  12	  22	  33	  30	  80	  70	 399	1194223	1195320	   0	 330	
 460	 463	  30	   4	 411	   1	   2	  13	  22	  33	  30	  80	  70	 434	1197037	1197448	   0	 330	
 461	 464	  80	   1	 779	   2	   1	  13	  23	  33	  30	  80	  70	 519	1199277	1200056	   0	 340	
 462	 465	  30	   3	 681	   1	   2	  14	  23	  33	  30	  80	  70	 323	1201663	1202344	   0	 340	
 463	 466	  70	   2	 854	   3	   1	  14	  23	  34	  30	  80	  70	 580	1204210	1205064	   0	 330	
 464	 467	  80	   1	1116	   2	   1	  14	  24	  34	  30	  80	  70	 449	1206796	1207912	   0	 340	
 465	 468	  70	   3	 817	   3	   2	  14	  24	  35	  30	  80	  70	 507	1209703	1210520	   0	 340	
 466	 469	  30	   4	 399	   1	   2	  15	  24	  35	  30	  80	  70	 646	1212449	1212848	   0	 340	
 467	 470	  80	   2	 697	   2	   1	  15	  25	  35	  30	  80	  70	 378	1214503	1215200	   0	 330	
 468	 471	  30	   4	 725	   1	   2	  16	  25	  35	  30	  80	  70	 439	1216915	1217640	   0	 330	
 469	 472	  50	   4	1020	   3	   2	  16	  25	   1	  30	  80	  50	 484	1219436	1220456	   3	 330	
 470	 473	  30	   1	 970	   1	   1	  17	  25	   1	  30	  80	  50	 330	1222062	1223032	   0	 340	
 471	 474	  80	   1	 615	   2	   1	  17	  26	   1	  30	  80	  50	 437	1224769	1225384	   0	 350	
 472	 475	  30	   2	 575	   1	   1	  18	  26	   1	  30	  80	  50	 461	1227129	1227704	   0	 340	
 473	 476	  50	   3	 730	   3	   2	  18	  26	   2	  30	  80	  50	 678	1229662	1230392	   0	 340	
 474	 477	  80	   1	 693	   2	   1	  18	  27	   2	  30	  80	  50	 608	1232275	1232968	   0	 350	
 475	 478	  50	   4	1183	   3	   2	  18	  27	   3	  30	  80	  50	 365	1234609	1235792	   0	 350	
 476	 479	  80	   1	 852	   2	   1	  18	  28	   3	  30	  80	  50	 643	1237715	1238567	   0	 360	
 477	 480	  30	   2	1492	   1	   1	  19	  28	   3	  30	  80	  50	 587	1240435	1241927	   0	 350	
 478	 481	  50	   4	 863	   3	   2	  19	  28	   4	  30	  80	  50	 548	1243768	1244631	   0	 350	
 479	 482	  80	   2	 663	   2	   1	  19	  29	   4	  30	  80	  50	 383	1246288	1246951	   0	 340	
 480	 483	  50	   3	 743	   3	   2	  19	  29	   5	  30	  80	  50	 541	1248768	1249511	   0	 340	
 481	 484	  80	   1	 906	   2	   1	  19	  30	   5	  30	  80	  50	 691	1251501	1252407	   0	 350	
 482	 485	  30	   4	1215	   1	   2	  20	  30	   5	  30	  80	  50	 548	1254248	1255463	   0	 350	
 483	 486	  20	   3	1340	   2	   2	  20	   1	   5	  30	  20	  50	 461	1257235	1258575	   2	 350	
 484	 487	  50	   3	1581	   3	   2	  20	   1	   6	  30	  20	  50	 585	1260434	1262015	   0	 350	
 485	 488	  20	   4	 591	   2	   2	  20	   2	   6	  30	  20	  50	 550	1263848	1264439	   0	 350	
 486	 489	  30	   4	1935	   1	   2	  21	   2	   6	  30	  20	  50	 679	1266408	1268343	   0	 350	
 487	 490	  50	   3	 800	   3	   2	  21	   2	   7	  30	  20	  50	 619	1270247	1271047	   0	 350	
 488	 491	  30	   3	 730	   1	   2	  22	   2	   7	  30	  20	  50	 560	1272901	1273631	   0	 350	
 489	 492	  50	   3	 690	   3	   2	  22	   2	   8	  30	  20	  50	 552	1275461	1276151	   0	 350	
 490	 493	  20	   4	 928	   2	   2	  22	   3	   8	  30	  20	  50	 420	1277847	1278775	   0	 350	
 491	 494	  50	   4	 909	   3	   2	  22	   3	   9	  30	  20	  50	 557	1280634	1281543	   0	 350	
 492	 495	  30	   3	1312	   1	   2	  23	   3	   9	  30	  20	  50	 464	1283287	1284599	   0	 350	
 493	 496	  20	   3	 606	   2	   2	  23	   4	   9	  30	  20	  50	 476	1286353	1286959	   0	 350	
 494	 497	  50	   4	 806	   3	   2	  23	   4	  10	  30	  20	  50	 594	1288833	1289639	   0	 350	
 495	 498	  30	   4	 570	   1	   2	  24	   4	  10	  30	  20	  50	 541	1291460	1292030	   0	 350	
 496	 499	  50	   3	1146	   3	   2	  24	   4	  11	  30	  20	  50	 433	1293740	1294886	   0	 350	
 497	 500	  30	   4	 845	   1	   2	  25	   4	  11	  30	  20	  50	 613	1296793	1297638	   0	 350	
 498	 501	  50	   2	 821	   3	   1	  25	   4	  12	  30	  20	  50	 388	1299313	1300134	   0	 340	
 499	 502	  20	   4	 661	   2	   2	  25	   5	  12	  30	  20	  50	 384	1301793	1302454	   0	 340	
 500	 503	  30	   4	1595	   1	   2	  26	   5	  12	  30	  20	  50	 684	1304419	1306014	   0	 340	
 501	 504	  50	   3	1003	   3	   2	  26	   5	  13	  30	  20	  50	 696	1308019	1309022	   0	 340	
 502	 505	  30	   4	 685	   1	   2	  27	   5	  13	  30	  20	  50	 566	1310873	1311558	   0	 340	
 503	 506	  20	   4	 739	   2	   2	  27	   6	  13	  30	  20	  50	 585	1313419	1314158	   0	 340	
 504	 507	  50	   3	1424	   3	   2	  27	   6	  14	  30	  20	  50	 523	1315966	1317390	   0	 340	
 505	 508	  20	   2	 867	   2	   1	  27	   7	  14	  30	  20	  50	 510	1319179	1320046	   0	 330	
 506	 509	  50	   2	 872	   3	   1	  27	   7	  15	  30	  20	  50	 558	1321886	1322758	   0	 320	
 507	 510	  30	   1	 681	   1	   1	  28	   7	  15	  30	  20	  50	 648	1324685	1325366	   0	 330	
 508	 511	  50	   2	 883	   3	   1	  28	   7	  16	  30	  20	  50	 368	1327019	1327902	   0	 320	
 509	 512	  30	   2	 785	   1	   1	  29	   7	  16	  30	  20	  50	 423	1329605	1330390	   0	 310	
 510	 513	  20	   4	1286	   2	   2	  29	   8	  16	  30	  20	  50	 330	1331992	1333278	   0	 310	
 511	 514	  30	   4	 870	   1	   2	  30	   8	  16	  30	  20	  50	 371	1334952	1335822	   0	 310	
 512	 515	  50	   3	 860	   3	   2	  30	   8	  17	  30	  20	  50	 438	1337538	1338398	   0	 310	
 513	 516	  30	   4	 633	   1	   2	  31	   8	  17	  30	  20	  50	 641	1340325	1340958	   0	 310	
 514	 517	  20	   4	 582	   2	   2	  31	   9	  17	  30	  20	  50	 397	1342631	1343213	   0	 310	
 515	 518	  50	   4	 683	   3	   2	  31	   9	  18	  30	  20	  50	 405	1344898	1345581	   0	 310	
 516	 519	  20	   4	 990	   2	   2	  31	  10	  18	  30	  20	  50	 602	1347471	1348461	   0	 310	
 517	 520	  30	   4	 667	   1	   2	  32	  10	  18	  30	  20	  50	 553	1350298	1350965	   0	 310	
 518	 521	  20	   4	 478	   2	   2	  32	  11	  18	  30	  20	  50	 655	1352911	1353389	   0	 310	
 519	 522	  50	   3	 438	   3	   2	  32	  11	  19	  30	  20	  50	 690	1355351	1355789	   0	 310	
 520	 523	  30	   4	 507	   1	   2	  33	  11	  19	  30	  20	  50	 386	1357458	1357965	   0	 310	
 521	 524	  50	   4	 430	   3	   2	  33	  11	  20	  30	  20	  50	 667	1359951	1360381	   0	 310	
 522	 525	  80	   4	 940	   1	   2	   1	  11	  20	  80	  20	  50	 338	1362017	1362957	   1	 310	
 523	 526	  50	   4	 820	   3	   2	   1	  11	  21	  80	  20	  50	 302	1364537	1365357	   0	 310	
 524	 527	  80	   3	 585	   1	   2	   2	  11	  21	  80	  20	  50	 330	1366964	1367549	   0	 310	
 525	 528	  50	   4	1161	   3	   2	   2	  11	  22	  80	  20	  50	 538	1369364	1370525	   0	 310	
 526	 529	  80	   3	 479	   1	   2	   3	  11	  22	  80	  20	  50	 540	1372350	1372829	   0	 310	
 527	 530	  50	   3	 521	   3	   2	   3	  11	  23	  80	  20	  50	 658	1374764	1375285	   0	 310	
 528	 531	  80	   4	 815	   1	   2	   4	  11	  23	  80	  20	  50	 460	1377030	1377845	   0	 310	
 529	 532	  50	   3	1260	   3	   2	   4	  11	  24	  80	  20	  50	 491	1379617	1380877	   0	 310	
 530	 533	  80	   3	 903	   1	   2	   5	  11	  24	  80	  20	  50	 392	1382550	1383453	   0	 310	
 531	 534	  20	   4	 999	   2	   2	   5	  12	  24	  80	  20	  50	 586	1385350	1386349	   0	 310	
 532	 535	  50	   3	 647	   3	   2	   5	  12	  25	  80	  20	  50	 527	1388150	1388797	   0	 310	
 533	 536	  20	   4	 610	   2	   2	   5	  13	  25	  80	  20	  50	 527	1390603	1391213	   0	 310	
 534	 537	  80	   3	1061	   1	   2	   6	  13	  25	  80	  20	  50	 359	1392856	1393917	   0	 310	
 535	 538	  50	   3	 807	   3	   2	   6	  13	  26	  80	  20	  50	 512	1395710	1396517	   0	 310	
 536	 539	  20	   1	 705	   2	   1	   6	  14	  26	  80	  20	  50	 409	1398203	1398908	   0	 320	
 537	 540	  50	   4	 895	   3	   2	   6	  14	  27	  80	  20	  50	 516	1400709	1401604	   0	 320	
 538	 541	  20	   4	1143	   2	   2	   6	  15	  27	  80	  20	  50	 578	1403469	1404612	   0	 320	
 539	 542	  50	   4	1415	   3	   2	   6	  15	  28	  80	  20	  50	 661	1406549	1407964	   0	 320	
 540	 543	  20	   3	1226	   2	   2	   6	  16	  28	  80	  20	  50	 550	1409802	1411028	   0	 320	
 541	 544	  80	   1	1079	   1	   1	   7	  16	  28	  80	  20	  50	 691	1413029	1414108	   0	 330	
 542	 545	  20	   4	 700	   2	   2	   7	  17	  28	  80	  20	  50	 578	1415976	1416676	   0	 330	
 543	 546	  50	   3	 570	   3	   2	   7	  17	  29	  80	  20	  50	 565	1418522	1419092	   0	 330	
 544	 547	  20	   4	 599	   2	   2	   7	  18	  29	  80	  20	  50	 385	1420749	1421348	   0	 330	
 545	 548	  80	   1	1058	   1	   1	   8	  18	  29	  80	  20	  50	 610	1423242	1424300	   0	 340	
 546	 549	  50	   4	 642	   3	   2	   8	  18	  30	  80	  20	  50	 457	1426042	1426684	   0	 340	
 547	 550	  20	   2	 456	   2	   1	   8	  19	  30	  80	  20	  50	 573	1428548	1429004	   0	 330	
 548	 551	  80	   1	 549	   1	   1	   9	  19	  30	  80	  20	  50	 409	1430695	1431244	   0	 340	
 549	 552	  20	   4	 525	   2	   2	   9	  20	  30	  80	  20	  50	 643	1433175	1433700	   0	 340	
 550	 553	  80	   1	 736	   1	   1	  10	  20	  30	  80	  20	  50	 527	1435508	1436244	   0	 350	
 551	 554	  50	   1	1149	   3	   1	  10	  20	  31	  80	  20	  50	 505	1438055	1439204	   0	 360	
 552	 555	  20	   4	 853	   2	   2	  10	  21	  31	  80	  20	  50	 410	1440895	1441748	   0	 360	
 553	 556	  50	   2	 739	   3	   1	  10	  21	  32	  80	  20	  50	 325	1443361	1444100	   0	 350	
 554	 557	  80	   3	 846	   1	   2	  11	  21	  32	  80	  20	  50	 596	1445974	1446820	   0	 350	
 555	 558	  50	   2	 955	   3	   1	  11	  21	  33	  80	  20	  50	 613	1448721	1449676	   0	 340	
 556	 559	  80	   1	 634	   1	   1	  12	  21	  33	  80	  20	  50	 443	1451401	1452035	   0	 350	
 557	 560	  30	   4	 965	   3	   2	  12	  21	   1	  80	  20	  30	 430	1453774	1454739	   3	 350	
 558	 561	  80	   1	 816	   1	   1	  13	  21	   1	  80	  20	  30	 520	1456547	1457363	   0	 360	
 559	 562	  20	   3	 608	   2	   2	  13	  22	   1	  80	  20	  30	 577	1459227	1459835	   0	 360	
 560	 563	  30	   4	 685	   3	   2	  13	  22	   2	  80	  20	  30	 338	1461454	1462139	   0	 360	
 561	 564	  20	   4	1272	   2	   2	  13	  23	   2	  80	  20	  30	 661	1464107	1465379	   0	 360	
 562	 565	  80	   2	 912	   1	   1	  14	  23	   2	  80	  20	  30	 408	1467067	1467979	   0	 350	
 563	 566	  20	   4	 661	   2	   2	  14	  24	   2	  80	  20	  30	 558	1469814	1470475	   0	 350	
 564	 567	  80	   1	 907	   1	   1	  15	  24	   2	  80	  20	  30	 532	1472280	1473187	   0	 360	
 565	 568	  30	   4	 926	   3	   2	  15	  24	   3	  80	  20	  30	 495	1474973	1475899	   0	 360	
 566	 569	  20	   4	1112	   2	   2	  15	  25	   3	  80	  20	  30	 320	1477507	1478619	   0	 360	
 567	 570	  80	   2	 832	   1	   1	  16	  25	   3	  80	  20	  30	 400	1480307	1481139	   0	 350	
 568	 571	  20	   4	 825	   2	   2	  16	  26	   3	  80	  20	  30	 408	1482826	1483651	   0	 350	
 569	 572	  80	   1	 451	   1	   1	  17	  26	   3	  80	  20	  30	 675	1485600	1486051	   0	 360	
 570	 573	  30	   4	1062	   3	   2	  17	  26	   4	  80	  20	  30	 449	1487773	1488835	   0	 360	
 571	 574	  20	   4	 729	   2	   2	  17	  27	   4	  80	  20	  30	 605	1490746	1491475	   0	 360	
 572	 575	  30	   3	 665	   3	   2	  17	  27	   5	  80	  20	  30	 515	1493266	1493931	   0	 360	
 573	 576	  20	   3	 828	   2	   2	  17	  28	   5	  80	  20	  30	 628	1495839	1496667	   0	 360	
 574	 577	  80	   1	 716	   1	   1	  18	  28	   5	  80	  20	  30	 605	1498559	1499275	   0	 370	
 575	 578	  20	   4	 743	   2	   2	  18	  29	   5	  80	  20	  30	 420	1500972	1501715	   0	 370	
 576	 579	  30	   4	 919	   3	   2	  18	  29	   6	  80	  20	  30	 573	1503572	1504491	   0	 370	
 577	 580	  20	   4	 723	   2	   2	  18	  30	   6	  80	  20	  30	 438	1506199	1506922	   0	 370	
 578	 581	  80	   1	 670	   1	   1	  19	  30	   6	  80	  20	  30	 521	1508732	1509402	   0	 380	
 579	 582	  20	   4	1062	   2	   2	  19	  31	   6	  80	  20	  30	 331	1511012	1512074	   0	 380	
 580	 583	  30	   3	 982	   3	   2	  19	  31	   7	  80	  20	  30	 504	1513852	1514834	   0	 380	
 581	 584	  20	   2	 817	   2	   1	  19	  32	   7	  80	  20	  30	 646	1516785	1517602	   0	 370	
 582	 585	  30	   4	 953	   3	   2	  19	  32	   8	  80	  20	  30	 420	1519305	1520258	   0	 370	
 583	 586	  80	   1	 876	   1	   1	  20	  32	   8	  80	  20	  30	 373	1521918	1522794	   0	 380	
 584	 587	  30	   4	 713	   3	   2	  20	  32	   9	  80	  20	  30	 556	1524625	1525338	   0	 380	
 585	 588	  80	   1	 838	   1	   1	  21	  32	   9	  80	  20	  30	 676	1527292	1528130	   0	 390	
 586	 589	  20	   4	 908	   2	   2	  21	  33	   9	  80	  20	  30	 518	1529918	1530826	   0	 390	
 587	 590	  30	   3	 660	   3	   2	  21	  33	  10	  80	  20	  30	 643	1532758	1533418	   0	 390	
 588	 591	  80	   2	 721	   1	   1	  22	  33	  10	  80	  20	  30	 363	1535065	1535786	   0	 380	
 589	 592	  20	   4	 716	   2	   2	  22	  34	  10	  80	  20	  30	 479	1537558	1538274	   0	 380	
 590	 593	  80	   1	 556	   1	   1	  23	  34	  10	  80	  20	  30	 572	1540118	1540674	   0	 390	
 591	 594	  20	   4	 780	   2	   2	  23	  35	  10	  80	  20	  30	 538	1542518	1543298	   0	 390	
 592	 595	  80	   1	 687	   1	   1	  24	  35	  10	  80	  20	  30	 387	1544971	1545658	   0	 400	
 593	 596	  30	   4	 789	   3	   2	  24	  35	  11	  80	  20	  30	 574	1547517	1548306	   0	 400	
 594	 597	  80	   1	 567	   1	   1	  25	  35	  11	  80	  20	  30	 333	1549931	1550498	   0	 410	
 595	 598	  70	   3	 869	   2	   2	  25	   1	  11	  80	  70	  30	 508	1552317	1553186	   2	 410	
 596	 599	  80	   1	1029	   1	   1	  26	   1	  11	  80	  70	  30	 604	1555077	1556106	   0	 420	
 597	 600	  30	   4	 833	   3	   2	  26	   1	  12	  80	  70	  30	 388	1557784	1558617	   0	 420	
 598	 601	  80	   1	 751	   1	   1	  27	   1	  12	  80	  70	  30	 630	1560530	1561281	   0	 430	
 599	 602	  70	   3	 633	   2	   2	  27	   2	  12	  80	  70	  30	 615	1563184	1563817	   0	 430	
 600	 603	  30	   4	1001	   3	   2	  27	   2	  13	  80	  70	  30	 404	1565504	1566505	   0	 430	
 601	 604	  70	   3	1434	   2	   2	  27	   3	  13	  80	  70	  30	 526	1568343	1569777	   0	 430	
 602	 605	  30	   4	 991	   3	   2	  27	   3	  14	  80	  70	  30	 479	1571530	1572521	   0	 430	
 603	 606	  70	   1	 476	   2	   1	  27	   4	  14	  80	  70	  30	 669	1574477	1574953	   0	 440	
 604	 607	  30	   3	 626	   3	   2	  27	   4	  15	  80	  70	  30	 591	1576823	1577449	   0	 440	
 605	 608	  70	   2	 578	   2	   1	  27	   5	  15	  80	  70	  30	 320	1579063	1579641	   0	 430	
 606	 609	  30	   4	 647	   3	   2	  27	   5	  16	  80	  70	  30	 681	1581610	1582257	   0	 430	
 607	 610	  80	   2	1175	   1	   1	  28	   5	  16	  80	  70	  30	 475	1584010	1585185	   0	 420	
 608	 611	  70	   1	 674	   2	   1	  28	   6	  16	  80	  70	  30	 358	1586823	1587497	   0	 430	
 609	 612	  30	   4	 616	   3	   2	  28	   6	  17	  80	  70	  30	 351	1589129	1589745	   0	 430	
 610	 613	  70	   2	 509	   2	   1	  28	   7	  17	  80	  70	  30	 410	1591436	1591945	   0	 420	
 611	 614	  80	   1	 589	   1	   1	  29	   7	  17	  80	  70	  30	 504	1593756	1594345	   0	 430	
 612	 615	  70	   1	 773	   2	   1	  29	   8	  17	  80	  70	  30	 448	1596076	1596849	   0	 440	
 613	 616	  30	   4	 683	   3	   2	  29	   8	  18	  80	  70	  30	 687	1598822	1599505	   0	 440	
 614	 617	  80	   1	 517	   1	   1	  30	   8	  18	  80	  70	  30	 691	1601476	1601993	   0	 450	
 615	 618	  30	   3	 555	   3	   2	  30	   8	  19	  80	  70	  30	 394	1603662	1604217	   0	 450	
 616	 619	  70	   1	 664	   2	   1	  30	   9	  19	  80	  70	  30	 627	1606129	1606793	   0	 460	
 617	 620	  30	   3	 520	   3	   2	  30	   9	  20	  80	  70	  30	 654	1608729	1609249	   0	 460	
 618	 621	  70	   2	 672	   2	   1	  30	  10	  20	  80	  70	  30	 637	1611169	1611841	   0	 450	
 619	 622	  50	   4	 754	   1	   2	   1	  10	  20	  50	  70	  30	 636	1613782	1614536	   1	 450	
 620	 623	  70	   1	 808	   2	   1	   1	  11	  20	  50	  70	  30	 346	1616168	1616976	   0	 460	
 621	 624	  50	   4	 386	   1	   2	   2	  11	  20	  50	  70	  30	 424	1618702	1619088	   0	 460	
 622	 625	  30	   3	 904	   3	   2	   2	  11	  21	  50	  70	  30	 474	1620848	1621752	   0	 460	
 623	 626	  70	   1	1141	   2	   1	   2	  12	  21	  50	  70	  30	 687	1623715	1624856	   0	 470	
 624	 627	  50	   4	 483	   1	   2	   3	  12	  21	  50	  70	  30	 564	1626701	1627184	   0	 470	
 625	 628	  30	   4	 637	   3	   2	   3	  12	  22	  50	  70	  30	 526	1628995	1629632	   0	 470	
 626	 629	  50	   3	 528	   1	   2	   4	  12	  22	  50	  70	  30	 413	1631328	1631856	   0	 470	
 627	 630	  70	   1	 974	   2	   1	   4	  13	  22	  50	  70	  30	 378	1633514	1634488	   0	 480	
 628	 631	  30	   4	 630	   3	   2	   4	  13	  23	  50	  70	  30	 302	1636074	1636704	   0	 480	
 629	 632	  50	   3	 947	   1	   2	   5	  13	  23	  50	  70	  30	 636	1638621	1639568	   0	 480	
 630	 633	  70	   1	 867	   2	   1	   5	  14	  23	  50	  70	  30	 530	1641381	1642248	   0	 490	
 631	 634	  30	   4	 726	   3	   2	   5	  14	  24	  50	  70	  30	 349	1643914	1644640	   0	 490	
 632	 635	  50	   4	 446	   1	   2	   6	  14	  24	  50	  70	  30	 356	1646274	1646720	   0	 490	
 633	 636	  30	   4	 718	   3	   2	   6	  14	  25	  50	  70	  30	 306	1648314	1649032	   0	 490	
 634	 637	  50	   3	 524	   1	   2	   7	  14	  25	  50	  70	  30	 511	1650820	1651344	   0	 490	
 635	 638	  30	   4	 524	   3	   2	   7	  14	  26	  50	  70	  30	 466	1653100	1653624	   0	 490	
 636	 639	  70	   2	 814	   2	   1	   7	  15	  26	  50	  70	  30	 409	1655314	1656128	   0	 480	
 637	 640	  50	   3	 657	   1	   2	   8	  15	  26	  50	  70	  30	 437	1657847	1658504	   0	 480	
 638	 641	  70	   1	1020	   2	   1	   8	  16	  26	  50	  70	  30	 549	1660340	1661360	   0	 490	
 639	 642	  30	   3	 811	   3	   2	   8	  16	  27	  50	  70	  30	 574	1663220	1664031	   0	 490	
 640	 643	  50	   3	 723	   1	   2	   9	  16	  27	  50	  70	  30	 518	1665820	1666543	   0	 490	
 641	 644	  70	   1	 630	   2	   1	   9	  17	  27	  50	  70	  30	 496	1668353	1668983	   0	 500	
 642	 645	  30	   4	 915	   3	   2	   9	  17	  28	  50	  70	  30	 591	1670860	1671775	   0	 500	
 643	 646	  70	   1	 689	   2	   1	   9	  18	  28	  50	  70	  30	 314	1673366	1674055	   0	 510	
 644	 647	  50	   2	 769	   1	   1	  10	  18	  28	  50	  70	  30	 590	1675926	1676695	   0	 500	
 645	 648	  30	   4	 622	   3	   2	  10	  18	  29	  50	  70	  30	 618	1678593	1679215	   0	 500	
 646	 649	  50	   1	 793	   1	   1	  11	  18	  29	  50	  70	  30	 357	1680846	1681639	   0	 510	
 647	 650	  30	   3	 574	   3	   2	  11	  18	  30	  50	  70	  30	 315	1683233	1683807	   0	 510	
 648	 651	  70	   2	 796	   2	   1	  11	  19	  30	  50	  70	  30	 483	1685579	1686375	   0	 500	
 649	 652	  30	   4	 889	   3	   2	  11	  19	   1	  50	  70	  30	 318	1687966	1688855	   0	 500	
 650	 653	  50	   2	1028	   1	   1	  12	  19	   1	  50	  70	  30	 412	1690539	1691567	   0	 490	
 651	 654	  70	   2	1135	   2	   1	  12	  20	   1	  50	  70	  30	 630	1693512	1694647	   0	 480	
 652	 655	  50	   2	1031	   1	   1	  13	  20	   1	  50	  70	  30	 303	1696232	1697263	   0	 470	
 653	 656	  70	   2	 594	   2	   1	  13	  21	   1	  50	  70	  30	 698	1699245	1699839	   0	 460	
 654	 657	  30	   4	 812	   3	   2	  13	  21	   2	  50	  70	  30	 655	1701779	1702591	   0	 460	
 655	 658	  50	   3	 914	   1	   2	  14	  21	   2	  50	  70	  30	 534	1704405	1705319	   0	 460	
 656	 659	  30	   4	 578	   3	   2	  14	  21	   3	  50	  70	  30	 525	1707125	1707703	   0	 460	
 657	 660	  70	   1	 722	   2	   1	  14	  22	   3	  50	  70	  30	 505	1709485	1710207	   0	 470	
 658	 661	  30	   4	 749	   3	   2	  14	  22	   4	  50	  70	  30	 404	1711898	1712647	   0	 470	
 659	 662	  70	   1	1538	   2	   1	  14	  23	   4	  50	  70	  30	 426	1714365	1715903	   0	 480	
 660	 663	  30	   3	 682	   3	   2	  14	  23	   5	  50	  70	  30	 660	1717845	1718527	   0	 480	
 661	 664	  70	   1	 689	   2	   1	  14	  24	   5	  50	  70	  30	 609	1720445	1721134	   0	 490	
 662	 665	  50	   3	 601	   1	   2	  15	  24	   5	  50	  70	  30	 514	1722925	1723526	   0	 490	
 663	 666	  30	   4	 647	   3	   2	  15	  24	   6	  50	  70	  30	 573	1725391	1726038	   0	 490	
 664	 667	  70	   1	 996	   2	   1	  15	  25	   6	  50	  70	  30	 665	1727978	1728974	   0	 500	
 665	 668	  30	   3	1012	   3	   2	  15	  25	   7	  50	  70	  30	 483	1730738	1731750	   0	 500	
 666	 669	  50	   4	1831	   1	   2	  16	  25	   7	  50	  70	  30	 397	1733431	1735262	   0	 500	
 667	 670	  70	   1	 719	   2	   1	  16	  26	   7	  50	  70	  30	 571	1737111	1737830	   0	 510	
 668	 671	  50	   3	 618	   1	   2	  17	  26	   7	  50	  70	  30	 600	1739724	1740342	   0	 510	
 669	 672	  30	   2	 485	   3	   1	  17	  26	   8	  50	  70	  30	 638	1742257	1742742	   0	 500	
 670	 673	  70	   2	 776	   2	   1	  17	  27	   8	  50	  70	  30	 521	1744550	1745326	   0	 490	
 671	 674	  30	   2	1040	   3	   1	  17	  27	   9	  50	  70	  30	 395	1747030	1748070	   0	 480	
 672	 675	  50	   4	1269	   1	   2	  18	  27	   9	  50	  70	  30	 375	1749737	1751006	   0	 480	
 673	 676	  70	   1	 651	   2	   1	  18	  28	   9	  50	  70	  30	 587	1752883	1753534	   0	 490	
 674	 677	  30	   3	 712	   3	   2	  18	  28	  10	  50	  70	  30	 496	1755310	1756022	   0	 490	
 675	 678	  50	   3	1173	   1	   2	  19	  28	  10	  50	  70	  30	 589	1757897	1759070	   0	 490	
 676	 679	  70	   3	 827	   2	   2	  19	  29	  10	  50	  70	  30	 324	1760683	1761510	   0	 490	
 677	 680	  50	   4	 536	   1	   2	  20	  29	  10	  50	  70	  30	 628	1763430	1763966	   0	 490	
 678	 681	  30	   4	 712	   3	   2	  20	  29	  11	  50	  70	  30	 461	1765710	1766422	   0	 490	
 679	 682	  50	   3	 507	   1	   2	  21	  29	  11	  50	  70	  30	 653	1768363	1768870	   0	 490	
 680	 683	  30	   4	 736	   3	   2	  21	  29	  12	  50	  70	  30	 398	1770550	1771286	   0	 490	
 681	 684	  50	   3	 501	   1	   2	  22	  29	  12	  50	  70	  30	 461	1773056	1773557	   0	 490	
 682	 685	  70	   2	 752	   2	   1	  22	  30	  12	  50	  70	  30	 354	1775189	1775941	   0	 480	
 683	 686	  50	   3	 536	   1	   2	  23	  30	  12	  50	  70	  30	 327	1777549	1778085	   0	 480	
 684	 687	  70	   1	 408	   2	   1	  23	  31	  12	  50	  70	  30	 545	1779909	1780317	   0	 490	
 685	 688	  50	   4	 731	   1	   2	  24	  31	  12	  50	  70	  30	 407	1782002	1782733	   0	 490	
 686	 689	  30	   2	 691	   3	   1	  24	  31	  13	  50	  70	  30	 546	1784562	1785253	   0	 480	
 687	 690	  50	   2	 915	   1	   1	  25	  31	  13	  50	  70	  30	 313	1786842	1787757	   0	 470	
 688	 691	  30	   4	 667	   3	   2	  25	  31	  14	  50	  70	  30	 600	1789642	1790309	   0	 470	
 689	 692	  70	   1	 574	   2	   1	  25	  32	  14	  50	  70	  30	 661	1792255	1792829	   0	 480	
 690	 693	  30	   3	1024	   3	   2	  25	  32	  15	  50	  70	  30	 392	1794509	1795533	   0	 480	
 691	 694	  50	   2	 720	   1	   1	  26	  32	  15	  50	  70	  30	 588	1797429	1798149	   0	 470	
 692	 695	  70	   1	 977	   2	   1	  26	  33	  15	  50	  70	  30	 307	1799748	1800725	   0	 480	
 693	 696	  30	   4	 555	   3	   2	  26	  33	  16	  50	  70	  30	 471	1802482	1803037	   0	 480	
 694	 697	  50	   2	1123	   1	   1	  27	  33	  16	  50	  70	  30	 531	1804842	1805965	   0	 470	
 695	 698	  30	   4	1206	   3	   2	  27	  33	  17	  50	  70	  30	 484	1807735	1808941	   0	 470	
 696	 699	  50	   1	1110	   1	   1	  28	  33	  17	  50	  70	  30	 636	1810855	1811965	   0	 480	
 697	 700	  30	   4	 814	   3	   2	  28	  33	  18	  50	  70	  30	 445	1813695	1814509	   0	 480	
 698	 701	  70	   2	 548	   2	   1	  28	  34	  18	  50	  70	  30	 487	1816281	1816829	   0	 470	
 699	 702	  30	   3	 599	   3	   2	  28	  34	  19	  50	  70	  30	 381	1818494	1819093	   0	 470	
 700	 703	  50	   4	1271	   1	   2	  29	  34	  19	  50	  70	  30	 609	1820974	1822245	   0	 470	
 701	 704	  30	   3	 585	   3	   2	  29	  34	  20	  50	  70	  30	 394	1823948	1824533	   0	 470	
 702	 705	  50	   3	 523	   1	   2	  30	  34	  20	  50	  70	  30	 397	1826201	1826724	   0	 470	
 703	 706	  70	   1	1350	   2	   1	  30	  35	  20	  50	  70	  30	 440	1828454	1829804	   0	 480	
 704	 707	  50	   4	 862	   1	   2	  31	  35	  20	  50	  70	  30	 692	1831774	1832636	   0	 480	
 705	 708	  30	   3	 443	   3	   2	  31	  35	  21	  50	  70	  30	 443	1834361	1834804	   0	 480	
 706	 709	  50	   4	 694	   1	   2	  32	  35	  21	  50	  70	  30	 607	1836694	1837388	   0	 480	
 707	 710	  30	   4	 649	   3	   2	  32	  35	  22	  50	  70	  30	 356	1839027	1839676	   0	 480	
 708	 711	  70	   1	 830	   2	   1	  32	   1	  22	  50	  70	  30	 504	1841454	1842284	   0	 490	
 709	 712	  50	   3	 732	   1	   2	  33	   1	  22	  50	  70	  30	 546	1844120	1844852	   0	 490	
 710	 713	  70	   1	 588	   2	   1	  33	   2	  22	  50	  70	  30	 432	1846560	1847148	   0	 500	
 711	 714	  50	   2	1161	   1	   1	   1	   2	  22	  50	  70	  30	 566	1849027	1850188	   0	 490	
