Version: 1	Number of symbols: 3	Pictures exchange: true	Response Deadline: 2000
Trial_No	Virt_Trial_No	Prob_Shown	Feedback	RT	Stimulus_No	Resp	SymbolA_Stage	SymbolB_Stage	SymbolC_Stage	Prob_A	Prob_B	Prob_C	Jitter	StimOnset	RespOnset	Symbol_Changes	Bonus_sum
NaN	   1	  30	NaN	NaN	   1	   3	   0	   0	   0	  30	  70	  50	 431	   0	NaN	   0	   0	
NaN	   2	  50	NaN	NaN	   3	   3	   0	   0	   0	  30	  70	  50	 505	   0	NaN	   0	   0	
NaN	   3	  30	NaN	NaN	   1	   3	   0	   0	   0	  30	  70	  50	 627	   0	NaN	   0	   0	
NaN	   4	  50	NaN	NaN	   3	   3	   0	   0	   0	  30	  70	  50	 624	   0	NaN	   0	   0	
   1	   5	  70	   1	 568	   2	   1	   0	   1	   0	  30	  70	  50	 560	17071	17639	   0	  10	
   2	   6	  30	   2	 680	   1	   1	   1	   1	   0	  30	  70	  50	 510	19455	20135	   0	   0	
   3	   7	  50	   2	 518	   3	   1	   1	   1	   1	  30	  70	  50	 456	21889	22407	   0	 -10	
   4	   8	  70	   1	 540	   2	   1	   1	   2	   1	  30	  70	  50	 404	24123	24663	   0	   0	
   5	   9	  50	   3	 373	   3	   2	   1	   2	   2	  30	  70	  50	 321	26290	26663	   0	   0	
   6	  10	  30	   2	 512	   1	   1	   2	   2	   2	  30	  70	  50	 426	28391	28903	   0	 -10	
   7	  11	  50	   4	 841	   3	   2	   2	   2	   3	  30	  70	  50	 342	30542	31383	   0	 -10	
   8	  12	  70	   1	 637	   2	   1	   2	   3	   3	  30	  70	  50	 536	33226	33863	   0	   0	
   9	  13	  50	   4	 706	   3	   2	   2	   3	   4	  30	  70	  50	 305	35477	36183	   0	   0	
  10	  14	  70	   2	 448	   2	   1	   2	   4	   4	  30	  70	  50	 422	37911	38359	   0	 -10	
  11	  15	  50	   1	 560	   3	   1	   2	   4	   5	  30	  70	  50	 630	40311	40871	   0	   0	
  12	  16	  30	   4	 598	   1	   2	   3	   4	   5	  30	  70	  50	 378	42545	43143	   0	   0	
  13	  17	  70	   2	 648	   2	   1	   3	   5	   5	  30	  70	  50	 401	44863	45511	   0	 -10	
  14	  18	  50	   2	 659	   3	   1	   3	   5	   6	  30	  70	  50	 540	47363	48022	   0	 -20	
  15	  19	  70	   3	 508	   2	   2	   3	   6	   6	  30	  70	  50	 586	49914	50422	   0	 -20	
  16	  20	  30	   1	 501	   1	   1	   4	   6	   6	  30	  70	  50	 342	52065	52566	   0	 -10	
  17	  21	  50	   3	 512	   3	   2	   4	   6	   7	  30	  70	  50	 309	54182	54694	   0	 -10	
  18	  22	  30	   1	 510	   1	   1	   5	   6	   7	  30	  70	  50	 602	56600	57110	   0	   0	
  19	  23	  50	   3	 410	   3	   2	   5	   6	   8	  30	  70	  50	 675	59084	59494	   0	   0	
  20	  24	  30	   2	 470	   1	   1	   6	   6	   8	  30	  70	  50	 389	61184	61654	   0	 -10	
  21	  25	  70	   3	 455	   2	   2	   6	   7	   8	  30	  70	  50	 554	63535	63990	   0	 -10	
  22	  26	  50	   2	 280	   3	   1	   6	   7	   9	  30	  70	  50	 614	65902	66182	   0	 -20	
  23	  27	  30	   4	 353	   1	   2	   7	   7	   9	  30	  70	  50	 567	68053	68406	   0	 -20	
  24	  28	  50	   1	 292	   3	   1	   7	   7	  10	  30	  70	  50	 656	70370	70662	   0	 -10	
  25	  29	  70	   3	 555	   2	   2	   7	   8	  10	  30	  70	  50	 607	72571	73126	   0	 -10	
  26	  30	  50	   1	 626	   3	   1	   7	   8	  11	  30	  70	  50	 343	74772	75398	   0	   0	
  27	  31	  70	   3	 457	   2	   2	   7	   9	  11	  30	  70	  50	 685	77389	77846	   0	   0	
  28	  32	  50	   2	 500	   3	   1	   7	   9	  12	  30	  70	  50	 336	79490	79990	   0	 -10	
  29	  33	  30	   4	 399	   1	   2	   8	   9	  12	  30	  70	  50	 310	81607	82006	   0	 -10	
  30	  34	  70	   2	 372	   2	   1	   8	  10	  12	  30	  70	  50	 558	83874	84246	   0	 -20	
  31	  35	  30	   2	 476	   1	   1	   9	  10	  12	  30	  70	  50	 467	86042	86518	   0	 -30	
  32	  36	  70	   3	 366	   2	   2	   9	  11	  12	  30	  70	  50	 557	88376	88742	   0	 -30	
  33	  37	  50	   1	 440	   3	   1	   9	  11	  13	  30	  70	  50	 450	90510	90950	   0	 -20	
  34	  38	  30	   3	 430	   1	   2	  10	  11	  13	  30	  70	  50	 500	92760	93190	   0	 -20	
  35	  39	  70	   2	 508	   2	   1	  10	  12	  13	  30	  70	  50	 303	94794	95302	   0	 -30	
  36	  40	  30	   4	 425	   1	   2	  11	  12	  13	  30	  70	  50	 645	97245	97670	   0	 -30	
  37	  41	  50	   1	 352	   3	   1	  11	  12	  14	  30	  70	  50	 472	99446	99798	   0	 -20	
  38	  42	  70	   3	 474	   2	   2	  11	  13	  14	  30	  70	  50	 468	101580	102054	   0	 -20	
  39	  43	  30	   1	 443	   1	   1	  12	  13	  14	  30	  70	  50	 591	103947	104390	   0	 -10	
  40	  44	  70	   1	 410	   2	   1	  12	  14	  14	  30	  70	  50	 668	106364	106774	   0	   0	
  41	  45	  50	   4	 361	   3	   2	  12	  14	  15	  30	  70	  50	 665	108765	109126	   0	   0	
  42	  46	  30	   2	 523	   1	   1	  13	  14	  15	  30	  70	  50	 671	111099	111622	   0	 -10	
  43	  47	  70	   3	 329	   2	   2	  13	  15	  15	  30	  70	  50	 613	113533	113862	   0	 -10	
  44	  48	  30	   2	 400	   1	   1	  14	  15	  15	  30	  70	  50	 580	115734	116134	   0	 -20	
  45	  49	  70	   4	 325	   2	   2	  14	  16	  15	  30	  70	  50	 561	118001	118326	   0	 -20	
  46	  50	  30	   2	 326	   1	   1	  15	  16	  15	  30	  70	  50	 330	119952	120278	   0	 -30	
  47	  51	  70	   1	 271	   2	   1	  15	  17	  15	  30	  70	  50	 528	122103	122374	   0	 -20	
  48	  52	  30	   1	 490	   1	   1	  16	  17	  15	  30	  70	  50	 534	124220	124710	   0	 -10	
  49	  53	  70	   3	 335	   2	   2	  16	  18	  15	  30	  70	  50	 462	126471	126806	   0	 -10	
  50	  54	  30	   2	 260	   1	   1	  17	  18	  15	  30	  70	  50	 624	128738	128998	   0	 -20	
  51	  55	  70	   2	 257	   2	   1	  17	  19	  15	  30	  70	  50	 489	130805	131062	   0	 -30	
  52	  56	  50	   3	 265	   3	   2	  17	  19	  16	  30	  70	  50	 624	132989	133254	   0	 -30	
  53	  57	  30	   2	 162	   1	   1	  18	  19	  16	  30	  70	  50	 563	135123	135285	   0	 -40	
  54	  58	  70	   3	 254	   2	   2	  18	  20	  16	  30	  70	  50	 621	137207	137461	   0	 -40	
  55	  59	  50	   2	 403	   3	   1	  18	  20	  17	  30	  70	  50	 305	139074	139477	   0	 -50	
  56	  60	  30	   3	 341	   1	   2	  19	  20	  17	  30	  70	  50	 598	141392	141733	   0	 -50	
  57	  61	  50	   2	 534	   3	   1	  19	  20	  18	  30	  70	  50	 320	143359	143893	   0	 -60	
  58	  62	  70	   3	 278	   2	   2	  19	  21	  18	  30	  70	  50	 534	145743	146021	   0	 -60	
  59	  63	  50	   1	 377	   3	   1	  19	  21	  19	  30	  70	  50	 315	147644	148021	   0	 -50	
  60	  64	  70	   4	 382	   2	   2	  19	  22	  19	  30	  70	  50	 589	149911	150293	   0	 -50	
  61	  65	  50	   2	 416	   3	   1	  19	  22	  20	  30	  70	  50	 616	152245	152661	   0	 -60	
  62	  66	  30	   2	 562	   1	   1	  20	  22	  20	  30	  70	  50	 604	154579	155141	   0	 -70	
  63	  67	  70	   3	 524	   2	   2	  20	  23	  20	  30	  70	  50	 676	157113	157637	   0	 -70	
  64	  68	  30	   2	 279	   1	   1	  21	  23	  20	  30	  70	  50	 687	159630	159909	   0	 -80	
  65	  69	  50	   4	 463	   3	   2	  21	  23	  21	  30	  70	  50	 588	161798	162261	   0	 -80	
  66	  70	  70	   1	 471	   2	   1	  21	  24	  21	  30	  70	  50	 436	163998	164469	   0	 -70	
  67	  71	  50	   1	 527	   3	   1	  21	  24	  22	  30	  70	  50	 406	166182	166709	   0	 -60	
  68	  72	  70	   1	 438	   2	   1	  21	  25	  22	  30	  70	  50	 368	168383	168821	   0	 -50	
  69	  73	  50	   4	 489	   3	   2	  21	  25	  23	  30	  70	  50	 552	170684	171173	   0	 -50	
  70	  74	  70	   2	 519	   2	   1	  21	  26	  23	  30	  70	  50	 638	173118	173637	   0	 -60	
  71	  75	  50	   4	 319	   3	   2	  21	  26	  24	  30	  70	  50	 344	175302	175621	   0	 -60	
  72	  76	  70	   3	 431	   2	   2	  21	  27	  24	  30	  70	  50	 376	177302	177733	   0	 -60	
  73	  77	  50	   1	 463	   3	   1	  21	  27	  25	  30	  70	  50	 618	179670	180133	   0	 -50	
  74	  78	  70	   1	 470	   2	   1	  21	  28	  25	  30	  70	  50	 461	181887	182357	   0	 -40	
  75	  79	  50	   2	 462	   3	   1	  21	  28	  26	  30	  70	  50	 407	184071	184533	   0	 -50	
  76	  80	  30	   3	 359	   1	   2	  22	  28	  26	  30	  70	  50	 408	186238	186597	   0	 -50	
  77	  81	  70	   4	 357	   2	   2	  22	  29	  26	  30	  70	  50	 362	188256	188613	   0	 -50	
  78	  82	  30	   2	  57	   1	   1	  23	  29	  26	  30	  70	  50	 638	190556	190613	   0	 -60	
  79	  83	  50	   1	 238	   3	   1	  23	  29	  27	  30	  70	  50	 496	192407	192645	   0	 -50	
  80	  84	  30	   4	 322	   1	   2	  24	  29	  27	  30	  70	  50	 337	194291	194613	   0	 -50	
  81	  85	  70	   1	 331	   2	   1	  24	  30	  27	  30	  70	  50	 528	196458	196789	   0	 -40	
  82	  86	  50	   1	 396	   3	   1	  24	  30	  28	  30	  70	  50	 318	198425	198821	   0	 -30	
  83	  87	  70	   1	 414	   2	   1	  24	  31	  28	  30	  70	  50	 640	200759	201173	   0	 -20	
  84	  88	  50	   4	 422	   3	   2	  24	  31	  29	  30	  70	  50	 450	202927	203349	   0	 -20	
  85	  89	  30	   2	 336	   1	   1	  25	  31	  29	  30	  70	  50	 415	205077	205413	   0	 -30	
  86	  90	  70	   2	 348	   2	   1	  25	  32	  29	  30	  70	  50	 422	207145	207493	   0	 -40	
  87	  91	  50	   3	 364	   3	   2	  25	  32	  30	  30	  70	  50	 321	209129	209493	   0	 -40	
  88	  92	  70	   1	 248	   2	   1	  25	  33	  30	  30	  70	  50	 424	211229	211477	   0	 -30	
  89	  93	  30	   3	 327	   1	   2	  26	  33	  30	  30	  70	  50	 404	213197	213524	   0	 -30	
  90	  94	  30	   2	 242	   3	   1	  26	  33	   1	  30	  70	  30	 376	215331	215573	   3	 -40	
  91	  95	  30	   4	 343	   1	   2	  27	  33	   1	  30	  70	  30	 675	217565	217908	   0	 -40	
  92	  96	  20	   2	 388	   2	   1	  27	   1	   1	  30	  20	  30	 408	219632	220020	   2	 -50	
  93	  97	  30	   2	 568	   1	   1	  28	   1	   1	  30	  20	  30	 586	221916	222484	   0	 -60	
  94	  98	  30	   1	 585	   3	   1	  28	   1	   2	  30	  20	  30	 496	224283	224868	   0	 -50	
  95	  99	  30	   1	 484	   1	   1	  29	   1	   2	  30	  20	  30	 613	226784	227268	   0	 -40	
  96	 100	  30	   2	 725	   3	   1	  29	   1	   3	  30	  20	  30	 579	229151	229876	   0	 -50	
  97	 101	  20	   2	 590	   2	   1	  29	   2	   3	  30	  20	  30	 529	231702	232292	   0	 -60	
  98	 102	  30	   2	 428	   1	   1	  30	   2	   3	  30	  20	  30	 536	234136	234564	   0	 -70	
  99	 103	  20	   3	 534	   2	   2	  30	   3	   3	  30	  20	  30	 403	236270	236804	   0	 -70	
 100	 104	  30	   2	 322	   3	   1	  30	   3	   4	  30	  20	  30	 635	238754	239076	   0	 -80	
 101	 105	  20	   2	 573	   2	   1	  30	   4	   4	  30	  20	  30	 461	240855	241428	   0	 -90	
 102	 106	  30	   4	 482	   3	   2	  30	   4	   5	  30	  20	  30	 397	243122	243604	   0	 -90	
 103	 107	  20	   2	 426	   2	   1	  30	   5	   5	  30	  20	  30	 380	245290	245716	   0	-100	
 104	 108	  30	   1	 487	   3	   1	  30	   5	   6	  30	  20	  30	 360	247373	247860	   0	 -90	
 105	 109	  20	   3	 490	   2	   2	  30	   6	   6	  30	  20	  30	 495	249658	250148	   0	 -90	
 106	 110	  30	   2	 483	   1	   1	  31	   6	   6	  30	  20	  30	 393	251841	252324	   0	-100	
 107	 111	  30	   4	 427	   3	   2	  31	   6	   7	  30	  20	  30	 375	254009	254436	   0	-100	
 108	 112	  20	   4	 404	   2	   2	  31	   7	   7	  30	  20	  30	 444	256176	256580	   0	-100	
 109	 113	  30	   2	 423	   3	   1	  31	   7	   8	  30	  20	  30	 587	258477	258900	   0	-110	
 110	 114	  30	   1	 408	   1	   1	  32	   7	   8	  30	  20	  30	 636	260844	261252	   0	-100	
 111	 115	  30	   2	 823	   3	   1	  32	   7	   9	  30	  20	  30	 667	263245	264068	   0	-110	
 112	 116	  30	   4	 264	   1	   2	  33	   7	   9	  30	  20	  30	 630	265996	266260	   0	-110	
 113	 117	  30	   1	 753	   3	   1	  33	   7	  10	  30	  20	  30	 596	268163	268916	   0	-100	
 114	 118	  30	   2	 298	   1	   1	  34	   7	  10	  30	  20	  30	 496	270714	271012	   0	-110	
 115	 119	  30	   1	 538	   3	   1	  34	   7	  11	  30	  20	  30	 392	272714	273252	   0	-100	
 116	 120	  20	   2	 414	   2	   1	  34	   8	  11	  30	  20	  30	 429	274982	275396	   0	-110	
 117	 121	  30	   4	 231	   1	   2	  35	   8	  11	  30	  20	  30	 436	277149	277380	   0	-110	
NaN	 122	  30	NaN	NaN	   3	   3	  35	   8	  11	  30	  20	  30	 312	277149	NaN	   0	-110	
 118	 123	  80	   1	 645	   1	   1	   1	   8	  11	  80	  20	  30	 434	282751	283396	   1	-100	
 119	 124	  30	   4	 501	   3	   2	   1	   8	  12	  80	  20	  30	 464	285151	285652	   0	-100	
 120	 125	  80	   1	 434	   1	   1	   2	   8	  12	  80	  20	  30	 622	287586	288020	   0	 -90	
 121	 126	  30	   2	 454	   3	   1	   2	   8	  13	  80	  20	  30	 545	289886	290340	   0	-100	
 122	 127	  80	   4	 245	   1	   2	   3	   8	  13	  80	  20	  30	 644	292287	292532	   0	-100	
 123	 128	  30	   2	 302	   3	   1	   3	   8	  14	  80	  20	  30	 614	294438	294740	   0	-110	
 124	 129	  20	   2	 242	   2	   1	   3	   9	  14	  80	  20	  30	 676	296722	296964	   0	-120	
 125	 130	  80	   3	 239	   1	   2	   4	   9	  14	  80	  20	  30	 527	298789	299028	   0	-120	
 126	 131	  30	   1	 309	   3	   1	   4	   9	  15	  80	  20	  30	 667	301006	301315	   0	-110	
 127	 132	  80	   1	 375	   1	   1	   5	   9	  15	  80	  20	  30	 312	302924	303299	   0	-100	
 128	 133	  30	   2	 400	   3	   1	   5	   9	  16	  80	  20	  30	 488	305091	305491	   0	-110	
 129	 134	  80	   4	 243	   1	   2	   6	   9	  16	  80	  20	  30	 608	307408	307651	   0	-110	
 130	 135	  20	   2	 222	   2	   1	   6	  10	  16	  80	  20	  30	 562	309509	309731	   0	-120	
 131	 136	  80	   1	 236	   1	   1	   7	  10	  16	  80	  20	  30	 506	311559	311795	   0	-110	
 132	 137	  20	   1	 450	   2	   1	   7	  11	  16	  80	  20	  30	 676	313777	314227	   0	-100	
 133	 138	  80	   1	 500	   1	   1	   8	  11	  16	  80	  20	  30	 565	316111	316611	   0	 -90	
 134	 139	  20	   4	 291	   2	   2	   8	  12	  16	  80	  20	  30	 593	318512	318803	   0	 -90	
 135	 140	  30	   2	 431	   3	   1	   8	  12	  17	  80	  20	  30	 502	320612	321043	   0	-100	
 136	 141	  80	   1	 519	   1	   1	   9	  12	  17	  80	  20	  30	 444	322796	323315	   0	 -90	
 137	 142	  30	   4	 309	   3	   2	   9	  12	  18	  80	  20	  30	 613	325230	325539	   0	 -90	
 138	 143	  20	   2	 663	   2	   1	   9	  13	  18	  80	  20	  30	 326	327164	327827	   0	-100	
 139	 144	  80	   3	 395	   1	   2	  10	  13	  18	  80	  20	  30	 317	329448	329843	   0	-100	
 140	 145	  30	   1	 395	   3	   1	  10	  13	  19	  80	  20	  30	 694	331832	332227	   0	 -90	
 141	 146	  20	   2	 513	   2	   1	  10	  14	  19	  80	  20	  30	 524	334066	334579	   0	-100	
 142	 147	  30	   4	 425	   3	   2	  10	  14	  20	  80	  20	  30	 361	336234	336659	   0	-100	
 143	 148	  20	   2	   8	   2	   1	  10	  15	  20	  80	  20	  30	 695	338651	338659	   0	-110	
 144	 149	  80	   4	 274	   1	   2	  11	  15	  20	  80	  20	  30	 425	340385	340659	   0	-110	
 145	 150	  20	   2	 278	   2	   1	  11	  16	  20	  80	  20	  30	 698	342669	342947	   0	-120	
 146	 151	  80	   1	 552	   1	   1	  12	  16	  20	  80	  20	  30	 375	344619	345171	   0	-110	
 147	 152	  20	   4	 378	   2	   2	  12	  17	  20	  80	  20	  30	 462	346937	347315	   0	-110	
 148	 153	  30	   3	 822	   3	   2	  12	  17	  21	  80	  20	  30	 406	349021	349843	   0	-110	
 149	 154	  20	   1	 469	   2	   1	  12	  18	  21	  80	  20	  30	 679	351822	352291	   0	-100	
 150	 155	  80	   3	 449	   1	   2	  13	  18	  21	  80	  20	  30	 700	354306	354755	   0	-100	
 151	 156	  30	   2	 683	   3	   1	  13	  18	  22	  80	  20	  30	 349	356440	357123	   0	-110	
 152	 157	  80	   3	 463	   1	   2	  14	  18	  22	  80	  20	  30	 688	359124	359587	   0	-110	
 153	 158	  20	   2	 342	   2	   1	  14	  19	  22	  80	  20	  30	 453	361341	361683	   0	-120	
 154	 159	  30	   4	 382	   3	   2	  14	  19	  23	  80	  20	  30	 541	363525	363907	   0	-120	
 155	 160	  80	   1	 299	   1	   1	  15	  19	  23	  80	  20	  30	 356	365576	365875	   0	-110	
 156	 161	  20	   2	 261	   2	   1	  15	  20	  23	  80	  20	  30	 524	367710	367971	   0	-120	
 157	 162	  30	   2	 235	   3	   1	  15	  20	  24	  80	  20	  30	 671	369944	370179	   0	-130	
 158	 163	  80	   3	 246	   1	   2	  16	  20	  24	  80	  20	  30	 575	372061	372307	   0	-130	
 159	 164	  30	   4	 268	   3	   2	  16	  20	  25	  80	  20	  30	 694	374295	374563	   0	-130	
 160	 165	  20	   2	 410	   2	   1	  16	  21	  25	  80	  20	  30	 450	376329	376739	   0	-140	
 161	 166	  30	   2	 373	   3	   1	  16	  21	  26	  80	  20	  30	 385	378446	378819	   0	-150	
 162	 167	  80	   3	 298	   1	   2	  17	  21	  26	  80	  20	  30	 534	380664	380962	   0	-150	
 163	 168	  30	   1	 323	   3	   1	  17	  21	  27	  80	  20	  30	 552	382831	383154	   0	-140	
 164	 169	  20	   2	 627	   2	   1	  17	  22	  27	  80	  20	  30	 357	384815	385442	   0	-150	
 165	 170	  30	   4	 378	   3	   2	  17	  22	  28	  80	  20	  30	 676	387416	387794	   0	-150	
 166	 171	  80	   2	 571	   1	   1	  18	  22	  28	  80	  20	  30	 310	389399	389970	   0	-160	
 167	 172	  30	   2	 459	   3	   1	  18	  22	  29	  80	  20	  30	 482	391767	392226	   0	-170	
 168	 173	  20	   3	 337	   2	   2	  18	  23	  29	  80	  20	  30	 476	394001	394338	   0	-170	
 169	 174	  80	   1	 404	   1	   1	  19	  23	  29	  80	  20	  30	 664	396302	396706	   0	-160	
 170	 175	  30	   1	 617	   3	   1	  19	  23	  30	  80	  20	  30	 562	398569	399186	   0	-150	
 171	 176	  80	   1	 458	   1	   1	  20	  23	  30	  80	  20	  30	 422	400936	401394	   0	-140	
 172	 177	  30	   2	 584	   3	   1	  20	  23	  31	  80	  20	  30	 649	403354	403938	   0	-150	
 173	 178	  80	   3	 412	   1	   2	  21	  23	  31	  80	  20	  30	 395	405638	406050	   0	-150	
 174	 179	  30	   2	 648	   3	   1	  21	  23	  32	  80	  20	  30	 390	407738	408386	   0	-160	
 175	 180	  20	   4	 577	   2	   2	  21	  24	  32	  80	  20	  30	 585	410289	410866	   0	-160	
 176	 181	  30	   2	 370	   3	   1	  21	  24	  33	  80	  20	  30	 489	412656	413026	   0	-170	
 177	 182	  20	   1	 488	   2	   1	  21	  25	  33	  80	  20	  30	 561	414890	415378	   0	-160	
 178	 183	  80	   1	 505	   1	   1	  22	  25	  33	  80	  20	  30	 562	417241	417746	   0	-150	
 179	 184	  30	   1	 560	   3	   1	  22	  25	  34	  80	  20	  30	 390	419442	420002	   0	-140	
 180	 185	  20	   4	 412	   2	   2	  22	  26	  34	  80	  20	  30	 630	421926	422338	   0	-140	
 181	 186	  30	   2	 401	   3	   1	  22	  26	  35	  80	  20	  30	 521	424177	424578	   0	-150	
 182	 187	  20	   4	 343	   2	   2	  22	  27	  35	  80	  20	  30	 538	426427	426770	   0	-150	
 183	 188	  70	   3	 284	   3	   2	  22	  27	   1	  80	  20	  70	 578	428678	428962	   3	-150	
 184	 189	  20	   2	 435	   2	   1	  22	  28	   1	  80	  20	  70	 628	430895	431330	   0	-160	
 185	 190	  80	   4	 376	   1	   2	  23	  28	   1	  80	  20	  70	 506	433146	433522	   0	-160	
 186	 191	  70	   2	 342	   3	   1	  23	  28	   2	  80	  20	  70	 348	435180	435522	   0	-170	
 187	 192	  80	   1	 323	   1	   1	  24	  28	   2	  80	  20	  70	 414	437231	437554	   0	-160	
 188	 193	  20	   2	 361	   2	   1	  24	  29	   2	  80	  20	  70	 619	439481	439842	   0	-170	
 189	 194	  70	   3	 219	   3	   2	  24	  29	   3	  80	  20	  70	 657	441799	442018	   0	-170	
 190	 195	  20	   2	 276	   2	   1	  24	  30	   3	  80	  20	  70	 637	443966	444242	   0	-180	
 191	 196	  70	   4	 472	   3	   2	  24	  30	   4	  80	  20	  70	 694	446250	446722	   0	-180	
 192	 197	  80	   2	 445	   1	   1	  25	  30	   4	  80	  20	  70	 476	448501	448946	   0	-190	
 193	 198	  50	   1	 528	   2	   1	  25	   1	   4	  80	  50	  70	 548	450818	451346	   2	-180	
 194	 199	  70	   3	 446	   3	   2	  25	   1	   5	  80	  50	  70	 608	453252	453698	   0	-180	
 195	 200	  50	   2	 487	   2	   1	  25	   2	   5	  80	  50	  70	 401	455403	455890	   0	-190	
 196	 201	  80	   1	 623	   1	   1	  26	   2	   5	  80	  50	  70	 386	457587	458210	   0	-180	
 197	 202	  70	   1	 429	   3	   1	  26	   2	   6	  80	  50	  70	 511	460021	460450	   0	-170	
 198	 203	  50	   1	 443	   2	   1	  26	   3	   6	  80	  50	  70	 321	462071	462514	   0	-160	
 199	 204	  70	   1	 407	   3	   1	  26	   3	   7	  80	  50	  70	 341	464155	464562	   0	-150	
 200	 205	  50	   2	 484	   2	   1	  26	   4	   7	  80	  50	  70	 327	466189	466673	   0	-160	
 201	 206	  70	   4	 429	   3	   2	  26	   4	   8	  80	  50	  70	 333	468340	468769	   0	-160	
 202	 207	  50	   2	 320	   2	   1	  26	   5	   8	  80	  50	  70	 574	470641	470961	   0	-170	
 203	 208	  80	   1	 467	   1	   1	  27	   5	   8	  80	  50	  70	 682	472958	473425	   0	-160	
 204	 209	  50	   1	 462	   2	   1	  27	   6	   8	  80	  50	  70	 315	475059	475521	   0	-150	
 205	 210	  80	   1	 427	   1	   1	  28	   6	   8	  80	  50	  70	 320	477142	477569	   0	-140	
 206	 211	  70	   1	 471	   3	   1	  28	   6	   9	  80	  50	  70	 341	479210	479681	   0	-130	
 207	 212	  50	   1	 429	   2	   1	  28	   7	   9	  80	  50	  70	 477	481460	481889	   0	-120	
 208	 213	  80	   3	 281	   1	   2	  29	   7	   9	  80	  50	  70	 348	483544	483825	   0	-120	
 209	 214	  70	   1	 393	   3	   1	  29	   7	  10	  80	  50	  70	 385	485528	485921	   0	-110	
 210	 215	  80	   1	 327	   1	   1	  30	   7	  10	  80	  50	  70	 318	487546	487873	   0	-100	
 211	 216	  70	   4	 343	   3	   2	  30	   7	  11	  80	  50	  70	 350	489546	489889	   0	-100	
 212	 217	  50	   2	 247	   2	   1	  30	   8	  11	  80	  50	  70	 335	491530	491777	   0	-110	
 213	 218	  80	   1	 301	   1	   1	  31	   8	  11	  80	  50	  70	 673	493764	494065	   0	-100	
 214	 219	  50	   2	 418	   2	   1	  31	   9	  11	  80	  50	  70	 634	496015	496433	   0	-110	
 215	 220	  80	   3	 275	   1	   2	  32	   9	  11	  80	  50	  70	 631	498382	498657	   0	-110	
 216	 221	  70	   2	 335	   3	   1	  32	   9	  12	  80	  50	  70	 504	500466	500801	   0	-120	
 217	 222	  50	   3	 427	   2	   2	  32	  10	  12	  80	  50	  70	 447	502550	502977	   0	-120	
 218	 223	  70	   1	 283	   3	   1	  32	  10	  13	  80	  50	  70	 634	504918	505201	   0	-110	
 219	 224	  80	   3	 406	   1	   2	  33	  10	  13	  80	  50	  70	 524	507035	507441	   0	-110	
 220	 225	  50	   2	 414	   2	   1	  33	  11	  13	  80	  50	  70	 486	509235	509649	   0	-120	
 221	 226	  70	   1	 319	   3	   1	  33	  11	  14	  80	  50	  70	 625	511586	511905	   0	-110	
 222	 227	  20	   2	 321	   1	   1	   1	  11	  14	  20	  50	  70	 665	513904	514225	   1	-120	
 223	 228	  70	   1	 534	   3	   1	   1	  11	  15	  20	  50	  70	 640	516171	516705	   0	-110	
 224	 229	  20	   2	 576	   1	   1	   2	  11	  15	  20	  50	  70	 688	518705	519281	   0	-120	
 225	 230	  50	   1	 499	   2	   1	   2	  12	  15	  20	  50	  70	 432	521022	521521	   0	-110	
 226	 231	  70	   3	 479	   3	   2	   2	  12	  16	  20	  50	  70	 651	523490	523969	   0	-110	
 227	 232	  50	   4	 502	   2	   2	   2	  13	  16	  20	  50	  70	 437	525707	526209	   0	-110	
 228	 233	  70	   2	 396	   3	   1	   2	  13	  17	  20	  50	  70	 418	527941	528337	   0	-120	
 229	 234	  20	   4	 436	   1	   2	   3	  13	  17	  20	  50	  70	 492	530125	530561	   0	-120	
 230	 235	  70	   3	 453	   3	   2	   3	  13	  18	  20	  50	  70	 626	532492	532945	   0	-120	
 231	 236	  20	   1	 375	   1	   1	   4	  13	  18	  20	  50	  70	 564	534826	535201	   0	-110	
 232	 237	  50	   2	 577	   2	   1	   4	  14	  18	  20	  50	  70	 455	536960	537537	   0	-120	
 233	 238	  70	   3	 455	   3	   2	   4	  14	  19	  20	  50	  70	 331	539178	539633	   0	-120	
 234	 239	  50	   1	 413	   2	   1	   4	  15	  19	  20	  50	  70	 491	541428	541841	   0	-110	
 235	 240	  70	   1	 406	   3	   1	   4	  15	  20	  20	  50	  70	 439	543579	543985	   0	-100	
 236	 241	  50	   1	 545	   2	   1	   4	  16	  20	  20	  50	  70	 397	545680	546225	   0	 -90	
 237	 242	  20	   4	 380	   1	   2	   5	  16	  20	  20	  50	  70	 664	548181	548561	   0	 -90	
 238	 243	  50	   2	 320	   2	   1	   5	  17	  20	  20	  50	  70	 583	550448	550768	   0	-100	
 239	 244	  20	   2	 327	   1	   1	   6	  17	  20	  20	  50	  70	 580	552649	552976	   0	-110	
 240	 245	  70	   4	 415	   3	   2	   6	  17	  21	  20	  50	  70	 571	554849	555264	   0	-110	
 241	 246	  50	   1	 449	   2	   1	   6	  18	  21	  20	  50	  70	 581	557183	557632	   0	-100	
 242	 247	  20	   3	 505	   1	   2	   7	  18	  21	  20	  50	  70	 410	559351	559856	   0	-100	
 243	 248	  50	   2	 481	   2	   1	   7	  19	  21	  20	  50	  70	 393	561551	562032	   0	-110	
 244	 249	  70	   1	 473	   3	   1	   7	  19	  22	  20	  50	  70	 382	563735	564208	   0	-100	
 245	 250	  20	   2	 612	   1	   1	   8	  19	  22	  20	  50	  70	 343	565852	566464	   0	-110	
 246	 251	  70	   1	 475	   3	   1	   8	  19	  23	  20	  50	  70	 674	568437	568912	   0	-100	
 247	 252	  50	   3	 428	   2	   2	   8	  20	  23	  20	  50	  70	 585	570804	571232	   0	-100	
 248	 253	  20	   2	 445	   1	   1	   9	  20	  23	  20	  50	  70	 623	573155	573600	   0	-110	
 249	 254	  70	   3	 434	   3	   2	   9	  20	  24	  20	  50	  70	 516	575422	575856	   0	-110	
 250	 255	  50	   1	 480	   2	   1	   9	  21	  24	  20	  50	  70	 682	577856	578336	   0	-100	
 251	 256	  70	   3	 452	   3	   2	   9	  21	  25	  20	  50	  70	 482	580140	580592	   0	-100	
 252	 257	  50	   4	 570	   2	   2	   9	  22	  25	  20	  50	  70	 480	582374	582944	   0	-100	
 253	 258	  70	   4	 583	   3	   2	   9	  22	  26	  20	  50	  70	 568	584825	585408	   0	-100	
 254	 259	  50	   4	 460	   2	   2	   9	  23	  26	  20	  50	  70	 356	587076	587536	   0	-100	
 255	 260	  70	   3	 371	   3	   2	   9	  23	  27	  20	  50	  70	 448	589293	589664	   0	-100	
 256	 261	  20	   4	 319	   1	   2	  10	  23	  27	  20	  50	  70	 429	591393	591712	   0	-100	
 257	 262	  70	   1	 263	   3	   1	  10	  23	  28	  20	  50	  70	 536	593561	593824	   0	 -90	
 258	 263	  50	   2	 499	   2	   1	  10	  24	  28	  20	  50	  70	 528	595645	596144	   0	-100	
 259	 264	  20	   2	 476	   1	   1	  11	  24	  28	  20	  50	  70	 348	597812	598288	   0	-110	
 260	 265	  70	   4	 352	   3	   2	  11	  24	  29	  20	  50	  70	 506	600096	600448	   0	-110	
 261	 266	  50	   1	 361	   2	   1	  11	  25	  29	  20	  50	  70	 492	602263	602624	   0	-100	
 262	 267	  70	   1	 441	   3	   1	  11	  25	  30	  20	  50	  70	 327	604247	604688	   0	 -90	
 263	 268	  50	   3	 174	   2	   2	  11	  26	  30	  20	  50	  70	 503	606498	606672	   0	 -90	
 264	 269	  20	   2	 247	   1	   1	  12	  26	  30	  20	  50	  70	 670	608649	608896	   0	-100	
 265	 270	  50	   4	 246	   2	   2	  12	  27	  30	  20	  50	  70	 455	610666	610912	   0	-100	
 266	 271	  50	   2	 316	   3	   1	  12	  27	   1	  20	  50	  50	 658	612900	613216	   3	-110	
 267	 272	  50	   3	 491	   2	   2	  12	  28	   1	  20	  50	  50	 393	614917	615408	   0	-110	
 268	 273	  50	   2	 453	   3	   1	  12	  28	   2	  20	  50	  50	 330	617035	617488	   0	-120	
 269	 274	  50	   2	 503	   2	   1	  12	  29	   2	  20	  50	  50	 573	619369	619872	   0	-130	
 270	 275	  20	   4	 434	   1	   2	  13	  29	   2	  20	  50	  50	 310	621486	621920	   0	-130	
 271	 276	  50	   1	 547	   3	   1	  13	  29	   3	  20	  50	  50	 596	623837	624384	   0	-120	
 272	 277	  50	   3	 459	   2	   2	  13	  30	   3	  20	  50	  50	 340	626037	626496	   0	-120	
 273	 278	  20	   1	 515	   1	   1	  14	  30	   3	  20	  50	  50	 398	628205	628720	   0	-110	
 274	 279	  50	   2	 578	   3	   1	  14	  30	   4	  20	  50	  50	 551	630589	631167	   0	-120	
 275	 280	  20	   4	 454	   1	   2	  15	  30	   4	  20	  50	  50	 400	632873	633327	   0	-120	
 276	 281	  50	   1	 400	   3	   1	  15	  30	   5	  20	  50	  50	 382	635023	635423	   0	-110	
 277	 282	  20	   1	 428	   1	   1	  16	  30	   5	  20	  50	  50	 368	637107	637535	   0	-100	
 278	 283	  50	   3	 432	   3	   2	  16	  30	   6	  20	  50	  50	 550	639391	639823	   0	-100	
 279	 284	  50	   1	 456	   2	   1	  16	  31	   6	  20	  50	  50	 439	641575	642031	   0	 -90	
 280	 285	  20	   4	 356	   1	   2	  17	  31	   6	  20	  50	  50	 329	643659	644015	   0	 -90	
 281	 286	  50	   4	 340	   2	   2	  17	  32	   6	  20	  50	  50	 694	646027	646367	   0	 -90	
 282	 287	  20	   2	 350	   1	   1	  18	  32	   6	  20	  50	  50	 505	648177	648527	   0	-100	
 283	 288	  50	   4	 313	   3	   2	  18	  32	   7	  20	  50	  50	 436	650278	650591	   0	-100	
 284	 289	  20	   2	 270	   1	   1	  19	  32	   7	  20	  50	  50	 638	652529	652799	   0	-110	
 285	 290	  50	   2	 347	   3	   1	  19	  32	   8	  20	  50	  50	 491	654596	654943	   0	-120	
 286	 291	  50	   1	 555	   2	   1	  19	  33	   8	  20	  50	  50	 328	656580	657135	   0	-110	
 287	 292	  50	   1	 490	   3	   1	  19	  33	   9	  20	  50	  50	 564	658997	659487	   0	-100	
 288	 293	  20	   4	 639	   2	   2	  19	   1	   9	  20	  20	  50	 430	661248	661887	   2	-100	
 289	 294	  50	   1	 512	   3	   1	  19	   1	  10	  20	  20	  50	 411	663599	664111	   0	 -90	
 290	 295	  20	   2	 608	   1	   1	  20	   1	  10	  20	  20	  50	 584	665999	666607	   0	-100	
 291	 296	  20	   2	 477	   2	   1	  20	   2	  10	  20	  20	  50	 519	668450	668927	   0	-110	
 292	 297	  20	   2	 503	   1	   1	  21	   2	  10	  20	  20	  50	 350	670584	671087	   0	-120	
 293	 298	  20	   2	 538	   2	   1	  21	   3	  10	  20	  20	  50	 509	672901	673439	   0	-130	
 294	 299	  20	   1	 595	   1	   1	  22	   3	  10	  20	  20	  50	 307	675052	675647	   0	-120	
 295	 300	  20	   4	 452	   2	   2	  22	   4	  10	  20	  20	  50	 467	677419	677871	   0	-120	
 296	 301	  50	   1	 430	   3	   1	  22	   4	  11	  20	  20	  50	 380	679553	679983	   0	-110	
 297	 302	  20	   1	 468	   2	   1	  22	   5	  11	  20	  20	  50	 511	681787	682255	   0	-100	
 298	 303	  50	   3	 506	   3	   2	  22	   5	  12	  20	  20	  50	 436	684005	684511	   0	-100	
 299	 304	  20	   2	 570	   2	   1	  22	   6	  12	  20	  20	  50	 565	686389	686959	   0	-110	
 300	 305	  20	   2	 477	   1	   1	  23	   6	  12	  20	  20	  50	 442	688706	689183	   0	-120	
 301	 306	  50	   2	 570	   3	   1	  23	   6	  13	  20	  20	  50	 665	691173	691743	   0	-130	
 302	 307	  20	   4	 334	   1	   2	  24	   6	  13	  20	  20	  50	 385	693441	693775	   0	-130	
 303	 308	  50	   1	 288	   3	   1	  24	   6	  14	  20	  20	  50	 682	695775	696063	   0	-120	
 304	 309	  20	   2	 371	   1	   1	  25	   6	  14	  20	  20	  50	 319	697692	698063	   0	-130	
 305	 310	  50	   1	 468	   3	   1	  25	   6	  15	  20	  20	  50	 683	700059	700527	   0	-120	
 306	 311	  20	   2	 602	   1	   1	  26	   6	  15	  20	  20	  50	 448	702293	702895	   0	-130	
 307	 312	  50	   2	 385	   3	   1	  26	   6	  16	  20	  20	  50	 667	704878	705263	   0	-140	
 308	 313	  20	   2	 377	   2	   1	  26	   7	  16	  20	  20	  50	 514	707078	707455	   0	-150	
 309	 314	  50	   2	 442	   3	   1	  26	   7	  17	  20	  20	  50	 679	709429	709871	   0	-160	
 310	 315	  20	   2	 665	   2	   1	  26	   8	  17	  20	  20	  50	 668	711846	712511	   0	-170	
 311	 316	  20	   2	 461	   1	   1	  27	   8	  17	  20	  20	  50	 674	714514	714975	   0	-180	
 312	 317	  20	   1	 500	   2	   1	  27	   9	  17	  20	  20	  50	 446	716714	717214	   0	-170	
 313	 318	  50	   1	 411	   3	   1	  27	   9	  18	  20	  20	  50	 396	718915	719326	   0	-160	
 314	 319	  20	   2	 603	   2	   1	  27	  10	  18	  20	  20	  50	 679	721299	721902	   0	-170	
 315	 320	  20	   3	 340	   1	   2	  28	  10	  18	  20	  20	  50	 631	723850	724190	   0	-170	
 316	 321	  50	   2	 533	   3	   1	  28	  10	  19	  20	  20	  50	 322	725817	726350	   0	-180	
 317	 322	  20	   4	 357	   1	   2	  29	  10	  19	  20	  20	  50	 541	728201	728558	   0	-180	
 318	 323	  50	   2	 319	   3	   1	  29	  10	  20	  20	  20	  50	 456	730319	730638	   0	-190	
 319	 324	  20	   4	 346	   1	   2	  30	  10	  20	  20	  20	  50	 485	732436	732782	   0	-190	
 320	 325	  20	   4	 353	   2	   2	  30	  11	  20	  20	  20	  50	 567	734653	735006	   0	-190	
 321	 326	  20	   2	 297	   1	   1	  31	  11	  20	  20	  20	  50	 503	736837	737134	   0	-200	
 322	 327	  50	   2	 436	   3	   1	  31	  11	  21	  20	  20	  50	 488	738938	739374	   0	-210	
 323	 328	  20	   4	 259	   2	   2	  31	  12	  21	  20	  20	  50	 648	741339	741598	   0	-210	
 324	 329	  50	   3	 302	   3	   2	  31	  12	  22	  20	  20	  50	 580	743472	743774	   0	-210	
 325	 330	  20	   2	 469	   2	   1	  31	  13	  22	  20	  20	  50	 591	745673	746142	   0	-220	
 326	 331	  20	   2	 397	   1	   1	  32	  13	  22	  20	  20	  50	 411	747857	748254	   0	-230	
 327	 332	  20	   4	 456	   2	   2	  32	  14	  22	  20	  20	  50	 387	749958	750414	   0	-230	
 328	 333	  50	   4	 274	   3	   2	  32	  14	  23	  20	  20	  50	 389	752108	752382	   0	-230	
 329	 334	  20	   1	 280	   1	   1	  33	  14	  23	  20	  20	  50	 660	754342	754622	   0	-220	
 330	 335	  20	   2	 474	   2	   1	  33	  15	  23	  20	  20	  50	 352	756276	756750	   0	-230	
 331	 336	  50	   3	 278	   3	   2	  33	  15	  24	  20	  20	  50	 667	758744	759022	   0	-230	
 332	 337	  20	   2	 331	   1	   1	  34	  15	  24	  20	  20	  50	 688	761011	761342	   0	-240	
 333	 338	  20	   2	 462	   2	   1	  34	  16	  24	  20	  20	  50	 648	763312	763774	   0	-250	
 334	 339	  20	   4	 488	   1	   2	  35	  16	  24	  20	  20	  50	 377	765446	765934	   0	-250	
 335	 340	  20	   2	 265	   2	   1	  35	  17	  24	  20	  20	  50	 573	767813	768078	   0	-260	
 336	 341	  80	   1	 306	   1	   1	   1	  17	  24	  80	  20	  50	 554	769980	770286	   1	-250	
 337	 342	  50	   1	 466	   3	   1	   1	  17	  25	  80	  20	  50	 373	771964	772430	   0	-240	
 338	 343	  80	   3	 474	   1	   2	   2	  17	  25	  80	  20	  50	 388	774132	774606	   0	-240	
 339	 344	  20	   1	 490	   2	   1	   2	  18	  25	  80	  20	  50	 615	776532	777022	   0	-230	
 340	 345	  50	   2	 429	   3	   1	   2	  18	  26	  80	  20	  50	 513	778833	779262	   0	-240	
 341	 346	  20	   1	 468	   2	   1	   2	  19	  26	  80	  20	  50	 464	781034	781502	   0	-230	
 342	 347	  80	   1	 427	   1	   1	   3	  19	  26	  80	  20	  50	 439	783251	783678	   0	-220	
 343	 348	  20	   2	 360	   2	   1	   3	  20	  26	  80	  20	  50	 344	785318	785678	   0	-230	
 344	 349	  50	   1	 412	   3	   1	   3	  20	  27	  80	  20	  50	 613	787586	787998	   0	-220	
 345	 350	  80	   1	 462	   1	   1	   4	  20	  27	  80	  20	  50	 637	789936	790398	   0	-210	
 346	 351	  50	   1	 647	   3	   1	   4	  20	  28	  80	  20	  50	 388	792087	792734	   0	-200	
 347	 352	  80	   2	 497	   1	   1	   5	  20	  28	  80	  20	  50	 581	794621	795118	   0	-210	
 348	 353	  50	   4	 581	   3	   2	   5	  20	  29	  80	  20	  50	 460	796872	797453	   0	-210	
 349	 354	  80	   1	 444	   1	   1	   6	  20	  29	  80	  20	  50	 324	799089	799533	   0	-200	
 350	 355	  20	   3	 458	   2	   2	   6	  21	  29	  80	  20	  50	 681	801523	801981	   0	-200	
 351	 356	  80	   1	 552	   1	   1	   7	  21	  29	  80	  20	  50	 654	803957	804509	   0	-190	
 352	 357	  50	   2	 824	   3	   1	   7	  21	  30	  80	  20	  50	 524	806341	807165	   0	-200	
 353	 358	  20	   2	 770	   2	   1	   7	  22	  30	  80	  20	  50	 395	808859	809629	   0	-210	
 354	 359	  50	   4	 597	   3	   2	   7	  22	  31	  80	  20	  50	 629	811560	812157	   0	-210	
 355	 360	  20	   4	 705	   2	   2	   7	  23	  31	  80	  20	  50	 567	814044	814749	   0	-210	
 356	 361	  80	   1	 326	   1	   1	   8	  23	  31	  80	  20	  50	 663	816711	817037	   0	-200	
 357	 362	  20	   4	 555	   2	   2	   8	  24	  31	  80	  20	  50	 621	818962	819517	   0	-200	
 358	 363	  50	   4	 684	   3	   2	   8	  24	  32	  80	  20	  50	 487	821313	821997	   0	-200	
 359	 364	  80	   2	 299	   1	   1	   9	  24	  32	  80	  20	  50	 420	823730	824029	   0	-210	
 360	 365	  50	   1	 392	   3	   1	   9	  24	  33	  80	  20	  50	 451	825797	826189	   0	-200	
 361	 366	  20	   4	 367	   2	   2	   9	  25	  33	  80	  20	  50	 497	827998	828365	   0	-200	
 362	 367	  70	   1	 552	   3	   1	   9	  25	   1	  80	  20	  70	 456	830165	830717	   3	-190	
 363	 368	  20	   4	 424	   2	   2	   9	  26	   1	  80	  20	  70	 501	832533	832957	   0	-190	
 364	 369	  80	   1	 626	   1	   1	  10	  26	   1	  80	  20	  70	 421	834683	835309	   0	-180	
 365	 370	  70	   2	 716	   3	   1	  10	  26	   2	  80	  20	  70	 597	837201	837917	   0	-190	
 366	 371	  20	   1	 394	   2	   1	  10	  27	   2	  80	  20	  70	 425	839651	840045	   0	-180	
 367	 372	  70	   4	 413	   3	   2	  10	  27	   3	  80	  20	  70	 601	841952	842365	   0	-180	
 368	 373	  80	   1	 376	   1	   1	  11	  27	   3	  80	  20	  70	 387	844053	844429	   0	-170	
 369	 374	  70	   1	 502	   3	   1	  11	  27	   4	  80	  20	  70	 354	846087	846589	   0	-160	
 370	 375	  80	   1	 482	   1	   1	  12	  27	   4	  80	  20	  70	 673	848571	849053	   0	-150	
 371	 376	  70	   1	 478	   3	   1	  12	  27	   5	  80	  20	  70	 678	851055	851533	   0	-140	
 372	 377	  20	   4	 550	   2	   2	  12	  28	   5	  80	  20	  70	 419	853255	853805	   0	-140	
 373	 378	  80	   1	 425	   1	   1	  13	  28	   5	  80	  20	  70	 432	855556	855981	   0	-130	
 374	 379	  70	   1	 443	   3	   1	  13	  28	   6	  80	  20	  70	 607	857890	858333	   0	-120	
 375	 380	  80	   1	 491	   1	   1	  14	  28	   6	  80	  20	  70	 641	860274	860765	   0	-110	
 376	 381	  70	   2	 587	   3	   1	  14	  28	   7	  80	  20	  70	 596	862658	863245	   0	-120	
 377	 382	  80	   3	 459	   1	   2	  15	  28	   7	  80	  20	  70	 494	865042	865501	   0	-120	
 378	 383	  20	   2	 462	   2	   1	  15	  29	   7	  80	  20	  70	 539	867343	867805	   0	-130	
 379	 384	  80	   1	 336	   1	   1	  16	  29	   7	  80	  20	  70	 578	869677	870013	   0	-120	
 380	 385	  70	   3	 373	   3	   2	  16	  29	   8	  80	  20	  70	 630	871944	872317	   0	-120	
 381	 386	  80	   1	 333	   1	   1	  17	  29	   8	  80	  20	  70	 471	874112	874445	   0	-110	
 382	 387	  20	   2	 382	   2	   1	  17	  30	   8	  80	  20	  70	 329	876079	876461	   0	-120	
 383	 388	  70	   1	 312	   3	   1	  17	  30	   9	  80	  20	  70	 439	878213	878525	   0	-110	
 384	 389	  20	   2	 349	   2	   1	  17	  31	   9	  80	  20	  70	 632	880464	880813	   0	-120	
 385	 390	  70	   1	 378	   3	   1	  17	  31	  10	  80	  20	  70	 387	882514	882892	   0	-110	
 386	 391	  80	   4	 408	   1	   2	  18	  31	  10	  80	  20	  70	 342	884532	884940	   0	-110	
 387	 392	  70	   2	 425	   3	   1	  18	  31	  11	  80	  20	  70	 656	886899	887324	   0	-120	
 388	 393	  20	   4	 489	   2	   2	  18	  32	  11	  80	  20	  70	 655	889283	889772	   0	-120	
 389	 394	  70	   3	 414	   3	   2	  18	  32	  12	  80	  20	  70	 468	891550	891964	   0	-120	
 390	 395	  20	   1	1080	   2	   1	  18	  33	  12	  80	  20	  70	 389	893668	894748	   0	-110	
 391	 396	  70	   1	 532	   3	   1	  18	  33	  13	  80	  20	  70	 477	896552	897084	   0	-100	
 392	 397	  80	   2	 387	   1	   1	  19	  33	  13	  80	  20	  70	 554	898953	899340	   0	-110	
 393	 398	  70	   2	 504	   3	   1	  19	  33	  14	  80	  20	  70	 580	901220	901724	   0	-120	
 394	 399	  20	   2	 342	   2	   1	  19	  34	  14	  80	  20	  70	 622	903654	903996	   0	-130	
 395	 400	  80	   3	 273	   1	   2	  20	  34	  14	  80	  20	  70	 451	905755	906028	   0	-130	
 396	 401	  20	   2	 335	   2	   1	  20	  35	  14	  80	  20	  70	 471	907805	908140	   0	-140	
 397	 402	  80	   4	 247	   1	   2	  21	  35	  14	  80	  20	  70	 516	909973	910220	   0	-140	
 398	 403	  80	   1	 278	   2	   1	  21	   1	  14	  80	  80	  70	 413	911990	912268	   2	-130	
 399	 404	  80	   3	 307	   1	   2	  22	   1	  14	  80	  80	  70	 488	914057	914364	   0	-130	
 400	 405	  80	   3	 296	   2	   2	  22	   2	  14	  80	  80	  70	 662	916324	916620	   0	-130	
 401	 406	  80	   3	 289	   1	   2	  23	   2	  14	  80	  80	  70	 547	918475	918764	   0	-130	
 402	 407	  80	   3	 562	   2	   2	  23	   3	  14	  80	  80	  70	 367	920442	921004	   0	-130	
 403	 408	  80	   3	 508	   1	   2	  24	   3	  14	  80	  80	  70	 677	922976	923484	   0	-130	
 404	 409	  80	   4	 677	   2	   2	  24	   4	  14	  80	  80	  70	 336	925127	925804	   0	-130	
 405	 410	  80	   3	 286	   1	   2	  25	   4	  14	  80	  80	  70	 565	927678	927964	   0	-130	
 406	 411	  80	   1	 272	   2	   1	  25	   5	  14	  80	  80	  70	 347	929612	929884	   0	-120	
 407	 412	  80	   1	 211	   1	   1	  26	   5	  14	  80	  80	  70	 344	931529	931740	   0	-110	
 408	 413	  80	   1	 242	   2	   1	  26	   6	  14	  80	  80	  70	 509	933546	933788	   0	-100	
 409	 414	  80	   4	 286	   1	   2	  27	   6	  14	  80	  80	  70	 542	935630	935916	   0	-100	
 410	 415	  80	   3	 257	   2	   2	  27	   7	  14	  80	  80	  70	 307	937531	937788	   0	-100	
 411	 416	  80	   1	 319	   1	   1	  28	   7	  14	  80	  80	  70	 448	939565	939884	   0	 -90	
 412	 417	  70	   1	 303	   3	   1	  28	   7	  15	  80	  80	  70	 374	941565	941868	   0	 -80	
 413	 418	  80	   3	 264	   2	   2	  28	   8	  15	  80	  80	  70	 533	943716	943980	   0	 -80	
 414	 419	  80	   1	 214	   1	   1	  29	   8	  15	  80	  80	  70	 452	945750	945964	   0	 -70	
 415	 420	  80	   4	 301	   2	   2	  29	   9	  15	  80	  80	  70	 679	947951	948252	   0	 -70	
 416	 421	  70	   1	 306	   3	   1	  29	   9	  16	  80	  80	  70	 654	950218	950524	   0	 -60	
 417	 422	  80	   1	 281	   2	   1	  29	  10	  16	  80	  80	  70	 597	952419	952700	   0	 -50	
 418	 423	  80	   1	 389	   1	   1	  30	  10	  16	  80	  80	  70	 488	954503	954892	   0	 -40	
 419	 424	  70	   4	 411	   3	   2	  30	  10	  17	  80	  80	  70	 555	956753	957164	   0	 -40	
 420	 425	  80	   4	 330	   2	   2	  30	  11	  17	  80	  80	  70	 688	959154	959484	   0	 -40	
 421	 426	  30	   2	 633	   1	   1	   1	  11	  17	  30	  80	  70	 338	961155	961788	   1	 -50	
 422	 427	  70	   3	 571	   3	   2	   1	  11	  18	  30	  80	  70	 398	963505	964076	   0	 -50	
 423	 428	  80	   1	 296	   2	   1	   1	  12	  18	  30	  80	  70	 555	965939	966235	   0	 -40	
 424	 429	  30	   3	 345	   1	   2	   2	  12	  18	  30	  80	  70	 357	967890	968235	   0	 -40	
 425	 430	  70	   1	 380	   3	   1	   2	  12	  19	  30	  80	  70	 679	970207	970587	   0	 -30	
 426	 431	  80	   1	 329	   2	   1	   2	  13	  19	  30	  80	  70	 366	972258	972587	   0	 -20	
 427	 432	  70	   1	 361	   3	   1	   2	  13	  20	  30	  80	  70	 360	974242	974603	   0	 -10	
 428	 433	  80	   1	 382	   2	   1	   2	  14	  20	  30	  80	  70	 612	976509	976891	   0	   0	
 429	 434	  70	   1	 361	   3	   1	   2	  14	  21	  30	  80	  70	 409	978610	978971	   0	  10	
 430	 435	  80	   1	 402	   2	   1	   2	  15	  21	  30	  80	  70	 514	980777	981179	   0	  20	
 431	 436	  70	   2	 336	   3	   1	   2	  15	  22	  30	  80	  70	 303	982811	983147	   0	  10	
 432	 437	  30	   3	 410	   1	   2	   3	  15	  22	  30	  80	  70	 490	984945	985355	   0	  10	
 433	 438	  70	   2	 275	   3	   1	   3	  15	  23	  30	  80	  70	 444	987096	987371	   0	   0	
 434	 439	  30	   4	 223	   1	   2	   4	  15	  23	  30	  80	  70	 518	989196	989419	   0	   0	
 435	 440	  70	   1	 279	   3	   1	   4	  15	  24	  30	  80	  70	 645	991364	991643	   0	  10	
 436	 441	  80	   1	 364	   2	   1	   4	  16	  24	  30	  80	  70	 688	993631	993995	   0	  20	
 437	 442	  70	   1	 342	   3	   1	   4	  16	  25	  30	  80	  70	 463	995765	996107	   0	  30	
 438	 443	  30	   4	 269	   1	   2	   5	  16	  25	  30	  80	  70	 569	997982	998251	   0	  30	
 439	 444	  80	   1	 312	   2	   1	   5	  17	  25	  30	  80	  70	 518	1000083	1000395	   0	  40	
 440	 445	  30	   2	 377	   1	   1	   6	  17	  25	  30	  80	  70	 363	1002050	1002427	   0	  30	
 441	 446	  80	   2	 281	   2	   1	   6	  18	  25	  30	  80	  70	 667	1004418	1004699	   0	  20	
 442	 447	  30	   3	 239	   1	   2	   7	  18	  25	  30	  80	  70	 639	1006652	1006891	   0	  20	
 443	 448	  80	   1	 388	   2	   1	   7	  19	  25	  30	  80	  70	 315	1008519	1008907	   0	  30	
 444	 449	  30	   4	 339	   1	   2	   8	  19	  25	  30	  80	  70	 317	1010536	1010875	   0	  30	
 445	 450	  70	   1	 310	   3	   1	   8	  19	  26	  30	  80	  70	 672	1012853	1013163	   0	  40	
 446	 451	  30	   4	 242	   1	   2	   9	  19	  26	  30	  80	  70	 448	1014921	1015163	   0	  40	
 447	 452	  80	   1	 472	   2	   1	   9	  20	  26	  30	  80	  70	 302	1016771	1017243	   0	  50	
 448	 453	  70	   1	 172	   3	   1	   9	  20	  27	  30	  80	  70	 514	1019055	1019227	   0	  60	
 449	 454	  80	   3	 184	   2	   2	   9	  21	  27	  30	  80	  70	 589	1021123	1021307	   0	  60	
 450	 455	  30	   4	  53	   1	   2	  10	  21	  27	  30	  80	  70	 568	1023190	1023243	   0	  60	
 451	 456	  80	   1	 283	   2	   1	  10	  22	  27	  30	  80	  70	 477	1025040	1025323	   0	  70	
 452	 457	  70	   2	 235	   3	   1	  10	  22	  28	  30	  80	  70	 374	1027008	1027243	   0	  60	
 453	 458	  30	   3	 225	   1	   2	  11	  22	  28	  30	  80	  70	 698	1029258	1029483	   0	  60	
 454	 459	  70	   1	 249	   3	   1	  11	  22	  29	  30	  80	  70	 651	1031442	1031691	   0	  70	
 455	 460	  30	   2	 278	   1	   1	  12	  22	  29	  30	  80	  70	 489	1033493	1033771	   0	  60	
 456	 461	  80	   3	 290	   2	   2	  12	  23	  29	  30	  80	  70	 498	1035577	1035867	   0	  60	
 457	 462	  70	   1	 154	   3	   1	  12	  23	  30	  30	  80	  70	 582	1037761	1037915	   0	  70	
 458	 463	  30	   4	 173	   1	   2	  13	  23	  30	  30	  80	  70	 462	1039678	1039851	   0	  70	
 459	 464	  80	   1	 247	   2	   1	  13	  24	  30	  30	  80	  70	 664	1041812	1042059	   0	  80	
 460	 465	  30	   1	1522	   1	   1	  14	  24	  30	  30	  80	  70	 552	1043913	1045435	   0	  90	
 461	 466	  70	   1	 306	   3	   1	  14	  24	  31	  30	  80	  70	 314	1047064	1047370	   0	 100	
 462	 467	  80	   4	 274	   2	   2	  14	  25	  31	  30	  80	  70	 371	1049048	1049322	   0	 100	
 463	 468	  70	   1	 146	   3	   1	  14	  25	  32	  30	  80	  70	 429	1051048	1051194	   0	 110	
 464	 469	  30	   2	 134	   1	   1	  15	  25	  32	  30	  80	  70	 434	1052932	1053066	   0	 100	
 465	 470	  80	   3	 107	   2	   2	  15	  26	  32	  30	  80	  70	 409	1054783	1054890	   0	 100	
 466	 471	  30	   2	 257	   1	   1	  16	  26	  32	  30	  80	  70	 426	1056617	1056874	   0	  90	
 467	 472	  70	   1	 127	   3	   1	  16	  26	  33	  30	  80	  70	 492	1058667	1058794	   0	 100	
 468	 473	  30	   1	 385	   1	   1	  17	  26	  33	  30	  80	  70	 498	1060601	1060986	   0	 110	
 469	 474	  80	   1	 380	   2	   1	  17	  27	  33	  30	  80	  70	 419	1062718	1063098	   0	 120	
 470	 475	  30	   2	 332	   1	   1	  18	  27	  33	  30	  80	  70	 687	1065086	1065418	   0	 110	
 471	 476	  70	   2	 432	   3	   1	  18	  27	  34	  30	  80	  70	 620	1067370	1067802	   0	 100	
 472	 477	  80	   1	 440	   2	   1	  18	  28	  34	  30	  80	  70	 456	1069570	1070010	   0	 110	
 473	 478	  70	   1	 406	   3	   1	  18	  28	  35	  30	  80	  70	 669	1071988	1072394	   0	 120	
 474	 479	  80	   4	 445	   2	   2	  18	  29	  35	  30	  80	  70	 482	1074189	1074634	   0	 120	
 475	 480	  30	   4	 383	   1	   2	  19	  29	  35	  30	  80	  70	 606	1076539	1076922	   0	 120	
 476	 481	  50	   2	 279	   3	   1	  19	  29	   1	  30	  80	  50	 457	1078707	1078986	   3	 110	
 477	 482	  80	   3	 266	   2	   2	  19	  30	   1	  30	  80	  50	 349	1080640	1080906	   0	 110	
 478	 483	  50	   1	 331	   3	   1	  19	  30	   2	  30	  80	  50	 372	1082591	1082922	   0	 120	
 479	 484	  20	   3	 543	   2	   2	  19	   1	   2	  30	  20	  50	 629	1084875	1085418	   2	 120	
 480	 485	  30	   2	 346	   1	   1	  20	   1	   2	  30	  20	  50	 657	1087376	1087722	   0	 110	
 481	 486	  20	   2	 488	   2	   1	  20	   2	   2	  30	  20	  50	 397	1089426	1089914	   0	 100	
 482	 487	  50	   4	 378	   3	   2	  20	   2	   3	  30	  20	  50	 546	1091760	1092138	   0	 100	
 483	 488	  20	   2	 244	   2	   1	  20	   3	   3	  30	  20	  50	 463	1093894	1094138	   0	  90	
 484	 489	  30	   4	 336	   1	   2	  21	   3	   3	  30	  20	  50	 517	1095962	1096298	   0	  90	
 485	 490	  50	   2	 480	   3	   1	  21	   3	   4	  30	  20	  50	 339	1097946	1098426	   0	  80	
 486	 491	  30	   1	 464	   1	   1	  22	   3	   4	  30	  20	  50	 604	1100346	1100810	   0	  90	
 487	 492	  50	   1	 356	   3	   1	  22	   3	   5	  30	  20	  50	 505	1102614	1102970	   0	 100	
 488	 493	  20	   1	 582	   2	   1	  22	   4	   5	  30	  20	  50	 685	1104964	1105546	   0	 110	
 489	 494	  50	   3	 367	   3	   2	  22	   4	   6	  30	  20	  50	 661	1107515	1107882	   0	 110	
 490	 495	  30	   1	 339	   1	   1	  23	   4	   6	  30	  20	  50	 610	1109799	1110138	   0	 120	
 491	 496	  20	   2	 425	   2	   1	  23	   5	   6	  30	  20	  50	 571	1112033	1112458	   0	 110	
 492	 497	  50	   3	 385	   3	   2	  23	   5	   7	  30	  20	  50	 439	1114201	1114586	   0	 110	
 493	 498	  30	   2	 425	   1	   1	  24	   5	   7	  30	  20	  50	 512	1116401	1116826	   0	 100	
 494	 499	  50	   3	 296	   3	   2	  24	   5	   8	  30	  20	  50	 677	1118802	1119098	   0	 100	
 495	 500	  30	   2	 414	   1	   1	  25	   5	   8	  30	  20	  50	 643	1121036	1121450	   0	  90	
 496	 501	  50	   4	 490	   3	   2	  25	   5	   9	  30	  20	  50	 363	1123120	1123610	   0	  90	
 497	 502	  20	   2	 349	   2	   1	  25	   6	   9	  30	  20	  50	 512	1125421	1125770	   0	  80	
 498	 503	  30	   4	 465	   1	   2	  26	   6	   9	  30	  20	  50	 635	1127721	1128186	   0	  80	
 499	 504	  50	   2	 522	   3	   1	  26	   6	  10	  30	  20	  50	 358	1129855	1130377	   0	  70	
 500	 505	  30	   2	 425	   1	   1	  27	   6	  10	  30	  20	  50	 572	1132256	1132681	   0	  60	
 501	 506	  20	   2	 494	   2	   1	  27	   7	  10	  30	  20	  50	 527	1134523	1135017	   0	  50	
 502	 507	  50	   1	 520	   3	   1	  27	   7	  11	  30	  20	  50	 346	1136657	1137177	   0	  60	
 503	 508	  20	   2	 482	   2	   1	  27	   8	  11	  30	  20	  50	 308	1138791	1139273	   0	  50	
 504	 509	  50	   4	 371	   3	   2	  27	   8	  12	  30	  20	  50	 557	1141142	1141513	   0	  50	
 505	 510	  30	   1	 663	   1	   1	  28	   8	  12	  30	  20	  50	 599	1143426	1144089	   0	  60	
 506	 511	  50	   1	 490	   3	   1	  28	   8	  13	  30	  20	  50	 354	1145743	1146233	   0	  70	
 507	 512	  30	   2	 835	   1	   1	  29	   8	  13	  30	  20	  50	 348	1147894	1148729	   0	  60	
 508	 513	  20	   2	 508	   2	   1	  29	   9	  13	  30	  20	  50	 414	1150445	1150953	   0	  50	
 509	 514	  30	   4	 641	   1	   2	  30	   9	  13	  30	  20	  50	 457	1152712	1153353	   0	  50	
 510	 515	  50	   1	 220	   3	   1	  30	   9	  14	  30	  20	  50	 555	1155213	1155433	   0	  60	
 511	 516	  30	   2	 616	   1	   1	  31	   9	  14	  30	  20	  50	 559	1157313	1157929	   0	  50	
 512	 517	  20	   2	 589	   2	   1	  31	  10	  14	  30	  20	  50	 321	1159564	1160153	   0	  40	
 513	 518	  50	   4	 391	   3	   2	  31	  10	  15	  30	  20	  50	 627	1162082	1162473	   0	  40	
 514	 519	  20	   4	 579	   2	   2	  31	  11	  15	  30	  20	  50	 412	1164182	1164761	   0	  40	
 515	 520	  30	   2	 547	   1	   1	  32	  11	  15	  30	  20	  50	 486	1166550	1167097	   0	  30	
 516	 521	  20	   2	 737	   2	   1	  32	  12	  15	  30	  20	  50	 570	1168984	1169721	   0	  20	
 517	 522	  50	   4	 300	   3	   2	  32	  12	  16	  30	  20	  50	 475	1171501	1171801	   0	  20	
 518	 523	  30	   2	 478	   1	   1	  33	  12	  16	  30	  20	  50	 328	1173435	1173913	   0	  10	
 519	 524	  50	   1	 467	   3	   1	  33	  12	  17	  30	  20	  50	 491	1175702	1176169	   0	  20	
 520	 525	  80	   2	 712	   1	   1	   1	  12	  17	  80	  20	  50	 463	1177953	1178665	   1	  10	
 521	 526	  50	   4	 470	   3	   2	   1	  12	  18	  80	  20	  50	 414	1180387	1180857	   0	  10	
 522	 527	  80	   1	 493	   1	   1	   2	  12	  18	  80	  20	  50	 438	1182604	1183097	   0	  20	
 523	 528	  50	   1	 437	   3	   1	   2	  12	  19	  80	  20	  50	 381	1184788	1185225	   0	  30	
 524	 529	  80	   1	 427	   1	   1	   3	  12	  19	  80	  20	  50	 487	1187022	1187449	   0	  40	
 525	 530	  50	   4	 480	   3	   2	   3	  12	  20	  80	  20	  50	 523	1189273	1189753	   0	  40	
 526	 531	  80	   2	 515	   1	   1	   4	  12	  20	  80	  20	  50	 522	1191574	1192089	   0	  30	
 527	 532	  50	   2	 370	   3	   1	   4	  12	  21	  80	  20	  50	 597	1193991	1194361	   0	  20	
 528	 533	  80	   3	 625	   1	   2	   5	  12	  21	  80	  20	  50	 346	1196008	1196633	   0	  20	
 529	 534	  20	   2	 359	   2	   1	   5	  13	  21	  80	  20	  50	 697	1198626	1198985	   0	  10	
 530	 535	  50	   4	 285	   3	   2	   5	  13	  22	  80	  20	  50	 575	1200860	1201145	   0	  10	
 531	 536	  20	   1	 489	   2	   1	   5	  14	  22	  80	  20	  50	 475	1202944	1203433	   0	  20	
 532	 537	  80	   1	 542	   1	   1	   6	  14	  22	  80	  20	  50	 464	1205195	1205737	   0	  30	
 533	 538	  50	   1	 716	   3	   1	   6	  14	  23	  80	  20	  50	 582	1207629	1208345	   0	  40	
 534	 539	  20	   2	 593	   2	   1	   6	  15	  23	  80	  20	  50	 623	1210279	1210872	   0	  30	
 535	 540	  50	   1	 409	   3	   1	   6	  15	  24	  80	  20	  50	 306	1212480	1212889	   0	  40	
 536	 541	  20	   1	 368	   2	   1	   6	  16	  24	  80	  20	  50	 470	1214664	1215032	   0	  50	
 537	 542	  50	   3	 373	   3	   2	   6	  16	  25	  80	  20	  50	 583	1216931	1217304	   0	  50	
 538	 543	  20	   2	 412	   2	   1	   6	  17	  25	  80	  20	  50	 517	1219132	1219544	   0	  40	
 539	 544	  80	   3	 360	   1	   2	   7	  17	  25	  80	  20	  50	 378	1221216	1221576	   0	  40	
 540	 545	  20	   2	 417	   2	   1	   7	  18	  25	  80	  20	  50	 481	1223367	1223784	   0	  30	
 541	 546	  50	   3	 358	   3	   2	   7	  18	  26	  80	  20	  50	 517	1225634	1225992	   0	  30	
 542	 547	  20	   2	 281	   2	   1	   7	  19	  26	  80	  20	  50	 632	1227935	1228216	   0	  20	
 543	 548	  80	   1	 269	   1	   1	   8	  19	  26	  80	  20	  50	 683	1230219	1230488	   0	  30	
 544	 549	  50	   2	 385	   3	   1	   8	  19	  27	  80	  20	  50	 301	1232103	1232488	   0	  20	
 545	 550	  20	   4	 363	   2	   2	   8	  20	  27	  80	  20	  50	 454	1234253	1234616	   0	  20	
 546	 551	  80	   1	 256	   1	   1	   9	  20	  27	  80	  20	  50	 595	1236504	1236760	   0	  30	
 547	 552	  20	   2	 395	   2	   1	   9	  21	  27	  80	  20	  50	 552	1238621	1239016	   0	  20	
 548	 553	  80	   3	 351	   1	   2	  10	  21	  27	  80	  20	  50	 570	1240889	1241240	   0	  20	
 549	 554	  50	   2	 970	   3	   1	  10	  21	  28	  80	  20	  50	 459	1243006	1243976	   0	  10	
 550	 555	  20	   1	 493	   2	   1	  10	  22	  28	  80	  20	  50	 423	1245707	1246200	   0	  20	
 551	 556	  50	   3	 519	   3	   2	  10	  22	  29	  80	  20	  50	 333	1247857	1248376	   0	  20	
 552	 557	  80	   1	 595	   1	   1	  11	  22	  29	  80	  20	  50	 650	1250341	1250936	   0	  30	
 553	 558	  50	   2	 750	   3	   1	  11	  22	  30	  80	  20	  50	 601	1252842	1253592	   0	  20	
 554	 559	  80	   3	 486	   1	   2	  12	  22	  30	  80	  20	  50	 527	1255426	1255912	   0	  20	
 555	 560	  50	   1	 407	   3	   1	  12	  22	  31	  80	  20	  50	 548	1257777	1258184	   0	  30	
 556	 561	  80	   3	 437	   1	   2	  13	  22	  31	  80	  20	  50	 318	1259811	1260248	   0	  30	
 557	 562	  20	   2	 381	   2	   1	  13	  23	  31	  80	  20	  50	 446	1261995	1262376	   0	  20	
 558	 563	  50	   2	 522	   3	   1	  13	  23	  32	  80	  20	  50	 378	1264062	1264584	   0	  10	
 559	 564	  20	   2	 298	   2	   1	  13	  24	  32	  80	  20	  50	 557	1266446	1266744	   0	   0	
 560	 565	  80	   4	 290	   1	   2	  14	  24	  32	  80	  20	  50	 550	1268614	1268904	   0	   0	
 561	 566	  20	   2	 365	   2	   1	  14	  25	  32	  80	  20	  50	 503	1270731	1271096	   0	 -10	
 562	 567	  80	   3	 322	   1	   2	  15	  25	  32	  80	  20	  50	 592	1272998	1273320	   0	 -10	
 563	 568	  50	   2	 369	   3	   1	  15	  25	  33	  80	  20	  50	 388	1275015	1275384	   0	 -20	
 564	 569	  20	   4	 271	   2	   2	  15	  26	  33	  80	  20	  50	 344	1277033	1277304	   0	 -20	
 565	 570	  80	   4	 261	   1	   2	  16	  26	  33	  80	  20	  50	 675	1279283	1279544	   0	 -20	
 566	 571	  20	   4	 400	   2	   2	  16	  27	  33	  80	  20	  50	 547	1281384	1281784	   0	 -20	
 567	 572	  80	   3	 219	   1	   2	  17	  27	  33	  80	  20	  50	 389	1283485	1283704	   0	 -20	
 568	 573	  30	   2	 517	   3	   1	  17	  27	   1	  80	  20	  30	 593	1285635	1286152	   3	 -30	
 569	 574	  20	   1	 243	   2	   1	  17	  28	   1	  80	  20	  30	 593	1288053	1288296	   0	 -20	
 570	 575	  30	   4	 454	   3	   2	  17	  28	   2	  80	  20	  30	 356	1289953	1290407	   0	 -20	
 571	 576	  20	   2	 348	   2	   1	  17	  29	   2	  80	  20	  30	 475	1292204	1292552	   0	 -30	
 572	 577	  80	   1	 286	   1	   1	  18	  29	   2	  80	  20	  30	 640	1294505	1294791	   0	 -20	
 573	 578	  20	   2	 534	   2	   1	  18	  30	   2	  80	  20	  30	 581	1296689	1297223	   0	 -30	
 574	 579	  30	   2	 331	   3	   1	  18	  30	   3	  80	  20	  30	 424	1298956	1299287	   0	 -40	
 575	 580	  20	   2	 298	   2	   1	  18	  31	   3	  80	  20	  30	 351	1300957	1301255	   0	 -50	
 576	 581	  80	   3	  27	   1	   2	  19	  31	   3	  80	  20	  30	 361	1302924	1302951	   0	 -50	
 577	 582	  20	   2	 256	   2	   1	  19	  32	   3	  80	  20	  30	 542	1304791	1305047	   0	 -60	
 578	 583	  30	   4	 503	   3	   2	  19	  32	   4	  80	  20	  30	 654	1307008	1307511	   0	 -60	
 579	 584	  20	   2	 924	   2	   1	  19	  33	   4	  80	  20	  30	 439	1309259	1310183	   0	 -70	
 580	 585	  30	   1	 612	   3	   1	  19	  33	   5	  80	  20	  30	 358	1311843	1312455	   0	 -60	
 581	 586	  80	   1	 426	   1	   1	  20	  33	   5	  80	  20	  30	 691	1314461	1314887	   0	 -50	
 582	 587	  30	   2	 246	   3	   1	  20	  33	   6	  80	  20	  30	 372	1316561	1316807	   0	 -60	
 583	 588	  80	   3	 365	   1	   2	  21	  33	   6	  80	  20	  30	 664	1318762	1319127	   0	 -60	
 584	 589	  20	   2	 452	   2	   1	  21	  34	   6	  80	  20	  30	 541	1320979	1321431	   0	 -70	
 585	 590	  30	   1	 487	   3	   1	  21	  34	   7	  80	  20	  30	 543	1323280	1323767	   0	 -60	
 586	 591	  80	   2	 680	   1	   1	  22	  34	   7	  80	  20	  30	 558	1325631	1326311	   0	 -70	
 587	 592	  20	   2	 720	   2	   1	  22	  35	   7	  80	  20	  30	 612	1328231	1328951	   0	 -80	
 588	 593	  80	   3	 464	   1	   2	  23	  35	   7	  80	  20	  30	 331	1330599	1331063	   0	 -80	
 589	 594	  70	   1	 670	   2	   1	  23	   1	   7	  80	  70	  30	 615	1333033	1333703	   2	 -70	
 590	 595	  80	   1	 599	   1	   1	  24	   1	   7	  80	  70	  30	 566	1335584	1336183	   0	 -60	
 591	 596	  30	   2	 927	   3	   1	  24	   1	   8	  80	  70	  30	 652	1338168	1339095	   0	 -70	
 592	 597	  80	   1	 570	   1	   1	  25	   1	   8	  80	  70	  30	 687	1341085	1341655	   0	 -60	
 593	 598	  70	   1	 784	   2	   1	  25	   2	   8	  80	  70	  30	 331	1343303	1344087	   0	 -50	
 594	 599	  80	   1	 553	   1	   1	  26	   2	   8	  80	  70	  30	 478	1345870	1346423	   0	 -40	
 595	 600	  30	   4	 485	   3	   2	  26	   2	   9	  80	  70	  30	 629	1348354	1348839	   0	 -40	
 596	 601	  80	   1	 448	   1	   1	  27	   2	   9	  80	  70	  30	 316	1350471	1350919	   0	 -30	
 597	 602	  70	   1	 641	   2	   1	  27	   3	   9	  80	  70	  30	 572	1352806	1353447	   0	 -20	
 598	 603	  30	   1	 619	   3	   1	  27	   3	  10	  80	  70	  30	 614	1355356	1355975	   0	 -10	
 599	 604	  70	   1	 565	   2	   1	  27	   4	  10	  80	  70	  30	 605	1357890	1358455	   0	   0	
 600	 605	  30	   2	 497	   3	   1	  27	   4	  11	  80	  70	  30	 598	1360374	1360871	   0	 -10	
 601	 606	  70	   2	 878	   2	   1	  27	   5	  11	  80	  70	  30	 617	1362809	1363687	   0	 -20	
 602	 607	  30	   4	 460	   3	   2	  27	   5	  12	  80	  70	  30	 650	1365643	1366103	   0	 -20	
 603	 608	  70	   1	 522	   2	   1	  27	   6	  12	  80	  70	  30	 674	1368077	1368599	   0	 -10	
 604	 609	  30	   2	 548	   3	   1	  27	   6	  13	  80	  70	  30	 321	1370227	1370775	   0	 -20	
 605	 610	  80	   2	 592	   1	   1	  28	   6	  13	  80	  70	  30	 603	1372695	1373287	   0	 -30	
 606	 611	  70	   4	 577	   2	   2	  28	   7	  13	  80	  70	  30	 463	1375046	1375623	   0	 -30	
 607	 612	  30	   2	 605	   3	   1	  28	   7	  14	  80	  70	  30	 607	1377530	1378135	   0	 -40	
 608	 613	  70	   1	 866	   2	   1	  28	   8	  14	  80	  70	  30	 361	1379797	1380663	   0	 -30	
 609	 614	  80	   1	 714	   1	   1	  29	   8	  14	  80	  70	  30	 393	1382364	1383078	   0	 -20	
 610	 615	  70	   1	 394	   2	   1	  29	   9	  14	  80	  70	  30	 351	1384748	1385142	   0	 -10	
 611	 616	  30	   3	 498	   3	   2	  29	   9	  15	  80	  70	  30	 461	1386916	1387414	   0	 -10	
 612	 617	  80	   1	 601	   1	   1	  30	   9	  15	  80	  70	  30	 413	1389133	1389734	   0	   0	
 613	 618	  30	   2	 713	   3	   1	  30	   9	  16	  80	  70	  30	 465	1391517	1392230	   0	 -10	
 614	 619	  70	   4	 438	   2	   2	  30	  10	  16	  80	  70	  30	 441	1393968	1394406	   0	 -10	
 615	 620	  30	   2	 381	   3	   1	  30	  10	  17	  80	  70	  30	 472	1396185	1396566	   0	 -20	
 616	 621	  70	   1	 371	   2	   1	  30	  11	  17	  80	  70	  30	 520	1398403	1398774	   0	 -10	
 617	 622	  50	   2	 655	   1	   1	   1	  11	  17	  50	  70	  30	 395	1400487	1401142	   1	 -20	
 618	 623	  70	   3	 421	   2	   2	   1	  12	  17	  50	  70	  30	 665	1403121	1403542	   0	 -20	
 619	 624	  50	   2	 345	   1	   1	   2	  12	  17	  50	  70	  30	 561	1405405	1405750	   0	 -30	
 620	 625	  30	   2	 514	   3	   1	   2	  12	  18	  50	  70	  30	 524	1407572	1408086	   0	 -40	
 621	 626	  70	   3	 321	   2	   2	   2	  13	  18	  50	  70	  30	 580	1409989	1410310	   0	 -40	
 622	 627	  50	   2	 404	   1	   1	   3	  13	  18	  50	  70	  30	 680	1412290	1412694	   0	 -50	
 623	 628	  30	   1	 535	   3	   1	   3	  13	  19	  50	  70	  30	 590	1414591	1415126	   0	 -40	
 624	 629	  50	   3	 831	   1	   2	   4	  13	  19	  50	  70	  30	 347	1416775	1417606	   0	 -40	
 625	 630	  70	   1	 393	   2	   1	   4	  14	  19	  50	  70	  30	 397	1419309	1419702	   0	 -30	
 626	 631	  30	   1	 798	   3	   1	   4	  14	  20	  50	  70	  30	 579	1421576	1422374	   0	 -20	
 627	 632	  50	   3	 585	   1	   2	   5	  14	  20	  50	  70	  30	 393	1424077	1424662	   0	 -20	
 628	 633	  70	   2	 432	   2	   1	   5	  15	  20	  50	  70	  30	 305	1426278	1426710	   0	 -30	
 629	 634	  30	   1	 610	   3	   1	   5	  15	  21	  50	  70	  30	 601	1428628	1429238	   0	 -20	
 630	 635	  50	   4	 350	   1	   2	   6	  15	  21	  50	  70	  30	 556	1431096	1431446	   0	 -20	
 631	 636	  30	   2	 344	   3	   1	   6	  15	  22	  50	  70	  30	 459	1433230	1433574	   0	 -30	
 632	 637	  50	   1	 271	   1	   1	   7	  15	  22	  50	  70	  30	 565	1435447	1435718	   0	 -20	
 633	 638	  30	   2	1206	   3	   1	   7	  15	  23	  50	  70	  30	 633	1437664	1438870	   0	 -30	
 634	 639	  70	   1	 461	   2	   1	   7	  16	  23	  50	  70	  30	 492	1440665	1441126	   0	 -20	
 635	 640	  50	   1	 293	   1	   1	   8	  16	  23	  50	  70	  30	 426	1442849	1443142	   0	 -10	
 636	 641	  70	   3	 447	   2	   2	   8	  17	  23	  50	  70	  30	 532	1444983	1445430	   0	 -10	
 637	 642	  30	   2	 422	   3	   1	   8	  17	  24	  50	  70	  30	 450	1447184	1447606	   0	 -20	
 638	 643	  50	   3	 354	   1	   2	   9	  17	  24	  50	  70	  30	 358	1449268	1449622	   0	 -20	
 639	 644	  70	   1	 366	   2	   1	   9	  18	  24	  50	  70	  30	 427	1451352	1451718	   0	 -10	
 640	 645	  30	   2	 146	   3	   1	   9	  18	  25	  50	  70	  30	 627	1453652	1453798	   0	 -20	
 641	 646	  70	   4	 651	   2	   2	   9	  19	  25	  50	  70	  30	 685	1455803	1456454	   0	 -20	
 642	 647	  50	   2	 441	   1	   1	  10	  19	  25	  50	  70	  30	 461	1458221	1458662	   0	 -30	
 643	 648	  30	   2	 695	   3	   1	  10	  19	  26	  50	  70	  30	 302	1460271	1460966	   0	 -40	
 644	 649	  50	   3	 496	   1	   2	  11	  19	  26	  50	  70	  30	 527	1462789	1463285	   0	 -40	
 645	 650	  30	   1	 886	   3	   1	  11	  19	  27	  50	  70	  30	 442	1465039	1465925	   0	 -30	
 646	 651	  70	   2	 290	   2	   1	  11	  20	  27	  50	  70	  30	 689	1467923	1468213	   0	 -40	
 647	 652	  30	   4	 587	   3	   2	  11	  20	  28	  50	  70	  30	 550	1470074	1470661	   0	 -40	
 648	 653	  50	   2	 380	   1	   1	  12	  20	  28	  50	  70	  30	 476	1472441	1472821	   0	 -50	
 649	 654	  70	   4	 353	   2	   2	  12	  21	  28	  50	  70	  30	 575	1474692	1475045	   0	 -50	
 650	 655	  50	   2	 281	   1	   1	  13	  21	  28	  50	  70	  30	 517	1476876	1477157	   0	 -60	
 651	 656	  70	   3	 208	   2	   2	  13	  22	  28	  50	  70	  30	 585	1479077	1479285	   0	 -60	
 652	 657	  30	   2	 328	   3	   1	  13	  22	  29	  50	  70	  30	 665	1481261	1481589	   0	 -70	
 653	 658	  50	   1	 312	   1	   1	  14	  22	  29	  50	  70	  30	 377	1483261	1483573	   0	 -60	
 654	 659	  30	   1	 371	   3	   1	  14	  22	  30	  50	  70	  30	 484	1485362	1485733	   0	 -50	
 655	 660	  70	   1	 479	   2	   1	  14	  23	  30	  50	  70	  30	 405	1487446	1487925	   0	 -40	
 656	 661	  30	   2	 367	   3	   1	  14	  23	   1	  50	  70	  30	 607	1489830	1490197	   0	 -50	
 657	 662	  70	   3	 555	   2	   2	  14	  24	   1	  50	  70	  30	 408	1491914	1492469	   0	 -50	
 658	 663	  30	   2	 509	   3	   1	  14	  24	   2	  50	  70	  30	 473	1494248	1494757	   0	 -60	
 659	 664	  70	   1	 284	   2	   1	  14	  25	   2	  50	  70	  30	 604	1496665	1496949	   0	 -50	
 660	 665	  50	   3	 400	   1	   2	  15	  25	   2	  50	  70	  30	 680	1498933	1499333	   0	 -50	
 661	 666	  30	   2	 512	   3	   1	  15	  25	   3	  50	  70	  30	 671	1501333	1501845	   0	 -60	
 662	 667	  70	   1	 680	   2	   1	  15	  26	   3	  50	  70	  30	 357	1503501	1504181	   0	 -50	
 663	 668	  30	   4	 255	   3	   2	  15	  26	   4	  50	  70	  30	 639	1506118	1506373	   0	 -50	
 664	 669	  50	   2	 418	   1	   1	  16	  26	   4	  50	  70	  30	 356	1508035	1508453	   0	 -60	
 665	 670	  70	   2	 386	   2	   1	  16	  27	   4	  50	  70	  30	 647	1510403	1510789	   0	 -70	
 666	 671	  50	   3	 377	   1	   2	  17	  27	   4	  50	  70	  30	 524	1512620	1512997	   0	 -70	
 667	 672	  30	   1	 237	   3	   1	  17	  27	   5	  50	  70	  30	 611	1514904	1515141	   0	 -60	
 668	 673	  70	   1	 476	   2	   1	  17	  28	   5	  50	  70	  30	 479	1516921	1517397	   0	 -50	
 669	 674	  30	   2	 418	   3	   1	  17	  28	   6	  50	  70	  30	 446	1519139	1519557	   0	 -60	
 670	 675	  50	   2	 325	   1	   1	  18	  28	   6	  50	  70	  30	 584	1521456	1521781	   0	 -70	
 671	 676	  70	   3	 320	   2	   2	  18	  29	   6	  50	  70	  30	 476	1523573	1523893	   0	 -70	
 672	 677	  30	   1	 352	   3	   1	  18	  29	   7	  50	  70	  30	 360	1525557	1525909	   0	 -60	
 673	 678	  50	   1	 308	   1	   1	  19	  29	   7	  50	  70	  30	 610	1527825	1528133	   0	 -50	
 674	 679	  70	   4	 249	   2	   2	  19	  30	   7	  50	  70	  30	 648	1530092	1530341	   0	 -50	
 675	 680	  50	   2	 459	   1	   1	  20	  30	   7	  50	  70	  30	 375	1532026	1532485	   0	 -60	
 676	 681	  30	   4	 545	   3	   2	  20	  30	   8	  50	  70	  30	 470	1534260	1534805	   0	 -60	
 677	 682	  50	   1	 554	   1	   1	  21	  30	   8	  50	  70	  30	 307	1536411	1536965	   0	 -50	
 678	 683	  30	   4	 467	   3	   2	  21	  30	   9	  50	  70	  30	 313	1538578	1539045	   0	 -50	
 679	 684	  50	   1	 345	   1	   1	  22	  30	   9	  50	  70	  30	 452	1540812	1541157	   0	 -40	
 680	 685	  70	   3	 597	   2	   2	  22	  31	   9	  50	  70	  30	 440	1542896	1543493	   0	 -40	
 681	 686	  50	   1	 530	   1	   1	  23	  31	   9	  50	  70	  30	 520	1545330	1545860	   0	 -30	
 682	 687	  70	   3	 386	   2	   2	  23	  32	   9	  50	  70	  30	 533	1547714	1548100	   0	 -30	
 683	 688	  50	   2	 379	   1	   1	  24	  32	   9	  50	  70	  30	 459	1549865	1550244	   0	 -40	
 684	 689	  30	   3	 443	   3	   2	  24	  32	  10	  50	  70	  30	 319	1551865	1552308	   0	 -40	
 685	 690	  50	   2	 359	   1	   1	  25	  32	  10	  50	  70	  30	 328	1553933	1554292	   0	 -50	
 686	 691	  30	   2	 412	   3	   1	  25	  32	  11	  50	  70	  30	 604	1556200	1556612	   0	 -60	
 687	 692	  70	   1	1594	   2	   1	  25	  33	  11	  50	  70	  30	 327	1558234	1559828	   0	 -50	
 688	 693	  30	   4	 963	   3	   2	  25	  33	  12	  50	  70	  30	 449	1561585	1562548	   0	 -50	
 689	 694	  50	   2	 874	   1	   1	  26	  33	  12	  50	  70	  30	 353	1564202	1565076	   0	 -60	
 690	 695	  70	   2	 386	   2	   1	  26	  34	  12	  50	  70	  30	 392	1566770	1567156	   0	 -70	
 691	 696	  30	   4	 867	   3	   2	  26	  34	  13	  50	  70	  30	 656	1569137	1570004	   0	 -70	
 692	 697	  50	   2	 297	   1	   1	  27	  34	  13	  50	  70	  30	 452	1571771	1572068	   0	 -80	
 693	 698	  30	   2	 676	   3	   1	  27	  34	  14	  50	  70	  30	 486	1573872	1574548	   0	 -90	
 694	 699	  50	   1	 302	   1	   1	  28	  34	  14	  50	  70	  30	 559	1576406	1576708	   0	 -80	
 695	 700	  30	   1	 555	   3	   1	  28	  34	  15	  50	  70	  30	 462	1578473	1579028	   0	 -70	
 696	 701	  70	   3	 857	   2	   2	  28	  35	  15	  50	  70	  30	 548	1580891	1581748	   0	 -70	
 697	 702	  30	   4	 289	   3	   2	  28	  35	  16	  50	  70	  30	 415	1583475	1583764	   0	 -70	
 698	 703	  50	   2	 295	   1	   1	  29	  35	  16	  50	  70	  30	 649	1585725	1586020	   0	 -80	
 699	 704	  30	   2	1653	   3	   1	  29	  35	  17	  50	  70	  30	 437	1587759	1589412	   0	 -90	
 700	 705	  50	   1	 462	   1	   1	  30	  35	  17	  50	  70	  30	 383	1591110	1591572	   0	 -80	
 701	 706	  70	   3	 467	   2	   2	  30	   1	  17	  50	  70	  30	 476	1593361	1593828	   0	 -80	
 702	 707	  50	   2	 568	   1	   1	  31	   1	  17	  50	  70	  30	 472	1595612	1596180	   0	 -90	
 703	 708	  30	   4	 494	   3	   2	  31	   1	  18	  50	  70	  30	 367	1597862	1598356	   0	 -90	
 704	 709	  50	   2	 452	   1	   1	  32	   1	  18	  50	  70	  30	 422	1600080	1600532	   0	-100	
 705	 710	  30	   3	 298	   3	   2	  32	   1	  19	  50	  70	  30	 483	1602330	1602628	   0	-100	
 706	 711	  70	   1	 429	   2	   1	  32	   2	  19	  50	  70	  30	 687	1604631	1605060	   0	 -90	
 707	 712	  50	   1	 835	   1	   1	  33	   2	  19	  50	  70	  30	 512	1606865	1607700	   0	 -80	
 708	 713	  70	   1	 423	   2	   1	  33	   3	  19	  50	  70	  30	 522	1609533	1609956	   0	 -70	
 709	 714	  50	   4	 337	   1	   2	   1	   3	  19	  50	  70	  30	 419	1611683	1612020	   0	 -70	
