Version: 1	Number of symbols: 3	Pictures exchange: true	Response Deadline: 2000
Trial_No	Virt_Trial_No	Prob_Shown	Feedback	RT	Stimulus_No	Resp	SymbolA_Stage	SymbolB_Stage	SymbolC_Stage	Prob_A	Prob_B	Prob_C	Jitter	StimOnset	RespOnset	Symbol_Changes	Bonus_sum
   1	   1	  30	   4	 626	   1	   2	   1	   0	   0	  30	  70	  50	 655	-173	 453	   0	   0	
   2	   2	  50	   2	 886	   3	   1	   1	   0	   1	  30	  70	  50	 578	2319	3205	   0	 -10	
   3	   3	  30	   4	 606	   1	   2	   2	   0	   1	  30	  70	  50	 307	4799	5405	   0	 -10	
   4	   4	  50	   3	1030	   3	   2	   2	   0	   2	  30	  70	  50	 478	7159	8189	   0	 -10	
   5	   5	  70	   1	 595	   2	   1	   2	   1	   2	  30	  70	  50	 586	10066	10661	   0	   0	
   6	   6	  30	   4	 617	   1	   2	   3	   1	   2	  30	  70	  50	 431	12372	12989	   0	   0	
   7	   7	  50	   2	 652	   3	   1	   3	   1	   3	  30	  70	  50	 511	14785	15437	   0	 -10	
   8	   8	  70	   1	 302	   2	   1	   3	   2	   3	  30	  70	  50	 562	17279	17581	   0	   0	
   9	   9	  50	   2	 585	   3	   1	   3	   2	   4	  30	  70	  50	 673	19532	20117	   0	 -10	
  10	  10	  30	   1	 374	   1	   1	   4	   2	   4	  30	  70	  50	 412	21799	22173	   0	   0	
  11	  11	  50	   3	 446	   3	   2	   4	   2	   5	  30	  70	  50	 527	23998	24444	   0	   0	
  12	  12	  70	   1	 336	   2	   1	   4	   3	   5	  30	  70	  50	 564	26292	26628	   0	  10	
  13	  13	  50	   2	 630	   3	   1	   4	   3	   6	  30	  70	  50	 611	28518	29148	   0	   0	
  14	  14	  70	   2	 502	   2	   1	   4	   4	   6	  30	  70	  50	 651	31078	31580	   0	 -10	
  15	  15	  50	   1	 569	   3	   1	   4	   4	   7	  30	  70	  50	 390	33251	33820	   0	   0	
  16	  16	  30	   3	 611	   1	   2	   5	   4	   7	  30	  70	  50	 326	35425	36036	   0	   0	
  17	  17	  70	   2	 438	   2	   1	   5	   5	   7	  30	  70	  50	 409	37718	38156	   0	 -10	
  18	  18	  50	   1	 596	   3	   1	   5	   5	   8	  30	  70	  50	 517	39944	40540	   0	   0	
  19	  19	  70	   1	 468	   2	   1	   5	   6	   8	  30	  70	  50	 490	42304	42772	   0	  10	
  20	  20	  30	   4	 588	   1	   2	   6	   6	   8	  30	  70	  50	 492	44544	45132	   0	  10	
  21	  21	  50	   2	 392	   3	   1	   6	   6	   9	  30	  70	  50	 660	47091	47483	   0	   0	
  22	  22	  30	   4	 545	   1	   2	   7	   6	   9	  30	  70	  50	 566	49331	49876	   0	   0	
  23	  23	  50	   3	 487	   3	   2	   7	   6	  10	  30	  70	  50	 611	51757	52244	   0	   0	
  24	  24	  30	   4	 484	   1	   2	   8	   6	  10	  30	  70	  50	 616	54144	54628	   0	   0	
  25	  25	  70	   1	 340	   2	   1	   8	   7	  10	  30	  70	  50	 549	56464	56804	   0	  10	
  26	  26	  50	   1	 447	   3	   1	   8	   7	  11	  30	  70	  50	 433	58517	58964	   0	  20	
  27	  27	  30	   4	 548	   1	   2	   9	   7	  11	  30	  70	  50	 695	60944	61492	   0	  20	
  28	  28	  50	   2	 431	   3	   1	   9	   7	  12	  30	  70	  50	 698	63477	63908	   0	  10	
  29	  29	  70	   1	 385	   2	   1	   9	   8	  12	  30	  70	  50	 422	65610	65995	   0	  20	
  30	  30	  50	   1	 438	   3	   1	   9	   8	  13	  30	  70	  50	 604	67877	68315	   0	  30	
  31	  31	  70	   1	 457	   2	   1	   9	   9	  13	  30	  70	  50	 365	69970	70427	   0	  40	
  32	  32	  50	   1	 673	   3	   1	   9	   9	  14	  30	  70	  50	 455	72170	72843	   0	  50	
  33	  33	  30	   3	 532	   1	   2	  10	   9	  14	  30	  70	  50	 454	74583	75115	   0	  50	
  34	  34	  70	   2	 484	   2	   1	  10	  10	  14	  30	  70	  50	 694	77103	77587	   0	  40	
  35	  35	  30	   2	 335	   1	   1	  11	  10	  14	  30	  70	  50	 610	79476	79811	   0	  30	
  36	  36	  70	   1	 418	   2	   1	  11	  11	  14	  30	  70	  50	 356	81449	81867	   0	  40	
  37	  37	  50	   2	 418	   3	   1	  11	  11	  15	  30	  70	  50	 457	83609	84027	   0	  30	
  38	  38	  30	   3	 335	   1	   2	  12	  11	  15	  30	  70	  50	 525	85836	86171	   0	  30	
  39	  39	  70	   2	 415	   2	   1	  12	  12	  15	  30	  70	  50	 535	87996	88411	   0	  20	
  40	  40	  30	   4	 442	   1	   2	  13	  12	  15	  30	  70	  50	 313	90009	90451	   0	  20	
  41	  41	  50	   1	 485	   3	   1	  13	  12	  16	  30	  70	  50	 587	92342	92827	   0	  30	
  42	  42	  70	   1	 458	   2	   1	  13	  13	  16	  30	  70	  50	 659	94769	95227	   0	  40	
  43	  43	  30	   4	 466	   1	   2	  14	  13	  16	  30	  70	  50	 374	96889	97355	   0	  40	
  44	  44	  70	   1	 421	   2	   1	  14	  14	  16	  30	  70	  50	 414	99062	99483	   0	  50	
  45	  45	  50	   2	 554	   3	   1	  14	  14	  17	  30	  70	  50	 445	101209	101763	   0	  40	
  46	  46	  30	   4	 581	   1	   2	  15	  14	  17	  30	  70	  50	 341	103382	103963	   0	  40	
  47	  47	  70	   1	 356	   2	   1	  15	  15	  17	  30	  70	  50	 422	105662	106018	   0	  50	
  48	  48	  30	   3	 490	   1	   2	  16	  15	  17	  30	  70	  50	 354	107648	108138	   0	  50	
  49	  49	  70	   2	 431	   2	   1	  16	  16	  17	  30	  70	  50	 655	110075	110506	   0	  40	
  50	  50	  30	   4	 511	   1	   2	  17	  16	  17	  30	  70	  50	 605	112395	112906	   0	  40	
  51	  51	  70	   1	 397	   2	   1	  17	  17	  17	  30	  70	  50	 623	114821	115218	   0	  50	
  52	  52	  30	   4	 533	   1	   2	  18	  17	  17	  30	  70	  50	 520	117021	117554	   0	  50	
  53	  53	  70	   1	 352	   2	   1	  18	  18	  17	  30	  70	  50	 586	119434	119786	   0	  60	
  54	  54	  30	   3	 421	   1	   2	  19	  18	  17	  30	  70	  50	 433	121501	121922	   0	  60	
  55	  55	  70	   2	 352	   2	   1	  19	  19	  17	  30	  70	  50	 550	123754	124106	   0	  50	
  56	  56	  50	   2	 512	   3	   1	  19	  19	  18	  30	  70	  50	 652	126034	126546	   0	  40	
  57	  57	  30	   4	 437	   1	   2	  20	  19	  18	  30	  70	  50	 390	128221	128658	   0	  40	
  58	  58	  70	   1	 371	   2	   1	  20	  20	  18	  30	  70	  50	 470	130407	130778	   0	  50	
  59	  59	  50	   1	 437	   3	   1	  20	  20	  19	  30	  70	  50	 519	132581	133018	   0	  60	
  60	  60	  30	   4	 456	   1	   2	  21	  20	  19	  30	  70	  50	 617	134914	135370	   0	  60	
  61	  61	  50	   2	 432	   3	   1	  21	  20	  20	  30	  70	  50	 650	137314	137746	   0	  50	
  62	  62	  70	   1	 342	   2	   1	  21	  21	  20	  30	  70	  50	 590	139620	139962	   0	  60	
  63	  63	  50	   2	 555	   3	   1	  21	  21	  21	  30	  70	  50	 530	141767	142322	   0	  50	
  64	  64	  70	   2	 433	   2	   1	  21	  22	  21	  30	  70	  50	 351	143953	144386	   0	  40	
  65	  65	  50	   1	 528	   3	   1	  21	  22	  22	  30	  70	  50	 560	146233	146761	   0	  50	
  66	  66	  30	   3	 525	   1	   2	  22	  22	  22	  30	  70	  50	 659	148700	149225	   0	  50	
  67	  67	  70	   1	 301	   2	   1	  22	  23	  22	  30	  70	  50	 508	151020	151321	   0	  60	
  68	  68	  30	   4	 445	   1	   2	  23	  23	  22	  30	  70	  50	 497	153100	153545	   0	  60	
  69	  69	  50	   2	 459	   3	   1	  23	  23	  23	  30	  70	  50	 344	155166	155625	   0	  50	
  70	  70	  70	   1	 326	   2	   1	  23	  24	  23	  30	  70	  50	 437	157339	157665	   0	  60	
  71	  71	  50	   2	 352	   3	   1	  23	  24	  24	  30	  70	  50	 514	159473	159825	   0	  50	
  72	  72	  70	   1	 358	   2	   1	  23	  25	  24	  30	  70	  50	 311	161419	161777	   0	  60	
  73	  73	  50	   1	 499	   3	   1	  23	  25	  25	  30	  70	  50	 669	163726	164225	   0	  70	
  74	  74	  70	   2	 465	   2	   1	  23	  26	  25	  30	  70	  50	 532	166032	166497	   0	  60	
  75	  75	  50	   2	 385	   3	   1	  23	  26	  26	  30	  70	  50	 416	168192	168577	   0	  50	
  76	  76	  70	   1	 465	   2	   1	  23	  27	  26	  30	  70	  50	 575	170432	170897	   0	  60	
  77	  77	  50	   1	 521	   3	   1	  23	  27	  27	  30	  70	  50	 579	172752	173273	   0	  70	
  78	  78	  70	   1	 398	   2	   1	  23	  28	  27	  30	  70	  50	 619	175179	175577	   0	  80	
  79	  79	  50	   1	 345	   3	   1	  23	  28	  28	  30	  70	  50	 545	177392	177737	   0	  90	
  80	  80	  30	   4	 561	   1	   2	  24	  28	  28	  30	  70	  50	 545	179552	180113	   0	  90	
  81	  81	  70	   2	 511	   2	   1	  24	  29	  28	  30	  70	  50	 691	182098	182609	   0	  80	
  82	  82	  30	   4	 476	   1	   2	  25	  29	  28	  30	  70	  50	 550	184445	184921	   0	  80	
  83	  83	  50	   2	 395	   3	   1	  25	  29	  29	  30	  70	  50	 452	186645	187040	   0	  70	
  84	  84	  30	   3	1046	   1	   2	  26	  29	  29	  30	  70	  50	 463	188778	189824	   0	  70	
  85	  85	  70	   1	 390	   2	   1	  26	  30	  29	  30	  70	  50	 477	191578	191968	   0	  80	
  86	  86	  50	   1	 673	   3	   1	  26	  30	  30	  30	  70	  50	 658	193911	194584	   0	  90	
  87	  87	  70	   1	 473	   2	   1	  26	  31	  30	  30	  70	  50	 686	196551	197024	   0	 100	
  88	  88	  30	   2	 804	   3	   1	  26	  31	   1	  30	  70	  30	 607	198924	199728	   3	  90	
  89	  89	  30	   4	 502	   1	   2	  27	  31	   1	  30	  70	  30	 450	201458	201960	   0	  90	
  90	  90	  70	   2	 468	   2	   1	  27	  32	   1	  30	  70	  30	 489	203724	204192	   0	  80	
  91	  91	  30	   1	 388	   3	   1	  27	  32	   2	  30	  70	  30	 551	206044	206432	   0	  90	
  92	  92	  70	   1	 700	   2	   1	  27	  33	   2	  30	  70	  30	 449	208164	208864	   0	 100	
  93	  93	  30	   4	 455	   1	   2	  28	  33	   2	  30	  70	  30	 347	210497	210952	   0	 100	
  94	  94	  30	   2	 370	   3	   1	  28	  33	   3	  30	  70	  30	 677	212910	213280	   0	  90	
  95	  95	  30	   3	 495	   1	   2	  29	  33	   3	  30	  70	  30	 544	215097	215592	   0	  90	
  96	  96	  20	   4	 842	   2	   2	  29	   1	   3	  30	  20	  30	 447	217350	218192	   2	  90	
  97	  97	  30	   4	 500	   1	   2	  30	   1	   3	  30	  20	  30	 400	219884	220384	   0	  90	
  98	  98	  30	   2	 746	   3	   1	  30	   1	   4	  30	  20	  30	 322	221990	222736	   0	  80	
  99	  99	  30	   4	 596	   1	   2	  31	   1	   4	  30	  20	  30	 313	224323	224919	   0	  80	
 100	 100	  30	   2	 377	   3	   1	  31	   1	   5	  30	  20	  30	 354	226550	226927	   0	  70	
 101	 101	  20	   4	1180	   2	   2	  31	   2	   5	  30	  20	  30	 503	228723	229903	   0	  70	
 102	 102	  30	   3	 537	   1	   2	  32	   2	   5	  30	  20	  30	 646	231830	232367	   0	  70	
 103	 103	  20	   3	 700	   2	   2	  32	   3	   5	  30	  20	  30	 547	234203	234903	   0	  70	
 104	 104	  30	   1	1367	   3	   1	  32	   3	   6	  30	  20	  30	 668	236856	238223	   0	  80	
 105	 105	  20	   2	1023	   2	   1	  32	   4	   6	  30	  20	  30	 589	240096	241119	   0	  70	
 106	 106	  30	   2	 671	   3	   1	  32	   4	   7	  30	  20	  30	 345	242736	243407	   0	  60	
 107	 107	  20	   4	 749	   2	   2	  32	   5	   7	  30	  20	  30	 353	245042	245791	   0	  60	
 108	 108	  30	   2	 855	   3	   1	  32	   5	   8	  30	  20	  30	 665	247736	248591	   0	  50	
 109	 109	  20	   3	 546	   2	   2	  32	   6	   8	  30	  20	  30	 436	250309	250855	   0	  50	
 110	 110	  30	   4	 357	   1	   2	  33	   6	   8	  30	  20	  30	 539	252682	253039	   0	  50	
 111	 111	  30	   4	 290	   3	   2	  33	   6	   9	  30	  20	  30	 497	254829	255119	   0	  50	
 112	 112	  20	   4	 317	   2	   2	  33	   7	   9	  30	  20	  30	 690	257082	257399	   0	  50	
 113	 113	  30	   3	 485	   3	   2	  33	   7	  10	  30	  20	  30	 601	259282	259767	   0	  50	
 114	 114	  30	   4	 344	   1	   2	  34	   7	  10	  30	  20	  30	 564	261615	261959	   0	  50	
 115	 115	  30	   3	 392	   3	   2	  34	   7	  11	  30	  20	  30	 458	263695	264087	   0	  50	
 116	 116	  30	   4	 410	   1	   2	  35	   7	  11	  30	  20	  30	 619	265988	266398	   0	  50	
 117	 117	  30	   4	 461	   3	   2	  35	   7	  12	  30	  20	  30	 361	268041	268502	   0	  50	
 118	 118	  80	   1	 661	   1	   1	   1	   7	  12	  80	  20	  30	 514	270321	270982	   1	  60	
 119	 119	  30	   4	 458	   3	   2	   1	   7	  13	  80	  20	  30	 679	272948	273406	   0	  60	
 120	 120	  20	   4	 498	   2	   2	   1	   8	  13	  80	  20	  30	 664	275348	275846	   0	  60	
 121	 121	  80	   1	 274	   1	   1	   2	   8	  13	  80	  20	  30	 482	277628	277902	   0	  70	
 122	 122	  30	   4	 477	   3	   2	   2	   8	  14	  80	  20	  30	 539	279721	280198	   0	  70	
 123	 123	  80	   2	 389	   1	   1	   3	   8	  14	  80	  20	  30	 364	281841	282230	   0	  60	
 124	 124	  30	   3	 459	   3	   2	   3	   8	  15	  80	  20	  30	 550	284067	284526	   0	  60	
 125	 125	  80	   1	 421	   1	   1	   4	   8	  15	  80	  20	  30	 514	286321	286742	   0	  70	
 126	 126	  30	   4	 459	   3	   2	   4	   8	  16	  80	  20	  30	 365	288387	288846	   0	  70	
 127	 127	  80	   1	 347	   1	   1	   5	   8	  16	  80	  20	  30	 453	290587	290934	   0	  80	
 128	 128	  30	   4	 438	   3	   2	   5	   8	  17	  80	  20	  30	 540	292760	293198	   0	  80	
 129	 129	  20	   4	 752	   2	   2	   5	   9	  17	  80	  20	  30	 461	294934	295686	   0	  80	
 130	 130	  80	   2	 328	   1	   1	   6	   9	  17	  80	  20	  30	 332	297294	297622	   0	  70	
 131	 131	  30	   4	 414	   3	   2	   6	   9	  18	  80	  20	  30	 643	299560	299974	   0	  70	
 132	 132	  80	   1	 355	   1	   1	   7	   9	  18	  80	  20	  30	 685	301947	302302	   0	  80	
 133	 133	  30	   3	 322	   3	   2	   7	   9	  19	  80	  20	  30	 443	304027	304349	   0	  80	
 134	 134	  80	   1	 472	   1	   1	   8	   9	  19	  80	  20	  30	 577	306213	306685	   0	  90	
 135	 135	  20	   4	 408	   2	   2	   8	  10	  19	  80	  20	  30	 491	308453	308861	   0	  90	
 136	 136	  80	   1	 480	   1	   1	   9	  10	  19	  80	  20	  30	 358	310493	310973	   0	 100	
 137	 137	  20	   3	 397	   2	   2	   9	  11	  19	  80	  20	  30	 614	312880	313277	   0	 100	
 138	 138	  80	   1	 288	   1	   1	  10	  11	  19	  80	  20	  30	 422	314973	315261	   0	 110	
 139	 139	  20	   4	 523	   2	   2	  10	  12	  19	  80	  20	  30	 446	316986	317509	   0	 110	
 140	 140	  30	   4	 523	   3	   2	  10	  12	  20	  80	  20	  30	 553	319346	319869	   0	 110	
 141	 141	  80	   2	 411	   1	   1	  11	  12	  20	  80	  20	  30	 303	321466	321877	   0	 100	
 142	 142	  30	   3	 505	   3	   2	  11	  12	  21	  80	  20	  30	 504	323652	324157	   0	 100	
 143	 143	  20	   4	 435	   2	   2	  11	  13	  21	  80	  20	  30	 347	325786	326221	   0	 100	
 144	 144	  80	   1	 395	   1	   1	  12	  13	  21	  80	  20	  30	 412	327906	328301	   0	 110	
 145	 145	  30	   4	 406	   3	   2	  12	  13	  22	  80	  20	  30	 494	330079	330485	   0	 110	
 146	 146	  20	   4	 436	   2	   2	  12	  14	  22	  80	  20	  30	 574	332345	332781	   0	 110	
 147	 147	  30	   2	 406	   3	   1	  12	  14	  23	  80	  20	  30	 421	334479	334885	   0	 100	
 148	 148	  20	   4	 516	   2	   2	  12	  15	  23	  80	  20	  30	 695	336865	337381	   0	 100	
 149	 149	  80	   1	 449	   1	   1	  13	  15	  23	  80	  20	  30	 478	339132	339581	   0	 110	
 150	 150	  20	   4	 463	   2	   2	  13	  16	  23	  80	  20	  30	 305	341158	341621	   0	 110	
 151	 151	  80	   1	 423	   1	   1	  14	  16	  23	  80	  20	  30	 451	343358	343781	   0	 120	
 152	 152	  20	   4	 360	   2	   2	  14	  17	  23	  80	  20	  30	 397	345452	345812	   0	 120	
 153	 153	  30	   4	 387	   3	   2	  14	  17	  24	  80	  20	  30	 562	347665	348052	   0	 120	
 154	 154	  20	   3	 414	   2	   2	  14	  18	  24	  80	  20	  30	 535	349878	350292	   0	 120	
 155	 155	  80	   1	 414	   1	   1	  15	  18	  24	  80	  20	  30	 304	351878	352292	   0	 130	
 156	 156	  30	   4	 446	   3	   2	  15	  18	  25	  80	  20	  30	 304	353878	354324	   0	 130	
 157	 157	  80	   1	 452	   1	   1	  16	  18	  25	  80	  20	  30	 459	356064	356516	   0	 140	
 158	 158	  20	   4	 388	   2	   2	  16	  19	  25	  80	  20	  30	 467	358264	358652	   0	 140	
 159	 159	  30	   4	 454	   3	   2	  16	  19	  26	  80	  20	  30	 382	360318	360772	   0	 140	
 160	 160	  80	   1	 335	   1	   1	  17	  19	  26	  80	  20	  30	 500	362557	362892	   0	 150	
 161	 161	  20	   4	 324	   2	   2	  17	  20	  26	  80	  20	  30	 470	364664	364988	   0	 150	
 162	 162	  30	   3	 487	   3	   2	  17	  20	  27	  80	  20	  30	 612	366877	367364	   0	 150	
 163	 163	  80	   2	 407	   1	   1	  18	  20	  27	  80	  20	  30	 518	369157	369564	   0	 140	
 164	 164	  30	   4	 407	   3	   2	  18	  20	  28	  80	  20	  30	 509	371357	371764	   0	 140	
 165	 165	  20	   4	 503	   2	   2	  18	  21	  28	  80	  20	  30	 313	373357	373860	   0	 140	
 166	 166	  30	   4	 402	   3	   2	  18	  21	  29	  80	  20	  30	 626	375770	376172	   0	 140	
 167	 167	  80	   1	 370	   1	   1	  19	  21	  29	  80	  20	  30	 675	378130	378500	   0	 150	
 168	 168	  30	   3	 365	   3	   2	  19	  21	  30	  80	  20	  30	 690	380463	380828	   0	 150	
 169	 169	  20	   4	 421	   2	   2	  19	  22	  30	  80	  20	  30	 591	382703	383124	   0	 150	
 170	 170	  30	   4	 401	   3	   2	  19	  22	  31	  80	  20	  30	 486	384890	385291	   0	 150	
 171	 171	  80	   1	 391	   1	   1	  20	  22	  31	  80	  20	  30	 363	386956	387347	   0	 160	
 172	 172	  30	   4	 359	   3	   2	  20	  22	  32	  80	  20	  30	 332	388956	389315	   0	 160	
 173	 173	  20	   3	 367	   2	   2	  20	  23	  32	  80	  20	  30	 316	390916	391283	   0	 160	
 174	 174	  80	   1	 388	   1	   1	  21	  23	  32	  80	  20	  30	 582	393143	393531	   0	 170	
 175	 175	  30	   4	 335	   3	   2	  21	  23	  33	  80	  20	  30	 620	395436	395771	   0	 170	
 176	 176	  80	   1	 436	   1	   1	  22	  23	  33	  80	  20	  30	 571	397623	398059	   0	 180	
 177	 177	  30	   3	 322	   3	   2	  22	  23	  34	  80	  20	  30	 508	399849	400171	   0	 180	
 178	 178	  80	   2	 364	   1	   1	  23	  23	  34	  80	  20	  30	 605	402063	402427	   0	 170	
 179	 179	  30	   4	 333	   3	   2	  23	  23	  35	  80	  20	  30	 546	404262	404595	   0	 170	
 180	 180	  20	   4	 410	   2	   2	  23	  24	  35	  80	  20	  30	 565	406449	406859	   0	 170	
 181	 181	  70	   1	 917	   3	   1	  23	  24	   1	  80	  20	  70	 497	408662	409579	   3	 180	
 182	 182	  20	   3	 504	   2	   2	  23	  25	   1	  80	  20	  70	 304	411155	411659	   0	 180	
 183	 183	  80	   1	 530	   1	   1	  24	  25	   1	  80	  20	  70	 598	413529	414059	   0	 190	
 184	 184	  70	   2	 413	   3	   1	  24	  25	   2	  80	  20	  70	 692	416022	416435	   0	 180	
 185	 185	  20	   4	 416	   2	   2	  24	  26	   2	  80	  20	  70	 436	418155	418571	   0	 180	
 186	 186	  70	   1	 512	   3	   1	  24	  26	   3	  80	  20	  70	 495	420355	420867	   0	 190	
 187	 187	  20	   4	 496	   2	   2	  24	  27	   3	  80	  20	  70	 331	422475	422971	   0	 190	
 188	 188	  70	   2	 359	   3	   1	  24	  27	   4	  80	  20	  70	 461	424715	425074	   0	 180	
 189	 189	  20	   4	 485	   2	   2	  24	  28	   4	  80	  20	  70	 663	427021	427506	   0	 180	
 190	 190	  80	   2	 479	   1	   1	  25	  28	   4	  80	  20	  70	 572	429355	429834	   0	 170	
 191	 191	  70	   1	 309	   3	   1	  25	  28	   5	  80	  20	  70	 641	431781	432090	   0	 180	
 192	 192	  80	   1	 533	   1	   1	  26	  28	   5	  80	  20	  70	 571	433941	434474	   0	 190	
 193	 193	  20	   4	 482	   2	   2	  26	  29	   5	  80	  20	  70	 404	436168	436650	   0	 190	
 194	 194	  70	   1	 336	   3	   1	  26	  29	   6	  80	  20	  70	 658	438594	438930	   0	 200	
 195	 195	  20	   4	 394	   2	   2	  26	  30	   6	  80	  20	  70	 587	440808	441202	   0	 200	
 196	 196	  70	   1	 453	   3	   1	  26	  30	   7	  80	  20	  70	 377	442861	443314	   0	 210	
 197	 197	  80	   1	 483	   1	   1	  27	  30	   7	  80	  20	  70	 440	445047	445530	   0	 220	
 198	 198	  50	   1	 975	   2	   1	  27	   1	   7	  80	  50	  70	 532	447379	448354	   2	 230	
 199	 199	  70	   2	 480	   3	   1	  27	   1	   8	  80	  50	  70	 596	450234	450714	   0	 220	
 200	 200	  50	   2	 736	   2	   1	  27	   2	   8	  80	  50	  70	 437	452434	453170	   0	 210	
 201	 201	  80	   1	 558	   1	   1	  28	   2	   8	  80	  50	  70	 675	455140	455698	   0	 220	
 202	 202	  70	   1	 486	   3	   1	  28	   2	   9	  80	  50	  70	 448	457420	457906	   0	 230	
NaN	 203	  50	NaN	NaN	   2	   3	  28	   2	   9	  80	  50	  70	 397	457420	NaN	   0	 230	
 203	 204	  70	   1	 457	   3	   1	  28	   2	  10	  80	  50	  70	 371	463193	463650	   0	 240	
 204	 205	  50	   1	 376	   2	   1	  28	   3	  10	  80	  50	  70	 539	465473	465849	   0	 250	
 205	 206	  70	   2	 349	   3	   1	  28	   3	  11	  80	  50	  70	 604	467740	468089	   0	 240	
 206	 207	  50	   2	 363	   2	   1	  28	   4	  11	  80	  50	  70	 594	469966	470329	   0	 230	
 207	 208	  80	   1	 421	   1	   1	  29	   4	  11	  80	  50	  70	 564	472180	472601	   0	 240	
 208	 209	  50	   2	 392	   2	   1	  29	   5	  11	  80	  50	  70	 635	474513	474905	   0	 230	
 209	 210	  80	   1	 331	   1	   1	  30	   5	  11	  80	  50	  70	 420	476606	476937	   0	 240	
 210	 211	  70	   2	 355	   3	   1	  30	   5	  12	  80	  50	  70	 393	478606	478961	   0	 230	
 211	 212	  50	   1	 323	   2	   1	  30	   6	  12	  80	  50	  70	 351	480606	480929	   0	 240	
 212	 213	  80	   1	 307	   1	   1	  31	   6	  12	  80	  50	  70	 591	482806	483113	   0	 250	
 213	 214	  70	   1	 323	   3	   1	  31	   6	  13	  80	  50	  70	 528	484926	485249	   0	 260	
 214	 215	  80	   1	 467	   1	   1	  32	   6	  13	  80	  50	  70	 350	486886	487353	   0	 270	
 215	 216	  70	   1	 374	   3	   1	  32	   6	  14	  80	  50	  70	 537	489179	489553	   0	 280	
 216	 217	  50	   1	 321	   2	   1	  32	   7	  14	  80	  50	  70	 509	491352	491673	   0	 290	
 217	 218	  80	   1	 356	   1	   1	  33	   7	  14	  80	  50	  70	 649	493605	493961	   0	 300	
 218	 219	  50	   2	 364	   2	   1	  33	   8	  14	  80	  50	  70	 365	495605	495969	   0	 290	
 219	 220	  20	   4	 799	   1	   2	   1	   8	  14	  20	  50	  70	 503	497778	498577	   1	 290	
 220	 221	  70	   1	 476	   3	   1	   1	   8	  15	  20	  50	  70	 630	500485	500961	   0	 300	
 221	 222	  50	   2	 551	   2	   1	   1	   9	  15	  20	  50	  70	 447	502698	503249	   0	 290	
 222	 223	  70	   1	 457	   3	   1	   1	   9	  16	  20	  50	  70	 374	504911	505368	   0	 300	
 223	 224	  20	   4	 553	   1	   2	   2	   9	  16	  20	  50	  70	 374	507031	507584	   0	 300	
 224	 225	  50	   1	 395	   2	   1	   2	  10	  16	  20	  50	  70	 655	509525	509920	   0	 310	
 225	 226	  70	   2	 401	   3	   1	   2	  10	  17	  20	  50	  70	 627	511831	512232	   0	 300	
 226	 227	  20	   4	 430	   1	   2	   3	  10	  17	  20	  50	  70	 344	513858	514288	   0	 300	
 227	 228	  70	   1	 412	   3	   1	   3	  10	  18	  20	  50	  70	 350	515924	516336	   0	 310	
 228	 229	  20	   3	 468	   1	   2	   4	  10	  18	  20	  50	  70	 316	517924	518392	   0	 310	
 229	 230	  50	   2	 374	   2	   1	   4	  11	  18	  20	  50	  70	 693	520378	520752	   0	 300	
 230	 231	  70	   1	 556	   3	   1	   4	  11	  19	  20	  50	  70	 332	522364	522920	   0	 310	
 231	 232	  50	   1	 471	   2	   1	   4	  12	  19	  20	  50	  70	 486	524697	525168	   0	 320	
 232	 233	  70	   1	 463	   3	   1	   4	  12	  20	  20	  50	  70	 640	527097	527560	   0	 330	
 233	 234	  20	   4	 495	   1	   2	   5	  12	  20	  20	  50	  70	 623	529457	529952	   0	 330	
 234	 235	  70	   2	 439	   3	   1	   5	  12	  21	  20	  50	  70	 655	531897	532336	   0	 320	
 235	 236	  20	   4	 503	   1	   2	   6	  12	  21	  20	  50	  70	 601	534217	534720	   0	 320	
 236	 237	  50	   2	 372	   2	   1	   6	  13	  21	  20	  50	  70	 600	536604	536976	   0	 310	
 237	 238	  70	   1	 471	   3	   1	   6	  13	  22	  20	  50	  70	 692	538937	539408	   0	 320	
 238	 239	  50	   2	 442	   2	   1	   6	  14	  22	  20	  50	  70	 700	541390	541832	   0	 310	
 239	 240	  70	   1	 417	   3	   1	   6	  14	  23	  20	  50	  70	 435	543550	543967	   0	 320	
 240	 241	  50	   1	 383	   2	   1	   6	  15	  23	  20	  50	  70	 483	545736	546119	   0	 330	
 241	 242	  20	   3	 388	   1	   2	   7	  15	  23	  20	  50	  70	 516	547923	548311	   0	 330	
 242	 243	  50	   1	 361	   2	   1	   7	  16	  23	  20	  50	  70	 590	550190	550551	   0	 340	
 243	 244	  20	   4	 492	   1	   2	   8	  16	  23	  20	  50	  70	 399	552243	552735	   0	 340	
 244	 245	  70	   1	 396	   3	   1	   8	  16	  24	  20	  50	  70	 422	554443	554839	   0	 350	
 245	 246	  50	   2	 372	   2	   1	   8	  17	  24	  20	  50	  70	 611	556723	557095	   0	 340	
 246	 247	  20	   4	 450	   1	   2	   9	  17	  24	  20	  50	  70	 321	558709	559159	   0	 340	
 247	 248	  50	   1	 349	   2	   1	   9	  18	  24	  20	  50	  70	 326	560762	561111	   0	 350	
 248	 249	  70	   1	 394	   3	   1	   9	  18	  25	  20	  50	  70	 472	562869	563263	   0	 360	
 249	 250	  20	   4	 509	   1	   2	  10	  18	  25	  20	  50	  70	 500	565042	565551	   0	 360	
 250	 251	  70	   2	 365	   3	   1	  10	  18	  26	  20	  50	  70	 524	567362	567727	   0	 350	
 251	 252	  50	   2	 453	   2	   1	  10	  19	  26	  20	  50	  70	 498	569522	569975	   0	 340	
 252	 253	  20	   4	 498	   1	   2	  11	  19	  26	  20	  50	  70	 682	571949	572447	   0	 340	
 253	 254	  70	   1	 344	   3	   1	  11	  19	  27	  20	  50	  70	 520	574255	574599	   0	 350	
 254	 255	  50	   1	 389	   2	   1	  11	  20	  27	  20	  50	  70	 525	576402	576791	   0	 360	
 255	 256	  70	   1	 539	   3	   1	  11	  20	  28	  20	  50	  70	 509	578588	579127	   0	 370	
 256	 257	  50	   1	 320	   2	   1	  11	  21	  28	  20	  50	  70	 360	580775	581095	   0	 380	
 257	 258	  70	   2	 392	   3	   1	  11	  21	  29	  20	  50	  70	 306	582695	583087	   0	 370	
 258	 259	  50	   2	 338	   2	   1	  11	  22	  29	  20	  50	  70	 495	584868	585206	   0	 360	
 259	 260	  70	   1	 357	   3	   1	  11	  22	  30	  20	  50	  70	 436	586921	587278	   0	 370	
 260	 261	  20	   4	 442	   1	   2	  12	  22	  30	  20	  50	  70	 629	589188	589630	   0	 370	
 261	 262	  50	   2	 357	   3	   1	  12	  22	   1	  20	  50	  50	 461	591401	591758	   3	 360	
 262	 263	  50	   2	 424	   2	   1	  12	  23	   1	  20	  50	  50	 304	593334	593758	   0	 350	
 263	 264	  20	   4	 640	   1	   2	  13	  23	   1	  20	  50	  50	 619	595654	596294	   0	 350	
 264	 265	  50	   4	 554	   3	   2	  13	  23	   2	  20	  50	  50	 372	597948	598502	   0	 350	
 265	 266	  50	   2	 501	   2	   1	  13	  24	   2	  20	  50	  50	 462	600241	600742	   0	 340	
 266	 267	  50	   3	 341	   3	   2	  13	  24	   3	  20	  50	  50	 624	602641	602982	   0	 340	
 267	 268	  50	   1	 437	   2	   1	  13	  25	   3	  20	  50	  50	 663	604921	605358	   0	 350	
 268	 269	  20	   3	 501	   1	   2	  14	  25	   3	  20	  50	  50	 321	606961	607462	   0	 350	
 269	 270	  50	   1	 454	   2	   1	  14	  26	   3	  20	  50	  50	 618	609360	609814	   0	 360	
 270	 271	  50	   4	 547	   3	   2	  14	  26	   4	  20	  50	  50	 322	611427	611974	   0	 360	
 271	 272	  50	   2	 456	   2	   1	  14	  27	   4	  20	  50	  50	 334	613614	614070	   0	 350	
 272	 273	  50	   3	 339	   3	   2	  14	  27	   5	  20	  50	  50	 547	615907	616246	   0	 350	
 273	 274	  50	   1	 545	   2	   1	  14	  28	   5	  20	  50	  50	 405	617933	618478	   0	 360	
 274	 275	  20	   4	 515	   1	   2	  15	  28	   5	  20	  50	  50	 598	620347	620862	   0	 360	
 275	 276	  50	   3	 523	   3	   2	  15	  28	   6	  20	  50	  50	 320	622467	622990	   0	 360	
 276	 277	  50	   2	 480	   2	   1	  15	  29	   6	  20	  50	  50	 657	624933	625413	   0	 350	
 277	 278	  20	   3	 523	   1	   2	  16	  29	   6	  20	  50	  50	 601	627306	627829	   0	 350	
 278	 279	  50	   4	 888	   3	   2	  16	  29	   7	  20	  50	  50	 456	629573	630461	   0	 350	
 279	 280	  20	   4	 504	   1	   2	  17	  29	   7	  20	  50	  50	 669	632413	632917	   0	 350	
 280	 281	  50	   4	 528	   3	   2	  17	  29	   8	  20	  50	  50	 377	634573	635101	   0	 350	
 281	 282	  20	   4	 512	   1	   2	  18	  29	   8	  20	  50	  50	 456	636853	637365	   0	 350	
 282	 283	  50	   3	 376	   3	   2	  18	  29	   9	  20	  50	  50	 561	639213	639589	   0	 350	
 283	 284	  50	   1	 619	   2	   1	  18	  30	   9	  20	  50	  50	 673	641546	642165	   0	 360	
 284	 285	  20	   4	 505	   1	   2	  19	  30	   9	  20	  50	  50	 612	644052	644557	   0	 360	
 285	 286	  50	   1	 534	   2	   1	  19	  31	   9	  20	  50	  50	 639	646479	647013	   0	 370	
 286	 287	  20	   4	 494	   1	   2	  20	  31	   9	  20	  50	  50	 619	648919	649413	   0	 370	
 287	 288	  50	   3	 380	   3	   2	  20	  31	  10	  20	  50	  50	 405	651105	651485	   0	 370	
 288	 289	  20	   4	 529	   1	   2	  21	  31	  10	  20	  50	  50	 601	653372	653901	   0	 370	
 289	 290	  50	   3	 476	   3	   2	  21	  31	  11	  20	  50	  50	 408	655585	656061	   0	 370	
 290	 291	  50	   2	 516	   2	   1	  21	  32	  11	  20	  50	  50	 645	657985	658501	   0	 360	
 291	 292	  50	   1	 772	   3	   1	  21	  32	  12	  20	  50	  50	 668	660465	661237	   0	 370	
 292	 293	  50	   1	 588	   2	   1	  21	  33	  12	  20	  50	  50	 316	662825	663413	   0	 380	
 293	 294	  50	   4	 513	   3	   2	  21	  33	  13	  20	  50	  50	 433	665131	665644	   0	 380	
 294	 295	  20	   3	 422	   1	   2	  22	  33	  13	  20	  50	  50	 348	667278	667700	   0	 380	
 295	 296	  20	   4	 713	   2	   2	  22	   1	  13	  20	  20	  50	 369	669371	670084	   2	 380	
 296	 297	  20	   4	 484	   1	   2	  23	   1	  13	  20	  20	  50	 499	671864	672348	   0	 380	
 297	 298	  20	   4	 476	   2	   2	  23	   2	  13	  20	  20	  50	 627	674264	674740	   0	 380	
 298	 299	  20	   4	 481	   1	   2	  24	   2	  13	  20	  20	  50	 357	676371	676852	   0	 380	
 299	 300	  20	   4	 492	   2	   2	  24	   3	  13	  20	  20	  50	 532	678664	679156	   0	 380	
 300	 301	  50	   1	1065	   3	   1	  24	   3	  14	  20	  20	  50	 464	680891	681956	   0	 390	
 301	 302	  20	   4	 492	   2	   2	  24	   4	  14	  20	  20	  50	 614	683864	684356	   0	 390	
 302	 303	  50	   3	 393	   3	   2	  24	   4	  15	  20	  20	  50	 421	686051	686444	   0	 390	
 303	 304	  20	   3	 434	   2	   2	  24	   5	  15	  20	  20	  50	 571	688290	688724	   0	 390	
 304	 305	  20	   4	 484	   1	   2	  25	   5	  15	  20	  20	  50	 460	690464	690948	   0	 390	
 305	 306	  50	   4	 359	   3	   2	  25	   5	  16	  20	  20	  50	 521	692757	693116	   0	 390	
 306	 307	  20	   4	 527	   1	   2	  26	   5	  16	  20	  20	  50	 682	695077	695604	   0	 390	
 307	 308	  50	   4	 383	   3	   2	  26	   5	  17	  20	  20	  50	 634	697517	697900	   0	 390	
 308	 309	  20	   4	 346	   1	   2	  27	   5	  17	  20	  20	  50	 626	699810	700156	   0	 390	
 309	 310	  50	   1	 375	   3	   1	  27	   5	  18	  20	  20	  50	 515	701957	702332	   0	 400	
 310	 311	  20	   3	 412	   1	   2	  28	   5	  18	  20	  20	  50	 603	704223	704635	   0	 400	
 311	 312	  50	   4	 855	   3	   2	  28	   5	  19	  20	  20	  50	 541	706476	707331	   0	 400	
 312	 313	  20	   4	 425	   2	   2	  28	   6	  19	  20	  20	  50	 596	709210	709635	   0	 400	
 313	 314	  50	   4	 690	   3	   2	  28	   6	  20	  20	  20	  50	 690	711609	712299	   0	 400	
 314	 315	  20	   4	 370	   2	   2	  28	   7	  20	  20	  20	  50	 672	714249	714619	   0	 400	
 315	 316	  20	   4	 434	   1	   2	  29	   7	  20	  20	  20	  50	 311	716209	716643	   0	 400	
 316	 317	  20	   4	 479	   2	   2	  29	   8	  20	  20	  20	  50	 556	718476	718955	   0	 400	
 317	 318	  50	   4	 330	   3	   2	  29	   8	  21	  20	  20	  50	 520	720769	721099	   0	 400	
 318	 319	  20	   3	 413	   2	   2	  29	   9	  21	  20	  20	  50	 450	722822	723235	   0	 400	
 319	 320	  20	   4	 386	   1	   2	  30	   9	  21	  20	  20	  50	 491	725009	725395	   0	 400	
 320	 321	  50	   1	 314	   3	   1	  30	   9	  22	  20	  20	  50	 532	727209	727523	   0	 410	
 321	 322	  20	   4	 421	   1	   2	  31	   9	  22	  20	  20	  50	 571	729382	729803	   0	 410	
 322	 323	  50	   4	 693	   3	   2	  31	   9	  23	  20	  20	  50	 413	731502	732195	   0	 410	
 323	 324	  20	   4	 394	   1	   2	  32	   9	  23	  20	  20	  50	 606	734089	734483	   0	 410	
 324	 325	  20	   4	 355	   2	   2	  32	  10	  23	  20	  20	  50	 569	736328	736683	   0	 410	
 325	 326	  20	   3	 456	   1	   2	  33	  10	  23	  20	  20	  50	 387	738355	738811	   0	 410	
 326	 327	  50	   3	 445	   3	   2	  33	  10	  24	  20	  20	  50	 519	740622	741067	   0	 410	
 327	 328	  20	   4	 360	   2	   2	  33	  11	  24	  20	  20	  50	 567	742915	743275	   0	 410	
 328	 329	  50	   3	 354	   3	   2	  33	  11	  25	  20	  20	  50	 683	745248	745602	   0	 410	
 329	 330	  20	   4	 303	   2	   2	  33	  12	  25	  20	  20	  50	 589	747475	747778	   0	 410	
 330	 331	  20	   4	 338	   1	   2	  34	  12	  25	  20	  20	  50	 590	749648	749986	   0	 410	
 331	 332	  20	   4	 381	   2	   2	  34	  13	  25	  20	  20	  50	 659	751941	752322	   0	 410	
 332	 333	  50	   4	 400	   3	   2	  34	  13	  26	  20	  20	  50	 518	754114	754514	   0	 410	
 333	 334	  20	   4	 325	   1	   2	  35	  13	  26	  20	  20	  50	 497	756301	756626	   0	 410	
 334	 335	  20	   4	 389	   2	   2	  35	  14	  26	  20	  20	  50	 317	758221	758610	   0	 410	
 335	 336	  50	   3	 328	   3	   2	  35	  14	  27	  20	  20	  50	 424	760314	760642	   0	 410	
 336	 337	  80	   3	 379	   1	   2	   1	  14	  27	  80	  20	  50	 383	762327	762706	   1	 410	
 337	 338	  20	   4	 395	   2	   2	   1	  15	  27	  80	  20	  50	 585	764567	764962	   0	 410	
 338	 339	  80	   1	 331	   1	   1	   2	  15	  27	  80	  20	  50	 567	766807	767138	   0	 420	
 339	 340	  20	   4	 411	   2	   2	   2	  16	  27	  80	  20	  50	 358	768767	769178	   0	 420	
 340	 341	  80	   1	 438	   1	   1	   3	  16	  27	  80	  20	  50	 643	771100	771538	   0	 430	
 341	 342	  50	   1	 494	   3	   1	   3	  16	  28	  80	  20	  50	 592	773420	773914	   0	 440	
 342	 343	  80	   1	 566	   1	   1	   4	  16	  28	  80	  20	  50	 504	775700	776266	   0	 450	
 343	 344	  20	   4	 395	   2	   2	   4	  17	  28	  80	  20	  50	 534	778087	778482	   0	 450	
 344	 345	  50	   2	 611	   3	   1	   4	  17	  29	  80	  20	  50	 611	780367	780978	   0	 440	
 345	 346	  20	   3	 433	   2	   2	   4	  18	  29	  80	  20	  50	 654	782913	783346	   0	 440	
 346	 347	  80	   2	 467	   1	   1	   5	  18	  29	  80	  20	  50	 620	785246	785713	   0	 430	
 347	 348	  20	   3	 507	   2	   2	   5	  19	  29	  80	  20	  50	 686	787686	788193	   0	 430	
 348	 349	  50	   4	 784	   3	   2	   5	  19	  30	  80	  20	  50	 436	789913	790697	   0	 430	
 349	 350	  80	   1	 443	   1	   1	   6	  19	  30	  80	  20	  50	 356	792326	792769	   0	 440	
 350	 351	  50	   2	 475	   3	   1	   6	  19	  31	  80	  20	  50	 629	794686	795161	   0	 430	
 351	 352	  80	   1	 448	   1	   1	   7	  19	  31	  80	  20	  50	 382	796833	797281	   0	 440	
 352	 353	  50	   2	 406	   3	   1	   7	  19	  32	  80	  20	  50	 373	798939	799345	   0	 430	
 353	 354	  80	   1	 459	   1	   1	   8	  19	  32	  80	  20	  50	 697	801326	801785	   0	 440	
 354	 355	  20	   4	 417	   2	   2	   8	  20	  32	  80	  20	  50	 605	803672	804089	   0	 440	
 355	 356	  80	   2	 521	   1	   1	   9	  20	  32	  80	  20	  50	 424	805792	806313	   0	 430	
 356	 357	  50	   1	1028	   3	   1	   9	  20	  33	  80	  20	  50	 649	808245	809273	   0	 440	
 357	 358	  20	   3	 393	   2	   2	   9	  21	  33	  80	  20	  50	 515	811072	811465	   0	 440	
 358	 359	  70	   1	 988	   3	   1	   9	  21	   1	  80	  20	  70	 611	813365	814353	   3	 450	
 359	 360	  20	   4	 441	   2	   2	   9	  22	   1	  80	  20	  70	 630	816272	816713	   0	 450	
 360	 361	  80	   1	 431	   1	   1	  10	  22	   1	  80	  20	  70	 502	818498	818929	   0	 460	
 361	 362	  20	   4	 479	   2	   2	  10	  23	   1	  80	  20	  70	 508	820738	821217	   0	 460	
 362	 363	  70	   2	 623	   3	   1	  10	  23	   2	  80	  20	  70	 605	823098	823721	   0	 450	
 363	 364	  80	   1	 462	   1	   1	  11	  23	   2	  80	  20	  70	 540	825538	826000	   0	 460	
 364	 365	  70	   2	 542	   3	   1	  11	  23	   3	  80	  20	  70	 579	827858	828400	   0	 450	
 365	 366	  20	   4	 564	   2	   2	  11	  24	   3	  80	  20	  70	 559	830244	830808	   0	 450	
 366	 367	  70	   1	 438	   3	   1	  11	  24	   4	  80	  20	  70	 531	832618	833056	   0	 460	
 367	 368	  20	   4	 502	   2	   2	  11	  25	   4	  80	  20	  70	 611	834938	835440	   0	 460	
 368	 369	  80	   1	 444	   1	   1	  12	  25	   4	  80	  20	  70	 409	837124	837568	   0	 470	
 369	 370	  70	   1	 388	   3	   1	  12	  25	   5	  80	  20	  70	 346	839204	839592	   0	 480	
 370	 371	  20	   4	 631	   2	   2	  12	  26	   5	  80	  20	  70	 698	841577	842208	   0	 480	
 371	 372	  70	   1	 529	   3	   1	  12	  26	   6	  80	  20	  70	 687	844191	844720	   0	 490	
 372	 373	  80	   1	 572	   1	   1	  13	  26	   6	  80	  20	  70	 642	846644	847216	   0	 500	
 373	 374	  70	   2	 692	   3	   1	  13	  26	   7	  80	  20	  70	 597	849084	849776	   0	 490	
 374	 375	  80	   1	 423	   1	   1	  14	  26	   7	  80	  20	  70	 524	851577	852000	   0	 500	
 375	 376	  70	   1	 381	   3	   1	  14	  26	   8	  80	  20	  70	 524	853803	854184	   0	 510	
 376	 377	  20	   3	 458	   2	   2	  14	  27	   8	  80	  20	  70	 487	855950	856408	   0	 510	
 377	 378	  80	   1	 421	   1	   1	  15	  27	   8	  80	  20	  70	 388	858083	858504	   0	 520	
 378	 379	  70	   1	 474	   3	   1	  15	  27	   9	  80	  20	  70	 401	860190	860664	   0	 530	
 379	 380	  80	   1	 429	   1	   1	  16	  27	   9	  80	  20	  70	 656	862603	863032	   0	 540	
 380	 381	  70	   1	 412	   3	   1	  16	  27	  10	  80	  20	  70	 404	864723	865135	   0	 550	
 381	 382	  80	   1	 417	   1	   1	  17	  27	  10	  80	  20	  70	 507	866950	867367	   0	 560	
 382	 383	  20	   4	 450	   2	   2	  17	  28	  10	  80	  20	  70	 663	869309	869759	   0	 560	
 383	 384	  80	   2	 450	   1	   1	  18	  28	  10	  80	  20	  70	 627	871669	872119	   0	 550	
 384	 385	  70	   2	 359	   3	   1	  18	  28	  11	  80	  20	  70	 304	873696	874055	   0	 540	
 385	 386	  80	   2	 442	   1	   1	  19	  28	  11	  80	  20	  70	 688	876029	876471	   0	 530	
 386	 387	  20	   4	 551	   2	   2	  19	  29	  11	  80	  20	  70	 497	878256	878807	   0	 530	
 387	 388	  70	   1	 370	   3	   1	  19	  29	  12	  80	  20	  70	 460	880549	880919	   0	 540	
 388	 389	  20	   4	 503	   2	   2	  19	  30	  12	  80	  20	  70	 344	882536	883039	   0	 540	
 389	 390	  70	   1	 346	   3	   1	  19	  30	  13	  80	  20	  70	 396	884709	885055	   0	 550	
 390	 391	  80	   1	 360	   1	   1	  20	  30	  13	  80	  20	  70	 313	886655	887015	   0	 560	
 391	 392	  70	   2	 490	   3	   1	  20	  30	  14	  80	  20	  70	 587	888909	889399	   0	 550	
 392	 393	  20	   4	 392	   2	   2	  20	  31	  14	  80	  20	  70	 385	891055	891447	   0	 550	
 393	 394	  70	   1	 280	   3	   1	  20	  31	  15	  80	  20	  70	 682	893415	893695	   0	 560	
 394	 395	  20	   4	 445	   2	   2	  20	  32	  15	  80	  20	  70	 540	895522	895967	   0	 560	
 395	 396	  70	   1	 488	   3	   1	  20	  32	  16	  80	  20	  70	 686	897935	898423	   0	 570	
 396	 397	  80	   2	 422	   1	   1	  21	  32	  16	  80	  20	  70	 700	900401	900823	   0	 560	
 397	 398	  70	   2	 432	   3	   1	  21	  32	  17	  80	  20	  70	 386	902495	902927	   0	 550	
 398	 399	  20	   3	 469	   2	   2	  21	  33	  17	  80	  20	  70	 311	904521	904990	   0	 550	
 399	 400	  80	   1	 402	   1	   1	  22	  33	  17	  80	  20	  70	 346	906628	907030	   0	 560	
 400	 401	  20	   4	 389	   2	   2	  22	  34	  17	  80	  20	  70	 485	908801	909190	   0	 560	
 401	 402	  80	   1	 461	   1	   1	  23	  34	  17	  80	  20	  70	 587	911081	911542	   0	 570	
 402	 403	  20	   4	 482	   2	   2	  23	  35	  17	  80	  20	  70	 602	913428	913910	   0	 570	
 403	 404	  80	   1	 397	   1	   1	  24	  35	  17	  80	  20	  70	 527	915721	916118	   0	 580	
 404	 405	  80	   1	 872	   2	   1	  24	   1	  17	  80	  80	  70	 409	917814	918686	   2	 590	
 405	 406	  80	   1	 589	   1	   1	  25	   1	  17	  80	  80	  70	 434	920401	920990	   0	 600	
 406	 407	  80	   1	 381	   2	   1	  25	   2	  17	  80	  80	  70	 604	922881	923262	   0	 610	
 407	 408	  80	   1	 440	   1	   1	  26	   2	  17	  80	  80	  70	 426	924974	925414	   0	 620	
 408	 409	  80	   1	 302	   2	   1	  26	   3	  17	  80	  80	  70	 696	927400	927702	   0	 630	
 409	 410	  80	   2	 371	   1	   1	  27	   3	  17	  80	  80	  70	 689	929667	930038	   0	 620	
 410	 411	  80	   2	 323	   2	   1	  27	   4	  17	  80	  80	  70	 312	931627	931950	   0	 610	
 411	 412	  80	   1	 313	   1	   1	  28	   4	  17	  80	  80	  70	 605	933853	934166	   0	 620	
 412	 413	  80	   1	 281	   2	   1	  28	   5	  17	  80	  80	  70	 571	936013	936294	   0	 630	
 413	 414	  80	   1	 414	   1	   1	  29	   5	  17	  80	  80	  70	 341	937920	938334	   0	 640	
 414	 415	  80	   1	 577	   2	   1	  29	   6	  17	  80	  80	  70	 632	940253	940830	   0	 650	
 415	 416	  80	   1	 478	   1	   1	  30	   6	  17	  80	  80	  70	 449	942560	943038	   0	 660	
 416	 417	  70	   1	 560	   3	   1	  30	   6	  18	  80	  80	  70	 343	944653	945213	   0	 670	
 417	 418	  80	   1	 328	   2	   1	  30	   7	  18	  80	  80	  70	 637	947133	947461	   0	 680	
 418	 419	  30	   4	 774	   1	   2	   1	   7	  18	  30	  80	  70	 671	949439	950213	   1	 680	
 419	 420	  80	   1	 403	   2	   1	   1	   8	  18	  30	  80	  70	 486	951986	952389	   0	 690	
 420	 421	  70	   1	 584	   3	   1	   1	   8	  19	  30	  80	  70	 378	954053	954637	   0	 700	
 421	 422	  80	   2	 355	   2	   1	   1	   9	  19	  30	  80	  70	 622	956546	956901	   0	 690	
 422	 423	  30	   3	 491	   1	   2	   2	   9	  19	  30	  80	  70	 641	958826	959317	   0	 690	
 423	 424	  70	   1	 427	   3	   1	   2	   9	  20	  30	  80	  70	 671	961266	961693	   0	 700	
 424	 425	  80	   1	 539	   2	   1	   2	  10	  20	  30	  80	  70	 446	963426	963965	   0	 710	
 425	 426	  30	   3	 529	   1	   2	   3	  10	  20	  30	  80	  70	 602	965852	966381	   0	 710	
 426	 427	  70	   1	 433	   3	   1	   3	  10	  21	  30	  80	  70	 634	968292	968725	   0	 720	
 427	 428	  80	   2	 478	   2	   1	   3	  11	  21	  30	  80	  70	 550	970559	971037	   0	 710	
 428	 429	  30	   4	 511	   1	   2	   4	  11	  21	  30	  80	  70	 641	972958	973469	   0	 710	
 429	 430	  70	   2	 377	   3	   1	   4	  11	  22	  30	  80	  70	 459	975212	975589	   0	 700	
 430	 431	  80	   1	 353	   2	   1	   4	  12	  22	  30	  80	  70	 384	977252	977605	   0	 710	
 431	 432	  70	   2	 428	   3	   1	   4	  12	  23	  30	  80	  70	 677	979585	980013	   0	 700	
 432	 433	  80	   1	 428	   2	   1	   4	  13	  23	  30	  80	  70	 688	981985	982413	   0	 710	
 433	 434	  70	   1	 441	   3	   1	   4	  13	  24	  30	  80	  70	 549	984251	984692	   0	 720	
 434	 435	  80	   1	 422	   2	   1	   4	  14	  24	  30	  80	  70	 575	986558	986980	   0	 730	
 435	 436	  70	   1	 425	   3	   1	   4	  14	  25	  30	  80	  70	 357	988611	989036	   0	 740	
 436	 437	  30	   4	 382	   1	   2	   5	  14	  25	  30	  80	  70	 409	990718	991100	   0	 740	
 437	 438	  70	   1	 809	   3	   1	   5	  14	  26	  30	  80	  70	 507	992891	993700	   0	 750	
 438	 439	  30	   4	 748	   1	   2	   6	  14	  26	  30	  80	  70	 641	995624	996372	   0	 750	
 439	 440	  70	   1	 551	   3	   1	   6	  14	  27	  30	  80	  70	 303	997957	998508	   0	 760	
 440	 441	  80	   1	 492	   2	   1	   6	  15	  27	  30	  80	  70	 433	1000224	1000716	   0	 770	
 441	 442	  70	   2	 505	   3	   1	   6	  15	  28	  30	  80	  70	 481	1002491	1002996	   0	 760	
 442	 443	  30	   3	 556	   1	   2	   7	  15	  28	  30	  80	  70	 391	1004664	1005220	   0	 760	
 443	 444	  80	   1	 476	   2	   1	   7	  16	  28	  30	  80	  70	 682	1007184	1007660	   0	 770	
 444	 445	  30	   4	 620	   1	   2	   8	  16	  28	  30	  80	  70	 570	1009504	1010124	   0	 770	
 445	 446	  80	   1	 533	   2	   1	   8	  17	  28	  30	  80	  70	 619	1012023	1012556	   0	 780	
 446	 447	  30	   4	 421	   1	   2	   9	  17	  28	  30	  80	  70	 385	1014223	1014644	   0	 780	
 447	 448	  80	   2	 522	   2	   1	   9	  18	  28	  30	  80	  70	 489	1016410	1016932	   0	 770	
 448	 449	  30	   2	 346	   1	   1	  10	  18	  28	  30	  80	  70	 314	1018530	1018876	   0	 760	
 449	 450	  70	   1	 514	   3	   1	  10	  18	  29	  30	  80	  70	 485	1020650	1021164	   0	 770	
 450	 451	  30	   3	 580	   1	   2	  11	  18	  29	  30	  80	  70	 574	1023023	1023603	   0	 770	
 451	 452	  80	   1	 519	   2	   1	  11	  19	  29	  30	  80	  70	 572	1025476	1025995	   0	 780	
 452	 453	  70	   1	 439	   3	   1	  11	  19	  30	  30	  80	  70	 592	1027876	1028315	   0	 790	
 453	 454	  80	   1	 452	   2	   1	  11	  20	  30	  30	  80	  70	 425	1030023	1030475	   0	 800	
 454	 455	  30	   4	 471	   1	   2	  12	  20	  30	  30	  80	  70	 547	1032316	1032787	   0	 800	
 455	 456	  80	   1	 412	   2	   1	  12	  21	  30	  30	  80	  70	 311	1034383	1034795	   0	 810	
 456	 457	  70	   3	 386	   3	   2	  12	  21	  31	  30	  80	  70	 371	1036449	1036835	   0	 810	
 457	 458	  30	   4	 823	   1	   2	  13	  21	  31	  30	  80	  70	 427	1038556	1039379	   0	 810	
 458	 459	  70	   1	 378	   3	   1	  13	  21	  32	  30	  80	  70	 436	1041089	1041467	   0	 820	
 459	 460	  30	   1	 450	   1	   1	  14	  21	  32	  30	  80	  70	 497	1043249	1043699	   0	 830	
 460	 461	  80	   1	 450	   2	   1	  14	  22	  32	  30	  80	  70	 518	1045489	1045939	   0	 840	
 461	 462	  70	   1	 520	   3	   1	  14	  22	  33	  30	  80	  70	 515	1047755	1048275	   0	 850	
 462	 463	  30	   4	 346	   1	   2	  15	  22	  33	  30	  80	  70	 368	1049929	1050275	   0	 850	
 463	 464	  80	   1	 395	   2	   1	  15	  23	  33	  30	  80	  70	 409	1051968	1052363	   0	 860	
 464	 465	  30	   4	 397	   1	   2	  16	  23	  33	  30	  80	  70	 655	1054302	1054699	   0	 860	
 465	 466	  70	   2	 485	   3	   1	  16	  23	  34	  30	  80	  70	 485	1056462	1056947	   0	 850	
 466	 467	  80	   1	 547	   2	   1	  16	  24	  34	  30	  80	  70	 301	1058528	1059075	   0	 860	
 467	 468	  70	   1	 475	   3	   1	  16	  24	  35	  30	  80	  70	 441	1060808	1061283	   0	 870	
 468	 469	  30	   3	 434	   1	   2	  17	  24	  35	  30	  80	  70	 644	1063208	1063642	   0	 870	
 469	 470	  80	   2	 381	   2	   1	  17	  25	  35	  30	  80	  70	 344	1065261	1065642	   0	 860	
 470	 471	  30	   4	 896	   1	   2	  18	  25	  35	  30	  80	  70	 673	1067594	1068490	   0	 860	
 471	 472	  50	   2	 800	   3	   1	  18	  25	   1	  30	  80	  50	 590	1070394	1071194	   3	 850	
 472	 473	  30	   4	 626	   1	   2	  19	  25	   1	  30	  80	  50	 485	1072968	1073594	   0	 850	
 473	 474	  80	   1	 501	   2	   1	  19	  26	   1	  30	  80	  50	 415	1075301	1075802	   0	 860	
 474	 475	  30	   4	 557	   1	   2	  20	  26	   1	  30	  80	  50	 625	1077701	1078258	   0	 860	
 475	 476	  50	   3	 960	   3	   2	  20	  26	   2	  30	  80	  50	 454	1079994	1080954	   0	 860	
 476	 477	  80	   1	 486	   2	   1	  20	  27	   2	  30	  80	  50	 453	1082700	1083186	   0	 870	
 477	 478	  50	   2	1523	   3	   1	  20	  27	   3	  30	  80	  50	 375	1084847	1086370	   0	 860	
 478	 479	  80	   1	 806	   2	   1	  20	  28	   3	  30	  80	  50	 328	1087980	1088786	   0	 870	
 479	 480	  30	   2	1022	   1	   1	  21	  28	   3	  30	  80	  50	 353	1090420	1091442	   0	 860	
 480	 481	  50	   4	1107	   3	   2	  21	  28	   4	  30	  80	  50	 440	1093167	1094274	   0	 860	
 481	 482	  80	   2	 491	   2	   1	  21	  29	   4	  30	  80	  50	 420	1096007	1096498	   0	 850	
 482	 483	  50	   3	 841	   3	   2	  21	  29	   5	  30	  80	  50	 653	1098433	1099274	   0	 850	
 483	 484	  80	   1	 494	   2	   1	  21	  30	   5	  30	  80	  50	 418	1100980	1101474	   0	 860	
 484	 485	  30	   3	1091	   1	   2	  22	  30	   5	  30	  80	  50	 491	1103246	1104337	   0	 860	
 485	 486	  20	   3	1014	   2	   2	  22	   1	   5	  30	  20	  50	 549	1106179	1107193	   2	 860	
 486	 487	  50	   3	 843	   3	   2	  22	   1	   6	  30	  20	  50	 325	1108806	1109649	   0	 860	
 487	 488	  20	   2	 691	   2	   1	  22	   2	   6	  30	  20	  50	 549	1111486	1112177	   0	 850	
 488	 489	  30	   3	 726	   1	   2	  23	   2	   6	  30	  20	  50	 571	1114019	1114745	   0	 850	
 489	 490	  50	   3	 947	   3	   2	  23	   2	   7	  30	  20	  50	 540	1116566	1117513	   0	 850	
 490	 491	  30	   4	 790	   1	   2	  24	   2	   7	  30	  20	  50	 573	1119379	1120169	   0	 850	
 491	 492	  50	   1	 830	   3	   1	  24	   2	   8	  30	  20	  50	 300	1121779	1122609	   0	 860	
 492	 493	  20	   2	 542	   2	   1	  24	   3	   8	  30	  20	  50	 367	1124259	1124801	   0	 850	
 493	 494	  50	   2	 916	   3	   1	  24	   3	   9	  30	  20	  50	 445	1126525	1127441	   0	 840	
 494	 495	  30	   4	 825	   1	   2	  25	   3	   9	  30	  20	  50	 308	1129032	1129857	   0	 840	
 495	 496	  20	   1	 625	   2	   1	  25	   4	   9	  30	  20	  50	 340	1131472	1132097	   0	 850	
 496	 497	  50	   4	 783	   3	   2	  25	   4	  10	  30	  20	  50	 452	1133818	1134601	   0	 850	
 497	 498	  30	   4	 623	   1	   2	  26	   4	  10	  30	  20	  50	 580	1136458	1137081	   0	 850	
 498	 499	  50	   3	 818	   3	   2	  26	   4	  11	  30	  20	  50	 587	1138951	1139769	   0	 850	
 499	 500	  30	   4	 546	   1	   2	  27	   4	  11	  30	  20	  50	 343	1141391	1141937	   0	 850	
 500	 501	  50	   4	 699	   3	   2	  27	   4	  12	  30	  20	  50	 638	1143845	1144544	   0	 850	
 501	 502	  20	   2	 630	   2	   1	  27	   5	  12	  30	  20	  50	 332	1146178	1146808	   0	 840	
 502	 503	  30	   3	 590	   1	   2	  28	   5	  12	  30	  20	  50	 651	1148738	1149328	   0	 840	
 503	 504	  50	   1	 689	   3	   1	  28	   5	  13	  30	  20	  50	 499	1151111	1151800	   0	 850	
 504	 505	  30	   4	 479	   1	   2	  29	   5	  13	  30	  20	  50	 498	1153577	1154056	   0	 850	
 505	 506	  20	   2	 636	   2	   1	  29	   6	  13	  30	  20	  50	 391	1155724	1156360	   0	 840	
 506	 507	  50	   3	 799	   3	   2	  29	   6	  14	  30	  20	  50	 335	1157977	1158776	   0	 840	
 507	 508	  20	   2	 961	   2	   1	  29	   7	  14	  30	  20	  50	 382	1160431	1161392	   0	 830	
 508	 509	  50	   2	 732	   3	   1	  29	   7	  15	  30	  20	  50	 444	1163124	1163856	   0	 820	
 509	 510	  30	   4	 626	   1	   2	  30	   7	  15	  30	  20	  50	 404	1165550	1166176	   0	 820	
 510	 511	  50	   4	 647	   3	   2	  30	   7	  16	  30	  20	  50	 474	1167937	1168584	   0	 820	
 511	 512	  30	   4	 551	   1	   2	  31	   7	  16	  30	  20	  50	 639	1170537	1171088	   0	 820	
 512	 513	  20	   2	 813	   2	   1	  31	   8	  16	  30	  20	  50	 390	1172763	1173576	   0	 810	
 513	 514	  30	   4	 485	   1	   2	  32	   8	  16	  30	  20	  50	 456	1175323	1175808	   0	 810	
 514	 515	  50	   3	 429	   3	   2	  32	   8	  17	  30	  20	  50	 676	1177763	1178192	   0	 810	
 515	 516	  30	   4	 341	   1	   2	  33	   8	  17	  30	  20	  50	 607	1180083	1180424	   0	 810	
 516	 517	  20	   4	 445	   2	   2	  33	   9	  17	  30	  20	  50	 418	1182123	1182568	   0	 810	
 517	 518	  50	   4	 457	   3	   2	  33	   9	  18	  30	  20	  50	 493	1184350	1184807	   0	 810	
 518	 519	  20	   4	 415	   2	   2	  33	  10	  18	  30	  20	  50	 328	1186416	1186831	   0	 810	
 519	 520	  80	   2	 623	   1	   1	   1	  10	  18	  80	  20	  50	 523	1188656	1189279	   1	 800	
 520	 521	  20	   4	 594	   2	   2	   1	  11	  18	  80	  20	  50	 507	1191069	1191663	   0	 800	
 521	 522	  50	   3	 682	   3	   2	   1	  11	  19	  80	  20	  50	 617	1193589	1194271	   0	 800	
 522	 523	  80	   1	 546	   1	   1	   2	  11	  19	  80	  20	  50	 637	1196189	1196735	   0	 810	
 523	 524	  50	   4	 642	   3	   2	   2	  11	  20	  80	  20	  50	 612	1198629	1199271	   0	 810	
 524	 525	  80	   1	 597	   1	   1	   3	  11	  20	  80	  20	  50	 521	1201082	1201679	   0	 820	
 525	 526	  50	   4	 634	   3	   2	   3	  11	  21	  80	  20	  50	 666	1203629	1204263	   0	 820	
 526	 527	  80	   2	 490	   1	   1	   4	  11	  21	  80	  20	  50	 325	1205869	1206359	   0	 810	
 527	 528	  50	   4	 442	   3	   2	   4	  11	  22	  80	  20	  50	 590	1208229	1208671	   0	 810	
 528	 529	  80	   1	 459	   1	   1	   5	  11	  22	  80	  20	  50	 437	1210388	1210847	   0	 820	
 529	 530	  50	   3	 405	   3	   2	   5	  11	  23	  80	  20	  50	 427	1212562	1212967	   0	 820	
 530	 531	  80	   1	 397	   1	   1	   6	  11	  23	  80	  20	  50	 518	1214762	1215159	   0	 830	
 531	 532	  50	   3	 467	   3	   2	   6	  11	  24	  80	  20	  50	 599	1217068	1217535	   0	 830	
 532	 533	  80	   1	 360	   1	   1	   7	  11	  24	  80	  20	  50	 426	1219255	1219615	   0	 840	
 533	 534	  20	   4	 422	   2	   2	   7	  12	  24	  80	  20	  50	 460	1221361	1221783	   0	 840	
 534	 535	  50	   1	 351	   3	   1	   7	  12	  25	  80	  20	  50	 636	1223695	1224046	   0	 850	
 535	 536	  20	   2	 352	   2	   1	   7	  13	  25	  80	  20	  50	 685	1226014	1226366	   0	 840	
 536	 537	  80	   1	 357	   1	   1	   8	  13	  25	  80	  20	  50	 348	1228001	1228358	   0	 850	
 537	 538	  50	   3	 560	   3	   2	   8	  13	  26	  80	  20	  50	 536	1230174	1230734	   0	 850	
 538	 539	  20	   3	 581	   2	   2	   8	  14	  26	  80	  20	  50	 420	1232441	1233022	   0	 850	
 539	 540	  50	   4	 493	   3	   2	   8	  14	  27	  80	  20	  50	 453	1234761	1235254	   0	 850	
 540	 541	  20	   4	 600	   2	   2	   8	  15	  27	  80	  20	  50	 427	1236974	1237574	   0	 850	
 541	 542	  50	   4	 480	   3	   2	   8	  15	  28	  80	  20	  50	 568	1239454	1239934	   0	 850	
 542	 543	  20	   3	 544	   2	   2	   8	  16	  28	  80	  20	  50	 512	1241734	1242278	   0	 850	
 543	 544	  80	   1	 438	   1	   1	   9	  16	  28	  80	  20	  50	 479	1244040	1244478	   0	 860	
 544	 545	  20	   4	 406	   2	   2	   9	  17	  28	  80	  20	  50	 690	1246440	1246846	   0	 860	
 545	 546	  50	   1	 563	   3	   1	   9	  17	  29	  80	  20	  50	 578	1248707	1249270	   0	 870	
 546	 547	  20	   4	 521	   2	   2	   9	  18	  29	  80	  20	  50	 418	1250973	1251494	   0	 870	
 547	 548	  80	   1	 385	   1	   1	  10	  18	  29	  80	  20	  50	 354	1253133	1253518	   0	 880	
 548	 549	  50	   4	 579	   3	   2	  10	  18	  30	  80	  20	  50	 669	1255467	1256046	   0	 880	
 549	 550	  20	   4	 460	   2	   2	  10	  19	  30	  80	  20	  50	 373	1257706	1258166	   0	 880	
 550	 551	  80	   1	 518	   1	   1	  11	  19	  30	  80	  20	  50	 635	1260080	1260598	   0	 890	
 551	 552	  20	   4	 648	   2	   2	  11	  20	  30	  80	  20	  50	 627	1262533	1263181	   0	 890	
 552	 553	  80	   1	 470	   1	   1	  12	  20	  30	  80	  20	  50	 534	1264999	1265469	   0	 900	
 553	 554	  50	   3	 728	   3	   2	  12	  20	  31	  80	  20	  50	 498	1267253	1267981	   0	 900	
 554	 555	  20	   4	 480	   2	   2	  12	  21	  31	  80	  20	  50	 466	1269733	1270213	   0	 900	
 555	 556	  50	   2	 574	   3	   1	  12	  21	  32	  80	  20	  50	 305	1271799	1272373	   0	 890	
 556	 557	  80	   1	 417	   1	   1	  13	  21	  32	  80	  20	  50	 677	1274332	1274749	   0	 900	
 557	 558	  50	   4	 374	   3	   2	  13	  21	  33	  80	  20	  50	 568	1276599	1276973	   0	 900	
 558	 559	  80	   2	 563	   1	   1	  14	  21	  33	  80	  20	  50	 602	1278866	1279429	   0	 890	
 559	 560	  30	   2	 918	   3	   1	  14	  21	   1	  80	  20	  30	 507	1281239	1282157	   3	 880	
 560	 561	  80	   1	 484	   1	   1	  15	  21	   1	  80	  20	  30	 672	1284105	1284589	   0	 890	
 561	 562	  20	   3	 497	   2	   2	  15	  22	   1	  80	  20	  30	 547	1286452	1286949	   0	 890	
 562	 563	  30	   4	 391	   3	   2	  15	  22	   2	  80	  20	  30	 685	1288918	1289309	   0	 890	
 563	 564	  20	   4	 497	   2	   2	  15	  23	   2	  80	  20	  30	 464	1291052	1291549	   0	 890	
 564	 565	  80	   2	 497	   1	   1	  16	  23	   2	  80	  20	  30	 383	1293212	1293709	   0	 880	
 565	 566	  20	   4	 489	   2	   2	  16	  24	   2	  80	  20	  30	 336	1295332	1295821	   0	 880	
 566	 567	  80	   1	 423	   1	   1	  17	  24	   2	  80	  20	  30	 336	1297438	1297861	   0	 890	
 567	 568	  30	   4	 607	   3	   2	  17	  24	   3	  80	  20	  30	 303	1299438	1300045	   0	 890	
 568	 569	  20	   4	 524	   2	   2	  17	  25	   3	  80	  20	  30	 700	1302025	1302549	   0	 890	
 569	 570	  80	   1	 364	   1	   1	  18	  25	   3	  80	  20	  30	 671	1304504	1304868	   0	 900	
 570	 571	  20	   4	 508	   2	   2	  18	  26	   3	  80	  20	  30	 309	1306464	1306972	   0	 900	
 571	 572	  80	   1	 486	   1	   1	  19	  26	   3	  80	  20	  30	 348	1308638	1309124	   0	 910	
 572	 573	  30	   4	 500	   3	   2	  19	  26	   4	  80	  20	  30	 575	1310984	1311484	   0	 910	
 573	 574	  20	   4	 481	   2	   2	  19	  27	   4	  80	  20	  30	 567	1313331	1313812	   0	 910	
 574	 575	  30	   3	 532	   3	   2	  19	  27	   5	  80	  20	  30	 600	1315704	1316236	   0	 910	
 575	 576	  20	   3	 561	   2	   2	  19	  28	   5	  80	  20	  30	 578	1318091	1318652	   0	 910	
 576	 577	  80	   1	 482	   1	   1	  20	  28	   5	  80	  20	  30	 317	1320250	1320732	   0	 920	
 577	 578	  20	   4	 426	   2	   2	  20	  29	   5	  80	  20	  30	 350	1322370	1322796	   0	 920	
 578	 579	  30	   4	 484	   3	   2	  20	  29	   6	  80	  20	  30	 418	1324504	1324988	   0	 920	
 579	 580	  20	   4	 450	   2	   2	  20	  30	   6	  80	  20	  30	 614	1326890	1327340	   0	 920	
 580	 581	  80	   1	 434	   1	   1	  21	  30	   6	  80	  20	  30	 310	1328930	1329364	   0	 930	
 581	 582	  20	   4	 474	   2	   2	  21	  31	   6	  80	  20	  30	 665	1331330	1331804	   0	 930	
 582	 583	  30	   3	 479	   3	   2	  21	  31	   7	  80	  20	  30	 430	1333517	1333996	   0	 930	
 583	 584	  20	   4	 533	   2	   2	  21	  32	   7	  80	  20	  30	 585	1335863	1336396	   0	 930	
 584	 585	  30	   4	 469	   3	   2	  21	  32	   8	  80	  20	  30	 698	1338383	1338852	   0	 930	
 585	 586	  80	   2	 474	   1	   1	  22	  32	   8	  80	  20	  30	 433	1340570	1341044	   0	 920	
 586	 587	  30	   4	 449	   3	   2	  22	  32	   9	  80	  20	  30	 359	1342690	1343139	   0	 920	
 587	 588	  80	   1	 474	   1	   1	  23	  32	   9	  80	  20	  30	 314	1344729	1345203	   0	 930	
 588	 589	  20	   4	 364	   2	   2	  23	  33	   9	  80	  20	  30	 504	1346983	1347347	   0	 930	
 589	 590	  30	   3	 458	   3	   2	  23	  33	  10	  80	  20	  30	 499	1349129	1349587	   0	 930	
 590	 591	  80	   1	 439	   1	   1	  24	  33	  10	  80	  20	  30	 567	1351436	1351875	   0	 940	
 591	 592	  20	   4	 399	   2	   2	  24	  34	  10	  80	  20	  30	 572	1353756	1354155	   0	 940	
 592	 593	  80	   1	 519	   1	   1	  25	  34	  10	  80	  20	  30	 352	1355796	1356315	   0	 950	
 593	 594	  20	   4	 367	   2	   2	  25	  35	  10	  80	  20	  30	 669	1358276	1358643	   0	 950	
 594	 595	  80	   1	 485	   1	   1	  26	  35	  10	  80	  20	  30	 574	1360502	1360987	   0	 960	
 595	 596	  30	   4	 421	   3	   2	  26	  35	  11	  80	  20	  30	 357	1362622	1363043	   0	 960	
 596	 597	  80	   1	 413	   1	   1	  27	  35	  11	  80	  20	  30	 374	1364702	1365115	   0	 970	
 597	 598	  70	   1	 818	   2	   1	  27	   1	  11	  80	  70	  30	 474	1366889	1367707	   2	 980	
 598	 599	  80	   2	 448	   1	   1	  28	   1	  11	  80	  70	  30	 405	1369395	1369843	   0	 970	
 599	 600	  30	   4	 459	   3	   2	  28	   1	  12	  80	  70	  30	 484	1371608	1372067	   0	 970	
 600	 601	  80	   1	 376	   1	   1	  29	   1	  12	  80	  70	  30	 568	1373915	1374291	   0	 980	
 601	 602	  70	   1	 363	   2	   1	  29	   2	  12	  80	  70	  30	 642	1376248	1376611	   0	 990	
 602	 603	  30	   4	 424	   3	   2	  29	   2	  13	  80	  70	  30	 458	1378355	1378779	   0	 990	
 603	 604	  70	   1	 278	   2	   1	  29	   3	  13	  80	  70	  30	 682	1380741	1381019	   0	1000	
 604	 605	  30	   4	 373	   3	   2	  29	   3	  14	  80	  70	  30	 683	1382981	1383354	   0	1000	
 605	 606	  70	   1	 416	   2	   1	  29	   4	  14	  80	  70	  30	 386	1385034	1385450	   0	1010	
 606	 607	  30	   3	 440	   3	   2	  29	   4	  15	  80	  70	  30	 579	1387314	1387754	   0	1010	
 607	 608	  70	   2	 301	   2	   1	  29	   5	  15	  80	  70	  30	 304	1389341	1389642	   0	1000	
 608	 609	  30	   4	 368	   3	   2	  29	   5	  16	  80	  70	  30	 470	1391394	1391762	   0	1000	
 609	 610	  80	   1	 384	   1	   1	  30	   5	  16	  80	  70	  30	 353	1393394	1393778	   0	1010	
 610	 611	  70	   1	 331	   2	   1	  30	   6	  16	  80	  70	  30	 470	1395527	1395858	   0	1020	
 611	 612	  30	   4	 371	   3	   2	  30	   6	  17	  80	  70	  30	 480	1397647	1398018	   0	1020	
 612	 613	  70	   2	 542	   2	   1	  30	   7	  17	  80	  70	  30	 322	1399620	1400162	   0	1010	
 613	 614	  50	   4	 766	   1	   2	   1	   7	  17	  50	  70	  30	 323	1401780	1402546	   1	1010	
 614	 615	  70	   1	 395	   2	   1	   1	   8	  17	  50	  70	  30	 339	1404167	1404562	   0	1020	
 615	 616	  30	   4	 464	   3	   2	   1	   8	  18	  50	  70	  30	 476	1406314	1406778	   0	1020	
 616	 617	  50	   4	 377	   1	   2	   2	   8	  18	  50	  70	  30	 665	1408713	1409090	   0	1020	
 617	 618	  30	   3	 470	   3	   2	   2	   8	  19	  50	  70	  30	 602	1410980	1411450	   0	1020	
 618	 619	  70	   1	 457	   2	   1	   2	   9	  19	  50	  70	  30	 303	1413033	1413490	   0	1030	
 619	 620	  30	   3	 470	   3	   2	   2	   9	  20	  50	  70	  30	 647	1415420	1415890	   0	1030	
 620	 621	  70	   2	 486	   2	   1	   2	  10	  20	  50	  70	  30	 444	1417620	1418106	   0	1020	
 621	 622	  50	   4	 457	   1	   2	   3	  10	  20	  50	  70	  30	 616	1420033	1420490	   0	1020	
 622	 623	  70	   1	 400	   2	   1	   3	  11	  20	  50	  70	  30	 419	1422193	1422593	   0	1030	
 623	 624	  50	   3	 390	   1	   2	   4	  11	  20	  50	  70	  30	 698	1424579	1424969	   0	1030	
 624	 625	  30	   3	 483	   3	   2	   4	  11	  21	  50	  70	  30	 469	1426726	1427209	   0	1030	
 625	 626	  70	   1	 398	   2	   1	   4	  12	  21	  50	  70	  30	 323	1428819	1429217	   0	1040	
 626	 627	  50	   3	 465	   1	   2	   5	  12	  21	  50	  70	  30	 653	1431152	1431617	   0	1040	
 627	 628	  30	   4	 486	   3	   2	   5	  12	  22	  50	  70	  30	 361	1433259	1433745	   0	1040	
 628	 629	  50	   4	 537	   1	   2	   6	  12	  22	  50	  70	  30	 325	1435352	1435889	   0	1040	
 629	 630	  70	   1	 587	   2	   1	   6	  13	  22	  50	  70	  30	 318	1437486	1438073	   0	1050	
 630	 631	  30	   4	 454	   3	   2	   6	  13	  23	  50	  70	  30	 500	1439859	1440313	   0	1050	
 631	 632	  50	   3	 356	   1	   2	   7	  13	  23	  50	  70	  30	 465	1442085	1442441	   0	1050	
 632	 633	  70	   3	 345	   2	   2	   7	  14	  23	  50	  70	  30	 517	1444232	1444577	   0	1050	
 633	 634	  30	   4	 481	   3	   2	   7	  14	  24	  50	  70	  30	 496	1446352	1446833	   0	1050	
 634	 635	  50	   3	 532	   1	   2	   8	  14	  24	  50	  70	  30	 442	1448565	1449097	   0	1050	
 635	 636	  30	   4	 844	   3	   2	   8	  14	  25	  50	  70	  30	 472	1450845	1451689	   0	1050	
 636	 637	  50	   1	 479	   1	   1	   9	  14	  25	  50	  70	  30	 361	1453338	1453817	   0	1060	
 637	 638	  30	   4	 554	   3	   2	   9	  14	  26	  50	  70	  30	 339	1455431	1455985	   0	1060	
 638	 639	  70	   2	 618	   2	   1	   9	  15	  26	  50	  70	  30	 445	1457711	1458329	   0	1050	
 639	 640	  50	   2	 916	   1	   1	  10	  15	  26	  50	  70	  30	 672	1460285	1461201	   0	1040	
 640	 641	  70	   1	 534	   2	   1	  10	  16	  26	  50	  70	  30	 382	1462858	1463392	   0	1050	
 641	 642	  30	   3	 516	   3	   2	  10	  16	  27	  50	  70	  30	 543	1465244	1465760	   0	1050	
 642	 643	  50	   1	 852	   1	   1	  11	  16	  27	  50	  70	  30	 691	1467724	1468576	   0	1060	
 643	 644	  70	   1	 543	   2	   1	  11	  17	  27	  50	  70	  30	 441	1470297	1470840	   0	1070	
 644	 645	  30	   4	 540	   3	   2	  11	  17	  28	  50	  70	  30	 332	1472444	1472984	   0	1070	
 645	 646	  70	   1	 489	   2	   1	  11	  18	  28	  50	  70	  30	 409	1474671	1475160	   0	1080	
 646	 647	  50	   2	 556	   1	   1	  12	  18	  28	  50	  70	  30	 322	1476764	1477320	   0	1070	
 647	 648	  30	   4	 479	   3	   2	  12	  18	  29	  50	  70	  30	 413	1479017	1479496	   0	1070	
 648	 649	  50	   2	 490	   1	   1	  13	  18	  29	  50	  70	  30	 568	1481350	1481840	   0	1060	
 649	 650	  30	   3	 508	   3	   2	  13	  18	  30	  50	  70	  30	 368	1483484	1483992	   0	1060	
 650	 651	  70	   2	 530	   2	   1	  13	  19	  30	  50	  70	  30	 552	1485830	1486360	   0	1050	
 651	 652	  30	   4	 482	   3	   2	  13	  19	   1	  50	  70	  30	 479	1488150	1488632	   0	1050	
 652	 653	  50	   1	 351	   1	   1	  14	  19	   1	  50	  70	  30	 333	1490257	1490608	   0	1060	
 653	 654	  70	   2	 434	   2	   1	  14	  20	   1	  50	  70	  30	 622	1492510	1492944	   0	1050	
 654	 655	  50	   1	 658	   1	   1	  15	  20	   1	  50	  70	  30	 323	1494550	1495208	   0	1060	
 655	 656	  70	   2	 440	   2	   1	  15	  21	   1	  50	  70	  30	 328	1496816	1497256	   0	1050	
 656	 657	  30	   4	 506	   3	   2	  15	  21	   2	  50	  70	  30	 442	1498990	1499496	   0	1050	
 657	 658	  50	   2	 410	   1	   1	  16	  21	   2	  50	  70	  30	 480	1501270	1501680	   0	1040	
 658	 659	  30	   4	 503	   3	   2	  16	  21	   3	  50	  70	  30	 302	1503256	1503759	   0	1040	
 659	 660	  70	   1	 452	   2	   1	  16	  22	   3	  50	  70	  30	 690	1505723	1506175	   0	1050	
 660	 661	  30	   4	 460	   3	   2	  16	  22	   4	  50	  70	  30	 665	1508123	1508583	   0	1050	
 661	 662	  70	   1	 458	   2	   1	  16	  23	   4	  50	  70	  30	 454	1510349	1510807	   0	1060	
 662	 663	  30	   3	 442	   3	   2	  16	  23	   5	  50	  70	  30	 614	1512709	1513151	   0	1060	
 663	 664	  70	   1	 767	   2	   1	  16	  24	   5	  50	  70	  30	 414	1514856	1515623	   0	1070	
 664	 665	  50	   1	 666	   1	   1	  17	  24	   5	  50	  70	  30	 325	1517229	1517895	   0	1080	
 665	 666	  30	   4	 530	   3	   2	  17	  24	   6	  50	  70	  30	 446	1519629	1520159	   0	1080	
 666	 667	  70	   1	 434	   2	   1	  17	  25	   6	  50	  70	  30	 634	1522069	1522503	   0	1090	
 667	 668	  30	   3	 485	   3	   2	  17	  25	   7	  50	  70	  30	 662	1524442	1524927	   0	1090	
 668	 669	  50	   4	 365	   1	   2	  18	  25	   7	  50	  70	  30	 388	1526602	1526967	   0	1090	
 669	 670	  70	   1	 405	   2	   1	  18	  26	   7	  50	  70	  30	 398	1528642	1529047	   0	1100	
 670	 671	  50	   1	 741	   1	   1	  19	  26	   7	  50	  70	  30	 429	1530762	1531503	   0	1110	
 671	 672	  30	   4	 435	   3	   2	  19	  26	   8	  50	  70	  30	 416	1533228	1533663	   0	1110	
 672	 673	  70	   2	 566	   2	   1	  19	  27	   8	  50	  70	  30	 413	1535361	1535927	   0	1100	
 673	 674	  30	   4	 494	   3	   2	  19	  27	   9	  50	  70	  30	 596	1537801	1538295	   0	1100	
 674	 675	  50	   2	 331	   1	   1	  20	  27	   9	  50	  70	  30	 652	1540228	1540559	   0	1090	
 675	 676	  70	   1	 456	   2	   1	  20	  28	   9	  50	  70	  30	 624	1542454	1542910	   0	1100	
 676	 677	  30	   3	 450	   3	   2	  20	  28	  10	  50	  70	  30	 506	1544708	1545158	   0	1100	
 677	 678	  50	   1	 365	   1	   1	  21	  28	  10	  50	  70	  30	 561	1547001	1547366	   0	1110	
 678	 679	  70	   1	 432	   2	   1	  21	  29	  10	  50	  70	  30	 525	1549174	1549606	   0	1120	
 679	 680	  50	   3	 515	   1	   2	  22	  29	  10	  50	  70	  30	 302	1551187	1551702	   0	1120	
 680	 681	  30	   4	 525	   3	   2	  22	  29	  11	  50	  70	  30	 334	1553321	1553846	   0	1120	
 681	 682	  50	   3	 392	   1	   2	  23	  29	  11	  50	  70	  30	 538	1555694	1556086	   0	1120	
 682	 683	  30	   4	 496	   3	   2	  23	  29	  12	  50	  70	  30	 321	1557694	1558190	   0	1120	
 683	 684	  50	   2	 776	   1	   1	  24	  29	  12	  50	  70	  30	 457	1559934	1560710	   0	1110	
 684	 685	  70	   2	 534	   2	   1	  24	  30	  12	  50	  70	  30	 361	1562360	1562894	   0	1100	
 685	 686	  50	   2	 371	   1	   1	  25	  30	  12	  50	  70	  30	 363	1564547	1564918	   0	1090	
 686	 687	  70	   1	 457	   2	   1	  25	  31	  12	  50	  70	  30	 574	1566773	1567230	   0	1100	
 687	 688	  50	   2	 345	   1	   1	  26	  31	  12	  50	  70	  30	 533	1569053	1569398	   0	1090	
 688	 689	  30	   4	 470	   3	   2	  26	  31	  13	  50	  70	  30	 599	1571280	1571750	   0	1090	
 689	 690	  50	   2	 313	   1	   1	  27	  31	  13	  50	  70	  30	 534	1573573	1573886	   0	1080	
 690	 691	  30	   4	 756	   3	   2	  27	  31	  14	  50	  70	  30	 374	1575546	1576302	   0	1080	
 691	 692	  70	   1	 446	   2	   1	  27	  32	  14	  50	  70	  30	 668	1578280	1578726	   0	1090	
 692	 693	  30	   3	 478	   3	   2	  27	  32	  15	  50	  70	  30	 587	1580600	1581078	   0	1090	
 693	 694	  50	   1	 384	   1	   1	  28	  32	  15	  50	  70	  30	 696	1583053	1583437	   0	1100	
 694	 695	  70	   1	 459	   2	   1	  28	  33	  15	  50	  70	  30	 515	1585226	1585685	   0	1110	
 695	 696	  30	   4	 430	   3	   2	  28	  33	  16	  50	  70	  30	 358	1587319	1587749	   0	1110	
 696	 697	  50	   4	 401	   1	   2	  29	  33	  16	  50	  70	  30	 659	1589692	1590093	   0	1110	
 697	 698	  30	   4	 491	   3	   2	  29	  33	  17	  50	  70	  30	 443	1591826	1592317	   0	1110	
 698	 699	  50	   1	 385	   1	   1	  30	  33	  17	  50	  70	  30	 574	1594172	1594557	   0	1120	
 699	 700	  30	   4	 443	   3	   2	  30	  33	  18	  50	  70	  30	 312	1596146	1596589	   0	1120	
 700	 701	  70	   2	 396	   2	   1	  30	  34	  18	  50	  70	  30	 546	1598425	1598821	   0	1110	
 701	 702	  30	   3	 505	   3	   2	  30	  34	  19	  50	  70	  30	 439	1600572	1601077	   0	1110	
 702	 703	  50	   4	 500	   1	   2	  31	  34	  19	  50	  70	  30	 471	1602825	1603325	   0	1110	
 703	 704	  30	   3	 471	   3	   2	  31	  34	  20	  50	  70	  30	 312	1604918	1605389	   0	1110	
 704	 705	  50	   2	 825	   1	   1	  32	  34	  20	  50	  70	  30	 545	1607212	1608037	   0	1100	
 705	 706	  70	   1	 508	   2	   1	  32	  35	  20	  50	  70	  30	 310	1609625	1610133	   0	1110	
 706	 707	  50	   1	 332	   1	   1	  33	  35	  20	  50	  70	  30	 481	1611905	1612237	   0	1120	
 707	 708	  30	   3	 479	   3	   2	  33	  35	  21	  50	  70	  30	 483	1613998	1614477	   0	1120	
 708	 709	  50	   4	 383	   1	   2	   1	  35	  21	  50	  70	  30	 372	1616118	1616501	   0	1120	
 709	 710	  30	   4	 471	   3	   2	   1	  35	  22	  50	  70	  30	 463	1618238	1618709	   0	1120	
 710	 711	  70	   1	 514	   2	   1	   1	   1	  22	  50	  70	  30	 581	1620571	1621085	   0	1130	
