Version: 1	Number of symbols: 3	Pictures exchange: true	Response Deadline: 2000
Trial_No	Virt_Trial_No	Prob_Shown	Feedback	RT	Stimulus_No	Resp	SymbolA_Stage	SymbolB_Stage	SymbolC_Stage	Prob_A	Prob_B	Prob_C	Jitter	StimOnset	RespOnset	Symbol_Changes	Bonus_sum
   1	   1	  30	   2	1140	   1	   1	   1	   0	   0	  30	  70	  50	 497	1700	2840	   0	 -10	
   2	   2	  50	   4	1673	   3	   2	   1	   0	   1	  30	  70	  50	 600	4751	6424	   0	 -10	
   3	   3	  30	   4	1132	   1	   2	   2	   0	   1	  30	  70	  50	 547	8268	9400	   0	 -10	
   4	   4	  50	   3	 879	   3	   2	   2	   0	   2	  30	  70	  50	 658	11369	12248	   0	 -10	
NaN	   5	  70	NaN	NaN	   2	   3	   2	   0	   2	  30	  70	  50	 432	11369	NaN	   0	 -10	
   5	   6	  30	   4	 760	   1	   2	   3	   0	   2	  30	  70	  50	 606	17871	18631	   0	 -10	
   6	   7	  50	   4	 727	   3	   2	   3	   0	   3	  30	  70	  50	 360	20288	21015	   0	 -10	
   7	   8	  70	   1	 636	   2	   1	   3	   1	   3	  30	  70	  50	 630	22939	23575	   0	   0	
   8	   9	  50	   4	 730	   3	   2	   3	   1	   4	  30	  70	  50	 471	25357	26087	   0	   0	
   9	  10	  30	   3	 416	   1	   2	   4	   1	   4	  30	  70	  50	 581	27991	28407	   0	   0	
  10	  11	  50	   1	 547	   3	   1	   4	   1	   5	  30	  70	  50	 595	30308	30855	   0	  10	
  11	  12	  70	   3	 644	   2	   2	   4	   2	   5	  30	  70	  50	 465	32659	33303	   0	  10	
  12	  13	  50	   2	 959	   3	   1	   4	   2	   6	  30	  70	  50	 580	35176	36135	   0	   0	
  13	  14	  70	   1	 587	   2	   1	   4	   3	   6	  30	  70	  50	 629	38060	38647	   0	  10	
  14	  15	  50	   3	 539	   3	   2	   4	   3	   7	  30	  70	  50	 488	40444	40983	   0	  10	
  15	  16	  30	   3	 461	   1	   2	   5	   3	   7	  30	  70	  50	 465	42762	43223	   0	  10	
  16	  17	  70	   2	 544	   2	   1	   5	   4	   7	  30	  70	  50	 562	45079	45623	   0	   0	
  17	  18	  50	   3	 255	   3	   2	   5	   4	   8	  30	  70	  50	 572	47496	47751	   0	   0	
  18	  19	  70	   2	 427	   2	   1	   5	   5	   8	  30	  70	  50	 507	49564	49991	   0	 -10	
  19	  20	  30	   4	 680	   1	   2	   6	   5	   8	  30	  70	  50	 340	51631	52311	   0	 -10	
  20	  21	  50	   2	 514	   3	   1	   6	   5	   9	  30	  70	  50	 557	54165	54679	   0	 -20	
  21	  22	  30	   4	 440	   1	   2	   7	   5	   9	  30	  70	  50	 401	56399	56839	   0	 -20	
  22	  23	  50	   3	 265	   3	   2	   7	   5	  10	  30	  70	  50	 609	58750	59015	   0	 -20	
  23	  24	  30	   4	 331	   1	   2	   8	   5	  10	  30	  70	  50	 357	60684	61015	   0	 -20	
  24	  25	  70	   1	 526	   2	   1	   8	   6	  10	  30	  70	  50	 656	62984	63510	   0	 -10	
  25	  26	  50	   1	 566	   3	   1	   8	   6	  11	  30	  70	  50	 361	65168	65734	   0	   0	
  26	  27	  30	   4	 590	   1	   2	   9	   6	  11	  30	  70	  50	 312	67352	67942	   0	   0	
  27	  28	  50	   4	 411	   3	   2	   9	   6	  12	  30	  70	  50	 552	69803	70214	   0	   0	
  28	  29	  70	   3	 441	   2	   2	   9	   7	  12	  30	  70	  50	 326	71837	72278	   0	   0	
  29	  30	  50	   3	 617	   3	   2	   9	   7	  13	  30	  70	  50	 640	74221	74838	   0	   0	
  30	  31	  70	   1	 400	   2	   1	   9	   8	  13	  30	  70	  50	 686	76838	77238	   0	  10	
  31	  32	  50	   3	 326	   3	   2	   9	   8	  14	  30	  70	  50	 496	79056	79382	   0	  10	
  32	  33	  30	   1	 333	   1	   1	  10	   8	  14	  30	  70	  50	 596	81273	81606	   0	  20	
  33	  34	  70	   1	 465	   2	   1	  10	   9	  14	  30	  70	  50	 637	83557	84022	   0	  30	
  34	  35	  30	   4	 507	   1	   2	  11	   9	  14	  30	  70	  50	 356	85691	86198	   0	  30	
  35	  36	  70	   2	 286	   2	   1	  11	  10	  14	  30	  70	  50	 508	88008	88294	   0	  20	
  36	  37	  50	   4	 585	   3	   2	  11	  10	  15	  30	  70	  50	 517	90125	90710	   0	  20	
  37	  38	  30	   3	 516	   1	   2	  12	  10	  15	  30	  70	  50	 607	92626	93142	   0	  20	
  38	  39	  70	   1	 600	   2	   1	  12	  11	  15	  30	  70	  50	 447	94894	95494	   0	  30	
  39	  40	  30	   4	 264	   1	   2	  13	  11	  15	  30	  70	  50	 489	97294	97558	   0	  30	
  40	  41	  50	   1	 397	   3	   1	  13	  11	  16	  30	  70	  50	 696	99545	99942	   0	  40	
  41	  42	  70	   4	 472	   2	   2	  13	  12	  16	  30	  70	  50	 385	101646	102118	   0	  40	
  42	  43	  30	   4	 282	   1	   2	  14	  12	  16	  30	  70	  50	 572	103996	104278	   0	  40	
  43	  44	  70	   3	 375	   2	   2	  14	  13	  16	  30	  70	  50	 465	106063	106438	   0	  40	
  44	  45	  50	   4	 468	   3	   2	  14	  13	  17	  30	  70	  50	 377	108114	108582	   0	  40	
  45	  46	  30	   4	 496	   1	   2	  15	  13	  17	  30	  70	  50	 695	110581	111077	   0	  40	
  46	  47	  70	   1	 327	   2	   1	  15	  14	  17	  30	  70	  50	 410	112782	113109	   0	  50	
  47	  48	  30	   3	 508	   1	   2	  16	  14	  17	  30	  70	  50	 636	115049	115557	   0	  50	
  48	  49	  70	   1	 445	   2	   1	  16	  15	  17	  30	  70	  50	 546	117400	117845	   0	  60	
  49	  50	  30	   2	 776	   1	   1	  17	  15	  17	  30	  70	  50	 363	119501	120277	   0	  50	
  50	  51	  70	   2	 552	   2	   1	  17	  16	  17	  30	  70	  50	 318	121901	122453	   0	  40	
  51	  52	  30	   2	 640	   1	   1	  18	  16	  17	  30	  70	  50	 695	124469	125109	   0	  30	
  52	  53	  70	   1	 571	   2	   1	  18	  17	  17	  30	  70	  50	 553	126970	127541	   0	  40	
  53	  54	  30	   3	 587	   1	   2	  19	  17	  17	  30	  70	  50	 524	129370	129957	   0	  40	
  54	  55	  70	   3	 676	   2	   2	  19	  18	  17	  30	  70	  50	 651	131921	132597	   0	  40	
  55	  56	  50	   4	 595	   3	   2	  19	  18	  18	  30	  70	  50	 429	134322	134917	   0	  40	
  56	  57	  30	   2	 477	   1	   1	  20	  18	  18	  30	  70	  50	 650	136872	137349	   0	  30	
  57	  58	  70	   2	 556	   2	   1	  20	  19	  18	  30	  70	  50	 624	139273	139829	   0	  20	
  58	  59	  50	   3	 531	   3	   2	  20	  19	  19	  30	  70	  50	 337	141474	142005	   0	  20	
  59	  60	  30	   4	 554	   1	   2	  21	  19	  19	  30	  70	  50	 368	143691	144245	   0	  20	
  60	  61	  50	   4	 587	   3	   2	  21	  19	  20	  30	  70	  50	 484	146042	146629	   0	  20	
  61	  62	  70	   1	 560	   2	   1	  21	  20	  20	  30	  70	  50	 364	148309	148869	   0	  30	
  62	  63	  50	   2	 524	   3	   1	  21	  20	  21	  30	  70	  50	 604	150777	151301	   0	  20	
  63	  64	  70	   3	 356	   2	   2	  21	  21	  21	  30	  70	  50	 377	152977	153333	   0	  20	
  64	  65	  50	   3	 645	   3	   2	  21	  21	  22	  30	  70	  50	 310	154944	155589	   0	  20	
  65	  66	  30	   3	 571	   1	   2	  22	  21	  22	  30	  70	  50	 667	157562	158133	   0	  20	
  66	  67	  70	   2	 481	   2	   1	  22	  22	  22	  30	  70	  50	 335	159779	160260	   0	  10	
  67	  68	  30	   4	 598	   1	   2	  23	  22	  22	  30	  70	  50	 459	162030	162628	   0	  10	
  68	  69	  50	   2	 485	   3	   1	  23	  22	  23	  30	  70	  50	 494	164431	164916	   0	   0	
  69	  70	  70	   3	 380	   2	   2	  23	  23	  23	  30	  70	  50	 422	166648	167028	   0	   0	
  70	  71	  50	   4	 474	   3	   2	  23	  23	  24	  30	  70	  50	 333	168682	169156	   0	   0	
  71	  72	  70	   3	 502	   2	   2	  23	  24	  24	  30	  70	  50	 688	171166	171668	   0	   0	
  72	  73	  50	   3	 641	   3	   2	  23	  24	  25	  30	  70	  50	 312	173283	173924	   0	   0	
  73	  74	  70	   1	 512	   2	   1	  23	  25	  25	  30	  70	  50	 466	175700	176212	   0	  10	
  74	  75	  50	   4	 994	   3	   2	  23	  25	  26	  30	  70	  50	 527	178034	179028	   0	  10	
  75	  76	  70	   2	 400	   2	   1	  23	  26	  26	  30	  70	  50	 530	180852	181252	   0	   0	
  76	  77	  50	   1	 719	   3	   1	  23	  26	  27	  30	  70	  50	 700	183269	183988	   0	  10	
  77	  78	  70	   1	 625	   2	   1	  23	  27	  27	  30	  70	  50	 308	185603	186228	   0	  20	
  78	  79	  50	   1	 511	   3	   1	  23	  27	  28	  30	  70	  50	 485	188021	188532	   0	  30	
  79	  80	  30	   4	 669	   1	   2	  24	  27	  28	  30	  70	  50	 634	190471	191140	   0	  30	
  80	  81	  70	   1	 522	   2	   1	  24	  28	  28	  30	  70	  50	 474	192922	193444	   0	  40	
  81	  82	  30	   4	 431	   1	   2	  25	  28	  28	  30	  70	  50	 426	195189	195620	   0	  40	
  82	  83	  50	   2	 395	   3	   1	  25	  28	  29	  30	  70	  50	 337	197273	197668	   0	  30	
  83	  84	  30	   3	 283	   1	   2	  26	  28	  29	  30	  70	  50	 673	199641	199924	   0	  30	
  84	  85	  70	   2	 521	   2	   1	  26	  29	  29	  30	  70	  50	 453	201691	202212	   0	  20	
  85	  86	  50	   3	 330	   3	   2	  26	  29	  30	  30	  70	  50	 526	204042	204372	   0	  20	
  86	  87	  70	   1	 502	   2	   1	  26	  30	  30	  30	  70	  50	 442	206109	206611	   0	  30	
  87	  88	  30	   2	 786	   3	   1	  26	  30	   1	  30	  70	  30	 617	208577	209363	   3	  20	
  88	  89	  30	   4	 681	   1	   2	  27	  30	   1	  30	  70	  30	 519	211194	211875	   0	  20	
  89	  90	  70	   1	 422	   2	   1	  27	  31	   1	  30	  70	  30	 460	213645	214067	   0	  30	
  90	  91	  30	   3	 668	   3	   2	  27	  31	   2	  30	  70	  30	 512	215879	216547	   0	  30	
  91	  92	  70	   2	 428	   2	   1	  27	  32	   2	  30	  70	  30	 392	218263	218691	   0	  20	
  92	  93	  30	   4	 609	   1	   2	  28	  32	   2	  30	  70	  30	 546	220530	221139	   0	  20	
  93	  94	  30	   4	 979	   3	   2	  28	  32	   3	  30	  70	  30	 424	222864	223843	   0	  20	
  94	  95	  30	   3	 563	   1	   2	  29	  32	   3	  30	  70	  30	 482	225632	226195	   0	  20	
  95	  96	  70	   1	 319	   2	   1	  29	  33	   3	  30	  70	  30	 639	228132	228451	   0	  30	
  96	  97	  30	   4	 656	   1	   2	  30	  33	   3	  30	  70	  30	 326	230083	230739	   0	  30	
  97	  98	  30	   4	 789	   3	   2	  30	  33	   4	  30	  70	  30	 697	232734	233523	   0	  30	
  98	  99	  30	   4	 652	   1	   2	  31	  33	   4	  30	  70	  30	 518	235351	236003	   0	  30	
  99	 100	  30	   2	 634	   3	   1	  31	  33	   5	  30	  70	  30	 458	237769	238403	   0	  20	
 100	 101	  20	   4	1140	   2	   2	  31	   1	   5	  30	  20	  30	 585	240319	241459	   2	  20	
 101	 102	  30	   3	 605	   1	   2	  32	   1	   5	  30	  20	  30	 467	243254	243859	   0	  20	
 102	 103	  20	   4	 584	   2	   2	  32	   2	   5	  30	  20	  30	 600	245771	246355	   0	  20	
 103	 104	  30	   3	 404	   3	   2	  32	   2	   6	  30	  20	  30	 584	248255	248659	   0	  20	
 104	 105	  20	   3	 313	   2	   2	  32	   3	   6	  30	  20	  30	 549	250522	250835	   0	  20	
 105	 106	  30	   4	 358	   3	   2	  32	   3	   7	  30	  20	  30	 446	252573	252931	   0	  20	
 106	 107	  20	   4	 577	   2	   2	  32	   4	   7	  30	  20	  30	 422	254657	255234	   0	  20	
 107	 108	  30	   4	 381	   3	   2	  32	   4	   8	  30	  20	  30	 608	257141	257522	   0	  20	
 108	 109	  20	   4	 354	   2	   2	  32	   5	   8	  30	  20	  30	 554	259392	259746	   0	  20	
 109	 110	  30	   4	 401	   1	   2	  33	   5	   8	  30	  20	  30	 358	261409	261810	   0	  20	
 110	 111	  30	   4	 597	   3	   2	  33	   5	   9	  30	  20	  30	 583	263709	264306	   0	  20	
 111	 112	  20	   3	 368	   2	   2	  33	   6	   9	  30	  20	  30	 575	266194	266562	   0	  20	
 112	 113	  30	   3	 672	   3	   2	  33	   6	  10	  30	  20	  30	 328	268194	268866	   0	  20	
 113	 114	  30	   4	 435	   1	   2	  34	   6	  10	  30	  20	  30	 345	270511	270946	   0	  20	
 114	 115	  30	   1	 687	   3	   1	  34	   6	  11	  30	  20	  30	 347	272595	273282	   0	  30	
 115	 116	  30	   4	 647	   1	   2	  35	   6	  11	  30	  20	  30	 576	275163	275810	   0	  30	
 116	 117	  30	   2	 525	   3	   1	  35	   6	  12	  30	  20	  30	 680	277797	278322	   0	  20	
 117	 118	  80	   3	 348	   1	   2	   1	   6	  12	  80	  20	  30	 549	280198	280546	   1	  20	
 118	 119	  30	   4	 622	   3	   2	   1	   6	  13	  80	  20	  30	 688	282548	283170	   0	  20	
 119	 120	  20	   2	 589	   2	   1	   1	   7	  13	  80	  20	  30	 473	284949	285538	   0	  10	
 120	 121	  80	   1	 658	   1	   1	   2	   7	  13	  80	  20	  30	 374	287216	287874	   0	  20	
 121	 122	  30	   4	 473	   3	   2	   2	   7	  14	  80	  20	  30	 618	289817	290290	   0	  20	
 122	 123	  80	   4	 328	   1	   2	   3	   7	  14	  80	  20	  30	 616	292218	292546	   0	  20	
 123	 124	  30	   3	 458	   3	   2	   3	   7	  15	  80	  20	  30	 319	294168	294626	   0	  20	
 124	 125	  80	   1	 473	   1	   1	   4	   7	  15	  80	  20	  30	 631	296569	297042	   0	  30	
 125	 126	  30	   4	 723	   3	   2	   4	   7	  16	  80	  20	  30	 349	298703	299426	   0	  30	
 126	 127	  80	   1	 474	   1	   1	   5	   7	  16	  80	  20	  30	 570	301304	301778	   0	  40	
 127	 128	  30	   4	 575	   3	   2	   5	   7	  17	  80	  20	  30	 476	303554	304129	   0	  40	
 128	 129	  20	   4	 639	   2	   2	   5	   8	  17	  80	  20	  30	 488	305922	306561	   0	  40	
 129	 130	  80	   4	 512	   1	   2	   6	   8	  17	  80	  20	  30	 417	308289	308801	   0	  40	
 130	 131	  30	   4	 501	   3	   2	   6	   8	  18	  80	  20	  30	 441	310540	311041	   0	  40	
 131	 132	  80	   3	 451	   1	   2	   7	   8	  18	  80	  20	  30	 600	312974	313425	   0	  40	
 132	 133	  30	   1	 636	   3	   1	   7	   8	  19	  80	  20	  30	 410	315141	315777	   0	  50	
 133	 134	  80	   3	 553	   1	   2	   8	   8	  19	  80	  20	  30	 504	317592	318145	   0	  50	
 134	 135	  20	   4	 734	   2	   2	   8	   9	  19	  80	  20	  30	 384	319843	320577	   0	  50	
 135	 136	  80	   1	 559	   1	   1	   9	   9	  19	  80	  20	  30	 322	322210	322769	   0	  60	
 136	 137	  20	   4	 664	   2	   2	   9	  10	  19	  80	  20	  30	 302	324377	325041	   0	  60	
 137	 138	  80	   1	 410	   1	   1	  10	  10	  19	  80	  20	  30	 362	326711	327121	   0	  70	
 138	 139	  20	   3	 364	   2	   2	  10	  11	  19	  80	  20	  30	 601	329029	329393	   0	  70	
 139	 140	  30	   2	 354	   3	   1	  10	  11	  20	  80	  20	  30	 558	331263	331617	   0	  60	
 140	 141	  80	   4	 512	   1	   2	  11	  11	  20	  80	  20	  30	 383	333313	333825	   0	  60	
 141	 142	  30	   3	 428	   3	   2	  11	  11	  21	  80	  20	  30	 623	335797	336225	   0	  60	
 142	 143	  20	   4	 599	   2	   2	  11	  12	  21	  80	  20	  30	 392	337914	338513	   0	  60	
 143	 144	  80	   1	 439	   1	   1	  12	  12	  21	  80	  20	  30	 460	340282	340721	   0	  70	
 144	 145	  30	   4	 838	   3	   2	  12	  12	  22	  80	  20	  30	 649	342683	343521	   0	  70	
 145	 146	  20	   4	 490	   2	   2	  12	  13	  22	  80	  20	  30	 559	345383	345873	   0	  70	
 146	 147	  30	   4	 536	   3	   2	  12	  13	  23	  80	  20	  30	 622	347801	348337	   0	  70	
 147	 148	  20	   4	 422	   2	   2	  12	  14	  23	  80	  20	  30	 602	350251	350673	   0	  70	
 148	 149	  80	   3	 267	   1	   2	  13	  14	  23	  80	  20	  30	 494	352469	352736	   0	  70	
 149	 150	  20	   4	 590	   2	   2	  13	  15	  23	  80	  20	  30	 342	354386	354976	   0	  70	
 150	 151	  80	   3	 605	   1	   2	  14	  15	  23	  80	  20	  30	 498	356787	357392	   0	  70	
 151	 152	  20	   4	 452	   2	   2	  14	  16	  23	  80	  20	  30	 695	359404	359856	   0	  70	
 152	 153	  30	   4	 313	   3	   2	  14	  16	  24	  80	  20	  30	 500	361671	361984	   0	  70	
 153	 154	  20	   4	 230	   2	   2	  14	  17	  24	  80	  20	  30	 439	363722	363952	   0	  70	
 154	 155	  80	   3	 275	   1	   2	  15	  17	  24	  80	  20	  30	 533	365789	366064	   0	  70	
 155	 156	  30	   4	 465	   3	   2	  15	  17	  25	  80	  20	  30	 453	367823	368288	   0	  70	
 156	 157	  80	   1	 551	   1	   1	  16	  17	  25	  80	  20	  30	 432	370041	370592	   0	  80	
 157	 158	  20	   3	 709	   2	   2	  16	  18	  25	  80	  20	  30	 579	372475	373184	   0	  80	
 158	 159	  30	   4	 423	   3	   2	  16	  18	  26	  80	  20	  30	 343	374825	375248	   0	  80	
 159	 160	  80	   3	 307	   1	   2	  17	  18	  26	  80	  20	  30	 355	376909	377216	   0	  80	
 160	 161	  20	   4	 428	   2	   2	  17	  19	  26	  80	  20	  30	 537	379060	379488	   0	  80	
 161	 162	  30	   3	 317	   3	   2	  17	  19	  27	  80	  20	  30	 630	381427	381744	   0	  80	
 162	 163	  80	   2	 502	   1	   1	  18	  19	  27	  80	  20	  30	 546	383594	384096	   0	  70	
 163	 164	  30	   2	 533	   3	   1	  18	  19	  28	  80	  20	  30	 593	385995	386528	   0	  60	
 164	 165	  20	   4	 368	   2	   2	  18	  20	  28	  80	  20	  30	 660	388496	388864	   0	  60	
 165	 166	  30	   4	 318	   3	   2	  18	  20	  29	  80	  20	  30	 377	390546	390864	   0	  60	
 166	 167	  80	   1	 545	   1	   1	  19	  20	  29	  80	  20	  30	 677	392847	393392	   0	  70	
 167	 168	  30	   1	 624	   3	   1	  19	  20	  30	  80	  20	  30	 562	395248	395872	   0	  80	
 168	 169	  20	   4	 341	   2	   2	  19	  21	  30	  80	  20	  30	 326	397499	397840	   0	  80	
 169	 170	  30	   4	 265	   3	   2	  19	  21	  31	  80	  20	  30	 639	399783	400048	   0	  80	
 170	 171	  80	   3	 269	   1	   2	  20	  21	  31	  80	  20	  30	 302	401666	401935	   0	  80	
 171	 172	  30	   4	 376	   3	   2	  20	  21	  32	  80	  20	  30	 507	403767	404143	   0	  80	
 172	 173	  20	   4	 397	   2	   2	  20	  22	  32	  80	  20	  30	 569	406018	406415	   0	  80	
 173	 174	  80	   1	 431	   1	   1	  21	  22	  32	  80	  20	  30	 623	408352	408783	   0	  90	
 174	 175	  30	   4	 387	   3	   2	  21	  22	  33	  80	  20	  30	 551	410652	411039	   0	  90	
 175	 176	  80	   3	 264	   1	   2	  22	  22	  33	  80	  20	  30	 550	412903	413167	   0	  90	
 176	 177	  30	   3	 631	   3	   2	  22	  22	  34	  80	  20	  30	 440	414920	415551	   0	  90	
 177	 178	  80	   4	 267	   1	   2	  23	  22	  34	  80	  20	  30	 321	417188	417455	   0	  90	
 178	 179	  30	   4	 638	   3	   2	  23	  22	  35	  80	  20	  30	 344	419105	419743	   0	  90	
 179	 180	  20	   3	 260	   2	   2	  23	  23	  35	  80	  20	  30	 693	421739	421999	   0	  90	
 180	 181	  70	   3	 283	   3	   2	  23	  23	   1	  80	  20	  70	 618	423956	424239	   3	  90	
 181	 182	  20	   4	 321	   2	   2	  23	  24	   1	  80	  20	  70	 616	426190	426511	   0	  90	
 182	 183	  80	   3	 425	   1	   2	  24	  24	   1	  80	  20	  70	 551	428374	428799	   0	  90	
 183	 184	  70	   2	 675	   3	   1	  24	  24	   2	  80	  20	  70	 398	430508	431183	   0	  80	
 184	 185	  20	   3	 504	   2	   2	  24	  25	   2	  80	  20	  70	 667	433159	433663	   0	  80	
 185	 186	  70	   3	 458	   3	   2	  24	  25	   3	  80	  20	  70	 526	435493	435951	   0	  80	
 186	 187	  20	   4	 626	   2	   2	  24	  26	   3	  80	  20	  70	 424	437677	438303	   0	  80	
 187	 188	  70	   2	 732	   3	   1	  24	  26	   4	  80	  20	  70	 609	440211	440943	   0	  70	
 188	 189	  20	   4	 412	   2	   2	  24	  27	   4	  80	  20	  70	 335	442595	443007	   0	  70	
 189	 190	  80	   2	 621	   1	   1	  25	  27	   4	  80	  20	  70	 662	444962	445583	   0	  60	
 190	 191	  70	   3	 773	   3	   2	  25	  27	   5	  80	  20	  70	 655	447546	448319	   0	  60	
 191	 192	  80	   3	 623	   1	   2	  26	  27	   5	  80	  20	  70	 386	450031	450654	   0	  60	
 192	 193	  20	   4	 627	   2	   2	  26	  28	   5	  80	  20	  70	 367	452331	452958	   0	  60	
 193	 194	  70	   1	 565	   3	   1	  26	  28	   6	  80	  20	  70	 412	454665	455230	   0	  70	
 194	 195	  20	   4	 685	   2	   2	  26	  29	   6	  80	  20	  70	 311	456849	457534	   0	  70	
 195	 196	  70	   1	 551	   3	   1	  26	  29	   7	  80	  20	  70	 535	459383	459934	   0	  80	
 196	 197	  80	   1	 559	   1	   1	  27	  29	   7	  80	  20	  70	 306	461551	462110	   0	  90	
 197	 198	  20	   4	 666	   2	   2	  27	  30	   7	  80	  20	  70	 664	464068	464734	   0	  90	
 198	 199	  70	   2	 720	   3	   1	  27	  30	   8	  80	  20	  70	 664	466702	467422	   0	  80	
 199	 200	  50	   3	 722	   2	   2	  27	   1	   8	  80	  50	  70	 689	469436	470158	   2	  80	
 200	 201	  80	   1	 569	   1	   1	  28	   1	   8	  80	  50	  70	 580	472037	472606	   0	  90	
 201	 202	  70	   1	 655	   3	   1	  28	   1	   9	  80	  50	  70	 342	474271	474926	   0	 100	
 202	 203	  50	   4	 676	   2	   2	  28	   2	   9	  80	  50	  70	 688	476922	477598	   0	 100	
 203	 204	  70	   1	 752	   3	   1	  28	   2	  10	  80	  50	  70	 526	479422	480174	   0	 110	
 204	 205	  50	   3	 917	   2	   2	  28	   3	  10	  80	  50	  70	 580	482057	482974	   0	 110	
 205	 206	  70	   2	 645	   3	   1	  28	   3	  11	  80	  50	  70	 579	484857	485502	   0	 100	
 206	 207	  50	   2	 453	   2	   1	  28	   4	  11	  80	  50	  70	 431	487241	487694	   0	  90	
 207	 208	  80	   1	 631	   1	   1	  29	   4	  11	  80	  50	  70	 553	489559	490190	   0	 100	
 208	 209	  50	   2	 512	   2	   1	  29	   5	  11	  80	  50	  70	 626	492126	492638	   0	  90	
 209	 210	  80	   1	 706	   1	   1	  30	   5	  11	  80	  50	  70	 519	494460	495166	   0	 100	
 210	 211	  70	   2	 581	   3	   1	  30	   5	  12	  80	  50	  70	 670	497144	497725	   0	  90	
 211	 212	  50	   1	 473	   2	   1	  30	   6	  12	  80	  50	  70	 365	499428	499901	   0	 100	
 212	 213	  80	   1	 411	   1	   1	  31	   6	  12	  80	  50	  70	 551	501762	502173	   0	 110	
 213	 214	  70	   1	 636	   3	   1	  31	   6	  13	  80	  50	  70	 645	504113	504749	   0	 120	
 214	 215	  80	   1	 467	   1	   1	  32	   6	  13	  80	  50	  70	 672	506730	507197	   0	 130	
 215	 216	  70	   1	 529	   3	   1	  32	   6	  14	  80	  50	  70	 657	509164	509693	   0	 140	
 216	 217	  50	   1	 535	   2	   1	  32	   7	  14	  80	  50	  70	 384	511382	511917	   0	 150	
 217	 218	  80	   1	 664	   1	   1	  33	   7	  14	  80	  50	  70	 515	513749	514413	   0	 160	
 218	 219	  50	   2	 464	   2	   1	  33	   8	  14	  80	  50	  70	 602	516333	516797	   0	 150	
 219	 220	  20	   4	 684	   1	   2	   1	   8	  14	  20	  50	  70	 672	518801	519485	   1	 150	
 220	 221	  70	   1	 624	   3	   1	   1	   8	  15	  20	  50	  70	 302	521101	521725	   0	 160	
 221	 222	  50	   2	 534	   2	   1	   1	   9	  15	  20	  50	  70	 684	523735	524269	   0	 150	
 222	 223	  70	   1	 571	   3	   1	   1	   9	  16	  20	  50	  70	 410	525986	526557	   0	 160	
 223	 224	  20	   4	 578	   1	   2	   2	   9	  16	  20	  50	  70	 328	528187	528765	   0	 160	
 224	 225	  50	   1	 664	   2	   1	   2	  10	  16	  20	  50	  70	 358	530421	531085	   0	 170	
 225	 226	  70	   2	 604	   3	   1	   2	  10	  17	  20	  50	  70	 302	532705	533309	   0	 160	
 226	 227	  20	   4	 643	   1	   2	   3	  10	  17	  20	  50	  70	 314	534922	535565	   0	 160	
 227	 228	  70	   1	 536	   3	   1	   3	  10	  18	  20	  50	  70	 330	537189	537725	   0	 170	
 228	 229	  20	   3	 618	   1	   2	   4	  10	  18	  20	  50	  70	 476	539507	540125	   0	 170	
 229	 230	  50	   4	 382	   2	   2	   4	  11	  18	  20	  50	  70	 356	541791	542173	   0	 170	
 230	 231	  70	   3	 353	   3	   2	   4	  11	  19	  20	  50	  70	 626	544108	544461	   0	 170	
 231	 232	  50	   1	 502	   2	   1	   4	  12	  19	  20	  50	  70	 596	546375	546877	   0	 180	
 232	 233	  70	   1	 582	   3	   1	   4	  12	  20	  20	  50	  70	 537	548726	549308	   0	 190	
 233	 234	  20	   4	 573	   1	   2	   5	  12	  20	  20	  50	  70	 302	550927	551500	   0	 190	
 234	 235	  70	   2	 788	   3	   1	   5	  12	  21	  20	  50	  70	 341	553144	553932	   0	 180	
 235	 236	  20	   4	 461	   1	   2	   6	  12	  21	  20	  50	  70	 468	555711	556172	   0	 180	
 236	 237	  50	   2	 742	   2	   1	   6	  13	  21	  20	  50	  70	 395	557862	558604	   0	 170	
 237	 238	  70	   3	 399	   3	   2	   6	  13	  22	  20	  50	  70	 524	560429	560828	   0	 170	
 238	 239	  50	   4	 396	   2	   2	   6	  14	  22	  20	  50	  70	 339	562480	562876	   0	 170	
 239	 240	  70	   1	 697	   3	   1	   6	  14	  23	  20	  50	  70	 377	564547	565244	   0	 180	
 240	 241	  50	   1	 711	   2	   1	   6	  15	  23	  20	  50	  70	 417	566981	567692	   0	 190	
 241	 242	  20	   3	 561	   1	   2	   7	  15	  23	  20	  50	  70	 500	569515	570076	   0	 190	
 242	 243	  50	   1	 859	   2	   1	   7	  16	  23	  20	  50	  70	 668	572049	572908	   0	 200	
 243	 244	  20	   2	 464	   1	   1	   8	  16	  23	  20	  50	  70	 487	574700	575164	   0	 190	
 244	 245	  70	   3	 566	   3	   2	   8	  16	  24	  20	  50	  70	 462	576934	577500	   0	 190	
 245	 246	  50	   4	 460	   2	   2	   8	  17	  24	  20	  50	  70	 341	579152	579612	   0	 190	
 246	 247	  20	   4	 599	   1	   2	   9	  17	  24	  20	  50	  70	 351	581269	581868	   0	 190	
 247	 248	  50	   1	 484	   2	   1	   9	  18	  24	  20	  50	  70	 559	583736	584220	   0	 200	
 248	 249	  70	   1	 559	   3	   1	   9	  18	  25	  20	  50	  70	 305	585837	586396	   0	 210	
 249	 250	  20	   2	 343	   1	   1	  10	  18	  25	  20	  50	  70	 329	588021	588364	   0	 200	
 250	 251	  70	   2	 555	   3	   1	  10	  18	  26	  20	  50	  70	 643	590305	590860	   0	 190	
 251	 252	  50	   4	 979	   2	   2	  10	  19	  26	  20	  50	  70	 327	592505	593484	   0	 190	
 252	 253	  20	   4	 429	   1	   2	  11	  19	  26	  20	  50	  70	 598	595390	595819	   0	 190	
 253	 254	  70	   3	 531	   3	   2	  11	  19	  27	  20	  50	  70	 506	597624	598155	   0	 190	
 254	 255	  50	   1	 584	   2	   1	  11	  20	  27	  20	  50	  70	 417	599891	600475	   0	 200	
 255	 256	  70	   1	 395	   3	   1	  11	  20	  28	  20	  50	  70	 412	602192	602587	   0	 210	
 256	 257	  50	   1	 289	   2	   1	  11	  21	  28	  20	  50	  70	 542	604426	604715	   0	 220	
 257	 258	  70	   2	 536	   3	   1	  11	  21	  29	  20	  50	  70	 627	606643	607179	   0	 210	
 258	 259	  50	   2	 389	   2	   1	  11	  22	  29	  20	  50	  70	 598	609094	609483	   0	 200	
 259	 260	  70	   1	 475	   3	   1	  11	  22	  30	  20	  50	  70	 560	611344	611819	   0	 210	
 260	 261	  20	   4	 629	   1	   2	  12	  22	  30	  20	  50	  70	 364	613478	614107	   0	 210	
 261	 262	  50	   4	 939	   3	   2	  12	  22	   1	  20	  50	  50	 667	616112	617051	   3	 210	
 262	 263	  50	   2	 601	   2	   1	  12	  23	   1	  20	  50	  50	 567	618930	619531	   0	 200	
 263	 264	  20	   4	 607	   1	   2	  13	  23	   1	  20	  50	  50	 325	621164	621771	   0	 200	
 264	 265	  50	   4	 521	   3	   2	  13	  23	   2	  20	  50	  50	 625	623698	624219	   0	 200	
 265	 266	  50	   4	 487	   2	   2	  13	  24	   2	  20	  50	  50	 601	626132	626619	   0	 200	
 266	 267	  50	   3	 320	   3	   2	  13	  24	   3	  20	  50	  50	 378	628299	628619	   0	 200	
 267	 268	  50	   3	 434	   2	   2	  13	  25	   3	  20	  50	  50	 698	630633	631067	   0	 200	
 268	 269	  20	   3	 657	   1	   2	  14	  25	   3	  20	  50	  50	 664	633034	633691	   0	 200	
 269	 270	  50	   3	 541	   2	   2	  14	  26	   3	  20	  50	  50	 523	635518	636059	   0	 200	
 270	 271	  50	   4	 909	   3	   2	  14	  26	   4	  20	  50	  50	 544	637902	638811	   0	 200	
 271	 272	  50	   4	 780	   2	   2	  14	  27	   4	  20	  50	  50	 595	640719	641499	   0	 200	
 272	 273	  50	   3	 564	   3	   2	  14	  27	   5	  20	  50	  50	 449	643254	643818	   0	 200	
 273	 274	  50	   1	 668	   2	   1	  14	  28	   5	  20	  50	  50	 698	645838	646506	   0	 210	
 274	 275	  20	   4	 571	   1	   2	  15	  28	   5	  20	  50	  50	 445	648255	648826	   0	 210	
 275	 276	  50	   1	 573	   3	   1	  15	  28	   6	  20	  50	  50	 449	650589	651162	   0	 220	
 276	 277	  50	   2	 538	   2	   1	  15	  29	   6	  20	  50	  50	 594	653056	653594	   0	 210	
 277	 278	  20	   3	 518	   1	   2	  16	  29	   6	  20	  50	  50	 637	655540	656058	   0	 210	
 278	 279	  50	   2	 648	   3	   1	  16	  29	   7	  20	  50	  50	 493	657858	658506	   0	 200	
 279	 280	  20	   4	 553	   1	   2	  17	  29	   7	  20	  50	  50	 414	660225	660778	   0	 200	
 280	 281	  50	   4	 294	   3	   2	  17	  29	   8	  20	  50	  50	 593	662676	662970	   0	 200	
 281	 282	  20	   4	 404	   1	   2	  18	  29	   8	  20	  50	  50	 440	664726	665130	   0	 200	
 282	 283	  50	   3	 296	   3	   2	  18	  29	   9	  20	  50	  50	 574	667010	667306	   0	 200	
 283	 284	  50	   3	 363	   2	   2	  18	  30	   9	  20	  50	  50	 304	668911	669274	   0	 200	
 284	 285	  20	   4	 424	   1	   2	  19	  30	   9	  20	  50	  50	 411	670978	671402	   0	 200	
 285	 286	  50	   3	 294	   2	   2	  19	  31	   9	  20	  50	  50	 692	673396	673690	   0	 200	
 286	 287	  20	   4	 479	   1	   2	  20	  31	   9	  20	  50	  50	 580	675563	676042	   0	 200	
 287	 288	  50	   3	 522	   3	   2	  20	  31	  10	  20	  50	  50	 334	677680	678202	   0	 200	
 288	 289	  20	   4	 587	   1	   2	  21	  31	  10	  20	  50	  50	 519	680031	680618	   0	 200	
 289	 290	  50	   3	 535	   3	   2	  21	  31	  11	  20	  50	  50	 588	682515	683050	   0	 200	
 290	 291	  50	   2	 435	   2	   1	  21	  32	  11	  20	  50	  50	 646	684999	685434	   0	 190	
 291	 292	  50	   3	 602	   3	   2	  21	  32	  12	  20	  50	  50	 431	687200	687802	   0	 190	
 292	 293	  50	   1	 412	   2	   1	  21	  33	  12	  20	  50	  50	 425	689534	689946	   0	 200	
 293	 294	  50	   4	 302	   3	   2	  21	  33	  13	  20	  50	  50	 608	691851	692153	   0	 200	
 294	 295	  20	   3	 707	   1	   2	  22	  33	  13	  20	  50	  50	 637	694102	694809	   0	 200	
 295	 296	  20	   4	1028	   2	   2	  22	   1	  13	  20	  20	  50	 338	696469	697497	   2	 200	
 296	 297	  20	   4	 511	   1	   2	  23	   1	  13	  20	  20	  50	 580	699370	699881	   0	 200	
 297	 298	  20	   4	 595	   2	   2	  23	   2	  13	  20	  20	  50	 477	701654	702249	   0	 200	
 298	 299	  20	   4	 602	   1	   2	  24	   2	  13	  20	  20	  50	 318	703871	704473	   0	 200	
 299	 300	  20	   4	 483	   2	   2	  24	   3	  13	  20	  20	  50	 643	706422	706905	   0	 200	
 300	 301	  50	   3	 410	   3	   2	  24	   3	  14	  20	  20	  50	 424	708639	709049	   0	 200	
 301	 302	  20	   4	 462	   2	   2	  24	   4	  14	  20	  20	  50	 537	710907	711369	   0	 200	
 302	 303	  50	   3	 537	   3	   2	  24	   4	  15	  20	  20	  50	 358	713024	713561	   0	 200	
 303	 304	  20	   3	 606	   2	   2	  24	   5	  15	  20	  20	  50	 410	715275	715881	   0	 200	
 304	 305	  20	   4	 347	   1	   2	  25	   5	  15	  20	  20	  50	 550	717742	718089	   0	 200	
 305	 306	  50	   4	 632	   3	   2	  25	   5	  16	  20	  20	  50	 409	719809	720441	   0	 200	
 306	 307	  20	   4	 438	   1	   2	  26	   5	  16	  20	  20	  50	 477	722227	722665	   0	 200	
 307	 308	  50	   4	 292	   3	   2	  26	   5	  17	  20	  20	  50	 307	724277	724569	   0	 200	
 308	 309	  20	   4	 430	   1	   2	  27	   5	  17	  20	  20	  50	 543	726411	726841	   0	 200	
 309	 310	  50	   3	 379	   3	   2	  27	   5	  18	  20	  20	  50	 324	728462	728841	   0	 200	
 310	 311	  20	   3	 291	   1	   2	  28	   5	  18	  20	  20	  50	 516	730662	730953	   0	 200	
 311	 312	  50	   4	 363	   3	   2	  28	   5	  19	  20	  20	  50	 577	732846	733209	   0	 200	
 312	 313	  20	   4	 410	   2	   2	  28	   6	  19	  20	  20	  50	 333	734847	735257	   0	 200	
 313	 314	  50	   4	 622	   3	   2	  28	   6	  20	  20	  20	  50	 571	737131	737753	   0	 200	
 314	 315	  20	   4	 452	   2	   2	  28	   7	  20	  20	  20	  50	 309	739365	739817	   0	 200	
 315	 316	  20	   4	 316	   1	   2	  29	   7	  20	  20	  20	  50	 385	741516	741832	   0	 200	
 316	 317	  20	   4	 512	   2	   2	  29	   8	  20	  20	  20	  50	 676	743816	744328	   0	 200	
 317	 318	  50	   4	 552	   3	   2	  29	   8	  21	  20	  20	  50	 355	745984	746536	   0	 200	
 318	 319	  20	   3	 332	   2	   2	  29	   9	  21	  20	  20	  50	 431	748284	748616	   0	 200	
 319	 320	  20	   4	 478	   1	   2	  30	   9	  21	  20	  20	  50	 674	750602	751080	   0	 200	
 320	 321	  50	   3	 353	   3	   2	  30	   9	  22	  20	  20	  50	 536	752919	753272	   0	 200	
 321	 322	  20	   4	 564	   1	   2	  31	   9	  22	  20	  20	  50	 617	755220	755784	   0	 200	
 322	 323	  50	   4	 620	   3	   2	  31	   9	  23	  20	  20	  50	 309	757404	758024	   0	 200	
 323	 324	  20	   4	 278	   1	   2	  32	   9	  23	  20	  20	  50	 609	759938	760216	   0	 200	
 324	 325	  20	   4	 696	   2	   2	  32	  10	  23	  20	  20	  50	 350	761872	762568	   0	 200	
 325	 326	  20	   3	 395	   1	   2	  33	  10	  23	  20	  20	  50	 328	764189	764584	   0	 200	
 326	 327	  50	   3	 539	   3	   2	  33	  10	  24	  20	  20	  50	 300	766189	766728	   0	 200	
 327	 328	  20	   4	 483	   2	   2	  33	  11	  24	  20	  20	  50	 321	768357	768840	   0	 200	
 328	 329	  50	   3	 305	   3	   2	  33	  11	  25	  20	  20	  50	 643	770791	771096	   0	 200	
 329	 330	  20	   4	 515	   2	   2	  33	  12	  25	  20	  20	  50	 333	772741	773256	   0	 200	
 330	 331	  20	   4	 589	   1	   2	  34	  12	  25	  20	  20	  50	 685	775259	775848	   0	 200	
 331	 332	  20	   4	 530	   2	   2	  34	  13	  25	  20	  20	  50	 359	777526	778056	   0	 200	
 332	 333	  50	   4	 461	   3	   2	  34	  13	  26	  20	  20	  50	 665	780027	780488	   0	 200	
 333	 334	  20	   4	 473	   1	   2	  35	  13	  26	  20	  20	  50	 330	782111	782584	   0	 200	
 334	 335	  20	   4	 439	   2	   2	  35	  14	  26	  20	  20	  50	 671	784561	785000	   0	 200	
 335	 336	  50	   3	 547	   3	   2	  35	  14	  27	  20	  20	  50	 333	786645	787192	   0	 200	
 336	 337	  80	   3	 433	   1	   2	   1	  14	  27	  80	  20	  50	 558	789063	789496	   1	 200	
 337	 338	  20	   4	 367	   2	   2	   1	  15	  27	  80	  20	  50	 675	791480	791847	   0	 200	
 338	 339	  80	   1	 727	   1	   1	   2	  15	  27	  80	  20	  50	 500	793664	794391	   0	 210	
 339	 340	  20	   4	 531	   2	   2	   2	  16	  27	  80	  20	  50	 454	796148	796679	   0	 210	
 340	 341	  80	   1	 486	   1	   1	   3	  16	  27	  80	  20	  50	 458	798449	798935	   0	 220	
 341	 342	  50	   3	 745	   3	   2	   3	  16	  28	  80	  20	  50	 513	800766	801511	   0	 220	
 342	 343	  80	   1	 638	   1	   1	   4	  16	  28	  80	  20	  50	 609	803417	804055	   0	 230	
 343	 344	  20	   4	 485	   2	   2	   4	  17	  28	  80	  20	  50	 661	806018	806503	   0	 230	
 344	 345	  50	   4	 609	   3	   2	   4	  17	  29	  80	  20	  50	 302	808118	808727	   0	 230	
 345	 346	  20	   1	 449	   2	   1	   4	  18	  29	  80	  20	  50	 472	810502	810951	   0	 240	
 346	 347	  80	   4	 477	   1	   2	   5	  18	  29	  80	  20	  50	 322	812586	813063	   0	 240	
 347	 348	  20	   3	 527	   2	   2	   5	  19	  29	  80	  20	  50	 564	814920	815447	   0	 240	
 348	 349	  50	   4	 563	   3	   2	   5	  19	  30	  80	  20	  50	 433	817188	817751	   0	 240	
 349	 350	  80	   1	 466	   1	   1	   6	  19	  30	  80	  20	  50	 563	819605	820071	   0	 250	
 350	 351	  50	   4	 485	   3	   2	   6	  19	  31	  80	  20	  50	 519	821906	822391	   0	 250	
 351	 352	  80	   1	 445	   1	   1	   7	  19	  31	  80	  20	  50	 379	824090	824535	   0	 260	
 352	 353	  50	   4	 331	   3	   2	   7	  19	  32	  80	  20	  50	 688	826524	826855	   0	 260	
 353	 354	  80	   1	 279	   1	   1	   8	  19	  32	  80	  20	  50	 433	828608	828887	   0	 270	
 354	 355	  20	   4	 305	   2	   2	   8	  20	  32	  80	  20	  50	 548	830742	831047	   0	 270	
 355	 356	  80	   4	 365	   1	   2	   9	  20	  32	  80	  20	  50	 481	832842	833207	   0	 270	
 356	 357	  50	   3	 326	   3	   2	   9	  20	  33	  80	  20	  50	 478	834993	835319	   0	 270	
 357	 358	  20	   3	 367	   2	   2	   9	  21	  33	  80	  20	  50	 541	837160	837527	   0	 270	
 358	 359	  70	   3	 361	   3	   2	   9	  21	   1	  80	  20	  70	 414	839261	839622	   3	 270	
 359	 360	  20	   4	 410	   2	   2	   9	  22	   1	  80	  20	  70	 302	841228	841638	   0	 270	
 360	 361	  80	   1	 461	   1	   1	  10	  22	   1	  80	  20	  70	 586	843529	843990	   0	 280	
 361	 362	  20	   4	 521	   2	   2	  10	  23	   1	  80	  20	  70	 325	845629	846150	   0	 280	
 362	 363	  70	   4	 467	   3	   2	  10	  23	   2	  80	  20	  70	 697	848147	848614	   0	 280	
 363	 364	  80	   1	 499	   1	   1	  11	  23	   2	  80	  20	  70	 618	850547	851046	   0	 290	
 364	 365	  70	   4	1096	   3	   2	  11	  23	   3	  80	  20	  70	 438	852798	853894	   0	 290	
 365	 366	  20	   4	 390	   2	   2	  11	  24	   3	  80	  20	  70	 443	855632	856022	   0	 290	
 366	 367	  70	   3	 518	   3	   2	  11	  24	   4	  80	  20	  70	 688	858016	858534	   0	 290	
 367	 368	  20	   4	 320	   2	   2	  11	  25	   4	  80	  20	  70	 689	860534	860854	   0	 290	
 368	 369	  80	   3	 584	   1	   2	  12	  25	   4	  80	  20	  70	 559	862718	863302	   0	 290	
 369	 370	  70	   1	 547	   3	   1	  12	  25	   5	  80	  20	  70	 627	865235	865782	   0	 300	
 370	 371	  20	   4	 621	   2	   2	  12	  26	   5	  80	  20	  70	 686	867769	868390	   0	 300	
 371	 372	  70	   1	 482	   3	   1	  12	  26	   6	  80	  20	  70	 317	870036	870518	   0	 310	
 372	 373	  80	   1	 667	   1	   1	  13	  26	   6	  80	  20	  70	 351	872187	872854	   0	 320	
 373	 374	  70	   2	 686	   3	   1	  13	  26	   7	  80	  20	  70	 335	874504	875190	   0	 310	
 374	 375	  80	   1	 583	   1	   1	  14	  26	   7	  80	  20	  70	 552	877055	877638	   0	 320	
 375	 376	  70	   1	 562	   3	   1	  14	  26	   8	  80	  20	  70	 600	879556	880118	   0	 330	
 376	 377	  20	   3	 615	   2	   2	  14	  27	   8	  80	  20	  70	 399	881823	882438	   0	 330	
 377	 378	  80	   1	 579	   1	   1	  15	  27	   8	  80	  20	  70	 532	884291	884870	   0	 340	
 378	 379	  70	   3	 574	   3	   2	  15	  27	   9	  80	  20	  70	 631	886808	887382	   0	 340	
 379	 380	  80	   1	 595	   1	   1	  16	  27	   9	  80	  20	  70	 354	889042	889637	   0	 350	
 380	 381	  70	   1	 518	   3	   1	  16	  27	  10	  80	  20	  70	 400	891343	891861	   0	 360	
 381	 382	  80	   1	 560	   1	   1	  17	  27	  10	  80	  20	  70	 692	893877	894437	   0	 370	
 382	 383	  20	   2	 340	   2	   1	  17	  28	  10	  80	  20	  70	 418	896161	896501	   0	 360	
 383	 384	  80	   4	 441	   1	   2	  18	  28	  10	  80	  20	  70	 618	898428	898869	   0	 360	
 384	 385	  70	   2	 473	   3	   1	  18	  28	  11	  80	  20	  70	 644	900812	901285	   0	 350	
 385	 386	  80	   4	 482	   1	   2	  19	  28	  11	  80	  20	  70	 376	902963	903445	   0	 350	
 386	 387	  20	   4	 716	   2	   2	  19	  29	  11	  80	  20	  70	 364	905113	905829	   0	 350	
 387	 388	  70	   3	 432	   3	   2	  19	  29	  12	  80	  20	  70	 652	907797	908229	   0	 350	
 388	 389	  20	   4	 440	   2	   2	  19	  30	  12	  80	  20	  70	 420	909965	910405	   0	 350	
 389	 390	  70	   3	 431	   3	   2	  19	  30	  13	  80	  20	  70	 465	912182	912613	   0	 350	
 390	 391	  80	   1	 447	   1	   1	  20	  30	  13	  80	  20	  70	 640	914566	915013	   0	 360	
 391	 392	  70	   2	 530	   3	   1	  20	  30	  14	  80	  20	  70	 540	916883	917413	   0	 350	
 392	 393	  20	   4	 426	   2	   2	  20	  31	  14	  80	  20	  70	 358	919067	919493	   0	 350	
 393	 394	  70	   1	 570	   3	   1	  20	  31	  15	  80	  20	  70	 659	921451	922021	   0	 360	
 394	 395	  20	   4	 544	   2	   2	  20	  32	  15	  80	  20	  70	 336	923669	924213	   0	 360	
 395	 396	  70	   3	 363	   3	   2	  20	  32	  16	  80	  20	  70	 673	926186	926549	   0	 360	
 396	 397	  80	   2	 398	   1	   1	  21	  32	  16	  80	  20	  70	 636	928487	928885	   0	 350	
 397	 398	  70	   4	 276	   3	   2	  21	  32	  17	  80	  20	  70	 534	930737	931013	   0	 350	
 398	 399	  20	   1	 424	   2	   1	  21	  33	  17	  80	  20	  70	 686	933005	933429	   0	 360	
 399	 400	  80	   3	 333	   1	   2	  22	  33	  17	  80	  20	  70	 546	935272	935605	   0	 360	
 400	 401	  20	   4	 444	   2	   2	  22	  34	  17	  80	  20	  70	 340	937256	937700	   0	 360	
 401	 402	  80	   1	 668	   1	   1	  23	  34	  17	  80	  20	  70	 617	939640	940308	   0	 370	
 402	 403	  20	   4	 512	   2	   2	  23	  35	  17	  80	  20	  70	 686	942308	942820	   0	 370	
 403	 404	  80	   1	 521	   1	   1	  24	  35	  17	  80	  20	  70	 368	944491	945012	   0	 380	
 404	 405	  80	   3	 653	   2	   2	  24	   1	  17	  80	  80	  70	 416	946759	947412	   2	 380	
 405	 406	  80	   1	 614	   1	   1	  25	   1	  17	  80	  80	  70	 602	949326	949940	   0	 390	
 406	 407	  80	   1	 662	   2	   1	  25	   2	  17	  80	  80	  70	 459	951710	952372	   0	 400	
 407	 408	  80	   1	 484	   1	   1	  26	   2	  17	  80	  80	  70	 477	954144	954628	   0	 410	
 408	 409	  80	   1	 513	   2	   1	  26	   3	  17	  80	  80	  70	 657	956595	957108	   0	 420	
 409	 410	  80	   2	 644	   1	   1	  27	   3	  17	  80	  80	  70	 488	958896	959540	   0	 410	
 410	 411	  80	   2	 466	   2	   1	  27	   4	  17	  80	  80	  70	 501	961346	961812	   0	 400	
 411	 412	  80	   1	 382	   1	   1	  28	   4	  17	  80	  80	  70	 678	963814	964196	   0	 410	
 412	 413	  80	   1	 544	   2	   1	  28	   5	  17	  80	  80	  70	 661	966164	966708	   0	 420	
 413	 414	  80	   1	 646	   1	   1	  29	   5	  17	  80	  80	  70	 386	968398	969044	   0	 430	
 414	 415	  80	   1	 326	   2	   1	  29	   6	  17	  80	  80	  70	 429	970766	971092	   0	 440	
 415	 416	  80	   1	 551	   1	   1	  30	   6	  17	  80	  80	  70	 338	972733	973284	   0	 450	
 416	 417	  70	   3	 568	   3	   2	  30	   6	  18	  80	  80	  70	 486	975084	975652	   0	 450	
 417	 418	  80	   1	 558	   2	   1	  30	   7	  18	  80	  80	  70	 359	977318	977876	   0	 460	
 418	 419	  30	   4	 592	   1	   2	   1	   7	  18	  30	  80	  70	 417	979668	980260	   1	 460	
 419	 420	  80	   3	 412	   2	   2	   1	   8	  18	  30	  80	  70	 566	982136	982548	   0	 460	
 420	 421	  70	   3	 667	   3	   2	   1	   8	  19	  30	  80	  70	 679	984520	985187	   0	 460	
 421	 422	  80	   2	 621	   2	   1	   1	   9	  19	  30	  80	  70	 343	986854	987475	   0	 450	
 422	 423	  30	   1	 764	   1	   1	   2	   9	  19	  30	  80	  70	 492	989271	990035	   0	 460	
 423	 424	  70	   1	 570	   3	   1	   2	   9	  20	  30	  80	  70	 347	991689	992259	   0	 470	
 424	 425	  80	   1	 539	   2	   1	   2	  10	  20	  30	  80	  70	 496	994056	994595	   0	 480	
 425	 426	  30	   1	 666	   1	   1	   3	  10	  20	  30	  80	  70	 551	996457	997123	   0	 490	
 426	 427	  70	   1	 508	   3	   1	   3	  10	  21	  30	  80	  70	 364	998791	999299	   0	 500	
 427	 428	  80	   2	 817	   2	   1	   3	  11	  21	  30	  80	  70	 450	1001058	1001875	   0	 490	
 428	 429	  30	   2	 524	   1	   1	   4	  11	  21	  30	  80	  70	 374	1003559	1004083	   0	 480	
 429	 430	  70	   2	 418	   3	   1	   4	  11	  22	  30	  80	  70	 410	1005793	1006211	   0	 470	
 430	 431	  80	   1	 436	   2	   1	   4	  12	  22	  30	  80	  70	 608	1008127	1008563	   0	 480	
 431	 432	  70	   2	 419	   3	   1	   4	  12	  23	  30	  80	  70	 631	1010544	1010963	   0	 470	
 432	 433	  80	   1	 578	   2	   1	   4	  13	  23	  30	  80	  70	 672	1012945	1013523	   0	 480	
 433	 434	  70	   1	1172	   3	   1	   4	  13	  24	  30	  80	  70	 468	1015295	1016467	   0	 490	
 434	 435	  80	   1	 499	   2	   1	   4	  14	  24	  30	  80	  70	 312	1018080	1018579	   0	 500	
 435	 436	  70	   1	 497	   3	   1	   4	  14	  25	  30	  80	  70	 629	1020514	1021011	   0	 510	
 436	 437	  30	   2	 656	   1	   1	   5	  14	  25	  30	  80	  70	 606	1022931	1023587	   0	 500	
 437	 438	  70	   1	 535	   3	   1	   5	  14	  26	  30	  80	  70	 641	1025532	1026067	   0	 510	
 438	 439	  30	   2	 497	   1	   1	   6	  14	  26	  30	  80	  70	 302	1027682	1028179	   0	 500	
 439	 440	  70	   1	 585	   3	   1	   6	  14	  27	  30	  80	  70	 390	1029866	1030451	   0	 510	
 440	 441	  80	   1	 595	   2	   1	   6	  15	  27	  30	  80	  70	 617	1032384	1032979	   0	 520	
 441	 442	  70	   2	 516	   3	   1	   6	  15	  28	  30	  80	  70	 417	1034718	1035234	   0	 510	
 442	 443	  30	   3	 488	   1	   2	   7	  15	  28	  30	  80	  70	 457	1037002	1037490	   0	 510	
 443	 444	  80	   1	 615	   2	   1	   7	  16	  28	  30	  80	  70	 611	1039403	1040018	   0	 520	
 444	 445	  30	   2	 456	   1	   1	   8	  16	  28	  30	  80	  70	 432	1041770	1042226	   0	 510	
 445	 446	  80	   1	 512	   2	   1	   8	  17	  28	  30	  80	  70	 432	1043970	1044482	   0	 520	
 446	 447	  30	   2	 528	   1	   1	   9	  17	  28	  30	  80	  70	 557	1046338	1046866	   0	 510	
 447	 448	  80	   4	 447	   2	   2	   9	  18	  28	  30	  80	  70	 575	1048739	1049186	   0	 510	
 448	 449	  30	   4	 424	   1	   2	  10	  18	  28	  30	  80	  70	 404	1050906	1051330	   0	 510	
 449	 450	  70	   3	 371	   3	   2	  10	  18	  29	  30	  80	  70	 385	1053023	1053394	   0	 510	
 450	 451	  30	   1	 535	   1	   1	  11	  18	  29	  30	  80	  70	 606	1055307	1055842	   0	 520	
 451	 452	  80	   1	 329	   2	   1	  11	  19	  29	  30	  80	  70	 472	1057641	1057970	   0	 530	
 452	 453	  70	   3	 340	   3	   2	  11	  19	  30	  30	  80	  70	 490	1059758	1060098	   0	 530	
 453	 454	  80	   1	 463	   2	   1	  11	  20	  30	  30	  80	  70	 452	1061859	1062322	   0	 540	
 454	 455	  30	   4	 445	   1	   2	  12	  20	  30	  30	  80	  70	 675	1064293	1064738	   0	 540	
 455	 456	  80	   3	 267	   2	   2	  12	  21	  30	  30	  80	  70	 695	1066727	1066994	   0	 540	
 456	 457	  70	   1	 394	   3	   1	  12	  21	  31	  30	  80	  70	 447	1068744	1069138	   0	 550	
 457	 458	  30	   4	 293	   1	   2	  13	  21	  31	  30	  80	  70	 409	1070845	1071138	   0	 550	
 458	 459	  70	   1	 251	   3	   1	  13	  21	  32	  30	  80	  70	 641	1073079	1073330	   0	 560	
 459	 460	  30	   1	 436	   1	   1	  14	  21	  32	  30	  80	  70	 593	1075230	1075666	   0	 570	
 460	 461	  80	   1	 385	   2	   1	  14	  22	  32	  30	  80	  70	 317	1077297	1077682	   0	 580	
 461	 462	  70	   3	 262	   3	   2	  14	  22	  33	  30	  80	  70	 560	1079564	1079826	   0	 580	
 462	 463	  30	   2	 316	   1	   1	  15	  22	  33	  30	  80	  70	 637	1081765	1082081	   0	 570	
 463	 464	  80	   3	 336	   2	   2	  15	  23	  33	  30	  80	  70	 654	1084049	1084385	   0	 570	
 464	 465	  30	   2	 507	   1	   1	  16	  23	  33	  30	  80	  70	 476	1086166	1086673	   0	 560	
 465	 466	  70	   4	 313	   3	   2	  16	  23	  34	  30	  80	  70	 629	1088600	1088913	   0	 560	
 466	 467	  80	   1	 446	   2	   1	  16	  24	  34	  30	  80	  70	 636	1090851	1091297	   0	 570	
 467	 468	  70	   3	 413	   3	   2	  16	  24	  35	  30	  80	  70	 648	1093252	1093665	   0	 570	
 468	 469	  30	   1	 347	   1	   1	  17	  24	  35	  30	  80	  70	 325	1095302	1095649	   0	 580	
 469	 470	  80	   2	 768	   2	   1	  17	  25	  35	  30	  80	  70	 610	1097569	1098337	   0	 570	
 470	 471	  30	   4	 243	   1	   2	  18	  25	  35	  30	  80	  70	 612	1100254	1100497	   0	 570	
 471	 472	  50	   2	 573	   3	   1	  18	  25	   1	  30	  80	  50	 543	1102388	1102961	   3	 560	
 472	 473	  30	   4	 370	   1	   2	  19	  25	   1	  30	  80	  50	 386	1104655	1105025	   0	 560	
 473	 474	  80	   3	 481	   2	   2	  19	  26	   1	  30	  80	  50	 345	1106672	1107153	   0	 560	
 474	 475	  30	   2	 518	   1	   1	  20	  26	   1	  30	  80	  50	 458	1108923	1109441	   0	 550	
 475	 476	  50	   3	 694	   3	   2	  20	  26	   2	  30	  80	  50	 554	1111307	1112001	   0	 550	
 476	 477	  80	   1	 573	   2	   1	  20	  27	   2	  30	  80	  50	 610	1113908	1114481	   0	 560	
 477	 478	  50	   2	 705	   3	   1	  20	  27	   3	  30	  80	  50	 398	1116192	1116897	   0	 550	
 478	 479	  80	   3	 537	   2	   2	  20	  28	   3	  30	  80	  50	 578	1118776	1119313	   0	 550	
 479	 480	  30	   4	 541	   1	   2	  21	  28	   3	  30	  80	  50	 451	1121076	1121617	   0	 550	
 480	 481	  50	   4	 637	   3	   2	  21	  28	   4	  30	  80	  50	 544	1123460	1124097	   0	 550	
 481	 482	  80	   4	 535	   2	   2	  21	  29	   4	  30	  80	  50	 579	1125994	1126529	   0	 550	
 482	 483	  50	   3	 736	   3	   2	  21	  29	   5	  30	  80	  50	 665	1128512	1129248	   0	 550	
 483	 484	  80	   1	 629	   2	   1	  21	  30	   5	  30	  80	  50	 617	1131179	1131808	   0	 560	
 484	 485	  30	   3	 578	   1	   2	  22	  30	   5	  30	  80	  50	 529	1133630	1134208	   0	 560	
 485	 486	  20	   3	 917	   2	   2	  22	   1	   5	  30	  20	  50	 411	1135931	1136848	   2	 560	
 486	 487	  50	   3	 658	   3	   2	  22	   1	   6	  30	  20	  50	 617	1138782	1139440	   0	 560	
 487	 488	  20	   4	 908	   2	   2	  22	   2	   6	  30	  20	  50	 574	1141316	1142224	   0	 560	
 488	 489	  30	   3	 560	   1	   2	  23	   2	   6	  30	  20	  50	 477	1144000	1144560	   0	 560	
 489	 490	  50	   3	 944	   3	   2	  23	   2	   7	  30	  20	  50	 536	1146400	1147344	   0	 560	
 490	 491	  30	   2	 344	   1	   1	  24	   2	   7	  30	  20	  50	 316	1148968	1149312	   0	 550	
 491	 492	  50	   1	 496	   3	   1	  24	   2	   8	  30	  20	  50	 542	1151168	1151664	   0	 560	
 492	 493	  20	   2	 814	   2	   1	  24	   3	   8	  30	  20	  50	 624	1153586	1154400	   0	 550	
 493	 494	  50	   4	 479	   3	   2	  24	   3	   9	  30	  20	  50	 624	1156337	1156816	   0	 550	
 494	 495	  30	   4	 369	   1	   2	  25	   3	   9	  30	  20	  50	 555	1158671	1159040	   0	 550	
 495	 496	  20	   3	 529	   2	   2	  25	   4	   9	  30	  20	  50	 698	1161055	1161584	   0	 550	
 496	 497	  50	   4	 519	   3	   2	  25	   4	  10	  30	  20	  50	 403	1163289	1163808	   0	 550	
 497	 498	  30	   4	 553	   1	   2	  26	   4	  10	  30	  20	  50	 517	1165639	1166192	   0	 550	
 498	 499	  50	   3	 327	   3	   2	  26	   4	  11	  30	  20	  50	 550	1168057	1168384	   0	 550	
 499	 500	  30	   4	 383	   1	   2	  27	   4	  11	  30	  20	  50	 562	1170241	1170624	   0	 550	
 500	 501	  50	   4	 307	   3	   2	  27	   4	  12	  30	  20	  50	 613	1172541	1172848	   0	 550	
 501	 502	  20	   2	 591	   2	   1	  27	   5	  12	  30	  20	  50	 462	1174625	1175216	   0	 540	
 502	 503	  30	   3	 564	   1	   2	  28	   5	  12	  30	  20	  50	 362	1176876	1177440	   0	 540	
 503	 504	  50	   3	 588	   3	   2	  28	   5	  13	  30	  20	  50	 671	1179427	1180015	   0	 540	
 504	 505	  30	   4	 342	   1	   2	  29	   5	  13	  30	  20	  50	 659	1181977	1182319	   0	 540	
 505	 506	  20	   4	 406	   2	   2	  29	   6	  13	  30	  20	  50	 321	1183945	1184351	   0	 540	
 506	 507	  50	   1	 432	   3	   1	  29	   6	  14	  30	  20	  50	 418	1186079	1186511	   0	 550	
 507	 508	  20	   4	 812	   2	   2	  29	   7	  14	  30	  20	  50	 356	1188179	1188991	   0	 550	
 508	 509	  50	   2	 497	   3	   1	  29	   7	  15	  30	  20	  50	 542	1190830	1191327	   0	 540	
 509	 510	  30	   2	 672	   1	   1	  30	   7	  15	  30	  20	  50	 610	1193247	1193919	   0	 530	
 510	 511	  50	   2	 532	   3	   1	  30	   7	  16	  30	  20	  50	 314	1195531	1196063	   0	 520	
 511	 512	  30	   2	 378	   1	   1	  31	   7	  16	  30	  20	  50	 380	1197765	1198143	   0	 510	
 512	 513	  20	   4	 508	   2	   2	  31	   8	  16	  30	  20	  50	 634	1200083	1200591	   0	 510	
 513	 514	  30	   4	 530	   1	   2	  32	   8	  16	  30	  20	  50	 417	1202317	1202847	   0	 510	
 514	 515	  50	   3	 627	   3	   2	  32	   8	  17	  30	  20	  50	 524	1204684	1205311	   0	 510	
 515	 516	  30	   2	 500	   1	   1	  33	   8	  17	  30	  20	  50	 435	1207051	1207551	   0	 500	
 516	 517	  20	   4	 472	   2	   2	  33	   9	  17	  30	  20	  50	 476	1209335	1209807	   0	 500	
 517	 518	  50	   4	 358	   3	   2	  33	   9	  18	  30	  20	  50	 643	1211753	1212111	   0	 500	
 518	 519	  20	   4	 665	   2	   2	  33	  10	  18	  30	  20	  50	 661	1214070	1214735	   0	 500	
 519	 520	  80	   2	 911	   1	   1	   1	  10	  18	  80	  20	  50	 631	1216704	1217615	   1	 490	
 520	 521	  20	   4	 449	   2	   2	   1	  11	  18	  80	  20	  50	 501	1219422	1219871	   0	 490	
 521	 522	  50	   3	 588	   3	   2	   1	  11	  19	  80	  20	  50	 339	1221539	1222127	   0	 490	
 522	 523	  80	   3	 483	   1	   2	   2	  11	  19	  80	  20	  50	 315	1223756	1224239	   0	 490	
 523	 524	  50	   4	 478	   3	   2	   2	  11	  20	  80	  20	  50	 305	1225857	1226335	   0	 490	
 524	 525	  80	   3	 789	   1	   2	   3	  11	  20	  80	  20	  50	 401	1228041	1228830	   0	 490	
 525	 526	  50	   4	 712	   3	   2	   3	  11	  21	  80	  20	  50	 617	1230758	1231470	   0	 490	
 526	 527	  80	   2	 416	   1	   1	   4	  11	  21	  80	  20	  50	 580	1233342	1233758	   0	 480	
 527	 528	  50	   4	 730	   3	   2	   4	  11	  22	  80	  20	  50	 386	1235460	1236190	   0	 480	
 528	 529	  80	   1	 362	   1	   1	   5	  11	  22	  80	  20	  50	 353	1237860	1238222	   0	 490	
 529	 530	  50	   3	 503	   3	   2	   5	  11	  23	  80	  20	  50	 392	1239911	1240414	   0	 490	
 530	 531	  80	   3	 507	   1	   2	   6	  11	  23	  80	  20	  50	 478	1242195	1242702	   0	 490	
 531	 532	  50	   3	 448	   3	   2	   6	  11	  24	  80	  20	  50	 439	1244462	1244910	   0	 490	
 532	 533	  80	   1	 372	   1	   1	   7	  11	  24	  80	  20	  50	 527	1246746	1247118	   0	 500	
 533	 534	  20	   4	 742	   2	   2	   7	  12	  24	  80	  20	  50	 662	1249080	1249822	   0	 500	
 534	 535	  50	   1	 657	   3	   1	   7	  12	  25	  80	  20	  50	 459	1251581	1252238	   0	 510	
 535	 536	  20	   4	 711	   2	   2	   7	  13	  25	  80	  20	  50	 666	1254215	1254926	   0	 510	
 536	 537	  80	   1	 648	   1	   1	   8	  13	  25	  80	  20	  50	 337	1256566	1257214	   0	 520	
 537	 538	  50	   3	 557	   3	   2	   8	  13	  26	  80	  20	  50	 697	1259217	1259774	   0	 520	
 538	 539	  20	   3	 745	   2	   2	   8	  14	  26	  80	  20	  50	 625	1261701	1262446	   0	 520	
 539	 540	  50	   4	 799	   3	   2	   8	  14	  27	  80	  20	  50	 596	1264335	1265134	   0	 520	
 540	 541	  20	   4	 813	   2	   2	   8	  15	  27	  80	  20	  50	 328	1266769	1267582	   0	 520	
 541	 542	  50	   4	 530	   3	   2	   8	  15	  28	  80	  20	  50	 530	1269420	1269950	   0	 520	
 542	 543	  20	   3	 471	   2	   2	   8	  16	  28	  80	  20	  50	 447	1271687	1272158	   0	 520	
 543	 544	  80	   1	 438	   1	   1	   9	  16	  28	  80	  20	  50	 608	1274071	1274509	   0	 530	
 544	 545	  20	   4	 627	   2	   2	   9	  17	  28	  80	  20	  50	 314	1276122	1276749	   0	 530	
 545	 546	  50	   3	 657	   3	   2	   9	  17	  29	  80	  20	  50	 502	1278556	1279213	   0	 530	
 546	 547	  20	   4	 563	   2	   2	   9	  18	  29	  80	  20	  50	 384	1280906	1281469	   0	 530	
 547	 548	  80	   3	 491	   1	   2	  10	  18	  29	  80	  20	  50	 323	1283090	1283581	   0	 530	
 548	 549	  50	   4	 780	   3	   2	  10	  18	  30	  80	  20	  50	 558	1285441	1286221	   0	 530	
 549	 550	  20	   4	 739	   2	   2	  10	  19	  30	  80	  20	  50	 504	1288042	1288781	   0	 530	
 550	 551	  80	   1	 683	   1	   1	  11	  19	  30	  80	  20	  50	 547	1290626	1291309	   0	 540	
 551	 552	  20	   4	 742	   2	   2	  11	  20	  30	  80	  20	  50	 501	1293143	1293885	   0	 540	
 552	 553	  80	   3	 478	   1	   2	  12	  20	  30	  80	  20	  50	 517	1295711	1296189	   0	 540	
 553	 554	  50	   3	 655	   3	   2	  12	  20	  31	  80	  20	  50	 588	1298078	1298733	   0	 540	
 554	 555	  20	   4	 585	   2	   2	  12	  21	  31	  80	  20	  50	 580	1300612	1301197	   0	 540	
 555	 556	  50	   4	 560	   3	   2	  12	  21	  32	  80	  20	  50	 301	1302813	1303373	   0	 540	
 556	 557	  80	   3	 494	   1	   2	  13	  21	  32	  80	  20	  50	 569	1305247	1305741	   0	 540	
 557	 558	  50	   4	 684	   3	   2	  13	  21	  33	  80	  20	  50	 655	1307697	1308381	   0	 540	
 558	 559	  80	   2	 499	   1	   1	  14	  21	  33	  80	  20	  50	 600	1310298	1310797	   0	 530	
 559	 560	  30	   4	 792	   3	   2	  14	  21	   1	  80	  20	  30	 406	1312549	1313341	   3	 530	
 560	 561	  80	   3	 448	   1	   2	  15	  21	   1	  80	  20	  30	 492	1315133	1315581	   0	 530	
 561	 562	  20	   3	 620	   2	   2	  15	  22	   1	  80	  20	  30	 699	1317617	1318237	   0	 530	
 562	 563	  30	   4	 691	   3	   2	  15	  22	   2	  80	  20	  30	 685	1320234	1320925	   0	 530	
 563	 564	  20	   4	 476	   2	   2	  15	  23	   2	  80	  20	  30	 560	1322785	1323261	   0	 530	
 564	 565	  80	   4	 379	   1	   2	  16	  23	   2	  80	  20	  30	 606	1325169	1325548	   0	 530	
 565	 566	  20	   4	 507	   2	   2	  16	  24	   2	  80	  20	  30	 691	1327537	1328044	   0	 530	
 566	 567	  80	   1	 514	   1	   1	  17	  24	   2	  80	  20	  30	 399	1329754	1330268	   0	 540	
 567	 568	  30	   4	 637	   3	   2	  17	  24	   3	  80	  20	  30	 671	1332255	1332892	   0	 540	
 568	 569	  20	   4	 394	   2	   2	  17	  25	   3	  80	  20	  30	 528	1334722	1335116	   0	 540	
 569	 570	  80	   1	 605	   1	   1	  18	  25	   3	  80	  20	  30	 603	1337023	1337628	   0	 550	
 570	 571	  20	   4	 567	   2	   2	  18	  26	   3	  80	  20	  30	 619	1339557	1340124	   0	 550	
 571	 572	  80	   1	 544	   1	   1	  19	  26	   3	  80	  20	  30	 665	1342124	1342668	   0	 560	
 572	 573	  30	   4	 614	   3	   2	  19	  26	   4	  80	  20	  30	 383	1344358	1344972	   0	 560	
 573	 574	  20	   2	 421	   2	   1	  19	  27	   4	  80	  20	  30	 465	1346759	1347180	   0	 550	
 574	 575	  30	   3	 317	   3	   2	  19	  27	   5	  80	  20	  30	 463	1348943	1349260	   0	 550	
 575	 576	  20	   3	 484	   2	   2	  19	  28	   5	  80	  20	  30	 584	1351160	1351644	   0	 550	
 576	 577	  80	   1	 569	   1	   1	  20	  28	   5	  80	  20	  30	 469	1353427	1353996	   0	 560	
 577	 578	  20	   4	 571	   2	   2	  20	  29	   5	  80	  20	  30	 453	1355761	1356332	   0	 560	
 578	 579	  30	   4	 621	   3	   2	  20	  29	   6	  80	  20	  30	 447	1358079	1358700	   0	 560	
 579	 580	  20	   4	 474	   2	   2	  20	  30	   6	  80	  20	  30	 515	1360530	1361004	   0	 560	
 580	 581	  80	   3	 352	   1	   2	  21	  30	   6	  80	  20	  30	 459	1362764	1363116	   0	 560	
 581	 582	  20	   4	 421	   2	   2	  21	  31	   6	  80	  20	  30	 594	1365031	1365452	   0	 560	
 582	 583	  30	   3	 561	   3	   2	  21	  31	   7	  80	  20	  30	 351	1367115	1367676	   0	 560	
 583	 584	  20	   4	 502	   2	   2	  21	  32	   7	  80	  20	  30	 412	1369382	1369884	   0	 560	
 584	 585	  30	   4	 509	   3	   2	  21	  32	   8	  80	  20	  30	 368	1371566	1372075	   0	 560	
 585	 586	  80	   4	 436	   1	   2	  22	  32	   8	  80	  20	  30	 404	1373783	1374219	   0	 560	
 586	 587	  30	   4	 281	   3	   2	  22	  32	   9	  80	  20	  30	 513	1376034	1376315	   0	 560	
 587	 588	  80	   3	 328	   1	   2	  23	  32	   9	  80	  20	  30	 413	1378035	1378363	   0	 560	
 588	 589	  20	   2	 431	   2	   1	  23	  33	   9	  80	  20	  30	 583	1380252	1380683	   0	 550	
 589	 590	  30	   3	 766	   3	   2	  23	  33	  10	  80	  20	  30	 660	1382653	1383419	   0	 550	
 590	 591	  80	   1	 606	   1	   1	  24	  33	  10	  80	  20	  30	 324	1385053	1385659	   0	 560	
 591	 592	  20	   4	 374	   2	   2	  24	  34	  10	  80	  20	  30	 663	1387637	1388011	   0	 560	
 592	 593	  80	   1	 539	   1	   1	  25	  34	  10	  80	  20	  30	 575	1389888	1390427	   0	 570	
 593	 594	  20	   4	 363	   2	   2	  25	  35	  10	  80	  20	  30	 538	1392272	1392635	   0	 570	
 594	 595	  80	   1	 570	   1	   1	  26	  35	  10	  80	  20	  30	 358	1394289	1394859	   0	 580	
 595	 596	  30	   4	 511	   3	   2	  26	  35	  11	  80	  20	  30	 368	1396540	1397051	   0	 580	
 596	 597	  80	   1	 375	   1	   1	  27	  35	  11	  80	  20	  30	 375	1398724	1399099	   0	 590	
 597	 598	  70	   3	 320	   2	   2	  27	   1	  11	  80	  70	  30	 474	1400891	1401211	   2	 590	
 598	 599	  80	   4	 386	   1	   2	  28	   1	  11	  80	  70	  30	 689	1403209	1403595	   0	 590	
 599	 600	  30	   4	 562	   3	   2	  28	   1	  12	  80	  70	  30	 309	1405209	1405771	   0	 590	
 600	 601	  80	   1	 533	   1	   1	  29	   1	  12	  80	  70	  30	 446	1407510	1408043	   0	 600	
 601	 602	  70	   3	 594	   2	   2	  29	   2	  12	  80	  70	  30	 584	1409961	1410555	   0	 600	
 602	 603	  30	   4	 794	   3	   2	  29	   2	  13	  80	  70	  30	 697	1412545	1413339	   0	 600	
 603	 604	  70	   1	 740	   2	   1	  29	   3	  13	  80	  70	  30	 449	1415095	1415835	   0	 610	
 604	 605	  30	   4	 673	   3	   2	  29	   3	  14	  80	  70	  30	 401	1417546	1418219	   0	 610	
 605	 606	  70	   1	 356	   2	   1	  29	   4	  14	  80	  70	  30	 684	1420214	1420570	   0	 620	
 606	 607	  30	   3	 798	   3	   2	  29	   4	  15	  80	  70	  30	 465	1422348	1423146	   0	 620	
 607	 608	  70	   4	 711	   2	   2	  29	   5	  15	  80	  70	  30	 459	1424915	1425626	   0	 620	
 608	 609	  30	   4	 534	   3	   2	  29	   5	  16	  80	  70	  30	 412	1427332	1427866	   0	 620	
 609	 610	  80	   1	 536	   1	   1	  30	   5	  16	  80	  70	  30	 476	1429650	1430186	   0	 630	
 610	 611	  70	   3	 759	   2	   2	  30	   6	  16	  80	  70	  30	 573	1432067	1432826	   0	 630	
 611	 612	  30	   4	 663	   3	   2	  30	   6	  17	  80	  70	  30	 690	1434835	1435498	   0	 630	
 612	 613	  70	   2	 571	   2	   1	  30	   7	  17	  80	  70	  30	 326	1437135	1437706	   0	 620	
 613	 614	  50	   4	 613	   1	   2	   1	   7	  17	  50	  70	  30	 639	1439669	1440282	   1	 620	
 614	 615	  70	   1	 541	   2	   1	   1	   8	  17	  50	  70	  30	 669	1442253	1442794	   0	 630	
 615	 616	  30	   4	 548	   3	   2	   1	   8	  18	  50	  70	  30	 359	1444454	1445002	   0	 630	
 616	 617	  50	   2	 637	   1	   1	   2	   8	  18	  50	  70	  30	 700	1447021	1447658	   0	 620	
 617	 618	  30	   3	 509	   3	   2	   2	   8	  19	  50	  70	  30	 442	1449405	1449914	   0	 620	
 618	 619	  70	   1	 617	   2	   1	   2	   9	  19	  50	  70	  30	 650	1451873	1452490	   0	 630	
 619	 620	  30	   3	 376	   3	   2	   2	   9	  20	  50	  70	  30	 486	1454290	1454666	   0	 630	
 620	 621	  70	   2	 660	   2	   1	   2	  10	  20	  50	  70	  30	 382	1456358	1457018	   0	 620	
 621	 622	  50	   4	 467	   1	   2	   3	  10	  20	  50	  70	  30	 432	1458775	1459242	   0	 620	
 622	 623	  70	   1	 516	   2	   1	   3	  11	  20	  50	  70	  30	 586	1461142	1461658	   0	 630	
 623	 624	  50	   3	 420	   1	   2	   4	  11	  20	  50	  70	  30	 554	1463526	1463946	   0	 630	
 624	 625	  30	   3	 373	   3	   2	   4	  11	  21	  50	  70	  30	 628	1465877	1466250	   0	 630	
 625	 626	  70	   3	 405	   2	   2	   4	  12	  21	  50	  70	  30	 680	1468228	1468633	   0	 630	
 626	 627	  50	   3	 719	   1	   2	   5	  12	  21	  50	  70	  30	 423	1470362	1471081	   0	 630	
 627	 628	  30	   2	 450	   3	   1	   5	  12	  22	  50	  70	  30	 695	1473079	1473529	   0	 620	
 628	 629	  50	   4	 312	   1	   2	   6	  12	  22	  50	  70	  30	 468	1475313	1475625	   0	 620	
 629	 630	  70	   3	 382	   2	   2	   6	  13	  22	  50	  70	  30	 617	1477547	1477929	   0	 620	
 630	 631	  30	   4	 618	   3	   2	   6	  13	  23	  50	  70	  30	 388	1479631	1480249	   0	 620	
 631	 632	  50	   3	 615	   1	   2	   7	  13	  23	  50	  70	  30	 505	1482082	1482697	   0	 620	
 632	 633	  70	   1	 563	   2	   1	   7	  14	  23	  50	  70	  30	 570	1484582	1485145	   0	 630	
 633	 634	  30	   4	 303	   3	   2	   7	  14	  24	  50	  70	  30	 621	1487066	1487369	   0	 630	
 634	 635	  50	   3	 389	   1	   2	   8	  14	  24	  50	  70	  30	 598	1489284	1489673	   0	 630	
 635	 636	  30	   4	 356	   3	   2	   8	  14	  25	  50	  70	  30	 324	1491301	1491657	   0	 630	
 636	 637	  50	   3	 350	   1	   2	   9	  14	  25	  50	  70	  30	 475	1493435	1493785	   0	 630	
 637	 638	  30	   4	 339	   3	   2	   9	  14	  26	  50	  70	  30	 583	1495686	1496025	   0	 630	
 638	 639	  70	   2	 997	   2	   1	   9	  15	  26	  50	  70	  30	 692	1498020	1499017	   0	 620	
 639	 640	  50	   4	 310	   1	   2	  10	  15	  26	  50	  70	  30	 457	1500787	1501097	   0	 620	
 640	 641	  70	   3	 339	   2	   2	  10	  16	  26	  50	  70	  30	 432	1502838	1503177	   0	 620	
 641	 642	  30	   3	 360	   3	   2	  10	  16	  27	  50	  70	  30	 601	1505105	1505465	   0	 620	
 642	 643	  50	   3	 448	   1	   2	  11	  16	  27	  50	  70	  30	 520	1507289	1507737	   0	 620	
 643	 644	  70	   1	 449	   2	   1	  11	  17	  27	  50	  70	  30	 590	1509640	1510089	   0	 630	
 644	 645	  30	   4	 362	   3	   2	  11	  17	  28	  50	  70	  30	 414	1511807	1512169	   0	 630	
 645	 646	  70	   3	 314	   2	   2	  11	  18	  28	  50	  70	  30	 326	1513791	1514105	   0	 630	
 646	 647	  50	   4	 342	   1	   2	  12	  18	  28	  50	  70	  30	 453	1515875	1516217	   0	 630	
 647	 648	  30	   4	 339	   3	   2	  12	  18	  29	  50	  70	  30	 417	1517942	1518281	   0	 630	
 648	 649	  50	   4	 475	   1	   2	  13	  18	  29	  50	  70	  30	 528	1520109	1520584	   0	 630	
 649	 650	  30	   3	 509	   3	   2	  13	  18	  30	  50	  70	  30	 534	1522427	1522936	   0	 630	
 650	 651	  70	   2	 381	   2	   1	  13	  19	  30	  50	  70	  30	 571	1524811	1525192	   0	 620	
 651	 652	  30	   4	 360	   3	   2	  13	  19	   1	  50	  70	  30	 399	1526928	1527288	   0	 620	
 652	 653	  50	   3	 243	   1	   2	  14	  19	   1	  50	  70	  30	 461	1529045	1529288	   0	 620	
 653	 654	  70	   4	 406	   2	   2	  14	  20	   1	  50	  70	  30	 355	1530946	1531352	   0	 620	
 654	 655	  50	   3	 417	   1	   2	  15	  20	   1	  50	  70	  30	 404	1533063	1533480	   0	 620	
 655	 656	  70	   4	 523	   2	   2	  15	  21	   1	  50	  70	  30	 392	1535181	1535704	   0	 620	
 656	 657	  30	   4	 402	   3	   2	  15	  21	   2	  50	  70	  30	 390	1537398	1537800	   0	 620	
 657	 658	  50	   4	 424	   1	   2	  16	  21	   2	  50	  70	  30	 531	1539648	1540072	   0	 620	
 658	 659	  30	   2	 395	   3	   1	  16	  21	   3	  50	  70	  30	 575	1541949	1542344	   0	 610	
 659	 660	  70	   1	 384	   2	   1	  16	  22	   3	  50	  70	  30	 569	1544216	1544600	   0	 620	
 660	 661	  30	   4	 674	   3	   2	  16	  22	   4	  50	  70	  30	 629	1546534	1547208	   0	 620	
 661	 662	  70	   3	 295	   2	   2	  16	  23	   4	  50	  70	  30	 674	1549201	1549496	   0	 620	
 662	 663	  30	   3	 514	   3	   2	  16	  23	   5	  50	  70	  30	 514	1551302	1551816	   0	 620	
 663	 664	  70	   1	 545	   2	   1	  16	  24	   5	  50	  70	  30	 587	1553719	1554264	   0	 630	
 664	 665	  50	   3	 463	   1	   2	  17	  24	   5	  50	  70	  30	 582	1556153	1556616	   0	 630	
 665	 666	  30	   4	 715	   3	   2	  17	  24	   6	  50	  70	  30	 303	1558221	1558936	   0	 630	
 666	 667	  70	   1	 529	   2	   1	  17	  25	   6	  50	  70	  30	 626	1560871	1561400	   0	 640	
 667	 668	  30	   3	 641	   3	   2	  17	  25	   7	  50	  70	  30	 539	1563239	1563880	   0	 640	
 668	 669	  50	   4	 316	   1	   2	  18	  25	   7	  50	  70	  30	 561	1565739	1566055	   0	 640	
 669	 670	  70	   3	 418	   2	   2	  18	  26	   7	  50	  70	  30	 599	1567973	1568391	   0	 640	
 670	 671	  50	   3	 558	   1	   2	  19	  26	   7	  50	  70	  30	 336	1570041	1570599	   0	 640	
 671	 672	  30	   4	 686	   3	   2	  19	  26	   8	  50	  70	  30	 480	1572425	1573111	   0	 640	
 672	 673	  70	   4	 501	   2	   2	  19	  27	   8	  50	  70	  30	 625	1575042	1575543	   0	 640	
 673	 674	  30	   4	 508	   3	   2	  19	  27	   9	  50	  70	  30	 383	1577243	1577751	   0	 640	
 674	 675	  50	   4	 513	   1	   2	  20	  27	   9	  50	  70	  30	 455	1579510	1580023	   0	 640	
 675	 676	  70	   1	 635	   2	   1	  20	  28	   9	  50	  70	  30	 330	1581644	1582279	   0	 650	
 676	 677	  30	   1	 516	   3	   1	  20	  28	  10	  50	  70	  30	 615	1584211	1584727	   0	 660	
 677	 678	  50	   3	 374	   1	   2	  21	  28	  10	  50	  70	  30	 496	1586529	1586903	   0	 660	
 678	 679	  70	   3	 282	   2	   2	  21	  29	  10	  50	  70	  30	 612	1588813	1589095	   0	 660	
 679	 680	  50	   3	 561	   1	   2	  22	  29	  10	  50	  70	  30	 616	1591030	1591591	   0	 660	
 680	 681	  30	   4	 541	   3	   2	  22	  29	  11	  50	  70	  30	 611	1593498	1594039	   0	 660	
 681	 682	  50	   3	 385	   1	   2	  23	  29	  11	  50	  70	  30	 442	1595798	1596183	   0	 660	
 682	 683	  30	   4	 503	   3	   2	  23	  29	  12	  50	  70	  30	 544	1598032	1598535	   0	 660	
 683	 684	  50	   4	 410	   1	   2	  24	  29	  12	  50	  70	  30	 483	1600333	1600743	   0	 660	
 684	 685	  70	   2	 643	   2	   1	  24	  30	  12	  50	  70	  30	 459	1602500	1603143	   0	 650	
 685	 686	  50	   4	 398	   1	   2	  25	  30	  12	  50	  70	  30	 557	1605001	1605399	   0	 650	
 686	 687	  70	   3	 332	   2	   2	  25	  31	  12	  50	  70	  30	 317	1607035	1607367	   0	 650	
 687	 688	  50	   4	 487	   1	   2	  26	  31	  12	  50	  70	  30	 476	1609152	1609639	   0	 650	
 688	 689	  30	   4	 496	   3	   2	  26	  31	  13	  50	  70	  30	 370	1611319	1611815	   0	 650	
 689	 690	  50	   4	 522	   1	   2	  27	  31	  13	  50	  70	  30	 306	1613420	1613942	   0	 650	
 690	 691	  30	   4	 499	   3	   2	  27	  31	  14	  50	  70	  30	 330	1615571	1616070	   0	 650	
 691	 692	  70	   1	 598	   2	   1	  27	  32	  14	  50	  70	  30	 481	1617888	1618486	   0	 660	
 692	 693	  30	   3	 749	   3	   2	  27	  32	  15	  50	  70	  30	 688	1620489	1621238	   0	 660	
 693	 694	  50	   3	 388	   1	   2	  28	  32	  15	  50	  70	  30	 549	1623106	1623494	   0	 660	
 694	 695	  70	   1	 401	   2	   1	  28	  33	  15	  50	  70	  30	 376	1625173	1625574	   0	 670	
 695	 696	  30	   4	 267	   3	   2	  28	  33	  16	  50	  70	  30	 409	1627291	1627558	   0	 670	
 696	 697	  50	   4	 349	   1	   2	  29	  33	  16	  50	  70	  30	 352	1629225	1629574	   0	 670	
 697	 698	  30	   4	 511	   3	   2	  29	  33	  17	  50	  70	  30	 669	1631559	1632070	   0	 670	
 698	 699	  50	   3	 383	   1	   2	  30	  33	  17	  50	  70	  30	 577	1633943	1634326	   0	 670	
 699	 700	  30	   4	 525	   3	   2	  30	  33	  18	  50	  70	  30	 333	1635977	1636502	   0	 670	
 700	 701	  70	   2	 594	   2	   1	  30	  34	  18	  50	  70	  30	 432	1638244	1638838	   0	 660	
 701	 702	  30	   3	 385	   3	   2	  30	  34	  19	  50	  70	  30	 513	1640661	1641046	   0	 660	
 702	 703	  50	   4	 408	   1	   2	  31	  34	  19	  50	  70	  30	 499	1642862	1643270	   0	 660	
 703	 704	  30	   3	 283	   3	   2	  31	  34	  20	  50	  70	  30	 593	1645163	1645446	   0	 660	
 704	 705	  50	   4	 649	   1	   2	  32	  34	  20	  50	  70	  30	 433	1647197	1647846	   0	 660	
 705	 706	  70	   3	 475	   2	   2	  32	  35	  20	  50	  70	  30	 373	1649531	1650006	   0	 660	
 706	 707	  50	   3	 712	   1	   2	  33	  35	  20	  50	  70	  30	 309	1651614	1652326	   0	 660	
 707	 708	  30	   3	 577	   3	   2	  33	  35	  21	  50	  70	  30	 540	1654165	1654742	   0	 660	
 708	 709	  50	   4	 487	   1	   2	   1	  35	  21	  50	  70	  30	 358	1656399	1656886	   0	 660	
 709	 710	  30	   4	 545	   3	   2	   1	  35	  22	  50	  70	  30	 315	1658517	1659062	   0	 660	
 710	 711	  70	   3	 417	   2	   2	   1	   1	  22	  50	  70	  30	 545	1660901	1661318	   0	 660	
