Version: 1	Number of symbols: 3	Pictures exchange: true	Response Deadline: 2000
Trial_No	Virt_Trial_No	Prob_Shown	Feedback	RT	Stimulus_No	Resp	SymbolA_Stage	SymbolB_Stage	SymbolC_Stage	Prob_A	Prob_B	Prob_C	Jitter	StimOnset	RespOnset	Symbol_Changes	Bonus_sum
NaN	   1	  30	NaN	NaN	   1	   3	   0	   0	   0	  30	  70	  50	 384	 122	NaN	   0	   0	
   1	   2	  50	   2	1563	   3	   1	   0	   0	   1	  30	  70	  50	 394	3213	4776	   0	 -10	
   2	   3	  30	   2	1769	   1	   1	   1	   0	   1	  30	  70	  50	 497	6559	8328	   0	 -20	
   3	   4	  50	   3	 961	   3	   2	   1	   0	   2	  30	  70	  50	 515	10119	11080	   0	 -20	
   4	   5	  70	   3	1649	   2	   2	   1	   1	   2	  30	  70	  50	 631	12999	14648	   0	 -20	
   5	   6	  30	   4	1078	   1	   2	   2	   1	   2	  30	  70	  50	 664	16586	17664	   0	 -20	
   6	   7	  50	   4	1543	   3	   2	   2	   1	   3	  30	  70	  50	 570	19505	21048	   0	 -20	
   7	   8	  70	   3	1425	   2	   2	   2	   2	   3	  30	  70	  50	 317	22639	24064	   0	 -20	
   8	   9	  50	   2	1655	   3	   1	   2	   2	   4	  30	  70	  50	 411	25745	27400	   0	 -30	
   9	  10	  30	   4	1833	   1	   2	   3	   2	   4	  30	  70	  50	 351	29038	30871	   0	 -30	
NaN	  11	  50	NaN	NaN	   3	   3	   3	   2	   4	  30	  70	  50	 446	29038	NaN	   0	 -30	
  10	  12	  70	   1	 692	   2	   1	   3	   3	   4	  30	  70	  50	 525	36371	37063	   0	 -20	
  11	  13	  50	   3	 825	   3	   2	   3	   3	   5	  30	  70	  50	 411	38758	39583	   0	 -20	
  12	  14	  70	   2	 716	   2	   1	   3	   4	   5	  30	  70	  50	 354	41211	41927	   0	 -30	
  13	  15	  50	   4	 705	   3	   2	   3	   4	   6	  30	  70	  50	 518	43718	44423	   0	 -30	
  14	  16	  30	   3	1185	   1	   2	   4	   4	   6	  30	  70	  50	 340	46038	47223	   0	 -30	
  15	  17	  70	   2	 676	   2	   1	   4	   5	   6	  30	  70	  50	 388	48891	49567	   0	 -40	
  16	  18	  50	   3	 711	   3	   2	   4	   5	   7	  30	  70	  50	 542	51384	52095	   0	 -40	
  17	  19	  70	   1	 481	   2	   1	   4	   6	   7	  30	  70	  50	 304	53678	54159	   0	 -30	
  18	  20	  30	   3	 854	   1	   2	   5	   6	   7	  30	  70	  50	 692	56129	56983	   0	 -30	
  19	  21	  50	   3	 772	   3	   2	   5	   6	   8	  30	  70	  50	 548	58811	59583	   0	 -30	
  20	  22	  30	   4	 594	   1	   2	   6	   6	   8	  30	  70	  50	 537	61397	61991	   0	 -30	
  21	  23	  50	   4	 983	   3	   2	   6	   6	   9	  30	  70	  50	 382	63664	64647	   0	 -30	
  22	  24	  30	   4	 783	   1	   2	   7	   6	   9	  30	  70	  50	 342	66264	67047	   0	 -30	
  23	  25	  70	   1	 359	   2	   1	   7	   7	   9	  30	  70	  50	 465	68784	69143	   0	 -20	
  24	  26	  50	   3	 573	   3	   2	   7	   7	  10	  30	  70	  50	 301	70730	71303	   0	 -20	
  25	  27	  30	   4	 800	   1	   2	   8	   7	  10	  30	  70	  50	 676	73263	74063	   0	 -20	
  26	  28	  50	   1	 538	   3	   1	   8	   7	  11	  30	  70	  50	 319	75677	76215	   0	 -10	
  27	  29	  70	   1	 597	   2	   1	   8	   8	  11	  30	  70	  50	 317	77810	78407	   0	   0	
  28	  30	  50	   4	 452	   3	   2	   8	   8	  12	  30	  70	  50	 492	80170	80622	   0	   0	
  29	  31	  70	   1	 711	   2	   1	   8	   9	  12	  30	  70	  50	 313	82223	82934	   0	  10	
  30	  32	  50	   3	 575	   3	   2	   8	   9	  13	  30	  70	  50	 610	84823	85398	   0	  10	
  31	  33	  30	   4	 570	   1	   2	   9	   9	  13	  30	  70	  50	 338	87036	87606	   0	  10	
  32	  34	  70	   2	 551	   2	   1	   9	  10	  13	  30	  70	  50	 417	89303	89854	   0	   0	
  33	  35	  30	   3	 503	   1	   2	  10	  10	  13	  30	  70	  50	 604	91743	92246	   0	   0	
  34	  36	  70	   1	 751	   2	   1	  10	  11	  13	  30	  70	  50	 378	93903	94654	   0	  10	
  35	  37	  50	   3	 573	   3	   2	  10	  11	  14	  30	  70	  50	 438	96369	96942	   0	  10	
  36	  38	  30	   4	 575	   1	   2	  11	  11	  14	  30	  70	  50	 347	98583	99158	   0	  10	
  37	  39	  70	   2	 530	   2	   1	  11	  12	  14	  30	  70	  50	 638	101076	101606	   0	   0	
  38	  40	  30	   3	 522	   1	   2	  12	  12	  14	  30	  70	  50	 432	103316	103838	   0	   0	
  39	  41	  50	   4	 941	   3	   2	  12	  12	  15	  30	  70	  50	 571	105689	106630	   0	   0	
  40	  42	  70	   1	 533	   2	   1	  12	  13	  15	  30	  70	  50	 657	108569	109102	   0	  10	
  41	  43	  30	   4	 584	   1	   2	  13	  13	  15	  30	  70	  50	 302	110702	111286	   0	  10	
  42	  44	  70	   1	 491	   2	   1	  13	  14	  15	  30	  70	  50	 386	112955	113446	   0	  20	
  43	  45	  50	   3	 536	   3	   2	  13	  14	  16	  30	  70	  50	 538	115262	115798	   0	  20	
  44	  46	  30	   4	 592	   1	   2	  14	  14	  16	  30	  70	  50	 337	117422	118014	   0	  20	
  45	  47	  70	   1	 350	   2	   1	  14	  15	  16	  30	  70	  50	 515	119808	120158	   0	  30	
  46	  48	  30	   4	 526	   1	   2	  15	  15	  16	  30	  70	  50	 532	121968	122494	   0	  30	
  47	  49	  70	   2	 483	   2	   1	  15	  16	  16	  30	  70	  50	 419	124195	124678	   0	  20	
  48	  50	  30	   1	 952	   1	   1	  16	  16	  16	  30	  70	  50	 385	126342	127294	   0	  30	
  49	  51	  70	   1	 457	   2	   1	  16	  17	  16	  30	  70	  50	 520	129101	129558	   0	  40	
  50	  52	  30	   4	 475	   1	   2	  17	  17	  16	  30	  70	  50	 590	131435	131910	   0	  40	
  51	  53	  70	   1	 360	   2	   1	  17	  18	  16	  30	  70	  50	 699	133901	134261	   0	  50	
  52	  54	  30	   4	 458	   1	   2	  18	  18	  16	  30	  70	  50	 644	136195	136653	   0	  50	
  53	  55	  70	   2	 427	   2	   1	  18	  19	  16	  30	  70	  50	 502	138434	138861	   0	  40	
  54	  56	  50	   2	 712	   3	   1	  18	  19	  17	  30	  70	  50	 676	140821	141533	   0	  30	
  55	  57	  30	   3	 485	   1	   2	  19	  19	  17	  30	  70	  50	 672	143488	143973	   0	  30	
  56	  58	  70	   1	 672	   2	   1	  19	  20	  17	  30	  70	  50	 360	145621	146293	   0	  40	
  57	  59	  50	   2	 990	   3	   1	  19	  20	  18	  30	  70	  50	 589	148167	149157	   0	  30	
  58	  60	  30	   4	 440	   1	   2	  20	  20	  18	  30	  70	  50	 456	150901	151341	   0	  30	
  59	  61	  50	   3	 496	   3	   2	  20	  20	  19	  30	  70	  50	 586	153221	153717	   0	  30	
  60	  62	  70	   1	 374	   2	   1	  20	  21	  19	  30	  70	  50	 686	155687	156061	   0	  40	
  61	  63	  50	   4	 535	   3	   2	  20	  21	  20	  30	  70	  50	 572	157926	158461	   0	  40	
  62	  64	  70	   2	 441	   2	   1	  20	  22	  20	  30	  70	  50	 388	160140	160581	   0	  30	
  63	  65	  50	   4	 494	   3	   2	  20	  22	  21	  30	  70	  50	 300	162167	162661	   0	  30	
  64	  66	  30	   4	 561	   1	   2	  21	  22	  21	  30	  70	  50	 511	164460	165021	   0	  30	
  65	  67	  70	   1	 406	   2	   1	  21	  23	  21	  30	  70	  50	 699	167007	167413	   0	  40	
  66	  68	  30	   3	1049	   1	   2	  22	  23	  21	  30	  70	  50	 481	169180	170229	   0	  40	
  67	  69	  50	   1	 646	   3	   1	  22	  23	  22	  30	  70	  50	 538	172047	172693	   0	  50	
  68	  70	  70	   1	 745	   2	   1	  22	  24	  22	  30	  70	  50	 479	174460	175205	   0	  60	
  69	  71	  50	   2	1556	   3	   1	  22	  24	  23	  30	  70	  50	 635	177113	178669	   0	  50	
  70	  72	  70	   1	 519	   2	   1	  22	  25	  23	  30	  70	  50	 419	180366	180885	   0	  60	
  71	  73	  50	   4	 681	   3	   2	  22	  25	  24	  30	  70	  50	 484	182660	183341	   0	  60	
  72	  74	  70	   2	 479	   2	   1	  22	  26	  24	  30	  70	  50	 495	185126	185605	   0	  50	
  73	  75	  50	   1	 742	   3	   1	  22	  26	  25	  30	  70	  50	 560	187446	188188	   0	  60	
  74	  76	  70	   1	 593	   2	   1	  22	  27	  25	  30	  70	  50	 389	189859	190452	   0	  70	
  75	  77	  50	   2	 430	   3	   1	  22	  27	  26	  30	  70	  50	 668	192406	192836	   0	  60	
  76	  78	  70	   1	 433	   2	   1	  22	  28	  26	  30	  70	  50	 460	194579	195012	   0	  70	
  77	  79	  50	   3	 854	   3	   2	  22	  28	  27	  30	  70	  50	 389	196686	197540	   0	  70	
  78	  80	  30	   4	 506	   1	   2	  23	  28	  27	  30	  70	  50	 319	199138	199644	   0	  70	
  79	  81	  70	   2	 697	   2	   1	  23	  29	  27	  30	  70	  50	 334	201259	201956	   0	  60	
  80	  82	  30	   4	 551	   1	   2	  24	  29	  27	  30	  70	  50	 451	203685	204236	   0	  60	
  81	  83	  50	   1	 668	   3	   1	  24	  29	  28	  30	  70	  50	 502	206032	206700	   0	  70	
  82	  84	  30	   4	 543	   1	   2	  25	  29	  28	  30	  70	  50	 455	208445	208988	   0	  70	
  83	  85	  70	   1	 420	   2	   1	  25	  30	  28	  30	  70	  50	 690	210952	211372	   0	  80	
  84	  86	  50	   4	 540	   3	   2	  25	  30	  29	  30	  70	  50	 585	213232	213772	   0	  80	
  85	  87	  70	   1	 487	   2	   1	  25	  31	  29	  30	  70	  50	 636	215685	216172	   0	  90	
  86	  88	  50	   3	 468	   3	   2	  25	  31	  30	  30	  70	  50	 693	218152	218620	   0	  90	
  87	  89	  30	   3	 580	   1	   2	  26	  31	  30	  30	  70	  50	 600	220512	221092	   0	  90	
  88	  90	  70	   2	 397	   2	   1	  26	  32	  30	  30	  70	  50	 534	222911	223308	   0	  80	
  89	  91	  30	   2	 911	   3	   1	  26	  32	   1	  30	  70	  30	 510	225125	226036	   3	  70	
  90	  92	  70	   1	 711	   2	   1	  26	  33	   1	  30	  70	  30	 448	227765	228476	   0	  80	
  91	  93	  30	   4	 557	   1	   2	  27	  33	   1	  30	  70	  30	 582	230351	230908	   0	  80	
  92	  94	  30	   3	 845	   3	   2	  27	  33	   2	  30	  70	  30	 561	232751	233596	   0	  80	
  93	  95	  30	   2	 744	   1	   1	  28	  33	   2	  30	  70	  30	 532	235404	236148	   0	  70	
  94	  96	  20	   4	 792	   2	   2	  28	   1	   2	  30	  20	  30	 436	237884	238676	   2	  70	
  95	  97	  30	   3	 740	   1	   2	  29	   1	   2	  30	  20	  30	 550	240511	241251	   0	  70	
  96	  98	  30	   2	 634	   3	   1	  29	   1	   3	  30	  20	  30	 484	243017	243651	   0	  60	
  97	  99	  30	   4	 908	   1	   2	  30	   1	   3	  30	  20	  30	 335	245271	246179	   0	  60	
  98	 100	  30	   4	 764	   3	   2	  30	   1	   4	  30	  20	  30	 690	248151	248915	   0	  60	
  99	 101	  20	   4	 645	   2	   2	  30	   2	   4	  30	  20	  30	 555	250750	251395	   0	  60	
 100	 102	  30	   4	 533	   1	   2	  31	   2	   4	  30	  20	  30	 672	253350	253883	   0	  60	
 101	 103	  20	   3	 797	   2	   2	  31	   3	   4	  30	  20	  30	 326	255510	256307	   0	  60	
 102	 104	  30	   4	 891	   3	   2	  31	   3	   5	  30	  20	  30	 399	257976	258867	   0	  60	
 103	 105	  20	   2	 586	   2	   1	  31	   4	   5	  30	  20	  30	 516	260657	261243	   0	  50	
 104	 106	  30	   1	 421	   3	   1	  31	   4	   6	  30	  20	  30	 574	263110	263531	   0	  60	
 105	 107	  20	   4	 592	   2	   2	  31	   5	   6	  30	  20	  30	 349	265163	265755	   0	  60	
 106	 108	  30	   2	 810	   3	   1	  31	   5	   7	  30	  20	  30	 614	267657	268467	   0	  50	
 107	 109	  20	   3	 301	   2	   2	  31	   6	   7	  30	  20	  30	 441	270190	270491	   0	  50	
 108	 110	  30	   3	 440	   1	   2	  32	   6	   7	  30	  20	  30	 388	272163	272603	   0	  50	
 109	 111	  30	   4	 459	   3	   2	  32	   6	   8	  30	  20	  30	 562	274456	274915	   0	  50	
 110	 112	  20	   4	 448	   2	   2	  32	   7	   8	  30	  20	  30	 370	276563	277011	   0	  50	
 111	 113	  30	   4	 323	   3	   2	  32	   7	   9	  30	  20	  30	 626	278936	279259	   0	  50	
 112	 114	  30	   4	 376	   1	   2	  33	   7	   9	  30	  20	  30	 620	281163	281539	   0	  50	
 113	 115	  30	   3	 424	   3	   2	  33	   7	  10	  30	  20	  30	 333	283163	283587	   0	  50	
 114	 116	  30	   4	 438	   1	   2	  34	   7	  10	  30	  20	  30	 363	285229	285667	   0	  50	
 115	 117	  30	   3	 489	   3	   2	  34	   7	  11	  30	  20	  30	 694	287642	288131	   0	  50	
 116	 118	  30	   4	 427	   1	   2	  35	   7	  11	  30	  20	  30	 447	289856	290283	   0	  50	
 117	 119	  30	   4	 377	   3	   2	  35	   7	  12	  30	  20	  30	 597	292162	292539	   0	  50	
 118	 120	  20	   4	 528	   2	   2	  35	   8	  12	  30	  20	  30	 463	294282	294810	   0	  50	
 119	 121	  80	   3	 768	   1	   2	   1	   8	  12	  80	  20	  30	 599	296722	297490	   1	  50	
 120	 122	  30	   4	 667	   3	   2	   1	   8	  13	  80	  20	  30	 372	299135	299802	   0	  50	
 121	 123	  80	   1	 787	   1	   1	   2	   8	  13	  80	  20	  30	 346	301455	302242	   0	  60	
 122	 124	  30	   4	 437	   3	   2	   2	   8	  14	  80	  20	  30	 544	304069	304506	   0	  60	
 123	 125	  80	   2	 550	   1	   1	   3	   8	  14	  80	  20	  30	 606	306388	306938	   0	  50	
 124	 126	  30	   3	 438	   3	   2	   3	   8	  15	  80	  20	  30	 485	308708	309146	   0	  50	
 125	 127	  80	   1	 632	   1	   1	   4	   8	  15	  80	  20	  30	 382	310802	311434	   0	  60	
 126	 128	  30	   4	 443	   3	   2	   4	   8	  16	  80	  20	  30	 533	313255	313698	   0	  60	
 127	 129	  20	   4	 678	   2	   2	   4	   9	  16	  80	  20	  30	 680	315668	316346	   0	  60	
 128	 130	  80	   3	 651	   1	   2	   5	   9	  16	  80	  20	  30	 674	318295	318946	   0	  60	
 129	 131	  30	   4	 550	   3	   2	   5	   9	  17	  80	  20	  30	 569	320788	321338	   0	  60	
 130	 132	  80	   2	 398	   1	   1	   6	   9	  17	  80	  20	  30	 523	323148	323546	   0	  50	
 131	 133	  30	   4	 417	   3	   2	   6	   9	  18	  80	  20	  30	 680	325521	325938	   0	  50	
 132	 134	  80	   1	 412	   1	   1	   7	   9	  18	  80	  20	  30	 634	327854	328266	   0	  60	
 133	 135	  20	   4	 686	   2	   2	   7	  10	  18	  80	  20	  30	 605	330148	330834	   0	  60	
 134	 136	  80	   1	 689	   1	   1	   8	  10	  18	  80	  20	  30	 401	332521	333210	   0	  70	
 135	 137	  20	   3	 495	   2	   2	   8	  11	  18	  80	  20	  30	 494	334987	335482	   0	  70	
 136	 138	  80	   1	 529	   1	   1	   9	  11	  18	  80	  20	  30	 511	337281	337810	   0	  80	
 137	 139	  20	   2	 748	   2	   1	   9	  12	  18	  80	  20	  30	 559	339654	340402	   0	  70	
 138	 140	  30	   1	 748	   3	   1	   9	  12	  19	  80	  20	  30	 372	342054	342802	   0	  80	
 139	 141	  80	   3	 388	   1	   2	  10	  12	  19	  80	  20	  30	 642	344734	345122	   0	  80	
 140	 142	  30	   4	 734	   3	   2	  10	  12	  20	  80	  20	  30	 385	346787	347521	   0	  80	
 141	 143	  20	   4	 667	   2	   2	  10	  13	  20	  80	  20	  30	 347	349174	349841	   0	  80	
 142	 144	  80	   2	 441	   1	   1	  11	  13	  20	  80	  20	  30	 467	351600	352041	   0	  70	
 143	 145	  30	   3	 446	   3	   2	  11	  13	  21	  80	  20	  30	 617	353947	354393	   0	  70	
 144	 146	  20	   4	 625	   2	   2	  11	  14	  21	  80	  20	  30	 439	356120	356745	   0	  70	
 145	 147	  30	   4	 508	   3	   2	  11	  14	  22	  80	  20	  30	 638	358653	359161	   0	  70	
 146	 148	  20	   4	 676	   2	   2	  11	  15	  22	  80	  20	  30	 326	360773	361449	   0	  70	
 147	 149	  80	   1	 561	   1	   1	  12	  15	  22	  80	  20	  30	 392	363120	363681	   0	  80	
 148	 150	  20	   4	 689	   2	   2	  12	  16	  22	  80	  20	  30	 310	365280	365969	   0	  80	
 149	 151	  80	   1	 543	   1	   1	  13	  16	  22	  80	  20	  30	 378	367626	368169	   0	  90	
 150	 152	  20	   4	 380	   2	   2	  13	  17	  22	  80	  20	  30	 407	369853	370233	   0	  90	
 151	 153	  30	   4	 535	   3	   2	  13	  17	  23	  80	  20	  30	 343	371866	372401	   0	  90	
 152	 154	  20	   3	 572	   2	   2	  13	  18	  23	  80	  20	  30	 372	374053	374625	   0	  90	
 153	 155	  80	   1	 540	   1	   1	  14	  18	  23	  80	  20	  30	 413	376333	376873	   0	 100	
 154	 156	  30	   4	 396	   3	   2	  14	  18	  24	  80	  20	  30	 541	378693	379089	   0	 100	
 155	 157	  80	   1	 498	   1	   1	  15	  18	  24	  80	  20	  30	 313	380679	381177	   0	 110	
 156	 158	  20	   4	 343	   2	   2	  15	  19	  24	  80	  20	  30	 648	383106	383449	   0	 110	
 157	 159	  30	   2	 375	   3	   1	  15	  19	  25	  80	  20	  30	 500	385226	385601	   0	 100	
 158	 160	  80	   3	 434	   1	   2	  16	  19	  25	  80	  20	  30	 510	387399	387833	   0	 100	
 159	 161	  20	   4	 584	   2	   2	  16	  20	  25	  80	  20	  30	 678	389785	390369	   0	 100	
 160	 162	  30	   4	 749	   3	   2	  16	  20	  26	  80	  20	  30	 444	392092	392841	   0	 100	
 161	 163	  80	   1	 360	   1	   1	  17	  20	  26	  80	  20	  30	 609	394745	395105	   0	 110	
 162	 164	  30	   3	 562	   3	   2	  17	  20	  27	  80	  20	  30	 641	397039	397601	   0	 110	
 163	 165	  20	   4	 671	   2	   2	  17	  21	  27	  80	  20	  30	 493	399385	400056	   0	 110	
 164	 166	  30	   2	 514	   3	   1	  17	  21	  28	  80	  20	  30	 374	401718	402232	   0	 100	
 165	 167	  80	   2	 396	   1	   1	  18	  21	  28	  80	  20	  30	 498	404012	404408	   0	  90	
 166	 168	  30	   4	 474	   3	   2	  18	  21	  29	  80	  20	  30	 546	406238	406712	   0	  90	
 167	 169	  20	   4	 442	   2	   2	  18	  22	  29	  80	  20	  30	 604	408598	409040	   0	  90	
 168	 170	  30	   3	 591	   3	   2	  18	  22	  30	  80	  20	  30	 465	410785	411376	   0	  90	
 169	 171	  80	   1	 405	   1	   1	  19	  22	  30	  80	  20	  30	 349	413011	413416	   0	 100	
 170	 172	  30	   4	 597	   3	   2	  19	  22	  31	  80	  20	  30	 317	415011	415608	   0	 100	
 171	 173	  20	   3	 477	   2	   2	  19	  23	  31	  80	  20	  30	 474	417371	417848	   0	 100	
 172	 174	  80	   1	 480	   1	   1	  20	  23	  31	  80	  20	  30	 305	419424	419904	   0	 110	
 173	 175	  30	   4	 384	   3	   2	  20	  23	  32	  80	  20	  30	 386	421584	421968	   0	 110	
 174	 176	  80	   3	 517	   1	   2	  21	  23	  32	  80	  20	  30	 441	423691	424208	   0	 110	
 175	 177	  30	   4	 536	   3	   2	  21	  23	  33	  80	  20	  30	 573	426064	426600	   0	 110	
 176	 178	  80	   1	 443	   1	   1	  22	  23	  33	  80	  20	  30	 469	428357	428800	   0	 120	
 177	 179	  30	   3	 504	   3	   2	  22	  23	  34	  80	  20	  30	 534	430624	431128	   0	 120	
 178	 180	  20	   4	 496	   2	   2	  22	  24	  34	  80	  20	  30	 583	432984	433480	   0	 120	
 179	 181	  30	   4	 488	   3	   2	  22	  24	  35	  80	  20	  30	 582	435344	435832	   0	 120	
 180	 182	  20	   3	 555	   2	   2	  22	  25	  35	  80	  20	  30	 645	437757	438312	   0	 120	
 181	 183	  80	   2	 366	   1	   1	  23	  25	  35	  80	  20	  30	 690	440290	440656	   0	 110	
 182	 184	  70	   3	1134	   3	   2	  23	  25	   1	  80	  20	  70	 481	442450	443584	   3	 110	
 183	 185	  20	   4	 579	   2	   2	  23	  26	   1	  80	  20	  70	 570	445437	446016	   0	 110	
 184	 186	  70	   4	 683	   3	   2	  23	  26	   2	  80	  20	  70	 385	447677	448360	   0	 110	
 185	 187	  20	   4	 585	   2	   2	  23	  27	   2	  80	  20	  70	 380	450023	450608	   0	 110	
 186	 188	  70	   3	 587	   3	   2	  23	  27	   3	  80	  20	  70	 436	452317	452904	   0	 110	
 187	 189	  20	   4	 421	   2	   2	  23	  28	   3	  80	  20	  70	 698	454890	455311	   0	 110	
 188	 190	  80	   1	 648	   1	   1	  24	  28	   3	  80	  20	  70	 354	456943	457591	   0	 120	
 189	 191	  70	   4	 573	   3	   2	  24	  28	   4	  80	  20	  70	 345	459210	459783	   0	 120	
 190	 192	  80	   2	 669	   1	   1	  25	  28	   4	  80	  20	  70	 342	461410	462079	   0	 110	
 191	 193	  20	   4	 134	   2	   2	  25	  29	   4	  80	  20	  70	 596	463969	464103	   0	 110	
 192	 194	  70	   3	 339	   3	   2	  25	  29	   5	  80	  20	  70	 324	465716	466055	   0	 110	
 193	 195	  20	   4	 491	   2	   2	  25	  30	   5	  80	  20	  70	 456	467796	468287	   0	 110	
 194	 196	  70	   3	 475	   3	   2	  25	  30	   6	  80	  20	  70	 551	470116	470591	   0	 110	
 195	 197	  80	   1	 520	   1	   1	  26	  30	   6	  80	  20	  70	 433	472303	472823	   0	 120	
 196	 198	  50	   3	 643	   2	   2	  26	   1	   6	  80	  50	  70	 700	474836	475479	   2	 120	
 197	 199	  70	   1	 659	   3	   1	  26	   1	   7	  80	  50	  70	 633	477396	478055	   0	 130	
 198	 200	  50	   4	 654	   2	   2	  26	   2	   7	  80	  50	  70	 549	479889	480543	   0	 130	
 199	 201	  80	   3	 462	   1	   2	  27	   2	   7	  80	  50	  70	 699	482529	482991	   0	 130	
 200	 202	  70	   4	 545	   3	   2	  27	   2	   8	  80	  50	  70	 629	484902	485447	   0	 130	
 201	 203	  50	   1	 476	   2	   1	  27	   3	   8	  80	  50	  70	 662	487395	487871	   0	 140	
 202	 204	  70	   3	 513	   3	   2	  27	   3	   9	  80	  50	  70	 430	489582	490095	   0	 140	
 203	 205	  50	   2	 612	   2	   1	  27	   4	   9	  80	  50	  70	 464	491835	492447	   0	 130	
 204	 206	  70	   3	 500	   3	   2	  27	   4	  10	  80	  50	  70	 597	494315	494815	   0	 130	
 205	 207	  50	   2	 492	   2	   1	  27	   5	  10	  80	  50	  70	 664	496755	497247	   0	 120	
 206	 208	  80	   1	 415	   1	   1	  28	   5	  10	  80	  50	  70	 605	499128	499543	   0	 130	
 207	 209	  50	   1	 698	   2	   1	  28	   6	  10	  80	  50	  70	 358	501181	501879	   0	 140	
 208	 210	  80	   1	 474	   1	   1	  29	   6	  10	  80	  50	  70	 544	503701	504175	   0	 150	
 209	 211	  70	   4	 615	   3	   2	  29	   6	  11	  80	  50	  70	 312	505768	506383	   0	 150	
 210	 212	  50	   1	 515	   2	   1	  29	   7	  11	  80	  50	  70	 560	508235	508750	   0	 160	
 211	 213	  80	   1	 590	   1	   1	  30	   7	  11	  80	  50	  70	 529	510568	511158	   0	 170	
 212	 214	  70	   4	 497	   3	   2	  30	   7	  12	  80	  50	  70	 697	513141	513638	   0	 170	
 213	 215	  80	   1	 457	   1	   1	  31	   7	  12	  80	  50	  70	 336	515261	515718	   0	 180	
 214	 216	  70	   3	 548	   3	   2	  31	   7	  13	  80	  50	  70	 348	517354	517902	   0	 180	
 215	 217	  50	   2	 449	   2	   1	  31	   8	  13	  80	  50	  70	 349	519541	519990	   0	 170	
 216	 218	  80	   1	 409	   1	   1	  32	   8	  13	  80	  50	  70	 630	521901	522310	   0	 180	
 217	 219	  50	   2	 543	   2	   1	  32	   9	  13	  80	  50	  70	 344	523927	524470	   0	 170	
 218	 220	  80	   3	 343	   1	   2	  33	   9	  13	  80	  50	  70	 544	526287	526630	   0	 170	
 219	 221	  70	   3	 505	   3	   2	  33	   9	  14	  80	  50	  70	 306	528221	528726	   0	 170	
 220	 222	  50	   1	 460	   2	   1	  33	  10	  14	  80	  50	  70	 333	530354	530814	   0	 180	
 221	 223	  70	   3	 511	   3	   2	  33	  10	  15	  80	  50	  70	 457	532567	533078	   0	 180	
 222	 224	  20	   4	 788	   1	   2	   1	  10	  15	  20	  50	  70	 665	535034	535822	   1	 180	
 223	 225	  50	   2	 511	   2	   1	   1	  11	  15	  20	  50	  70	 383	537487	537998	   0	 170	
 224	 226	  70	   3	 498	   3	   2	   1	  11	  16	  20	  50	  70	 664	539940	540438	   0	 170	
 225	 227	  20	   4	 954	   1	   2	   2	  11	  16	  20	  50	  70	 464	542180	543134	   0	 170	
 226	 228	  70	   2	 709	   3	   1	   2	  11	  17	  20	  50	  70	 337	544753	545462	   0	 160	
 227	 229	  20	   4	 682	   1	   2	   3	  11	  17	  20	  50	  70	 396	547140	547822	   0	 160	
 228	 230	  50	   1	 496	   2	   1	   3	  12	  17	  20	  50	  70	 379	549486	549982	   0	 170	
 229	 231	  70	   3	 554	   3	   2	   3	  12	  18	  20	  50	  70	 518	551780	552334	   0	 170	
 230	 232	  50	   2	 386	   2	   1	   3	  13	  18	  20	  50	  70	 522	554140	554526	   0	 160	
 231	 233	  70	   1	 413	   3	   1	   3	  13	  19	  20	  50	  70	 359	556193	556606	   0	 170	
 232	 234	  20	   3	 600	   1	   2	   4	  13	  19	  20	  50	  70	 353	558246	558846	   0	 170	
 233	 235	  70	   3	 608	   3	   2	   4	  13	  20	  20	  50	  70	 506	560646	561254	   0	 170	
 234	 236	  20	   4	 639	   1	   2	   5	  13	  20	  20	  50	  70	 310	562846	563485	   0	 170	
 235	 237	  50	   2	 484	   2	   1	   5	  14	  20	  20	  50	  70	 659	565433	565917	   0	 160	
 236	 238	  70	   4	 674	   3	   2	   5	  14	  21	  20	  50	  70	 657	567859	568533	   0	 160	
 237	 239	  50	   1	 586	   2	   1	   5	  15	  21	  20	  50	  70	 680	570499	571085	   0	 170	
 238	 240	  70	   3	 535	   3	   2	   5	  15	  22	  20	  50	  70	 469	572846	573381	   0	 170	
 239	 241	  50	   1	 631	   2	   1	   5	  16	  22	  20	  50	  70	 422	575086	575717	   0	 180	
 240	 242	  20	   4	 482	   1	   2	   6	  16	  22	  20	  50	  70	 545	577539	578021	   0	 180	
 241	 243	  50	   2	 578	   2	   1	   6	  17	  22	  20	  50	  70	 419	579739	580317	   0	 170	
 242	 244	  20	   3	 581	   1	   2	   7	  17	  22	  20	  50	  70	 389	581992	582573	   0	 170	
 243	 245	  70	   1	 581	   3	   1	   7	  17	  23	  20	  50	  70	 694	584552	585133	   0	 180	
 244	 246	  50	   1	 515	   2	   1	   7	  18	  23	  20	  50	  70	 687	587098	587613	   0	 190	
 245	 247	  20	   4	 488	   1	   2	   8	  18	  23	  20	  50	  70	 387	589285	589773	   0	 190	
 246	 248	  50	   2	 456	   2	   1	   8	  19	  23	  20	  50	  70	 509	591565	592021	   0	 180	
 247	 249	  70	   3	 400	   3	   2	   8	  19	  24	  20	  50	  70	 503	593805	594205	   0	 180	
 248	 250	  20	   4	 336	   1	   2	   9	  19	  24	  20	  50	  70	 508	596005	596341	   0	 180	
 249	 251	  70	   3	 464	   3	   2	   9	  19	  25	  20	  50	  70	 656	598285	598749	   0	 180	
 250	 252	  50	   3	 443	   2	   2	   9	  20	  25	  20	  50	  70	 666	600698	601141	   0	 180	
 251	 253	  20	   4	 400	   1	   2	  10	  20	  25	  20	  50	  70	 684	603125	603525	   0	 180	
 252	 254	  70	   2	 542	   3	   1	  10	  20	  26	  20	  50	  70	 425	605231	605773	   0	 170	
 253	 255	  50	   1	 582	   2	   1	  10	  21	  26	  20	  50	  70	 533	607591	608173	   0	 180	
 254	 256	  70	   1	 430	   3	   1	  10	  21	  27	  20	  50	  70	 305	609751	610181	   0	 190	
 255	 257	  50	   4	 275	   2	   2	  10	  22	  27	  20	  50	  70	 389	611858	612133	   0	 190	
 256	 258	  70	   3	 516	   3	   2	  10	  22	  28	  20	  50	  70	 405	613817	614333	   0	 190	
 257	 259	  50	   2	 371	   2	   1	  10	  23	  28	  20	  50	  70	 639	616257	616628	   0	 180	
 258	 260	  70	   2	 499	   3	   1	  10	  23	  29	  20	  50	  70	 587	618497	618996	   0	 170	
 259	 261	  20	   4	 371	   1	   2	  11	  23	  29	  20	  50	  70	 501	620777	621148	   0	 170	
 260	 262	  70	   1	 555	   3	   1	  11	  23	  30	  20	  50	  70	 631	623057	623612	   0	 180	
 261	 263	  50	   2	 478	   2	   1	  11	  24	  30	  20	  50	  70	 602	625510	625988	   0	 170	
 262	 264	  20	   4	 539	   1	   2	  12	  24	  30	  20	  50	  70	 398	627657	628196	   0	 170	
 263	 265	  50	   4	 779	   3	   2	  12	  24	   1	  20	  50	  50	 356	629857	630636	   3	 170	
 264	 266	  50	   1	 534	   2	   1	  12	  25	   1	  20	  50	  50	 430	632350	632884	   0	 180	
 265	 267	  50	   4	 451	   3	   2	  12	  25	   2	  20	  50	  50	 402	634577	635028	   0	 180	
 266	 268	  50	   1	 459	   2	   1	  12	  26	   2	  20	  50	  50	 471	636777	637236	   0	 190	
 267	 269	  20	   4	 582	   1	   2	  13	  26	   2	  20	  50	  50	 391	638910	639492	   0	 190	
 268	 270	  50	   2	 497	   2	   1	  13	  27	   2	  20	  50	  50	 313	641083	641580	   0	 180	
 269	 271	  50	   1	 662	   3	   1	  13	  27	   3	  20	  50	  50	 604	643470	644132	   0	 190	
 270	 272	  50	   3	 380	   2	   2	  13	  28	   3	  20	  50	  50	 569	645976	646356	   0	 190	
 271	 273	  50	   4	 790	   3	   2	  13	  28	   4	  20	  50	  50	 577	648230	649020	   0	 190	
 272	 274	  50	   2	 447	   2	   1	  13	  29	   4	  20	  50	  50	 521	650829	651276	   0	 180	
 273	 275	  20	   3	 569	   1	   2	  14	  29	   4	  20	  50	  50	 327	652883	653452	   0	 180	
 274	 276	  50	   1	 604	   3	   1	  14	  29	   5	  20	  50	  50	 689	655416	656020	   0	 190	
 275	 277	  50	   3	 377	   2	   2	  14	  30	   5	  20	  50	  50	 498	657803	658180	   0	 190	
 276	 278	  20	   4	1399	   1	   2	  15	  30	   5	  20	  50	  50	 531	659989	661388	   0	 190	
 277	 279	  50	   3	 508	   3	   2	  15	  30	   6	  20	  50	  50	 676	663336	663844	   0	 190	
 278	 280	  20	   3	 530	   1	   2	  16	  30	   6	  20	  50	  50	 511	665642	666172	   0	 190	
 279	 281	  50	   4	 431	   3	   2	  16	  30	   7	  20	  50	  50	 663	668109	668540	   0	 190	
 280	 282	  20	   4	 452	   1	   2	  17	  30	   7	  20	  50	  50	 509	670335	670787	   0	 190	
 281	 283	  50	   2	 596	   3	   1	  17	  30	   8	  20	  50	  50	 457	672535	673131	   0	 180	
 282	 284	  50	   1	 398	   2	   1	  17	  31	   8	  20	  50	  50	 585	674989	675387	   0	 190	
 283	 285	  20	   4	 526	   1	   2	  18	  31	   8	  20	  50	  50	 400	677069	677595	   0	 190	
 284	 286	  50	   4	 481	   2	   2	  18	  32	   8	  20	  50	  50	 403	679282	679763	   0	 190	
 285	 287	  20	   4	 465	   1	   2	  19	  32	   8	  20	  50	  50	 467	681522	681987	   0	 190	
 286	 288	  50	   1	 460	   3	   1	  19	  32	   9	  20	  50	  50	 598	683855	684315	   0	 200	
 287	 289	  20	   4	 372	   1	   2	  20	  32	   9	  20	  50	  50	 495	686095	686467	   0	 200	
 288	 290	  50	   3	 434	   3	   2	  20	  32	  10	  20	  50	  50	 323	688081	688515	   0	 200	
 289	 291	  50	   3	 364	   2	   2	  20	  33	  10	  20	  50	  50	 616	690415	690779	   0	 200	
 290	 292	  50	   3	 335	   3	   2	  20	  33	  11	  20	  50	  50	 529	692588	692923	   0	 200	
 291	 293	  20	   4	 647	   2	   2	  20	   1	  11	  20	  20	  50	 365	694628	695275	   2	 200	
 292	 294	  50	   3	 413	   3	   2	  20	   1	  12	  20	  20	  50	 659	697214	697627	   0	 200	
 293	 295	  20	   4	 410	   1	   2	  21	   1	  12	  20	  20	  50	 363	699281	699691	   0	 200	
 294	 296	  20	   4	 514	   2	   2	  21	   2	  12	  20	  20	  50	 547	701521	702035	   0	 200	
 295	 297	  20	   3	 359	   1	   2	  22	   2	  12	  20	  20	  50	 435	703748	704107	   0	 200	
 296	 298	  20	   4	 666	   2	   2	  22	   3	  12	  20	  20	  50	 606	706001	706667	   0	 200	
 297	 299	  20	   4	 568	   1	   2	  23	   3	  12	  20	  20	  50	 471	708427	708995	   0	 200	
 298	 300	  20	   4	 546	   2	   2	  23	   4	  12	  20	  20	  50	 522	710801	711347	   0	 200	
 299	 301	  50	   4	 826	   3	   2	  23	   4	  13	  20	  20	  50	 326	712961	713787	   0	 200	
 300	 302	  20	   3	 445	   2	   2	  23	   5	  13	  20	  20	  50	 416	715494	715939	   0	 200	
 301	 303	  50	   3	 416	   3	   2	  23	   5	  14	  20	  20	  50	 627	717867	718283	   0	 200	
 302	 304	  20	   2	 440	   2	   1	  23	   6	  14	  20	  20	  50	 424	719987	720427	   0	 190	
 303	 305	  20	   4	 571	   1	   2	  24	   6	  14	  20	  20	  50	 525	722240	722811	   0	 190	
 304	 306	  50	   1	 450	   3	   1	  24	   6	  15	  20	  20	  50	 475	724560	725010	   0	 200	
 305	 307	  20	   4	 367	   1	   2	  25	   6	  15	  20	  20	  50	 374	726667	727034	   0	 200	
 306	 308	  50	   4	 442	   3	   2	  25	   6	  16	  20	  20	  50	 411	728720	729162	   0	 200	
 307	 309	  20	   4	 431	   1	   2	  26	   6	  16	  20	  20	  50	 458	730907	731338	   0	 200	
 308	 310	  50	   2	 458	   3	   1	  26	   6	  17	  20	  20	  50	 419	733040	733498	   0	 190	
 309	 311	  20	   4	 309	   1	   2	  27	   6	  17	  20	  20	  50	 387	735173	735482	   0	 190	
 310	 312	  50	   1	 354	   3	   1	  27	   6	  18	  20	  20	  50	 308	737080	737434	   0	 200	
 311	 313	  20	   4	 304	   2	   2	  27	   7	  18	  20	  20	  50	 624	739346	739650	   0	 200	
 312	 314	  50	   4	 392	   3	   2	  27	   7	  19	  20	  20	  50	 538	741466	741858	   0	 200	
 313	 315	  20	   4	 435	   2	   2	  27	   8	  19	  20	  20	  50	 419	743559	743994	   0	 200	
 314	 316	  20	   1	 453	   1	   1	  28	   8	  19	  20	  20	  50	 423	745693	746146	   0	 210	
 315	 317	  20	   3	 301	   2	   2	  28	   9	  19	  20	  20	  50	 383	747813	748114	   0	 210	
 316	 318	  50	   4	 395	   3	   2	  28	   9	  20	  20	  20	  50	 482	749879	750274	   0	 210	
 317	 319	  20	   4	 499	   2	   2	  28	  10	  20	  20	  20	  50	 369	751919	752418	   0	 210	
 318	 320	  20	   4	 507	   1	   2	  29	  10	  20	  20	  20	  50	 414	754119	754626	   0	 210	
 319	 321	  50	   2	 392	   3	   1	  29	  10	  21	  20	  20	  50	 436	756346	756738	   0	 200	
 320	 322	  20	   4	 347	   1	   2	  30	  10	  21	  20	  20	  50	 339	758359	758706	   0	 200	
 321	 323	  50	   3	 443	   3	   2	  30	  10	  22	  20	  20	  50	 675	760679	761122	   0	 200	
 322	 324	  20	   4	 409	   1	   2	  31	  10	  22	  20	  20	  50	 693	763105	763514	   0	 200	
 323	 325	  20	   4	 481	   2	   2	  31	  11	  22	  20	  20	  50	 549	765345	765826	   0	 200	
 324	 326	  20	   4	 422	   1	   2	  32	  11	  22	  20	  20	  50	 700	767812	768234	   0	 200	
 325	 327	  50	   2	 638	   3	   1	  32	  11	  23	  20	  20	  50	 302	769812	770450	   0	 190	
 326	 328	  20	   4	 422	   2	   2	  32	  12	  23	  20	  20	  50	 411	772132	772554	   0	 190	
 327	 329	  50	   3	 465	   3	   2	  32	  12	  24	  20	  20	  50	 675	774505	774970	   0	 190	
 328	 330	  20	   4	 421	   2	   2	  32	  13	  24	  20	  20	  50	 561	776812	777233	   0	 190	
 329	 331	  20	   3	 432	   1	   2	  33	  13	  24	  20	  20	  50	 549	779065	779497	   0	 190	
 330	 332	  20	   4	 451	   2	   2	  33	  14	  24	  20	  20	  50	 693	781478	781929	   0	 190	
 331	 333	  50	   3	 443	   3	   2	  33	  14	  25	  20	  20	  50	 333	783558	784001	   0	 190	
 332	 334	  20	   4	 414	   1	   2	  34	  14	  25	  20	  20	  50	 532	785811	786225	   0	 190	
 333	 335	  20	   4	 390	   2	   2	  34	  15	  25	  20	  20	  50	 578	788091	788481	   0	 190	
 334	 336	  50	   2	 353	   3	   1	  34	  15	  26	  20	  20	  50	 699	790464	790817	   0	 180	
 335	 337	  20	   4	 363	   1	   2	  35	  15	  26	  20	  20	  50	 700	792798	793161	   0	 180	
 336	 338	  20	   2	 451	   2	   1	  35	  16	  26	  20	  20	  50	 311	794758	795209	   0	 170	
 337	 339	  80	   3	 297	   1	   2	   1	  16	  26	  80	  20	  50	 637	797144	797441	   1	 170	
 338	 340	  20	   4	 428	   2	   2	   1	  17	  26	  80	  20	  50	 633	799357	799785	   0	 170	
 339	 341	  80	   1	 366	   1	   1	   2	  17	  26	  80	  20	  50	 618	801691	802057	   0	 180	
 340	 342	  50	   3	 374	   3	   2	   2	  17	  27	  80	  20	  50	 627	803971	804345	   0	 180	
 341	 343	  80	   1	 358	   1	   1	   3	  17	  27	  80	  20	  50	 440	806091	806449	   0	 190	
 342	 344	  20	   3	 425	   2	   2	   3	  18	  27	  80	  20	  50	 418	808144	808569	   0	 190	
 343	 345	  50	   1	 508	   3	   1	   3	  18	  28	  80	  20	  50	 627	810477	810985	   0	 200	
 344	 346	  20	   3	 436	   2	   2	   3	  19	  28	  80	  20	  50	 482	812757	813193	   0	 200	
 345	 347	  80	   1	 380	   1	   1	   4	  19	  28	  80	  20	  50	 643	815117	815497	   0	 210	
 346	 348	  20	   4	 420	   2	   2	   4	  20	  28	  80	  20	  50	 420	817197	817617	   0	 210	
 347	 349	  50	   4	 408	   3	   2	   4	  20	  29	  80	  20	  50	 439	819329	819737	   0	 210	
 348	 350	  80	   4	 327	   1	   2	   5	  20	  29	  80	  20	  50	 514	821530	821857	   0	 210	
 349	 351	  50	   2	 386	   3	   1	   5	  20	  30	  80	  20	  50	 485	823623	824009	   0	 200	
 350	 352	  80	   1	 426	   1	   1	   6	  20	  30	  80	  20	  50	 493	825783	826209	   0	 210	
 351	 353	  50	   2	 450	   3	   1	   6	  20	  31	  80	  20	  50	 333	827823	828273	   0	 200	
 352	 354	  80	   3	 495	   1	   2	   7	  20	  31	  80	  20	  50	 340	829890	830385	   0	 200	
 353	 355	  20	   3	 486	   2	   2	   7	  21	  31	  80	  20	  50	 493	832170	832656	   0	 200	
 354	 356	  80	   1	 369	   1	   1	   8	  21	  31	  80	  20	  50	 479	834423	834792	   0	 210	
 355	 357	  50	   2	 676	   3	   1	   8	  21	  32	  80	  20	  50	 689	836756	837432	   0	 200	
 356	 358	  20	   4	 359	   2	   2	   8	  22	  32	  80	  20	  50	 653	839369	839728	   0	 200	
 357	 359	  50	   1	 340	   3	   1	   8	  22	  33	  80	  20	  50	 373	841396	841736	   0	 210	
 358	 360	  20	   2	 543	   2	   1	   8	  23	  33	  80	  20	  50	 426	843449	843992	   0	 200	
 359	 361	  80	   2	 434	   1	   1	   9	  23	  33	  80	  20	  50	 677	845942	846376	   0	 190	
 360	 362	  20	   4	 583	   2	   2	   9	  24	  33	  80	  20	  50	 633	848289	848872	   0	 190	
 361	 363	  70	   1	 551	   3	   1	   9	  24	   1	  80	  20	  70	 326	850529	851080	   3	 200	
 362	 364	  80	   1	 495	   1	   1	  10	  24	   1	  80	  20	  70	 488	852849	853344	   0	 210	
 363	 365	  70	   4	 445	   3	   2	  10	  24	   2	  80	  20	  70	 368	854995	855440	   0	 210	
 364	 366	  20	   4	 541	   2	   2	  10	  25	   2	  80	  20	  70	 471	857195	857736	   0	 210	
 365	 367	  70	   2	 405	   3	   1	  10	  25	   3	  80	  20	  70	 615	859635	860040	   0	 200	
 366	 368	  20	   4	 453	   2	   2	  10	  26	   3	  80	  20	  70	 627	861955	862408	   0	 200	
 367	 369	  80	   1	 496	   1	   1	  11	  26	   3	  80	  20	  70	 547	864248	864744	   0	 210	
 368	 370	  70	   1	 501	   3	   1	  11	  26	   4	  80	  20	  70	 608	866635	867136	   0	 220	
 369	 371	  20	   3	 429	   2	   2	  11	  27	   4	  80	  20	  70	 540	868955	869384	   0	 220	
 370	 372	  70	   1	 485	   3	   1	  11	  27	   5	  80	  20	  70	 444	871115	871600	   0	 230	
 371	 373	  80	   1	 357	   1	   1	  12	  27	   5	  80	  20	  70	 617	873515	873872	   0	 240	
 372	 374	  70	   1	 549	   3	   1	  12	  27	   6	  80	  20	  70	 444	875595	876144	   0	 250	
 373	 375	  80	   3	 352	   1	   2	  13	  27	   6	  80	  20	  70	 659	878088	878440	   0	 250	
 374	 376	  70	   2	 371	   3	   1	  13	  27	   7	  80	  20	  70	 585	880301	880672	   0	 240	
 375	 377	  20	   4	 504	   2	   2	  13	  28	   7	  80	  20	  70	 694	882648	883152	   0	 240	
 376	 378	  80	   1	 405	   1	   1	  14	  28	   7	  80	  20	  70	 640	885074	885479	   0	 250	
 377	 379	  70	   1	 535	   3	   1	  14	  28	   8	  80	  20	  70	 648	887408	887943	   0	 260	
 378	 380	  80	   1	 458	   1	   1	  15	  28	   8	  80	  20	  70	 474	889701	890159	   0	 270	
 379	 381	  70	   1	 418	   3	   1	  15	  28	   9	  80	  20	  70	 302	891741	892159	   0	 280	
 380	 382	  80	   1	 386	   1	   1	  16	  28	   9	  80	  20	  70	 338	893781	894167	   0	 290	
 381	 383	  20	   4	 485	   2	   2	  16	  29	   9	  80	  20	  70	 568	896034	896519	   0	 290	
 382	 384	  80	   1	 389	   1	   1	  17	  29	   9	  80	  20	  70	 358	898154	898543	   0	 300	
 383	 385	  70	   1	 485	   3	   1	  17	  29	  10	  80	  20	  70	 448	900274	900759	   0	 310	
 384	 386	  80	   2	 421	   1	   1	  18	  29	  10	  80	  20	  70	 677	902714	903135	   0	 300	
 385	 387	  20	   4	 645	   2	   2	  18	  30	  10	  80	  20	  70	 419	904834	905479	   0	 300	
 386	 388	  70	   2	 277	   3	   1	  18	  30	  11	  80	  20	  70	 550	907314	907591	   0	 290	
 387	 389	  20	   4	 515	   2	   2	  18	  31	  11	  80	  20	  70	 596	909460	909975	   0	 290	
 388	 390	  70	   1	 398	   3	   1	  18	  31	  12	  80	  20	  70	 465	911713	912111	   0	 300	
 389	 391	  80	   2	 422	   1	   1	  19	  31	  12	  80	  20	  70	 607	913993	914415	   0	 290	
 390	 392	  70	   1	 451	   3	   1	  19	  31	  13	  80	  20	  70	 492	916180	916631	   0	 300	
 391	 393	  20	   4	 491	   2	   2	  19	  32	  13	  80	  20	  70	 643	918580	919071	   0	 300	
 392	 394	  70	   2	 318	   3	   1	  19	  32	  14	  80	  20	  70	 527	920873	921191	   0	 290	
 393	 395	  20	   3	 457	   2	   2	  19	  33	  14	  80	  20	  70	 416	922886	923343	   0	 290	
 394	 396	  70	   1	 502	   3	   1	  19	  33	  15	  80	  20	  70	 639	925273	925775	   0	 300	
 395	 397	  80	   1	 489	   1	   1	  20	  33	  15	  80	  20	  70	 669	927726	928215	   0	 310	
 396	 398	  70	   1	 553	   3	   1	  20	  33	  16	  80	  20	  70	 437	929926	930479	   0	 320	
 397	 399	  20	   4	 430	   2	   2	  20	  34	  16	  80	  20	  70	 313	932073	932503	   0	 320	
 398	 400	  80	   2	 414	   1	   1	  21	  34	  16	  80	  20	  70	 444	934233	934647	   0	 310	
 399	 401	  20	   4	 486	   2	   2	  21	  35	  16	  80	  20	  70	 413	936353	936839	   0	 310	
 400	 402	  80	   1	 342	   1	   1	  22	  35	  16	  80	  20	  70	 510	938632	938974	   0	 320	
 401	 403	  80	   3	 851	   2	   2	  22	   1	  16	  80	  80	  70	 519	940819	941670	   2	 320	
 402	 404	  80	   1	 502	   1	   1	  23	   1	  16	  80	  80	  70	 439	943392	943894	   0	 330	
 403	 405	  80	   1	 560	   2	   1	  23	   2	  16	  80	  80	  70	 395	945566	946126	   0	 340	
 404	 406	  80	   1	 462	   1	   1	  24	   2	  16	  80	  80	  70	 659	948072	948534	   0	 350	
 405	 407	  80	   3	 523	   2	   2	  24	   3	  16	  80	  80	  70	 406	950219	950742	   0	 350	
 406	 408	  80	   1	 446	   1	   1	  25	   3	  16	  80	  80	  70	 369	952392	952838	   0	 360	
 407	 409	  80	   2	 382	   2	   1	  25	   4	  16	  80	  80	  70	 349	954472	954854	   0	 350	
 408	 410	  80	   1	 433	   1	   1	  26	   4	  16	  80	  80	  70	 553	956685	957118	   0	 360	
 409	 411	  80	   1	 462	   2	   1	  26	   5	  16	  80	  80	  70	 514	958912	959374	   0	 370	
 410	 412	  80	   2	 436	   1	   1	  27	   5	  16	  80	  80	  70	 440	961098	961534	   0	 360	
 411	 413	  80	   1	 324	   2	   1	  27	   6	  16	  80	  80	  70	 378	963218	963542	   0	 370	
 412	 414	  80	   1	 406	   1	   1	  28	   6	  16	  80	  80	  70	 532	965352	965758	   0	 380	
 413	 415	  80	   1	 491	   2	   1	  28	   7	  16	  80	  80	  70	 492	967523	968014	   0	 390	
 414	 416	  80	   1	 441	   1	   1	  29	   7	  16	  80	  80	  70	 396	969685	970126	   0	 400	
 415	 417	  70	   2	 577	   3	   1	  29	   7	  17	  80	  80	  70	 634	972045	972622	   0	 390	
 416	 418	  80	   1	1076	   2	   1	  29	   8	  17	  80	  80	  70	 388	974298	975374	   0	 400	
 417	 419	  80	   1	 439	   1	   1	  30	   8	  17	  80	  80	  70	 419	977071	977510	   0	 410	
 418	 420	  80	   2	 540	   2	   1	  30	   9	  17	  80	  80	  70	 554	979338	979878	   0	 400	
 419	 421	  70	   1	 375	   3	   1	  30	   9	  18	  80	  80	  70	 676	981831	982206	   0	 410	
 420	 422	  80	   1	 426	   2	   1	  30	  10	  18	  80	  80	  70	 630	984124	984550	   0	 420	
 421	 423	  30	   2	 461	   1	   1	   1	  10	  18	  30	  80	  70	 624	986497	986958	   1	 410	
 422	 424	  70	   1	 407	   3	   1	   1	  10	  19	  30	  80	  70	 672	988911	989318	   0	 420	
 423	 425	  80	   2	 444	   2	   1	   1	  11	  19	  30	  80	  70	 613	991217	991661	   0	 410	
 424	 426	  30	   3	 398	   1	   2	   2	  11	  19	  30	  80	  70	 681	993631	994029	   0	 410	
 425	 427	  70	   1	 476	   3	   1	   2	  11	  20	  30	  80	  70	 657	995977	996453	   0	 420	
 426	 428	  80	   1	 505	   2	   1	   2	  12	  20	  30	  80	  70	 558	998284	998789	   0	 430	
 427	 429	  30	   1	 393	   1	   1	   3	  12	  20	  30	  80	  70	 641	1000724	1001117	   0	 440	
 428	 430	  70	   1	 420	   3	   1	   3	  12	  21	  30	  80	  70	 534	1002937	1003357	   0	 450	
 429	 431	  80	   1	 463	   2	   1	   3	  13	  21	  30	  80	  70	 354	1004990	1005453	   0	 460	
 430	 432	  70	   2	 386	   3	   1	   3	  13	  22	  30	  80	  70	 589	1007323	1007709	   0	 450	
 431	 433	  80	   1	 412	   2	   1	   3	  14	  22	  30	  80	  70	 466	1009497	1009909	   0	 460	
 432	 434	  70	   2	 402	   3	   1	   3	  14	  23	  30	  80	  70	 601	1011803	1012205	   0	 450	
 433	 435	  80	   1	 365	   2	   1	   3	  15	  23	  30	  80	  70	 400	1013896	1014261	   0	 460	
 434	 436	  70	   1	 389	   3	   1	   3	  15	  24	  30	  80	  70	 347	1015896	1016285	   0	 470	
 435	 437	  30	   2	 493	   1	   1	   4	  15	  24	  30	  80	  70	 570	1018136	1018629	   0	 460	
 436	 438	  70	   1	 445	   3	   1	   4	  15	  25	  30	  80	  70	 375	1020296	1020741	   0	 470	
 437	 439	  30	   4	 477	   1	   2	   5	  15	  25	  30	  80	  70	 673	1022696	1023173	   0	 470	
 438	 440	  70	   1	 381	   3	   1	   5	  15	  26	  30	  80	  70	 602	1025056	1025437	   0	 480	
 439	 441	  80	   1	 485	   2	   1	   5	  16	  26	  30	  80	  70	 538	1027256	1027741	   0	 490	
 440	 442	  70	   1	 469	   3	   1	   5	  16	  27	  30	  80	  70	 628	1029656	1030125	   0	 500	
 441	 443	  30	   4	 531	   1	   2	   6	  16	  27	  30	  80	  70	 451	1031882	1032413	   0	 500	
 442	 444	  80	   1	 512	   2	   1	   6	  17	  27	  30	  80	  70	 417	1034109	1034621	   0	 510	
 443	 445	  30	   1	 451	   1	   1	   7	  17	  27	  30	  80	  70	 662	1036562	1037013	   0	 520	
 444	 446	  80	   2	 501	   2	   1	   7	  18	  27	  30	  80	  70	 328	1038616	1039117	   0	 510	
 445	 447	  30	   2	 478	   1	   1	   8	  18	  27	  30	  80	  70	 422	1040815	1041293	   0	 500	
 446	 448	  80	   1	 392	   2	   1	   8	  19	  27	  30	  80	  70	 337	1042909	1043301	   0	 510	
 447	 449	  30	   2	 391	   1	   1	   9	  19	  27	  30	  80	  70	 602	1045189	1045580	   0	 500	
 448	 450	  70	   2	 287	   3	   1	   9	  19	  28	  30	  80	  70	 689	1047549	1047836	   0	 490	
 449	 451	  30	   2	 357	   1	   1	  10	  19	  28	  30	  80	  70	 495	1049615	1049972	   0	 480	
 450	 452	  80	   1	 330	   2	   1	  10	  20	  28	  30	  80	  70	 548	1051802	1052132	   0	 490	
 451	 453	  70	   1	 514	   3	   1	  10	  20	  29	  30	  80	  70	 492	1053922	1054436	   0	 500	
 452	 454	  80	   1	 480	   2	   1	  10	  21	  29	  30	  80	  70	 471	1056188	1056668	   0	 510	
 453	 455	  30	   1	 426	   1	   1	  11	  21	  29	  30	  80	  70	 447	1058402	1058828	   0	 520	
 454	 456	  80	   1	 424	   2	   1	  11	  22	  29	  30	  80	  70	 388	1060508	1060932	   0	 530	
 455	 457	  70	   1	 253	   3	   1	  11	  22	  30	  30	  80	  70	 484	1062695	1062948	   0	 540	
 456	 458	  30	   2	 387	   1	   1	  12	  22	  30	  30	  80	  70	 611	1064841	1065228	   0	 530	
 457	 459	  70	   1	 357	   3	   1	  12	  22	  31	  30	  80	  70	 534	1067055	1067412	   0	 540	
 458	 460	  30	   2	 318	   1	   1	  13	  22	  31	  30	  80	  70	 688	1069374	1069692	   0	 530	
 459	 461	  80	   1	 358	   2	   1	  13	  23	  31	  30	  80	  70	 479	1071454	1071812	   0	 540	
 460	 462	  70	   3	 363	   3	   2	  13	  23	  32	  30	  80	  70	 387	1073481	1073844	   0	 540	
 461	 463	  30	   1	 544	   1	   1	  14	  23	  32	  30	  80	  70	 354	1075508	1076052	   0	 550	
 462	 464	  80	   1	 689	   2	   1	  14	  24	  32	  30	  80	  70	 695	1078027	1078716	   0	 560	
 463	 465	  30	   4	 441	   1	   2	  15	  24	  32	  30	  80	  70	 387	1080387	1080828	   0	 560	
 464	 466	  70	   1	 451	   3	   1	  15	  24	  33	  30	  80	  70	 601	1082721	1083172	   0	 570	
 465	 467	  80	   2	 497	   2	   1	  15	  25	  33	  30	  80	  70	 614	1085067	1085564	   0	 560	
 466	 468	  70	   2	 321	   3	   1	  15	  25	  34	  30	  80	  70	 538	1087387	1087708	   0	 550	
 467	 469	  30	   2	 372	   1	   1	  16	  25	  34	  30	  80	  70	 564	1089560	1089932	   0	 540	
 468	 470	  80	   1	 276	   2	   1	  16	  26	  34	  30	  80	  70	 547	1091760	1092036	   0	 550	
 469	 471	  30	   1	 340	   1	   1	  17	  26	  34	  30	  80	  70	 651	1093960	1094300	   0	 560	
 470	 472	  70	   1	 375	   3	   1	  17	  26	  35	  30	  80	  70	 632	1096213	1096588	   0	 570	
 471	 473	  30	   2	 371	   1	   1	  18	  26	  35	  30	  80	  70	 538	1098440	1098811	   0	 560	
 472	 474	  80	   1	 307	   2	   1	  18	  27	  35	  30	  80	  70	 635	1100720	1101027	   0	 570	
 473	 475	  30	   2	 339	   1	   1	  19	  27	  35	  30	  80	  70	 488	1102800	1103139	   0	 560	
 474	 476	  50	   2	 299	   3	   1	  19	  27	   1	  30	  80	  50	 309	1104760	1105059	   3	 550	
 475	 477	  80	   1	 499	   2	   1	  19	  28	   1	  30	  80	  50	 617	1106960	1107459	   0	 560	
 476	 478	  50	   1	 326	   3	   1	  19	  28	   2	  30	  80	  50	 546	1109293	1109619	   0	 570	
 477	 479	  80	   2	 438	   2	   1	  19	  29	   2	  30	  80	  50	 397	1111293	1111731	   0	 560	
 478	 480	  30	   2	 478	   1	   1	  20	  29	   2	  30	  80	  50	 491	1113493	1113971	   0	 550	
 479	 481	  50	   2	 377	   3	   1	  20	  29	   3	  30	  80	  50	 574	1115826	1116203	   0	 540	
 480	 482	  80	   1	 449	   2	   1	  20	  30	   3	  30	  80	  50	 505	1117986	1118435	   0	 550	
 481	 483	  50	   4	 489	   3	   2	  20	  30	   4	  30	  80	  50	 322	1120066	1120555	   0	 550	
 482	 484	  20	   1	 798	   2	   1	  20	   1	   4	  30	  20	  50	 438	1122293	1123091	   2	 560	
 483	 485	  30	   2	 713	   1	   1	  21	   1	   4	  30	  20	  50	 454	1124826	1125539	   0	 550	
 484	 486	  20	   4	 540	   2	   2	  21	   2	   4	  30	  20	  50	 417	1127239	1127779	   0	 550	
 485	 487	  50	   1	 388	   3	   1	  21	   2	   5	  30	  20	  50	 336	1129399	1129787	   0	 560	
 486	 488	  20	   4	 572	   2	   2	  21	   3	   5	  30	  20	  50	 570	1131639	1132211	   0	 560	
 487	 489	  30	   1	 423	   1	   1	  22	   3	   5	  30	  20	  50	 482	1133972	1134395	   0	 570	
 488	 490	  50	   3	 623	   3	   2	  22	   3	   6	  30	  20	  50	 302	1135972	1136595	   0	 570	
 489	 491	  30	   3	 423	   1	   2	  23	   3	   6	  30	  20	  50	 458	1138332	1138755	   0	 570	
 490	 492	  50	   3	 586	   3	   2	  23	   3	   7	  30	  20	  50	 429	1140465	1141051	   0	 570	
 491	 493	  20	   3	 447	   2	   2	  23	   4	   7	  30	  20	  50	 459	1142812	1143259	   0	 570	
 492	 494	  50	   3	 434	   3	   2	  23	   4	   8	  30	  20	  50	 601	1145145	1145579	   0	 570	
 493	 495	  30	   2	 639	   1	   1	  24	   4	   8	  30	  20	  50	 466	1147332	1147971	   0	 560	
 494	 496	  20	   2	 575	   2	   1	  24	   5	   8	  30	  20	  50	 387	1149652	1150227	   0	 550	
 495	 497	  50	   2	 468	   3	   1	  24	   5	   9	  30	  20	  50	 325	1151838	1152306	   0	 540	
 496	 498	  30	   2	 564	   1	   1	  25	   5	   9	  30	  20	  50	 486	1154078	1154642	   0	 530	
 497	 499	  50	   2	 473	   3	   1	  25	   5	  10	  30	  20	  50	 538	1156465	1156938	   0	 520	
 498	 500	  30	   4	 441	   1	   2	  26	   5	  10	  30	  20	  50	 599	1158825	1159266	   0	 520	
 499	 501	  50	   3	 369	   3	   2	  26	   5	  11	  30	  20	  50	 512	1161065	1161434	   0	 520	
 500	 502	  20	   4	 444	   2	   2	  26	   6	  11	  30	  20	  50	 409	1163118	1163562	   0	 520	
 501	 503	  30	   4	 500	   1	   2	  27	   6	  11	  30	  20	  50	 570	1165438	1165938	   0	 520	
 502	 504	  50	   4	 439	   3	   2	  27	   6	  12	  30	  20	  50	 588	1167811	1168250	   0	 520	
 503	 505	  30	   3	 386	   1	   2	  28	   6	  12	  30	  20	  50	 679	1170224	1170610	   0	 520	
 504	 506	  20	   4	 509	   2	   2	  28	   7	  12	  30	  20	  50	 336	1172237	1172746	   0	 520	
 505	 507	  50	   3	 469	   3	   2	  28	   7	  13	  30	  20	  50	 443	1174477	1174946	   0	 520	
 506	 508	  20	   4	 682	   2	   2	  28	   8	  13	  30	  20	  50	 518	1176744	1177426	   0	 520	
 507	 509	  50	   3	 479	   3	   2	  28	   8	  14	  30	  20	  50	 300	1179011	1179490	   0	 520	
 508	 510	  30	   4	 376	   1	   2	  29	   8	  14	  30	  20	  50	 395	1181170	1181546	   0	 520	
 509	 511	  50	   4	 440	   3	   2	  29	   8	  15	  30	  20	  50	 658	1183490	1183930	   0	 520	
 510	 512	  30	   4	 432	   1	   2	  30	   8	  15	  30	  20	  50	 506	1185730	1186162	   0	 520	
 511	 513	  20	   2	 338	   2	   1	  30	   9	  15	  30	  20	  50	 311	1187784	1188122	   0	 510	
 512	 514	  30	   4	 411	   1	   2	  31	   9	  15	  30	  20	  50	 464	1189863	1190274	   0	 510	
 513	 515	  50	   4	 421	   3	   2	  31	   9	  16	  30	  20	  50	 650	1192197	1192618	   0	 510	
 514	 516	  30	   4	 352	   1	   2	  32	   9	  16	  30	  20	  50	 673	1194570	1194922	   0	 510	
 515	 517	  20	   4	 475	   2	   2	  32	  10	  16	  30	  20	  50	 341	1196543	1197018	   0	 510	
 516	 518	  50	   3	 432	   3	   2	  32	  10	  17	  30	  20	  50	 437	1198730	1199162	   0	 510	
 517	 519	  20	   4	 443	   2	   2	  32	  11	  17	  30	  20	  50	 657	1201103	1201546	   0	 510	
 518	 520	  30	   4	 368	   1	   2	  33	  11	  17	  30	  20	  50	 423	1203250	1203618	   0	 510	
 519	 521	  20	   4	 533	   2	   2	  33	  12	  17	  30	  20	  50	 374	1205276	1205809	   0	 510	
 520	 522	  50	   4	 415	   3	   2	  33	  12	  18	  30	  20	  50	 348	1207450	1207865	   0	 510	
 521	 523	  80	   4	 776	   1	   2	   1	  12	  18	  80	  20	  50	 384	1209569	1210345	   1	 510	
 522	 524	  50	   3	 525	   3	   2	   1	  12	  19	  80	  20	  50	 564	1212196	1212721	   0	 510	
 523	 525	  80	   3	 378	   1	   2	   2	  12	  19	  80	  20	  50	 381	1214383	1214761	   0	 510	
 524	 526	  50	   4	 464	   3	   2	   2	  12	  20	  80	  20	  50	 569	1216609	1217073	   0	 510	
 525	 527	  80	   1	 659	   1	   1	   3	  12	  20	  80	  20	  50	 476	1218822	1219481	   0	 520	
 526	 528	  50	   4	 432	   3	   2	   3	  12	  21	  80	  20	  50	 359	1221129	1221561	   0	 520	
 527	 529	  80	   4	 475	   1	   2	   4	  12	  21	  80	  20	  50	 416	1223262	1223737	   0	 520	
 528	 530	  50	   4	 461	   3	   2	   4	  12	  22	  80	  20	  50	 460	1225476	1225937	   0	 520	
 529	 531	  80	   1	 395	   1	   1	   5	  12	  22	  80	  20	  50	 441	1227662	1228057	   0	 530	
 530	 532	  50	   3	 350	   3	   2	   5	  12	  23	  80	  20	  50	 621	1229955	1230305	   0	 530	
 531	 533	  80	   1	 376	   1	   1	   6	  12	  23	  80	  20	  50	 677	1232289	1232665	   0	 540	
 532	 534	  20	   4	 352	   2	   2	   6	  13	  23	  80	  20	  50	 695	1234649	1235001	   0	 540	
 533	 535	  50	   1	 574	   3	   1	   6	  13	  24	  80	  20	  50	 392	1236675	1237249	   0	 550	
 534	 536	  20	   3	 393	   2	   2	   6	  14	  24	  80	  20	  50	 354	1238888	1239281	   0	 550	
 535	 537	  80	   1	 569	   1	   1	   7	  14	  24	  80	  20	  50	 684	1241248	1241817	   0	 560	
 536	 538	  50	   3	 366	   3	   2	   7	  14	  25	  80	  20	  50	 579	1243675	1244041	   0	 560	
 537	 539	  20	   2	 529	   2	   1	   7	  15	  25	  80	  20	  50	 526	1245848	1246377	   0	 550	
 538	 540	  50	   1	 513	   3	   1	   7	  15	  26	  80	  20	  50	 670	1248328	1248841	   0	 560	
 539	 541	  20	   3	 337	   2	   2	   7	  16	  26	  80	  20	  50	 684	1250808	1251145	   0	 560	
 540	 542	  50	   2	 444	   3	   1	   7	  16	  27	  80	  20	  50	 677	1253101	1253545	   0	 550	
 541	 543	  20	   2	 468	   2	   1	   7	  17	  27	  80	  20	  50	 483	1255341	1255809	   0	 540	
 542	 544	  80	   1	 444	   1	   1	   8	  17	  27	  80	  20	  50	 412	1257501	1257945	   0	 550	
 543	 545	  20	   2	 368	   2	   1	   8	  18	  27	  80	  20	  50	 462	1259688	1260056	   0	 540	
 544	 546	  50	   2	 392	   3	   1	   8	  18	  28	  80	  20	  50	 398	1261728	1262120	   0	 530	
 545	 547	  20	   2	 443	   2	   1	   8	  19	  28	  80	  20	  50	 380	1263781	1264224	   0	 520	
 546	 548	  80	   1	 390	   1	   1	   9	  19	  28	  80	  20	  50	 564	1266074	1266464	   0	 530	
 547	 549	  50	   3	 350	   3	   2	   9	  19	  29	  80	  20	  50	 687	1268434	1268784	   0	 530	
 548	 550	  20	   4	 345	   2	   2	   9	  20	  29	  80	  20	  50	 414	1270487	1270832	   0	 530	
 549	 551	  80	   1	 366	   1	   1	  10	  20	  29	  80	  20	  50	 406	1272514	1272880	   0	 540	
 550	 552	  20	   2	 470	   2	   1	  10	  21	  29	  80	  20	  50	 548	1274714	1275184	   0	 530	
 551	 553	  80	   1	 393	   1	   1	  11	  21	  29	  80	  20	  50	 391	1276887	1277280	   0	 540	
 552	 554	  50	   4	 340	   3	   2	  11	  21	  30	  80	  20	  50	 494	1279060	1279400	   0	 540	
 553	 555	  20	   3	 444	   2	   2	  11	  22	  30	  80	  20	  50	 695	1281380	1281824	   0	 540	
 554	 556	  50	   3	 404	   3	   2	  11	  22	  31	  80	  20	  50	 628	1283740	1284144	   0	 540	
 555	 557	  80	   1	 448	   1	   1	  12	  22	  31	  80	  20	  50	 612	1286032	1286480	   0	 550	
 556	 558	  50	   4	 625	   3	   2	  12	  22	  32	  80	  20	  50	 490	1288247	1288872	   0	 550	
 557	 559	  80	   1	 556	   1	   1	  13	  22	  32	  80	  20	  50	 467	1290620	1291176	   0	 560	
 558	 560	  50	   4	 532	   3	   2	  13	  22	  33	  80	  20	  50	 611	1293060	1293592	   0	 560	
 559	 561	  80	   4	 575	   1	   2	  14	  22	  33	  80	  20	  50	 603	1295473	1296048	   0	 560	
 560	 562	  20	   4	 519	   2	   2	  14	  23	  33	  80	  20	  50	 575	1297913	1298432	   0	 560	
 561	 563	  30	   4	 743	   3	   2	  14	  23	   1	  80	  20	  30	 383	1300153	1300896	   3	 560	
 562	 564	  20	   4	 525	   2	   2	  14	  24	   1	  80	  20	  30	 404	1302579	1303104	   0	 560	
 563	 565	  80	   3	 487	   1	   2	  15	  24	   1	  80	  20	  30	 323	1304713	1305200	   0	 560	
 564	 566	  20	   4	 605	   2	   2	  15	  25	   1	  80	  20	  30	 495	1306979	1307584	   0	 560	
 565	 567	  80	   2	 442	   1	   1	  16	  25	   1	  80	  20	  30	 584	1309446	1309888	   0	 550	
 566	 568	  30	   2	 468	   3	   1	  16	  25	   2	  80	  20	  30	 486	1311659	1312127	   0	 540	
 567	 569	  20	   4	 519	   2	   2	  16	  26	   2	  80	  20	  30	 694	1314112	1314631	   0	 540	
 568	 570	  80	   1	 415	   1	   1	  17	  26	   2	  80	  20	  30	 628	1316552	1316967	   0	 550	
 569	 571	  20	   4	 404	   2	   2	  17	  27	   2	  80	  20	  30	 687	1318939	1319343	   0	 550	
 570	 572	  80	   1	 589	   1	   1	  18	  27	   2	  80	  20	  30	 439	1321058	1321647	   0	 560	
 571	 573	  30	   4	 514	   3	   2	  18	  27	   3	  80	  20	  30	 599	1323565	1324079	   0	 560	
 572	 574	  20	   3	 548	   2	   2	  18	  28	   3	  80	  20	  30	 617	1325979	1326527	   0	 560	
 573	 575	  30	   4	 596	   3	   2	  18	  28	   4	  80	  20	  30	 401	1328219	1328815	   0	 560	
 574	 576	  20	   2	 511	   2	   1	  18	  29	   4	  80	  20	  30	 381	1330472	1330983	   0	 550	
 575	 577	  80	   1	 415	   1	   1	  19	  29	   4	  80	  20	  30	 323	1332592	1333007	   0	 560	
 576	 578	  20	   4	 474	   2	   2	  19	  30	   4	  80	  20	  30	 630	1334925	1335399	   0	 560	
 577	 579	  30	   1	 498	   3	   1	  19	  30	   5	  80	  20	  30	 444	1337125	1337623	   0	 570	
 578	 580	  20	   4	 432	   2	   2	  19	  31	   5	  80	  20	  30	 366	1339271	1339703	   0	 570	
 579	 581	  80	   1	 530	   1	   1	  20	  31	   5	  80	  20	  30	 494	1341485	1342015	   0	 580	
 580	 582	  20	   4	 448	   2	   2	  20	  32	   5	  80	  20	  30	 343	1343631	1344079	   0	 580	
 581	 583	  30	   2	 485	   3	   1	  20	  32	   6	  80	  20	  30	 432	1345818	1346303	   0	 570	
 582	 584	  20	   2	 488	   2	   1	  20	  33	   6	  80	  20	  30	 405	1347991	1348479	   0	 560	
 583	 585	  30	   1	 416	   3	   1	  20	  33	   7	  80	  20	  30	 551	1350311	1350727	   0	 570	
 584	 586	  80	   1	 496	   1	   1	  21	  33	   7	  80	  20	  30	 417	1352431	1352927	   0	 580	
 585	 587	  30	   4	 435	   3	   2	  21	  33	   8	  80	  20	  30	 307	1354524	1354959	   0	 580	
 586	 588	  80	   2	 398	   1	   1	  22	  33	   8	  80	  20	  30	 664	1356897	1357295	   0	 570	
 587	 589	  20	   2	 456	   2	   1	  22	  34	   8	  80	  20	  30	 498	1359071	1359527	   0	 560	
 588	 590	  30	   2	 534	   3	   1	  22	  34	   9	  80	  20	  30	 447	1361257	1361791	   0	 550	
 589	 591	  80	   1	 506	   1	   1	  23	  34	   9	  80	  20	  30	 372	1363444	1363950	   0	 560	
 590	 592	  20	   4	 456	   2	   2	  23	  35	   9	  80	  20	  30	 310	1365551	1366007	   0	 560	
 591	 593	  80	   3	 400	   1	   2	  24	  35	   9	  80	  20	  30	 397	1367710	1368110	   0	 560	
 592	 594	  70	   3	 674	   2	   2	  24	   1	   9	  80	  70	  30	 447	1369884	1370558	   2	 560	
 593	 595	  80	   1	 570	   1	   1	  25	   1	   9	  80	  70	  30	 487	1372324	1372894	   0	 570	
 594	 596	  30	   3	 557	   3	   2	  25	   1	  10	  80	  70	  30	 370	1374537	1375094	   0	 570	
 595	 597	  80	   1	 451	   1	   1	  26	   1	  10	  80	  70	  30	 356	1376723	1377174	   0	 580	
 596	 598	  70	   1	 765	   2	   1	  26	   2	  10	  80	  70	  30	 487	1378937	1379702	   0	 590	
 597	 599	  80	   3	 491	   1	   2	  27	   2	  10	  80	  70	  30	 498	1381483	1381974	   0	 590	
 598	 600	  30	   2	 621	   3	   1	  27	   2	  11	  80	  70	  30	 610	1383857	1384478	   0	 580	
 599	 601	  80	   2	 398	   1	   1	  28	   2	  11	  80	  70	  30	 374	1386136	1386534	   0	 570	
 600	 602	  70	   1	 328	   2	   1	  28	   3	  11	  80	  70	  30	 503	1388310	1388638	   0	 580	
 601	 603	  30	   4	 846	   3	   2	  28	   3	  12	  80	  70	  30	 467	1390416	1391262	   0	 580	
 602	 604	  70	   1	 451	   2	   1	  28	   4	  12	  80	  70	  30	 653	1393203	1393654	   0	 590	
 603	 605	  30	   4	 489	   3	   2	  28	   4	  13	  80	  70	  30	 383	1395309	1395798	   0	 590	
 604	 606	  70	   2	 419	   2	   1	  28	   5	  13	  80	  70	  30	 368	1397443	1397862	   0	 580	
 605	 607	  30	   2	 497	   3	   1	  28	   5	  14	  80	  70	  30	 405	1399549	1400046	   0	 570	
 606	 608	  70	   3	 462	   2	   2	  28	   6	  14	  80	  70	  30	 446	1401776	1402238	   0	 570	
 607	 609	  30	   1	 521	   3	   1	  28	   6	  15	  80	  70	  30	 669	1404189	1404710	   0	 580	
 608	 610	  80	   1	 636	   1	   1	  29	   6	  15	  80	  70	  30	 604	1406602	1407238	   0	 590	
 609	 611	  70	   2	 417	   2	   1	  29	   7	  15	  80	  70	  30	 309	1408829	1409246	   0	 580	
 610	 612	  30	   2	 396	   3	   1	  29	   7	  16	  80	  70	  30	 549	1411082	1411478	   0	 570	
 611	 613	  70	   1	 316	   2	   1	  29	   8	  16	  80	  70	  30	 334	1413122	1413438	   0	 580	
 612	 614	  80	   1	 425	   1	   1	  30	   8	  16	  80	  70	  30	 518	1415229	1415654	   0	 590	
 613	 615	  70	   1	 340	   2	   1	  30	   9	  16	  80	  70	  30	 674	1417602	1417942	   0	 600	
 614	 616	  30	   2	 412	   3	   1	  30	   9	  17	  80	  70	  30	 665	1419882	1420294	   0	 590	
 615	 617	  50	   4	 746	   1	   2	   1	   9	  17	  50	  70	  30	 519	1422107	1422853	   1	 590	
 616	 618	  30	   2	 457	   3	   1	   1	   9	  18	  50	  70	  30	 699	1424828	1425285	   0	 580	
 617	 619	  70	   2	 398	   2	   1	   1	  10	  18	  50	  70	  30	 599	1427175	1427573	   0	 570	
 618	 620	  30	   1	 371	   3	   1	   1	  10	  19	  50	  70	  30	 470	1429322	1429693	   0	 580	
 619	 621	  70	   1	 438	   2	   1	   1	  11	  19	  50	  70	  30	 449	1431415	1431853	   0	 590	
 620	 622	  50	   2	 369	   1	   1	   2	  11	  19	  50	  70	  30	 541	1433668	1434037	   0	 580	
 621	 623	  70	   1	 353	   2	   1	   2	  12	  19	  50	  70	  30	 688	1436028	1436381	   0	 590	
 622	 624	  50	   2	 422	   1	   1	   3	  12	  19	  50	  70	  30	 634	1438295	1438717	   0	 580	
 623	 625	  30	   1	 393	   3	   1	   3	  12	  20	  50	  70	  30	 392	1440388	1440781	   0	 590	
 624	 626	  70	   1	 473	   2	   1	   3	  13	  20	  50	  70	  30	 331	1442388	1442861	   0	 600	
 625	 627	  50	   3	 343	   1	   2	   4	  13	  20	  50	  70	  30	 510	1444654	1444997	   0	 600	
 626	 628	  30	   1	 407	   3	   1	   4	  13	  21	  50	  70	  30	 382	1446654	1447061	   0	 610	
 627	 629	  50	   3	 596	   1	   2	   5	  13	  21	  50	  70	  30	 380	1448721	1449317	   0	 610	
 628	 630	  70	   1	 620	   2	   1	   5	  14	  21	  50	  70	  30	 331	1450921	1451541	   0	 620	
 629	 631	  30	   2	 436	   3	   1	   5	  14	  22	  50	  70	  30	 500	1453321	1453757	   0	 610	
 630	 632	  50	   4	 658	   1	   2	   6	  14	  22	  50	  70	  30	 318	1455347	1456005	   0	 610	
 631	 633	  70	   2	 426	   2	   1	   6	  15	  22	  50	  70	  30	 312	1457627	1458053	   0	 600	
 632	 634	  30	   2	 426	   3	   1	   6	  15	  23	  50	  70	  30	 524	1459867	1460293	   0	 590	
 633	 635	  50	   3	 543	   1	   2	   7	  15	  23	  50	  70	  30	 352	1461934	1462477	   0	 590	
 634	 636	  30	   2	 474	   3	   1	   7	  15	  24	  50	  70	  30	 316	1464067	1464541	   0	 580	
 635	 637	  50	   1	 354	   1	   1	   8	  15	  24	  50	  70	  30	 483	1466307	1466661	   0	 590	
 636	 638	  30	   2	 361	   3	   1	   8	  15	  25	  50	  70	  30	 679	1468612	1468973	   0	 580	
 637	 639	  70	   1	 381	   2	   1	   8	  16	  25	  50	  70	  30	 613	1470880	1471261	   0	 590	
 638	 640	  50	   1	 448	   1	   1	   9	  16	  25	  50	  70	  30	 313	1472853	1473301	   0	 600	
 639	 641	  70	   1	 383	   2	   1	   9	  17	  25	  50	  70	  30	 677	1475253	1475636	   0	 610	
 640	 642	  30	   2	 362	   3	   1	   9	  17	  26	  50	  70	  30	 669	1477586	1477948	   0	 600	
 641	 643	  50	   2	 316	   1	   1	  10	  17	  26	  50	  70	  30	 335	1479600	1479916	   0	 590	
 642	 644	  70	   1	 292	   2	   1	  10	  18	  26	  50	  70	  30	 529	1481720	1482012	   0	 600	
 643	 645	  30	   1	 535	   3	   1	  10	  18	  27	  50	  70	  30	 429	1483733	1484268	   0	 610	
 644	 646	  70	   2	 466	   2	   1	  10	  19	  27	  50	  70	  30	 318	1485866	1486332	   0	 600	
 645	 647	  50	   3	 282	   1	   2	  11	  19	  27	  50	  70	  30	 528	1488146	1488428	   0	 600	
 646	 648	  30	   2	 311	   3	   1	  11	  19	  28	  50	  70	  30	 698	1490413	1490724	   0	 590	
 647	 649	  50	   2	 423	   1	   1	  12	  19	  28	  50	  70	  30	 370	1492373	1492796	   0	 580	
 648	 650	  30	   2	 415	   3	   1	  12	  19	  29	  50	  70	  30	 340	1494413	1494828	   0	 570	
 649	 651	  70	   2	 402	   2	   1	  12	  20	  29	  50	  70	  30	 551	1496666	1497068	   0	 560	
 650	 652	  30	   1	 362	   3	   1	  12	  20	  30	  50	  70	  30	 596	1498946	1499308	   0	 570	
 651	 653	  50	   4	 362	   1	   2	  13	  20	  30	  50	  70	  30	 484	1501106	1501468	   0	 570	
 652	 654	  70	   2	 405	   2	   1	  13	  21	  30	  50	  70	  30	 646	1503399	1503804	   0	 560	
 653	 655	  50	   1	 347	   1	   1	  14	  21	  30	  50	  70	  30	 494	1505585	1505932	   0	 570	
 654	 656	  70	   1	 368	   2	   1	  14	  22	  30	  50	  70	  30	 635	1507852	1508220	   0	 580	
 655	 657	  30	   2	 397	   3	   1	  14	  22	   1	  50	  70	  30	 498	1509999	1510396	   0	 570	
 656	 658	  50	   1	 384	   1	   1	  15	  22	   1	  50	  70	  30	 625	1512292	1512676	   0	 580	
 657	 659	  30	   2	 440	   3	   1	  15	  22	   2	  50	  70	  30	 335	1514292	1514732	   0	 570	
 658	 660	  70	   3	 392	   2	   2	  15	  23	   2	  50	  70	  30	 586	1516612	1517004	   0	 570	
 659	 661	  30	   2	 390	   3	   1	  15	  23	   3	  50	  70	  30	 316	1518598	1518988	   0	 560	
 660	 662	  70	   1	 336	   2	   1	  15	  24	   3	  50	  70	  30	 503	1520772	1521108	   0	 570	
 661	 663	  30	   2	 534	   3	   1	  15	  24	   4	  50	  70	  30	 414	1522838	1523372	   0	 560	
 662	 664	  70	   1	 411	   2	   1	  15	  25	   4	  50	  70	  30	 487	1525145	1525556	   0	 570	
 663	 665	  50	   4	 531	   1	   2	  16	  25	   4	  50	  70	  30	 315	1527145	1527676	   0	 570	
 664	 666	  30	   1	 389	   3	   1	  16	  25	   5	  50	  70	  30	 405	1529358	1529747	   0	 580	
 665	 667	  70	   1	 426	   2	   1	  16	  26	   5	  50	  70	  30	 512	1531545	1531971	   0	 590	
 666	 668	  30	   2	 443	   3	   1	  16	  26	   6	  50	  70	  30	 320	1533584	1534027	   0	 580	
 667	 669	  50	   3	 403	   1	   2	  17	  26	   6	  50	  70	  30	 468	1535784	1536187	   0	 580	
 668	 670	  70	   2	 408	   2	   1	  17	  27	   6	  50	  70	  30	 543	1538011	1538419	   0	 570	
 669	 671	  50	   2	 320	   1	   1	  18	  27	   6	  50	  70	  30	 429	1540131	1540451	   0	 560	
 670	 672	  30	   3	 451	   3	   2	  18	  27	   7	  50	  70	  30	 401	1542144	1542595	   0	 560	
 671	 673	  70	   1	 374	   2	   1	  18	  28	   7	  50	  70	  30	 625	1544517	1544891	   0	 570	
 672	 674	  30	   2	 347	   3	   1	  18	  28	   8	  50	  70	  30	 440	1546624	1546971	   0	 560	
 673	 675	  50	   3	 472	   1	   2	  19	  28	   8	  50	  70	  30	 595	1548851	1549323	   0	 560	
 674	 676	  70	   1	 443	   2	   1	  19	  29	   8	  50	  70	  30	 695	1551304	1551747	   0	 570	
 675	 677	  30	   2	 539	   3	   1	  19	  29	   9	  50	  70	  30	 310	1553344	1553883	   0	 560	
 676	 678	  50	   2	 411	   1	   1	  20	  29	   9	  50	  70	  30	 698	1555864	1556275	   0	 550	
 677	 679	  70	   2	 382	   2	   1	  20	  30	   9	  50	  70	  30	 403	1557957	1558339	   0	 540	
 678	 680	  50	   1	 382	   1	   1	  21	  30	   9	  50	  70	  30	 545	1560157	1560539	   0	 550	
 679	 681	  30	   3	 428	   3	   2	  21	  30	  10	  50	  70	  30	 520	1562343	1562771	   0	 550	
 680	 682	  50	   3	 470	   1	   2	  22	  30	  10	  50	  70	  30	 696	1564757	1565227	   0	 550	
 681	 683	  30	   2	 529	   3	   1	  22	  30	  11	  50	  70	  30	 591	1567130	1567659	   0	 540	
 682	 684	  50	   3	 788	   1	   2	  23	  30	  11	  50	  70	  30	 401	1569343	1570131	   0	 540	
 683	 685	  70	   1	 359	   2	   1	  23	  31	  11	  50	  70	  30	 694	1572116	1572475	   0	 550	
 684	 686	  50	   4	 449	   1	   2	  24	  31	  11	  50	  70	  30	 418	1574170	1574619	   0	 550	
 685	 687	  70	   3	 492	   2	   2	  24	  32	  11	  50	  70	  30	 689	1576583	1577075	   0	 550	
 686	 688	  50	   2	 369	   1	   1	  25	  32	  11	  50	  70	  30	 333	1578690	1579059	   0	 540	
 687	 689	  30	   2	 450	   3	   1	  25	  32	  12	  50	  70	  30	 592	1580929	1581379	   0	 530	
 688	 690	  50	   2	 478	   1	   1	  26	  32	  12	  50	  70	  30	 613	1583276	1583754	   0	 520	
 689	 691	  30	   2	 414	   3	   1	  26	  32	  13	  50	  70	  30	 565	1585596	1586010	   0	 510	
 690	 692	  70	   1	 475	   2	   1	  26	  33	  13	  50	  70	  30	 605	1587903	1588378	   0	 520	
 691	 693	  30	   4	 588	   3	   2	  26	  33	  14	  50	  70	  30	 694	1590382	1590970	   0	 520	
 692	 694	  50	   4	 497	   1	   2	  27	  33	  14	  50	  70	  30	 472	1592729	1593226	   0	 520	
 693	 695	  70	   2	 412	   2	   1	  27	  34	  14	  50	  70	  30	 356	1594862	1595274	   0	 510	
 694	 696	  30	   1	 481	   3	   1	  27	  34	  15	  50	  70	  30	 536	1597089	1597570	   0	 520	
 695	 697	  50	   3	 444	   1	   2	  28	  34	  15	  50	  70	  30	 365	1599222	1599666	   0	 520	
 696	 698	  30	   2	 513	   3	   1	  28	  34	  16	  50	  70	  30	 302	1601249	1601762	   0	 510	
 697	 699	  50	   2	 375	   1	   1	  29	  34	  16	  50	  70	  30	 557	1603595	1603970	   0	 500	
 698	 700	  30	   2	 415	   3	   1	  29	  34	  17	  50	  70	  30	 585	1605835	1606250	   0	 490	
 699	 701	  70	   1	 527	   2	   1	  29	  35	  17	  50	  70	  30	 337	1607875	1608402	   0	 500	
 700	 702	  30	   2	 426	   3	   1	  29	  35	  18	  50	  70	  30	 610	1610288	1610714	   0	 490	
 701	 703	  50	   1	 450	   1	   1	  30	  35	  18	  50	  70	  30	 536	1612568	1613018	   0	 500	
 702	 704	  30	   1	 452	   3	   1	  30	  35	  19	  50	  70	  30	 606	1614902	1615354	   0	 510	
 703	 705	  50	   4	 565	   1	   2	  31	  35	  19	  50	  70	  30	 573	1617221	1617786	   0	 510	
 704	 706	  70	   1	 479	   2	   1	  31	   1	  19	  50	  70	  30	 608	1619675	1620154	   0	 520	
 705	 707	  50	   4	 490	   1	   2	  32	   1	  19	  50	  70	  30	 608	1622048	1622538	   0	 520	
 706	 708	  30	   1	 605	   3	   1	  32	   1	  20	  50	  70	  30	 446	1624261	1624866	   0	 530	
 707	 709	  50	   3	 402	   1	   2	  33	   1	  20	  50	  70	  30	 583	1626728	1627130	   0	 530	
 708	 710	  30	   3	 648	   3	   2	  33	   1	  21	  50	  70	  30	 499	1628914	1629562	   0	 530	
 709	 711	  70	   1	 485	   2	   1	  33	   2	  21	  50	  70	  30	 344	1631181	1631666	   0	 540	
 710	 712	  50	   4	 429	   1	   2	   1	   2	  21	  50	  70	  30	 628	1633581	1634010	   0	 540	
