Version: 1	Number of symbols: 3	Pictures exchange: true	Response Deadline: 2000
Trial_No	Virt_Trial_No	Prob_Shown	Feedback	RT	Stimulus_No	Resp	SymbolA_Stage	SymbolB_Stage	SymbolC_Stage	Prob_A	Prob_B	Prob_C	Jitter	StimOnset	RespOnset	Symbol_Changes	Bonus_sum
   1	   1	  30	   4	1253	   1	   2	   1	   0	   0	  30	  70	  50	 526	1700	2953	   0	   0	
   2	   2	  50	   4	1097	   3	   2	   1	   0	   1	  30	  70	  50	 527	4784	5881	   0	   0	
   3	   3	  30	   2	 696	   1	   1	   2	   0	   1	  30	  70	  50	 425	7601	8297	   0	 -10	
   4	   4	  50	   3	1091	   3	   2	   2	   0	   2	  30	  70	  50	 486	10086	11177	   0	 -10	
   5	   5	  70	   3	 996	   2	   2	   2	   1	   2	  30	  70	  50	 373	12853	13849	   0	 -10	
   6	   6	  30	   4	 798	   1	   2	   3	   1	   2	  30	  70	  50	 639	15787	16585	   0	 -10	
   7	   7	  50	   4	 904	   3	   2	   3	   1	   3	  30	  70	  50	 418	18321	19225	   0	 -10	
   8	   8	  70	   1	 530	   2	   1	   3	   2	   3	  30	  70	  50	 330	20855	21385	   0	   0	
   9	   9	  50	   4	 737	   3	   2	   3	   2	   4	  30	  70	  50	 567	23256	23993	   0	   0	
  10	  10	  30	   3	 393	   1	   2	   4	   2	   4	  30	  70	  50	 518	25824	26217	   0	   0	
  11	  11	  50	   3	 624	   3	   2	   4	   2	   5	  30	  70	  50	 507	28041	28665	   0	   0	
  12	  12	  70	   3	 707	   2	   2	   4	   3	   5	  30	  70	  50	 394	30358	31065	   0	   0	
  13	  13	  50	   4	 629	   3	   2	   4	   3	   6	  30	  70	  50	 316	32692	33321	   0	   0	
  14	  14	  70	   2	 516	   2	   1	   4	   4	   6	  30	  70	  50	 468	35093	35609	   0	 -10	
  15	  15	  50	   3	 813	   3	   2	   4	   4	   7	  30	  70	  50	 327	37244	38057	   0	 -10	
  16	  16	  30	   3	 526	   1	   2	   5	   4	   7	  30	  70	  50	 650	40011	40537	   0	 -10	
  17	  17	  70	   2	 433	   2	   1	   5	   5	   7	  30	  70	  50	 473	42312	42745	   0	 -20	
  18	  18	  50	   3	 662	   3	   2	   5	   5	   8	  30	  70	  50	 515	44579	45241	   0	 -20	
  19	  19	  70	   1	 576	   2	   1	   5	   6	   8	  30	  70	  50	 564	47097	47673	   0	 -10	
  20	  20	  30	   4	 674	   1	   2	   6	   6	   8	  30	  70	  50	 473	49447	50121	   0	 -10	
  21	  21	  50	   4	 475	   3	   2	   6	   6	   9	  30	  70	  50	 529	51965	52440	   0	 -10	
  22	  22	  30	   4	 596	   1	   2	   7	   6	   9	  30	  70	  50	 392	54132	54728	   0	 -10	
  23	  23	  50	   3	 577	   3	   2	   7	   6	  10	  30	  70	  50	 558	56583	57160	   0	 -10	
  24	  24	  30	   4	 546	   1	   2	   8	   6	  10	  30	  70	  50	 475	58934	59480	   0	 -10	
  25	  25	  70	   1	 556	   2	   1	   8	   7	  10	  30	  70	  50	 314	61084	61640	   0	   0	
  26	  26	  50	   3	 551	   3	   2	   8	   7	  11	  30	  70	  50	 640	63585	64136	   0	   0	
  27	  27	  30	   4	1444	   1	   2	   9	   7	  11	  30	  70	  50	 593	66036	67480	   0	   0	
  28	  28	  50	   4	 672	   3	   2	   9	   7	  12	  30	  70	  50	 519	69304	69976	   0	   0	
  29	  29	  70	   1	1114	   2	   1	   9	   8	  12	  30	  70	  50	 578	71854	72968	   0	  10	
  30	  30	  50	   3	 582	   3	   2	   9	   8	  13	  30	  70	  50	 447	74722	75304	   0	  10	
  31	  31	  70	   1	 681	   2	   1	   9	   9	  13	  30	  70	  50	 392	77023	77704	   0	  20	
  32	  32	  50	   3	 603	   3	   2	   9	   9	  14	  30	  70	  50	 333	79357	79960	   0	  20	
  33	  33	  30	   3	 469	   1	   2	  10	   9	  14	  30	  70	  50	 635	81907	82376	   0	  20	
  34	  34	  70	   2	 676	   2	   1	  10	  10	  14	  30	  70	  50	 630	84308	84984	   0	  10	
  35	  35	  30	   4	2004	   1	   2	  11	  10	  14	  30	  70	  50	 401	86692	88696	   0	  10	
  36	  36	  70	   1	 658	   2	   1	  11	  11	  14	  30	  70	  50	 687	90710	91368	   0	  20	
  37	  37	  50	   2	 868	   3	   1	  11	  11	  15	  30	  70	  50	 376	93044	93912	   0	  10	
  38	  38	  30	   3	 585	   1	   2	  12	  11	  15	  30	  70	  50	 465	95695	96280	   0	  10	
  39	  39	  70	   2	 688	   2	   1	  12	  12	  15	  30	  70	  50	 326	97912	98600	   0	   0	
  40	  40	  30	   4	 664	   1	   2	  13	  12	  15	  30	  70	  50	 596	100496	101160	   0	   0	
  41	  41	  50	   3	 810	   3	   2	  13	  12	  16	  30	  70	  50	 323	102814	103624	   0	   0	
  42	  42	  70	   1	 589	   2	   1	  13	  13	  16	  30	  70	  50	 608	105531	106120	   0	  10	
  43	  43	  30	   4	 633	   1	   2	  14	  13	  16	  30	  70	  50	 571	107999	108632	   0	  10	
  44	  44	  70	   1	 627	   2	   1	  14	  14	  16	  30	  70	  50	 596	110533	111160	   0	  20	
  45	  45	  50	   4	 816	   3	   2	  14	  14	  17	  30	  70	  50	 546	113000	113816	   0	  20	
  46	  46	  30	   4	1053	   1	   2	  15	  14	  17	  30	  70	  50	 327	115451	116504	   0	  20	
  47	  47	  70	   1	 539	   2	   1	  15	  15	  17	  30	  70	  50	 475	118285	118824	   0	  30	
NaN	  48	  30	NaN	NaN	   1	   3	  15	  15	  17	  30	  70	  50	 318	118285	NaN	   0	  30	
  48	  49	  70	   2	 722	   2	   1	  15	  16	  17	  30	  70	  50	 342	124070	124792	   0	  20	
  49	  50	  30	   3	 634	   1	   2	  16	  16	  17	  30	  70	  50	 534	126638	127272	   0	  20	
  50	  51	  70	   1	 491	   2	   1	  16	  17	  17	  30	  70	  50	 422	129005	129496	   0	  30	
  51	  52	  30	   4	 573	   1	   2	  17	  17	  17	  30	  70	  50	 519	131339	131912	   0	  30	
  52	  53	  70	   1	 473	   2	   1	  17	  18	  17	  30	  70	  50	 609	133823	134296	   0	  40	
  53	  54	  30	   4	 958	   1	   2	  18	  18	  17	  30	  70	  50	 473	136074	137032	   0	  40	
  54	  55	  70	   2	 568	   2	   1	  18	  19	  17	  30	  70	  50	 666	139008	139576	   0	  30	
  55	  56	  50	   4	 558	   3	   2	  18	  19	  18	  30	  70	  50	 354	141242	141800	   0	  30	
  56	  57	  30	   3	 658	   1	   2	  19	  19	  18	  30	  70	  50	 419	143526	144184	   0	  30	
  57	  58	  70	   1	 515	   2	   1	  19	  20	  18	  30	  70	  50	 396	145877	146392	   0	  40	
  58	  59	  50	   3	 588	   3	   2	  19	  20	  19	  30	  70	  50	 338	148044	148632	   0	  40	
  59	  60	  30	   4	 578	   1	   2	  20	  20	  19	  30	  70	  50	 339	150278	150856	   0	  40	
  60	  61	  50	   2	 506	   3	   1	  20	  20	  20	  30	  70	  50	 306	152462	152968	   0	  30	
  61	  62	  70	   1	 525	   2	   1	  20	  21	  20	  30	  70	  50	 477	154763	155288	   0	  40	
  62	  63	  50	   4	 424	   3	   2	  20	  21	  21	  30	  70	  50	 657	157247	157671	   0	  40	
  63	  64	  70	   2	 366	   2	   1	  20	  22	  21	  30	  70	  50	 498	159481	159847	   0	  30	
  64	  65	  50	   3	 534	   3	   2	  20	  22	  22	  30	  70	  50	 500	161665	162199	   0	  30	
  65	  66	  30	   4	 441	   1	   2	  21	  22	  22	  30	  70	  50	 466	163982	164423	   0	  30	
  66	  67	  70	   1	 614	   2	   1	  21	  23	  22	  30	  70	  50	 309	166033	166647	   0	  40	
  67	  68	  30	   3	 655	   1	   2	  22	  23	  22	  30	  70	  50	 635	168600	169255	   0	  40	
  68	  69	  50	   4	 536	   3	   2	  22	  23	  23	  30	  70	  50	 586	171151	171687	   0	  40	
  69	  70	  70	   1	 565	   2	   1	  22	  24	  23	  30	  70	  50	 608	173602	174167	   0	  50	
  70	  71	  50	   4	 502	   3	   2	  22	  24	  24	  30	  70	  50	 495	175969	176471	   0	  50	
  71	  72	  70	   1	 521	   2	   1	  22	  25	  24	  30	  70	  50	 477	178270	178791	   0	  60	
  72	  73	  50	   3	 556	   3	   2	  22	  25	  25	  30	  70	  50	 484	180587	181143	   0	  60	
  73	  74	  70	   2	 654	   2	   1	  22	  26	  25	  30	  70	  50	 448	182905	183559	   0	  50	
  74	  75	  50	   4	 542	   3	   2	  22	  26	  26	  30	  70	  50	 447	185305	185847	   0	  50	
  75	  76	  70	   1	 460	   2	   1	  22	  27	  26	  30	  70	  50	 584	187739	188199	   0	  60	
  76	  77	  50	   3	 597	   3	   2	  22	  27	  27	  30	  70	  50	 392	189890	190487	   0	  60	
  77	  78	  70	   1	 665	   2	   1	  22	  28	  27	  30	  70	  50	 380	192174	192839	   0	  70	
  78	  79	  50	   3	 580	   3	   2	  22	  28	  28	  30	  70	  50	 531	194691	195271	   0	  70	
  79	  80	  30	   4	 647	   1	   2	  23	  28	  28	  30	  70	  50	 414	196976	197623	   0	  70	
  80	  81	  70	   2	 601	   2	   1	  23	  29	  28	  30	  70	  50	 366	199310	199911	   0	  60	
  81	  82	  30	   4	 797	   1	   2	  24	  29	  28	  30	  70	  50	 376	201610	202407	   0	  60	
  82	  83	  50	   4	 509	   3	   2	  24	  29	  29	  30	  70	  50	 696	204394	204903	   0	  60	
  83	  84	  30	   4	 431	   1	   2	  25	  29	  29	  30	  70	  50	 513	206712	207143	   0	  60	
  84	  85	  70	   1	 512	   2	   1	  25	  30	  29	  30	  70	  50	 616	209079	209591	   0	  70	
  85	  86	  50	   3	 657	   3	   2	  25	  30	  30	  30	  70	  50	 538	211430	212087	   0	  70	
  86	  87	  70	   1	 653	   2	   1	  25	  31	  30	  30	  70	  50	 515	213914	214567	   0	  80	
  87	  88	  30	   2	1583	   3	   1	  25	  31	   1	  30	  70	  30	 358	216248	217831	   3	  70	
  88	  89	  30	   3	 569	   1	   2	  26	  31	   1	  30	  70	  30	 443	219582	220151	   0	  70	
  89	  90	  70	   2	 721	   2	   1	  26	  32	   1	  30	  70	  30	 682	222150	222871	   0	  60	
  90	  91	  30	   3	 690	   3	   2	  26	  32	   2	  30	  70	  30	 341	224517	225207	   0	  60	
  91	  92	  70	   1	 528	   2	   1	  26	  33	   2	  30	  70	  30	 405	226935	227463	   0	  70	
  92	  93	  30	   4	 593	   1	   2	  27	  33	   2	  30	  70	  30	 533	229302	229895	   0	  70	
  93	  94	  30	   4	 546	   3	   2	  27	  33	   3	  30	  70	  30	 458	231653	232199	   0	  70	
  94	  95	  30	   4	 723	   1	   2	  28	  33	   3	  30	  70	  30	 526	234020	234743	   0	  70	
  95	  96	  20	   4	1073	   2	   2	  28	   1	   3	  30	  20	  30	 388	236454	237527	   2	  70	
  96	  97	  30	   3	 553	   1	   2	  29	   1	   3	  30	  20	  30	 588	239422	239975	   0	  70	
  97	  98	  30	   4	 586	   3	   2	  29	   1	   4	  30	  20	  30	 509	241789	242375	   0	  70	
  98	  99	  30	   4	 892	   1	   2	  30	   1	   4	  30	  20	  30	 435	244123	245015	   0	  70	
  99	 100	  30	   4	 607	   3	   2	  30	   1	   5	  30	  20	  30	 508	246824	247431	   0	  70	
 100	 101	  20	   4	 855	   2	   2	  30	   2	   5	  30	  20	  30	 673	249408	250263	   0	  70	
 101	 102	  30	   4	 578	   1	   2	  31	   2	   5	  30	  20	  30	 324	251909	252487	   0	  70	
 102	 103	  20	   3	 607	   2	   2	  31	   3	   5	  30	  20	  30	 582	254376	254983	   0	  70	
 103	 104	  30	   3	 543	   3	   2	  31	   3	   6	  30	  20	  30	 458	256744	257287	   0	  70	
 104	 105	  20	   4	 485	   2	   2	  31	   4	   6	  30	  20	  30	 391	258978	259463	   0	  70	
 105	 106	  30	   4	 581	   3	   2	  31	   4	   7	  30	  20	  30	 571	261345	261926	   0	  70	
 106	 107	  20	   4	 523	   2	   2	  31	   5	   7	  30	  20	  30	 358	263596	264119	   0	  70	
 107	 108	  30	   4	 457	   3	   2	  31	   5	   8	  30	  20	  30	 581	266013	266470	   0	  70	
 108	 109	  20	   3	 367	   2	   2	  31	   6	   8	  30	  20	  30	 477	268247	268614	   0	  70	
 109	 110	  30	   3	 408	   1	   2	  32	   6	   8	  30	  20	  30	 493	270414	270822	   0	  70	
 110	 111	  30	   4	 457	   3	   2	  32	   6	   9	  30	  20	  30	 634	272765	273222	   0	  70	
 111	 112	  20	   4	 492	   2	   2	  32	   7	   9	  30	  20	  30	 527	275066	275558	   0	  70	
 112	 113	  30	   3	 313	   3	   2	  32	   7	  10	  30	  20	  30	 672	277533	277846	   0	  70	
 113	 114	  30	   4	 417	   1	   2	  33	   7	  10	  30	  20	  30	 556	279701	280118	   0	  70	
 114	 115	  30	   3	 333	   3	   2	  33	   7	  11	  30	  20	  30	 363	281785	282118	   0	  70	
 115	 116	  30	   4	 529	   1	   2	  34	   7	  11	  30	  20	  30	 655	284085	284614	   0	  70	
 116	 117	  30	   4	 405	   3	   2	  34	   7	  12	  30	  20	  30	 438	286353	286758	   0	  70	
 117	 118	  30	   4	 485	   1	   2	  35	   7	  12	  30	  20	  30	 679	288737	289222	   0	  70	
 118	 119	  30	   4	 506	   3	   2	  35	   7	  13	  30	  20	  30	 467	291004	291510	   0	  70	
 119	 120	  20	   4	 546	   2	   2	  35	   8	  13	  30	  20	  30	 373	293188	293734	   0	  70	
 120	 121	  80	   1	1237	   1	   1	   1	   8	  13	  80	  20	  30	 457	295505	296742	   1	  80	
 121	 122	  30	   4	 487	   3	   2	   1	   8	  14	  80	  20	  30	 555	298623	299110	   0	  80	
 122	 123	  80	   1	 495	   1	   1	   2	   8	  14	  80	  20	  30	 391	300807	301302	   0	  90	
 123	 124	  30	   3	 541	   3	   2	   2	   8	  15	  80	  20	  30	 645	303241	303782	   0	  90	
 124	 125	  80	   2	 385	   1	   1	   3	   8	  15	  80	  20	  30	 438	305525	305910	   0	  80	
 125	 126	  30	   4	 640	   3	   2	   3	   8	  16	  80	  20	  30	 328	307542	308182	   0	  80	
 126	 127	  80	   3	 466	   1	   2	   4	   8	  16	  80	  20	  30	 377	309860	310326	   0	  80	
 127	 128	  30	   4	 563	   3	   2	   4	   8	  17	  80	  20	  30	 588	312227	312790	   0	  80	
 128	 129	  20	   4	 550	   2	   2	   4	   9	  17	  80	  20	  30	 457	314544	315094	   0	  80	
 129	 130	  80	   1	 362	   1	   1	   5	   9	  17	  80	  20	  30	 420	316828	317190	   0	  90	
 130	 131	  30	   4	 438	   3	   2	   5	   9	  18	  80	  20	  30	 399	318896	319334	   0	  90	
 131	 132	  80	   2	 449	   1	   1	   6	   9	  18	  80	  20	  30	 360	321013	321462	   0	  80	
 132	 133	  30	   3	 377	   3	   2	   6	   9	  19	  80	  20	  30	 419	323197	323574	   0	  80	
 133	 134	  80	   1	 401	   1	   1	   7	   9	  19	  80	  20	  30	 502	325381	325782	   0	  90	
 134	 135	  20	   4	 532	   2	   2	   7	  10	  19	  80	  20	  30	 612	327698	328230	   0	  90	
 135	 136	  80	   1	 573	   1	   1	   8	  10	  19	  80	  20	  30	 682	330233	330806	   0	 100	
 136	 137	  20	   3	 595	   2	   2	   8	  11	  19	  80	  20	  30	 349	332467	333062	   0	 100	
 137	 138	  80	   1	 493	   1	   1	   9	  11	  19	  80	  20	  30	 637	335001	335494	   0	 110	
 138	 139	  20	   4	 665	   2	   2	   9	  12	  19	  80	  20	  30	 305	337101	337766	   0	 110	
 139	 140	  30	   4	 589	   3	   2	   9	  12	  20	  80	  20	  30	 312	339385	339974	   0	 110	
 140	 141	  80	   1	 580	   1	   1	  10	  12	  20	  80	  20	  30	 304	341586	342166	   0	 120	
 141	 142	  30	   3	 540	   3	   2	  10	  12	  21	  80	  20	  30	 690	344170	344710	   0	 120	
 142	 143	  20	   4	 545	   2	   2	  10	  13	  21	  80	  20	  30	 407	346421	346966	   0	 120	
 143	 144	  80	   2	 587	   1	   1	  11	  13	  21	  80	  20	  30	 685	348955	349542	   0	 110	
 144	 145	  30	   4	 520	   3	   2	  11	  13	  22	  80	  20	  30	 555	351406	351926	   0	 110	
 145	 146	  20	   4	 629	   2	   2	  11	  14	  22	  80	  20	  30	 637	353873	354502	   0	 110	
 146	 147	  30	   4	 681	   3	   2	  11	  14	  23	  80	  20	  30	 362	356157	356838	   0	 110	
 147	 148	  20	   4	 767	   2	   2	  11	  15	  23	  80	  20	  30	 636	358791	359558	   0	 110	
 148	 149	  80	   1	 485	   1	   1	  12	  15	  23	  80	  20	  30	 558	361425	361910	   0	 120	
 149	 150	  20	   4	 490	   2	   2	  12	  16	  23	  80	  20	  30	 460	363676	364166	   0	 120	
 150	 151	  80	   1	 472	   1	   1	  13	  16	  23	  80	  20	  30	 643	366110	366582	   0	 130	
 151	 152	  20	   4	 539	   2	   2	  13	  17	  23	  80	  20	  30	 512	368411	368950	   0	 130	
 152	 153	  30	   4	 552	   3	   2	  13	  17	  24	  80	  20	  30	 592	370845	371397	   0	 130	
 153	 154	  20	   3	 913	   2	   2	  13	  18	  24	  80	  20	  30	 301	373012	373925	   0	 130	
 154	 155	  80	   1	 403	   1	   1	  14	  18	  24	  80	  20	  30	 504	375730	376133	   0	 140	
 155	 156	  30	   4	 529	   3	   2	  14	  18	  25	  80	  20	  30	 343	377780	378309	   0	 140	
 156	 157	  80	   1	 432	   1	   1	  15	  18	  25	  80	  20	  30	 566	380181	380613	   0	 150	
 157	 158	  20	   4	 438	   2	   2	  15	  19	  25	  80	  20	  30	 487	382415	382853	   0	 150	
 158	 159	  30	   4	 574	   3	   2	  15	  19	  26	  80	  20	  30	 441	384599	385173	   0	 150	
 159	 160	  80	   1	 417	   1	   1	  16	  19	  26	  80	  20	  30	 420	386900	387317	   0	 160	
 160	 161	  20	   4	 417	   2	   2	  16	  20	  26	  80	  20	  30	 656	389284	389701	   0	 160	
 161	 162	  30	   3	 398	   3	   2	  16	  20	  27	  80	  20	  30	 315	391351	391749	   0	 160	
 162	 163	  80	   1	 466	   1	   1	  17	  20	  27	  80	  20	  30	 565	393635	394101	   0	 170	
 163	 164	  30	   4	 460	   3	   2	  17	  20	  28	  80	  20	  30	 363	395769	396229	   0	 170	
 164	 165	  20	   4	 500	   2	   2	  17	  21	  28	  80	  20	  30	 416	397953	398453	   0	 170	
 165	 166	  30	   4	 520	   3	   2	  17	  21	  29	  80	  20	  30	 475	400237	400757	   0	 170	
 166	 167	  80	   2	 396	   1	   1	  18	  21	  29	  80	  20	  30	 455	402521	402917	   0	 160	
 167	 168	  30	   3	 461	   3	   2	  18	  21	  30	  80	  20	  30	 667	404888	405349	   0	 160	
 168	 169	  20	   4	 557	   2	   2	  18	  22	  30	  80	  20	  30	 601	407256	407813	   0	 160	
 169	 170	  30	   4	 644	   3	   2	  18	  22	  31	  80	  20	  30	 360	409473	410117	   0	 160	
 170	 171	  80	   1	 476	   1	   1	  19	  22	  31	  80	  20	  30	 628	412041	412517	   0	 170	
 171	 172	  30	   4	 466	   3	   2	  19	  22	  32	  80	  20	  30	 461	414291	414757	   0	 170	
 172	 173	  20	   3	 550	   2	   2	  19	  23	  32	  80	  20	  30	 490	416559	417109	   0	 170	
 173	 174	  80	   1	 553	   1	   1	  20	  23	  32	  80	  20	  30	 458	418876	419429	   0	 180	
 174	 175	  30	   4	 421	   3	   2	  20	  23	  33	  80	  20	  30	 622	421360	421781	   0	 180	
 175	 176	  80	   1	 439	   1	   1	  21	  23	  33	  80	  20	  30	 588	423678	424117	   0	 190	
 176	 177	  30	   3	 747	   3	   2	  21	  23	  34	  80	  20	  30	 562	425978	426725	   0	 190	
 177	 178	  80	   1	 592	   1	   1	  22	  23	  34	  80	  20	  30	 605	428629	429221	   0	 200	
 178	 179	  30	   4	 697	   3	   2	  22	  23	  35	  80	  20	  30	 650	431180	431877	   0	 200	
 179	 180	  20	   4	 578	   2	   2	  22	  24	  35	  80	  20	  30	 537	433731	434309	   0	 200	
 180	 181	  70	   3	1018	   3	   2	  22	  24	   1	  80	  20	  70	 690	436315	437333	   3	 200	
 181	 182	  20	   3	 587	   2	   2	  22	  25	   1	  80	  20	  70	 417	439082	439669	   0	 200	
 182	 183	  80	   2	 469	   1	   1	  23	  25	   1	  80	  20	  70	 629	441600	442069	   0	 190	
 183	 184	  70	   2	 889	   3	   1	  23	  25	   2	  80	  20	  70	 509	443884	444773	   0	 180	
 184	 185	  20	   4	 512	   2	   2	  23	  26	   2	  80	  20	  70	 427	446501	447013	   0	 180	
 185	 186	  70	   3	 667	   3	   2	  23	  26	   3	  80	  20	  70	 694	449002	449669	   0	 180	
 186	 187	  20	   4	 491	   2	   2	  23	  27	   3	  80	  20	  70	 404	451386	451877	   0	 180	
 187	 188	  70	   4	 582	   3	   2	  23	  27	   4	  80	  20	  70	 303	453487	454069	   0	 180	
 188	 189	  20	   4	 529	   2	   2	  23	  28	   4	  80	  20	  70	 616	456004	456533	   0	 180	
 189	 190	  80	   1	 498	   1	   1	  24	  28	   4	  80	  20	  70	 525	458355	458853	   0	 190	
 190	 191	  70	   3	 470	   3	   2	  24	  28	   5	  80	  20	  70	 484	460655	461125	   0	 190	
 191	 192	  80	   2	 645	   1	   1	  25	  28	   5	  80	  20	  70	 608	463056	463701	   0	 180	
 192	 193	  20	   4	 545	   2	   2	  25	  29	   5	  80	  20	  70	 535	465540	466085	   0	 180	
 193	 194	  70	   3	 465	   3	   2	  25	  29	   6	  80	  20	  70	 521	467908	468373	   0	 180	
 194	 195	  20	   4	 715	   2	   2	  25	  30	   6	  80	  20	  70	 357	470042	470757	   0	 180	
 195	 196	  70	   3	 484	   3	   2	  25	  30	   7	  80	  20	  70	 512	472576	473060	   0	 180	
 196	 197	  80	   1	 420	   1	   1	  26	  30	   7	  80	  20	  70	 583	474960	475380	   0	 190	
 197	 198	  50	   3	1026	   2	   2	  26	   1	   7	  80	  50	  70	 305	477010	478036	   2	 190	
 198	 199	  70	   4	 600	   3	   2	  26	   1	   8	  80	  50	  70	 682	480028	480628	   0	 190	
 199	 200	  50	   4	 959	   2	   2	  26	   2	   8	  80	  50	  70	 309	482245	483204	   0	 190	
 200	 201	  80	   1	 515	   1	   1	  27	   2	   8	  80	  50	  70	 411	484913	485428	   0	 200	
 201	 202	  70	   3	 572	   3	   2	  27	   2	   9	  80	  50	  70	 321	487080	487652	   0	 200	
 202	 203	  50	   3	 468	   2	   2	  27	   3	   9	  80	  50	  70	 694	489648	490116	   0	 200	
 203	 204	  70	   3	 573	   3	   2	  27	   3	  10	  80	  50	  70	 388	491815	492388	   0	 200	
 204	 205	  50	   4	 618	   2	   2	  27	   4	  10	  80	  50	  70	 576	494266	494884	   0	 200	
 205	 206	  70	   4	 707	   3	   2	  27	   4	  11	  80	  50	  70	 638	496833	497540	   0	 200	
 206	 207	  50	   4	 519	   2	   2	  27	   5	  11	  80	  50	  70	 679	499517	500036	   0	 200	
 207	 208	  80	   1	 533	   1	   1	  28	   5	  11	  80	  50	  70	 593	501935	502468	   0	 210	
 208	 209	  50	   3	 498	   2	   2	  28	   6	  11	  80	  50	  70	 625	504402	504900	   0	 210	
 209	 210	  80	   1	 564	   1	   1	  29	   6	  11	  80	  50	  70	 517	506736	507300	   0	 220	
 210	 211	  70	   4	 686	   3	   2	  29	   6	  12	  80	  50	  70	 662	509270	509956	   0	 220	
 211	 212	  50	   3	 650	   2	   2	  29	   7	  12	  80	  50	  70	 461	511738	512388	   0	 220	
 212	 213	  80	   1	 690	   1	   1	  30	   7	  12	  80	  50	  70	 618	514322	515012	   0	 230	
 213	 214	  70	   3	 815	   3	   2	  30	   7	  13	  80	  50	  70	 471	516789	517604	   0	 230	
 214	 215	  80	   1	 646	   1	   1	  31	   7	  13	  80	  50	  70	 471	519390	520036	   0	 240	
 215	 216	  70	   3	 672	   3	   2	  31	   7	  14	  80	  50	  70	 585	521924	522596	   0	 240	
 216	 217	  50	   4	 535	   2	   2	  31	   8	  14	  80	  50	  70	 640	524541	525076	   0	 240	
 217	 218	  80	   1	 495	   1	   1	  32	   8	  14	  80	  50	  70	 331	526725	527220	   0	 250	
 218	 219	  50	   4	 823	   2	   2	  32	   9	  14	  80	  50	  70	 397	528909	529732	   0	 250	
 219	 220	  80	   1	 560	   1	   1	  33	   9	  14	  80	  50	  70	 405	531444	532004	   0	 260	
 220	 221	  70	   3	1160	   3	   2	  33	   9	  15	  80	  50	  70	 331	533644	534804	   0	 260	
 221	 222	  50	   3	 570	   2	   2	  33	  10	  15	  80	  50	  70	 652	536778	537348	   0	 260	
 222	 223	  70	   3	 707	   3	   2	  33	  10	  16	  80	  50	  70	 648	539313	540020	   0	 260	
 223	 224	  20	   4	 899	   1	   2	   1	  10	  16	  20	  50	  70	 376	541713	542612	   1	 260	
 224	 225	  50	   4	 482	   2	   2	   1	  11	  16	  20	  50	  70	 585	544514	544996	   0	 260	
 225	 226	  70	   4	 557	   3	   2	   1	  11	  17	  20	  50	  70	 320	546631	547188	   0	 260	
 226	 227	  20	   4	 568	   1	   2	   2	  11	  17	  20	  50	  70	 647	549132	549700	   0	 260	
 227	 228	  70	   3	 448	   3	   2	   2	  11	  18	  20	  50	  70	 685	551700	552148	   0	 260	
 228	 229	  20	   4	 496	   1	   2	   3	  11	  18	  20	  50	  70	 617	554084	554580	   0	 260	
 229	 230	  50	   3	 484	   2	   2	   3	  12	  18	  20	  50	  70	 510	556384	556868	   0	 260	
 230	 231	  70	   3	 540	   3	   2	   3	  12	  19	  20	  50	  70	 370	558552	559092	   0	 260	
 231	 232	  50	   4	 551	   2	   2	   3	  13	  19	  20	  50	  70	 662	561069	561620	   0	 260	
 232	 233	  70	   3	 483	   3	   2	   3	  13	  20	  20	  50	  70	 626	563553	564036	   0	 260	
 233	 234	  20	   3	 637	   1	   2	   4	  13	  20	  20	  50	  70	 335	565687	566324	   0	 260	
 234	 235	  70	   4	 425	   3	   2	   4	  13	  21	  20	  50	  70	 546	568171	568596	   0	 260	
 235	 236	  20	   4	 437	   1	   2	   5	  13	  21	  20	  50	  70	 337	570239	570676	   0	 260	
 236	 237	  50	   4	 494	   2	   2	   5	  14	  21	  20	  50	  70	 423	572406	572900	   0	 260	
 237	 238	  70	   3	 414	   3	   2	   5	  14	  22	  20	  50	  70	 587	574790	575204	   0	 260	
 238	 239	  50	   3	 415	   2	   2	   5	  15	  22	  20	  50	  70	 638	577141	577556	   0	 260	
 239	 240	  70	   3	 374	   3	   2	   5	  15	  23	  20	  50	  70	 449	579325	579699	   0	 260	
 240	 241	  50	   3	 434	   2	   2	   5	  16	  23	  20	  50	  70	 418	581425	581859	   0	 260	
 241	 242	  20	   4	 490	   1	   2	   6	  16	  23	  20	  50	  70	 406	583593	584083	   0	 260	
 242	 243	  50	   4	 434	   2	   2	   6	  17	  23	  20	  50	  70	 408	585793	586227	   0	 260	
 243	 244	  20	   3	 600	   1	   2	   7	  17	  23	  20	  50	  70	 484	588027	588627	   0	 260	
 244	 245	  70	   3	 466	   3	   2	   7	  17	  24	  20	  50	  70	 604	590545	591011	   0	 260	
 245	 246	  50	   3	 781	   2	   2	   7	  18	  24	  20	  50	  70	 345	592662	593443	   0	 260	
 246	 247	  20	   4	 505	   1	   2	   8	  18	  24	  20	  50	  70	 391	595146	595651	   0	 260	
 247	 248	  50	   4	 517	   2	   2	   8	  19	  24	  20	  50	  70	 663	597614	598131	   0	 260	
 248	 249	  70	   3	 503	   3	   2	   8	  19	  25	  20	  50	  70	 521	599964	600467	   0	 260	
 249	 250	  20	   4	 421	   1	   2	   9	  19	  25	  20	  50	  70	 623	602398	602819	   0	 260	
 250	 251	  70	   4	 409	   3	   2	   9	  19	  26	  20	  50	  70	 549	604682	605091	   0	 260	
 251	 252	  50	   3	 415	   2	   2	   9	  20	  26	  20	  50	  70	 491	606900	607315	   0	 260	
 252	 253	  20	   4	 439	   1	   2	  10	  20	  26	  20	  50	  70	 468	609100	609539	   0	 260	
 253	 254	  70	   3	 390	   3	   2	  10	  20	  27	  20	  50	  70	 655	611501	611891	   0	 260	
 254	 255	  50	   3	 633	   2	   2	  10	  21	  27	  20	  50	  70	 619	613818	614451	   0	 260	
 255	 256	  70	   3	 516	   3	   2	  10	  21	  28	  20	  50	  70	 537	616303	616819	   0	 260	
 256	 257	  50	   4	 432	   2	   2	  10	  22	  28	  20	  50	  70	 675	618803	619235	   0	 260	
 257	 258	  70	   4	 436	   3	   2	  10	  22	  29	  20	  50	  70	 525	621071	621507	   0	 260	
 258	 259	  50	   4	 426	   2	   2	  10	  23	  29	  20	  50	  70	 492	623305	623731	   0	 260	
 259	 260	  70	   3	 456	   3	   2	  10	  23	  30	  20	  50	  70	 313	625339	625795	   0	 260	
 260	 261	  20	   4	 703	   1	   2	  11	  23	  30	  20	  50	  70	 459	627556	628259	   0	 260	
 261	 262	  50	   4	 836	   3	   2	  11	  23	   1	  20	  50	  50	 610	630207	631043	   3	 260	
 262	 263	  50	   4	 433	   2	   2	  11	  24	   1	  20	  50	  50	 328	632674	633107	   0	 260	
 263	 264	  20	   4	 430	   1	   2	  12	  24	   1	  20	  50	  50	 328	634741	635171	   0	 260	
 264	 265	  50	   4	 527	   3	   2	  12	  24	   2	  20	  50	  50	 629	637092	637619	   0	 260	
 265	 266	  50	   3	 521	   2	   2	  12	  25	   2	  20	  50	  50	 306	639226	639747	   0	 260	
 266	 267	  50	   3	 507	   3	   2	  12	  25	   3	  20	  50	  50	 485	641544	642051	   0	 260	
 267	 268	  50	   3	 446	   2	   2	  12	  26	   3	  20	  50	  50	 510	643861	644307	   0	 260	
 268	 269	  20	   4	 476	   1	   2	  13	  26	   3	  20	  50	  50	 695	646295	646771	   0	 260	
 269	 270	  50	   4	 436	   2	   2	  13	  27	   3	  20	  50	  50	 405	648479	648915	   0	 260	
 270	 271	  50	   4	 518	   3	   2	  13	  27	   4	  20	  50	  50	 592	650813	651331	   0	 260	
 271	 272	  50	   3	 406	   2	   2	  13	  28	   4	  20	  50	  50	 546	653197	653603	   0	 260	
 272	 273	  50	   3	 527	   3	   2	  13	  28	   5	  20	  50	  50	 454	655364	655891	   0	 260	
 273	 274	  50	   4	 438	   2	   2	  13	  29	   5	  20	  50	  50	 376	657565	658003	   0	 260	
 274	 275	  20	   3	 461	   1	   2	  14	  29	   5	  20	  50	  50	 457	659766	660227	   0	 260	
 275	 276	  50	   3	 632	   3	   2	  14	  29	   6	  20	  50	  50	 359	661883	662515	   0	 260	
 276	 277	  50	   3	 435	   2	   2	  14	  30	   6	  20	  50	  50	 555	664384	664819	   0	 260	
 277	 278	  20	   4	 822	   1	   2	  15	  30	   6	  20	  50	  50	 579	666701	667523	   0	 260	
 278	 279	  50	   4	 528	   3	   2	  15	  30	   7	  20	  50	  50	 410	669235	669763	   0	 260	
 279	 280	  20	   3	 359	   1	   2	  16	  30	   7	  20	  50	  50	 376	671436	671795	   0	 260	
 280	 281	  50	   4	 484	   3	   2	  16	  30	   8	  20	  50	  50	 397	673487	673971	   0	 260	
 281	 282	  20	   4	 374	   1	   2	  17	  30	   8	  20	  50	  50	 535	675837	676211	   0	 260	
 282	 283	  50	   3	 366	   3	   2	  17	  30	   9	  20	  50	  50	 490	678005	678371	   0	 260	
 283	 284	  50	   3	 442	   2	   2	  17	  31	   9	  20	  50	  50	 414	680089	680531	   0	 260	
 284	 285	  20	   4	 296	   1	   2	  18	  31	   9	  20	  50	  50	 672	682506	682802	   0	 260	
 285	 286	  50	   4	 492	   2	   2	  18	  32	   9	  20	  50	  50	 699	684807	685299	   0	 260	
 286	 287	  20	   4	 442	   1	   2	  19	  32	   9	  20	  50	  50	 616	687224	687666	   0	 260	
 287	 288	  50	   1	 385	   3	   1	  19	  32	  10	  20	  50	  50	 464	689425	689810	   0	 270	
 288	 289	  20	   4	 391	   1	   2	  20	  32	  10	  20	  50	  50	 539	691659	692050	   0	 270	
 289	 290	  50	   1	 462	   3	   1	  20	  32	  11	  20	  50	  50	 523	693876	694338	   0	 280	
 290	 291	  50	   3	 425	   2	   2	  20	  33	  11	  20	  50	  50	 363	695993	696418	   0	 280	
 291	 292	  50	   1	 391	   3	   1	  20	  33	  12	  20	  50	  50	 693	698427	698818	   0	 290	
 292	 293	  20	   4	1135	   2	   2	  20	   1	  12	  20	  20	  50	 469	700611	701746	   2	 290	
 293	 294	  50	   4	 526	   3	   2	  20	   1	  13	  20	  20	  50	 334	703396	703922	   0	 290	
 294	 295	  20	   4	 532	   1	   2	  21	   1	  13	  20	  20	  50	 408	705630	706162	   0	 290	
 295	 296	  20	   4	 555	   2	   2	  21	   2	  13	  20	  20	  50	 370	707847	708402	   0	 290	
 296	 297	  20	   3	 429	   1	   2	  22	   2	  13	  20	  20	  50	 471	710181	710610	   0	 290	
 297	 298	  20	   4	 425	   2	   2	  22	   3	  13	  20	  20	  50	 353	712265	712690	   0	 290	
 298	 299	  20	   4	 360	   1	   2	  23	   3	  13	  20	  20	  50	 686	714682	715042	   0	 290	
 299	 300	  20	   4	 415	   2	   2	  23	   4	  13	  20	  20	  50	 533	716883	717298	   0	 290	
 300	 301	  50	   1	1074	   3	   1	  23	   4	  14	  20	  20	  50	 588	719200	720274	   0	 300	
 301	 302	  20	   3	 445	   2	   2	  23	   5	  14	  20	  20	  50	 503	722101	722546	   0	 300	
 302	 303	  50	   1	 757	   3	   1	  23	   5	  15	  20	  20	  50	 447	724285	725042	   0	 310	
 303	 304	  20	   4	 431	   2	   2	  23	   6	  15	  20	  20	  50	 467	726819	727250	   0	 310	
 304	 305	  20	   4	 525	   1	   2	  24	   6	  15	  20	  20	  50	 693	729253	729778	   0	 310	
 305	 306	  50	   4	1153	   3	   2	  24	   6	  16	  20	  20	  50	 441	731521	732674	   0	 310	
 306	 307	  20	   4	 462	   1	   2	  25	   6	  16	  20	  20	  50	 392	734372	734834	   0	 310	
 307	 308	  50	   2	 437	   3	   1	  25	   6	  17	  20	  20	  50	 462	736589	737026	   0	 300	
 308	 309	  20	   4	 402	   1	   2	  26	   6	  17	  20	  20	  50	 328	738656	739058	   0	 300	
 309	 310	  50	   1	 349	   3	   1	  26	   6	  18	  20	  20	  50	 395	740757	741106	   0	 310	
 310	 311	  20	   4	 366	   1	   2	  27	   6	  18	  20	  20	  50	 682	743108	743474	   0	 310	
 311	 312	  50	   4	 412	   3	   2	  27	   6	  19	  20	  20	  50	 344	745142	745554	   0	 310	
 312	 313	  20	   4	 340	   2	   2	  27	   7	  19	  20	  20	  50	 487	747342	747682	   0	 310	
 313	 314	  50	   4	 442	   3	   2	  27	   7	  20	  20	  20	  50	 580	749560	750002	   0	 310	
 314	 315	  20	   4	 380	   2	   2	  27	   8	  20	  20	  20	  50	 598	751910	752290	   0	 310	
 315	 316	  20	   3	 449	   1	   2	  28	   8	  20	  20	  20	  50	 579	754161	754610	   0	 310	
 316	 317	  20	   3	 868	   2	   2	  28	   9	  20	  20	  20	  50	 534	756462	757330	   0	 310	
 317	 318	  50	   4	 533	   3	   2	  28	   9	  21	  20	  20	  50	 583	759229	759762	   0	 310	
 318	 319	  20	   4	 387	   2	   2	  28	  10	  21	  20	  20	  50	 583	761663	762050	   0	 310	
 319	 320	  20	   4	 388	   1	   2	  29	  10	  21	  20	  20	  50	 652	764014	764402	   0	 310	
 320	 321	  50	   3	 403	   3	   2	  29	  10	  22	  20	  20	  50	 320	766031	766434	   0	 310	
 321	 322	  20	   4	 366	   1	   2	  30	  10	  22	  20	  20	  50	 370	768132	768498	   0	 310	
 322	 323	  50	   4	 336	   3	   2	  30	  10	  23	  20	  20	  50	 652	770466	770802	   0	 310	
 323	 324	  20	   4	 546	   1	   2	  31	  10	  23	  20	  20	  50	 690	772800	773346	   0	 310	
 324	 325	  20	   4	 405	   2	   2	  31	  11	  23	  20	  20	  50	 455	775101	775506	   0	 310	
 325	 326	  20	   4	 429	   1	   2	  32	  11	  23	  20	  20	  50	 475	777285	777714	   0	 310	
 326	 327	  50	   3	 473	   3	   2	  32	  11	  24	  20	  20	  50	 367	779385	779858	   0	 310	
 327	 328	  20	   4	 405	   2	   2	  32	  12	  24	  20	  20	  50	 688	781853	782258	   0	 310	
 328	 329	  50	   3	 417	   3	   2	  32	  12	  25	  20	  20	  50	 371	783937	784354	   0	 310	
 329	 330	  20	   4	 413	   2	   2	  32	  13	  25	  20	  20	  50	 375	786037	786450	   0	 310	
 330	 331	  20	   3	 318	   1	   2	  33	  13	  25	  20	  20	  50	 647	788388	788706	   0	 310	
 331	 332	  20	   4	 271	   2	   2	  33	  14	  25	  20	  20	  50	 692	790722	790993	   0	 310	
 332	 333	  50	   4	 476	   3	   2	  33	  14	  26	  20	  20	  50	 474	792773	793249	   0	 310	
 333	 334	  20	   4	 413	   1	   2	  34	  14	  26	  20	  20	  50	 596	795140	795553	   0	 310	
 334	 335	  20	   4	 412	   2	   2	  34	  15	  26	  20	  20	  50	 309	797157	797569	   0	 310	
 335	 336	  50	   3	 278	   3	   2	  34	  15	  27	  20	  20	  50	 420	799291	799569	   0	 310	
 336	 337	  20	   4	 357	   1	   2	  35	  15	  27	  20	  20	  50	 416	801292	801649	   0	 310	
 337	 338	  20	   4	 375	   2	   2	  35	  16	  27	  20	  20	  50	 668	803626	804001	   0	 310	
 338	 339	  80	   3	 316	   1	   2	   1	  16	  27	  80	  20	  50	 555	805877	806193	   1	 310	
 339	 340	  20	   4	 375	   2	   2	   1	  17	  27	  80	  20	  50	 497	807994	808369	   0	 310	
 340	 341	  80	   3	 504	   1	   2	   2	  17	  27	  80	  20	  50	 674	810345	810849	   0	 310	
 341	 342	  50	   3	 337	   3	   2	   2	  17	  28	  80	  20	  50	 333	812512	812849	   0	 310	
 342	 343	  80	   1	 352	   1	   1	   3	  17	  28	  80	  20	  50	 367	814529	814881	   0	 320	
 343	 344	  20	   3	 510	   2	   2	   3	  18	  28	  80	  20	  50	 368	816563	817073	   0	 320	
 344	 345	  50	   4	 460	   3	   2	   3	  18	  29	  80	  20	  50	 599	818981	819441	   0	 320	
 345	 346	  20	   3	 416	   2	   2	   3	  19	  29	  80	  20	  50	 530	821265	821681	   0	 320	
 346	 347	  80	   1	 373	   1	   1	   4	  19	  29	  80	  20	  50	 539	823532	823905	   0	 330	
 347	 348	  20	   4	 379	   2	   2	   4	  20	  29	  80	  20	  50	 548	825766	826145	   0	 330	
 348	 349	  50	   4	 568	   3	   2	   4	  20	  30	  80	  20	  50	 380	827817	828385	   0	 330	
 349	 350	  80	   2	 390	   1	   1	   5	  20	  30	  80	  20	  50	 571	830267	830657	   0	 320	
 350	 351	  50	   4	 648	   3	   2	   5	  20	  31	  80	  20	  50	 637	832601	833249	   0	 320	
 351	 352	  80	   1	 397	   1	   1	   6	  20	  31	  80	  20	  50	 658	835236	835633	   0	 330	
 352	 353	  50	   4	 486	   3	   2	   6	  20	  32	  80	  20	  50	 451	837403	837889	   0	 330	
 353	 354	  80	   1	 473	   1	   1	   7	  20	  32	  80	  20	  50	 506	839704	840177	   0	 340	
 354	 355	  20	   3	 463	   2	   2	   7	  21	  32	  80	  20	  50	 474	841954	842417	   0	 340	
 355	 356	  80	   1	 380	   1	   1	   8	  21	  32	  80	  20	  50	 691	844405	844785	   0	 350	
 356	 357	  50	   3	 547	   3	   2	   8	  21	  33	  80	  20	  50	 524	846606	847153	   0	 350	
 357	 358	  20	   4	 509	   2	   2	   8	  22	  33	  80	  20	  50	 665	849140	849649	   0	 350	
 358	 359	  70	   3	 715	   3	   2	   8	  22	   1	  80	  20	  70	 621	851590	852305	   3	 350	
 359	 360	  20	   4	 494	   2	   2	   8	  23	   1	  80	  20	  70	 680	854291	854785	   0	 350	
 360	 361	  80	   2	 499	   1	   1	   9	  23	   1	  80	  20	  70	 456	856542	857041	   0	 340	
 361	 362	  20	   4	 422	   2	   2	   9	  24	   1	  80	  20	  70	 494	858859	859281	   0	 340	
 362	 363	  70	   4	 510	   3	   2	   9	  24	   2	  80	  20	  70	 445	861027	861537	   0	 340	
 363	 364	  80	   1	 466	   1	   1	  10	  24	   2	  80	  20	  70	 469	863311	863777	   0	 350	
 364	 365	  70	   4	 527	   3	   2	  10	  24	   3	  80	  20	  70	 687	865778	866305	   0	 350	
 365	 366	  20	   4	 409	   2	   2	  10	  25	   3	  80	  20	  70	 694	868296	868705	   0	 350	
 366	 367	  70	   3	 545	   3	   2	  10	  25	   4	  80	  20	  70	 470	870480	871025	   0	 350	
 367	 368	  20	   4	 415	   2	   2	  10	  26	   4	  80	  20	  70	 594	872914	873329	   0	 350	
 368	 369	  80	   1	 501	   1	   1	  11	  26	   4	  80	  20	  70	 515	875164	875665	   0	 360	
 369	 370	  70	   3	 417	   3	   2	  11	  26	   5	  80	  20	  70	 657	877632	878049	   0	 360	
 370	 371	  20	   3	 410	   2	   2	  11	  27	   5	  80	  20	  70	 436	879799	880209	   0	 360	
 371	 372	  70	   3	 432	   3	   2	  11	  27	   6	  80	  20	  70	 504	882033	882465	   0	 360	
 372	 373	  80	   1	 381	   1	   1	  12	  27	   6	  80	  20	  70	 698	884484	884865	   0	 370	
 373	 374	  70	   4	 368	   3	   2	  12	  27	   7	  80	  20	  70	 616	886801	887169	   0	 370	
 374	 375	  80	   1	 553	   1	   1	  13	  27	   7	  80	  20	  70	 465	888952	889505	   0	 380	
 375	 376	  70	   3	 428	   3	   2	  13	  27	   8	  80	  20	  70	 452	891269	891697	   0	 380	
 376	 377	  20	   4	 473	   2	   2	  13	  28	   8	  80	  20	  70	 699	893703	894176	   0	 380	
 377	 378	  80	   1	 421	   1	   1	  14	  28	   8	  80	  20	  70	 694	896171	896592	   0	 390	
 378	 379	  70	   3	 492	   3	   2	  14	  28	   9	  80	  20	  70	 493	898388	898880	   0	 390	
 379	 380	  80	   1	 602	   1	   1	  15	  28	   9	  80	  20	  70	 636	900822	901424	   0	 400	
 380	 381	  70	   3	 434	   3	   2	  15	  28	  10	  80	  20	  70	 659	903390	903824	   0	 400	
 381	 382	  80	   1	 448	   1	   1	  16	  28	  10	  80	  20	  70	 684	905840	906288	   0	 410	
 382	 383	  20	   4	 430	   2	   2	  16	  29	  10	  80	  20	  70	 655	908258	908688	   0	 410	
 383	 384	  80	   1	 447	   1	   1	  17	  29	  10	  80	  20	  70	 628	910625	911072	   0	 420	
 384	 385	  70	   4	 416	   3	   2	  17	  29	  11	  80	  20	  70	 609	912992	913408	   0	 420	
 385	 386	  80	   2	 403	   1	   1	  18	  29	  11	  80	  20	  70	 576	915293	915696	   0	 410	
 386	 387	  20	   4	 530	   2	   2	  18	  30	  11	  80	  20	  70	 312	917310	917840	   0	 410	
 387	 388	  70	   3	 556	   3	   2	  18	  30	  12	  80	  20	  70	 689	919828	920384	   0	 410	
 388	 389	  20	   4	 511	   2	   2	  18	  31	  12	  80	  20	  70	 431	922129	922640	   0	 410	
 389	 390	  70	   3	 561	   3	   2	  18	  31	  13	  80	  20	  70	 525	924463	925024	   0	 410	
 390	 391	  80	   2	 521	   1	   1	  19	  31	  13	  80	  20	  70	 326	926647	927168	   0	 400	
 391	 392	  70	   4	 513	   3	   2	  19	  31	  14	  80	  20	  70	 361	928847	929360	   0	 400	
 392	 393	  20	   4	 494	   2	   2	  19	  32	  14	  80	  20	  70	 639	931298	931792	   0	 400	
 393	 394	  70	   3	 867	   3	   2	  19	  32	  15	  80	  20	  70	 466	933565	934432	   0	 400	
 394	 395	  20	   3	 484	   2	   2	  19	  33	  15	  80	  20	  70	 565	936316	936800	   0	 400	
 395	 396	  70	   3	 490	   3	   2	  19	  33	  16	  80	  20	  70	 435	938550	939040	   0	 400	
 396	 397	  80	   1	 634	   1	   1	  20	  33	  16	  80	  20	  70	 583	940934	941568	   0	 410	
 397	 398	  70	   4	 772	   3	   2	  20	  33	  17	  80	  20	  70	 566	943452	944224	   0	 410	
 398	 399	  20	   4	 512	   2	   2	  20	  34	  17	  80	  20	  70	 428	945952	946464	   0	 410	
 399	 400	  80	   2	 519	   1	   1	  21	  34	  17	  80	  20	  70	 392	948153	948672	   0	 400	
 400	 401	  20	   4	 549	   2	   2	  21	  35	  17	  80	  20	  70	 605	950587	951136	   0	 400	
 401	 402	  80	   1	 524	   1	   1	  22	  35	  17	  80	  20	  70	 320	952788	953312	   0	 410	
 402	 403	  80	   3	 677	   2	   2	  22	   1	  17	  80	  80	  70	 320	954955	955632	   2	 410	
 403	 404	  80	   1	 579	   1	   1	  23	   1	  17	  80	  80	  70	 452	957389	957968	   0	 420	
 404	 405	  80	   1	 513	   2	   1	  23	   2	  17	  80	  80	  70	 535	959807	960320	   0	 430	
 405	 406	  80	   1	 470	   1	   1	  24	   2	  17	  80	  80	  70	 449	962074	962544	   0	 440	
 406	 407	  80	   1	 373	   2	   1	  24	   3	  17	  80	  80	  70	 643	964491	964864	   0	 450	
 407	 408	  80	   1	 429	   1	   1	  25	   3	  17	  80	  80	  70	 493	966659	967088	   0	 460	
 408	 409	  80	   2	 353	   2	   1	  25	   4	  17	  80	  80	  70	 561	968943	969296	   0	 450	
 409	 410	  80	   1	 351	   1	   1	  26	   4	  17	  80	  80	  70	 365	970977	971328	   0	 460	
 410	 411	  80	   1	 335	   2	   1	  26	   5	  17	  80	  80	  70	 345	972977	973312	   0	 470	
 411	 412	  80	   2	 350	   1	   1	  27	   5	  17	  80	  80	  70	 339	974978	975328	   0	 460	
 412	 413	  80	   1	 351	   2	   1	  27	   6	  17	  80	  80	  70	 688	977329	977680	   0	 470	
 413	 414	  80	   1	 372	   1	   1	  28	   6	  17	  80	  80	  70	 598	979596	979968	   0	 480	
 414	 415	  80	   1	 367	   2	   1	  28	   7	  17	  80	  80	  70	 434	981713	982080	   0	 490	
 415	 416	  80	   1	 359	   1	   1	  29	   7	  17	  80	  80	  70	 486	983881	984240	   0	 500	
 416	 417	  70	   3	 537	   3	   2	  29	   7	  18	  80	  80	  70	 665	986215	986752	   0	 500	
 417	 418	  80	   1	 470	   2	   1	  29	   8	  18	  80	  80	  70	 627	988682	989152	   0	 510	
 418	 419	  80	   1	 474	   1	   1	  30	   8	  18	  80	  80	  70	 507	990966	991440	   0	 520	
 419	 420	  80	   2	 405	   2	   1	  30	   9	  18	  80	  80	  70	 329	993067	993472	   0	 510	
 420	 421	  70	   3	 493	   3	   2	  30	   9	  19	  80	  80	  70	 467	995251	995744	   0	 510	
 421	 422	  80	   1	 389	   2	   1	  30	  10	  19	  80	  80	  70	 377	997435	997824	   0	 520	
 422	 423	  30	   4	 635	   1	   2	   1	  10	  19	  30	  80	  70	 522	999669	1000304	   1	 520	
 423	 424	  70	   3	 518	   3	   2	   1	  10	  20	  30	  80	  70	 559	1002169	1002687	   0	 520	
 424	 425	  80	   2	 915	   2	   1	   1	  11	  20	  30	  80	  70	 613	1004604	1005519	   0	 510	
 425	 426	  30	   3	 555	   1	   2	   2	  11	  20	  30	  80	  70	 372	1007204	1007759	   0	 510	
 426	 427	  70	   3	 529	   3	   2	   2	  11	  21	  30	  80	  70	 352	1009422	1009951	   0	 510	
 427	 428	  80	   1	 409	   2	   1	   2	  12	  21	  30	  80	  70	 355	1011622	1012031	   0	 520	
 428	 429	  30	   3	 549	   1	   2	   3	  12	  21	  30	  80	  70	 377	1013706	1014255	   0	 520	
 429	 430	  70	   4	 466	   3	   2	   3	  12	  22	  30	  80	  70	 587	1016157	1016623	   0	 520	
 430	 431	  80	   1	 618	   2	   1	   3	  13	  22	  30	  80	  70	 398	1018341	1018959	   0	 530	
 431	 432	  70	   4	 824	   3	   2	   3	  13	  23	  30	  80	  70	 484	1020775	1021599	   0	 530	
 432	 433	  80	   1	 676	   2	   1	   3	  14	  23	  30	  80	  70	 354	1023259	1023935	   0	 540	
 433	 434	  70	   3	 404	   3	   2	   3	  14	  24	  30	  80	  70	 386	1025627	1026031	   0	 540	
 434	 435	  80	   1	 567	   2	   1	   3	  15	  24	  30	  80	  70	 606	1027944	1028511	   0	 550	
 435	 436	  70	   3	 417	   3	   2	   3	  15	  25	  30	  80	  70	 661	1030478	1030895	   0	 550	
 436	 437	  30	   4	 572	   1	   2	   4	  15	  25	  30	  80	  70	 389	1032595	1033167	   0	 550	
 437	 438	  70	   3	 506	   3	   2	   4	  15	  26	  30	  80	  70	 541	1035013	1035519	   0	 550	
 438	 439	  30	   4	 515	   1	   2	   5	  15	  26	  30	  80	  70	 354	1037180	1037695	   0	 550	
 439	 440	  70	   3	 416	   3	   2	   5	  15	  27	  30	  80	  70	 626	1039631	1040047	   0	 550	
 440	 441	  80	   1	 641	   2	   1	   5	  16	  27	  30	  80	  70	 642	1041998	1042639	   0	 560	
 441	 442	  70	   4	 735	   3	   2	   5	  16	  28	  30	  80	  70	 459	1044416	1045151	   0	 560	
 442	 443	  30	   4	 472	   1	   2	   6	  16	  28	  30	  80	  70	 517	1046983	1047455	   0	 560	
 443	 444	  80	   1	 567	   2	   1	   6	  17	  28	  30	  80	  70	 629	1049384	1049951	   0	 570	
 444	 445	  30	   3	 517	   1	   2	   7	  17	  28	  30	  80	  70	 550	1051818	1052335	   0	 570	
 445	 446	  80	   2	 607	   2	   1	   7	  18	  28	  30	  80	  70	 699	1054352	1054959	   0	 560	
 446	 447	  30	   4	 468	   1	   2	   8	  18	  28	  30	  80	  70	 352	1056619	1057087	   0	 560	
 447	 448	  80	   1	 471	   2	   1	   8	  19	  28	  30	  80	  70	 528	1058920	1059391	   0	 570	
 448	 449	  30	   4	 444	   1	   2	   9	  19	  28	  30	  80	  70	 485	1061187	1061631	   0	 570	
 449	 450	  70	   3	 462	   3	   2	   9	  19	  29	  30	  80	  70	 579	1063505	1063967	   0	 570	
 450	 451	  30	   4	 454	   1	   2	  10	  19	  29	  30	  80	  70	 432	1065705	1066159	   0	 570	
 451	 452	  80	   1	 593	   2	   1	  10	  20	  29	  30	  80	  70	 327	1067806	1068399	   0	 580	
 452	 453	  70	   3	 405	   3	   2	  10	  20	  30	  30	  80	  70	 396	1070090	1070495	   0	 580	
 453	 454	  80	   1	 412	   2	   1	  10	  21	  30	  30	  80	  70	 482	1072291	1072703	   0	 590	
 454	 455	  30	   3	 466	   1	   2	  11	  21	  30	  30	  80	  70	 531	1074541	1075007	   0	 590	
 455	 456	  80	   1	 408	   2	   1	  11	  22	  30	  30	  80	  70	 446	1076759	1077167	   0	 600	
 456	 457	  70	   3	 427	   3	   2	  11	  22	  31	  30	  80	  70	 606	1079076	1079503	   0	 600	
 457	 458	  30	   4	 504	   1	   2	  12	  22	  31	  30	  80	  70	 320	1081127	1081631	   0	 600	
 458	 459	  70	   3	 560	   3	   2	  12	  22	  32	  30	  80	  70	 365	1083311	1083871	   0	 600	
 459	 460	  30	   4	 615	   1	   2	  13	  22	  32	  30	  80	  70	 358	1085528	1086143	   0	 600	
 460	 461	  80	   1	 358	   2	   1	  13	  23	  32	  30	  80	  70	 485	1087945	1088303	   0	 610	
 461	 462	  70	   3	 382	   3	   2	  13	  23	  33	  30	  80	  70	 498	1090129	1090511	   0	 610	
 462	 463	  30	   3	 459	   1	   2	  14	  23	  33	  30	  80	  70	 361	1092180	1092639	   0	 610	
 463	 464	  80	   1	 542	   2	   1	  14	  24	  33	  30	  80	  70	 559	1094497	1095039	   0	 620	
 464	 465	  30	   4	 434	   1	   2	  15	  24	  33	  30	  80	  70	 447	1096781	1097215	   0	 620	
 465	 466	  70	   4	 484	   3	   2	  15	  24	  34	  30	  80	  70	 592	1099115	1099599	   0	 620	
 466	 467	  80	   2	 680	   2	   1	  15	  25	  34	  30	  80	  70	 480	1101383	1102063	   0	 610	
 467	 468	  70	   3	 372	   3	   2	  15	  25	  35	  30	  80	  70	 499	1103867	1104239	   0	 610	
 468	 469	  30	   4	 456	   1	   2	  16	  25	  35	  30	  80	  70	 581	1106134	1106590	   0	 610	
 469	 470	  80	   1	 498	   2	   1	  16	  26	  35	  30	  80	  70	 394	1108285	1108783	   0	 620	
 470	 471	  30	   3	 569	   1	   2	  17	  26	  35	  30	  80	  70	 379	1110469	1111038	   0	 620	
 471	 472	  50	   4	 727	   3	   2	  17	  26	   1	  30	  80	  50	 513	1112903	1113630	   3	 620	
 472	 473	  30	   4	 395	   1	   2	  18	  26	   1	  30	  80	  50	 664	1115587	1115982	   0	 620	
 473	 474	  80	   1	 701	   2	   1	  18	  27	   1	  30	  80	  50	 636	1117921	1118622	   0	 630	
 474	 475	  30	   4	 589	   1	   2	  19	  27	   1	  30	  80	  50	 371	1120305	1120894	   0	 630	
 475	 476	  50	   3	 634	   3	   2	  19	  27	   2	  30	  80	  50	 557	1122756	1123390	   0	 630	
 476	 477	  80	   1	 670	   2	   1	  19	  28	   2	  30	  80	  50	 345	1125040	1125710	   0	 640	
 477	 478	  50	   4	 522	   3	   2	  19	  28	   3	  30	  80	  50	 512	1127524	1128046	   0	 640	
 478	 479	  80	   2	 332	   2	   1	  19	  29	   3	  30	  80	  50	 510	1129858	1130190	   0	 630	
 479	 480	  30	   4	 519	   1	   2	  20	  29	   3	  30	  80	  50	 458	1131959	1132478	   0	 630	
 480	 481	  50	   4	 667	   3	   2	  20	  29	   4	  30	  80	  50	 472	1134259	1134926	   0	 630	
 481	 482	  80	   1	 382	   2	   1	  20	  30	   4	  30	  80	  50	 683	1136944	1137326	   0	 640	
 482	 483	  50	   3	 477	   3	   2	  20	  30	   5	  30	  80	  50	 321	1138961	1139438	   0	 640	
 483	 484	  20	   3	 752	   2	   2	  20	   1	   5	  30	  20	  50	 508	1141262	1142014	   2	 640	
 484	 485	  30	   4	 460	   1	   2	  21	   1	   5	  30	  20	  50	 417	1143746	1144206	   0	 640	
 485	 486	  20	   4	 537	   2	   2	  21	   2	   5	  30	  20	  50	 312	1145813	1146350	   0	 640	
 486	 487	  50	   3	 526	   3	   2	  21	   2	   6	  30	  20	  50	 408	1148064	1148590	   0	 640	
 487	 488	  20	   2	 385	   2	   1	  21	   3	   6	  30	  20	  50	 484	1150381	1150766	   0	 630	
 488	 489	  30	   3	 523	   1	   2	  22	   3	   6	  30	  20	  50	 435	1152515	1153038	   0	 630	
 489	 490	  50	   3	 642	   3	   2	  22	   3	   7	  30	  20	  50	 392	1154732	1155374	   0	 630	
 490	 491	  30	   3	 424	   1	   2	  23	   3	   7	  30	  20	  50	 689	1157366	1157790	   0	 630	
 491	 492	  50	   3	 631	   3	   2	  23	   3	   8	  30	  20	  50	 652	1159767	1160398	   0	 630	
 492	 493	  20	   3	 595	   2	   2	  23	   4	   8	  30	  20	  50	 536	1162251	1162846	   0	 630	
 493	 494	  50	   4	 485	   3	   2	  23	   4	   9	  30	  20	  50	 429	1164569	1165054	   0	 630	
 494	 495	  30	   4	 230	   1	   2	  24	   4	   9	  30	  20	  50	 569	1166936	1167166	   0	 630	
 495	 496	  20	   4	 507	   2	   2	  24	   5	   9	  30	  20	  50	 342	1168803	1169310	   0	 630	
 496	 497	  50	   4	 369	   3	   2	  24	   5	  10	  30	  20	  50	 407	1171021	1171390	   0	 630	
 497	 498	  30	   4	 467	   1	   2	  25	   5	  10	  30	  20	  50	 659	1173355	1173822	   0	 630	
 498	 499	  50	   3	 405	   3	   2	  25	   5	  11	  30	  20	  50	 566	1175705	1176110	   0	 630	
 499	 500	  30	   4	 479	   1	   2	  26	   5	  11	  30	  20	  50	 412	1177823	1178302	   0	 630	
 500	 501	  50	   4	 514	   3	   2	  26	   5	  12	  30	  20	  50	 541	1180140	1180654	   0	 630	
 501	 502	  20	   4	 358	   2	   2	  26	   6	  12	  30	  20	  50	 438	1182424	1182782	   0	 630	
 502	 503	  30	   4	 376	   1	   2	  27	   6	  12	  30	  20	  50	 672	1184758	1185134	   0	 630	
 503	 504	  50	   3	 395	   3	   2	  27	   6	  13	  30	  20	  50	 633	1187075	1187470	   0	 630	
 504	 505	  30	   3	 367	   1	   2	  28	   6	  13	  30	  20	  50	 565	1189343	1189710	   0	 630	
 505	 506	  20	   4	 366	   2	   2	  28	   7	  13	  30	  20	  50	 344	1191360	1191726	   0	 630	
 506	 507	  50	   3	 350	   3	   2	  28	   7	  14	  30	  20	  50	 301	1193344	1193694	   0	 630	
 507	 508	  20	   4	 377	   2	   2	  28	   8	  14	  30	  20	  50	 447	1195445	1195822	   0	 630	
 508	 509	  50	   4	 345	   3	   2	  28	   8	  15	  30	  20	  50	 321	1197445	1197790	   0	 630	
 509	 510	  30	   4	 305	   1	   2	  29	   8	  15	  30	  20	  50	 519	1199613	1199918	   0	 630	
 510	 511	  50	   4	 350	   3	   2	  29	   8	  16	  30	  20	  50	 459	1201680	1202030	   0	 630	
 511	 512	  30	   4	 303	   1	   2	  30	   8	  16	  30	  20	  50	 685	1204047	1204350	   0	 630	
 512	 513	  20	   4	 391	   2	   2	  30	   9	  16	  30	  20	  50	 576	1206231	1206622	   0	 630	
 513	 514	  30	   4	 393	   1	   2	  31	   9	  16	  30	  20	  50	 624	1208549	1208942	   0	 630	
 514	 515	  50	   3	 353	   3	   2	  31	   9	  17	  30	  20	  50	 472	1210716	1211069	   0	 630	
 515	 516	  30	   4	 330	   1	   2	  32	   9	  17	  30	  20	  50	 507	1212883	1213213	   0	 630	
 516	 517	  20	   4	 427	   2	   2	  32	  10	  17	  30	  20	  50	 335	1214851	1215278	   0	 630	
 517	 518	  50	   4	 272	   3	   2	  32	  10	  18	  30	  20	  50	 498	1217085	1217357	   0	 630	
 518	 519	  20	   4	 294	   2	   2	  32	  11	  18	  30	  20	  50	 669	1219335	1219629	   0	 630	
 519	 520	  30	   4	 290	   1	   2	  33	  11	  18	  30	  20	  50	 497	1221419	1221709	   0	 630	
 520	 521	  20	   4	 340	   2	   2	  33	  12	  18	  30	  20	  50	 339	1223353	1223693	   0	 630	
 521	 522	  50	   3	 277	   3	   2	  33	  12	  19	  30	  20	  50	 690	1225704	1225981	   0	 630	
 522	 523	  80	   4	 850	   1	   2	   1	  12	  19	  80	  20	  50	 480	1227771	1228621	   1	 630	
 523	 524	  50	   4	 418	   3	   2	   1	  12	  20	  80	  20	  50	 611	1230539	1230957	   0	 630	
 524	 525	  80	   3	 374	   1	   2	   2	  12	  20	  80	  20	  50	 549	1232823	1233197	   0	 630	
 525	 526	  50	   4	 344	   3	   2	   2	  12	  21	  80	  20	  50	 676	1235173	1235517	   0	 630	
 526	 527	  80	   3	 459	   1	   2	   3	  12	  21	  80	  20	  50	 659	1237474	1237933	   0	 630	
 527	 528	  50	   4	 388	   3	   2	   3	  12	  22	  80	  20	  50	 404	1239641	1240029	   0	 630	
 528	 529	  80	   4	 427	   1	   2	   4	  12	  22	  80	  20	  50	 502	1241842	1242269	   0	 630	
 529	 530	  50	   3	 452	   3	   2	   4	  12	  23	  80	  20	  50	 440	1244009	1244461	   0	 630	
 530	 531	  80	   3	 452	   1	   2	   5	  12	  23	  80	  20	  50	 608	1246377	1246829	   0	 630	
 531	 532	  50	   3	 340	   3	   2	   5	  12	  24	  80	  20	  50	 620	1248777	1249117	   0	 630	
 532	 533	  80	   3	 360	   1	   2	   6	  12	  24	  80	  20	  50	 641	1251061	1251421	   0	 630	
 533	 534	  20	   4	 543	   2	   2	   6	  13	  24	  80	  20	  50	 538	1253262	1253805	   0	 630	
 534	 535	  50	   3	 414	   3	   2	   6	  13	  25	  80	  20	  50	 551	1255663	1256077	   0	 630	
 535	 536	  20	   3	 477	   2	   2	   6	  14	  25	  80	  20	  50	 689	1258080	1258557	   0	 630	
 536	 537	  80	   1	 535	   1	   1	   7	  14	  25	  80	  20	  50	 331	1260198	1260733	   0	 640	
 537	 538	  50	   3	 377	   3	   2	   7	  14	  26	  80	  20	  50	 509	1262548	1262925	   0	 640	
 538	 539	  20	   4	 382	   2	   2	   7	  15	  26	  80	  20	  50	 578	1264799	1265181	   0	 640	
 539	 540	  50	   4	 415	   3	   2	   7	  15	  27	  80	  20	  50	 680	1267166	1267581	   0	 640	
 540	 541	  20	   3	 415	   2	   2	   7	  16	  27	  80	  20	  50	 631	1269534	1269949	   0	 640	
 541	 542	  50	   4	 419	   3	   2	   7	  16	  28	  80	  20	  50	 554	1271834	1272253	   0	 640	
 542	 543	  20	   4	 409	   2	   2	   7	  17	  28	  80	  20	  50	 513	1274068	1274477	   0	 640	
 543	 544	  80	   1	 479	   1	   1	   8	  17	  28	  80	  20	  50	 516	1276302	1276781	   0	 650	
 544	 545	  20	   4	 363	   2	   2	   8	  18	  28	  80	  20	  50	 697	1278770	1279133	   0	 650	
 545	 546	  50	   3	 402	   3	   2	   8	  18	  29	  80	  20	  50	 553	1280987	1281389	   0	 650	
 546	 547	  20	   4	 443	   2	   2	   8	  19	  29	  80	  20	  50	 443	1283138	1283581	   0	 650	
 547	 548	  80	   1	 664	   1	   1	   9	  19	  29	  80	  20	  50	 304	1285189	1285853	   0	 660	
 548	 549	  50	   4	 355	   3	   2	   9	  19	  30	  80	  20	  50	 535	1287706	1288061	   0	 660	
 549	 550	  20	   4	 513	   2	   2	   9	  20	  30	  80	  20	  50	 377	1289740	1290253	   0	 660	
 550	 551	  80	   1	 601	   1	   1	  10	  20	  30	  80	  20	  50	 377	1291924	1292525	   0	 670	
 551	 552	  20	   4	 573	   2	   2	  10	  21	  30	  80	  20	  50	 361	1294208	1294781	   0	 670	
 552	 553	  80	   1	 383	   1	   1	  11	  21	  30	  80	  20	  50	 463	1296542	1296925	   0	 680	
 553	 554	  50	   3	 383	   3	   2	  11	  21	  31	  80	  20	  50	 685	1298926	1299309	   0	 680	
 554	 555	  20	   3	 498	   2	   2	  11	  22	  31	  80	  20	  50	 627	1301243	1301741	   0	 680	
 555	 556	  50	   4	 434	   3	   2	  11	  22	  32	  80	  20	  50	 566	1303627	1304061	   0	 680	
 556	 557	  80	   1	 410	   1	   1	  12	  22	  32	  80	  20	  50	 434	1305811	1306221	   0	 690	
 557	 558	  50	   4	 396	   3	   2	  12	  22	  33	  80	  20	  50	 627	1308145	1308541	   0	 690	
 558	 559	  80	   1	 575	   1	   1	  13	  22	  33	  80	  20	  50	 606	1310446	1311021	   0	 700	
 559	 560	  30	   4	 736	   3	   2	  13	  22	   1	  80	  20	  30	 455	1312797	1313533	   3	 700	
 560	 561	  80	   2	 441	   1	   1	  14	  22	   1	  80	  20	  30	 510	1315348	1315789	   0	 690	
 561	 562	  20	   4	 537	   2	   2	  14	  23	   1	  80	  20	  30	 604	1317715	1318252	   0	 690	
 562	 563	  30	   2	 600	   3	   1	  14	  23	   2	  80	  20	  30	 563	1320116	1320716	   0	 680	
 563	 564	  20	   4	 510	   2	   2	  14	  24	   2	  80	  20	  30	 338	1322366	1322876	   0	 680	
 564	 565	  80	   1	 522	   1	   1	  15	  24	   2	  80	  20	  30	 657	1324834	1325356	   0	 690	
 565	 566	  20	   4	 423	   2	   2	  15	  25	   2	  80	  20	  30	 626	1327285	1327708	   0	 690	
 566	 567	  80	   2	 623	   1	   1	  16	  25	   2	  80	  20	  30	 461	1329469	1330092	   0	 680	
 567	 568	  30	   4	 417	   3	   2	  16	  25	   3	  80	  20	  30	 408	1331803	1332220	   0	 680	
 568	 569	  20	   4	 423	   2	   2	  16	  26	   3	  80	  20	  30	 511	1334037	1334460	   0	 680	
 569	 570	  80	   1	 401	   1	   1	  17	  26	   3	  80	  20	  30	 416	1336187	1336588	   0	 690	
 570	 571	  20	   4	 373	   2	   2	  17	  27	   3	  80	  20	  30	 559	1338455	1338828	   0	 690	
 571	 572	  80	   1	 575	   1	   1	  18	  27	   3	  80	  20	  30	 460	1340605	1341180	   0	 700	
 572	 573	  30	   4	 503	   3	   2	  18	  27	   4	  80	  20	  30	 308	1342789	1343292	   0	 700	
 573	 574	  20	   3	 421	   2	   2	  18	  28	   4	  80	  20	  30	 609	1345207	1345628	   0	 700	
 574	 575	  30	   3	 545	   3	   2	  18	  28	   5	  80	  20	  30	 361	1347291	1347836	   0	 700	
 575	 576	  20	   4	 436	   2	   2	  18	  29	   5	  80	  20	  30	 471	1349608	1350044	   0	 700	
 576	 577	  80	   1	 474	   1	   1	  19	  29	   5	  80	  20	  30	 490	1351842	1352316	   0	 710	
 577	 578	  20	   4	 440	   2	   2	  19	  30	   5	  80	  20	  30	 656	1354276	1354716	   0	 710	
 578	 579	  30	   4	 585	   3	   2	  19	  30	   6	  80	  20	  30	 615	1356643	1357228	   0	 710	
 579	 580	  20	   4	 406	   2	   2	  19	  31	   6	  80	  20	  30	 559	1359094	1359500	   0	 710	
 580	 581	  80	   1	 416	   1	   1	  20	  31	   6	  80	  20	  30	 430	1361228	1361644	   0	 720	
 581	 582	  20	   4	 397	   2	   2	  20	  32	   6	  80	  20	  30	 316	1363295	1363692	   0	 720	
 582	 583	  30	   3	 460	   3	   2	  20	  32	   7	  80	  20	  30	 700	1365696	1366156	   0	 720	
 583	 584	  20	   4	 476	   2	   2	  20	  33	   7	  80	  20	  30	 621	1368080	1368556	   0	 720	
 584	 585	  30	   4	 578	   3	   2	  20	  33	   8	  80	  20	  30	 444	1370298	1370876	   0	 720	
 585	 586	  80	   1	 460	   1	   1	  21	  33	   8	  80	  20	  30	 677	1372848	1373308	   0	 730	
 586	 587	  30	   4	 408	   3	   2	  21	  33	   9	  80	  20	  30	 325	1374932	1375340	   0	 730	
 587	 588	  80	   2	 546	   1	   1	  22	  33	   9	  80	  20	  30	 410	1377050	1377596	   0	 720	
 588	 589	  20	   4	 398	   2	   2	  22	  34	   9	  80	  20	  30	 660	1379550	1379948	   0	 720	
 589	 590	  30	   3	 543	   3	   2	  22	  34	  10	  80	  20	  30	 645	1381901	1382444	   0	 720	
 590	 591	  80	   1	 593	   1	   1	  23	  34	  10	  80	  20	  30	 478	1384219	1384812	   0	 730	
 591	 592	  20	   4	 434	   2	   2	  23	  35	  10	  80	  20	  30	 448	1386586	1387020	   0	 730	
 592	 593	  80	   1	 581	   1	   1	  24	  35	  10	  80	  20	  30	 566	1388903	1389484	   0	 740	
 593	 594	  70	   3	 830	   2	   2	  24	   1	  10	  80	  70	  30	 642	1391454	1392284	   2	 740	
 594	 595	  80	   1	 412	   1	   1	  25	   1	  10	  80	  70	  30	 699	1394288	1394700	   0	 750	
 595	 596	  30	   4	 482	   3	   2	  25	   1	  11	  80	  70	  30	 511	1396506	1396988	   0	 750	
 596	 597	  80	   1	 619	   1	   1	  26	   1	  11	  80	  70	  30	 368	1398673	1399292	   0	 760	
 597	 598	  70	   1	 654	   2	   1	  26	   2	  11	  80	  70	  30	 386	1400990	1401644	   0	 770	
 598	 599	  80	   1	 378	   1	   1	  27	   2	  11	  80	  70	  30	 509	1403458	1403836	   0	 780	
 599	 600	  30	   4	 512	   3	   2	  27	   2	  12	  80	  70	  30	 564	1405692	1406204	   0	 780	
 600	 601	  80	   2	 466	   1	   1	  28	   2	  12	  80	  70	  30	 521	1408026	1408492	   0	 770	
 601	 602	  70	   1	 539	   2	   1	  28	   3	  12	  80	  70	  30	 373	1410193	1410732	   0	 780	
 602	 603	  30	   4	 488	   3	   2	  28	   3	  13	  80	  70	  30	 609	1412644	1413132	   0	 780	
 603	 604	  70	   1	 804	   2	   1	  28	   4	  13	  80	  70	  30	 313	1414744	1415548	   0	 790	
 604	 605	  30	   4	 514	   3	   2	  28	   4	  14	  80	  70	  30	 312	1417162	1417676	   0	 790	
 605	 606	  70	   2	 554	   2	   1	  28	   5	  14	  80	  70	  30	 377	1419362	1419916	   0	 780	
 606	 607	  30	   3	 500	   3	   2	  28	   5	  15	  80	  70	  30	 628	1421847	1422347	   0	 780	
 607	 608	  70	   1	 493	   2	   1	  28	   6	  15	  80	  70	  30	 348	1424014	1424507	   0	 790	
 608	 609	  30	   4	 464	   3	   2	  28	   6	  16	  80	  70	  30	 529	1426331	1426795	   0	 790	
 609	 610	  80	   1	 553	   1	   1	  29	   6	  16	  80	  70	  30	 369	1428482	1429035	   0	 800	
 610	 611	  70	   2	 722	   2	   1	  29	   7	  16	  80	  70	  30	 693	1431033	1431755	   0	 790	
 611	 612	  30	   4	 510	   3	   2	  29	   7	  17	  80	  70	  30	 395	1433517	1434027	   0	 790	
 612	 613	  70	   1	 653	   2	   1	  29	   8	  17	  80	  70	  30	 599	1435934	1436587	   0	 800	
 613	 614	  80	   1	 478	   1	   1	  30	   8	  17	  80	  70	  30	 397	1438285	1438763	   0	 810	
 614	 615	  70	   1	 672	   2	   1	  30	   9	  17	  80	  70	  30	 562	1440619	1441291	   0	 820	
 615	 616	  30	   4	 494	   3	   2	  30	   9	  18	  80	  70	  30	 448	1443053	1443547	   0	 820	
 616	 617	  50	   4	 748	   1	   2	   1	   9	  18	  50	  70	  30	 620	1445487	1446235	   1	 820	
 617	 618	  30	   3	 475	   3	   2	   1	   9	  19	  50	  70	  30	 334	1447888	1448363	   0	 820	
 618	 619	  70	   2	 527	   2	   1	   1	  10	  19	  50	  70	  30	 498	1450172	1450699	   0	 810	
 619	 620	  30	   3	 446	   3	   2	   1	  10	  20	  50	  70	  30	 576	1452573	1453019	   0	 810	
 620	 621	  70	   1	 553	   2	   1	   1	  11	  20	  50	  70	  30	 380	1454690	1455243	   0	 820	
 621	 622	  50	   4	 554	   1	   2	   2	  11	  20	  50	  70	  30	 487	1457057	1457611	   0	 820	
 622	 623	  70	   1	 583	   2	   1	   2	  12	  20	  50	  70	  30	 587	1459508	1460091	   0	 830	
 623	 624	  50	   4	 562	   1	   2	   3	  12	  20	  50	  70	  30	 598	1462009	1462571	   0	 830	
 624	 625	  30	   3	 536	   3	   2	   3	  12	  21	  50	  70	  30	 396	1464259	1464795	   0	 830	
 625	 626	  70	   1	 586	   2	   1	   3	  13	  21	  50	  70	  30	 496	1466593	1467179	   0	 840	
 626	 627	  50	   3	 486	   1	   2	   4	  13	  21	  50	  70	  30	 578	1469061	1469547	   0	 840	
 627	 628	  30	   4	 415	   3	   2	   4	  13	  22	  50	  70	  30	 377	1471228	1471643	   0	 840	
 628	 629	  50	   3	 487	   1	   2	   5	  13	  22	  50	  70	  30	 461	1473412	1473899	   0	 840	
 629	 630	  70	   1	 582	   2	   1	   5	  14	  22	  50	  70	  30	 601	1475813	1476395	   0	 850	
 630	 631	  30	   4	 417	   3	   2	   5	  14	  23	  50	  70	  30	 625	1478330	1478747	   0	 850	
 631	 632	  50	   4	 439	   1	   2	   6	  14	  23	  50	  70	  30	 475	1480548	1480987	   0	 850	
 632	 633	  70	   2	 846	   2	   1	   6	  15	  23	  50	  70	  30	 476	1482765	1483611	   0	 840	
 633	 634	  30	   4	 544	   3	   2	   6	  15	  24	  50	  70	  30	 595	1485499	1486043	   0	 840	
 634	 635	  50	   3	 505	   1	   2	   7	  15	  24	  50	  70	  30	 300	1487650	1488155	   0	 840	
 635	 636	  30	   4	 508	   3	   2	   7	  15	  25	  50	  70	  30	 492	1489951	1490459	   0	 840	
 636	 637	  50	   3	 557	   1	   2	   8	  15	  25	  50	  70	  30	 548	1492318	1492875	   0	 840	
 637	 638	  30	   4	 425	   3	   2	   8	  15	  26	  50	  70	  30	 617	1494802	1495227	   0	 840	
 638	 639	  70	   1	 530	   2	   1	   8	  16	  26	  50	  70	  30	 417	1496953	1497483	   0	 850	
 639	 640	  50	   3	 396	   1	   2	   9	  16	  26	  50	  70	  30	 319	1499103	1499499	   0	 850	
 640	 641	  70	   3	 404	   2	   2	   9	  17	  26	  50	  70	  30	 479	1501271	1501675	   0	 850	
 641	 642	  30	   3	 437	   3	   2	   9	  17	  27	  50	  70	  30	 645	1503638	1504075	   0	 850	
 642	 643	  50	   4	 463	   1	   2	  10	  17	  27	  50	  70	  30	 395	1505772	1506235	   0	 850	
 643	 644	  70	   1	 448	   2	   1	  10	  18	  27	  50	  70	  30	 609	1508139	1508587	   0	 860	
 644	 645	  30	   4	 445	   3	   2	  10	  18	  28	  50	  70	  30	 686	1510590	1511035	   0	 860	
 645	 646	  70	   2	 479	   2	   1	  10	  19	  28	  50	  70	  30	 588	1512924	1513403	   0	 850	
 646	 647	  50	   3	1007	   1	   2	  11	  19	  28	  50	  70	  30	 601	1515308	1516315	   0	 850	
 647	 648	  30	   4	 449	   3	   2	  11	  19	  29	  50	  70	  30	 418	1518042	1518491	   0	 850	
 648	 649	  50	   4	 409	   1	   2	  12	  19	  29	  50	  70	  30	 413	1520210	1520619	   0	 850	
 649	 650	  30	   3	 396	   3	   2	  12	  19	  30	  50	  70	  30	 600	1522527	1522923	   0	 850	
 650	 651	  70	   2	 600	   2	   1	  12	  20	  30	  50	  70	  30	 393	1524611	1525211	   0	 840	
 651	 652	  30	   4	 484	   3	   2	  12	  20	   1	  50	  70	  30	 548	1527095	1527579	   0	 840	
 652	 653	  50	   4	 415	   1	   2	  13	  20	   1	  50	  70	  30	 697	1529579	1529994	   0	 840	
 653	 654	  70	   2	 467	   2	   1	  13	  21	   1	  50	  70	  30	 543	1531847	1532314	   0	 830	
 654	 655	  50	   3	 379	   1	   2	  14	  21	   1	  50	  70	  30	 419	1534047	1534426	   0	 830	
 655	 656	  70	   1	 456	   2	   1	  14	  22	   1	  50	  70	  30	 371	1536098	1536554	   0	 840	
 656	 657	  30	   4	 415	   3	   2	  14	  22	   2	  50	  70	  30	 431	1538299	1538714	   0	 840	
 657	 658	  50	   3	 634	   1	   2	  15	  22	   2	  50	  70	  30	 390	1540416	1541050	   0	 840	
 658	 659	  30	   4	 475	   3	   2	  15	  22	   3	  50	  70	  30	 413	1542767	1543242	   0	 840	
 659	 660	  70	   1	 517	   2	   1	  15	  23	   3	  50	  70	  30	 348	1544901	1545418	   0	 850	
 660	 661	  30	   4	 564	   3	   2	  15	  23	   4	  50	  70	  30	 597	1547318	1547882	   0	 850	
 661	 662	  70	   1	 526	   2	   1	  15	  24	   4	  50	  70	  30	 640	1549852	1550378	   0	 860	
 662	 663	  30	   3	 603	   3	   2	  15	  24	   5	  50	  70	  30	 630	1552303	1552906	   0	 860	
 663	 664	  70	   1	 521	   2	   1	  15	  25	   5	  50	  70	  30	 542	1554753	1555274	   0	 870	
 664	 665	  50	   4	 521	   1	   2	  16	  25	   5	  50	  70	  30	 533	1557121	1557642	   0	 870	
 665	 666	  30	   4	 726	   3	   2	  16	  25	   6	  50	  70	  30	 624	1559572	1560298	   0	 870	
 666	 667	  70	   1	 498	   2	   1	  16	  26	   6	  50	  70	  30	 479	1562072	1562570	   0	 880	
 667	 668	  30	   3	 422	   3	   2	  16	  26	   7	  50	  70	  30	 480	1564356	1564778	   0	 880	
 668	 669	  50	   3	 577	   1	   2	  17	  26	   7	  50	  70	  30	 371	1566457	1567034	   0	 880	
 669	 670	  70	   2	 464	   2	   1	  17	  27	   7	  50	  70	  30	 539	1568874	1569338	   0	 870	
 670	 671	  50	   4	 403	   1	   2	  18	  27	   7	  50	  70	  30	 516	1571175	1571578	   0	 870	
 671	 672	  30	   4	 426	   3	   2	  18	  27	   8	  50	  70	  30	 492	1573392	1573818	   0	 870	
 672	 673	  70	   1	 472	   2	   1	  18	  28	   8	  50	  70	  30	 686	1575810	1576282	   0	 880	
 673	 674	  30	   4	 563	   3	   2	  18	  28	   9	  50	  70	  30	 346	1577927	1578490	   0	 880	
 674	 675	  50	   3	 400	   1	   2	  19	  28	   9	  50	  70	  30	 597	1580378	1580778	   0	 880	
 675	 676	  70	   1	 485	   2	   1	  19	  29	   9	  50	  70	  30	 546	1582629	1583114	   0	 890	
 676	 677	  30	   3	 423	   3	   2	  19	  29	  10	  50	  70	  30	 532	1584963	1585386	   0	 890	
 677	 678	  50	   4	 427	   1	   2	  20	  29	  10	  50	  70	  30	 555	1587247	1587674	   0	 890	
 678	 679	  70	   2	 417	   2	   1	  20	  30	  10	  50	  70	  30	 528	1589497	1589914	   0	 880	
 679	 680	  50	   3	 369	   1	   2	  21	  30	  10	  50	  70	  30	 657	1591881	1592250	   0	 880	
 680	 681	  30	   4	 373	   3	   2	  21	  30	  11	  50	  70	  30	 606	1594165	1594538	   0	 880	
 681	 682	  50	   3	 377	   1	   2	  22	  30	  11	  50	  70	  30	 593	1596449	1596826	   0	 880	
 682	 683	  30	   4	 386	   3	   2	  22	  30	  12	  50	  70	  30	 474	1598600	1598986	   0	 880	
 683	 684	  50	   3	 371	   1	   2	  23	  30	  12	  50	  70	  30	 676	1600967	1601338	   0	 880	
 684	 685	  70	   1	 462	   2	   1	  23	  31	  12	  50	  70	  30	 424	1603068	1603530	   0	 890	
 685	 686	  50	   4	 585	   1	   2	  24	  31	  12	  50	  70	  30	 341	1605169	1605754	   0	 890	
 686	 687	  70	   1	 443	   2	   1	  24	  32	  12	  50	  70	  30	 445	1607503	1607946	   0	 900	
 687	 688	  50	   4	 361	   1	   2	  25	  32	  12	  50	  70	  30	 697	1609937	1610298	   0	 900	
 688	 689	  30	   4	 341	   3	   2	  25	  32	  13	  50	  70	  30	 420	1612021	1612362	   0	 900	
 689	 690	  50	   4	 397	   1	   2	  26	  32	  13	  50	  70	  30	 544	1614205	1614602	   0	 900	
 690	 691	  30	   4	 645	   3	   2	  26	  32	  14	  50	  70	  30	 497	1616389	1617034	   0	 900	
 691	 692	  70	   1	 598	   2	   1	  26	  33	  14	  50	  70	  30	 393	1618740	1619338	   0	 910	
 692	 693	  30	   3	 516	   3	   2	  26	  33	  15	  50	  70	  30	 542	1621190	1621706	   0	 910	
 693	 694	  50	   4	 538	   1	   2	  27	  33	  15	  50	  70	  30	 406	1623424	1623962	   0	 910	
 694	 695	  70	   2	 495	   2	   1	  27	  34	  15	  50	  70	  30	 409	1625675	1626170	   0	 900	
 695	 696	  30	   4	 524	   3	   2	  27	  34	  16	  50	  70	  30	 653	1628126	1628650	   0	 900	
 696	 697	  50	   3	 488	   1	   2	  28	  34	  16	  50	  70	  30	 673	1630626	1631114	   0	 900	
 697	 698	  30	   4	 444	   3	   2	  28	  34	  17	  50	  70	  30	 458	1632877	1633321	   0	 900	
 698	 699	  50	   4	 465	   1	   2	  29	  34	  17	  50	  70	  30	 506	1635128	1635593	   0	 900	
 699	 700	  30	   4	 414	   3	   2	  29	  34	  18	  50	  70	  30	 695	1637595	1638009	   0	 900	
 700	 701	  70	   1	 544	   2	   1	  29	  35	  18	  50	  70	  30	 591	1639913	1640457	   0	 910	
 701	 702	  30	   3	 574	   3	   2	  29	  35	  19	  50	  70	  30	 582	1642363	1642937	   0	 910	
 702	 703	  50	   3	 449	   1	   2	  30	  35	  19	  50	  70	  30	 423	1644664	1645113	   0	 910	
 703	 704	  30	   3	 408	   3	   2	  30	  35	  20	  50	  70	  30	 454	1646881	1647289	   0	 910	
 704	 705	  50	   4	 375	   1	   2	  31	  35	  20	  50	  70	  30	 688	1649282	1649657	   0	 910	
 705	 706	  70	   1	 542	   2	   1	  31	   1	  20	  50	  70	  30	 546	1651499	1652041	   0	 920	
 706	 707	  50	   4	 397	   1	   2	  32	   1	  20	  50	  70	  30	 543	1653884	1654281	   0	 920	
 707	 708	  30	   3	 517	   3	   2	  32	   1	  21	  50	  70	  30	 488	1656084	1656601	   0	 920	
 708	 709	  50	   3	 345	   1	   2	  33	   1	  21	  50	  70	  30	 454	1658368	1658713	   0	 920	
 709	 710	  30	   4	 498	   3	   2	  33	   1	  22	  50	  70	  30	 499	1660519	1661017	   0	 920	
 710	 711	  70	   1	 553	   2	   1	  33	   2	  22	  50	  70	  30	 383	1662720	1663273	   0	 930	
 711	 712	  50	   4	 596	   1	   2	   1	   2	  22	  50	  70	  30	 637	1665237	1665833	   0	 930	
