Version: 1	Number of symbols: 3	Pictures exchange: true	Response Deadline: 2000
Trial_No	Virt_Trial_No	Prob_Shown	Feedback	RT	Stimulus_No	Resp	SymbolA_Stage	SymbolB_Stage	SymbolC_Stage	Prob_A	Prob_B	Prob_C	Jitter	StimOnset	RespOnset	Symbol_Changes	Bonus_sum
   1	   1	  30	   2	 515	   1	   1	   1	   0	   0	  30	  70	  50	 646	1866	2381	   0	 -10	
   2	   2	  50	   4	 475	   3	   2	   1	   0	   1	  30	  70	  50	 560	4226	4701	   0	 -10	
   3	   3	  30	   4	 398	   1	   2	   2	   0	   1	  30	  70	  50	 414	6399	6797	   0	 -10	
   4	   4	  50	   3	 343	   3	   2	   2	   0	   2	  30	  70	  50	 535	8613	8956	   0	 -10	
   5	   5	  70	   1	 543	   2	   1	   2	   1	   2	  30	  70	  50	 338	10573	11116	   0	   0	
   6	   6	  30	   4	 439	   1	   2	   3	   1	   2	  30	  70	  50	 538	12933	13372	   0	   0	
   7	   7	  50	   2	 394	   3	   1	   3	   1	   3	  30	  70	  50	 691	15346	15740	   0	 -10	
   8	   8	  70	   1	 405	   2	   1	   3	   2	   3	  30	  70	  50	 459	17479	17884	   0	   0	
   9	   9	  50	   2	 434	   3	   1	   3	   2	   4	  30	  70	  50	 461	19626	20060	   0	 -10	
  10	  10	  30	   3	 469	   1	   2	   4	   2	   4	  30	  70	  50	 377	21719	22188	   0	 -10	
  11	  11	  50	   3	 386	   3	   2	   4	   2	   5	  30	  70	  50	 379	23866	24252	   0	 -10	
  12	  12	  70	   1	 392	   2	   1	   4	   3	   5	  30	  70	  50	 673	26212	26604	   0	   0	
  13	  13	  50	   4	 379	   3	   2	   4	   3	   6	  30	  70	  50	 338	28225	28604	   0	   0	
  14	  14	  70	   2	 355	   2	   1	   4	   4	   6	  30	  70	  50	 545	30425	30780	   0	 -10	
  15	  15	  50	   3	 403	   3	   2	   4	   4	   7	  30	  70	  50	 367	32425	32828	   0	 -10	
  16	  16	  30	   3	 320	   1	   2	   5	   4	   7	  30	  70	  50	 623	34732	35052	   0	 -10	
  17	  17	  70	   2	 435	   2	   1	   5	   5	   7	  30	  70	  50	 404	36745	37180	   0	 -20	
  18	  18	  50	   1	 363	   3	   1	   5	   5	   8	  30	  70	  50	 649	39105	39468	   0	 -10	
  19	  19	  70	   1	 358	   2	   1	   5	   6	   8	  30	  70	  50	 559	41318	41676	   0	   0	
  20	  20	  30	   2	 336	   1	   1	   6	   6	   8	  30	  70	  50	 575	43532	43868	   0	 -10	
  21	  21	  50	   2	 363	   3	   1	   6	   6	   9	  30	  70	  50	 333	45505	45868	   0	 -20	
  22	  22	  30	   4	 511	   1	   2	   7	   6	   9	  30	  70	  50	 533	47692	48203	   0	 -20	
  23	  23	  50	   1	 479	   3	   1	   7	   6	  10	  30	  70	  50	 371	49852	50331	   0	 -10	
  24	  24	  30	   4	 418	   1	   2	   8	   6	  10	  30	  70	  50	 569	52185	52603	   0	 -10	
  25	  25	  70	   1	 421	   2	   1	   8	   7	  10	  30	  70	  50	 315	54198	54619	   0	   0	
  26	  26	  50	   1	 504	   3	   1	   8	   7	  11	  30	  70	  50	 638	56531	57035	   0	  10	
  27	  27	  30	   4	 346	   1	   2	   9	   7	  11	  30	  70	  50	 546	58865	59211	   0	  10	
  28	  28	  50	   2	 448	   3	   1	   9	   7	  12	  30	  70	  50	 477	60971	61419	   0	   0	
  29	  29	  70	   1	 402	   2	   1	   9	   8	  12	  30	  70	  50	 679	63385	63787	   0	  10	
  30	  30	  50	   1	 440	   3	   1	   9	   8	  13	  30	  70	  50	 340	65411	65851	   0	  20	
  31	  31	  70	   1	 461	   2	   1	   9	   9	  13	  30	  70	  50	 605	67758	68219	   0	  30	
  32	  32	  50	   1	 421	   3	   1	   9	   9	  14	  30	  70	  50	 302	69798	70219	   0	  40	
  33	  33	  30	   3	 459	   1	   2	  10	   9	  14	  30	  70	  50	 402	71904	72363	   0	  40	
  34	  34	  70	   2	 360	   2	   1	  10	  10	  14	  30	  70	  50	 564	74211	74571	   0	  30	
  35	  35	  30	   4	 488	   1	   2	  11	  10	  14	  30	  70	  50	 430	76291	76779	   0	  30	
  36	  36	  70	   1	 397	   2	   1	  11	  11	  14	  30	  70	  50	 421	78478	78875	   0	  40	
  37	  37	  50	   2	 376	   3	   1	  11	  11	  15	  30	  70	  50	 535	80691	81067	   0	  30	
  38	  38	  30	   3	 432	   1	   2	  12	  11	  15	  30	  70	  50	 539	82891	83323	   0	  30	
  39	  39	  70	   2	 398	   2	   1	  12	  12	  15	  30	  70	  50	 506	85117	85515	   0	  20	
  40	  40	  30	   4	 534	   1	   2	  13	  12	  15	  30	  70	  50	 524	87317	87851	   0	  20	
  41	  41	  50	   1	 455	   3	   1	  13	  12	  16	  30	  70	  50	 342	89491	89946	   0	  30	
  42	  42	  70	   1	 455	   2	   1	  13	  13	  16	  30	  70	  50	 497	91731	92186	   0	  40	
  43	  43	  30	   4	 370	   1	   2	  14	  13	  16	  30	  70	  50	 637	94104	94474	   0	  40	
  44	  44	  70	   1	 365	   2	   1	  14	  14	  16	  30	  70	  50	 647	96397	96762	   0	  50	
  45	  45	  50	   2	 450	   3	   1	  14	  14	  17	  30	  70	  50	 457	98504	98954	   0	  40	
  46	  46	  30	   4	 474	   1	   2	  15	  14	  17	  30	  70	  50	 308	100544	101018	   0	  40	
  47	  47	  70	   1	 354	   2	   1	  15	  15	  17	  30	  70	  50	 523	102824	103178	   0	  50	
  48	  48	  30	   3	 445	   1	   2	  16	  15	  17	  30	  70	  50	 494	104957	105402	   0	  50	
  49	  49	  70	   2	 386	   2	   1	  16	  16	  17	  30	  70	  50	 540	107224	107610	   0	  40	
  50	  50	  30	   4	 411	   1	   2	  17	  16	  17	  30	  70	  50	 444	109343	109754	   0	  40	
  51	  51	  70	   1	 325	   2	   1	  17	  17	  17	  30	  70	  50	 590	111637	111962	   0	  50	
  52	  52	  30	   4	 427	   1	   2	  18	  17	  17	  30	  70	  50	 424	113663	114090	   0	  50	
  53	  53	  70	   1	 333	   2	   1	  18	  18	  17	  30	  70	  50	 697	116077	116410	   0	  60	
  54	  54	  30	   3	 464	   1	   2	  19	  18	  17	  30	  70	  50	 475	118170	118634	   0	  60	
  55	  55	  70	   2	 381	   2	   1	  19	  19	  17	  30	  70	  50	 410	120317	120698	   0	  50	
  56	  56	  50	   2	 416	   3	   1	  19	  19	  18	  30	  70	  50	 590	122570	122986	   0	  40	
  57	  57	  30	   4	 475	   1	   2	  20	  19	  18	  30	  70	  50	 428	124703	125178	   0	  40	
  58	  58	  70	   1	 395	   2	   1	  20	  20	  18	  30	  70	  50	 564	127023	127418	   0	  50	
  59	  59	  50	   1	 506	   3	   1	  20	  20	  19	  30	  70	  50	 406	129103	129609	   0	  60	
  60	  60	  30	   4	 397	   1	   2	  21	  20	  19	  30	  70	  50	 621	131516	131913	   0	  60	
  61	  61	  50	   2	 410	   3	   1	  21	  20	  20	  30	  70	  50	 378	133583	133993	   0	  50	
  62	  62	  70	   1	 461	   2	   1	  21	  21	  20	  30	  70	  50	 330	135596	136057	   0	  60	
  63	  63	  50	   2	 418	   3	   1	  21	  21	  21	  30	  70	  50	 692	138023	138441	   0	  50	
  64	  64	  70	   2	 424	   2	   1	  21	  22	  21	  30	  70	  50	 564	140289	140713	   0	  40	
  65	  65	  50	   1	 440	   3	   1	  21	  22	  22	  30	  70	  50	 382	142369	142809	   0	  50	
  66	  66	  30	   3	 456	   1	   2	  22	  22	  22	  30	  70	  50	 678	144769	145225	   0	  50	
  67	  67	  70	   1	 408	   2	   1	  22	  23	  22	  30	  70	  50	 493	147009	147417	   0	  60	
  68	  68	  30	   4	 488	   1	   2	  23	  23	  22	  30	  70	  50	 629	149329	149817	   0	  60	
  69	  69	  50	   2	 373	   3	   1	  23	  23	  23	  30	  70	  50	 615	151716	152089	   0	  50	
  70	  70	  70	   1	 453	   2	   1	  23	  24	  23	  30	  70	  50	 496	153876	154329	   0	  60	
  71	  71	  50	   2	 461	   3	   1	  23	  24	  24	  30	  70	  50	 442	156076	156537	   0	  50	
  72	  72	  70	   1	 461	   2	   1	  23	  25	  24	  30	  70	  50	 420	158236	158697	   0	  60	
  73	  73	  50	   1	 480	   3	   1	  23	  25	  25	  30	  70	  50	 351	160329	160809	   0	  70	
  74	  74	  70	   2	 454	   2	   1	  23	  26	  25	  30	  70	  50	 335	162435	162889	   0	  60	
  75	  75	  50	   2	 499	   3	   1	  23	  26	  26	  30	  70	  50	 403	164582	165081	   0	  50	
  76	  76	  70	   1	 347	   2	   1	  23	  27	  26	  30	  70	  50	 579	166942	167289	   0	  60	
  77	  77	  50	   1	 575	   3	   1	  23	  27	  27	  30	  70	  50	 307	168889	169464	   0	  70	
  78	  78	  70	   1	 578	   2	   1	  23	  28	  27	  30	  70	  50	 553	171302	171880	   0	  80	
  79	  79	  50	   1	 474	   3	   1	  23	  28	  28	  30	  70	  50	 339	173502	173976	   0	  90	
  80	  80	  30	   4	 408	   1	   2	  24	  28	  28	  30	  70	  50	 308	175568	175976	   0	  90	
  81	  81	  70	   2	 464	   2	   1	  24	  29	  28	  30	  70	  50	 421	177688	178152	   0	  80	
  82	  82	  30	   4	 517	   1	   2	  25	  29	  28	  30	  70	  50	 524	179955	180472	   0	  80	
  83	  83	  50	   2	 424	   3	   1	  25	  29	  29	  30	  70	  50	 380	182128	182552	   0	  70	
  84	  84	  30	   1	 392	   1	   1	  26	  29	  29	  30	  70	  50	 624	184448	184840	   0	  80	
  85	  85	  70	   1	 429	   2	   1	  26	  30	  29	  30	  70	  50	 587	186715	187144	   0	  90	
  86	  86	  50	   1	 504	   3	   1	  26	  30	  30	  30	  70	  50	 418	188848	189352	   0	 100	
  87	  87	  70	   1	 475	   2	   1	  26	  31	  30	  30	  70	  50	 475	191101	191576	   0	 110	
  88	  88	  30	   2	 560	   3	   1	  26	  31	   1	  30	  70	  30	 474	193368	193928	   3	 100	
  89	  89	  30	   4	 501	   1	   2	  27	  31	   1	  30	  70	  30	 417	195635	196136	   0	 100	
  90	  90	  70	   2	 376	   2	   1	  27	  32	   1	  30	  70	  30	 466	197888	198264	   0	  90	
  91	  91	  30	   1	 421	   3	   1	  27	  32	   2	  30	  70	  30	 388	199955	200376	   0	 100	
  92	  92	  70	   1	 398	   2	   1	  27	  33	   2	  30	  70	  30	 420	202074	202472	   0	 110	
  93	  93	  30	   4	 414	   1	   2	  28	  33	   2	  30	  70	  30	 331	204074	204488	   0	 110	
  94	  94	  30	   2	 395	   3	   1	  28	  33	   3	  30	  70	  30	 521	206301	206696	   0	 100	
  95	  95	  30	   3	 423	   1	   2	  29	  33	   3	  30	  70	  30	 310	208288	208711	   0	 100	
  96	  96	  20	   2	 479	   2	   1	  29	   1	   3	  30	  20	  30	 393	210408	210887	   2	  90	
  97	  97	  30	   4	 482	   1	   2	  30	   1	   3	  30	  20	  30	 409	212581	213063	   0	  90	
  98	  98	  30	   2	 533	   3	   1	  30	   1	   4	  30	  20	  30	 644	214994	215527	   0	  80	
  99	  99	  30	   4	 498	   1	   2	  31	   1	   4	  30	  20	  30	 564	217381	217879	   0	  80	
 100	 100	  30	   4	 362	   3	   2	  31	   1	   5	  30	  20	  30	 658	219821	220183	   0	  80	
 101	 101	  20	   2	 338	   2	   1	  31	   2	   5	  30	  20	  30	 462	221941	222279	   0	  70	
 102	 102	  30	   3	 301	   1	   2	  32	   2	   5	  30	  20	  30	 674	224234	224535	   0	  70	
 103	 103	  20	   3	 322	   2	   2	  32	   3	   5	  30	  20	  30	 361	226181	226503	   0	  70	
 104	 104	  30	   3	 243	   3	   2	  32	   3	   6	  30	  20	  30	 630	228420	228663	   0	  70	
 105	 105	  20	   2	 405	   2	   1	  32	   4	   6	  30	  20	  30	 487	230434	230839	   0	  60	
 106	 106	  30	   4	 397	   3	   2	  32	   4	   7	  30	  20	  30	 594	232714	233111	   0	  60	
 107	 107	  20	   2	 464	   2	   1	  32	   5	   7	  30	  20	  30	 424	234807	235271	   0	  50	
 108	 108	  30	   4	 480	   3	   2	  32	   5	   8	  30	  20	  30	 582	237127	237607	   0	  50	
 109	 109	  20	   3	 352	   2	   2	  32	   6	   8	  30	  20	  30	 556	239447	239799	   0	  50	
 110	 110	  30	   4	 416	   1	   2	  33	   6	   8	  30	  20	  30	 370	241447	241863	   0	  50	
 111	 111	  30	   4	 454	   3	   2	  33	   6	   9	  30	  20	  30	 315	243473	243927	   0	  50	
 112	 112	  20	   4	 323	   2	   2	  33	   7	   9	  30	  20	  30	 404	245620	245943	   0	  50	
 113	 113	  30	   3	 293	   3	   2	  33	   7	  10	  30	  20	  30	 565	247793	248086	   0	  50	
 114	 114	  30	   4	 311	   1	   2	  34	   7	  10	  30	  20	  30	 353	249727	250038	   0	  50	
 115	 115	  30	   1	 477	   3	   1	  34	   7	  11	  30	  20	  30	 673	251993	252470	   0	  60	
 116	 116	  30	   4	 391	   1	   2	  35	   7	  11	  30	  20	  30	 459	254207	254598	   0	  60	
 117	 117	  30	   2	 421	   3	   1	  35	   7	  12	  30	  20	  30	 547	256433	256854	   0	  50	
 118	 118	  80	   1	 482	   1	   1	   1	   7	  12	  80	  20	  30	 418	258580	259062	   1	  60	
 119	 119	  30	   4	 352	   3	   2	   1	   7	  13	  80	  20	  30	 303	260646	260998	   0	  60	
 120	 120	  20	   4	 424	   2	   2	   1	   8	  13	  80	  20	  30	 322	262606	263030	   0	  60	
 121	 121	  80	   1	 376	   1	   1	   2	   8	  13	  80	  20	  30	 452	264766	265142	   0	  70	
 122	 122	  30	   4	 424	   3	   2	   2	   8	  14	  80	  20	  30	 661	267086	267510	   0	  70	
 123	 123	  80	   2	 368	   1	   1	   3	   8	  14	  80	  20	  30	 579	269366	269734	   0	  60	
 124	 124	  30	   3	 373	   3	   2	   3	   8	  15	  80	  20	  30	 542	271553	271926	   0	  60	
 125	 125	  80	   1	 301	   1	   1	   4	   8	  15	  80	  20	  30	 700	273913	274214	   0	  70	
 126	 126	  30	   4	 333	   3	   2	   4	   8	  16	  80	  20	  30	 584	276073	276406	   0	  70	
 127	 127	  80	   1	 336	   1	   1	   5	   8	  16	  80	  20	  30	 308	278006	278342	   0	  80	
 128	 128	  30	   4	 427	   3	   2	   5	   8	  17	  80	  20	  30	 595	280219	280646	   0	  80	
 129	 129	  20	   4	 459	   2	   2	   5	   9	  17	  80	  20	  30	 442	282379	282838	   0	  80	
 130	 130	  80	   2	 318	   1	   1	   6	   9	  17	  80	  20	  30	 591	284712	285030	   0	  70	
 131	 131	  30	   4	 312	   3	   2	   6	   9	  18	  80	  20	  30	 363	286686	286998	   0	  70	
 132	 132	  80	   1	 285	   1	   1	   7	   9	  18	  80	  20	  30	 667	288952	289237	   0	  80	
 133	 133	  30	   3	 322	   3	   2	   7	   9	  19	  80	  20	  30	 695	291219	291541	   0	  80	
 134	 134	  80	   1	 322	   1	   1	   8	   9	  19	  80	  20	  30	 636	293459	293781	   0	  90	
 135	 135	  20	   4	 464	   2	   2	   8	  10	  19	  80	  20	  30	 543	295605	296069	   0	  90	
 136	 136	  80	   1	 317	   1	   1	   9	  10	  19	  80	  20	  30	 568	297912	298229	   0	 100	
 137	 137	  20	   3	 346	   2	   2	   9	  11	  19	  80	  20	  30	 389	299899	300245	   0	 100	
 138	 138	  80	   1	 346	   1	   1	  10	  11	  19	  80	  20	  30	 359	301899	302245	   0	 110	
 139	 139	  20	   4	 389	   2	   2	  10	  12	  19	  80	  20	  30	 576	304112	304501	   0	 110	
 140	 140	  30	   2	 464	   3	   1	  10	  12	  20	  80	  20	  30	 617	306405	306869	   0	 100	
 141	 141	  80	   2	 344	   1	   1	  11	  12	  20	  80	  20	  30	 364	308525	308869	   0	  90	
 142	 142	  30	   3	 400	   3	   2	  11	  12	  21	  80	  20	  30	 414	310565	310965	   0	  90	
 143	 143	  20	   4	 408	   2	   2	  11	  13	  21	  80	  20	  30	 434	312685	313093	   0	  90	
 144	 144	  80	   1	 317	   1	   1	  12	  13	  21	  80	  20	  30	 503	314872	315189	   0	 100	
 145	 145	  30	   4	 360	   3	   2	  12	  13	  22	  80	  20	  30	 302	316765	317125	   0	 100	
 146	 146	  20	   4	 381	   2	   2	  12	  14	  22	  80	  20	  30	 455	318872	319253	   0	 100	
 147	 147	  30	   4	 454	   3	   2	  12	  14	  23	  80	  20	  30	 380	320911	321365	   0	 100	
 148	 148	  20	   4	 467	   2	   2	  12	  15	  23	  80	  20	  30	 485	323138	323605	   0	 100	
 149	 149	  80	   1	 347	   1	   1	  13	  15	  23	  80	  20	  30	 679	325578	325925	   0	 110	
 150	 150	  20	   4	 341	   2	   2	  13	  16	  23	  80	  20	  30	 665	327871	328212	   0	 110	
 151	 151	  80	   1	 346	   1	   1	  14	  16	  23	  80	  20	  30	 395	329898	330244	   0	 120	
 152	 152	  20	   4	 378	   2	   2	  14	  17	  23	  80	  20	  30	 690	332218	332596	   0	 120	
 153	 153	  30	   4	 455	   3	   2	  14	  17	  24	  80	  20	  30	 323	334205	334660	   0	 120	
 154	 154	  20	   3	 392	   2	   2	  14	  18	  24	  80	  20	  30	 418	336364	336756	   0	 120	
 155	 155	  80	   1	 392	   1	   1	  15	  18	  24	  80	  20	  30	 408	338444	338836	   0	 130	
 156	 156	  30	   4	 346	   3	   2	  15	  18	  25	  80	  20	  30	 343	340458	340804	   0	 130	
 157	 157	  80	   1	 344	   1	   1	  16	  18	  25	  80	  20	  30	 676	342764	343108	   0	 140	
 158	 158	  20	   4	 346	   2	   2	  16	  19	  25	  80	  20	  30	 638	345018	345364	   0	 140	
 159	 159	  30	   4	 408	   3	   2	  16	  19	  26	  80	  20	  30	 517	347164	347572	   0	 140	
 160	 160	  80	   1	 413	   1	   1	  17	  19	  26	  80	  20	  30	 334	349191	349604	   0	 150	
 161	 161	  20	   4	 371	   2	   2	  17	  20	  26	  80	  20	  30	 318	351217	351588	   0	 150	
 162	 162	  30	   3	 483	   3	   2	  17	  20	  27	  80	  20	  30	 511	353377	353860	   0	 150	
 163	 163	  80	   4	 333	   1	   2	  18	  20	  27	  80	  20	  30	 604	355751	356084	   0	 150	
 164	 164	  30	   4	 440	   3	   2	  18	  20	  28	  80	  20	  30	 667	358044	358484	   0	 150	
 165	 165	  20	   4	 464	   2	   2	  18	  21	  28	  80	  20	  30	 386	360164	360628	   0	 150	
 166	 166	  30	   4	 411	   3	   2	  18	  21	  29	  80	  20	  30	 550	362457	362868	   0	 150	
 167	 167	  80	   1	 358	   1	   1	  19	  21	  29	  80	  20	  30	 449	364590	364948	   0	 160	
 168	 168	  30	   1	 534	   3	   1	  19	  21	  30	  80	  20	  30	 368	366590	367124	   0	 170	
 169	 169	  20	   4	 381	   2	   2	  19	  22	  30	  80	  20	  30	 455	368870	369251	   0	 170	
 170	 170	  30	   2	 407	   3	   1	  19	  22	  31	  80	  20	  30	 638	371164	371571	   0	 160	
 171	 171	  80	   1	 381	   1	   1	  20	  22	  31	  80	  20	  30	 492	373350	373731	   0	 170	
 172	 172	  30	   4	 418	   3	   2	  20	  22	  32	  80	  20	  30	 602	375617	376035	   0	 170	
 173	 173	  20	   3	 557	   2	   2	  20	  23	  32	  80	  20	  30	 350	377670	378227	   0	 170	
 174	 174	  80	   1	 384	   1	   1	  21	  23	  32	  80	  20	  30	 585	380083	380467	   0	 180	
 175	 175	  30	   4	 384	   3	   2	  21	  23	  33	  80	  20	  30	 419	382163	382547	   0	 180	
 176	 176	  80	   1	 357	   1	   1	  22	  23	  33	  80	  20	  30	 608	384430	384787	   0	 190	
 177	 177	  30	   3	 352	   3	   2	  22	  23	  34	  80	  20	  30	 338	386403	386755	   0	 190	
 178	 178	  80	   2	 376	   1	   1	  23	  23	  34	  80	  20	  30	 321	388363	388739	   0	 180	
 179	 179	  30	   4	 445	   3	   2	  23	  23	  35	  80	  20	  30	 691	390710	391155	   0	 180	
 180	 180	  20	   4	 488	   2	   2	  23	  24	  35	  80	  20	  30	 326	392763	393251	   0	 180	
 181	 181	  70	   1	 360	   3	   1	  23	  24	   1	  80	  20	  70	 346	394923	395283	   3	 190	
 182	 182	  20	   1	 403	   2	   1	  23	  25	   1	  80	  20	  70	 639	397216	397619	   0	 200	
 183	 183	  80	   1	 408	   1	   1	  24	  25	   1	  80	  20	  70	 576	399483	399891	   0	 210	
 184	 184	  70	   2	 400	   3	   1	  24	  25	   2	  80	  20	  70	 586	401763	402163	   0	 200	
 185	 185	  20	   4	 438	   2	   2	  24	  26	   2	  80	  20	  70	 418	403869	404307	   0	 200	
 186	 186	  70	   1	 406	   3	   1	  24	  26	   3	  80	  20	  70	 523	406109	406515	   0	 210	
 187	 187	  20	   4	 378	   2	   2	  24	  27	   3	  80	  20	  70	 419	408216	408594	   0	 210	
 188	 188	  70	   2	 370	   3	   1	  24	  27	   4	  80	  20	  70	 541	410416	410786	   0	 200	
 189	 189	  20	   4	 567	   2	   2	  24	  28	   4	  80	  20	  70	 534	412603	413170	   0	 200	
 190	 190	  80	   2	 338	   1	   1	  25	  28	   4	  80	  20	  70	 680	415136	415474	   0	 190	
 191	 191	  70	   1	 477	   3	   1	  25	  28	   5	  80	  20	  70	 335	417109	417586	   0	 200	
 192	 192	  80	   1	 392	   1	   1	  26	  28	   5	  80	  20	  70	 700	419562	419954	   0	 210	
 193	 193	  20	   4	 514	   2	   2	  26	  29	   5	  80	  20	  70	 625	421856	422370	   0	 210	
 194	 194	  70	   1	 421	   3	   1	  26	  29	   6	  80	  20	  70	 545	424189	424610	   0	 220	
 195	 195	  20	   4	 576	   2	   2	  26	  30	   6	  80	  20	  70	 351	426242	426818	   0	 220	
 196	 196	  70	   1	 419	   3	   1	  26	  30	   7	  80	  20	  70	 312	428415	428834	   0	 230	
 197	 197	  80	   1	 440	   1	   1	  27	  30	   7	  80	  20	  70	 492	430602	431042	   0	 240	
 198	 198	  50	   1	 595	   2	   1	  27	   1	   7	  80	  50	  70	 452	432815	433410	   2	 250	
 199	 199	  70	   2	 507	   3	   1	  27	   1	   8	  80	  50	  70	 403	435095	435602	   0	 240	
 200	 200	  50	   2	 387	   2	   1	  27	   2	   8	  80	  50	  70	 411	437295	437682	   0	 230	
 201	 201	  80	   1	 427	   1	   1	  28	   2	   8	  80	  50	  70	 513	439495	439922	   0	 240	
 202	 202	  70	   1	 406	   3	   1	  28	   2	   9	  80	  50	  70	 343	441548	441954	   0	 250	
 203	 203	  50	   1	 368	   2	   1	  28	   3	   9	  80	  50	  70	 445	443682	444050	   0	 260	
 204	 204	  70	   1	 387	   3	   1	  28	   3	  10	  80	  50	  70	 442	445775	446162	   0	 270	
 205	 205	  50	   2	 375	   2	   1	  28	   4	  10	  80	  50	  70	 598	448042	448417	   0	 260	
 206	 206	  70	   2	 415	   3	   1	  28	   4	  11	  80	  50	  70	 455	450162	450577	   0	 250	
 207	 207	  50	   2	 370	   2	   1	  28	   5	  11	  80	  50	  70	 556	452415	452785	   0	 240	
 208	 208	  80	   1	 426	   1	   1	  29	   5	  11	  80	  50	  70	 477	454535	454961	   0	 250	
 209	 209	  50	   1	 445	   2	   1	  29	   6	  11	  80	  50	  70	 533	456788	457233	   0	 260	
 210	 210	  80	   1	 402	   1	   1	  30	   6	  11	  80	  50	  70	 456	458975	459377	   0	 270	
 211	 211	  70	   2	 413	   3	   1	  30	   6	  12	  80	  50	  70	 428	461108	461521	   0	 260	
 212	 212	  50	   1	 402	   2	   1	  30	   7	  12	  80	  50	  70	 487	463295	463697	   0	 270	
 213	 213	  80	   1	 426	   1	   1	  31	   7	  12	  80	  50	  70	 432	465415	465841	   0	 280	
 214	 214	  70	   1	 491	   3	   1	  31	   7	  13	  80	  50	  70	 605	467734	468225	   0	 290	
 215	 215	  80	   1	 453	   1	   1	  32	   7	  13	  80	  50	  70	 451	469948	470401	   0	 300	
 216	 216	  70	   1	 515	   3	   1	  32	   7	  14	  80	  50	  70	 329	472014	472529	   0	 310	
 217	 217	  50	   2	 456	   2	   1	  32	   8	  14	  80	  50	  70	 395	474201	474657	   0	 300	
 218	 218	  80	   1	 421	   1	   1	  33	   8	  14	  80	  50	  70	 481	476428	476849	   0	 310	
 219	 219	  50	   4	 496	   2	   2	  33	   9	  14	  80	  50	  70	 517	478641	479137	   0	 310	
 220	 220	  20	   2	 552	   1	   1	   1	   9	  14	  20	  50	  70	 558	481001	481553	   1	 300	
 221	 221	  70	   1	 526	   3	   1	   1	   9	  15	  20	  50	  70	 578	483427	483953	   0	 310	
 222	 222	  50	   3	 664	   2	   2	   1	  10	  15	  20	  50	  70	 412	485641	486305	   0	 310	
 223	 223	  70	   1	 479	   3	   1	   1	  10	  16	  20	  50	  70	 661	488241	488720	   0	 320	
 224	 224	  20	   4	 351	   1	   2	   2	  10	  16	  20	  50	  70	 397	490401	490752	   0	 320	
 225	 225	  50	   2	 677	   2	   1	   2	  11	  16	  20	  50	  70	 557	492587	493264	   0	 310	
 226	 226	  70	   2	 437	   3	   1	   2	  11	  17	  20	  50	  70	 440	494987	495424	   0	 300	
 227	 227	  20	   4	 386	   1	   2	   3	  11	  17	  20	  50	  70	 586	497294	497680	   0	 300	
 228	 228	  70	   1	 437	   3	   1	   3	  11	  18	  20	  50	  70	 493	499467	499904	   0	 310	
 229	 229	  20	   3	 413	   1	   2	   4	  11	  18	  20	  50	  70	 319	501507	501920	   0	 310	
 230	 230	  50	   3	 501	   2	   2	   4	  12	  18	  20	  50	  70	 660	503867	504368	   0	 310	
 231	 231	  70	   1	 413	   3	   1	   4	  12	  19	  20	  50	  70	 566	506227	506640	   0	 320	
 232	 232	  50	   4	 456	   2	   2	   4	  13	  19	  20	  50	  70	 674	508600	509056	   0	 320	
 233	 233	  70	   1	 467	   3	   1	   4	  13	  20	  20	  50	  70	 471	510813	511280	   0	 330	
 234	 234	  20	   4	 400	   1	   2	   5	  13	  20	  20	  50	  70	 395	512960	513360	   0	 330	
 235	 235	  70	   2	 432	   3	   1	   5	  13	  21	  20	  50	  70	 387	515040	515472	   0	 320	
 236	 236	  20	   4	 360	   1	   2	   6	  13	  21	  20	  50	  70	 645	517400	517760	   0	 320	
 237	 237	  50	   2	 560	   2	   1	   6	  14	  21	  20	  50	  70	 392	519440	520000	   0	 310	
 238	 238	  70	   1	 368	   3	   1	   6	  14	  22	  20	  50	  70	 472	521760	522128	   0	 320	
 239	 239	  50	   3	 440	   2	   2	   6	  15	  22	  20	  50	  70	 472	523880	524320	   0	 320	
 240	 240	  70	   3	 392	   3	   2	   6	  15	  23	  20	  50	  70	 436	526040	526432	   0	 320	
 241	 241	  50	   3	 461	   2	   2	   6	  16	  23	  20	  50	  70	 421	528146	528607	   0	 320	
 242	 242	  20	   3	 455	   1	   2	   7	  16	  23	  20	  50	  70	 393	530280	530735	   0	 320	
 243	 243	  50	   2	 383	   2	   1	   7	  17	  23	  20	  50	  70	 543	532560	532943	   0	 310	
 244	 244	  20	   4	 442	   1	   2	   8	  17	  23	  20	  50	  70	 636	534853	535295	   0	 310	
 245	 245	  70	   1	 389	   3	   1	   8	  17	  24	  20	  50	  70	 564	537146	537535	   0	 320	
 246	 246	  50	   1	 496	   2	   1	   8	  18	  24	  20	  50	  70	 384	539199	539695	   0	 330	
 247	 247	  20	   4	 400	   1	   2	   9	  18	  24	  20	  50	  70	 385	541359	541759	   0	 330	
 248	 248	  50	   4	 450	   2	   2	   9	  19	  24	  20	  50	  70	 559	543613	544063	   0	 330	
 249	 249	  70	   1	 378	   3	   1	   9	  19	  25	  20	  50	  70	 550	545893	546271	   0	 340	
 250	 250	  20	   4	 456	   1	   2	  10	  19	  25	  20	  50	  70	 406	547959	548415	   0	 340	
 251	 251	  70	   2	 440	   3	   1	  10	  19	  26	  20	  50	  70	 325	550039	550479	   0	 330	
 252	 252	  50	   1	 515	   2	   1	  10	  20	  26	  20	  50	  70	 322	552092	552607	   0	 340	
 253	 253	  20	   4	 424	   1	   2	  11	  20	  26	  20	  50	  70	 309	554199	554623	   0	 340	
 254	 254	  70	   1	 443	   3	   1	  11	  20	  27	  20	  50	  70	 310	556212	556655	   0	 350	
 255	 255	  50	   3	 451	   2	   2	  11	  21	  27	  20	  50	  70	 472	558412	558863	   0	 350	
 256	 256	  70	   1	 427	   3	   1	  11	  21	  28	  20	  50	  70	 470	560612	561039	   0	 360	
 257	 257	  50	   4	 491	   2	   2	  11	  22	  28	  20	  50	  70	 684	563012	563503	   0	 360	
 258	 258	  70	   2	 384	   3	   1	  11	  22	  29	  20	  50	  70	 656	565439	565823	   0	 350	
 259	 259	  50	   2	 482	   2	   1	  11	  23	  29	  20	  50	  70	 427	567532	568014	   0	 340	
 260	 260	  70	   1	 397	   3	   1	  11	  23	  30	  20	  50	  70	 531	569825	570222	   0	 350	
 261	 261	  20	   4	 423	   1	   2	  12	  23	  30	  20	  50	  70	 447	571959	572382	   0	 350	
 262	 262	  50	   2	 583	   3	   1	  12	  23	   1	  20	  50	  50	 516	574199	574782	   3	 340	
 263	 263	  50	   4	 448	   2	   2	  12	  24	   1	  20	  50	  50	 342	576398	576846	   0	 340	
 264	 264	  20	   4	 416	   1	   2	  13	  24	   1	  20	  50	  50	 597	578718	579134	   0	 340	
 265	 265	  50	   4	 536	   3	   2	  13	  24	   2	  20	  50	  50	 494	580918	581454	   0	 340	
 266	 266	  50	   3	 466	   2	   2	  13	  25	   2	  20	  50	  50	 551	583292	583758	   0	 340	
 267	 267	  50	   3	 498	   3	   2	  13	  25	   3	  20	  50	  50	 327	585372	585870	   0	 340	
 268	 268	  50	   3	 602	   2	   2	  13	  26	   3	  20	  50	  50	 421	587572	588174	   0	 340	
 269	 269	  20	   3	 475	   1	   2	  14	  26	   3	  20	  50	  50	 428	589891	590366	   0	 340	
 270	 270	  50	   2	 597	   2	   1	  14	  27	   3	  20	  50	  50	 619	592265	592862	   0	 330	
 271	 271	  50	   4	 427	   3	   2	  14	  27	   4	  20	  50	  50	 684	594851	595278	   0	 330	
 272	 272	  50	   1	 685	   2	   1	  14	  28	   4	  20	  50	  50	 533	597105	597790	   0	 340	
 273	 273	  50	   3	 488	   3	   2	  14	  28	   5	  20	  50	  50	 646	599718	600206	   0	 340	
 274	 274	  50	   4	 478	   2	   2	  14	  29	   5	  20	  50	  50	 421	601904	602382	   0	 340	
 275	 275	  20	   4	 480	   1	   2	  15	  29	   5	  20	  50	  50	 583	604238	604718	   0	 340	
 276	 276	  50	   3	 470	   3	   2	  15	  29	   6	  20	  50	  50	 664	606664	607134	   0	 340	
 277	 277	  50	   3	 461	   2	   2	  15	  30	   6	  20	  50	  50	 529	608944	609405	   0	 340	
 278	 278	  20	   3	 498	   1	   2	  16	  30	   6	  20	  50	  50	 366	611051	611549	   0	 340	
 279	 279	  50	   2	 415	   3	   1	  16	  30	   7	  20	  50	  50	 680	613518	613933	   0	 330	
 280	 280	  20	   4	 533	   1	   2	  17	  30	   7	  20	  50	  50	 320	615544	616077	   0	 330	
 281	 281	  50	   2	 557	   3	   1	  17	  30	   8	  20	  50	  50	 605	617984	618541	   0	 320	
 282	 282	  20	   4	 490	   1	   2	  18	  30	   8	  20	  50	  50	 631	620451	620941	   0	 320	
 283	 283	  50	   3	 594	   3	   2	  18	  30	   9	  20	  50	  50	 667	622891	623485	   0	 320	
 284	 284	  50	   1	 541	   2	   1	  18	  31	   9	  20	  50	  50	 414	625184	625725	   0	 330	
 285	 285	  20	   4	 453	   1	   2	  19	  31	   9	  20	  50	  50	 459	627464	627917	   0	 330	
 286	 286	  50	   2	 491	   2	   1	  19	  32	   9	  20	  50	  50	 520	629730	630221	   0	 320	
 287	 287	  20	   4	 456	   1	   2	  20	  32	   9	  20	  50	  50	 384	631877	632333	   0	 320	
 288	 288	  50	   1	 432	   3	   1	  20	  32	  10	  20	  50	  50	 614	634237	634669	   0	 330	
 289	 289	  20	   4	 413	   1	   2	  21	  32	  10	  20	  50	  50	 668	636624	637037	   0	 330	
 290	 290	  50	   1	 387	   3	   1	  21	  32	  11	  20	  50	  50	 639	638970	639357	   0	 340	
 291	 291	  50	   1	 550	   2	   1	  21	  33	  11	  20	  50	  50	 487	641143	641693	   0	 350	
 292	 292	  50	   1	 520	   3	   1	  21	  33	  12	  20	  50	  50	 653	643637	644157	   0	 360	
 293	 293	  20	   4	 630	   2	   2	  21	   1	  12	  20	  20	  50	 332	645783	646413	   2	 360	
 294	 294	  50	   2	 522	   3	   1	  21	   1	  13	  20	  20	  50	 671	648370	648892	   0	 350	
 295	 295	  20	   3	 453	   1	   2	  22	   1	  13	  20	  20	  50	 487	650663	651116	   0	 350	
 296	 296	  20	   4	 445	   2	   2	  22	   2	  13	  20	  20	  50	 375	652783	653228	   0	 350	
 297	 297	  20	   4	 456	   1	   2	  23	   2	  13	  20	  20	  50	 560	655076	655532	   0	 350	
 298	 298	  20	   2	 552	   2	   1	  23	   3	  13	  20	  20	  50	 419	657236	657788	   0	 340	
 299	 299	  20	   4	 445	   1	   2	  24	   3	  13	  20	  20	  50	 518	659583	660028	   0	 340	
 300	 300	  20	   4	 400	   2	   2	  24	   4	  13	  20	  20	  50	 364	661676	662076	   0	 340	
 301	 301	  50	   3	 512	   3	   2	  24	   4	  14	  20	  20	  50	 450	663836	664348	   0	 340	
 302	 302	  20	   3	 437	   2	   2	  24	   5	  14	  20	  20	  50	 557	666183	666620	   0	 340	
 303	 303	  50	   3	 531	   3	   2	  24	   5	  15	  20	  20	  50	 513	668409	668940	   0	 340	
 304	 304	  20	   4	 360	   2	   2	  24	   6	  15	  20	  20	  50	 697	670916	671276	   0	 340	
 305	 305	  20	   4	 480	   1	   2	  25	   6	  15	  20	  20	  50	 318	672876	673356	   0	 340	
 306	 306	  50	   2	 544	   3	   1	  25	   6	  16	  20	  20	  50	 477	675116	675660	   0	 330	
 307	 307	  20	   4	 405	   1	   2	  26	   6	  16	  20	  20	  50	 519	677463	677868	   0	 330	
 308	 308	  50	   4	 480	   3	   2	  26	   6	  17	  20	  20	  50	 360	679516	679996	   0	 330	
 309	 309	  20	   4	 435	   1	   2	  27	   6	  17	  20	  20	  50	 569	681849	682284	   0	 330	
 310	 310	  50	   1	 478	   3	   1	  27	   6	  18	  20	  20	  50	 337	683902	684380	   0	 340	
 311	 311	  20	   3	 390	   1	   2	  28	   6	  18	  20	  20	  50	 497	686182	686572	   0	 340	
 312	 312	  50	   4	 467	   3	   2	  28	   6	  19	  20	  20	  50	 314	688169	688636	   0	 340	
 313	 313	  20	   4	 495	   2	   2	  28	   7	  19	  20	  20	  50	 389	690316	690811	   0	 340	
 314	 314	  50	   2	 549	   3	   1	  28	   7	  20	  20	  20	  50	 332	692422	692971	   0	 330	
 315	 315	  20	   4	 504	   2	   2	  28	   8	  20	  20	  20	  50	 655	694915	695419	   0	 330	
 316	 316	  20	   4	 477	   1	   2	  29	   8	  20	  20	  20	  50	 486	697182	697659	   0	 330	
 317	 317	  20	   3	 482	   2	   2	  29	   9	  20	  20	  20	  50	 357	699289	699771	   0	 330	
 318	 318	  50	   4	 472	   3	   2	  29	   9	  21	  20	  20	  50	 660	701715	702187	   0	 330	
 319	 319	  20	   4	 448	   2	   2	  29	  10	  21	  20	  20	  50	 612	704075	704523	   0	 330	
 320	 320	  20	   4	 501	   1	   2	  30	  10	  21	  20	  20	  50	 459	706262	706763	   0	 330	
 321	 321	  50	   3	 573	   3	   2	  30	  10	  22	  20	  20	  50	 557	708622	709195	   0	 330	
 322	 322	  20	   4	 419	   1	   2	  31	  10	  22	  20	  20	  50	 491	710968	711387	   0	 330	
 323	 323	  50	   4	 419	   3	   2	  31	  10	  23	  20	  20	  50	 540	713208	713627	   0	 330	
 324	 324	  20	   4	 453	   1	   2	  32	  10	  23	  20	  20	  50	 556	715462	715915	   0	 330	
 325	 325	  20	   4	 485	   2	   2	  32	  11	  23	  20	  20	  50	 582	717782	718267	   0	 330	
 326	 326	  20	   3	 477	   1	   2	  33	  11	  23	  20	  20	  50	 590	720142	720619	   0	 330	
 327	 327	  50	   1	 496	   3	   1	  33	  11	  24	  20	  20	  50	 578	722475	722971	   0	 340	
 328	 328	  20	   4	 467	   2	   2	  33	  12	  24	  20	  20	  50	 558	724808	725275	   0	 340	
 329	 329	  50	   3	 515	   3	   2	  33	  12	  25	  20	  20	  50	 323	726888	727403	   0	 340	
 330	 330	  20	   4	 437	   2	   2	  33	  13	  25	  20	  20	  50	 543	729221	729658	   0	 340	
 331	 331	  20	   4	 501	   1	   2	  34	  13	  25	  20	  20	  50	 579	731541	732042	   0	 340	
 332	 332	  20	   4	 469	   2	   2	  34	  14	  25	  20	  20	  50	 376	733701	734170	   0	 340	
 333	 333	  50	   2	 464	   3	   1	  34	  14	  26	  20	  20	  50	 698	736154	736618	   0	 330	
 334	 334	  20	   4	 458	   1	   2	  35	  14	  26	  20	  20	  50	 315	738208	738666	   0	 330	
 335	 335	  20	   4	 480	   2	   2	  35	  15	  26	  20	  20	  50	 363	740314	740794	   0	 330	
 336	 336	  50	   3	 514	   3	   2	  35	  15	  27	  20	  20	  50	 487	742568	743082	   0	 330	
 337	 337	  80	   1	 541	   1	   1	   1	  15	  27	  80	  20	  50	 669	745101	745642	   1	 340	
 338	 338	  20	   4	 448	   2	   2	   1	  16	  27	  80	  20	  50	 509	747434	747882	   0	 340	
 339	 339	  80	   1	 416	   1	   1	   2	  16	  27	  80	  20	  50	 596	749754	750170	   0	 350	
 340	 340	  20	   4	 384	   2	   2	   2	  17	  27	  80	  20	  50	 697	752154	752538	   0	 350	
 341	 341	  80	   1	 429	   1	   1	   3	  17	  27	  80	  20	  50	 303	754141	754570	   0	 360	
 342	 342	  50	   1	 379	   3	   1	   3	  17	  28	  80	  20	  50	 677	756527	756906	   0	 370	
 343	 343	  80	   1	 421	   1	   1	   4	  17	  28	  80	  20	  50	 556	758741	759162	   0	 380	
 344	 344	  20	   3	 371	   2	   2	   4	  18	  28	  80	  20	  50	 685	761127	761498	   0	 380	
 345	 345	  50	   2	 435	   3	   1	   4	  18	  29	  80	  20	  50	 506	763287	763722	   0	 370	
 346	 346	  20	   1	 360	   2	   1	   4	  19	  29	  80	  20	  50	 311	765314	765674	   0	 380	
 347	 347	  80	   2	 339	   1	   1	   5	  19	  29	  80	  20	  50	 571	767527	767866	   0	 370	
 348	 348	  20	   4	 397	   2	   2	   5	  20	  29	  80	  20	  50	 513	769660	770057	   0	 370	
 349	 349	  50	   2	 407	   3	   1	   5	  20	  30	  80	  20	  50	 456	771794	772201	   0	 360	
 350	 350	  80	   1	 402	   1	   1	   6	  20	  30	  80	  20	  50	 372	773847	774249	   0	 370	
 351	 351	  50	   2	 477	   3	   1	   6	  20	  31	  80	  20	  50	 414	775980	776457	   0	 360	
 352	 352	  80	   1	 384	   1	   1	   7	  20	  31	  80	  20	  50	 417	778153	778537	   0	 370	
 353	 353	  50	   2	 482	   3	   1	   7	  20	  32	  80	  20	  50	 515	780327	780809	   0	 360	
 354	 354	  80	   1	 392	   1	   1	   8	  20	  32	  80	  20	  50	 497	782593	782985	   0	 370	
 355	 355	  20	   3	 376	   2	   2	   8	  21	  32	  80	  20	  50	 649	784913	785289	   0	 370	
 356	 356	  80	   2	 434	   1	   1	   9	  21	  32	  80	  20	  50	 478	787047	787481	   0	 360	
 357	 357	  50	   1	 467	   3	   1	   9	  21	  33	  80	  20	  50	 365	789126	789593	   0	 370	
 358	 358	  20	   4	 413	   2	   2	   9	  22	  33	  80	  20	  50	 693	791580	791993	   0	 370	
 359	 359	  70	   3	 765	   3	   2	   9	  22	   1	  80	  20	  70	 516	793820	794585	   3	 370	
 360	 360	  20	   4	 435	   2	   2	   9	  23	   1	  80	  20	  70	 694	796566	797001	   0	 370	
 361	 361	  80	   1	 400	   1	   1	  10	  23	   1	  80	  20	  70	 572	798873	799273	   0	 380	
 362	 362	  20	   4	 395	   2	   2	  10	  24	   1	  80	  20	  70	 522	801086	801481	   0	 380	
 363	 363	  70	   2	 427	   3	   1	  10	  24	   2	  80	  20	  70	 325	803086	803513	   0	 370	
 364	 364	  80	   1	 472	   1	   1	  11	  24	   2	  80	  20	  70	 514	805313	805785	   0	 380	
 365	 365	  70	   2	 383	   3	   1	  11	  24	   3	  80	  20	  70	 685	807753	808136	   0	 370	
 366	 366	  20	   4	 405	   2	   2	  11	  25	   3	  80	  20	  70	 683	810099	810504	   0	 370	
 367	 367	  70	   1	 466	   3	   1	  11	  25	   4	  80	  20	  70	 697	812486	812952	   0	 380	
 368	 368	  20	   4	 426	   2	   2	  11	  26	   4	  80	  20	  70	 519	814766	815192	   0	 380	
 369	 369	  80	   1	 445	   1	   1	  12	  26	   4	  80	  20	  70	 697	817179	817624	   0	 390	
 370	 370	  70	   1	 424	   3	   1	  12	  26	   5	  80	  20	  70	 565	819472	819896	   0	 400	
 371	 371	  20	   3	 373	   2	   2	  12	  27	   5	  80	  20	  70	 659	821859	822232	   0	 400	
 372	 372	  70	   3	 402	   3	   2	  12	  27	   6	  80	  20	  70	 562	824086	824488	   0	 400	
 373	 373	  80	   1	 402	   1	   1	  13	  27	   6	  80	  20	  70	 397	826166	826568	   0	 410	
 374	 374	  70	   2	 344	   3	   1	  13	  27	   7	  80	  20	  70	 581	828432	828776	   0	 400	
 375	 375	  80	   1	 424	   1	   1	  14	  27	   7	  80	  20	  70	 379	830432	830856	   0	 410	
 376	 376	  70	   1	 352	   3	   1	  14	  27	   8	  80	  20	  70	 333	832472	832824	   0	 420	
 377	 377	  20	   4	 355	   2	   2	  14	  28	   8	  80	  20	  70	 380	834485	834840	   0	 420	
 378	 378	  80	   1	 368	   1	   1	  15	  28	   8	  80	  20	  70	 352	836472	836840	   0	 430	
 379	 379	  70	   1	 360	   3	   1	  15	  28	   9	  80	  20	  70	 555	838672	839032	   0	 440	
 380	 380	  80	   1	 419	   1	   1	  16	  28	   9	  80	  20	  70	 407	840725	841144	   0	 450	
 381	 381	  70	   1	 384	   3	   1	  16	  28	  10	  80	  20	  70	 494	842952	843336	   0	 460	
 382	 382	  80	   1	 411	   1	   1	  17	  28	  10	  80	  20	  70	 396	845005	845416	   0	 470	
 383	 383	  20	   4	 419	   2	   2	  17	  29	  10	  80	  20	  70	 586	847285	847704	   0	 470	
 384	 384	  80	   2	 397	   1	   1	  18	  29	  10	  80	  20	  70	 512	849498	849895	   0	 460	
 385	 385	  70	   2	 426	   3	   1	  18	  29	  11	  80	  20	  70	 469	851645	852071	   0	 450	
 386	 386	  80	   2	 434	   1	   1	  19	  29	  11	  80	  20	  70	 649	854005	854439	   0	 440	
 387	 387	  20	   4	 458	   2	   2	  19	  30	  11	  80	  20	  70	 569	856285	856743	   0	 440	
 388	 388	  70	   1	 405	   3	   1	  19	  30	  12	  80	  20	  70	 556	858578	858983	   0	 450	
 389	 389	  20	   4	 410	   2	   2	  19	  31	  12	  80	  20	  70	 582	860845	861255	   0	 450	
 390	 390	  70	   1	 368	   3	   1	  19	  31	  13	  80	  20	  70	 585	863111	863479	   0	 460	
 391	 391	  80	   1	 376	   1	   1	  20	  31	  13	  80	  20	  70	 360	865151	865527	   0	 470	
 392	 392	  70	   2	 432	   3	   1	  20	  31	  14	  80	  20	  70	 539	867351	867783	   0	 460	
 393	 393	  20	   4	 560	   2	   2	  20	  32	  14	  80	  20	  70	 443	869511	870071	   0	 460	
 394	 394	  70	   3	 379	   3	   2	  20	  32	  15	  80	  20	  70	 523	871884	872263	   0	 460	
 395	 395	  20	   3	 411	   2	   2	  20	  33	  15	  80	  20	  70	 414	873964	874375	   0	 460	
 396	 396	  70	   1	 400	   3	   1	  20	  33	  16	  80	  20	  70	 425	876071	876471	   0	 470	
 397	 397	  80	   2	 448	   1	   1	  21	  33	  16	  80	  20	  70	 313	878071	878519	   0	 460	
 398	 398	  70	   2	 435	   3	   1	  21	  33	  17	  80	  20	  70	 365	880164	880599	   0	 450	
 399	 399	  20	   4	 510	   2	   2	  21	  34	  17	  80	  20	  70	 425	882297	882807	   0	 450	
 400	 400	  80	   1	 408	   1	   1	  22	  34	  17	  80	  20	  70	 416	884511	884919	   0	 460	
 401	 401	  20	   4	 408	   2	   2	  22	  35	  17	  80	  20	  70	 447	886671	887079	   0	 460	
 402	 402	  80	   1	 383	   1	   1	  23	  35	  17	  80	  20	  70	 428	888791	889174	   0	 470	
 403	 403	  80	   1	 562	   2	   1	  23	   1	  17	  80	  80	  70	 491	890964	891526	   2	 480	
 404	 404	  80	   1	 359	   1	   1	  24	   1	  17	  80	  80	  70	 576	893391	893750	   0	 490	
 405	 405	  80	   1	 301	   2	   1	  24	   2	  17	  80	  80	  70	 380	895417	895718	   0	 500	
 406	 406	  80	   1	 330	   1	   1	  25	   2	  17	  80	  80	  70	 403	897404	897734	   0	 510	
 407	 407	  80	   1	 317	   2	   1	  25	   3	  17	  80	  80	  70	 486	899497	899814	   0	 520	
 408	 408	  80	   1	 381	   1	   1	  26	   3	  17	  80	  80	  70	 492	901577	901958	   0	 530	
 409	 409	  80	   2	 301	   2	   1	  26	   4	  17	  80	  80	  70	 419	903657	903958	   0	 520	
 410	 410	  80	   2	 349	   1	   1	  27	   4	  17	  80	  80	  70	 424	905657	906006	   0	 510	
 411	 411	  80	   1	 408	   2	   1	  27	   5	  17	  80	  80	  70	 557	907870	908278	   0	 520	
 412	 412	  80	   1	 349	   1	   1	  28	   5	  17	  80	  80	  70	 494	910057	910406	   0	 530	
 413	 413	  80	   1	 379	   2	   1	  28	   6	  17	  80	  80	  70	 594	912283	912662	   0	 540	
 414	 414	  80	   1	 379	   1	   1	  29	   6	  17	  80	  80	  70	 496	914443	914822	   0	 550	
 415	 415	  80	   1	 384	   2	   1	  29	   7	  17	  80	  80	  70	 599	916710	917094	   0	 560	
 416	 416	  80	   1	 365	   1	   1	  30	   7	  17	  80	  80	  70	 407	918777	919142	   0	 570	
 417	 417	  70	   3	 405	   3	   2	  30	   7	  18	  80	  80	  70	 553	920977	921382	   0	 570	
 418	 418	  80	   1	 336	   2	   1	  30	   8	  18	  80	  80	  70	 679	923350	923686	   0	 580	
 419	 419	  30	   4	 440	   1	   2	   1	   8	  18	  30	  80	  70	 550	925550	925990	   1	 580	
 420	 420	  80	   2	 374	   2	   1	   1	   9	  18	  30	  80	  70	 418	927696	928070	   0	 570	
 421	 421	  70	   1	 394	   3	   1	   1	   9	  19	  30	  80	  70	 496	929883	930277	   0	 580	
 422	 422	  80	   1	 391	   2	   1	   1	  10	  19	  30	  80	  70	 636	932190	932581	   0	 590	
 423	 423	  30	   3	 352	   1	   2	   2	  10	  19	  30	  80	  70	 680	934549	934901	   0	 590	
 424	 424	  70	   1	 333	   3	   1	   2	  10	  20	  30	  80	  70	 673	936856	937189	   0	 600	
 425	 425	  80	   2	 349	   2	   1	   2	  11	  20	  30	  80	  70	 464	938936	939285	   0	 590	
 426	 426	  30	   3	 360	   1	   2	   3	  11	  20	  30	  80	  70	 422	940989	941349	   0	 590	
 427	 427	  70	   1	 376	   3	   1	   3	  11	  21	  30	  80	  70	 349	942989	943365	   0	 600	
 428	 428	  80	   1	 360	   2	   1	   3	  12	  21	  30	  80	  70	 335	944989	945349	   0	 610	
 429	 429	  30	   4	 314	   1	   2	   4	  12	  21	  30	  80	  70	 683	947323	947637	   0	 610	
 430	 430	  70	   2	 395	   3	   1	   4	  12	  22	  30	  80	  70	 488	949402	949797	   0	 600	
 431	 431	  80	   1	 389	   2	   1	   4	  13	  22	  30	  80	  70	 511	951616	952005	   0	 610	
 432	 432	  70	   2	 341	   3	   1	   4	  13	  23	  30	  80	  70	 649	953936	954277	   0	 600	
 433	 433	  80	   1	 344	   2	   1	   4	  14	  23	  30	  80	  70	 393	955949	956293	   0	 610	
 434	 434	  70	   1	 328	   3	   1	   4	  14	  24	  30	  80	  70	 381	957949	958277	   0	 620	
 435	 435	  80	   1	 320	   2	   1	   4	  15	  24	  30	  80	  70	 666	960229	960549	   0	 630	
 436	 436	  70	   1	 326	   3	   1	   4	  15	  25	  30	  80	  70	 423	962255	962581	   0	 640	
 437	 437	  30	   2	 323	   1	   1	   5	  15	  25	  30	  80	  70	 376	964242	964565	   0	 630	
 438	 438	  70	   1	 307	   3	   1	   5	  15	  26	  30	  80	  70	 557	966402	966709	   0	 640	
 439	 439	  30	   2	 213	   1	   1	   6	  15	  26	  30	  80	  70	 581	968575	968788	   0	 630	
 440	 440	  70	   1	 333	   3	   1	   6	  15	  27	  30	  80	  70	 459	970535	970868	   0	 640	
 441	 441	  80	   1	 333	   2	   1	   6	  16	  27	  30	  80	  70	 515	972695	973028	   0	 650	
 442	 442	  70	   2	 338	   3	   1	   6	  16	  28	  30	  80	  70	 489	974802	975140	   0	 640	
 443	 443	  30	   3	 325	   1	   2	   7	  16	  28	  30	  80	  70	 386	976815	977140	   0	 640	
 444	 444	  80	   1	 309	   2	   1	   7	  17	  28	  30	  80	  70	 627	979055	979364	   0	 650	
 445	 445	  30	   4	 357	   1	   2	   8	  17	  28	  30	  80	  70	 479	981135	981492	   0	 650	
 446	 446	  80	   2	 274	   2	   1	   8	  18	  28	  30	  80	  70	 591	983362	983636	   0	 640	
 447	 447	  30	   4	 397	   1	   2	   9	  18	  28	  30	  80	  70	 577	985495	985892	   0	 640	
 448	 448	  80	   1	 330	   2	   1	   9	  19	  28	  30	  80	  70	 317	987482	987812	   0	 650	
 449	 449	  30	   4	 376	   1	   2	  10	  19	  28	  30	  80	  70	 453	989548	989924	   0	 650	
 450	 450	  70	   1	 349	   3	   1	  10	  19	  29	  30	  80	  70	 364	991575	991924	   0	 660	
 451	 451	  30	   3	 363	   1	   2	  11	  19	  29	  30	  80	  70	 491	993721	994084	   0	 660	
 452	 452	  80	   1	 395	   2	   1	  11	  20	  29	  30	  80	  70	 589	995961	996356	   0	 670	
 453	 453	  70	   1	 453	   3	   1	  11	  20	  30	  30	  80	  70	 462	998095	998548	   0	 680	
 454	 454	  80	   1	 427	   2	   1	  11	  21	  30	  30	  80	  70	 368	1000201	1000628	   0	 690	
 455	 455	  30	   4	 355	   1	   2	  12	  21	  30	  30	  80	  70	 491	1002401	1002756	   0	 690	
 456	 456	  80	   1	 358	   2	   1	  12	  22	  30	  30	  80	  70	 623	1004654	1005012	   0	 700	
 457	 457	  70	   1	 440	   3	   1	  12	  22	  31	  30	  80	  70	 305	1006588	1007028	   0	 710	
 458	 458	  30	   4	 346	   1	   2	  13	  22	  31	  30	  80	  70	 527	1008841	1009187	   0	 710	
 459	 459	  70	   1	 367	   3	   1	  13	  22	  32	  30	  80	  70	 629	1011108	1011475	   0	 720	
 460	 460	  30	   3	 407	   1	   2	  14	  22	  32	  30	  80	  70	 395	1013148	1013555	   0	 720	
 461	 461	  80	   1	 349	   2	   1	  14	  23	  32	  30	  80	  70	 391	1015254	1015603	   0	 730	
 462	 462	  70	   1	 378	   3	   1	  14	  23	  33	  30	  80	  70	 668	1017561	1017939	   0	 740	
 463	 463	  30	   4	 341	   1	   2	  15	  23	  33	  30	  80	  70	 396	1019614	1019955	   0	 740	
 464	 464	  80	   1	 344	   2	   1	  15	  24	  33	  30	  80	  70	 313	1021547	1021891	   0	 750	
 465	 465	  30	   4	 426	   1	   2	  16	  24	  33	  30	  80	  70	 477	1023641	1024067	   0	 750	
 466	 466	  70	   2	 325	   3	   1	  16	  24	  34	  30	  80	  70	 415	1025774	1026099	   0	 740	
 467	 467	  80	   2	 413	   2	   1	  16	  25	  34	  30	  80	  70	 515	1027894	1028307	   0	 730	
 468	 468	  70	   1	 384	   3	   1	  16	  25	  35	  30	  80	  70	 389	1029987	1030371	   0	 740	
 469	 469	  30	   3	 344	   1	   2	  17	  25	  35	  30	  80	  70	 621	1032267	1032611	   0	 740	
 470	 470	  80	   1	 312	   2	   1	  17	  26	  35	  30	  80	  70	 545	1034427	1034739	   0	 750	
 471	 471	  30	   4	 557	   1	   2	  18	  26	  35	  30	  80	  70	 479	1036534	1037091	   0	 750	
 472	 472	  50	   2	 608	   3	   1	  18	  26	   1	  30	  80	  50	 641	1039107	1039715	   3	 740	
 473	 473	  30	   4	 446	   1	   2	  19	  26	   1	  30	  80	  50	 413	1041413	1041859	   0	 740	
 474	 474	  80	   1	 368	   2	   1	  19	  27	   1	  30	  80	  50	 361	1043507	1043875	   0	 750	
 475	 475	  30	   2	 472	   1	   1	  20	  27	   1	  30	  80	  50	 558	1045707	1046179	   0	 740	
 476	 476	  50	   3	 558	   3	   2	  20	  27	   2	  30	  80	  50	 430	1047893	1048451	   0	 740	
 477	 477	  80	   1	 399	   2	   1	  20	  28	   2	  30	  80	  50	 659	1050387	1050786	   0	 750	
 478	 478	  50	   2	 341	   3	   1	  20	  28	   3	  30	  80	  50	 338	1052413	1052754	   0	 740	
 479	 479	  80	   2	 351	   2	   1	  20	  29	   3	  30	  80	  50	 438	1054467	1054818	   0	 730	
 480	 480	  30	   4	 368	   1	   2	  21	  29	   3	  30	  80	  50	 525	1056626	1056994	   0	 730	
 481	 481	  50	   4	 333	   3	   2	  21	  29	   4	  30	  80	  50	 390	1058693	1059026	   0	 730	
 482	 482	  80	   1	 352	   2	   1	  21	  30	   4	  30	  80	  50	 390	1060706	1061058	   0	 740	
 483	 483	  50	   3	 325	   3	   2	  21	  30	   5	  30	  80	  50	 548	1062893	1063218	   0	 740	
 484	 484	  20	   3	 632	   2	   2	  21	   1	   5	  30	  20	  50	 366	1064906	1065538	   2	 740	
 485	 485	  30	   3	 485	   1	   2	  22	   1	   5	  30	  20	  50	 547	1067373	1067858	   0	 740	
 486	 486	  20	   2	 477	   2	   1	  22	   2	   5	  30	  20	  50	 354	1069493	1069970	   0	 730	
 487	 487	  50	   3	 563	   3	   2	  22	   2	   6	  30	  20	  50	 429	1071679	1072242	   0	 730	
 488	 488	  20	   2	 491	   2	   1	  22	   3	   6	  30	  20	  50	 593	1074119	1074610	   0	 720	
 489	 489	  30	   1	 381	   1	   1	  23	   3	   6	  30	  20	  50	 490	1076373	1076754	   0	 730	
 490	 490	  50	   1	 371	   3	   1	  23	   3	   7	  30	  20	  50	 362	1078399	1078770	   0	 740	
 491	 491	  30	   4	 459	   1	   2	  24	   3	   7	  30	  20	  50	 447	1080519	1080978	   0	 740	
 492	 492	  50	   1	 414	   3	   1	  24	   3	   8	  30	  20	  50	 596	1082852	1083266	   0	 750	
 493	 493	  20	   1	 462	   2	   1	  24	   4	   8	  30	  20	  50	 382	1084932	1085394	   0	 760	
 494	 494	  50	   2	 448	   3	   1	  24	   4	   9	  30	  20	  50	 597	1087266	1087714	   0	 750	
 495	 495	  30	   4	 431	   1	   2	  25	   4	   9	  30	  20	  50	 513	1089506	1089937	   0	 750	
 496	 496	  20	   2	 397	   2	   1	  25	   5	   9	  30	  20	  50	 429	1091652	1092049	   0	 740	
 497	 497	  50	   2	 418	   3	   1	  25	   5	  10	  30	  20	  50	 513	1093839	1094257	   0	 730	
 498	 498	  30	   4	 458	   1	   2	  26	   5	  10	  30	  20	  50	 341	1095879	1096337	   0	 730	
 499	 499	  50	   1	 349	   3	   1	  26	   5	  11	  30	  20	  50	 508	1098132	1098481	   0	 740	
 500	 500	  30	   4	 482	   1	   2	  27	   5	  11	  30	  20	  50	 636	1100399	1100881	   0	 740	
 501	 501	  50	   2	 376	   3	   1	  27	   5	  12	  30	  20	  50	 636	1102825	1103201	   0	 730	
 502	 502	  20	   2	 477	   2	   1	  27	   6	  12	  30	  20	  50	 609	1105092	1105569	   0	 720	
 503	 503	  30	   3	 365	   1	   2	  28	   6	  12	  30	  20	  50	 650	1107492	1107857	   0	 720	
 504	 504	  50	   1	 427	   3	   1	  28	   6	  13	  30	  20	  50	 496	1109638	1110065	   0	 730	
 505	 505	  30	   4	 397	   1	   2	  29	   6	  13	  30	  20	  50	 536	1111892	1112289	   0	 730	
 506	 506	  20	   2	 429	   2	   1	  29	   7	  13	  30	  20	  50	 401	1113972	1114401	   0	 720	
 507	 507	  50	   1	 461	   3	   1	  29	   7	  14	  30	  20	  50	 449	1116132	1116593	   0	 730	
 508	 508	  20	   4	 371	   2	   2	  29	   8	  14	  30	  20	  50	 520	1118398	1118769	   0	 730	
 509	 509	  50	   2	 453	   3	   1	  29	   8	  15	  30	  20	  50	 522	1120572	1121025	   0	 720	
 510	 510	  30	   4	 371	   1	   2	  30	   8	  15	  30	  20	  50	 481	1122798	1123169	   0	 720	
 511	 511	  50	   4	 454	   3	   2	  30	   8	  16	  30	  20	  50	 338	1124811	1125265	   0	 720	
 512	 512	  30	   4	 399	   1	   2	  31	   8	  16	  30	  20	  50	 627	1127185	1127584	   0	 720	
 513	 513	  20	   2	 421	   2	   1	  31	   9	  16	  30	  20	  50	 655	1129531	1129952	   0	 710	
 514	 514	  30	   4	 325	   1	   2	  32	   9	  16	  30	  20	  50	 465	1131691	1132016	   0	 710	
 515	 515	  50	   3	 322	   3	   2	  32	   9	  17	  30	  20	  50	 304	1133598	1133920	   0	 710	
 516	 516	  30	   4	 354	   1	   2	  33	   9	  17	  30	  20	  50	 637	1135838	1136192	   0	 710	
 517	 517	  20	   2	 402	   2	   1	  33	  10	  17	  30	  20	  50	 529	1137998	1138400	   0	 700	
 518	 518	  50	   2	 344	   3	   1	  33	  10	  18	  30	  20	  50	 653	1140344	1140688	   0	 690	
 519	 519	  20	   2	 445	   2	   1	  33	  11	  18	  30	  20	  50	 328	1142291	1142736	   0	 680	
 520	 520	  80	   2	 506	   1	   1	   1	  11	  18	  80	  20	  50	 546	1144598	1145104	   1	 670	
 521	 521	  20	   4	 338	   2	   2	   1	  12	  18	  80	  20	  50	 459	1146878	1147216	   0	 670	
 522	 522	  50	   3	 331	   3	   2	   1	  12	  19	  80	  20	  50	 662	1149157	1149488	   0	 670	
 523	 523	  80	   1	 341	   1	   1	   2	  12	  19	  80	  20	  50	 530	1151291	1151632	   0	 680	
 524	 524	  50	   2	 352	   3	   1	   2	  12	  20	  80	  20	  50	 592	1153504	1153856	   0	 670	
 525	 525	  80	   1	 357	   1	   1	   3	  12	  20	  80	  20	  50	 475	1155611	1155968	   0	 680	
 526	 526	  50	   4	 365	   3	   2	   3	  12	  21	  80	  20	  50	 565	1157811	1158176	   0	 680	
 527	 527	  80	   2	 357	   1	   1	   4	  12	  21	  80	  20	  50	 313	1159771	1160128	   0	 670	
 528	 528	  50	   4	 312	   3	   2	   4	  12	  22	  80	  20	  50	 695	1162104	1162416	   0	 670	
 529	 529	  80	   1	 339	   1	   1	   5	  12	  22	  80	  20	  50	 301	1163997	1164336	   0	 680	
 530	 530	  50	   3	 408	   3	   2	   5	  12	  23	  80	  20	  50	 563	1166184	1166592	   0	 680	
 531	 531	  80	   1	 400	   1	   1	   6	  12	  23	  80	  20	  50	 572	1168464	1168864	   0	 690	
 532	 532	  50	   1	 367	   3	   1	   6	  12	  24	  80	  20	  50	 468	1170624	1170991	   0	 700	
 533	 533	  80	   1	 461	   1	   1	   7	  12	  24	  80	  20	  50	 663	1172930	1173391	   0	 710	
 534	 534	  20	   2	 477	   2	   1	   7	  13	  24	  80	  20	  50	 338	1175010	1175487	   0	 700	
 535	 535	  50	   1	 365	   3	   1	   7	  13	  25	  80	  20	  50	 324	1177090	1177455	   0	 710	
 536	 536	  20	   1	 469	   2	   1	   7	  14	  25	  80	  20	  50	 386	1179130	1179599	   0	 720	
 537	 537	  80	   1	 445	   1	   1	   8	  14	  25	  80	  20	  50	 684	1181570	1182015	   0	 730	
 538	 538	  50	   1	 490	   3	   1	   8	  14	  26	  80	  20	  50	 345	1183637	1184127	   0	 740	
 539	 539	  20	   2	 434	   2	   1	   8	  15	  26	  80	  20	  50	 435	1185837	1186271	   0	 730	
 540	 540	  50	   2	 368	   3	   1	   8	  15	  27	  80	  20	  50	 506	1188063	1188431	   0	 720	
 541	 541	  20	   1	 400	   2	   1	   8	  16	  27	  80	  20	  50	 640	1190383	1190783	   0	 730	
 542	 542	  50	   2	 451	   3	   1	   8	  16	  28	  80	  20	  50	 327	1192396	1192847	   0	 720	
 543	 543	  20	   2	 451	   2	   1	   8	  17	  28	  80	  20	  50	 349	1194476	1194927	   0	 710	
 544	 544	  80	   1	 477	   1	   1	   9	  17	  28	  80	  20	  50	 481	1196690	1197167	   0	 720	
 545	 545	  20	   2	 475	   2	   1	   9	  18	  28	  80	  20	  50	 307	1198756	1199231	   0	 710	
 546	 546	  50	   1	 448	   3	   1	   9	  18	  29	  80	  20	  50	 518	1201023	1201471	   0	 720	
 547	 547	  20	   2	 411	   2	   1	   9	  19	  29	  80	  20	  50	 560	1203316	1203727	   0	 710	
 548	 548	  80	   1	 368	   1	   1	  10	  19	  29	  80	  20	  50	 497	1205503	1205871	   0	 720	
 549	 549	  50	   2	 399	   3	   1	  10	  19	  30	  80	  20	  50	 517	1207663	1208062	   0	 710	
 550	 550	  20	   2	 375	   2	   1	  10	  20	  30	  80	  20	  50	 358	1209703	1210078	   0	 700	
 551	 551	  80	   1	 394	   1	   1	  11	  20	  30	  80	  20	  50	 647	1212036	1212430	   0	 710	
 552	 552	  20	   2	 365	   2	   1	  11	  21	  30	  80	  20	  50	 579	1214289	1214654	   0	 700	
 553	 553	  80	   1	 370	   1	   1	  12	  21	  30	  80	  20	  50	 540	1216476	1216846	   0	 710	
 554	 554	  50	   1	 354	   3	   1	  12	  21	  31	  80	  20	  50	 669	1218796	1219150	   0	 720	
 555	 555	  20	   1	 352	   2	   1	  12	  22	  31	  80	  20	  50	 429	1220862	1221214	   0	 730	
 556	 556	  50	   2	 397	   3	   1	  12	  22	  32	  80	  20	  50	 428	1222929	1223326	   0	 720	
 557	 557	  80	   1	 328	   1	   1	  13	  22	  32	  80	  20	  50	 613	1225222	1225550	   0	 730	
 558	 558	  50	   2	 386	   3	   1	  13	  22	  33	  80	  20	  50	 680	1227516	1227902	   0	 720	
 559	 559	  80	   2	 387	   1	   1	  14	  22	  33	  80	  20	  50	 650	1229835	1230222	   0	 710	
 560	 560	  30	   4	 459	   3	   2	  14	  22	   1	  80	  20	  30	 501	1232035	1232494	   3	 710	
 561	 561	  80	   1	 371	   1	   1	  15	  22	   1	  80	  20	  30	 432	1234235	1234606	   0	 720	
 562	 562	  20	   2	 464	   2	   1	  15	  23	   1	  80	  20	  30	 501	1236382	1236846	   0	 710	
 563	 563	  30	   4	 331	   3	   2	  15	  23	   2	  80	  20	  30	 396	1238515	1238846	   0	 710	
 564	 564	  20	   2	 328	   2	   1	  15	  24	   2	  80	  20	  30	 534	1240662	1240990	   0	 700	
 565	 565	  80	   2	 384	   1	   1	  16	  24	   2	  80	  20	  30	 346	1242622	1243006	   0	 690	
 566	 566	  20	   4	 344	   2	   2	  16	  25	   2	  80	  20	  30	 455	1244742	1245086	   0	 690	
 567	 567	  80	   1	 344	   1	   1	  17	  25	   2	  80	  20	  30	 305	1246662	1247006	   0	 700	
 568	 568	  30	   4	 306	   3	   2	  17	  25	   3	  80	  20	  30	 436	1248715	1249021	   0	 700	
 569	 569	  20	   2	 407	   2	   1	  17	  26	   3	  80	  20	  30	 435	1250742	1251149	   0	 690	
 570	 570	  80	   1	 354	   1	   1	  18	  26	   3	  80	  20	  30	 368	1252795	1253149	   0	 700	
 571	 571	  20	   4	 373	   2	   2	  18	  27	   3	  80	  20	  30	 426	1254888	1255261	   0	 700	
 572	 572	  80	   1	 461	   1	   1	  19	  27	   3	  80	  20	  30	 465	1257008	1257469	   0	 710	
 573	 573	  30	   4	 378	   3	   2	  19	  27	   4	  80	  20	  30	 641	1259395	1259773	   0	 710	
 574	 574	  20	   1	 429	   2	   1	  19	  28	   4	  80	  20	  30	 514	1261568	1261997	   0	 720	
 575	 575	  30	   3	 466	   3	   2	  19	  28	   5	  80	  20	  30	 469	1263755	1264221	   0	 720	
 576	 576	  20	   2	 368	   2	   1	  19	  29	   5	  80	  20	  30	 314	1265821	1266189	   0	 710	
 577	 577	  80	   1	 344	   1	   1	  20	  29	   5	  80	  20	  30	 627	1268101	1268445	   0	 720	
 578	 578	  20	   4	 443	   2	   2	  20	  30	   5	  80	  20	  30	 318	1270034	1270477	   0	 720	
 579	 579	  30	   4	 435	   3	   2	  20	  30	   6	  80	  20	  30	 634	1272394	1272829	   0	 720	
 580	 580	  20	   2	 397	   2	   1	  20	  31	   6	  80	  20	  30	 584	1274688	1275085	   0	 710	
 581	 581	  80	   1	 373	   1	   1	  21	  31	   6	  80	  20	  30	 585	1276968	1277341	   0	 720	
 582	 582	  20	   4	 424	   2	   2	  21	  32	   6	  80	  20	  30	 672	1279301	1279725	   0	 720	
 583	 583	  30	   1	 366	   3	   1	  21	  32	   7	  80	  20	  30	 408	1281407	1281773	   0	 730	
 584	 584	  20	   2	 424	   2	   1	  21	  33	   7	  80	  20	  30	 409	1283461	1283885	   0	 720	
 585	 585	  30	   4	 435	   3	   2	  21	  33	   8	  80	  20	  30	 356	1285514	1285949	   0	 720	
 586	 586	  80	   2	 387	   1	   1	  22	  33	   8	  80	  20	  30	 369	1287594	1287981	   0	 710	
 587	 587	  30	   4	 407	   3	   2	  22	  33	   9	  80	  20	  30	 588	1289861	1290268	   0	 710	
 588	 588	  80	   1	 261	   1	   1	  23	  33	   9	  80	  20	  30	 619	1292167	1292428	   0	 720	
 589	 589	  20	   4	 325	   2	   2	  23	  34	   9	  80	  20	  30	 617	1294327	1294652	   0	 720	
 590	 590	  30	   3	 408	   3	   2	  23	  34	  10	  80	  20	  30	 404	1296340	1296748	   0	 720	
 591	 591	  80	   1	 362	   1	   1	  24	  34	  10	  80	  20	  30	 305	1298354	1298716	   0	 730	
 592	 592	  20	   2	 370	   2	   1	  24	  35	  10	  80	  20	  30	 548	1300554	1300924	   0	 720	
 593	 593	  80	   3	 309	   1	   2	  25	  35	  10	  80	  20	  30	 444	1302647	1302956	   0	 720	
 594	 594	  70	   3	 624	   2	   2	  25	   1	  10	  80	  70	  30	 511	1304780	1305404	   2	 720	
 595	 595	  80	   1	 413	   1	   1	  26	   1	  10	  80	  70	  30	 404	1307087	1307500	   0	 730	
 596	 596	  30	   4	 352	   3	   2	  26	   1	  11	  80	  70	  30	 388	1309180	1309532	   0	 730	
 597	 597	  80	   1	 352	   1	   1	  27	   1	  11	  80	  70	  30	 449	1311260	1311612	   0	 740	
 598	 598	  70	   1	 424	   2	   1	  27	   2	  11	  80	  70	  30	 643	1313540	1313964	   0	 750	
 599	 599	  80	   2	 459	   1	   1	  28	   2	  11	  80	  70	  30	 313	1315553	1316012	   0	 740	
 600	 600	  30	   4	 416	   3	   2	  28	   2	  12	  80	  70	  30	 679	1317980	1318396	   0	 740	
 601	 601	  80	   1	 320	   1	   1	  29	   2	  12	  80	  70	  30	 426	1320140	1320460	   0	 750	
 602	 602	  70	   1	 398	   2	   1	  29	   3	  12	  80	  70	  30	 305	1322046	1322444	   0	 760	
 603	 603	  30	   4	 384	   3	   2	  29	   3	  13	  80	  70	  30	 658	1324380	1324764	   0	 760	
 604	 604	  70	   1	 384	   2	   1	  29	   4	  13	  80	  70	  30	 659	1326700	1327084	   0	 770	
 605	 605	  30	   2	 343	   3	   1	  29	   4	  14	  80	  70	  30	 621	1328980	1329323	   0	 760	
 606	 606	  70	   2	 455	   2	   1	  29	   5	  14	  80	  70	  30	 698	1331300	1331755	   0	 750	
 607	 607	  30	   3	 391	   3	   2	  29	   5	  15	  80	  70	  30	 422	1333460	1333851	   0	 750	
 608	 608	  70	   1	 400	   2	   1	  29	   6	  15	  80	  70	  30	 689	1335819	1336219	   0	 760	
 609	 609	  30	   4	 421	   3	   2	  29	   6	  16	  80	  70	  30	 660	1338166	1338587	   0	 760	
 610	 610	  80	   1	 418	   1	   1	  30	   6	  16	  80	  70	  30	 522	1340393	1340811	   0	 770	
 611	 611	  70	   2	 453	   2	   1	  30	   7	  16	  80	  70	  30	 360	1342486	1342939	   0	 760	
 612	 612	  30	   4	 525	   3	   2	  30	   7	  17	  80	  70	  30	 464	1344686	1345211	   0	 760	
 613	 613	  70	   1	 490	   2	   1	  30	   8	  17	  80	  70	  30	 336	1346833	1347323	   0	 770	
 614	 614	  50	   4	 672	   1	   2	   1	   8	  17	  50	  70	  30	 323	1348939	1349611	   1	 770	
 615	 615	  70	   1	 403	   2	   1	   1	   9	  17	  50	  70	  30	 618	1351512	1351915	   0	 780	
 616	 616	  30	   4	 296	   3	   2	   1	   9	  18	  50	  70	  30	 420	1353619	1353915	   0	 780	
 617	 617	  50	   4	 445	   1	   2	   2	   9	  18	  50	  70	  30	 445	1355646	1356091	   0	 780	
 618	 618	  30	   3	 496	   3	   2	   2	   9	  19	  50	  70	  30	 370	1357739	1358235	   0	 780	
 619	 619	  70	   2	 483	   2	   1	   2	  10	  19	  50	  70	  30	 632	1360152	1360635	   0	 770	
 620	 620	  30	   3	 419	   3	   2	   2	  10	  20	  50	  70	  30	 628	1362552	1362971	   0	 770	
 621	 621	  70	   1	 438	   2	   1	   2	  11	  20	  50	  70	  30	 599	1364885	1365323	   0	 780	
 622	 622	  50	   4	 438	   1	   2	   3	  11	  20	  50	  70	  30	 530	1367125	1367563	   0	 780	
 623	 623	  70	   1	 447	   2	   1	   3	  12	  20	  50	  70	  30	 658	1369499	1369946	   0	 790	
 624	 624	  50	   3	 458	   1	   2	   4	  12	  20	  50	  70	  30	 330	1371552	1372010	   0	 790	
 625	 625	  30	   3	 375	   3	   2	   4	  12	  21	  50	  70	  30	 649	1373939	1374314	   0	 790	
 626	 626	  70	   1	 426	   2	   1	   4	  13	  21	  50	  70	  30	 433	1376032	1376458	   0	 800	
 627	 627	  50	   1	 344	   1	   1	   5	  13	  21	  50	  70	  30	 670	1378418	1378762	   0	 810	
 628	 628	  30	   4	 440	   3	   2	   5	  13	  22	  50	  70	  30	 456	1380498	1380938	   0	 810	
 629	 629	  50	   2	 522	   1	   1	   6	  13	  22	  50	  70	  30	 600	1382832	1383354	   0	 800	
 630	 630	  70	   1	 445	   2	   1	   6	  14	  22	  50	  70	  30	 529	1385165	1385610	   0	 810	
 631	 631	  30	   4	 386	   3	   2	   6	  14	  23	  50	  70	  30	 350	1387272	1387658	   0	 810	
 632	 632	  50	   1	 485	   1	   1	   7	  14	  23	  50	  70	  30	 339	1389285	1389770	   0	 820	
 633	 633	  70	   2	 499	   2	   1	   7	  15	  23	  50	  70	  30	 301	1391351	1391850	   0	 810	
 634	 634	  30	   4	 456	   3	   2	   7	  15	  24	  50	  70	  30	 641	1393778	1394234	   0	 810	
 635	 635	  50	   1	 437	   1	   1	   8	  15	  24	  50	  70	  30	 412	1395925	1396362	   0	 820	
 636	 636	  30	   4	 333	   3	   2	   8	  15	  25	  50	  70	  30	 652	1398285	1398618	   0	 820	
 637	 637	  50	   1	 379	   1	   1	   9	  15	  25	  50	  70	  30	 361	1400271	1400650	   0	 830	
 638	 638	  30	   4	 411	   3	   2	   9	  15	  26	  50	  70	  30	 424	1402351	1402762	   0	 830	
 639	 639	  70	   1	 462	   2	   1	   9	  16	  26	  50	  70	  30	 330	1404364	1404826	   0	 840	
 640	 640	  50	   4	 472	   1	   2	  10	  16	  26	  50	  70	  30	 471	1406578	1407050	   0	 840	
 641	 641	  70	   1	 466	   2	   1	  10	  17	  26	  50	  70	  30	 587	1408951	1409417	   0	 850	
 642	 642	  30	   3	 485	   3	   2	  10	  17	  27	  50	  70	  30	 333	1411044	1411529	   0	 850	
 643	 643	  50	   1	 490	   1	   1	  11	  17	  27	  50	  70	  30	 498	1413311	1413801	   0	 860	
 644	 644	  70	   3	 397	   2	   2	  11	  18	  27	  50	  70	  30	 403	1415484	1415881	   0	 860	
 645	 645	  30	   4	 424	   3	   2	  11	  18	  28	  50	  70	  30	 619	1417777	1418201	   0	 860	
 646	 646	  70	   2	 437	   2	   1	  11	  19	  28	  50	  70	  30	 444	1419924	1420361	   0	 850	
 647	 647	  50	   2	 485	   1	   1	  12	  19	  28	  50	  70	  30	 446	1422084	1422569	   0	 840	
 648	 648	  30	   4	 496	   3	   2	  12	  19	  29	  50	  70	  30	 368	1424217	1424713	   0	 840	
 649	 649	  50	   2	 346	   1	   1	  13	  19	  29	  50	  70	  30	 595	1426591	1426937	   0	 830	
 650	 650	  30	   3	 507	   3	   2	  13	  19	  30	  50	  70	  30	 600	1428830	1429337	   0	 830	
 651	 651	  70	   2	 379	   2	   1	  13	  20	  30	  50	  70	  30	 501	1431150	1431529	   0	 820	
 652	 652	  30	   4	 552	   3	   2	  13	  20	   1	  50	  70	  30	 322	1433137	1433689	   0	 820	
 653	 653	  50	   1	 339	   1	   1	  14	  20	   1	  50	  70	  30	 455	1435430	1435769	   0	 830	
 654	 654	  70	   2	 357	   2	   1	  14	  21	   1	  50	  70	  30	 556	1437604	1437961	   0	 820	
 655	 655	  50	   1	 523	   1	   1	  15	  21	   1	  50	  70	  30	 388	1439630	1440153	   0	 830	
 656	 656	  70	   1	 350	   2	   1	  15	  22	   1	  50	  70	  30	 611	1442043	1442393	   0	 840	
 657	 657	  30	   2	 392	   3	   1	  15	  22	   2	  50	  70	  30	 581	1444257	1444649	   0	 830	
 658	 658	  50	   2	 387	   1	   1	  16	  22	   2	  50	  70	  30	 700	1446630	1447017	   0	 820	
 659	 659	  30	   4	 386	   3	   2	  16	  22	   3	  50	  70	  30	 651	1448950	1449336	   0	 820	
 660	 660	  70	   1	 367	   2	   1	  16	  23	   3	  50	  70	  30	 554	1451177	1451544	   0	 830	
 661	 661	  30	   4	 407	   3	   2	  16	  23	   4	  50	  70	  30	 524	1453377	1453784	   0	 830	
 662	 662	  70	   1	 440	   2	   1	  16	  24	   4	  50	  70	  30	 546	1455616	1456056	   0	 840	
 663	 663	  30	   3	 402	   3	   2	  16	  24	   5	  50	  70	  30	 488	1457830	1458232	   0	 840	
 664	 664	  70	   1	 418	   2	   1	  16	  25	   5	  50	  70	  30	 397	1459910	1460328	   0	 850	
 665	 665	  50	   3	 384	   1	   2	  17	  25	   5	  50	  70	  30	 448	1462056	1462440	   0	 850	
 666	 666	  30	   2	 429	   3	   1	  17	  25	   6	  50	  70	  30	 644	1464363	1464792	   0	 840	
 667	 667	  70	   1	 464	   2	   1	  17	  26	   6	  50	  70	  30	 374	1466456	1466920	   0	 850	
 668	 668	  30	   3	 485	   3	   2	  17	  26	   7	  50	  70	  30	 359	1468563	1469048	   0	 850	
 669	 669	  50	   2	 437	   1	   1	  18	  26	   7	  50	  70	  30	 392	1470723	1471160	   0	 840	
 670	 670	  70	   2	 427	   2	   1	  18	  27	   7	  50	  70	  30	 396	1472829	1473256	   0	 830	
 671	 671	  50	   1	 413	   1	   1	  19	  27	   7	  50	  70	  30	 433	1475003	1475416	   0	 840	
 672	 672	  30	   4	 435	   3	   2	  19	  27	   8	  50	  70	  30	 405	1477109	1477544	   0	 840	
 673	 673	  70	   1	 403	   2	   1	  19	  28	   8	  50	  70	  30	 368	1479189	1479592	   0	 850	
 674	 674	  30	   4	 424	   3	   2	  19	  28	   9	  50	  70	  30	 422	1481296	1481720	   0	 850	
 675	 675	  50	   2	 432	   1	   1	  20	  28	   9	  50	  70	  30	 502	1483496	1483928	   0	 840	
 676	 676	  70	   1	 419	   2	   1	  20	  29	   9	  50	  70	  30	 462	1485669	1486088	   0	 850	
 677	 677	  30	   3	 458	   3	   2	  20	  29	  10	  50	  70	  30	 658	1488029	1488487	   0	 850	
 678	 678	  50	   1	 458	   1	   1	  21	  29	  10	  50	  70	  30	 336	1490109	1490567	   0	 860	
 679	 679	  70	   2	 437	   2	   1	  21	  30	  10	  50	  70	  30	 557	1492402	1492839	   0	 850	
 680	 680	  50	   1	 514	   1	   1	  22	  30	  10	  50	  70	  30	 432	1494549	1495063	   0	 860	
 681	 681	  30	   4	 464	   3	   2	  22	  30	  11	  50	  70	  30	 491	1496855	1497319	   0	 860	
 682	 682	  50	   1	 466	   1	   1	  23	  30	  11	  50	  70	  30	 357	1498949	1499415	   0	 870	
 683	 683	  30	   4	 429	   3	   2	  23	  30	  12	  50	  70	  30	 301	1501002	1501431	   0	 870	
 684	 684	  50	   2	 442	   1	   1	  24	  30	  12	  50	  70	  30	 354	1503069	1503511	   0	 860	
 685	 685	  70	   1	 440	   2	   1	  24	  31	  12	  50	  70	  30	 656	1505455	1505895	   0	 870	
 686	 686	  50	   2	 525	   1	   1	  25	  31	  12	  50	  70	  30	 382	1507562	1508087	   0	 860	
 687	 687	  70	   1	 443	   2	   1	  25	  32	  12	  50	  70	  30	 661	1510028	1510471	   0	 870	
 688	 688	  50	   2	 499	   1	   1	  26	  32	  12	  50	  70	  30	 306	1512068	1512567	   0	 860	
 689	 689	  30	   4	 421	   3	   2	  26	  32	  13	  50	  70	  30	 473	1514322	1514743	   0	 860	
 690	 690	  50	   2	 429	   1	   1	  27	  32	  13	  50	  70	  30	 504	1516522	1516951	   0	 850	
 691	 691	  30	   4	 467	   3	   2	  27	  32	  14	  50	  70	  30	 691	1518948	1519415	   0	 850	
 692	 692	  70	   1	 413	   2	   1	  27	  33	  14	  50	  70	  30	 541	1521242	1521655	   0	 860	
 693	 693	  30	   3	 470	   3	   2	  27	  33	  15	  50	  70	  30	 653	1523601	1524071	   0	 860	
 694	 694	  50	   1	 467	   1	   1	  28	  33	  15	  50	  70	  30	 474	1525828	1526295	   0	 870	
 695	 695	  70	   2	 511	   2	   1	  28	  34	  15	  50	  70	  30	 389	1527975	1528486	   0	 860	
 696	 696	  30	   4	 485	   3	   2	  28	  34	  16	  50	  70	  30	 629	1530401	1530886	   0	 860	
 697	 697	  50	   2	 474	   1	   1	  29	  34	  16	  50	  70	  30	 656	1532828	1533302	   0	 850	
 698	 698	  30	   4	 466	   3	   2	  29	  34	  17	  50	  70	  30	 688	1535268	1535734	   0	 850	
 699	 699	  50	   1	 442	   1	   1	  30	  34	  17	  50	  70	  30	 611	1537628	1538070	   0	 860	
 700	 700	  30	   4	 448	   3	   2	  30	  34	  18	  50	  70	  30	 458	1539814	1540262	   0	 860	
 701	 701	  70	   1	 445	   2	   1	  30	  35	  18	  50	  70	  30	 469	1542041	1542486	   0	 870	
 702	 702	  30	   3	 434	   3	   2	  30	  35	  19	  50	  70	  30	 453	1544228	1544662	   0	 870	
 703	 703	  50	   2	 426	   1	   1	  31	  35	  19	  50	  70	  30	 649	1546588	1547014	   0	 860	
 704	 704	  30	   3	 485	   3	   2	  31	  35	  20	  50	  70	  30	 498	1548801	1549286	   0	 860	
 705	 705	  50	   2	 432	   1	   1	  32	  35	  20	  50	  70	  30	 359	1550934	1551366	   0	 850	
 706	 706	  70	   1	 472	   2	   1	  32	   1	  20	  50	  70	  30	 327	1552974	1553446	   0	 860	
 707	 707	  50	   1	 432	   1	   1	  33	   1	  20	  50	  70	  30	 446	1555174	1555606	   0	 870	
 708	 708	  30	   3	 467	   3	   2	  33	   1	  21	  50	  70	  30	 381	1557267	1557734	   0	 870	
 709	 709	  50	   2	 365	   1	   1	   1	   1	  21	  50	  70	  30	 464	1559481	1559846	   0	 860	
