Version: 1	Number of symbols: 3	Pictures exchange: true	Response Deadline: 2000
Trial_No	Virt_Trial_No	Prob_Shown	Feedback	RT	Stimulus_No	Resp	SymbolA_Stage	SymbolB_Stage	SymbolC_Stage	Prob_A	Prob_B	Prob_C	Jitter	StimOnset	RespOnset	Symbol_Changes	Bonus_sum
   1	   1	  30	   2	 834	   1	   1	   1	   0	   0	  30	  70	  50	 549	-253	 581	   0	 -10	
   2	   2	  50	   2	 686	   3	   1	   1	   0	   1	  30	  70	  50	 421	2279	2965	   0	 -20	
   3	   3	  30	   2	 779	   1	   1	   2	   0	   1	  30	  70	  50	 334	4586	5365	   0	 -30	
   4	   4	  50	   1	 374	   3	   1	   2	   0	   2	  30	  70	  50	 398	7039	7413	   0	 -20	
   5	   5	  70	   3	1025	   2	   2	   2	   1	   2	  30	  70	  50	 548	9252	10277	   0	 -20	
   6	   6	  30	   4	 585	   1	   2	   3	   1	   2	  30	  70	  50	 505	12052	12637	   0	 -20	
   7	   7	  50	   2	 412	   3	   1	   3	   1	   3	  30	  70	  50	 388	14305	14717	   0	 -30	
   8	   8	  70	   1	 724	   2	   1	   3	   2	   3	  30	  70	  50	 508	16505	17229	   0	 -20	
   9	   9	  50	   2	 612	   3	   1	   3	   2	   4	  30	  70	  50	 306	18825	19437	   0	 -30	
  10	  10	  30	   1	 552	   1	   1	   4	   2	   4	  30	  70	  50	 694	21412	21964	   0	 -20	
  11	  11	  50	   1	 638	   3	   1	   4	   2	   5	  30	  70	  50	 622	23878	24516	   0	 -10	
  12	  12	  70	   3	 995	   2	   2	   4	   3	   5	  30	  70	  50	 594	26385	27380	   0	 -10	
  13	  13	  50	   2	 542	   3	   1	   4	   3	   6	  30	  70	  50	 460	29118	29660	   0	 -20	
  14	  14	  70	   2	 881	   2	   1	   4	   4	   6	  30	  70	  50	 589	31531	32412	   0	 -30	
  15	  15	  50	   1	 523	   3	   1	   4	   4	   7	  30	  70	  50	 525	34225	34748	   0	 -20	
  16	  16	  30	   3	 718	   1	   2	   5	   4	   7	  30	  70	  50	 601	36638	37356	   0	 -20	
  17	  17	  70	   2	 428	   2	   1	   5	   5	   7	  30	  70	  50	 393	39024	39452	   0	 -30	
  18	  18	  50	   1	 420	   3	   1	   5	   5	   8	  30	  70	  50	 649	41384	41804	   0	 -20	
  19	  19	  70	   3	 497	   2	   2	   5	   6	   8	  30	  70	  50	 531	43611	44108	   0	 -20	
  20	  20	  30	   4	 585	   1	   2	   6	   6	   8	  30	  70	  50	 334	45731	46316	   0	 -20	
  21	  21	  50	   2	 436	   3	   1	   6	   6	   9	  30	  70	  50	 537	48144	48580	   0	 -30	
  22	  22	  30	   4	 516	   1	   2	   7	   6	   9	  30	  70	  50	 605	50464	50980	   0	 -30	
  23	  23	  50	   1	 607	   3	   1	   7	   6	  10	  30	  70	  50	 579	52837	53444	   0	 -20	
  24	  24	  30	   2	 644	   1	   1	   8	   6	  10	  30	  70	  50	 498	55224	55868	   0	 -30	
  25	  25	  70	   1	 300	   2	   1	   8	   7	  10	  30	  70	  50	 354	57504	57804	   0	 -20	
  26	  26	  50	   1	 761	   3	   1	   8	   7	  11	  30	  70	  50	 485	59570	60331	   0	 -10	
  27	  27	  30	   4	 681	   1	   2	   9	   7	  11	  30	  70	  50	 473	62090	62771	   0	 -10	
  28	  28	  50	   2	 617	   3	   1	   9	   7	  12	  30	  70	  50	 426	64490	65107	   0	 -20	
  29	  29	  70	   3	 681	   2	   2	   9	   8	  12	  30	  70	  50	 421	66810	67491	   0	 -20	
  30	  30	  50	   1	 601	   3	   1	   9	   8	  13	  30	  70	  50	 478	69250	69851	   0	 -10	
  31	  31	  70	   3	1180	   2	   2	   9	   9	  13	  30	  70	  50	 432	71583	72763	   0	 -10	
  32	  32	  50	   1	 591	   3	   1	   9	   9	  14	  30	  70	  50	 554	74596	75187	   0	   0	
  33	  33	  30	   1	1020	   1	   1	  10	   9	  14	  30	  70	  50	 427	76903	77923	   0	  10	
  34	  34	  70	   4	 836	   2	   2	  10	  10	  14	  30	  70	  50	 334	79543	80379	   0	  10	
  35	  35	  30	   4	 919	   1	   2	  11	  10	  14	  30	  70	  50	 457	82116	83035	   0	  10	
  36	  36	  70	   1	 674	   2	   1	  11	  11	  14	  30	  70	  50	 330	84649	85323	   0	  20	
  37	  37	  50	   2	 445	   3	   1	  11	  11	  15	  30	  70	  50	 497	87102	87547	   0	  10	
  38	  38	  30	   1	 589	   1	   1	  12	  11	  15	  30	  70	  50	 478	89302	89891	   0	  20	
  39	  39	  70	   2	 554	   2	   1	  12	  12	  15	  30	  70	  50	 311	91489	92043	   0	  10	
  40	  40	  30	   2	 506	   1	   1	  13	  12	  15	  30	  70	  50	 403	93729	94235	   0	   0	
  41	  41	  50	   1	 378	   3	   1	  13	  12	  16	  30	  70	  50	 349	95889	96267	   0	  10	
  42	  42	  70	   3	 584	   2	   2	  13	  13	  16	  30	  70	  50	 331	97875	98459	   0	  10	
  43	  43	  30	   4	 612	   1	   2	  14	  13	  16	  30	  70	  50	 330	100062	100674	   0	  10	
  44	  44	  70	   1	 684	   2	   1	  14	  14	  16	  30	  70	  50	 339	102302	102986	   0	  20	
  45	  45	  50	   2	 474	   3	   1	  14	  14	  17	  30	  70	  50	 337	104608	105082	   0	  10	
  46	  46	  30	   4	 498	   1	   2	  15	  14	  17	  30	  70	  50	 564	106928	107426	   0	  10	
  47	  47	  70	   3	 631	   2	   2	  15	  15	  17	  30	  70	  50	 644	109355	109986	   0	  10	
  48	  48	  30	   3	 778	   1	   2	  16	  15	  17	  30	  70	  50	 500	111768	112546	   0	  10	
  49	  49	  70	   2	 786	   2	   1	  16	  16	  17	  30	  70	  50	 337	114168	114954	   0	   0	
  50	  50	  30	   4	 605	   1	   2	  17	  16	  17	  30	  70	  50	 460	116701	117306	   0	   0	
  51	  51	  70	   1	 584	   2	   1	  17	  17	  17	  30	  70	  50	 590	119194	119778	   0	  10	
  52	  52	  30	   2	 624	   1	   1	  18	  17	  17	  30	  70	  50	 543	121594	122218	   0	   0	
  53	  53	  70	   1	 776	   2	   1	  18	  18	  17	  30	  70	  50	 578	124074	124850	   0	  10	
  54	  54	  30	   3	 491	   1	   2	  19	  18	  17	  30	  70	  50	 509	126647	127138	   0	  10	
  55	  55	  70	   2	 779	   2	   1	  19	  19	  17	  30	  70	  50	 586	129007	129786	   0	   0	
  56	  56	  50	   2	 816	   3	   1	  19	  19	  18	  30	  70	  50	 643	131714	132530	   0	 -10	
  57	  57	  30	   4	 603	   1	   2	  20	  19	  18	  30	  70	  50	 398	134207	134810	   0	 -10	
  58	  58	  70	   3	 502	   2	   2	  20	  20	  18	  30	  70	  50	 447	136540	137042	   0	 -10	
  59	  59	  50	   1	 488	   3	   1	  20	  20	  19	  30	  70	  50	 632	138954	139442	   0	   0	
  60	  60	  30	   2	 495	   1	   1	  21	  20	  19	  30	  70	  50	 387	141114	141609	   0	 -10	
  61	  61	  50	   2	 874	   3	   1	  21	  20	  20	  30	  70	  50	 453	143367	144241	   0	 -20	
  62	  62	  70	   1	 344	   2	   1	  21	  21	  20	  30	  70	  50	 630	146153	146497	   0	 -10	
  63	  63	  50	   2	 693	   3	   1	  21	  21	  21	  30	  70	  50	 690	148460	149153	   0	 -20	
  64	  64	  70	   2	 691	   2	   1	  21	  22	  21	  30	  70	  50	 481	150926	151617	   0	 -30	
  65	  65	  50	   1	 565	   3	   1	  21	  22	  22	  30	  70	  50	 410	153300	153865	   0	 -20	
  66	  66	  30	   1	 459	   1	   1	  22	  22	  22	  30	  70	  50	 424	155566	156025	   0	 -10	
  67	  67	  70	   3	 640	   2	   2	  22	  23	  22	  30	  70	  50	 411	157713	158353	   0	 -10	
  68	  68	  30	   4	 536	   1	   2	  23	  23	  22	  30	  70	  50	 435	160073	160609	   0	 -10	
  69	  69	  50	   2	 622	   3	   1	  23	  23	  23	  30	  70	  50	 488	162379	163001	   0	 -20	
  70	  70	  70	   1	 782	   2	   1	  23	  24	  23	  30	  70	  50	 618	164899	165681	   0	 -10	
  71	  71	  50	   2	 569	   3	   1	  23	  24	  24	  30	  70	  50	 656	167632	168201	   0	 -20	
  72	  72	  70	   3	 966	   2	   2	  23	  25	  24	  30	  70	  50	 534	170019	170985	   0	 -20	
  73	  73	  50	   1	 603	   3	   1	  23	  25	  25	  30	  70	  50	 653	172926	173529	   0	 -10	
  74	  74	  70	   2	 878	   2	   1	  23	  26	  25	  30	  70	  50	 560	175379	176257	   0	 -20	
  75	  75	  50	   2	 681	   3	   1	  23	  26	  26	  30	  70	  50	 614	178152	178833	   0	 -30	
  76	  76	  70	   1	 853	   2	   1	  23	  27	  26	  30	  70	  50	 616	180739	181592	   0	 -20	
  77	  77	  50	   1	 584	   3	   1	  23	  27	  27	  30	  70	  50	 588	183472	184056	   0	 -10	
  78	  78	  70	   3	 774	   2	   2	  23	  28	  27	  30	  70	  50	 567	185898	186672	   0	 -10	
  79	  79	  50	   1	 496	   3	   1	  23	  28	  28	  30	  70	  50	 594	188552	189048	   0	   0	
  80	  80	  30	   4	 603	   1	   2	  24	  28	  28	  30	  70	  50	 429	190765	191368	   0	   0	
  81	  81	  70	   2	 774	   2	   1	  24	  29	  28	  30	  70	  50	 478	193138	193912	   0	 -10	
  82	  82	  30	   2	 899	   1	   1	  25	  29	  28	  30	  70	  50	 452	195645	196544	   0	 -20	
  83	  83	  50	   2	 524	   3	   1	  25	  29	  29	  30	  70	  50	 615	198444	198968	   0	 -30	
  84	  84	  30	   3	1206	   1	   2	  26	  29	  29	  30	  70	  50	 401	200658	201864	   0	 -30	
  85	  85	  70	   1	 518	   2	   1	  26	  30	  29	  30	  70	  50	 346	203498	204016	   0	 -20	
  86	  86	  50	   1	 433	   3	   1	  26	  30	  30	  30	  70	  50	 413	205711	206144	   0	 -10	
  87	  87	  70	   3	 887	   2	   2	  26	  31	  30	  30	  70	  50	 629	208057	208944	   0	 -10	
  88	  88	  30	   2	 868	   3	   1	  26	  31	   1	  30	  70	  30	 616	210884	211752	   3	 -20	
  89	  89	  30	   2	 788	   1	   1	  27	  31	   1	  30	  70	  30	 489	213524	214312	   0	 -30	
  90	  90	  70	   4	 818	   2	   2	  27	  32	   1	  30	  70	  30	 636	216230	217048	   0	 -30	
  91	  91	  30	   1	 482	   3	   1	  27	  32	   2	  30	  70	  30	 603	218950	219432	   0	 -20	
  92	  92	  70	   1	 541	   2	   1	  27	  33	   2	  30	  70	  30	 407	221123	221664	   0	 -10	
  93	  93	  30	   2	 558	   1	   1	  28	  33	   2	  30	  70	  30	 593	223537	224095	   0	 -20	
  94	  94	  30	   2	 326	   3	   1	  28	  33	   3	  30	  70	  30	 528	225897	226223	   0	 -30	
  95	  95	  30	   1	 460	   1	   1	  29	  33	   3	  30	  70	  30	 661	228163	228623	   0	 -20	
  96	  96	  20	   4	 879	   2	   2	  29	   1	   3	  30	  20	  30	 682	230616	231495	   2	 -20	
  97	  97	  30	   4	 564	   1	   2	  30	   1	   3	  30	  20	  30	 468	233243	233807	   0	 -20	
  98	  98	  30	   2	 412	   3	   1	  30	   1	   4	  30	  20	  30	 388	235483	235895	   0	 -30	
  99	  99	  30	   2	 719	   1	   1	  31	   1	   4	  30	  20	  30	 640	237816	238535	   0	 -40	
 100	 100	  30	   2	 610	   3	   1	  31	   1	   5	  30	  20	  30	 524	240349	240959	   0	 -50	
 101	 101	  20	   2	 375	   2	   1	  31	   2	   5	  30	  20	  30	 408	242656	243031	   0	 -60	
 102	 102	  30	   3	 562	   1	   2	  32	   2	   5	  30	  20	  30	 630	244949	245511	   0	 -60	
 103	 103	  20	   1	 733	   2	   1	  32	   3	   5	  30	  20	  30	 328	247122	247855	   0	 -50	
 104	 104	  30	   3	 597	   3	   2	  32	   3	   6	  30	  20	  30	 462	249602	250199	   0	 -50	
 105	 105	  20	   2	 645	   2	   1	  32	   4	   6	  30	  20	  30	 405	251882	252527	   0	 -60	
 106	 106	  30	   4	 709	   3	   2	  32	   4	   7	  30	  20	  30	 354	254162	254871	   0	 -60	
 107	 107	  20	   2	 632	   2	   1	  32	   5	   7	  30	  20	  30	 656	256815	257447	   0	 -70	
 108	 108	  30	   4	 452	   3	   2	  32	   5	   8	  30	  20	  30	 674	259402	259854	   0	 -70	
 109	 109	  20	   3	 482	   2	   2	  32	   6	   8	  30	  20	  30	 319	261468	261950	   0	 -70	
 110	 110	  30	   4	 639	   1	   2	  33	   6	   8	  30	  20	  30	 656	263895	264534	   0	 -70	
 111	 111	  30	   2	 567	   3	   1	  33	   6	   9	  30	  20	  30	 618	266455	267022	   0	 -80	
 112	 112	  20	   2	 431	   2	   1	  33	   7	   9	  30	  20	  30	 595	268895	269326	   0	 -90	
 113	 113	  30	   1	 743	   3	   1	  33	   7	  10	  30	  20	  30	 326	270935	271678	   0	 -80	
 114	 114	  30	   2	 709	   1	   1	  34	   7	  10	  30	  20	  30	 331	273281	273990	   0	 -90	
 115	 115	  30	   3	1114	   3	   2	  34	   7	  11	  30	  20	  30	 592	275868	276982	   0	 -90	
 116	 116	  30	   4	 616	   1	   2	  35	   7	  11	  30	  20	  30	 512	278774	279390	   0	 -90	
 117	 117	  30	   4	 650	   3	   2	  35	   7	  12	  30	  20	  30	 388	281068	281718	   0	 -90	
 118	 118	  80	   1	 773	   1	   1	   1	   7	  12	  80	  20	  30	 535	283561	284334	   1	 -80	
 119	 119	  30	   2	 805	   3	   1	   1	   7	  13	  80	  20	  30	 619	286241	287046	   0	 -90	
 120	 120	  20	   4	 853	   2	   2	   1	   8	  13	  80	  20	  30	 586	288921	289774	   0	 -90	
 121	 121	  80	   1	 405	   1	   1	   2	   8	  13	  80	  20	  30	 562	291641	292046	   0	 -80	
 122	 122	  30	   4	 627	   3	   2	   2	   8	  14	  80	  20	  30	 696	294027	294654	   0	 -80	
 123	 123	  80	   2	 571	   1	   1	   3	   8	  14	  80	  20	  30	 646	296587	297158	   0	 -90	
 124	 124	  30	   3	 710	   3	   2	   3	   8	  15	  80	  20	  30	 364	298800	299510	   0	 -90	
 125	 125	  80	   1	 467	   1	   1	   4	   8	  15	  80	  20	  30	 388	301187	301654	   0	 -80	
 126	 126	  30	   2	 769	   3	   1	   4	   8	  16	  80	  20	  30	 586	303533	304302	   0	 -90	
 127	 127	  80	   1	 493	   1	   1	   5	   8	  16	  80	  20	  30	 582	306160	306653	   0	 -80	
 128	 128	  30	   2	 443	   3	   1	   5	   8	  17	  80	  20	  30	 572	308506	308949	   0	 -90	
 129	 129	  20	   2	 371	   2	   1	   5	   9	  17	  80	  20	  30	 630	310866	311237	   0	-100	
 130	 130	  80	   2	 448	   1	   1	   6	   9	  17	  80	  20	  30	 343	312853	313301	   0	-110	
 131	 131	  30	   2	 515	   3	   1	   6	   9	  18	  80	  20	  30	 356	314946	315461	   0	-120	
 132	 132	  80	   1	 406	   1	   1	   7	   9	  18	  80	  20	  30	 465	317199	317605	   0	-110	
 133	 133	  30	   3	 536	   3	   2	   7	   9	  19	  80	  20	  30	 366	319253	319789	   0	-110	
 134	 134	  80	   1	 563	   1	   1	   8	   9	  19	  80	  20	  30	 355	321426	321989	   0	-100	
 135	 135	  20	   4	 643	   2	   2	   8	  10	  19	  80	  20	  30	 386	323666	324309	   0	-100	
 136	 136	  80	   1	 619	   1	   1	   9	  10	  19	  80	  20	  30	 354	325946	326565	   0	 -90	
 137	 137	  20	   1	 603	   2	   1	   9	  11	  19	  80	  20	  30	 542	328386	328989	   0	 -80	
 138	 138	  80	   1	 550	   1	   1	  10	  11	  19	  80	  20	  30	 603	330879	331429	   0	 -70	
 139	 139	  20	   4	 862	   2	   2	  10	  12	  19	  80	  20	  30	 523	333239	334101	   0	 -70	
 140	 140	  30	   2	 385	   3	   1	  10	  12	  20	  80	  20	  30	 629	336012	336397	   0	 -80	
 141	 141	  80	   2	 361	   1	   1	  11	  12	  20	  80	  20	  30	 401	338092	338453	   0	 -90	
 142	 142	  30	   3	 422	   3	   2	  11	  12	  21	  80	  20	  30	 538	340278	340700	   0	 -90	
 143	 143	  20	   2	 523	   2	   1	  11	  13	  21	  80	  20	  30	 321	342305	342828	   0	-100	
 144	 144	  80	   1	 544	   1	   1	  12	  13	  21	  80	  20	  30	 378	344492	345036	   0	 -90	
 145	 145	  30	   4	 536	   3	   2	  12	  13	  22	  80	  20	  30	 663	346972	347508	   0	 -90	
 146	 146	  20	   4	 699	   2	   2	  12	  14	  22	  80	  20	  30	 474	349265	349964	   0	 -90	
 147	 147	  30	   2	 931	   3	   1	  12	  14	  23	  80	  20	  30	 544	351785	352716	   0	-100	
 148	 148	  20	   2	 454	   2	   1	  12	  15	  23	  80	  20	  30	 451	354438	354892	   0	-110	
 149	 149	  80	   1	 380	   1	   1	  13	  15	  23	  80	  20	  30	 481	356664	357044	   0	-100	
 150	 150	  20	   4	 284	   2	   2	  13	  16	  23	  80	  20	  30	 417	358744	359028	   0	-100	
 151	 151	  80	   3	 372	   1	   2	  14	  16	  23	  80	  20	  30	 305	360624	360996	   0	-100	
 152	 152	  20	   4	 566	   2	   2	  14	  17	  23	  80	  20	  30	 566	362838	363404	   0	-100	
 153	 153	  30	   2	 575	   3	   1	  14	  17	  24	  80	  20	  30	 546	365237	365812	   0	-110	
 154	 154	  20	   3	 807	   2	   2	  14	  18	  24	  80	  20	  30	 381	367477	368284	   0	-110	
 155	 155	  80	   1	 401	   1	   1	  15	  18	  24	  80	  20	  30	 320	369891	370292	   0	-100	
 156	 156	  30	   2	 791	   3	   1	  15	  18	  25	  80	  20	  30	 382	371957	372748	   0	-110	
 157	 157	  80	   1	 252	   1	   1	  16	  18	  25	  80	  20	  30	 472	374504	374756	   0	-100	
 158	 158	  20	   4	 487	   2	   2	  16	  19	  25	  80	  20	  30	 568	376597	377084	   0	-100	
 159	 159	  30	   4	 335	   3	   2	  16	  19	  26	  80	  20	  30	 626	378997	379332	   0	-100	
 160	 160	  80	   1	 572	   1	   1	  17	  19	  26	  80	  20	  30	 372	380983	381555	   0	 -90	
 161	 161	  20	   2	 500	   2	   1	  17	  20	  26	  80	  20	  30	 698	383543	384043	   0	-100	
 162	 162	  30	   1	 380	   3	   1	  17	  20	  27	  80	  20	  30	 654	385983	386363	   0	 -90	
 163	 163	  80	   2	 383	   1	   1	  18	  20	  27	  80	  20	  30	 589	388236	388619	   0	-100	
 164	 164	  30	   4	 361	   3	   2	  18	  20	  28	  80	  20	  30	 513	390410	390771	   0	-100	
 165	 165	  20	   4	 364	   2	   2	  18	  21	  28	  80	  20	  30	 689	392743	393107	   0	-100	
 166	 166	  30	   2	 311	   3	   1	  18	  21	  29	  80	  20	  30	 491	394876	395187	   0	-110	
 167	 167	  80	   1	 295	   1	   1	  19	  21	  29	  80	  20	  30	 603	397076	397371	   0	-100	
 168	 168	  30	   3	 596	   3	   2	  19	  21	  30	  80	  20	  30	 612	399263	399859	   0	-100	
 169	 169	  20	   2	 642	   2	   1	  19	  22	  30	  80	  20	  30	 397	401529	402171	   0	-110	
 170	 170	  30	   4	 533	   3	   2	  19	  22	  31	  80	  20	  30	 320	403782	404315	   0	-110	
 171	 171	  80	   1	 487	   1	   1	  20	  22	  31	  80	  20	  30	 376	405996	406483	   0	-100	
 172	 172	  30	   4	 517	   3	   2	  20	  22	  32	  80	  20	  30	 500	408262	408779	   0	-100	
 173	 173	  20	   3	 661	   2	   2	  20	  23	  32	  80	  20	  30	 329	410382	411043	   0	-100	
 174	 174	  80	   1	 453	   1	   1	  21	  23	  32	  80	  20	  30	 302	412622	413075	   0	 -90	
 175	 175	  30	   2	 938	   3	   1	  21	  23	  33	  80	  20	  30	 407	414769	415707	   0	-100	
 176	 176	  80	   1	  72	   1	   1	  22	  23	  33	  80	  20	  30	 368	417355	417427	   0	 -90	
 177	 177	  30	   3	 189	   3	   2	  22	  23	  34	  80	  20	  30	 357	419062	419251	   0	 -90	
 178	 178	  80	   2	 535	   1	   1	  23	  23	  34	  80	  20	  30	 301	420835	421370	   0	-100	
 179	 179	  30	   2	 375	   3	   1	  23	  23	  35	  80	  20	  30	 462	423115	423490	   0	-110	
 180	 180	  20	   4	 690	   2	   2	  23	  24	  35	  80	  20	  30	 635	425408	426098	   0	-110	
 181	 181	  70	   3	 743	   3	   2	  23	  24	   1	  80	  20	  70	 406	427835	428578	   3	-110	
 182	 182	  20	   3	 733	   2	   2	  23	  25	   1	  80	  20	  70	 602	430461	431194	   0	-110	
 183	 183	  80	   1	 415	   1	   1	  24	  25	   1	  80	  20	  70	 669	433155	433570	   0	-100	
 184	 184	  70	   4	 336	   3	   2	  24	  25	   2	  80	  20	  70	 616	435474	435810	   0	-100	
 185	 185	  20	   2	 424	   2	   1	  24	  26	   2	  80	  20	  70	 542	437634	438058	   0	-110	
 186	 186	  70	   3	 520	   3	   2	  24	  26	   3	  80	  20	  70	 544	439874	440394	   0	-110	
 187	 187	  20	   4	 757	   2	   2	  24	  27	   3	  80	  20	  70	 495	442181	442938	   0	-110	
 188	 188	  70	   4	 571	   3	   2	  24	  27	   4	  80	  20	  70	 590	444807	445378	   0	-110	
 189	 189	  20	   4	 573	   2	   2	  24	  28	   4	  80	  20	  70	 566	447221	447794	   0	-110	
 190	 190	  80	   2	 387	   1	   1	  25	  28	   4	  80	  20	  70	 527	449607	449994	   0	-120	
 191	 191	  70	   1	 616	   3	   1	  25	  28	   5	  80	  20	  70	 545	451834	452450	   0	-110	
 192	 192	  80	   1	 494	   1	   1	  26	  28	   5	  80	  20	  70	 331	454060	454554	   0	-100	
 193	 193	  20	   4	 790	   2	   2	  26	  29	   5	  80	  20	  70	 545	456380	457170	   0	-100	
 194	 194	  70	   3	 776	   3	   2	  26	  29	   6	  80	  20	  70	 414	458873	459649	   0	-100	
 195	 195	  20	   2	 522	   2	   1	  26	  30	   6	  80	  20	  70	 511	461447	461969	   0	-110	
 196	 196	  70	   1	 381	   3	   1	  26	  30	   7	  80	  20	  70	 689	463940	464321	   0	-100	
 197	 197	  80	   1	 578	   1	   1	  27	  30	   7	  80	  20	  70	 602	466207	466785	   0	 -90	
 198	 198	  50	   3	 728	   2	   2	  27	   1	   7	  80	  50	  70	 658	468753	469481	   2	 -90	
 199	 199	  70	   4	 480	   3	   2	  27	   1	   8	  80	  50	  70	 637	471393	471873	   0	 -90	
 200	 200	  50	   2	 608	   2	   1	  27	   2	   8	  80	  50	  70	 388	473553	474161	   0	-100	
 201	 201	  80	   1	 376	   1	   1	  28	   2	   8	  80	  50	  70	 413	475873	476249	   0	 -90	
 202	 202	  70	   3	 632	   3	   2	  28	   2	   9	  80	  50	  70	 573	478113	478745	   0	 -90	
 203	 203	  50	   3	 616	   2	   2	  28	   3	   9	  80	  50	  70	 412	480433	481049	   0	 -90	
 204	 204	  70	   1	 614	   3	   1	  28	   3	  10	  80	  50	  70	 569	482899	483513	   0	 -80	
 205	 205	  50	   4	 665	   2	   2	  28	   4	  10	  80	  50	  70	 631	485432	486097	   0	 -80	
 206	 206	  70	   4	 523	   3	   2	  28	   4	  11	  80	  50	  70	 392	487766	488289	   0	 -80	
 207	 207	  50	   4	 707	   2	   2	  28	   5	  11	  80	  50	  70	 597	490166	490873	   0	 -80	
 208	 208	  80	   1	 468	   1	   1	  29	   5	  11	  80	  50	  70	 647	492805	493273	   0	 -70	
 209	 209	  50	   3	 564	   2	   2	  29	   6	  11	  80	  50	  70	 571	495125	495689	   0	 -70	
 210	 210	  80	   1	 625	   1	   1	  30	   6	  11	  80	  50	  70	 454	497432	498057	   0	 -60	
 211	 211	  70	   4	 440	   3	   2	  30	   6	  12	  80	  50	  70	 644	499992	500432	   0	 -60	
 212	 212	  50	   3	 744	   2	   2	  30	   7	  12	  80	  50	  70	 477	502192	502936	   0	 -60	
 213	 213	  80	   1	 478	   1	   1	  31	   7	  12	  80	  50	  70	 403	504618	505096	   0	 -50	
 214	 214	  70	   1	 555	   3	   1	  31	   7	  13	  80	  50	  70	 554	506925	507480	   0	 -40	
 215	 215	  80	   1	 578	   1	   1	  32	   7	  13	  80	  50	  70	 399	509150	509728	   0	 -30	
 216	 216	  70	   3	 451	   3	   2	  32	   7	  14	  80	  50	  70	 672	511685	512136	   0	 -30	
 217	 217	  50	   2	 529	   2	   1	  32	   8	  14	  80	  50	  70	 576	513991	514520	   0	 -40	
 218	 218	  80	   1	 494	   1	   1	  33	   8	  14	  80	  50	  70	 504	516298	516792	   0	 -30	
 219	 219	  50	   4	 649	   2	   2	  33	   9	  14	  80	  50	  70	 355	518431	519080	   0	 -30	
 220	 220	  20	   4	 750	   1	   2	   1	   9	  14	  20	  50	  70	 674	521058	521808	   1	 -30	
 221	 221	  70	   3	 572	   3	   2	   1	   9	  15	  20	  50	  70	 414	523524	524096	   0	 -30	
 222	 222	  50	   1	 556	   2	   1	   1	  10	  15	  20	  50	  70	 434	525804	526360	   0	 -20	
 223	 223	  70	   3	 444	   3	   2	   1	  10	  16	  20	  50	  70	 571	528204	528648	   0	 -20	
 224	 224	  20	   2	 450	   1	   1	   2	  10	  16	  20	  50	  70	 697	530630	531080	   0	 -30	
 225	 225	  50	   2	 508	   2	   1	   2	  11	  16	  20	  50	  70	 528	532884	533392	   0	 -40	
 226	 226	  70	   4	 610	   3	   2	   2	  11	  17	  20	  50	  70	 395	535070	535680	   0	 -40	
 227	 227	  20	   4	 548	   1	   2	   3	  11	  17	  20	  50	  70	 608	537564	538112	   0	 -40	
 228	 228	  70	   3	 607	   3	   2	   3	  11	  18	  20	  50	  70	 619	540017	540624	   0	 -40	
 229	 229	  20	   3	 460	   1	   2	   4	  11	  18	  20	  50	  70	 416	542323	542783	   0	 -40	
 230	 230	  50	   3	 676	   2	   2	   4	  12	  18	  20	  50	  70	 344	544403	545079	   0	 -40	
 231	 231	  70	   3	 428	   3	   2	   4	  12	  19	  20	  50	  70	 517	546883	547311	   0	 -40	
 232	 232	  50	   4	 633	   2	   2	   4	  13	  19	  20	  50	  70	 469	549070	549703	   0	 -40	
 233	 233	  70	   3	 652	   3	   2	   4	  13	  20	  20	  50	  70	 505	551483	552135	   0	 -40	
 234	 234	  20	   2	 364	   1	   1	   5	  13	  20	  20	  50	  70	 663	554083	554447	   0	 -50	
 235	 235	  70	   4	 596	   3	   2	   5	  13	  21	  20	  50	  70	 547	556283	556879	   0	 -50	
 236	 236	  20	   4	 423	   1	   2	   6	  13	  21	  20	  50	  70	 458	558616	559039	   0	 -50	
 237	 237	  50	   4	 639	   2	   2	   6	  14	  21	  20	  50	  70	 662	560976	561615	   0	 -50	
 238	 238	  70	   1	 463	   3	   1	   6	  14	  22	  20	  50	  70	 398	563296	563759	   0	 -40	
 239	 239	  50	   1	 490	   2	   1	   6	  15	  22	  20	  50	  70	 556	565589	566079	   0	 -30	
 240	 240	  70	   3	 239	   3	   2	   6	  15	  23	  20	  50	  70	 620	567976	568215	   0	 -30	
 241	 241	  50	   1	 440	   2	   1	   6	  16	  23	  20	  50	  70	 385	569895	570335	   0	 -20	
 242	 242	  20	   3	 301	   1	   2	   7	  16	  23	  20	  50	  70	 619	572242	572543	   0	 -20	
 243	 243	  50	   4	 261	   2	   2	   7	  17	  23	  20	  50	  70	 541	574362	574623	   0	 -20	
 244	 244	  20	   4	 240	   1	   2	   8	  17	  23	  20	  50	  70	 391	576295	576535	   0	 -20	
 245	 245	  70	   3	 514	   3	   2	   8	  17	  24	  20	  50	  70	 562	578388	578902	   0	 -20	
 246	 246	  50	   1	 184	   2	   1	   8	  18	  24	  20	  50	  70	 474	580655	580839	   0	 -10	
 247	 247	  20	   2	 450	   1	   1	   9	  18	  24	  20	  50	  70	 436	582548	582998	   0	 -20	
 248	 248	  50	   2	 194	   2	   1	   9	  19	  24	  20	  50	  70	 308	584588	584782	   0	 -30	
 249	 249	  70	   3	 477	   3	   2	   9	  19	  25	  20	  50	  70	 414	586481	586958	   0	 -30	
 250	 250	  20	   4	 517	   1	   2	  10	  19	  25	  20	  50	  70	 687	588921	589438	   0	 -30	
 251	 251	  70	   4	 559	   3	   2	  10	  19	  26	  20	  50	  70	 527	591255	591814	   0	 -30	
 252	 252	  50	   1	 394	   2	   1	  10	  20	  26	  20	  50	  70	 641	593748	594142	   0	 -20	
 253	 253	  20	   2	 405	   1	   1	  11	  20	  26	  20	  50	  70	 614	596041	596446	   0	 -30	
 254	 254	  70	   1	 288	   3	   1	  11	  20	  27	  20	  50	  70	 411	598134	598422	   0	 -20	
 255	 255	  50	   3	 408	   2	   2	  11	  21	  27	  20	  50	  70	 389	600094	600502	   0	 -20	
 256	 256	  70	   1	 376	   3	   1	  11	  21	  28	  20	  50	  70	 638	602414	602790	   0	 -10	
 257	 257	  50	   2	 144	   2	   1	  11	  22	  28	  20	  50	  70	 653	604734	604878	   0	 -20	
 258	 258	  70	   2	 467	   3	   1	  11	  22	  29	  20	  50	  70	 546	606707	607174	   0	 -30	
 259	 259	  50	   2	 328	   2	   1	  11	  23	  29	  20	  50	  70	 355	608814	609142	   0	 -40	
 260	 260	  70	   3	 608	   3	   2	  11	  23	  30	  20	  50	  70	 590	611014	611622	   0	 -40	
 261	 261	  20	   2	 480	   1	   1	  12	  23	  30	  20	  50	  70	 536	613454	613934	   0	 -50	
 262	 262	  50	   4	 328	   3	   2	  12	  23	   1	  20	  50	  50	 619	615854	616182	   3	 -50	
 263	 263	  50	   4	 275	   2	   2	  12	  24	   1	  20	  50	  50	 526	617987	618262	   0	 -50	
 264	 264	  20	   4	 224	   1	   2	  13	  24	   1	  20	  50	  50	 390	619933	620157	   0	 -50	
 265	 265	  50	   2	 378	   3	   1	  13	  24	   2	  20	  50	  50	 356	621787	622165	   0	 -60	
 266	 266	  50	   1	 554	   2	   1	  13	  25	   2	  20	  50	  50	 503	623947	624501	   0	 -50	
 267	 267	  50	   3	 251	   3	   2	  13	  25	   3	  20	  50	  50	 479	626266	626517	   0	 -50	
 268	 268	  50	   3	 536	   2	   2	  13	  26	   3	  20	  50	  50	 375	628173	628709	   0	 -50	
 269	 269	  20	   1	 675	   1	   1	  14	  26	   3	  20	  50	  50	 307	630306	630981	   0	 -40	
 270	 270	  50	   4	 653	   2	   2	  14	  27	   3	  20	  50	  50	 376	632640	633293	   0	 -40	
 271	 271	  50	   2	 384	   3	   1	  14	  27	   4	  20	  50	  50	 304	634893	635277	   0	 -50	
 272	 272	  50	   1	 630	   2	   1	  14	  28	   4	  20	  50	  50	 370	636919	637549	   0	 -40	
 273	 273	  50	   3	 624	   3	   2	  14	  28	   5	  20	  50	  50	 664	639493	640117	   0	 -40	
 274	 274	  50	   4	 494	   2	   2	  14	  29	   5	  20	  50	  50	 450	641839	642333	   0	 -40	
 275	 275	  20	   4	 587	   1	   2	  15	  29	   5	  20	  50	  50	 612	644226	644813	   0	 -40	
 276	 276	  50	   1	 182	   3	   1	  15	  29	   6	  20	  50	  50	 463	646559	646741	   0	 -30	
 277	 277	  50	   1	 562	   2	   1	  15	  30	   6	  20	  50	  50	 439	648451	649013	   0	 -20	
 278	 278	  20	   3	 260	   1	   2	  16	  30	   6	  20	  50	  50	 402	650705	650965	   0	 -20	
 279	 279	  50	   4	 457	   3	   2	  16	  30	   7	  20	  50	  50	 324	652572	653029	   0	 -20	
 280	 280	  20	   2	 505	   1	   1	  17	  30	   7	  20	  50	  50	 463	654772	655277	   0	 -30	
 281	 281	  50	   2	 124	   3	   1	  17	  30	   8	  20	  50	  50	 342	656905	657029	   0	 -40	
 282	 282	  20	   2	  91	   1	   1	  18	  30	   8	  20	  50	  50	 514	658825	658916	   0	 -50	
 283	 283	  50	   3	 123	   3	   2	  18	  30	   9	  20	  50	  50	 427	660625	660748	   0	 -50	
 284	 284	  50	   3	 179	   2	   2	  18	  31	   9	  20	  50	  50	 431	662465	662644	   0	 -50	
 285	 285	  20	   2	 560	   1	   1	  19	  31	   9	  20	  50	  50	 407	664332	664892	   0	 -60	
 286	 286	  50	   4	 363	   2	   2	  19	  32	   9	  20	  50	  50	 568	666745	667108	   0	 -60	
 287	 287	  20	   4	 409	   1	   2	  20	  32	   9	  20	  50	  50	 575	668971	669380	   0	 -60	
 288	 288	  50	   1	 499	   3	   1	  20	  32	  10	  20	  50	  50	 488	671145	671644	   0	 -50	
 289	 289	  20	   2	 620	   1	   1	  21	  32	  10	  20	  50	  50	 579	673504	674124	   0	 -60	
 290	 290	  50	   3	 222	   3	   2	  21	  32	  11	  20	  50	  50	 311	675718	675940	   0	 -60	
 291	 291	  50	   1	 468	   2	   1	  21	  33	  11	  20	  50	  50	 308	677544	678012	   0	 -50	
 292	 292	  50	   3	 638	   3	   2	  21	  33	  12	  20	  50	  50	 302	679598	680236	   0	 -50	
 293	 293	  20	   2	 956	   2	   1	  21	   1	  12	  20	  20	  50	 406	681944	682900	   2	 -60	
 294	 294	  50	   2	 481	   3	   1	  21	   1	  13	  20	  20	  50	 389	684571	685052	   0	 -70	
 295	 295	  20	   3	 815	   1	   2	  22	   1	  13	  20	  20	  50	 542	686877	687692	   0	 -70	
 296	 296	  20	   4	 620	   2	   2	  22	   2	  13	  20	  20	  50	 559	689544	690164	   0	 -70	
 297	 297	  20	   2	 460	   1	   1	  23	   2	  13	  20	  20	  50	 700	692144	692604	   0	 -80	
 298	 298	  20	   4	 511	   2	   2	  23	   3	  13	  20	  20	  50	 473	694357	694868	   0	 -80	
 299	 299	  20	   4	 455	   1	   2	  24	   3	  13	  20	  20	  50	 606	696757	697212	   0	 -80	
 300	 300	  20	   4	 513	   2	   2	  24	   4	  13	  20	  20	  50	 594	699090	699603	   0	 -80	
 301	 301	  50	   1	 978	   3	   1	  24	   4	  14	  20	  20	  50	 359	701249	702227	   0	 -70	
 302	 302	  20	   1	 460	   2	   1	  24	   5	  14	  20	  20	  50	 557	704063	704523	   0	 -60	
 303	 303	  50	   3	 353	   3	   2	  24	   5	  15	  20	  20	  50	 489	706290	706643	   0	 -60	
 304	 304	  20	   2	 447	   2	   1	  24	   6	  15	  20	  20	  50	 635	708556	709003	   0	 -70	
 305	 305	  20	   4	 607	   1	   2	  25	   6	  15	  20	  20	  50	 474	710756	711363	   0	 -70	
 306	 306	  50	   2	 602	   3	   1	  25	   6	  16	  20	  20	  50	 443	713089	713691	   0	 -80	
 307	 307	  20	   4	 604	   1	   2	  26	   6	  16	  20	  20	  50	 401	715383	715987	   0	 -80	
 308	 308	  50	   2	 410	   3	   1	  26	   6	  17	  20	  20	  50	 424	717689	718099	   0	 -90	
 309	 309	  20	   2	 564	   1	   1	  27	   6	  17	  20	  20	  50	 444	719823	720387	   0	-100	
 310	 310	  50	   1	 583	   3	   1	  27	   6	  18	  20	  20	  50	 445	722116	722699	   0	 -90	
 311	 311	  20	   3	 183	   1	   2	  28	   6	  18	  20	  20	  50	 646	724636	724819	   0	 -90	
 312	 312	  50	   2	 503	   3	   1	  28	   6	  19	  20	  20	  50	 379	726476	726979	   0	-100	
 313	 313	  20	   2	 586	   2	   1	  28	   7	  19	  20	  20	  50	 632	728889	729475	   0	-110	
 314	 314	  50	   2	  69	   3	   1	  28	   7	  20	  20	  20	  50	 423	731182	731251	   0	-120	
 315	 315	  20	   2	 568	   2	   1	  28	   8	  20	  20	  20	  50	 304	732835	733403	   0	-130	
 316	 316	  20	   2	 714	   1	   1	  29	   8	  20	  20	  20	  50	 610	735289	736003	   0	-140	
 317	 317	  20	   3	 619	   2	   2	  29	   9	  20	  20	  20	  50	 445	737728	738347	   0	-140	
 318	 318	  50	   2	 628	   3	   1	  29	   9	  21	  20	  20	  50	 316	739942	740570	   0	-150	
 319	 319	  20	   2	 754	   2	   1	  29	  10	  21	  20	  20	  50	 587	742448	743202	   0	-160	
 320	 320	  20	   4	 621	   1	   2	  30	  10	  21	  20	  20	  50	 579	745061	745682	   0	-160	
 321	 321	  50	   1	 901	   3	   1	  30	  10	  22	  20	  20	  50	 604	747581	748482	   0	-150	
 322	 322	  20	   4	 592	   1	   2	  31	  10	  22	  20	  20	  50	 439	750194	750786	   0	-150	
 323	 323	  50	   2	 805	   3	   1	  31	  10	  23	  20	  20	  50	 390	752461	753266	   0	-160	
 324	 324	  20	   4	 509	   1	   2	  32	  10	  23	  20	  20	  50	 598	755141	755650	   0	-160	
 325	 325	  20	   4	 722	   2	   2	  32	  11	  23	  20	  20	  50	 391	757328	758050	   0	-160	
 326	 326	  20	   1	 797	   1	   1	  33	  11	  23	  20	  20	  50	 328	759661	760458	   0	-150	
 327	 327	  50	   1	 784	   3	   1	  33	  11	  24	  20	  20	  50	 498	762234	763018	   0	-140	
 328	 328	  20	   2	 779	   2	   1	  33	  12	  24	  20	  20	  50	 386	764687	765466	   0	-150	
 329	 329	  50	   3	 576	   3	   2	  33	  12	  25	  20	  20	  50	 410	767154	767730	   0	-150	
 330	 330	  20	   2	 611	   2	   1	  33	  13	  25	  20	  20	  50	 353	769367	769978	   0	-160	
 331	 331	  20	   4	 456	   1	   2	  34	  13	  25	  20	  20	  50	 407	771674	772130	   0	-160	
 332	 332	  20	   2	 646	   2	   1	  34	  14	  25	  20	  20	  50	 685	774100	774746	   0	-170	
 333	 333	  50	   2	 393	   3	   1	  34	  14	  26	  20	  20	  50	 569	776593	776986	   0	-180	
 334	 334	  20	   4	 761	   1	   2	  35	  14	  26	  20	  20	  50	 532	778793	779554	   0	-180	
 335	 335	  20	   2	 709	   2	   1	  35	  15	  26	  20	  20	  50	 693	781540	782249	   0	-190	
 336	 336	  50	   1	 616	   3	   1	  35	  15	  27	  20	  20	  50	 620	784153	784769	   0	-180	
 337	 337	  80	   3	 712	   1	   2	   1	  15	  27	  80	  20	  50	 637	786713	787425	   1	-180	
 338	 338	  20	   2	 645	   2	   1	   1	  16	  27	  80	  20	  50	 433	789140	789785	   0	-190	
 339	 339	  80	   3	 912	   1	   2	   2	  16	  27	  80	  20	  50	 648	791713	792625	   0	-190	
 340	 340	  20	   4	 411	   2	   2	   2	  17	  27	  80	  20	  50	 498	794406	794817	   0	-190	
 341	 341	  80	   3	 659	   1	   2	   3	  17	  27	  80	  20	  50	 661	796766	797425	   0	-190	
 342	 342	  50	   1	 520	   3	   1	   3	  17	  28	  80	  20	  50	 562	799273	799793	   0	-180	
 343	 343	  80	   3	 379	   1	   2	   4	  17	  28	  80	  20	  50	 600	801686	802065	   0	-180	
 344	 344	  20	   3	 355	   2	   2	   4	  18	  28	  80	  20	  50	 545	803886	804241	   0	-180	
 345	 345	  50	   2	 507	   3	   1	   4	  18	  29	  80	  20	  50	 441	805966	806473	   0	-190	
 346	 346	  20	   3	 662	   2	   2	   4	  19	  29	  80	  20	  50	 377	808139	808801	   0	-190	
 347	 347	  80	   4	 369	   1	   2	   5	  19	  29	  80	  20	  50	 589	810672	811041	   0	-190	
 348	 348	  20	   2	 689	   2	   1	   5	  20	  29	  80	  20	  50	 393	812712	813401	   0	-200	
 349	 349	  50	   2	 550	   3	   1	   5	  20	  30	  80	  20	  50	 661	815339	815889	   0	-210	
 350	 350	  80	   3	 377	   1	   2	   6	  20	  30	  80	  20	  50	 658	817832	818209	   0	-210	
 351	 351	  50	   2	 504	   3	   1	   6	  20	  31	  80	  20	  50	 639	820152	820656	   0	-220	
 352	 352	  80	   3	 374	   1	   2	   7	  20	  31	  80	  20	  50	 406	822338	822712	   0	-220	
 353	 353	  50	   4	 401	   3	   2	   7	  20	  32	  80	  20	  50	 552	824551	824952	   0	-220	
 354	 354	  80	   3	 313	   1	   2	   8	  20	  32	  80	  20	  50	 588	826831	827144	   0	-220	
 355	 355	  20	   3	 595	   2	   2	   8	  21	  32	  80	  20	  50	 656	829085	829680	   0	-220	
 356	 356	  80	   4	 753	   1	   2	   9	  21	  32	  80	  20	  50	 354	831311	832064	   0	-220	
 357	 357	  50	   1	 657	   3	   1	   9	  21	  33	  80	  20	  50	 320	833671	834328	   0	-210	
 358	 358	  20	   2	 612	   2	   1	   9	  22	  33	  80	  20	  50	 311	835924	836536	   0	-220	
 359	 359	  70	   1	 750	   3	   1	   9	  22	   1	  80	  20	  70	 420	838258	839008	   3	-210	
 360	 360	  20	   4	 628	   2	   2	   9	  23	   1	  80	  20	  70	 516	840804	841432	   0	-210	
 361	 361	  80	   3	 484	   1	   2	  10	  23	   1	  80	  20	  70	 307	843044	843528	   0	-210	
 362	 362	  20	   4	 625	   2	   2	  10	  24	   1	  80	  20	  70	 384	845191	845816	   0	-210	
 363	 363	  70	   2	 618	   3	   1	  10	  24	   2	  80	  20	  70	 414	847510	848128	   0	-220	
 364	 364	  80	   3	 695	   1	   2	  11	  24	   2	  80	  20	  70	 321	849737	850432	   0	-220	
 365	 365	  70	   2	 567	   3	   1	  11	  24	   3	  80	  20	  70	 385	852097	852664	   0	-230	
 366	 366	  20	   4	 512	   2	   2	  11	  25	   3	  80	  20	  70	 359	854296	854808	   0	-230	
 367	 367	  70	   1	 463	   3	   1	  11	  25	   4	  80	  20	  70	 327	856417	856880	   0	-220	
 368	 368	  20	   2	 204	   2	   1	  11	  26	   4	  80	  20	  70	 687	858843	859047	   0	-230	
 369	 369	  80	   3	 326	   1	   2	  12	  26	   4	  80	  20	  70	 650	860977	861303	   0	-230	
 370	 370	  70	   1	 414	   3	   1	  12	  26	   5	  80	  20	  70	 508	863097	863511	   0	-220	
 371	 371	  20	   1	 276	   2	   1	  12	  27	   5	  80	  20	  70	 666	865483	865759	   0	-210	
 372	 372	  70	   1	 713	   3	   1	  12	  27	   6	  80	  20	  70	 306	867350	868063	   0	-200	
 373	 373	  80	   3	 580	   1	   2	  13	  27	   6	  80	  20	  70	 494	869843	870423	   0	-200	
 374	 374	  70	   2	 562	   3	   1	  13	  27	   7	  80	  20	  70	 643	872349	872911	   0	-210	
 375	 375	  80	   3	 562	   1	   2	  14	  27	   7	  80	  20	  70	 426	874629	875191	   0	-210	
 376	 376	  70	   1	 580	   3	   1	  14	  27	   8	  80	  20	  70	 402	876883	877463	   0	-200	
 377	 377	  20	   4	 394	   2	   2	  14	  28	   8	  80	  20	  70	 402	879149	879543	   0	-200	
 378	 378	  80	   3	 394	   1	   2	  15	  28	   8	  80	  20	  70	 524	881349	881743	   0	-200	
 379	 379	  70	   1	 567	   3	   1	  15	  28	   9	  80	  20	  70	 633	883656	884223	   0	-190	
 380	 380	  80	   3	 445	   1	   2	  16	  28	   9	  80	  20	  70	 463	885962	886407	   0	-190	
 381	 381	  70	   1	 485	   3	   1	  16	  28	  10	  80	  20	  70	 458	888162	888647	   0	-180	
 382	 382	  80	   3	 506	   1	   2	  17	  28	  10	  80	  20	  70	 338	890269	890775	   0	-180	
 383	 383	  20	   4	 506	   2	   2	  17	  29	  10	  80	  20	  70	 572	892629	893135	   0	-180	
 384	 384	  80	   2	 472	   1	   1	  18	  29	  10	  80	  20	  70	 358	894775	895247	   0	-190	
 385	 385	  70	   2	 653	   3	   1	  18	  29	  11	  80	  20	  70	 670	897202	897855	   0	-200	
 386	 386	  80	   4	 399	   1	   2	  19	  29	  11	  80	  20	  70	 676	899815	900214	   0	-200	
 387	 387	  20	   4	 548	   2	   2	  19	  30	  11	  80	  20	  70	 301	901802	902350	   0	-200	
 388	 388	  70	   1	 477	   3	   1	  19	  30	  12	  80	  20	  70	 445	904081	904558	   0	-190	
 389	 389	  20	   2	 557	   2	   1	  19	  31	  12	  80	  20	  70	 440	906281	906838	   0	-200	
 390	 390	  70	   1	 621	   3	   1	  19	  31	  13	  80	  20	  70	 371	908481	909102	   0	-190	
 391	 391	  80	   3	 527	   1	   2	  20	  31	  13	  80	  20	  70	 422	910815	911342	   0	-190	
 392	 392	  70	   2	 712	   3	   1	  20	  31	  14	  80	  20	  70	 588	913214	913926	   0	-200	
 393	 393	  20	   4	 645	   2	   2	  20	  32	  14	  80	  20	  70	 314	915521	916166	   0	-200	
 394	 394	  70	   1	 576	   3	   1	  20	  32	  15	  80	  20	  70	 485	917934	918510	   0	-190	
 395	 395	  20	   3	 715	   2	   2	  20	  33	  15	  80	  20	  70	 513	920307	921022	   0	-190	
 396	 396	  70	   1	 773	   3	   1	  20	  33	  16	  80	  20	  70	 502	922801	923574	   0	-180	
 397	 397	  80	   2	 963	   1	   1	  21	  33	  16	  80	  20	  70	 371	925227	926190	   0	-190	
 398	 398	  70	   2	 830	   3	   1	  21	  33	  17	  80	  20	  70	 570	928040	928870	   0	-200	
 399	 399	  20	   4	 718	   2	   2	  21	  34	  17	  80	  20	  70	 361	930520	931238	   0	-200	
 400	 400	  80	   3	 918	   1	   2	  22	  34	  17	  80	  20	  70	 319	932840	933758	   0	-200	
 401	 401	  20	   2	 603	   2	   1	  22	  35	  17	  80	  20	  70	 305	935347	935950	   0	-210	
 402	 402	  80	   3	 587	   1	   2	  23	  35	  17	  80	  20	  70	 549	937787	938374	   0	-210	
 403	 403	  80	   1	1064	   2	   1	  23	   1	  17	  80	  80	  70	 531	940213	941277	   2	-200	
 404	 404	  80	   3	 533	   1	   2	  24	   1	  17	  80	  80	  70	 480	943040	943573	   0	-200	
 405	 405	  80	   3	 523	   2	   2	  24	   2	  17	  80	  80	  70	 482	945346	945869	   0	-200	
 406	 406	  80	   3	 469	   1	   2	  25	   2	  17	  80	  80	  70	 686	947840	948309	   0	-200	
 407	 407	  80	   1	 632	   2	   1	  25	   3	  17	  80	  80	  70	 333	949933	950565	   0	-190	
 408	 408	  80	   3	 387	   1	   2	  26	   3	  17	  80	  80	  70	 425	952266	952653	   0	-190	
 409	 409	  80	   4	 440	   2	   2	  26	   4	  17	  80	  80	  70	 558	954493	954933	   0	-190	
 410	 410	  80	   4	 579	   1	   2	  27	   4	  17	  80	  80	  70	 366	956586	957165	   0	-190	
 411	 411	  80	   3	 491	   2	   2	  27	   5	  17	  80	  80	  70	 520	958986	959477	   0	-190	
 412	 412	  80	   3	 446	   1	   2	  28	   5	  17	  80	  80	  70	 564	961319	961765	   0	-190	
 413	 413	  80	   1	 345	   2	   1	  28	   6	  17	  80	  80	  70	 565	963612	963957	   0	-180	
 414	 414	  80	   3	 521	   1	   2	  29	   6	  17	  80	  80	  70	 700	965932	966453	   0	-180	
 415	 415	  80	   3	 390	   2	   2	  29	   7	  17	  80	  80	  70	 695	968439	968829	   0	-180	
 416	 416	  80	   3	 444	   1	   2	  30	   7	  17	  80	  80	  70	 509	970625	971069	   0	-180	
 417	 417	  70	   1	 580	   3	   1	  30	   7	  18	  80	  80	  70	 635	972985	973565	   0	-170	
 418	 418	  80	   3	 409	   2	   2	  30	   8	  18	  80	  80	  70	 648	975492	975901	   0	-170	
 419	 419	  30	   2	 799	   1	   1	   1	   8	  18	  30	  80	  70	 434	977638	978437	   1	-180	
 420	 420	  80	   2	 422	   2	   1	   1	   9	  18	  30	  80	  70	 450	980158	980580	   0	-190	
 421	 421	  70	   1	 587	   3	   1	   1	   9	  19	  30	  80	  70	 314	982185	982772	   0	-180	
 422	 422	  80	   1	 475	   2	   1	   1	  10	  19	  30	  80	  70	 610	984665	985140	   0	-170	
 423	 423	  30	   3	 582	   1	   2	   2	  10	  19	  30	  80	  70	 333	986758	987340	   0	-170	
 424	 424	  70	   1	 782	   3	   1	   2	  10	  20	  30	  80	  70	 660	989278	990060	   0	-160	
 425	 425	  80	   4	 785	   2	   2	   2	  11	  20	  30	  80	  70	 630	991971	992756	   0	-160	
 426	 426	  30	   3	 686	   1	   2	   3	  11	  20	  30	  80	  70	 367	994398	995084	   0	-160	
 427	 427	  70	   1	 476	   3	   1	   3	  11	  21	  30	  80	  70	 421	996784	997260	   0	-150	
 428	 428	  80	   3	 361	   2	   2	   3	  12	  21	  30	  80	  70	 633	999171	999532	   0	-150	
 429	 429	  30	   4	 580	   1	   2	   4	  12	  21	  30	  80	  70	 649	1001464	1002044	   0	-150	
 430	 430	  70	   2	 447	   3	   1	   4	  12	  22	  30	  80	  70	 507	1003837	1004284	   0	-160	
 431	 431	  80	   1	 596	   2	   1	   4	  13	  22	  30	  80	  70	 518	1006104	1006700	   0	-150	
 432	 432	  70	   2	 594	   3	   1	   4	  13	  23	  30	  80	  70	 551	1008530	1009124	   0	-160	
 433	 433	  80	   3	 868	   2	   2	   4	  14	  23	  30	  80	  70	 302	1010704	1011572	   0	-160	
 434	 434	  70	   1	 551	   3	   1	   4	  14	  24	  30	  80	  70	 534	1013397	1013948	   0	-150	
 435	 435	  80	   1	 517	   2	   1	   4	  15	  24	  30	  80	  70	 471	1015703	1016220	   0	-140	
 436	 436	  70	   1	 521	   3	   1	   4	  15	  25	  30	  80	  70	 394	1017890	1018411	   0	-130	
 437	 437	  30	   4	 612	   1	   2	   5	  15	  25	  30	  80	  70	 442	1020143	1020755	   0	-130	
 438	 438	  70	   1	 583	   3	   1	   5	  15	  26	  30	  80	  70	 368	1022396	1022979	   0	-120	
 439	 439	  30	   4	 575	   1	   2	   6	  15	  26	  30	  80	  70	 458	1024716	1025291	   0	-120	
 440	 440	  70	   1	 505	   3	   1	   6	  15	  27	  30	  80	  70	 394	1026970	1027475	   0	-110	
 441	 441	  80	   3	 652	   2	   2	   6	  16	  27	  30	  80	  70	 488	1029263	1029915	   0	-110	
 442	 442	  70	   2	 551	   3	   1	   6	  16	  28	  30	  80	  70	 430	1031636	1032187	   0	-120	
 443	 443	  30	   1	 548	   1	   1	   7	  16	  28	  30	  80	  70	 433	1033903	1034451	   0	-110	
 444	 444	  80	   3	 626	   2	   2	   7	  17	  28	  30	  80	  70	 666	1036409	1037035	   0	-110	
 445	 445	  30	   4	 554	   1	   2	   8	  17	  28	  30	  80	  70	 639	1038969	1039523	   0	-110	
 446	 446	  80	   2	 637	   2	   1	   8	  18	  28	  30	  80	  70	 381	1041182	1041819	   0	-120	
 447	 447	  30	   2	 655	   1	   1	   9	  18	  28	  30	  80	  70	 338	1043436	1044091	   0	-130	
 448	 448	  80	   3	 725	   2	   2	   9	  19	  28	  30	  80	  70	 561	1045942	1046667	   0	-130	
 449	 449	  30	   4	 568	   1	   2	  10	  19	  28	  30	  80	  70	 531	1048475	1049043	   0	-130	
 450	 450	  70	   1	 541	   3	   1	  10	  19	  29	  30	  80	  70	 623	1050942	1051483	   0	-120	
 451	 451	  30	   3	 754	   1	   2	  11	  19	  29	  30	  80	  70	 458	1053249	1054003	   0	-120	
 452	 452	  80	   3	 693	   2	   2	  11	  20	  29	  30	  80	  70	 420	1055702	1056395	   0	-120	
 453	 453	  70	   1	 492	   3	   1	  11	  20	  30	  30	  80	  70	 383	1058062	1058554	   0	-110	
 454	 454	  80	   1	 362	   2	   1	  11	  21	  30	  30	  80	  70	 680	1060528	1060890	   0	-100	
 455	 455	  30	   4	 421	   1	   2	  12	  21	  30	  30	  80	  70	 640	1062821	1063242	   0	-100	
 456	 456	  80	   3	 370	   2	   2	  12	  22	  30	  30	  80	  70	 532	1065048	1065418	   0	-100	
 457	 457	  70	   1	 583	   3	   1	  12	  22	  31	  30	  80	  70	 502	1067195	1067778	   0	 -90	
 458	 458	  30	   4	 543	   1	   2	  13	  22	  31	  30	  80	  70	 581	1069635	1070178	   0	 -90	
 459	 459	  70	   1	 562	   3	   1	  13	  22	  32	  30	  80	  70	 672	1072128	1072690	   0	 -80	
 460	 460	  30	   3	 616	   1	   2	  14	  22	  32	  30	  80	  70	 693	1074674	1075290	   0	 -80	
 461	 461	  80	   1	 552	   2	   1	  14	  23	  32	  30	  80	  70	 411	1076994	1077546	   0	 -70	
 462	 462	  70	   1	 419	   3	   1	  14	  23	  33	  30	  80	  70	 425	1079247	1079666	   0	 -60	
 463	 463	  30	   2	 472	   1	   1	  15	  23	  33	  30	  80	  70	 448	1081394	1081866	   0	 -70	
 464	 464	  80	   3	 675	   2	   2	  15	  24	  33	  30	  80	  70	 305	1083447	1084122	   0	 -70	
 465	 465	  30	   4	 520	   1	   2	  16	  24	  33	  30	  80	  70	 556	1085954	1086474	   0	 -70	
 466	 466	  70	   2	 520	   3	   1	  16	  24	  34	  30	  80	  70	 666	1088434	1088954	   0	 -80	
 467	 467	  80	   2	 699	   2	   1	  16	  25	  34	  30	  80	  70	 642	1090887	1091586	   0	 -90	
 468	 468	  70	   1	 438	   3	   1	  16	  25	  35	  30	  80	  70	 513	1093380	1093818	   0	 -80	
 469	 469	  30	   3	 713	   1	   2	  17	  25	  35	  30	  80	  70	 336	1095433	1096146	   0	 -80	
 470	 470	  80	   3	 669	   2	   2	  17	  26	  35	  30	  80	  70	 427	1097860	1098529	   0	 -80	
 471	 471	  30	   4	 605	   1	   2	  18	  26	  35	  30	  80	  70	 514	1100340	1100945	   0	 -80	
 472	 472	  50	   2	 784	   3	   1	  18	  26	   1	  30	  80	  50	 453	1102713	1103497	   3	 -90	
 473	 473	  30	   4	 728	   1	   2	  19	  26	   1	  30	  80	  50	 497	1105273	1106001	   0	 -90	
 474	 474	  80	   1	 576	   2	   1	  19	  27	   1	  30	  80	  50	 507	1107793	1108369	   0	 -80	
 475	 475	  30	   2	 672	   1	   1	  20	  27	   1	  30	  80	  50	 700	1110353	1111025	   0	 -90	
 476	 476	  50	   1	 424	   3	   1	  20	  27	   2	  30	  80	  50	 572	1112873	1113297	   0	 -80	
 477	 477	  80	   3	 571	   2	   2	  20	  28	   2	  30	  80	  50	 358	1114926	1115497	   0	 -80	
 478	 478	  50	   2	 779	   3	   1	  20	  28	   3	  30	  80	  50	 358	1117126	1117905	   0	 -90	
 479	 479	  80	   2	 830	   2	   1	  20	  29	   3	  30	  80	  50	 627	1119819	1120649	   0	-100	
 480	 480	  30	   4	 630	   1	   2	  21	  29	   3	  30	  80	  50	 439	1122379	1123009	   0	-100	
 481	 481	  50	   2	 713	   3	   1	  21	  29	   4	  30	  80	  50	 598	1124912	1125625	   0	-110	
 482	 482	  80	   3	 748	   2	   2	  21	  30	   4	  30	  80	  50	 539	1127445	1128193	   0	-110	
 483	 483	  50	   3	 614	   3	   2	  21	  30	   5	  30	  80	  50	 457	1129939	1130553	   0	-110	
 484	 484	  20	   1	 569	   2	   1	  21	   1	   5	  30	  20	  50	 333	1132192	1132761	   2	-100	
 485	 485	  30	   3	 529	   1	   2	  22	   1	   5	  30	  20	  50	 391	1134432	1134961	   0	-100	
 486	 486	  20	   2	 931	   2	   1	  22	   2	   5	  30	  20	  50	 444	1136685	1137616	   0	-110	
 487	 487	  50	   1	 694	   3	   1	  22	   2	   6	  30	  20	  50	 360	1139258	1139952	   0	-100	
 488	 488	  20	   2	 273	   2	   1	  22	   3	   6	  30	  20	  50	 386	1141631	1141904	   0	-110	
 489	 489	  30	   3	 422	   1	   2	  23	   3	   6	  30	  20	  50	 355	1143538	1143960	   0	-110	
 490	 490	  50	   1	 598	   3	   1	  23	   3	   7	  30	  20	  50	 416	1145658	1146256	   0	-100	
 491	 491	  30	   2	 385	   1	   1	  24	   3	   7	  30	  20	  50	 473	1148031	1148416	   0	-110	
 492	 492	  50	   1	 185	   3	   1	  24	   3	   8	  30	  20	  50	 381	1150071	1150256	   0	-100	
 493	 493	  20	   3	 292	   2	   2	  24	   4	   8	  30	  20	  50	 666	1152204	1152496	   0	-100	
 494	 494	  50	   4	 593	   3	   2	  24	   4	   9	  30	  20	  50	 533	1154311	1154904	   0	-100	
 495	 495	  30	   2	 348	   1	   1	  25	   4	   9	  30	  20	  50	 340	1156524	1156872	   0	-110	
 496	 496	  20	   4	 452	   2	   2	  25	   5	   9	  30	  20	  50	 404	1158564	1159016	   0	-110	
 497	 497	  50	   4	 375	   3	   2	  25	   5	  10	  30	  20	  50	 651	1160937	1161312	   0	-110	
 498	 498	  30	   4	 367	   1	   2	  26	   5	  10	  30	  20	  50	 422	1163017	1163384	   0	-110	
 499	 499	  50	   1	 418	   3	   1	  26	   5	  11	  30	  20	  50	 647	1165310	1165728	   0	-100	
 500	 500	  30	   2	 410	   1	   1	  27	   5	  11	  30	  20	  50	 502	1167510	1167920	   0	-110	
 501	 501	  50	   2	 511	   3	   1	  27	   5	  12	  30	  20	  50	 389	1169617	1170128	   0	-120	
 502	 502	  20	   2	 730	   2	   1	  27	   6	  12	  30	  20	  50	 379	1171790	1172520	   0	-130	
 503	 503	  30	   3	 530	   1	   2	  28	   6	  12	  30	  20	  50	 428	1174230	1174760	   0	-130	
 504	 504	  50	   1	 487	   3	   1	  28	   6	  13	  30	  20	  50	 500	1176537	1177024	   0	-120	
 505	 505	  30	   4	 377	   1	   2	  29	   6	  13	  30	  20	  50	 685	1178990	1179367	   0	-120	
 506	 506	  20	   2	 657	   2	   1	  29	   7	  13	  30	  20	  50	 460	1181110	1181767	   0	-130	
 507	 507	  50	   1	 639	   3	   1	  29	   7	  14	  30	  20	  50	 490	1183536	1184175	   0	-120	
 508	 508	  20	   4	 372	   2	   2	  29	   8	  14	  30	  20	  50	 620	1186083	1186455	   0	-120	
 509	 509	  50	   4	 119	   3	   2	  29	   8	  15	  30	  20	  50	 628	1188376	1188495	   0	-120	
 510	 510	  30	   4	 180	   1	   2	  30	   8	  15	  30	  20	  50	 579	1190363	1190543	   0	-120	
 511	 511	  50	   2	 188	   3	   1	  30	   8	  16	  30	  20	  50	 588	1192443	1192631	   0	-130	
 512	 512	  30	   2	  39	   1	   1	  31	   8	  16	  30	  20	  50	 377	1194296	1194335	   0	-140	
 513	 513	  20	   2	 439	   2	   1	  31	   9	  16	  30	  20	  50	 434	1195616	1196055	   0	-150	
 514	 514	  30	   4	  55	   1	   2	  32	   9	  16	  30	  20	  50	 638	1197976	1198031	   0	-150	
 515	 515	  50	   1	  90	   3	   1	  32	   9	  17	  30	  20	  50	 635	1199949	1200039	   0	-140	
 516	 516	  30	   2	 474	   1	   1	  33	   9	  17	  30	  20	  50	 470	1201309	1201783	   0	-150	
 517	 517	  20	   2	  45	   2	   1	  33	  10	  17	  30	  20	  50	 377	1203442	1203487	   0	-160	
 518	 518	  50	   4	 160	   3	   2	  33	  10	  18	  30	  20	  50	 489	1205255	1205415	   0	-160	
 519	 519	  20	   4	  80	   2	   2	  33	  11	  18	  30	  20	  50	 358	1207055	1207135	   0	-160	
 520	 520	  80	   2	 189	   1	   1	   1	  11	  18	  80	  20	  50	 427	1208882	1209071	   1	-170	
 521	 521	  20	   4	 192	   2	   2	   1	  12	  18	  80	  20	  50	 515	1210895	1211087	   0	-170	
 522	 522	  50	   3	 163	   3	   2	   1	  12	  19	  80	  20	  50	 425	1212788	1212951	   0	-170	
 523	 523	  80	   1	 732	   1	   1	   2	  12	  19	  80	  20	  50	 684	1214922	1215654	   0	-160	
 524	 524	  50	   4	 570	   3	   2	   2	  12	  20	  80	  20	  50	 645	1217588	1218158	   0	-160	
 525	 525	  80	   1	 472	   1	   1	   3	  12	  20	  80	  20	  50	 375	1219815	1220287	   0	-150	
 526	 526	  50	   2	 466	   3	   1	   3	  12	  21	  80	  20	  50	 334	1221908	1222374	   0	-160	
 527	 527	  80	   2	 319	   1	   1	   4	  12	  21	  80	  20	  50	 358	1224015	1224334	   0	-170	
 528	 528	  50	   4	 314	   3	   2	   4	  12	  22	  80	  20	  50	 483	1226108	1226422	   0	-170	
 529	 529	  80	   1	 237	   1	   1	   5	  12	  22	  80	  20	  50	 335	1228041	1228278	   0	-160	
 530	 530	  50	   3	 277	   3	   2	   5	  12	  23	  80	  20	  50	 528	1230081	1230358	   0	-160	
 531	 531	  80	   1	 386	   1	   1	   6	  12	  23	  80	  20	  50	 687	1232348	1232734	   0	-150	
 532	 532	  50	   1	 437	   3	   1	   6	  12	  24	  80	  20	  50	 659	1234681	1235118	   0	-140	
 533	 533	  80	   1	 411	   1	   1	   7	  12	  24	  80	  20	  50	 634	1237027	1237438	   0	-130	
 534	 534	  20	   4	 253	   2	   2	   7	  13	  24	  80	  20	  50	 447	1239161	1239414	   0	-130	
 535	 535	  50	   3	 365	   3	   2	   7	  13	  25	  80	  20	  50	 422	1241121	1241486	   0	-130	
 536	 536	  20	   1	 472	   2	   1	   7	  14	  25	  80	  20	  50	 365	1243134	1243606	   0	-120	
 537	 537	  80	   1	 334	   1	   1	   8	  14	  25	  80	  20	  50	 397	1245280	1245614	   0	-110	
 538	 538	  50	   1	 347	   3	   1	   8	  14	  26	  80	  20	  50	 449	1247347	1247694	   0	-100	
 539	 539	  20	   2	 867	   2	   1	   8	  15	  26	  80	  20	  50	 525	1249507	1250374	   0	-110	
 540	 540	  50	   4	 401	   3	   2	   8	  15	  27	  80	  20	  50	 666	1252333	1252734	   0	-110	
 541	 541	  20	   1	 707	   2	   1	   8	  16	  27	  80	  20	  50	 418	1254467	1255174	   0	-100	
 542	 542	  50	   4	 379	   3	   2	   8	  16	  28	  80	  20	  50	 570	1257027	1257406	   0	-100	
 543	 543	  20	   2	 776	   2	   1	   8	  17	  28	  80	  20	  50	 564	1259253	1260029	   0	-110	
 544	 544	  80	   1	 573	   1	   1	   9	  17	  28	  80	  20	  50	 405	1261720	1262293	   0	-100	
 545	 545	  20	   2	 632	   2	   1	   9	  18	  28	  80	  20	  50	 670	1264253	1264885	   0	-110	
 546	 546	  50	   3	 453	   3	   2	   9	  18	  29	  80	  20	  50	 633	1266800	1267253	   0	-110	
 547	 547	  20	   2	 536	   2	   1	   9	  19	  29	  80	  20	  50	 474	1269013	1269549	   0	-120	
 548	 548	  80	   1	 414	   1	   1	  10	  19	  29	  80	  20	  50	 480	1271319	1271733	   0	-110	
 549	 549	  50	   2	 360	   3	   1	  10	  19	  30	  80	  20	  50	 552	1273573	1273933	   0	-120	
 550	 550	  20	   2	 102	   2	   1	  10	  20	  30	  80	  20	  50	 417	1275639	1275741	   0	-130	
 551	 551	  80	   3	 129	   1	   2	  11	  20	  30	  80	  20	  50	 644	1277692	1277821	   0	-130	
 552	 552	  20	   4	 179	   2	   2	  11	  21	  30	  80	  20	  50	 532	1279626	1279805	   0	-130	
 553	 553	  80	   1	  75	   1	   1	  12	  21	  30	  80	  20	  50	 541	1281626	1281701	   0	-120	
 554	 554	  50	   1	 170	   3	   1	  12	  21	  31	  80	  20	  50	 319	1283291	1283461	   0	-110	
 555	 555	  20	   1	  28	   2	   1	  12	  22	  31	  80	  20	  50	 690	1285425	1285453	   0	-100	
 556	 556	  50	   2	 108	   3	   1	  12	  22	  32	  80	  20	  50	 405	1287145	1287253	   0	-110	
 557	 557	  80	   1	 425	   1	   1	  13	  22	  32	  80	  20	  50	 556	1289092	1289517	   0	-100	
 558	 558	  50	   2	 710	   3	   1	  13	  22	  33	  80	  20	  50	 401	1291199	1291909	   0	-110	
 559	 559	  80	   2	 351	   1	   1	  14	  22	  33	  80	  20	  50	 569	1293758	1294109	   0	-120	
 560	 560	  30	   4	 623	   3	   2	  14	  22	   1	  80	  20	  30	 384	1295798	1296421	   3	-120	
 561	 561	  80	   1	 376	   1	   1	  15	  22	   1	  80	  20	  30	 606	1298332	1298708	   0	-110	
 562	 562	  20	   2	 582	   2	   1	  15	  23	   1	  80	  20	  30	 409	1300398	1300980	   0	-120	
 563	 563	  30	   2	 417	   3	   1	  15	  23	   2	  80	  20	  30	 476	1302731	1303148	   0	-130	
 564	 564	  20	   2	 438	   2	   1	  15	  24	   2	  80	  20	  30	 565	1304998	1305436	   0	-140	
 565	 565	  80	   2	 430	   1	   1	  16	  24	   2	  80	  20	  30	 366	1307078	1307508	   0	-150	
 566	 566	  20	   2	 655	   2	   1	  16	  25	   2	  80	  20	  30	 532	1309317	1309972	   0	-160	
 567	 567	  80	   3	 244	   1	   2	  17	  25	   2	  80	  20	  30	 529	1311784	1312028	   0	-160	
 568	 568	  30	   4	  49	   3	   2	  17	  25	   3	  80	  20	  30	 416	1313731	1313780	   0	-160	
 569	 569	  20	   2	  68	   2	   1	  17	  26	   3	  80	  20	  30	 445	1315504	1315572	   0	-170	
 570	 570	  80	   3	  65	   1	   2	  18	  26	   3	  80	  20	  30	 597	1317451	1317516	   0	-170	
 571	 571	  20	   4	  73	   2	   2	  18	  27	   3	  80	  20	  30	 436	1319251	1319324	   0	-170	
 572	 572	  80	   1	 116	   1	   1	  19	  27	   3	  80	  20	  30	 418	1321024	1321140	   0	-160	
 573	 573	  30	   2	 183	   3	   1	  19	  27	   4	  80	  20	  30	 499	1322917	1323100	   0	-170	
 574	 574	  20	   3	 148	   2	   2	  19	  28	   4	  80	  20	  30	 486	1324864	1325012	   0	-170	
 575	 575	  30	   1	 530	   3	   1	  19	  28	   5	  80	  20	  30	 521	1326290	1326820	   0	-160	
 576	 576	  20	   2	 228	   2	   1	  19	  29	   5	  80	  20	  30	 362	1328464	1328692	   0	-170	
 577	 577	  80	   1	 170	   1	   1	  20	  29	   5	  80	  20	  30	 509	1330490	1330660	   0	-160	
 578	 578	  20	   2	 103	   2	   1	  20	  30	   5	  80	  20	  30	 584	1332517	1332620	   0	-170	
 579	 579	  30	   4	 615	   3	   2	  20	  30	   6	  80	  20	  30	 664	1334557	1335172	   0	-170	
 580	 580	  20	   2	 445	   2	   1	  20	  31	   6	  80	  20	  30	 402	1336863	1337308	   0	-180	
 581	 581	  80	   1	 341	   1	   1	  21	  31	   6	  80	  20	  30	 531	1339143	1339484	   0	-170	
 582	 582	  20	   2	 327	   2	   1	  21	  32	   6	  80	  20	  30	 472	1341236	1341563	   0	-180	
 583	 583	  30	   3	 215	   3	   2	  21	  32	   7	  80	  20	  30	 318	1343156	1343371	   0	-180	
 584	 584	  20	   2	 385	   2	   1	  21	  33	   7	  80	  20	  30	 638	1345290	1345675	   0	-190	
 585	 585	  30	   2	 343	   3	   1	  21	  33	   8	  80	  20	  30	 307	1347276	1347619	   0	-200	
 586	 586	  80	   2	 426	   1	   1	  22	  33	   8	  80	  20	  30	 307	1349209	1349635	   0	-210	
 587	 587	  30	   4	  24	   3	   2	  22	  33	   9	  80	  20	  30	 479	1351395	1351419	   0	-210	
 588	 588	  80	   3	  90	   1	   2	  23	  33	   9	  80	  20	  30	 310	1353009	1353099	   0	-210	
 589	 589	  20	   2	 162	   2	   1	  23	  34	   9	  80	  20	  30	 549	1354929	1355091	   0	-220	
 590	 590	  30	   3	  93	   3	   2	  23	  34	  10	  80	  20	  30	 331	1356702	1356795	   0	-220	
 591	 591	  80	   1	  82	   1	   1	  24	  34	  10	  80	  20	  30	 421	1358529	1358611	   0	-210	
 592	 592	  20	   4	  42	   2	   2	  24	  35	  10	  80	  20	  30	 357	1360249	1360291	   0	-210	
 593	 593	  80	   1	 170	   1	   1	  25	  35	  10	  80	  20	  30	 437	1362009	1362179	   0	-200	
 594	 594	  70	   1	 229	   2	   1	  25	   1	  10	  80	  70	  30	 624	1364102	1364331	   2	-190	
 595	 595	  80	   1	 136	   1	   1	  26	   1	  10	  80	  70	  30	 302	1365915	1366051	   0	-180	
 596	 596	  30	   4	  10	   3	   2	  26	   1	  11	  80	  70	  30	 306	1367649	1367659	   0	-180	
 597	 597	  80	   3	  56	   1	   2	  27	   1	  11	  80	  70	  30	 375	1369315	1369371	   0	-180	
 598	 598	  70	   3	  40	   2	   2	  27	   2	  11	  80	  70	  30	 614	1371275	1371315	   0	-180	
 599	 599	  80	   4	 407	   1	   2	  28	   2	  11	  80	  70	  30	 407	1372595	1373002	   0	-180	
 600	 600	  30	   4	  83	   3	   2	  28	   2	  12	  80	  70	  30	 368	1374648	1374731	   0	-180	
 601	 601	  80	   3	  52	   1	   2	  29	   2	  12	  80	  70	  30	 498	1376542	1376594	   0	-180	
 602	 602	  70	   3	 152	   2	   2	  29	   3	  12	  80	  70	  30	 637	1378515	1378667	   0	-180	
 603	 603	  30	   4	 509	   3	   2	  29	   3	  13	  80	  70	  30	 395	1380341	1380850	   0	-180	
 604	 604	  70	   1	 594	   2	   1	  29	   4	  13	  80	  70	  30	 396	1382528	1383122	   0	-170	
 605	 605	  30	   2	 578	   3	   1	  29	   4	  14	  80	  70	  30	 362	1384768	1385346	   0	-180	
 606	 606	  70	   2	 336	   2	   1	  29	   5	  14	  80	  70	  30	 327	1386954	1387290	   0	-190	
 607	 607	  30	   1	 418	   3	   1	  29	   5	  15	  80	  70	  30	 675	1389248	1389666	   0	-180	
 608	 608	  70	   1	 354	   2	   1	  29	   6	  15	  80	  70	  30	 656	1391608	1391962	   0	-170	
 609	 609	  30	   4	 360	   3	   2	  29	   6	  16	  80	  70	  30	 476	1393714	1394074	   0	-170	
 610	 610	  80	   1	 411	   1	   1	  30	   6	  16	  80	  70	  30	 443	1395807	1396218	   0	-160	
 611	 611	  70	   2	 376	   2	   1	  30	   7	  16	  80	  70	  30	 547	1398074	1398450	   0	-170	
 612	 612	  30	   4	 347	   3	   2	  30	   7	  17	  80	  70	  30	 629	1400367	1400714	   0	-170	
 613	 613	  70	   1	 454	   2	   1	  30	   8	  17	  80	  70	  30	 499	1402500	1402954	   0	-160	
 614	 614	  50	   2	 355	   1	   1	   1	   8	  17	  50	  70	  30	 536	1404807	1405162	   1	-170	
 615	 615	  70	   3	 286	   2	   2	   1	   9	  17	  50	  70	  30	 695	1407140	1407426	   0	-170	
 616	 616	  30	   2	 664	   3	   1	   1	   9	  18	  50	  70	  30	 331	1409034	1409698	   0	-180	
 617	 617	  50	   4	  27	   1	   2	   2	   9	  18	  50	  70	  30	 629	1411607	1411634	   0	-180	
 618	 618	  30	   3	 150	   3	   2	   2	   9	  19	  50	  70	  30	 544	1413460	1413610	   0	-180	
 619	 619	  70	   4	  73	   2	   2	   2	  10	  19	  50	  70	  30	 618	1415513	1415586	   0	-180	
 620	 620	  30	   3	 162	   3	   2	   2	  10	  20	  50	  70	  30	 461	1417327	1417489	   0	-180	
 621	 621	  70	   3	 520	   2	   2	   2	  11	  20	  50	  70	  30	 666	1419473	1419993	   0	-180	
 622	 622	  50	   4	  40	   1	   2	   3	  11	  20	  50	  70	  30	 432	1421713	1421753	   0	-180	
 623	 623	  70	   3	 245	   2	   2	   3	  12	  20	  50	  70	  30	 339	1423380	1423625	   0	-180	
 624	 624	  50	   1	  86	   1	   1	   4	  12	  20	  50	  70	  30	 515	1425419	1425505	   0	-170	
 625	 625	  30	   1	  27	   3	   1	   4	  12	  21	  50	  70	  30	 416	1427206	1427233	   0	-160	
 626	 626	  70	   1	 566	   2	   1	   4	  13	  21	  50	  70	  30	 693	1429219	1429785	   0	-150	
 627	 627	  50	   3	 590	   1	   2	   5	  13	  21	  50	  70	  30	 558	1431619	1432209	   0	-150	
 628	 628	  30	   4	 563	   3	   2	   5	  13	  22	  50	  70	  30	 468	1433966	1434529	   0	-150	
 629	 629	  50	   4	 801	   1	   2	   6	  13	  22	  50	  70	  30	 342	1436152	1436953	   0	-150	
 630	 630	  70	   1	 470	   2	   1	   6	  14	  22	  50	  70	  30	 454	1438699	1439169	   0	-140	
 631	 631	  30	   2	 438	   3	   1	   6	  14	  23	  50	  70	  30	 534	1441019	1441457	   0	-150	
 632	 632	  50	   3	 313	   1	   2	   7	  14	  23	  50	  70	  30	 417	1443152	1443465	   0	-150	
 633	 633	  70	   2	 318	   2	   1	   7	  15	  23	  50	  70	  30	 548	1445299	1445617	   0	-160	
 634	 634	  30	   2	  52	   3	   1	   7	  15	  24	  50	  70	  30	 434	1447325	1447377	   0	-170	
 635	 635	  50	   1	  62	   1	   1	   8	  15	  24	  50	  70	  30	 325	1448979	1449041	   0	-160	
 636	 636	  30	   4	  28	   3	   2	   8	  15	  25	  50	  70	  30	 482	1450805	1450833	   0	-160	
 637	 637	  50	   1	 127	   1	   1	   9	  15	  25	  50	  70	  30	 301	1452418	1452545	   0	-150	
 638	 638	  30	   4	  73	   3	   2	   9	  15	  26	  50	  70	  30	 525	1454352	1454425	   0	-150	
 639	 639	  70	   1	 143	   2	   1	   9	  16	  26	  50	  70	  30	 672	1456378	1456521	   0	-140	
 640	 640	  50	   2	  83	   1	   1	  10	  16	  26	  50	  70	  30	 367	1458165	1458248	   0	-150	
 641	 641	  70	   1	  67	   2	   1	  10	  17	  26	  50	  70	  30	 585	1460245	1460312	   0	-140	
 642	 642	  30	   1	  41	   3	   1	  10	  17	  27	  50	  70	  30	 316	1461911	1461952	   0	-130	
 643	 643	  50	   1	 606	   1	   1	  11	  17	  27	  50	  70	  30	 414	1463658	1464264	   0	-120	
 644	 644	  70	   1	  68	   2	   1	  11	  18	  27	  50	  70	  30	 662	1466204	1466272	   0	-110	
 645	 645	  30	   2	 113	   3	   1	  11	  18	  28	  50	  70	  30	 435	1467991	1468104	   0	-120	
 646	 646	  70	   2	 100	   2	   1	  11	  19	  28	  50	  70	  30	 504	1469884	1469984	   0	-130	
 647	 647	  50	   2	 100	   1	   1	  12	  19	  28	  50	  70	  30	 501	1471764	1471864	   0	-140	
 648	 648	  30	   2	  36	   3	   1	  12	  19	  29	  50	  70	  30	 464	1473604	1473640	   0	-150	
 649	 649	  50	   4	  25	   1	   2	  13	  19	  29	  50	  70	  30	 671	1475591	1475616	   0	-150	
 650	 650	  30	   1	  76	   3	   1	  13	  19	  30	  50	  70	  30	 589	1477484	1477560	   0	-140	
 651	 651	  70	   2	  41	   2	   1	  13	  20	  30	  50	  70	  30	 451	1479311	1479352	   0	-150	
 652	 652	  30	   4	  76	   3	   2	  13	  20	   1	  50	  70	  30	 411	1481044	1481120	   0	-150	
 653	 653	  50	   1	 140	   1	   1	  14	  20	   1	  50	  70	  30	 610	1483004	1483144	   0	-140	
 654	 654	  70	   4	 255	   2	   2	  14	  21	   1	  50	  70	  30	 595	1485017	1485272	   0	-140	
 655	 655	  50	   1	   2	   1	   1	  15	  21	   1	  50	  70	  30	 350	1486910	1486912	   0	-130	
 656	 656	  70	   3	 266	   2	   2	  15	  22	   1	  50	  70	  30	 313	1488510	1488776	   0	-130	
 657	 657	  30	   4	 298	   3	   2	  15	  22	   2	  50	  70	  30	 465	1490510	1490808	   0	-130	
 658	 658	  50	   2	 338	   1	   1	  16	  22	   2	  50	  70	  30	 622	1492710	1493048	   0	-140	
 659	 659	  30	   2	 431	   3	   1	  16	  22	   3	  50	  70	  30	 407	1494737	1495168	   0	-150	
 660	 660	  70	   1	 576	   2	   1	  16	  23	   3	  50	  70	  30	 365	1496816	1497392	   0	-140	
 661	 661	  30	   4	 429	   3	   2	  16	  23	   4	  50	  70	  30	 301	1499003	1499432	   0	-140	
 662	 662	  70	   1	 484	   2	   1	  16	  24	   4	  50	  70	  30	 447	1501163	1501647	   0	-130	
 663	 663	  30	   3	 412	   3	   2	  16	  24	   5	  50	  70	  30	 318	1503243	1503655	   0	-130	
 664	 664	  70	   1	 242	   2	   1	  16	  25	   5	  50	  70	  30	 611	1505549	1505791	   0	-120	
 665	 665	  50	   1	 164	   1	   1	  17	  25	   5	  50	  70	  30	 371	1507443	1507607	   0	-110	
 666	 666	  30	   4	 408	   3	   2	  17	  25	   6	  50	  70	  30	 492	1509375	1509783	   0	-110	
 667	 667	  70	   1	 490	   2	   1	  17	  26	   6	  50	  70	  30	 531	1511589	1512079	   0	-100	
 668	 668	  30	   1	 413	   3	   1	  17	  26	   7	  50	  70	  30	 639	1514002	1514415	   0	 -90	
 669	 669	  50	   2	 111	   1	   1	  18	  26	   7	  50	  70	  30	 555	1516256	1516367	   0	-100	
 670	 670	  70	   2	 330	   2	   1	  18	  27	   7	  50	  70	  30	 384	1518029	1518359	   0	-110	
 671	 671	  50	   3	 106	   1	   2	  19	  27	   7	  50	  70	  30	 560	1520229	1520335	   0	-110	
 672	 672	  30	   2	 472	   3	   1	  19	  27	   8	  50	  70	  30	 468	1522095	1522567	   0	-120	
 673	 673	  70	   1	 458	   2	   1	  19	  28	   8	  50	  70	  30	 462	1524309	1524767	   0	-110	
 674	 674	  30	   4	 360	   3	   2	  19	  28	   9	  50	  70	  30	 566	1526615	1526975	   0	-110	
 675	 675	  50	   2	 301	   1	   1	  20	  28	   9	  50	  70	  30	 342	1528602	1528903	   0	-120	
 676	 676	  70	   1	 275	   2	   1	  20	  29	   9	  50	  70	  30	 328	1530508	1530783	   0	-110	
 677	 677	  30	   3	 432	   3	   2	  20	  29	  10	  50	  70	  30	 429	1532495	1532927	   0	-110	
 678	 678	  50	   3	 253	   1	   2	  21	  29	  10	  50	  70	  30	 466	1534682	1534935	   0	-110	
 679	 679	  70	   2	 360	   2	   1	  21	  30	  10	  50	  70	  30	 353	1536575	1536935	   0	-120	
 680	 680	  50	   1	  42	   1	   1	  22	  30	  10	  50	  70	  30	 524	1538748	1538790	   0	-110	
 681	 681	  30	   2	 471	   3	   1	  22	  30	  11	  50	  70	  30	 548	1540655	1541126	   0	-120	
 682	 682	  50	   1	 135	   1	   1	  23	  30	  11	  50	  70	  30	 481	1542895	1543030	   0	-110	
 683	 683	  30	   4	 453	   3	   2	  23	  30	  12	  50	  70	  30	 403	1544721	1545174	   0	-110	
 684	 684	  50	   2	 794	   1	   1	  24	  30	  12	  50	  70	  30	 326	1546788	1547582	   0	-120	
 685	 685	  70	   1	 154	   2	   1	  24	  31	  12	  50	  70	  30	 440	1549308	1549462	   0	-110	
 686	 686	  50	   4	 368	   1	   2	  25	  31	  12	  50	  70	  30	 315	1551054	1551422	   0	-110	
 687	 687	  70	   3	   5	   2	   2	  25	  32	  12	  50	  70	  30	 653	1553361	1553366	   0	-110	
 688	 688	  50	   4	 291	   1	   2	  26	  32	  12	  50	  70	  30	 618	1555267	1555558	   0	-110	
 689	 689	  30	   2	 328	   3	   1	  26	  32	  13	  50	  70	  30	 382	1557214	1557542	   0	-120	
 690	 690	  50	   2	 344	   1	   1	  27	  32	  13	  50	  70	  30	 394	1559214	1559558	   0	-130	
 691	 691	  30	   2	 168	   3	   1	  27	  32	  14	  50	  70	  30	 356	1561214	1561382	   0	-140	
 692	 692	  70	   1	  40	   2	   1	  27	  33	  14	  50	  70	  30	 553	1563214	1563254	   0	-130	
 693	 693	  30	   3	  24	   3	   2	  27	  33	  15	  50	  70	  30	 357	1564894	1564918	   0	-130	
 694	 694	  50	   1	 246	   1	   1	  28	  33	  15	  50	  70	  30	 401	1566600	1566846	   0	-120	
 695	 695	  70	   4	 195	   2	   2	  28	  34	  15	  50	  70	  30	 464	1568587	1568782	   0	-120	
 696	 696	  30	   4	 345	   3	   2	  28	  34	  16	  50	  70	  30	 387	1570453	1570798	   0	-120	
 697	 697	  50	   4	  35	   1	   2	  29	  34	  16	  50	  70	  30	 471	1572547	1572582	   0	-120	
 698	 698	  30	   2	  51	   3	   1	  29	  34	  17	  50	  70	  30	 399	1574267	1574318	   0	-130	
 699	 699	  50	   1	   0	   1	   1	  30	  34	  17	  50	  70	  30	 375	1575973	1575973	   0	-120	
 700	 700	  30	   2	 275	   3	   1	  30	  34	  18	  50	  70	  30	 491	1577746	1578021	   0	-130	
 701	 701	  70	   1	  35	   2	   1	  30	  35	  18	  50	  70	  30	 614	1579946	1579981	   0	-120	
 702	 702	  30	   3	 128	   3	   2	  30	  35	  19	  50	  70	  30	 635	1581893	1582021	   0	-120	
 703	 703	  50	   2	 195	   1	   1	  31	  35	  19	  50	  70	  30	 525	1583826	1584021	   0	-130	
 704	 704	  30	   1	 198	   3	   1	  31	  35	  20	  50	  70	  30	 623	1585919	1586117	   0	-120	
 705	 705	  50	   2	 307	   1	   1	  32	  35	  20	  50	  70	  30	 595	1587986	1588293	   0	-130	
 706	 706	  70	   3	 200	   2	   2	  32	   1	  20	  50	  70	  30	 476	1590053	1590253	   0	-130	
 707	 707	  50	   3	 182	   1	   2	  33	   1	  20	  50	  70	  30	 658	1592199	1592381	   0	-130	
 708	 708	  30	   1	 406	   3	   1	  33	   1	  21	  50	  70	  30	 385	1594039	1594445	   0	-120	
 709	 709	  50	   4	 505	   1	   2	   1	   1	  21	  50	  70	  30	 443	1596172	1596677	   0	-120	
