Version: 1	Number of symbols: 3	Pictures exchange: true	Response Deadline: 2000
Trial_No	Virt_Trial_No	Prob_Shown	Feedback	RT	Stimulus_No	Resp	SymbolA_Stage	SymbolB_Stage	SymbolC_Stage	Prob_A	Prob_B	Prob_C	Jitter	StimOnset	RespOnset	Symbol_Changes	Bonus_sum
NaN	   1	  30	NaN	NaN	   1	   3	   0	   0	   0	  30	  70	  50	 499	   0	NaN	   0	   0	
   1	   2	  50	   2	 446	   3	   1	   0	   0	   1	  30	  70	  50	 546	5490	5936	   0	 -10	
   2	   3	  30	   4	 360	   1	   2	   1	   0	   1	  30	  70	  50	 554	7784	8144	   0	 -10	
   3	   4	  50	   3	 393	   3	   2	   1	   0	   2	  30	  70	  50	 418	9863	10256	   0	 -10	
   4	   5	  70	   3	 918	   2	   2	   1	   1	   2	  30	  70	  50	 479	12025	12943	   0	 -10	
   5	   6	  30	   4	 611	   1	   2	   2	   1	   2	  30	  70	  50	 385	14636	15247	   0	 -10	
   6	   7	  50	   4	 746	   3	   2	   2	   1	   3	  30	  70	  50	 449	16997	17743	   0	 -10	
   7	   8	  70	   3	 878	   2	   2	   2	   2	   3	  30	  70	  50	 380	19409	20287	   0	 -10	
   8	   9	  50	   4	 804	   3	   2	   2	   2	   4	  30	  70	  50	 630	22203	23007	   0	 -10	
   9	  10	  30	   4	 454	   1	   2	   3	   2	   4	  30	  70	  50	 389	24697	25151	   0	 -10	
  10	  11	  50	   3	 453	   3	   2	   3	   2	   5	  30	  70	  50	 395	26842	27295	   0	 -10	
  11	  12	  70	   3	 935	   2	   2	   3	   3	   5	  30	  70	  50	 698	29320	30255	   0	 -10	
  12	  13	  50	   4	 531	   3	   2	   3	   3	   6	  30	  70	  50	 387	31948	32479	   0	 -10	
  13	  14	  70	   4	 313	   2	   2	   3	   4	   6	  30	  70	  50	 543	34326	34639	   0	 -10	
  14	  15	  50	   3	 681	   3	   2	   3	   4	   7	  30	  70	  50	 518	36454	37135	   0	 -10	
  15	  16	  30	   3	1718	   1	   2	   4	   4	   7	  30	  70	  50	 613	39049	40767	   0	 -10	
  16	  17	  70	   2	 808	   2	   1	   4	   5	   7	  30	  70	  50	 330	42391	43199	   0	 -20	
  17	  18	  50	   1	 450	   3	   1	   4	   5	   8	  30	  70	  50	 568	45069	45519	   0	 -10	
  18	  19	  70	   3	 598	   2	   2	   4	   6	   8	  30	  70	  50	 677	47497	48095	   0	 -10	
  19	  20	  30	   3	 407	   1	   2	   5	   6	   8	  30	  70	  50	 621	50024	50431	   0	 -10	
  20	  21	  50	   2	 416	   3	   1	   5	   6	   9	  30	  70	  50	 596	52319	52735	   0	 -20	
  21	  22	  30	   4	 554	   1	   2	   6	   6	   9	  30	  70	  50	 520	54581	55135	   0	 -20	
  22	  23	  50	   1	 381	   3	   1	   6	   6	  10	  30	  70	  50	 582	57025	57406	   0	 -10	
  23	  24	  30	   4	 458	   1	   2	   7	   6	  10	  30	  70	  50	 509	59204	59662	   0	 -10	
  24	  25	  70	   3	 469	   2	   2	   7	   7	  10	  30	  70	  50	 496	61449	61918	   0	 -10	
  25	  26	  50	   1	 378	   3	   1	   7	   7	  11	  30	  70	  50	 641	63860	64238	   0	   0	
  26	  27	  30	   4	 451	   1	   2	   8	   7	  11	  30	  70	  50	 618	66155	66606	   0	   0	
  27	  28	  50	   4	 670	   3	   2	   8	   7	  12	  30	  70	  50	 493	68400	69070	   0	   0	
  28	  29	  70	   3	 324	   2	   2	   8	   8	  12	  30	  70	  50	 409	70778	71102	   0	   0	
  29	  30	  50	   1	 533	   3	   1	   8	   8	  13	  30	  70	  50	 452	72857	73390	   0	  10	
  30	  31	  70	   3	 556	   2	   2	   8	   9	  13	  30	  70	  50	 513	75202	75758	   0	  10	
  31	  32	  50	   1	 629	   3	   1	   8	   9	  14	  30	  70	  50	 422	77497	78126	   0	  20	
  32	  33	  30	   4	 530	   1	   2	   9	   9	  14	  30	  70	  50	 691	80108	80638	   0	  20	
  33	  34	  70	   4	 487	   2	   2	   9	  10	  14	  30	  70	  50	 590	82519	83006	   0	  20	
  34	  35	  30	   3	 711	   1	   2	  10	  10	  14	  30	  70	  50	 318	84631	85342	   0	  20	
  35	  36	  70	   3	 466	   2	   2	  10	  11	  14	  30	  70	  50	 658	87292	87758	   0	  20	
  36	  37	  50	   2	 351	   3	   1	  10	  11	  15	  30	  70	  50	 425	89487	89838	   0	  10	
  37	  38	  30	   4	 304	   1	   2	  11	  11	  15	  30	  70	  50	 438	91582	91886	   0	  10	
  38	  39	  70	   4	 353	   2	   2	  11	  12	  15	  30	  70	  50	 472	93661	94014	   0	  10	
  39	  40	  30	   3	 483	   1	   2	  12	  12	  15	  30	  70	  50	 403	95723	96206	   0	  10	
  40	  41	  50	   1	 382	   3	   1	  12	  12	  16	  30	  70	  50	 451	97968	98350	   0	  20	
  41	  42	  70	   1	 407	   2	   1	  12	  13	  16	  30	  70	  50	 591	100263	100670	   0	  30	
  42	  43	  30	   4	 332	   1	   2	  13	  13	  16	  30	  70	  50	 674	102641	102973	   0	  30	
  43	  44	  70	   1	 676	   2	   1	  13	  14	  16	  30	  70	  50	 666	104953	105629	   0	  40	
  44	  45	  50	   2	 428	   3	   1	  13	  14	  17	  30	  70	  50	 371	107297	107725	   0	  30	
  45	  46	  30	   2	 394	   1	   1	  14	  14	  17	  30	  70	  50	 440	109459	109853	   0	  20	
  46	  47	  70	   1	 390	   2	   1	  14	  15	  17	  30	  70	  50	 526	111671	112061	   0	  30	
  47	  48	  30	   4	 439	   1	   2	  15	  15	  17	  30	  70	  50	 391	113750	114189	   0	  30	
  48	  49	  70	   2	 416	   2	   1	  15	  16	  17	  30	  70	  50	 563	116045	116461	   0	  20	
  49	  50	  30	   3	 568	   1	   2	  16	  16	  17	  30	  70	  50	 606	118373	118941	   0	  20	
  50	  51	  70	   1	 555	   2	   1	  16	  17	  17	  30	  70	  50	 588	120834	121389	   0	  30	
  51	  52	  30	   2	 766	   1	   1	  17	  17	  17	  30	  70	  50	 565	123279	124045	   0	  20	
  52	  53	  70	   1	 436	   2	   1	  17	  18	  17	  30	  70	  50	 322	125673	126109	   0	  30	
  53	  54	  30	   4	 515	   1	   2	  18	  18	  17	  30	  70	  50	 397	127802	128317	   0	  30	
  54	  55	  70	   4	 559	   2	   2	  18	  19	  17	  30	  70	  50	 393	130014	130573	   0	  30	
  55	  56	  50	   2	 324	   3	   1	  18	  19	  18	  30	  70	  50	 561	132425	132749	   0	  20	
  56	  57	  30	   3	 441	   1	   2	  19	  19	  18	  30	  70	  50	 360	134404	134845	   0	  20	
  57	  58	  70	   1	 227	   2	   1	  19	  20	  18	  30	  70	  50	 516	136666	136893	   0	  30	
  58	  59	  50	   1	 362	   3	   1	  19	  20	  19	  30	  70	  50	 422	138611	138973	   0	  40	
  59	  60	  30	   4	 259	   1	   2	  20	  20	  19	  30	  70	  50	 639	140906	141165	   0	  40	
NaN	  61	  50	NaN	NaN	   3	   3	  20	  20	  19	  30	  70	  50	 325	140906	NaN	   0	  40	
  60	  62	  70	   3	 635	   2	   2	  20	  21	  19	  30	  70	  50	 540	146594	147229	   0	  40	
  61	  63	  50	   4	 677	   3	   2	  20	  21	  20	  30	  70	  50	 312	148855	149532	   0	  40	
  62	  64	  70	   4	 535	   2	   2	  20	  22	  20	  30	  70	  50	 488	151317	151852	   0	  40	
  63	  65	  50	   4	 538	   3	   2	  20	  22	  21	  30	  70	  50	 617	153778	154316	   0	  40	
  64	  66	  30	   4	 463	   1	   2	  21	  22	  21	  30	  70	  50	 564	156173	156636	   0	  40	
  65	  67	  70	   1	 463	   2	   1	  21	  23	  21	  30	  70	  50	 363	158285	158748	   0	  50	
  66	  68	  30	   3	 447	   1	   2	  22	  23	  21	  30	  70	  50	 375	160413	160860	   0	  50	
  67	  69	  50	   1	 576	   3	   1	  22	  23	  22	  30	  70	  50	 339	162492	163068	   0	  60	
  68	  70	  70	   3	 449	   2	   2	  22	  24	  22	  30	  70	  50	 644	165003	165452	   0	  60	
  69	  71	  50	   4	 631	   3	   2	  22	  24	  23	  30	  70	  50	 625	167381	168012	   0	  60	
  70	  72	  70	   3	 703	   2	   2	  22	  25	  23	  30	  70	  50	 390	169709	170412	   0	  60	
  71	  73	  50	   2	 525	   3	   1	  22	  25	  24	  30	  70	  50	 572	172303	172828	   0	  50	
  72	  74	  70	   4	 374	   2	   2	  22	  26	  24	  30	  70	  50	 475	174598	174972	   0	  50	
  73	  75	  50	   1	 561	   3	   1	  22	  26	  25	  30	  70	  50	 575	176843	177404	   0	  60	
  74	  76	  70	   3	 412	   2	   2	  22	  27	  25	  30	  70	  50	 365	179072	179484	   0	  60	
  75	  77	  50	   2	 390	   3	   1	  22	  27	  26	  30	  70	  50	 575	181350	181740	   0	  50	
  76	  78	  70	   1	 400	   2	   1	  22	  28	  26	  30	  70	  50	 566	183612	184012	   0	  60	
  77	  79	  50	   1	 567	   3	   1	  22	  28	  27	  30	  70	  50	 663	185973	186540	   0	  70	
  78	  80	  30	   4	 515	   1	   2	  23	  28	  27	  30	  70	  50	 342	188185	188700	   0	  70	
  79	  81	  70	   2	 610	   2	   1	  23	  29	  27	  30	  70	  50	 307	190314	190924	   0	  60	
  80	  82	  30	   4	 373	   1	   2	  24	  29	  27	  30	  70	  50	 578	192791	193164	   0	  60	
  81	  83	  50	   1	 442	   3	   1	  24	  29	  28	  30	  70	  50	 669	195153	195595	   0	  70	
  82	  84	  30	   4	 354	   1	   2	  25	  29	  28	  30	  70	  50	 587	197481	197835	   0	  70	
  83	  85	  70	   1	 382	   2	   1	  25	  30	  28	  30	  70	  50	 562	199693	200075	   0	  80	
  84	  86	  50	   4	 246	   3	   2	  25	  30	  29	  30	  70	  50	 643	202021	202267	   0	  80	
  85	  87	  70	   3	 463	   2	   2	  25	  31	  29	  30	  70	  50	 320	203884	204347	   0	  80	
  86	  88	  50	   1	 468	   3	   1	  25	  31	  30	  30	  70	  50	 655	206295	206763	   0	  90	
  87	  89	  30	   3	 469	   1	   2	  26	  31	  30	  30	  70	  50	 318	208390	208859	   0	  90	
  88	  90	  70	   4	 513	   2	   2	  26	  32	  30	  30	  70	  50	 445	210602	211115	   0	  90	
  89	  91	  30	   2	 432	   3	   1	  26	  32	   1	  30	  70	  30	 304	212747	213179	   3	  80	
  90	  92	  70	   3	 565	   2	   2	  26	  33	   1	  30	  70	  30	 655	215142	215707	   0	  80	
  91	  93	  30	   4	 504	   1	   2	  27	  33	   1	  30	  70	  30	 553	217587	218091	   0	  80	
  92	  94	  30	   3	 680	   3	   2	  27	  33	   2	  30	  70	  30	 306	219699	220379	   0	  80	
  93	  95	  30	   4	 494	   1	   2	  28	  33	   2	  30	  70	  30	 426	222093	222587	   0	  80	
  94	  96	  20	   4	 350	   2	   2	  28	   1	   2	  30	  20	  30	 307	224205	224555	   2	  80	
  95	  97	  30	   3	 346	   1	   2	  29	   1	   2	  30	  20	  30	 559	226417	226763	   0	  80	
  96	  98	  30	   4	 332	   3	   2	  29	   1	   3	  30	  20	  30	 418	228479	228811	   0	  80	
  97	  99	  30	   4	 214	   1	   2	  30	   1	   3	  30	  20	  30	 643	230757	230971	   0	  80	
  98	 100	  30	   4	 245	   3	   2	  30	   1	   4	  30	  20	  30	 622	232886	233131	   0	  80	
  99	 101	  20	   4	 330	   2	   2	  30	   2	   4	  30	  20	  30	 438	234865	235195	   0	  80	
 100	 102	  30	   4	 255	   1	   2	  31	   2	   4	  30	  20	  30	 316	236811	237066	   0	  80	
 101	 103	  20	   3	 536	   2	   2	  31	   3	   4	  30	  20	  30	 320	238706	239242	   0	  80	
 102	 104	  30	   4	  92	   3	   2	  31	   3	   5	  30	  20	  30	 570	241118	241210	   0	  80	
 103	 105	  20	   4	 187	   2	   2	  31	   4	   5	  30	  20	  30	 344	242847	243034	   0	  80	
 104	 106	  30	   3	 656	   3	   2	  31	   4	   6	  30	  20	  30	 475	244810	245466	   0	  80	
 105	 107	  20	   4	 276	   2	   2	  31	   5	   6	  30	  20	  30	 497	247254	247530	   0	  80	
 106	 108	  30	   4	 232	   3	   2	  31	   5	   7	  30	  20	  30	 441	249266	249498	   0	  80	
 107	 109	  20	   3	 334	   2	   2	  31	   6	   7	  30	  20	  30	 399	251212	251546	   0	  80	
 108	 110	  30	   3	 249	   1	   2	  32	   6	   7	  30	  20	  30	 614	253457	253706	   0	  80	
 109	 111	  30	   4	 261	   3	   2	  32	   6	   8	  30	  20	  30	 657	255669	255930	   0	  80	
 110	 112	  20	   4	 248	   2	   2	  32	   7	   8	  30	  20	  30	 478	257698	257946	   0	  80	
 111	 113	  30	   4	 327	   3	   2	  32	   7	   9	  30	  20	  30	 566	259843	260170	   0	  80	
 112	 114	  30	   4	 215	   1	   2	  33	   7	   9	  30	  20	  30	 491	261955	262170	   0	  80	
 113	 115	  30	   3	 538	   3	   2	  33	   7	  10	  30	  20	  30	 521	264000	264538	   0	  80	
 114	 116	  30	   4	 441	   1	   2	  34	   7	  10	  30	  20	  30	 698	266545	266986	   0	  80	
 115	 117	  30	   3	 466	   3	   2	  34	   7	  11	  30	  20	  30	 553	268840	269306	   0	  80	
 116	 118	  30	   4	 783	   1	   2	  35	   7	  11	  30	  20	  30	 439	271051	271834	   0	  80	
 117	 119	  30	   4	 168	   3	   2	  35	   7	  12	  30	  20	  30	 618	273762	273930	   0	  80	
 118	 120	  20	   4	 217	   2	   2	  35	   8	  12	  30	  20	  30	 603	275841	276058	   0	  80	
 119	 121	  80	   3	 268	   1	   2	   1	   8	  12	  80	  20	  30	 489	277870	278138	   1	  80	
 120	 122	  30	   4	 430	   3	   2	   1	   8	  13	  80	  20	  30	 499	279948	280378	   0	  80	
 121	 123	  80	   1	 445	   1	   1	   2	   8	  13	  80	  20	  30	 396	282077	282522	   0	  90	
 122	 124	  30	   4	 585	   3	   2	   2	   8	  14	  80	  20	  30	 476	284289	284874	   0	  90	
 123	 125	  80	   2	 511	   1	   1	   3	   8	  14	  80	  20	  30	 463	286634	287145	   0	  80	
 124	 126	  30	   3	 322	   3	   2	   3	   8	  15	  80	  20	  30	 658	289095	289417	   0	  80	
 125	 127	  80	   1	 545	   1	   1	   4	   8	  15	  80	  20	  30	 530	291240	291785	   0	  90	
 126	 128	  30	   4	 399	   3	   2	   4	   8	  16	  80	  20	  30	 319	293402	293801	   0	  90	
 127	 129	  20	   4	 459	   2	   2	   4	   9	  16	  80	  20	  30	 529	295630	296089	   0	  90	
 128	 130	  80	   1	 548	   1	   1	   5	   9	  16	  80	  20	  30	 546	297925	298473	   0	 100	
 129	 131	  30	   4	 450	   3	   2	   5	   9	  17	  80	  20	  30	 309	300087	300537	   0	 100	
 130	 132	  80	   4	 463	   1	   2	   6	   9	  17	  80	  20	  30	 436	302282	302745	   0	 100	
 131	 133	  30	   4	 315	   3	   2	   6	   9	  18	  80	  20	  30	 436	304494	304809	   0	 100	
 132	 134	  80	   1	 398	   1	   1	   7	   9	  18	  80	  20	  30	 398	306523	306921	   0	 110	
 133	 135	  20	   4	 513	   2	   2	   7	  10	  18	  80	  20	  30	 346	308568	309081	   0	 110	
 134	 136	  80	   1	 410	   1	   1	   8	  10	  18	  80	  20	  30	 474	310847	311257	   0	 120	
 135	 137	  20	   3	 530	   2	   2	   8	  11	  18	  80	  20	  30	 642	313191	313721	   0	 120	
 136	 138	  80	   1	 780	   1	   1	   9	  11	  18	  80	  20	  30	 436	315453	316233	   0	 130	
 137	 139	  20	   4	 607	   2	   2	   9	  12	  18	  80	  20	  30	 391	317914	318521	   0	 130	
 138	 140	  30	   3	 565	   3	   2	   9	  12	  19	  80	  20	  30	 459	320276	320841	   0	 130	
 139	 141	  80	   3	 325	   1	   2	  10	  12	  19	  80	  20	  30	 677	322820	323145	   0	 130	
 140	 142	  30	   4	 338	   3	   2	  10	  12	  20	  80	  20	  30	 549	324999	325337	   0	 130	
 141	 143	  20	   4	 416	   2	   2	  10	  13	  20	  80	  20	  30	 506	327161	327577	   0	 130	
 142	 144	  80	   4	 347	   1	   2	  11	  13	  20	  80	  20	  30	 517	329406	329753	   0	 130	
 143	 145	  30	   3	 313	   3	   2	  11	  13	  21	  80	  20	  30	 503	331551	331864	   0	 130	
 144	 146	  20	   4	 629	   2	   2	  11	  14	  21	  80	  20	  30	 624	333779	334408	   0	 130	
 145	 147	  30	   4	 531	   3	   2	  11	  14	  22	  80	  20	  30	 663	336357	336888	   0	 130	
 146	 148	  20	   4	 533	   2	   2	  11	  15	  22	  80	  20	  30	 649	338851	339384	   0	 130	
 147	 149	  80	   1	 350	   1	   1	  12	  15	  22	  80	  20	  30	 449	341146	341496	   0	 140	
 148	 150	  20	   4	 418	   2	   2	  12	  16	  22	  80	  20	  30	 332	343142	343560	   0	 140	
 149	 151	  80	   3	 323	   1	   2	  13	  16	  22	  80	  20	  30	 356	345221	345544	   0	 140	
 150	 152	  20	   4	 414	   2	   2	  13	  17	  22	  80	  20	  30	 637	347482	347896	   0	 140	
 151	 153	  30	   4	 501	   3	   2	  13	  17	  23	  80	  20	  30	 620	349827	350328	   0	 140	
 152	 154	  20	   3	 481	   2	   2	  13	  18	  23	  80	  20	  30	 406	352039	352520	   0	 140	
 153	 155	  80	   1	 325	   1	   1	  14	  18	  23	  80	  20	  30	 659	354483	354808	   0	 150	
 154	 156	  30	   4	 264	   3	   2	  14	  18	  24	  80	  20	  30	 400	356512	356776	   0	 150	
 155	 157	  80	   1	 547	   1	   1	  15	  18	  24	  80	  20	  30	 692	358757	359304	   0	 160	
 156	 158	  20	   4	 393	   2	   2	  15	  19	  24	  80	  20	  30	 517	361119	361512	   0	 160	
 157	 159	  30	   4	 437	   3	   2	  15	  19	  25	  80	  20	  30	 532	363347	363784	   0	 160	
 158	 160	  80	   1	 431	   1	   1	  16	  19	  25	  80	  20	  30	 518	365609	366040	   0	 170	
 159	 161	  20	   4	 358	   2	   2	  16	  20	  25	  80	  20	  30	 630	367954	368312	   0	 170	
 160	 162	  30	   4	 387	   3	   2	  16	  20	  26	  80	  20	  30	 544	370149	370536	   0	 170	
 161	 163	  80	   1	 419	   1	   1	  17	  20	  26	  80	  20	  30	 427	372277	372696	   0	 180	
 162	 164	  30	   3	 408	   3	   2	  17	  20	  27	  80	  20	  30	 666	374672	375080	   0	 180	
 163	 165	  20	   4	 410	   2	   2	  17	  21	  27	  80	  20	  30	 336	376717	377127	   0	 180	
 164	 166	  30	   4	 403	   3	   2	  17	  21	  28	  80	  20	  30	 581	379012	379415	   0	 180	
 165	 167	  80	   2	 412	   1	   1	  18	  21	  28	  80	  20	  30	 569	381291	381703	   0	 170	
 166	 168	  30	   4	 186	   3	   2	  18	  21	  29	  80	  20	  30	 473	383469	383655	   0	 170	
 167	 169	  20	   4	 347	   2	   2	  18	  22	  29	  80	  20	  30	 591	385548	385895	   0	 170	
 168	 170	  30	   3	 453	   3	   2	  18	  22	  30	  80	  20	  30	 641	387826	388279	   0	 170	
 169	 171	  80	   1	 486	   1	   1	  19	  22	  30	  80	  20	  30	 325	389905	390391	   0	 180	
 170	 172	  30	   4	 347	   3	   2	  19	  22	  31	  80	  20	  30	 615	392316	392663	   0	 180	
 171	 173	  20	   3	 580	   2	   2	  19	  23	  31	  80	  20	  30	 616	394595	395175	   0	 180	
 172	 174	  80	   1	 447	   1	   1	  20	  23	  31	  80	  20	  30	 395	396856	397303	   0	 190	
 173	 175	  30	   4	 333	   3	   2	  20	  23	  32	  80	  20	  30	 416	399018	399351	   0	 190	
 174	 176	  80	   3	 294	   1	   2	  21	  23	  32	  80	  20	  30	 655	401313	401607	   0	 190	
 175	 177	  30	   4	 106	   3	   2	  21	  23	  33	  80	  20	  30	 428	403325	403431	   0	 190	
 176	 178	  80	   1	 501	   1	   1	  22	  23	  33	  80	  20	  30	 411	405138	405639	   0	 200	
 177	 179	  30	   3	 431	   3	   2	  22	  23	  34	  80	  20	  30	 476	407416	407847	   0	 200	
 178	 180	  20	   2	 718	   2	   1	  22	  24	  34	  80	  20	  30	 417	409561	410279	   0	 190	
 179	 181	  30	   4	1198	   3	   2	  22	  24	  35	  80	  20	  30	 492	412073	413271	   0	 190	
 180	 182	  20	   3	 503	   2	   2	  22	  25	  35	  80	  20	  30	 642	415216	415719	   0	 190	
 181	 183	  80	   2	 454	   1	   1	  23	  25	  35	  80	  20	  30	 338	417377	417831	   0	 180	
 182	 184	  70	   3	 178	   3	   2	  23	  25	   1	  80	  20	  70	 416	419589	419767	   3	 180	
 183	 185	  20	   4	 398	   2	   2	  23	  26	   1	  80	  20	  70	 321	421385	421783	   0	 180	
 184	 186	  70	   4	 513	   3	   2	  23	  26	   2	  80	  20	  70	 316	423397	423910	   0	 180	
 185	 187	  20	   4	 457	   2	   2	  23	  27	   2	  80	  20	  70	 504	425709	426166	   0	 180	
 186	 188	  70	   3	 359	   3	   2	  23	  27	   3	  80	  20	  70	 426	427887	428246	   0	 180	
 187	 189	  20	   4	 305	   2	   2	  23	  28	   3	  80	  20	  70	 587	430133	430438	   0	 180	
 188	 190	  80	   1	 695	   1	   1	  24	  28	   3	  80	  20	  70	 349	432095	432790	   0	 190	
 189	 191	  70	   4	 491	   3	   2	  24	  28	   4	  80	  20	  70	 444	434523	435014	   0	 190	
 190	 192	  80	   2	 533	   1	   1	  25	  28	   4	  80	  20	  70	 482	436801	437334	   0	 180	
 191	 193	  20	   4	 466	   2	   2	  25	  29	   4	  80	  20	  70	 338	438996	439462	   0	 180	
 192	 194	  70	   1	 422	   3	   1	  25	  29	   5	  80	  20	  70	 634	441408	441830	   0	 190	
 193	 195	  20	   4	 595	   2	   2	  25	  30	   5	  80	  20	  70	 476	443603	444198	   0	 190	
 194	 196	  70	   3	 824	   3	   2	  25	  30	   6	  80	  20	  70	 528	446014	446838	   0	 190	
 195	 197	  80	   1	 433	   1	   1	  26	  30	   6	  80	  20	  70	 597	448725	449158	   0	 200	
 196	 198	  50	   3	 432	   2	   2	  26	   1	   6	  80	  50	  70	 397	450870	451302	   2	 200	
 197	 199	  70	   3	 525	   3	   2	  26	   1	   7	  80	  50	  70	 464	453065	453590	   0	 200	
 198	 200	  50	   2	 535	   2	   1	  26	   2	   7	  80	  50	  70	 449	455343	455878	   0	 190	
 199	 201	  80	   1	 183	   1	   1	  27	   2	   7	  80	  50	  70	 691	457871	458054	   0	 200	
 200	 202	  70	   4	 542	   3	   2	  27	   2	   8	  80	  50	  70	 441	459800	460342	   0	 200	
 201	 203	  50	   1	 498	   2	   1	  27	   3	   8	  80	  50	  70	 571	462228	462726	   0	 210	
 202	 204	  70	   3	 656	   3	   2	  27	   3	   9	  80	  50	  70	 372	464390	465046	   0	 210	
 203	 205	  50	   4	 534	   2	   2	  27	   4	   9	  80	  50	  70	 421	466768	467302	   0	 210	
 204	 206	  70	   1	 866	   3	   1	  27	   4	  10	  80	  50	  70	 352	468963	469829	   0	 220	
 205	 207	  50	   4	 437	   2	   2	  27	   5	  10	  80	  50	  70	 692	471824	472261	   0	 220	
 206	 208	  80	   1	 477	   1	   1	  28	   5	  10	  80	  50	  70	 581	474152	474629	   0	 230	
 207	 209	  50	   3	 755	   2	   2	  28	   6	  10	  80	  50	  70	 599	476530	477285	   0	 230	
 208	 210	  80	   3	 590	   1	   2	  29	   6	  10	  80	  50	  70	 620	479207	479797	   0	 230	
 209	 211	  70	   2	 361	   3	   1	  29	   6	  11	  80	  50	  70	 339	481436	481797	   0	 220	
 210	 212	  50	   3	 451	   2	   2	  29	   7	  11	  80	  50	  70	 621	483714	484165	   0	 220	
 211	 213	  80	   1	 284	   1	   1	  30	   7	  11	  80	  50	  70	 524	486009	486293	   0	 230	
 212	 214	  70	   2	 624	   3	   1	  30	   7	  12	  80	  50	  70	 428	488021	488645	   0	 220	
 213	 215	  80	   1	 280	   1	   1	  31	   7	  12	  80	  50	  70	 385	490333	490613	   0	 230	
 214	 216	  70	   1	 353	   3	   1	  31	   7	  13	  80	  50	  70	 317	492228	492581	   0	 240	
 215	 217	  50	   2	 325	   2	   1	  31	   8	  13	  80	  50	  70	 332	494224	494549	   0	 230	
 216	 218	  80	   1	 192	   1	   1	  32	   8	  13	  80	  50	  70	 617	496469	496661	   0	 240	
 217	 219	  50	   2	 396	   2	   1	  32	   9	  13	  80	  50	  70	 312	498265	498661	   0	 230	
 218	 220	  80	   1	  35	   1	   1	  33	   9	  13	  80	  50	  70	 664	500626	500661	   0	 240	
 219	 221	  70	   3	 507	   3	   2	  33	   9	  14	  80	  50	  70	 543	502506	503013	   0	 240	
 220	 222	  50	   1	 501	   2	   1	  33	  10	  14	  80	  50	  70	 477	504784	505285	   0	 250	
 221	 223	  70	   1	 389	   3	   1	  33	  10	  15	  80	  50	  70	 309	506912	507301	   0	 260	
 222	 224	  20	   2	 218	   1	   1	   1	  10	  15	  20	  50	  70	 693	509307	509525	   1	 250	
 223	 225	  50	   2	 457	   2	   1	   1	  11	  15	  20	  50	  70	 616	511452	511909	   0	 240	
 224	 226	  70	   1	 354	   3	   1	   1	  11	  16	  20	  50	  70	 523	513731	514085	   0	 250	
 225	 227	  20	   4	 668	   1	   2	   2	  11	  16	  20	  50	  70	 595	515976	516644	   0	 250	
 226	 228	  70	   2	 551	   3	   1	   2	  11	  17	  20	  50	  70	 686	518637	519188	   0	 240	
 227	 229	  20	   4	 575	   1	   2	   3	  11	  17	  20	  50	  70	 478	520965	521540	   0	 240	
 228	 230	  50	   1	 433	   2	   1	   3	  12	  17	  20	  50	  70	 629	523459	523892	   0	 250	
 229	 231	  70	   1	 430	   3	   1	   3	  12	  18	  20	  50	  70	 451	525654	526084	   0	 260	
 230	 232	  50	   2	 742	   2	   1	   3	  13	  18	  20	  50	  70	 607	527982	528724	   0	 250	
 231	 233	  70	   1	 347	   3	   1	   3	  13	  19	  20	  50	  70	 333	530377	530724	   0	 260	
 232	 234	  20	   3	 656	   1	   2	   4	  13	  19	  20	  50	  70	 339	532356	533012	   0	 260	
 233	 235	  70	   1	 837	   3	   1	   4	  13	  20	  20	  50	  70	 450	534767	535604	   0	 270	
 234	 236	  20	   4	 627	   1	   2	   5	  13	  20	  20	  50	  70	 434	537345	537972	   0	 270	
 235	 237	  50	   2	 659	   2	   1	   5	  14	  20	  20	  50	  70	 614	539873	540532	   0	 260	
 236	 238	  70	   4	 531	   3	   2	   5	  14	  21	  20	  50	  70	 578	542401	542932	   0	 260	
 237	 239	  50	   1	 454	   2	   1	   5	  15	  21	  20	  50	  70	 638	544878	545332	   0	 270	
 238	 240	  70	   3	1017	   3	   2	   5	  15	  22	  20	  50	  70	 682	547323	548340	   0	 270	
 239	 241	  50	   1	 652	   2	   1	   5	  16	  22	  20	  50	  70	 550	550200	550852	   0	 280	
 240	 242	  20	   4	 778	   1	   2	   6	  16	  22	  20	  50	  70	 623	552778	553556	   0	 280	
 241	 243	  50	   2	 600	   2	   1	   6	  17	  22	  20	  50	  70	 514	555372	555972	   0	 270	
 242	 244	  20	   3	 416	   1	   2	   7	  17	  22	  20	  50	  70	 426	557700	558116	   0	 270	
 243	 245	  70	   1	 473	   3	   1	   7	  17	  23	  20	  50	  70	 543	559962	560435	   0	 280	
 244	 246	  50	   3	 649	   2	   2	   7	  18	  23	  20	  50	  70	 336	562074	562723	   0	 280	
 245	 247	  20	   4	 654	   1	   2	   8	  18	  23	  20	  50	  70	 461	564485	565139	   0	 280	
 246	 248	  50	   2	 286	   2	   1	   8	  19	  23	  20	  50	  70	 590	567029	567315	   0	 270	
 247	 249	  70	   1	 400	   3	   1	   8	  19	  24	  20	  50	  70	 456	569075	569475	   0	 280	
 248	 250	  20	   2	 748	   1	   1	   9	  19	  24	  20	  50	  70	 519	571303	572051	   0	 270	
 249	 251	  70	   1	 138	   3	   1	   9	  19	  25	  20	  50	  70	 539	573897	574035	   0	 280	
 250	 252	  50	   3	 494	   2	   2	   9	  20	  25	  20	  50	  70	 563	575893	576387	   0	 280	
 251	 253	  20	   4	 832	   1	   2	  10	  20	  25	  20	  50	  70	 675	578371	579203	   0	 280	
 252	 254	  70	   4	 425	   3	   2	  10	  20	  26	  20	  50	  70	 576	581082	581507	   0	 280	
 253	 255	  50	   1	 766	   2	   1	  10	  21	  26	  20	  50	  70	 690	583493	584259	   0	 290	
 254	 256	  70	   3	 840	   3	   2	  10	  21	  27	  20	  50	  70	 624	586187	587027	   0	 290	
 255	 257	  50	   2	 577	   2	   1	  10	  22	  27	  20	  50	  70	 587	588914	589491	   0	 280	
 256	 258	  70	   1	 213	   3	   1	  10	  22	  28	  20	  50	  70	 539	591326	591539	   0	 290	
 257	 259	  50	   4	 478	   2	   2	  10	  23	  28	  20	  50	  70	 375	593205	593683	   0	 290	
 258	 260	  70	   2	 320	   3	   1	  10	  23	  29	  20	  50	  70	 307	595283	595603	   0	 280	
NaN	 261	  20	NaN	NaN	   1	   3	  10	  23	  29	  20	  50	  70	 483	595283	NaN	   0	 280	
 259	 262	  70	   1	 575	   3	   1	  10	  23	  30	  20	  50	  70	 562	601220	601795	   0	 290	
 260	 263	  50	   2	 389	   2	   1	  10	  24	  30	  20	  50	  70	 492	603582	603971	   0	 280	
 261	 264	  20	   4	 590	   1	   2	  11	  24	  30	  20	  50	  70	 574	605860	606450	   0	 280	
 262	 265	  50	   4	 588	   3	   2	  11	  24	   1	  20	  50	  50	 689	608454	609042	   3	 280	
 263	 266	  50	   1	 596	   2	   1	  11	  25	   1	  20	  50	  50	 426	610766	611362	   0	 290	
 264	 267	  50	   4	 506	   3	   2	  11	  25	   2	  20	  50	  50	 486	613144	613650	   0	 290	
 265	 268	  50	   1	 414	   2	   1	  11	  26	   2	  20	  50	  50	 620	615572	615986	   0	 300	
 266	 269	  20	   4	 622	   1	   2	  12	  26	   2	  20	  50	  50	 403	617684	618306	   0	 300	
 267	 270	  50	   4	 437	   2	   2	  12	  27	   2	  20	  50	  50	 425	620029	620466	   0	 300	
 268	 271	  50	   3	 720	   3	   2	  12	  27	   3	  20	  50	  50	 525	622290	623010	   0	 300	
 269	 272	  50	   3	 500	   2	   2	  12	  28	   3	  20	  50	  50	 386	624702	625202	   0	 300	
 270	 273	  50	   4	  30	   3	   2	  12	  28	   4	  20	  50	  50	 479	626980	627010	   0	 300	
 271	 274	  50	   2	 503	   2	   1	  12	  29	   4	  20	  50	  50	 532	628859	629362	   0	 290	
 272	 275	  20	   4	 121	   1	   2	  13	  29	   4	  20	  50	  50	 680	631337	631458	   0	 290	
 273	 276	  50	   3	 521	   3	   2	  13	  29	   5	  20	  50	  50	 684	633449	633970	   0	 290	
 274	 277	  50	   1	 371	   2	   1	  13	  30	   5	  20	  50	  50	 446	635711	636082	   0	 300	
 275	 278	  20	   3	 369	   1	   2	  14	  30	   5	  20	  50	  50	 503	637889	638258	   0	 300	
 276	 279	  50	   3	 530	   3	   2	  14	  30	   6	  20	  50	  50	 398	639968	640498	   0	 300	
 277	 280	  20	   2	 420	   1	   1	  15	  30	   6	  20	  50	  50	 668	642462	642882	   0	 290	
 278	 281	  50	   2	 582	   3	   1	  15	  30	   7	  20	  50	  50	 342	644524	645106	   0	 280	
 279	 282	  20	   1	 270	   1	   1	  16	  30	   7	  20	  50	  50	 427	646836	647106	   0	 290	
 280	 283	  50	   2	 292	   3	   1	  16	  30	   8	  20	  50	  50	 391	648798	649090	   0	 280	
 281	 284	  50	   1	 601	   2	   1	  16	  31	   8	  20	  50	  50	 334	650744	651345	   0	 290	
 282	 285	  20	   4	 365	   1	   2	  17	  31	   8	  20	  50	  50	 518	653172	653537	   0	 290	
 283	 286	  50	   2	 489	   2	   1	  17	  32	   8	  20	  50	  50	 552	655400	655889	   0	 280	
 284	 287	  20	   4	 297	   1	   2	  18	  32	   8	  20	  50	  50	 327	657512	657809	   0	 280	
 285	 288	  50	   1	 732	   3	   1	  18	  32	   9	  20	  50	  50	 429	659525	660257	   0	 290	
 286	 289	  20	   4	 157	   1	   2	  19	  32	   9	  20	  50	  50	 471	662036	662193	   0	 290	
 287	 290	  50	   1	 535	   3	   1	  19	  32	  10	  20	  50	  50	 383	663882	664417	   0	 300	
 288	 291	  50	   3	 209	   2	   2	  19	  33	  10	  20	  50	  50	 444	666160	666369	   0	 300	
NaN	 292	  50	NaN	NaN	   3	   3	  19	  33	  10	  20	  50	  50	 616	666160	NaN	   0	 300	
 289	 293	  20	   4	 530	   2	   2	  19	   1	  10	  20	  20	  50	 482	672063	672593	   2	 300	
 290	 294	  50	   3	 256	   3	   2	  19	   1	  11	  20	  20	  50	 318	674209	674465	   0	 300	
 291	 295	  20	   4	 439	   1	   2	  20	   1	  11	  20	  20	  50	 375	676154	676593	   0	 300	
 292	 296	  20	   4	 525	   2	   2	  20	   2	  11	  20	  20	  50	 642	678532	679057	   0	 300	
 293	 297	  20	   4	 312	   1	   2	  21	   2	  11	  20	  20	  50	 427	680777	681089	   0	 300	
 294	 298	  20	   4	 568	   2	   2	  21	   3	  11	  20	  20	  50	 487	682873	683441	   0	 300	
 295	 299	  20	   3	 621	   1	   2	  22	   3	  11	  20	  20	  50	 541	685284	685905	   0	 300	
 296	 300	  20	   4	 587	   2	   2	  22	   4	  11	  20	  20	  50	 657	687862	688449	   0	 300	
 297	 301	  50	   1	 575	   3	   1	  22	   4	  12	  20	  20	  50	 558	690306	690881	   0	 310	
 298	 302	  20	   3	 422	   2	   2	  22	   5	  12	  20	  20	  50	 468	692651	693073	   0	 310	
 299	 303	  50	   2	 533	   3	   1	  22	   5	  13	  20	  20	  50	 398	694780	695313	   0	 300	
 300	 304	  20	   4	 354	   2	   2	  22	   6	  13	  20	  20	  50	 352	696975	697329	   0	 300	
 301	 305	  20	   2	 379	   1	   1	  23	   6	  13	  20	  20	  50	 589	699237	699616	   0	 290	
 302	 306	  50	   1	 444	   3	   1	  23	   6	  14	  20	  20	  50	 427	701332	701776	   0	 300	
NaN	 307	  20	NaN	NaN	   1	   3	  23	   6	  14	  20	  20	  50	 527	701332	NaN	   0	 300	
 303	 308	  50	   1	 267	   3	   1	  23	   6	  15	  20	  20	  50	 402	707269	707536	   0	 310	
 304	 309	  20	   4	 614	   1	   2	  24	   6	  15	  20	  20	  50	 669	709514	710128	   0	 310	
 305	 310	  50	   2	 442	   3	   1	  24	   6	  16	  20	  20	  50	 514	711942	712384	   0	 300	
 306	 311	  20	   2	 874	   1	   1	  25	   6	  16	  20	  20	  50	 395	714070	714944	   0	 290	
 307	 312	  50	   2	 579	   3	   1	  25	   6	  17	  20	  20	  50	 539	716781	717360	   0	 280	
 308	 313	  20	   4	 199	   2	   2	  25	   7	  17	  20	  20	  50	 550	719209	719408	   0	 280	
 309	 314	  50	   1	 645	   3	   1	  25	   7	  18	  20	  20	  50	 653	721371	722016	   0	 290	
 310	 315	  20	   4	 760	   2	   2	  25	   8	  18	  20	  20	  50	 527	723832	724592	   0	 290	
 311	 316	  20	   2	 230	   1	   1	  26	   8	  18	  20	  20	  50	 529	726426	726656	   0	 280	
 312	 317	  20	   3	 542	   2	   2	  26	   9	  18	  20	  20	  50	 365	728322	728864	   0	 280	
 313	 318	  50	   2	 377	   3	   1	  26	   9	  19	  20	  20	  50	 390	730551	730928	   0	 270	
 314	 319	  20	   4	 424	   2	   2	  26	  10	  19	  20	  20	  50	 473	732696	733120	   0	 270	
 315	 320	  20	   4	 435	   1	   2	  27	  10	  19	  20	  20	  50	 542	734957	735392	   0	 270	
 316	 321	  50	   2	 493	   3	   1	  27	  10	  20	  20	  20	  50	 504	737203	737696	   0	 260	
 317	 322	  20	   3	 441	   1	   2	  28	  10	  20	  20	  20	  50	 445	739431	739872	   0	 260	
 318	 323	  50	   2	 405	   3	   1	  28	  10	  21	  20	  20	  50	 457	741626	742031	   0	 250	
 319	 324	  20	   4	 388	   1	   2	  29	  10	  21	  20	  20	  50	 430	743755	744143	   0	 250	
 320	 325	  20	   4	 429	   2	   2	  29	  11	  21	  20	  20	  50	 626	746066	746495	   0	 250	
 321	 326	  20	   4	 440	   1	   2	  30	  11	  21	  20	  20	  50	 514	748311	748751	   0	 250	
 322	 327	  50	   1	 497	   3	   1	  30	  11	  22	  20	  20	  50	 563	750606	751103	   0	 260	
 323	 328	  20	   4	 369	   2	   2	  30	  12	  22	  20	  20	  50	 306	752702	753071	   0	 260	
 324	 329	  50	   2	 480	   3	   1	  30	  12	  23	  20	  20	  50	 478	754847	755327	   0	 250	
 325	 330	  20	   4	 255	   2	   2	  30	  13	  23	  20	  20	  50	 377	756992	757247	   0	 250	
 326	 331	  20	   4	 514	   1	   2	  31	  13	  23	  20	  20	  50	 465	759021	759535	   0	 250	
 327	 332	  20	   4	 269	   2	   2	  31	  14	  23	  20	  20	  50	 435	761266	761535	   0	 250	
 328	 333	  50	   3	 512	   3	   2	  31	  14	  24	  20	  20	  50	 470	763311	763823	   0	 250	
 329	 334	  20	   4	 376	   1	   2	  32	  14	  24	  20	  20	  50	 507	765623	765999	   0	 250	
 330	 335	  20	   4	 464	   2	   2	  32	  15	  24	  20	  20	  50	 652	767951	768415	   0	 250	
 331	 336	  50	   1	 550	   3	   1	  32	  15	  25	  20	  20	  50	 593	770313	770863	   0	 260	
 332	 337	  20	   3	 659	   1	   2	  33	  15	  25	  20	  20	  50	 340	772508	773167	   0	 260	
 333	 338	  20	   2	 983	   2	   1	  33	  16	  25	  20	  20	  50	 477	774936	775919	   0	 250	
 334	 339	  20	   4	 580	   1	   2	  34	  16	  25	  20	  20	  50	 324	777547	778127	   0	 250	
 335	 340	  20	   4	 676	   2	   2	  34	  17	  25	  20	  20	  50	 680	780091	780767	   0	 250	
 336	 341	  20	   4	 605	   1	   2	  35	  17	  25	  20	  20	  50	 335	782402	783007	   0	 250	
 337	 342	  50	   2	 506	   3	   1	  35	  17	  26	  20	  20	  50	 693	784997	785503	   0	 240	
 338	 343	  80	   3	 933	   1	   2	   1	  17	  26	  80	  20	  50	 421	787258	788191	   1	 240	
 339	 344	  20	   3	 563	   2	   2	   1	  18	  26	  80	  20	  50	 305	789803	790366	   0	 240	
NaN	 345	  50	NaN	NaN	   3	   3	   1	  18	  26	  80	  20	  50	 629	789803	NaN	   0	 240	
NaN	 346	  20	NaN	NaN	   2	   3	   1	  18	  26	  80	  20	  50	 678	789803	NaN	   0	 240	
 340	 347	  80	   3	 220	   1	   2	   2	  18	  26	  80	  20	  50	 637	800130	800350	   0	 240	
 341	 348	  20	   3	 259	   2	   2	   2	  19	  26	  80	  20	  50	 387	802059	802318	   0	 240	
 342	 349	  50	   3	 441	   3	   2	   2	  19	  27	  80	  20	  50	 408	804021	804462	   0	 240	
 343	 350	  80	   1	 552	   1	   1	   3	  19	  27	  80	  20	  50	 407	806166	806718	   0	 250	
 344	 351	  50	   1	 449	   3	   1	   3	  19	  28	  80	  20	  50	 424	808445	808894	   0	 260	
 345	 352	  80	   1	 619	   1	   1	   4	  19	  28	  80	  20	  50	 517	810723	811342	   0	 270	
 346	 353	  50	   2	 510	   3	   1	   4	  19	  29	  80	  20	  50	 523	813168	813678	   0	 260	
 347	 354	  80	   2	 363	   1	   1	   5	  19	  29	  80	  20	  50	 388	815363	815726	   0	 250	
 348	 355	  20	   2	 292	   2	   1	   5	  20	  29	  80	  20	  50	 659	817674	817966	   0	 240	
 349	 356	  80	   1	 256	   1	   1	   6	  20	  29	  80	  20	  50	 629	819886	820142	   0	 250	
 350	 357	  50	   2	 319	   3	   1	   6	  20	  30	  80	  20	  50	 583	822031	822350	   0	 240	
 351	 358	  20	   3	 513	   2	   2	   6	  21	  30	  80	  20	  50	 417	824093	824606	   0	 240	
 352	 359	  50	   2	 386	   3	   1	   6	  21	  31	  80	  20	  50	 693	826588	826974	   0	 230	
 353	 360	  20	   4	 506	   2	   2	   6	  22	  31	  80	  20	  50	 646	828916	829422	   0	 230	
 354	 361	  80	   1	 457	   1	   1	   7	  22	  31	  80	  20	  50	 326	831045	831502	   0	 240	
 355	 362	  20	   4	 390	   2	   2	   7	  23	  31	  80	  20	  50	 412	833207	833597	   0	 240	
 356	 363	  50	   2	 469	   3	   1	   7	  23	  32	  80	  20	  50	 476	835368	835837	   0	 230	
 357	 364	  80	   3	 224	   1	   2	   8	  23	  32	  80	  20	  50	 463	837597	837821	   0	 230	
 358	 365	  50	   1	 741	   3	   1	   8	  23	  33	  80	  20	  50	 468	839592	840333	   0	 240	
 359	 366	  20	   4	 453	   2	   2	   8	  24	  33	  80	  20	  50	 482	842120	842573	   0	 240	
 360	 367	  70	   3	 463	   3	   2	   8	  24	   1	  80	  20	  70	 512	844398	844861	   3	 240	
 361	 368	  20	   4	 541	   2	   2	   8	  25	   1	  80	  20	  70	 371	846544	847085	   0	 240	
 362	 369	  80	   2	 668	   1	   1	   9	  25	   1	  80	  20	  70	 306	848689	849357	   0	 230	
 363	 370	  70	   4	 442	   3	   2	   9	  25	   2	  80	  20	  70	 618	851283	851725	   0	 230	
 364	 371	  20	   2	 403	   2	   1	   9	  26	   2	  80	  20	  70	 554	853578	853981	   0	 220	
 365	 372	  70	   2	 384	   3	   1	   9	  26	   3	  80	  20	  70	 486	855773	856157	   0	 210	
 366	 373	  80	   1	 672	   1	   1	  10	  26	   3	  80	  20	  70	 399	857869	858541	   0	 220	
 367	 374	  70	   1	 818	   3	   1	  10	  26	   4	  80	  20	  70	 529	860363	861181	   0	 230	
 368	 375	  80	   3	 317	   1	   2	  11	  26	   4	  80	  20	  70	 532	863024	863341	   0	 230	
 369	 376	  70	   3	 793	   3	   2	  11	  26	   5	  80	  20	  70	 597	865236	866029	   0	 230	
 370	 377	  20	   3	 533	   2	   2	  11	  27	   5	  80	  20	  70	 550	867880	868413	   0	 230	
 371	 378	  80	   1	 401	   1	   1	  12	  27	   5	  80	  20	  70	 370	870108	870509	   0	 240	
 372	 379	  70	   3	 498	   3	   2	  12	  27	   6	  80	  20	  70	 381	872187	872685	   0	 240	
 373	 380	  80	   1	 374	   1	   1	  13	  27	   6	  80	  20	  70	 617	874615	874989	   0	 250	
 374	 381	  70	   2	 361	   3	   1	  13	  27	   7	  80	  20	  70	 380	876660	877021	   0	 240	
 375	 382	  80	   3	 306	   1	   2	  14	  27	   7	  80	  20	  70	 629	878939	879245	   0	 240	
 376	 383	  20	   2	 489	   2	   1	  14	  28	   7	  80	  20	  70	 304	880851	881340	   0	 230	
 377	 384	  80	   1	 291	   1	   1	  15	  28	   7	  80	  20	  70	 475	883113	883404	   0	 240	
 378	 385	  70	   3	 475	   3	   2	  15	  28	   8	  80	  20	  70	 329	885025	885500	   0	 240	
 379	 386	  80	   1	 417	   1	   1	  16	  28	   8	  80	  20	  70	 608	887403	887820	   0	 250	
 380	 387	  20	   4	 394	   2	   2	  16	  29	   8	  80	  20	  70	 576	889698	890092	   0	 250	
 381	 388	  70	   3	 588	   3	   2	  16	  29	   9	  80	  20	  70	 334	891744	892332	   0	 250	
 382	 389	  20	   4	 483	   2	   2	  16	  30	   9	  80	  20	  70	 476	894105	894588	   0	 250	
 383	 390	  70	   1	 488	   3	   1	  16	  30	  10	  80	  20	  70	 616	896516	897004	   0	 260	
 384	 391	  80	   3	 568	   1	   2	  17	  30	  10	  80	  20	  70	 314	898612	899180	   0	 260	
 385	 392	  70	   4	 383	   3	   2	  17	  30	  11	  80	  20	  70	 472	900957	901340	   0	 260	
 386	 393	  20	   4	 524	   2	   2	  17	  31	  11	  80	  20	  70	 517	903168	903692	   0	 260	
 387	 394	  70	   1	 438	   3	   1	  17	  31	  12	  80	  20	  70	 438	905430	905868	   0	 270	
 388	 395	  20	   4	 452	   2	   2	  17	  32	  12	  80	  20	  70	 417	907592	908044	   0	 270	
 389	 396	  70	   3	 493	   3	   2	  17	  32	  13	  80	  20	  70	 551	909903	910396	   0	 270	
 390	 397	  80	   2	 585	   1	   1	  18	  32	  13	  80	  20	  70	 412	912099	912684	   0	 260	
 391	 398	  70	   4	 447	   3	   2	  18	  32	  14	  80	  20	  70	 465	914477	914924	   0	 260	
 392	 399	  20	   3	 476	   2	   2	  18	  33	  14	  80	  20	  70	 479	916688	917164	   0	 260	
 393	 400	  80	   2	 488	   1	   1	  19	  33	  14	  80	  20	  70	 433	918900	919388	   0	 250	
 394	 401	  20	   4	 322	   2	   2	  19	  34	  14	  80	  20	  70	 490	921178	921500	   0	 250	
 395	 402	  80	   1	 471	   1	   1	  20	  34	  14	  80	  20	  70	 333	923141	923612	   0	 260	
 396	 403	  20	   4	 503	   2	   2	  20	  35	  14	  80	  20	  70	 316	925236	925739	   0	 260	
 397	 404	  80	   2	 522	   1	   1	  21	  35	  14	  80	  20	  70	 642	927681	928203	   0	 250	
 398	 405	  80	   3	 517	   2	   2	  21	   1	  14	  80	  80	  70	 416	929942	930459	   2	 250	
 399	 406	  80	   1	 641	   1	   1	  22	   1	  14	  80	  80	  70	 394	932154	932795	   0	 260	
 400	 407	  80	   1	 958	   2	   1	  22	   2	  14	  80	  80	  70	 669	934765	935723	   0	 270	
 401	 408	  80	   1	 722	   1	   1	  23	   2	  14	  80	  80	  70	 567	937609	938331	   0	 280	
 402	 409	  80	   1	 445	   2	   1	  23	   3	  14	  80	  80	  70	 640	940270	940715	   0	 290	
 403	 410	  80	   1	 700	   1	   1	  24	   3	  14	  80	  80	  70	 419	942431	943131	   0	 300	
 404	 411	  80	   2	1526	   2	   1	  24	   4	  14	  80	  80	  70	 664	945109	946635	   0	 290	
 405	 412	  80	   1	 552	   1	   1	  25	   4	  14	  80	  80	  70	 504	948435	948987	   0	 300	
 406	 413	  80	   1	 371	   2	   1	  25	   5	  14	  80	  80	  70	 388	950680	951051	   0	 310	
 407	 414	  80	   1	 424	   1	   1	  26	   5	  14	  80	  80	  70	 300	952659	953083	   0	 320	
 408	 415	  80	   1	 342	   2	   1	  26	   6	  14	  80	  80	  70	 456	954837	955179	   0	 330	
 409	 416	  80	   2	 275	   1	   1	  27	   6	  14	  80	  80	  70	 535	957016	957291	   0	 320	
 410	 417	  70	   1	 272	   3	   1	  27	   6	  15	  80	  80	  70	 617	959211	959483	   0	 330	
 411	 418	  80	   1	 403	   2	   1	  27	   7	  15	  80	  80	  70	 452	961256	961659	   0	 340	
 412	 419	  80	   1	 610	   1	   1	  28	   7	  15	  80	  80	  70	 428	963385	963995	   0	 350	
 413	 420	  80	   1	 270	   2	   1	  28	   8	  15	  80	  80	  70	 323	965613	965883	   0	 360	
 414	 421	  70	   1	 944	   3	   1	  28	   8	  16	  80	  80	  70	 478	967659	968603	   0	 370	
 415	 422	  80	   2	 348	   2	   1	  28	   9	  16	  80	  80	  70	 368	970270	970618	   0	 360	
 416	 423	  80	   1	 288	   1	   1	  29	   9	  16	  80	  80	  70	 353	972282	972570	   0	 370	
 417	 424	  70	   2	 289	   3	   1	  29	   9	  17	  80	  80	  70	 509	974377	974666	   0	 360	
 418	 425	  80	   1	 275	   2	   1	  29	  10	  17	  80	  80	  70	 455	976423	976698	   0	 370	
 419	 426	  80	   1	 514	   1	   1	  30	  10	  17	  80	  80	  70	 579	978568	979082	   0	 380	
 420	 427	  70	   1	 373	   3	   1	  30	  10	  18	  80	  80	  70	 629	981013	981386	   0	 390	
 421	 428	  80	   2	 435	   2	   1	  30	  11	  18	  80	  80	  70	 490	983191	983626	   0	 380	
 422	 429	  30	   2	 606	   1	   1	   1	  11	  18	  30	  80	  70	 487	985436	986042	   1	 370	
 423	 430	  70	   1	 486	   3	   1	   1	  11	  19	  30	  80	  70	 422	987764	988250	   0	 380	
 424	 431	  80	   1	 804	   2	   1	   1	  12	  19	  30	  80	  70	 352	989910	990714	   0	 390	
 425	 432	  70	   3	 600	   3	   2	   1	  12	  20	  30	  80	  70	 335	992354	992954	   0	 390	
 426	 433	  80	   1	 662	   2	   1	   1	  13	  20	  30	  80	  70	 678	994932	995594	   0	 400	
 427	 434	  70	   1	 397	   3	   1	   1	  13	  21	  30	  80	  70	 386	997277	997674	   0	 410	
 428	 435	  80	   1	 405	   2	   1	   1	  14	  21	  30	  80	  70	 657	999621	1000026	   0	 420	
 429	 436	  70	   2	 533	   3	   1	   1	  14	  22	  30	  80	  70	 394	1001717	1002250	   0	 410	
 430	 437	  30	   1	 257	   1	   1	   2	  14	  22	  30	  80	  70	 387	1003945	1004202	   0	 420	
 431	 438	  70	   2	 435	   3	   1	   2	  14	  23	  30	  80	  70	 486	1006007	1006442	   0	 410	
 432	 439	  30	   1	 241	   1	   1	   3	  14	  23	  30	  80	  70	 405	1008153	1008394	   0	 420	
 433	 440	  70	   1	 255	   3	   1	   3	  14	  24	  30	  80	  70	 641	1010331	1010586	   0	 430	
 434	 441	  80	   1	 426	   2	   1	   3	  15	  24	  30	  80	  70	 694	1012576	1013002	   0	 440	
NaN	 442	  70	NaN	NaN	   3	   3	   3	  15	  24	  30	  80	  70	 465	1012576	NaN	   0	 440	
 435	 443	  30	   2	  23	   1	   1	   4	  15	  24	  30	  80	  70	 496	1018530	1018553	   0	 430	
 436	 444	  80	   1	 393	   2	   1	   4	  16	  24	  30	  80	  70	 324	1020176	1020569	   0	 440	
 437	 445	  30	   4	 570	   1	   2	   5	  16	  24	  30	  80	  70	 397	1022255	1022825	   0	 440	
 438	 446	  80	   1	 393	   2	   1	   5	  17	  24	  30	  80	  70	 696	1024816	1025209	   0	 450	
 439	 447	  30	   4	 344	   1	   2	   6	  17	  24	  30	  80	  70	 448	1026961	1027305	   0	 450	
 440	 448	  80	   2	 246	   2	   1	   6	  18	  24	  30	  80	  70	 541	1029139	1029385	   0	 440	
 441	 449	  30	   3	 345	   1	   2	   7	  18	  24	  30	  80	  70	 461	1031152	1031497	   0	 440	
 442	 450	  70	   1	 720	   3	   1	   7	  18	  25	  30	  80	  70	 304	1033097	1033817	   0	 450	
 443	 451	  30	   4	 477	   1	   2	   8	  18	  25	  30	  80	  70	 586	1035708	1036185	   0	 450	
 444	 452	  80	   1	 580	   2	   1	   8	  19	  25	  30	  80	  70	 577	1038053	1038633	   0	 460	
 445	 453	  70	   1	 439	   3	   1	   8	  19	  26	  30	  80	  70	 597	1040514	1040953	   0	 470	
 446	 454	  80	   1	 480	   2	   1	   8	  20	  26	  30	  80	  70	 554	1042809	1043289	   0	 480	
 447	 455	  30	   4	 625	   1	   2	   9	  20	  26	  30	  80	  70	 323	1044904	1045529	   0	 480	
 448	 456	  80	   1	 424	   2	   1	   9	  21	  26	  30	  80	  70	 431	1047249	1047673	   0	 490	
 449	 457	  70	   1	 376	   3	   1	   9	  21	  27	  30	  80	  70	 380	1049345	1049721	   0	 500	
NaN	 458	  30	NaN	NaN	   1	   3	   9	  21	  27	  30	  80	  70	 333	1049345	NaN	   0	 500	
 450	 459	  70	   2	  70	   3	   1	   9	  21	  28	  30	  80	  70	 683	1055315	1055385	   0	 490	
 451	 460	  30	   2	 229	   1	   1	  10	  21	  28	  30	  80	  70	 339	1057044	1057273	   0	 480	
 452	 461	  80	   1	 430	   2	   1	  10	  22	  28	  30	  80	  70	 362	1058923	1059353	   0	 490	
 453	 462	  70	   1	 362	   3	   1	  10	  22	  29	  30	  80	  70	 495	1061135	1061497	   0	 500	
 454	 463	  30	   3	 344	   1	   2	  11	  22	  29	  30	  80	  70	 473	1063264	1063608	   0	 500	
 455	 464	  80	   1	 393	   2	   1	  11	  23	  29	  30	  80	  70	 459	1065359	1065752	   0	 510	
NaN	 465	  30	NaN	NaN	   1	   3	  11	  23	  29	  30	  80	  70	 395	1065359	NaN	   0	 510	
 456	 466	  70	   3	 238	   3	   2	  11	  23	  30	  30	  80	  70	 432	1071146	1071384	   0	 510	
 457	 467	  80	   1	 446	   2	   1	  11	  24	  30	  30	  80	  70	 556	1073242	1073688	   0	 520	
 458	 468	  70	   3	 398	   3	   2	  11	  24	  31	  30	  80	  70	 380	1075354	1075752	   0	 520	
 459	 469	  30	   2	 382	   1	   1	  12	  24	  31	  30	  80	  70	 409	1077466	1077848	   0	 510	
 460	 470	  80	   2	 199	   2	   1	  12	  25	  31	  30	  80	  70	 620	1079777	1079976	   0	 500	
 461	 471	  30	   2	 406	   1	   1	  13	  25	  31	  30	  80	  70	 620	1081922	1082328	   0	 490	
 462	 472	  70	   1	 610	   3	   1	  13	  25	  32	  30	  80	  70	 493	1084118	1084728	   0	 500	
 463	 473	  30	   1	 254	   1	   1	  14	  25	  32	  30	  80	  70	 319	1086346	1086600	   0	 510	
 464	 474	  80	   1	 364	   2	   1	  14	  26	  32	  30	  80	  70	 613	1088508	1088872	   0	 520	
 465	 475	  30	   2	1692	   1	   1	  15	  26	  32	  30	  80	  70	 451	1090620	1092312	   0	 510	
 466	 476	  70	   1	 194	   3	   1	  15	  26	  33	  30	  80	  70	 672	1094278	1094472	   0	 520	
 467	 477	  80	   3	 192	   2	   2	  15	  27	  33	  30	  80	  70	 675	1096440	1096632	   0	 520	
 468	 478	  70	   2	 296	   3	   1	  15	  27	  34	  30	  80	  70	 400	1098336	1098632	   0	 510	
 469	 479	  80	   1	 255	   2	   1	  15	  28	  34	  30	  80	  70	 344	1100265	1100520	   0	 520	
 470	 480	  30	   4	 520	   1	   2	  16	  28	  34	  30	  80	  70	 324	1102144	1102664	   0	 520	
 471	 481	  70	   3	 532	   3	   2	  16	  28	  35	  30	  80	  70	 353	1104340	1104872	   0	 520	
 472	 482	  80	   4	 432	   2	   2	  16	  29	  35	  30	  80	  70	 383	1106568	1107000	   0	 520	
 473	 483	  50	   4	 791	   3	   2	  16	  29	   1	  30	  80	  50	 566	1108896	1109687	   3	 520	
 474	 484	  80	   1	 603	   2	   1	  16	  30	   1	  30	  80	  50	 342	1111324	1111927	   0	 530	
 475	 485	  30	   3	 317	   1	   2	  17	  30	   1	  30	  80	  50	 577	1113802	1114119	   0	 530	
 476	 486	  20	   1	 169	   2	   1	  17	   1	   1	  30	  20	  50	 586	1116030	1116199	   2	 540	
 477	 487	  50	   3	 522	   3	   2	  17	   1	   2	  30	  20	  50	 606	1118109	1118631	   0	 540	
 478	 488	  20	   4	 521	   2	   2	  17	   2	   2	  30	  20	  50	 308	1120238	1120759	   0	 540	
 479	 489	  30	   2	 372	   1	   1	  18	   2	   2	  30	  20	  50	 415	1122483	1122855	   0	 530	
 480	 490	  50	   2	 541	   3	   1	  18	   2	   3	  30	  20	  50	 638	1124794	1125335	   0	 520	
 481	 491	  30	   2	1105	   1	   1	  19	   2	   3	  30	  20	  50	 563	1127206	1128311	   0	 510	
 482	 492	  50	   2	 436	   3	   1	  19	   2	   4	  30	  20	  50	 482	1130099	1130535	   0	 500	
 483	 493	  20	   2	 176	   2	   1	  19	   3	   4	  30	  20	  50	 468	1132311	1132487	   0	 490	
 484	 494	  50	   1	 266	   3	   1	  19	   3	   5	  30	  20	  50	 395	1134173	1134439	   0	 500	
 485	 495	  30	   2	 239	   1	   1	  20	   3	   5	  30	  20	  50	 402	1136152	1136391	   0	 490	
 486	 496	  20	   1	 447	   2	   1	  20	   4	   5	  30	  20	  50	 564	1138248	1138695	   0	 500	
 487	 497	  50	   1	 296	   3	   1	  20	   4	   6	  30	  20	  50	 578	1140559	1140855	   0	 510	
 488	 498	  30	   2	 254	   1	   1	  21	   4	   6	  30	  20	  50	 351	1142505	1142759	   0	 500	
 489	 499	  50	   3	 606	   3	   2	  21	   4	   7	  30	  20	  50	 551	1144617	1145223	   0	 500	
 490	 500	  30	   1	 107	   1	   1	  22	   4	   7	  30	  20	  50	 699	1147228	1147335	   0	 510	
 491	 501	  50	   1	1995	   3	   1	  22	   4	   8	  30	  20	  50	 678	1149340	1151335	   0	 520	
 492	 502	  20	   2	 313	   2	   1	  22	   5	   8	  30	  20	  50	 553	1153198	1153511	   0	 510	
 493	 503	  30	   1	 135	   1	   1	  23	   5	   8	  30	  20	  50	 535	1155343	1155478	   0	 520	
 494	 504	  50	   2	 256	   3	   1	  23	   5	   9	  30	  20	  50	 428	1157206	1157462	   0	 510	
 495	 505	  30	   2	 378	   1	   1	  24	   5	   9	  30	  20	  50	 307	1159068	1159446	   0	 500	
 496	 506	  20	   2	 279	   2	   1	  24	   6	   9	  30	  20	  50	 530	1161263	1161542	   0	 490	
 497	 507	  50	   2	 397	   3	   1	  24	   6	  10	  30	  20	  50	 361	1163193	1163590	   0	 480	
 498	 508	  20	   2	 281	   2	   1	  24	   7	  10	  30	  20	  50	 544	1165421	1165702	   0	 470	
 499	 509	  50	   1	 159	   3	   1	  24	   7	  11	  30	  20	  50	 366	1167367	1167526	   0	 480	
 500	 510	  30	   4	 559	   1	   2	  25	   7	  11	  30	  20	  50	 661	1169479	1170038	   0	 480	
 501	 511	  50	   2	1198	   3	   1	  25	   7	  12	  30	  20	  50	 691	1172040	1173238	   0	 470	
 502	 512	  30	   2	1232	   1	   1	  26	   7	  12	  30	  20	  50	 403	1174950	1176182	   0	 460	
 503	 513	  20	   2	 159	   2	   1	  26	   8	  12	  30	  20	  50	 443	1177927	1178086	   0	 450	
 504	 514	  30	   2	 243	   1	   1	  27	   8	  12	  30	  20	  50	 557	1179939	1180182	   0	 440	
 505	 515	  50	   3	 291	   3	   2	  27	   8	  13	  30	  20	  50	 588	1182067	1182358	   0	 440	
NaN	 516	  30	NaN	NaN	   1	   3	  27	   8	  13	  30	  20	  50	 419	1182067	NaN	   0	 440	
 506	 517	  20	   2	 558	   2	   1	  27	   9	  13	  30	  20	  50	 320	1187672	1188230	   0	 430	
 507	 518	  50	   1	 249	   3	   1	  27	   9	  14	  30	  20	  50	 399	1189933	1190182	   0	 440	
 508	 519	  20	   2	 422	   2	   1	  27	  10	  14	  30	  20	  50	 620	1192112	1192534	   0	 430	
 509	 520	  30	   1	1523	   1	   1	  28	  10	  14	  30	  20	  50	 474	1194307	1195830	   0	 440	
 510	 521	  20	   2	 256	   2	   1	  28	  11	  14	  30	  20	  50	 633	1197766	1198022	   0	 430	
 511	 522	  50	   4	 596	   3	   2	  28	  11	  15	  30	  20	  50	 587	1199329	1199925	   0	 430	
 512	 523	  30	   2	 443	   1	   1	  29	  11	  15	  30	  20	  50	 448	1201674	1202117	   0	 420	
 513	 524	  50	   2	 405	   3	   1	  29	  11	  16	  30	  20	  50	 533	1203952	1204357	   0	 410	
 514	 525	  30	   2	 391	   1	   1	  30	  11	  16	  30	  20	  50	 362	1206014	1206405	   0	 400	
 515	 526	  50	   1	 202	   3	   1	  30	  11	  17	  30	  20	  50	 318	1208027	1208229	   0	 410	
 516	 527	  30	   4	 382	   1	   2	  31	  11	  17	  30	  20	  50	 508	1210039	1210421	   0	 410	
 517	 528	  50	   2	 378	   3	   1	  31	  11	  18	  30	  20	  50	 543	1212267	1212645	   0	 400	
 518	 529	  30	   2	 284	   1	   1	  32	  11	  18	  30	  20	  50	 392	1214329	1214613	   0	 390	
 519	 530	  50	   1	 330	   3	   1	  32	  11	  19	  30	  20	  50	 564	1216475	1216805	   0	 400	
 520	 531	  30	   4	 507	   1	   2	  33	  11	  19	  30	  20	  50	 469	1218570	1219077	   0	 400	
 521	 532	  50	   4	 382	   3	   2	  33	  11	  20	  30	  20	  50	 620	1221031	1221413	   0	 400	
 522	 533	  80	   4	 498	   1	   2	   1	  11	  20	  80	  20	  50	 314	1223043	1223541	   1	 400	
 523	 534	  20	   2	 570	   2	   1	   1	  12	  20	  80	  20	  50	 516	1225371	1225941	   0	 390	
NaN	 535	  50	NaN	NaN	   3	   3	   1	  12	  20	  80	  20	  50	 430	1225371	NaN	   0	 390	
NaN	 536	  20	NaN	NaN	   2	   3	   1	  12	  20	  80	  20	  50	 350	1225371	NaN	   0	 390	
 524	 537	  80	   1	 691	   1	   1	   2	  12	  20	  80	  20	  50	 699	1235266	1235957	   0	 400	
 525	 538	  50	   2	 238	   3	   1	   2	  12	  21	  80	  20	  50	 664	1237927	1238165	   0	 390	
 526	 539	  20	   2	 314	   2	   1	   2	  13	  21	  80	  20	  50	 681	1240155	1240469	   0	 380	
 527	 540	  50	   2	 353	   3	   1	   2	  13	  22	  80	  20	  50	 310	1242068	1242421	   0	 370	
 528	 541	  20	   1	 370	   2	   1	   2	  14	  22	  80	  20	  50	 425	1244147	1244517	   0	 380	
 529	 542	  50	   1	 239	   3	   1	   2	  14	  23	  80	  20	  50	 504	1246325	1246564	   0	 390	
 530	 543	  20	   2	 515	   2	   1	   2	  15	  23	  80	  20	  50	 481	1248337	1248852	   0	 380	
 531	 544	  80	   1	 526	   1	   1	   3	  15	  23	  80	  20	  50	 385	1250566	1251092	   0	 390	
 532	 545	  20	   1	 460	   2	   1	   3	  16	  23	  80	  20	  50	 335	1252728	1253188	   0	 400	
 533	 546	  50	   3	1498	   3	   2	   3	  16	  24	  80	  20	  50	 419	1254906	1256404	   0	 400	
 534	 547	  20	   2	 389	   2	   1	   3	  17	  24	  80	  20	  50	 699	1258415	1258804	   0	 390	
 535	 548	  80	   2	 486	   1	   1	   4	  17	  24	  80	  20	  50	 398	1260510	1260996	   0	 380	
 536	 549	  50	   1	 179	   3	   1	   4	  17	  25	  80	  20	  50	 404	1262705	1262884	   0	 390	
 537	 550	  20	   2	 440	   2	   1	   4	  18	  25	  80	  20	  50	 506	1264684	1265124	   0	 380	
 538	 551	  80	   1	 290	   1	   1	   5	  18	  25	  80	  20	  50	 527	1266946	1267236	   0	 390	
 539	 552	  20	   2	 292	   2	   1	   5	  19	  25	  80	  20	  50	 477	1269008	1269300	   0	 380	
 540	 553	  80	   1	 286	   1	   1	   6	  19	  25	  80	  20	  50	 692	1271286	1271572	   0	 390	
 541	 554	  50	   1	 366	   3	   1	   6	  19	  26	  80	  20	  50	 496	1273398	1273764	   0	 400	
 542	 555	  20	   2	 256	   2	   1	   6	  20	  26	  80	  20	  50	 366	1275444	1275700	   0	 390	
 543	 556	  50	   2	 204	   3	   1	   6	  20	  27	  80	  20	  50	 665	1277672	1277876	   0	 380	
 544	 557	  80	   1	 565	   1	   1	   7	  20	  27	  80	  20	  50	 360	1279535	1280100	   0	 390	
 545	 558	  50	   2	 725	   3	   1	   7	  20	  28	  80	  20	  50	 648	1282063	1282788	   0	 380	
 546	 559	  80	   1	 149	   1	   1	   8	  20	  28	  80	  20	  50	 524	1284607	1284756	   0	 390	
 547	 560	  50	   1	 358	   3	   1	   8	  20	  29	  80	  20	  50	 615	1286686	1287044	   0	 400	
 548	 561	  80	   1	  46	   1	   1	   9	  20	  29	  80	  20	  50	 667	1289014	1289060	   0	 410	
 549	 562	  20	   2	 409	   2	   1	   9	  21	  29	  80	  20	  50	 464	1290810	1291219	   0	 400	
 550	 563	  50	   2	 350	   3	   1	   9	  21	  30	  80	  20	  50	 683	1293205	1293555	   0	 390	
 551	 564	  20	   1	 382	   2	   1	   9	  22	  30	  80	  20	  50	 424	1295317	1295699	   0	 400	
 552	 565	  80	   1	 331	   1	   1	  10	  22	  30	  80	  20	  50	 498	1297512	1297843	   0	 410	
 553	 566	  20	   2	 401	   2	   1	  10	  23	  30	  80	  20	  50	 321	1299474	1299875	   0	 400	
 554	 567	  80	   1	 312	   1	   1	  11	  23	  30	  80	  20	  50	 647	1301819	1302131	   0	 410	
 555	 568	  50	   1	 348	   3	   1	  11	  23	  31	  80	  20	  50	 411	1303831	1304179	   0	 420	
 556	 569	  20	   2	 576	   2	   1	  11	  24	  31	  80	  20	  50	 356	1305843	1306419	   0	 410	
 557	 570	  80	   3	 852	   1	   2	  12	  24	  31	  80	  20	  50	 546	1308255	1309107	   0	 410	
 558	 571	  20	   2	 338	   2	   1	  12	  25	  31	  80	  20	  50	 445	1310849	1311187	   0	 400	
 559	 572	  80	   3	 270	   1	   2	  13	  25	  31	  80	  20	  50	 584	1313077	1313347	   0	 400	
 560	 573	  50	   4	 203	   3	   2	  13	  25	  32	  80	  20	  50	 609	1315256	1315459	   0	 400	
 561	 574	  20	   4	 274	   2	   2	  13	  26	  32	  80	  20	  50	 389	1317185	1317459	   0	 400	
 562	 575	  50	   2	 295	   3	   1	  13	  26	  33	  80	  20	  50	 408	1319164	1319459	   0	 390	
 563	 576	  20	   4	 229	   2	   2	  13	  27	  33	  80	  20	  50	 596	1321342	1321571	   0	 390	
 564	 577	  80	   2	 841	   1	   1	  14	  27	  33	  80	  20	  50	 495	1323354	1324195	   0	 380	
 565	 578	  20	   1	 185	   2	   1	  14	  28	  33	  80	  20	  50	 377	1325866	1326051	   0	 390	
 566	 579	  30	   2	 255	   3	   1	  14	  28	   1	  80	  20	  30	 456	1327828	1328083	   3	 380	
 567	 580	  20	   4	 375	   2	   2	  14	  29	   1	  80	  20	  30	 344	1329724	1330099	   0	 380	
 568	 581	  80	   1	 284	   1	   1	  15	  29	   1	  80	  20	  30	 320	1331719	1332003	   0	 390	
 569	 582	  20	   2	 711	   2	   1	  15	  30	   1	  80	  20	  30	 632	1333948	1334659	   0	 380	
 570	 583	  30	   2	 259	   3	   1	  15	  30	   2	  80	  20	  30	 656	1336608	1336867	   0	 370	
 571	 584	  20	   4	 420	   2	   2	  15	  31	   2	  80	  20	  30	 453	1338654	1339074	   0	 370	
 572	 585	  30	   4	 380	   3	   2	  15	  31	   3	  80	  20	  30	 610	1340982	1341362	   0	 370	
 573	 586	  80	   4	 131	   1	   2	  16	  31	   3	  80	  20	  30	 665	1343327	1343458	   0	 370	
 574	 587	  30	   2	 268	   3	   1	  16	  31	   4	  80	  20	  30	 454	1345206	1345474	   0	 360	
 575	 588	  80	   1	 511	   1	   1	  17	  31	   4	  80	  20	  30	 459	1347235	1347746	   0	 370	
 576	 589	  20	   4	 605	   2	   2	  17	  32	   4	  80	  20	  30	 359	1349397	1350002	   0	 370	
 577	 590	  30	   3	 485	   3	   2	  17	  32	   5	  80	  20	  30	 425	1351725	1352210	   0	 370	
 578	 591	  80	   1	 452	   1	   1	  18	  32	   5	  80	  20	  30	 332	1353854	1354306	   0	 380	
 579	 592	  20	   4	 370	   2	   2	  18	  33	   5	  80	  20	  30	 405	1356016	1356386	   0	 380	
 580	 593	  80	   1	 265	   1	   1	  19	  33	   5	  80	  20	  30	 697	1358377	1358642	   0	 390	
 581	 594	  20	   4	 463	   2	   2	  19	  34	   5	  80	  20	  30	 350	1360323	1360786	   0	 390	
 582	 595	  80	   1	 550	   1	   1	  20	  34	   5	  80	  20	  30	 598	1362684	1363234	   0	 400	
 583	 596	  30	   4	 404	   3	   2	  20	  34	   6	  80	  20	  30	 305	1364846	1365250	   0	 400	
 584	 597	  80	   3	 286	   1	   2	  21	  34	   6	  80	  20	  30	 575	1367124	1367410	   0	 400	
 585	 598	  20	   2	 370	   2	   1	  21	  35	   6	  80	  20	  30	 407	1369120	1369490	   0	 390	
 586	 599	  80	   2	 245	   1	   1	  22	  35	   6	  80	  20	  30	 380	1371165	1371410	   0	 380	
 587	 600	  30	   1	 107	   3	   1	  22	  35	   7	  80	  20	  30	 409	1373111	1373218	   0	 390	
 588	 601	  80	   1	 424	   1	   1	  23	  35	   7	  80	  20	  30	 378	1374890	1375314	   0	 400	
 589	 602	  70	   1	 255	   2	   1	  23	   1	   7	  80	  70	  30	 593	1377219	1377474	   2	 410	
 590	 603	  30	   4	 320	   3	   2	  23	   1	   8	  80	  70	  30	 541	1379314	1379634	   0	 410	
 591	 604	  70	   3	 416	   2	   2	  23	   2	   8	  80	  70	  30	 448	1381426	1381842	   0	 410	
 592	 605	  30	   4	 384	   3	   2	  23	   2	   9	  80	  70	  30	 362	1383505	1383889	   0	 410	
 593	 606	  70	   1	 408	   2	   1	  23	   3	   9	  80	  70	  30	 656	1385849	1386257	   0	 420	
 594	 607	  30	   3	 331	   3	   2	  23	   3	  10	  80	  70	  30	 321	1387878	1388209	   0	 420	
 595	 608	  70	   1	 528	   2	   1	  23	   4	  10	  80	  70	  30	 351	1389857	1390385	   0	 430	
 596	 609	  30	   2	1661	   3	   1	  23	   4	  11	  80	  70	  30	 370	1392052	1393713	   0	 420	
 597	 610	  80	   1	   5	   1	   1	  24	   4	  11	  80	  70	  30	 615	1395628	1395633	   0	 430	
 598	 611	  70	   2	 503	   2	   1	  24	   5	  11	  80	  70	  30	 344	1397274	1397777	   0	 420	
 599	 612	  30	   2	 220	   3	   1	  24	   5	  12	  80	  70	  30	 593	1399669	1399889	   0	 410	
 600	 613	  70	   1	 404	   2	   1	  24	   6	  12	  80	  70	  30	 380	1401565	1401969	   0	 420	
 601	 614	  80	   3	 518	   1	   2	  25	   6	  12	  80	  70	  30	 336	1403643	1404161	   0	 420	
 602	 615	  70	   4	 252	   2	   2	  25	   7	  12	  80	  70	  30	 554	1406021	1406273	   0	 420	
 603	 616	  30	   4	 404	   3	   2	  25	   7	  13	  80	  70	  30	 332	1407917	1408321	   0	 420	
 604	 617	  80	   1	 388	   1	   1	  26	   7	  13	  80	  70	  30	 383	1410013	1410401	   0	 430	
 605	 618	  30	   2	 428	   3	   1	  26	   7	  14	  80	  70	  30	 640	1412341	1412769	   0	 420	
 606	 619	  70	   1	 665	   2	   1	  26	   8	  14	  80	  70	  30	 475	1414536	1415201	   0	 430	
 607	 620	  30	   1	 282	   3	   1	  26	   8	  15	  80	  70	  30	 543	1417047	1417329	   0	 440	
 608	 621	  70	   3	 125	   2	   2	  26	   9	  15	  80	  70	  30	 454	1419092	1419217	   0	 440	
 609	 622	  80	   3	1512	   1	   2	  27	   9	  15	  80	  70	  30	 397	1420905	1422417	   0	 440	
 610	 623	  70	   4	 398	   2	   2	  27	  10	  15	  80	  70	  30	 415	1424131	1424529	   0	 440	
 611	 624	  80	   2	 382	   1	   1	  28	  10	  15	  80	  70	  30	 375	1426227	1426609	   0	 430	
 612	 625	  30	   4	 359	   3	   2	  28	  10	  16	  80	  70	  30	 584	1428505	1428864	   0	 430	
 613	 626	  70	   3	 936	   2	   2	  28	  11	  16	  80	  70	  30	 421	1430584	1431520	   0	 430	
 614	 627	  80	   3	 446	   1	   2	  29	  11	  16	  80	  70	  30	 564	1433378	1433824	   0	 430	
 615	 628	  30	   4	 637	   3	   2	  29	  11	  17	  80	  70	  30	 416	1435539	1436176	   0	 430	
NaN	 629	  80	NaN	NaN	   1	   3	  29	  11	  17	  80	  70	  30	 425	1435539	NaN	   0	 430	
 616	 630	  70	   1	 158	   2	   1	  29	  12	  17	  80	  70	  30	 666	1441842	1442000	   0	 440	
 617	 631	  30	   2	 370	   3	   1	  29	  12	  18	  80	  70	  30	 555	1443854	1444224	   0	 430	
 618	 632	  80	   1	 801	   1	   1	  30	  12	  18	  80	  70	  30	 448	1445983	1446784	   0	 440	
 619	 633	  70	   1	 268	   2	   1	  30	  13	  18	  80	  70	  30	 567	1448660	1448928	   0	 450	
 620	 634	  30	   3	 475	   3	   2	  30	  13	  19	  80	  70	  30	 553	1450789	1451264	   0	 450	
 621	 635	  50	   4	 567	   1	   2	   1	  13	  19	  50	  70	  30	 390	1453001	1453568	   1	 450	
 622	 636	  30	   1	 484	   3	   1	   1	  13	  20	  50	  70	  30	 328	1455196	1455680	   0	 460	
 623	 637	  50	   2	 523	   1	   1	   2	  13	  20	  50	  70	  30	 550	1457541	1458064	   0	 450	
 624	 638	  30	   1	 633	   3	   1	   2	  13	  21	  50	  70	  30	 335	1459703	1460336	   0	 460	
 625	 639	  70	   1	 558	   2	   1	   2	  14	  21	  50	  70	  30	 475	1462114	1462672	   0	 470	
 626	 640	  50	   4	 404	   1	   2	   3	  14	  21	  50	  70	  30	 522	1464492	1464896	   0	 470	
 627	 641	  70	   2	 330	   2	   1	   3	  15	  21	  50	  70	  30	 678	1466870	1467200	   0	 460	
 628	 642	  30	   2	 414	   3	   1	   3	  15	  22	  50	  70	  30	 372	1468866	1469280	   0	 450	
 629	 643	  50	   3	 251	   1	   2	   4	  15	  22	  50	  70	  30	 483	1471061	1471312	   0	 450	
 630	 644	  70	   1	 233	   2	   1	   4	  16	  22	  50	  70	  30	 612	1473223	1473456	   0	 460	
 631	 645	  30	   2	 197	   3	   1	   4	  16	  23	  50	  70	  30	 626	1475418	1475615	   0	 450	
 632	 646	  70	   1	 179	   2	   1	   4	  17	  23	  50	  70	  30	 676	1477580	1477759	   0	 460	
 633	 647	  50	   1	 219	   1	   1	   5	  17	  23	  50	  70	  30	 447	1479492	1479711	   0	 470	
 634	 648	  30	   2	 193	   3	   1	   5	  17	  24	  50	  70	  30	 442	1481454	1481647	   0	 460	
 635	 649	  50	   2	 159	   1	   1	   6	  17	  24	  50	  70	  30	 669	1483616	1483775	   0	 450	
 636	 650	  30	   2	 156	   3	   1	   6	  17	  25	  50	  70	  30	 304	1485379	1485535	   0	 440	
 637	 651	  70	   1	  18	   2	   1	   6	  18	  25	  50	  70	  30	 496	1487325	1487343	   0	 450	
 638	 652	  30	   4	 423	   3	   2	   6	  18	  26	  50	  70	  30	 650	1489304	1489727	   0	 450	
 639	 653	  50	   3	 350	   1	   2	   7	  18	  26	  50	  70	  30	 637	1491665	1492015	   0	 450	
 640	 654	  70	   2	 562	   2	   1	   7	  19	  26	  50	  70	  30	 341	1493661	1494223	   0	 440	
 641	 655	  50	   3	 520	   1	   2	   8	  19	  26	  50	  70	  30	 514	1496055	1496575	   0	 440	
 642	 656	  70	   4	 312	   2	   2	   8	  20	  26	  50	  70	  30	 700	1498583	1498895	   0	 440	
 643	 657	  30	   1	 492	   3	   1	   8	  20	  27	  50	  70	  30	 389	1500579	1501071	   0	 450	
 644	 658	  50	   1	 607	   1	   1	   9	  20	  27	  50	  70	  30	 671	1503040	1503647	   0	 460	
 645	 659	  30	   4	 644	   3	   2	   9	  20	  28	  50	  70	  30	 498	1505451	1506095	   0	 460	
 646	 660	  70	   2	 393	   2	   1	   9	  21	  28	  50	  70	  30	 463	1507846	1508239	   0	 450	
 647	 661	  30	   2	 365	   3	   1	   9	  21	  29	  50	  70	  30	 323	1509858	1510223	   0	 440	
 648	 662	  70	   1	  52	   2	   1	   9	  22	  29	  50	  70	  30	 681	1512203	1512255	   0	 450	
 649	 663	  30	   3	 397	   3	   2	   9	  22	  30	  50	  70	  30	 499	1514066	1514463	   0	 450	
 650	 664	  70	   1	 220	   2	   1	   9	  23	  30	  50	  70	  30	 479	1516227	1516447	   0	 460	
 651	 665	  50	   4	 221	   1	   2	  10	  23	  30	  50	  70	  30	 526	1518306	1518527	   0	 460	
 652	 666	  30	   2	 412	   3	   1	  10	  23	   1	  50	  70	  30	 581	1520418	1520830	   0	 450	
 653	 667	  70	   1	 349	   2	   1	  10	  24	   1	  50	  70	  30	 396	1522513	1522862	   0	 460	
 654	 668	  30	   2	 216	   3	   1	  10	  24	   2	  50	  70	  30	 576	1524742	1524958	   0	 450	
 655	 669	  50	   1	 203	   1	   1	  11	  24	   2	  50	  70	  30	 509	1526771	1526974	   0	 460	
 656	 670	  70	   1	 411	   2	   1	  11	  25	   2	  50	  70	  30	 629	1528899	1529310	   0	 470	
 657	 671	  50	   2	 586	   1	   1	  12	  25	   2	  50	  70	  30	 586	1530596	1531182	   0	 460	
 658	 672	  30	   2	1289	   3	   1	  12	  25	   3	  50	  70	  30	 670	1533157	1534446	   0	 450	
 659	 673	  70	   1	 141	   2	   1	  12	  26	   3	  50	  70	  30	 695	1536433	1536574	   0	 460	
 660	 674	  30	   4	 793	   3	   2	  12	  26	   4	  50	  70	  30	 367	1538245	1539038	   0	 460	
 661	 675	  50	   2	 351	   1	   1	  13	  26	   4	  50	  70	  30	 668	1541039	1541390	   0	 450	
 662	 676	  70	   2	  28	   2	   1	  13	  27	   4	  50	  70	  30	 542	1543234	1543262	   0	 440	
 663	 677	  30	   1	 262	   3	   1	  13	  27	   5	  50	  70	  30	 521	1545080	1545342	   0	 450	
 664	 678	  50	   1	 193	   1	   1	  14	  27	   5	  50	  70	  30	 694	1547325	1547518	   0	 460	
 665	 679	  70	   1	 150	   2	   1	  14	  28	   5	  50	  70	  30	 497	1549304	1549454	   0	 470	
 666	 680	  50	   1	 325	   1	   1	  15	  28	   5	  50	  70	  30	 683	1551449	1551774	   0	 480	
 667	 681	  30	   2	 363	   3	   1	  15	  28	   6	  50	  70	  30	 326	1553395	1553758	   0	 470	
 668	 682	  50	   2	 485	   1	   1	  16	  28	   6	  50	  70	  30	 602	1555657	1556142	   0	 460	
 669	 683	  30	   1	 321	   3	   1	  16	  28	   7	  50	  70	  30	 420	1557869	1558190	   0	 470	
 670	 684	  50	   1	 524	   1	   1	  17	  28	   7	  50	  70	  30	 638	1560130	1560654	   0	 480	
 671	 685	  70	   1	1094	   2	   1	  17	  29	   7	  50	  70	  30	 405	1562392	1563486	   0	 490	
 672	 686	  50	   4	 597	   1	   2	  18	  29	   7	  50	  70	  30	 609	1565385	1565982	   0	 490	
 673	 687	  70	   2	 335	   2	   1	  18	  30	   7	  50	  70	  30	 335	1567614	1567949	   0	 480	
 674	 688	  50	   1	 434	   1	   1	  19	  30	   7	  50	  70	  30	 432	1569243	1569677	   0	 490	
 675	 689	  30	   4	 450	   3	   2	  19	  30	   8	  50	  70	  30	 357	1571339	1571789	   0	 490	
 676	 690	  50	   2	 496	   1	   1	  20	  30	   8	  50	  70	  30	 410	1573501	1573997	   0	 480	
 677	 691	  30	   2	 263	   3	   1	  20	  30	   9	  50	  70	  30	 576	1575862	1576125	   0	 470	
 678	 692	  70	   1	 440	   2	   1	  20	  31	   9	  50	  70	  30	 528	1577941	1578381	   0	 480	
 679	 693	  30	   1	  38	   3	   1	  20	  31	  10	  50	  70	  30	 428	1580103	1580141	   0	 490	
 680	 694	  50	   1	1682	   1	   1	  21	  31	  10	  50	  70	  30	 454	1581899	1583581	   0	 500	
 681	 695	  70	   1	 441	   2	   1	  21	  32	  10	  50	  70	  30	 606	1585524	1585965	   0	 510	
 682	 696	  30	   2	 880	   3	   1	  21	  32	  11	  50	  70	  30	 629	1587885	1588765	   0	 500	
 683	 697	  50	   1	1374	   1	   1	  22	  32	  11	  50	  70	  30	 398	1590463	1591837	   0	 510	
 684	 698	  30	   2	 317	   3	   1	  22	  32	  12	  50	  70	  30	 329	1593456	1593773	   0	 500	
 685	 699	  50	   1	1373	   1	   1	  23	  32	  12	  50	  70	  30	 486	1595568	1596941	   0	 510	
 686	 700	  30	   2	 254	   3	   1	  23	  32	  13	  50	  70	  30	 671	1598911	1599165	   0	 500	
 687	 701	  70	   1	 309	   2	   1	  23	  33	  13	  50	  70	  30	 379	1600840	1601149	   0	 510	
 688	 702	  30	   2	 491	   3	   1	  23	  33	  14	  50	  70	  30	 345	1602786	1603277	   0	 500	
 689	 703	  50	   2	 534	   1	   1	  24	  33	  14	  50	  70	  30	 481	1605047	1605581	   0	 490	
 690	 704	  30	   1	 207	   3	   1	  24	  33	  15	  50	  70	  30	 452	1607342	1607549	   0	 500	
 691	 705	  50	   4	 761	   1	   2	  25	  33	  15	  50	  70	  30	 301	1609188	1609949	   0	 500	
 692	 706	  70	   2	 855	   2	   1	  25	  34	  15	  50	  70	  30	 482	1611733	1612588	   0	 490	
 693	 707	  50	   2	  77	   1	   1	  26	  34	  15	  50	  70	  30	 662	1614543	1614620	   0	 480	
 694	 708	  30	   2	 143	   3	   1	  26	  34	  16	  50	  70	  30	 697	1616605	1616748	   0	 470	
 695	 709	  50	   2	 227	   1	   1	  27	  34	  16	  50	  70	  30	 570	1618617	1618844	   0	 460	
 696	 710	  30	   2	  48	   3	   1	  27	  34	  17	  50	  70	  30	 680	1620812	1620860	   0	 450	
 697	 711	  70	   1	  53	   2	   1	  27	  35	  17	  50	  70	  30	 645	1622791	1622844	   0	 460	
 698	 712	  50	   1	 231	   1	   1	  28	  35	  17	  50	  70	  30	 691	1624837	1625068	   0	 470	
NaN	 713	  70	NaN	NaN	   2	   3	  28	   0	  17	  50	  70	  30	 359	1624837	NaN	   0	 470	
 699	 714	  50	   2	 886	   1	   1	  29	   0	  17	  50	  70	  30	 367	1630358	1631244	   0	 460	
 700	 715	  30	   2	 110	   3	   1	  29	   0	  18	  50	  70	  30	 564	1633102	1633212	   0	 450	
 701	 716	  50	   1	 430	   1	   1	  30	   0	  18	  50	  70	  30	 671	1635214	1635644	   0	 460	
 702	 717	  30	   1	 384	   3	   1	  30	   0	  19	  50	  70	  30	 341	1637276	1637660	   0	 470	
 703	 718	  50	   2	 548	   1	   1	  31	   0	  19	  50	  70	  30	 316	1639288	1639836	   0	 460	
 704	 719	  70	   3	 190	   2	   2	  31	   1	  19	  50	  70	  30	 400	1641550	1641740	   0	 460	
 705	 720	  50	   4	   4	   1	   2	  32	   1	  19	  50	  70	  30	 461	1643496	1643500	   0	 460	
 706	 721	  30	   3	 169	   3	   2	  32	   1	  20	  50	  70	  30	 690	1645491	1645660	   0	 460	
 707	 722	  50	   3	  96	   1	   2	  33	   1	  20	  50	  70	  30	 434	1647404	1647500	   0	 460	
 708	 723	  30	   1	 115	   3	   1	  33	   1	  21	  50	  70	  30	 648	1649449	1649564	   0	 470	
 709	 724	  70	   1	 303	   2	   1	  33	   2	  21	  50	  70	  30	 384	1651245	1651548	   0	 480	
NaN	 725	  50	NaN	NaN	   1	   3	   0	   2	  21	  50	  70	  30	 359	1651245	NaN	   0	 480	
 710	 726	  70	   1	1033	   2	   1	   0	   3	  21	  50	  70	  30	 392	1656866	1657899	   0	 490	
