Version: 1	Number of symbols: 3	Pictures exchange: true	Response Deadline: 2000
Trial_No	Virt_Trial_No	Prob_Shown	Feedback	RT	Stimulus_No	Resp	SymbolA_Stage	SymbolB_Stage	SymbolC_Stage	Prob_A	Prob_B	Prob_C	Jitter	StimOnset	RespOnset	Symbol_Changes	Bonus_sum
   1	   1	  30	   2	 937	   1	   1	   1	   0	   0	  30	  70	  50	 321	1433	2370	   0	 -10	
   2	   2	  50	   2	 669	   3	   1	   1	   0	   1	  30	  70	  50	 468	4149	4818	   0	 -20	
   3	   3	  30	   4	 566	   1	   2	   2	   0	   1	  30	  70	  50	 595	6716	7282	   0	 -20	
   4	   4	  50	   3	 497	   3	   2	   2	   0	   2	  30	  70	  50	 649	9249	9746	   0	 -20	
   5	   5	  70	   3	 910	   2	   2	   2	   1	   2	  30	  70	  50	 680	11716	12626	   0	 -20	
   6	   6	  30	   4	 748	   1	   2	   3	   1	   2	  30	  70	  50	 641	14566	15314	   0	 -20	
   7	   7	  50	   4	 689	   3	   2	   3	   1	   3	  30	  70	  50	 640	17249	17938	   0	 -20	
   8	   8	  70	   1	 362	   2	   1	   3	   2	   3	  30	  70	  50	 597	19832	20194	   0	 -10	
   9	   9	  50	   2	 914	   3	   1	   3	   2	   4	  30	  70	  50	 538	22032	22946	   0	 -20	
  10	  10	  30	   3	 520	   1	   2	   4	   2	   4	  30	  70	  50	 447	24682	25202	   0	 -20	
  11	  11	  50	   3	 845	   3	   2	   4	   2	   5	  30	  70	  50	 436	26949	27794	   0	 -20	
  12	  12	  70	   1	 616	   2	   1	   4	   3	   5	  30	  70	  50	 384	29482	30098	   0	 -10	
  13	  13	  50	   2	 630	   3	   1	   4	   3	   6	  30	  70	  50	 527	31932	32562	   0	 -20	
  14	  14	  70	   2	 467	   2	   1	   4	   4	   6	  30	  70	  50	 545	34399	34866	   0	 -30	
  15	  15	  50	   1	 521	   3	   1	   4	   4	   7	  30	  70	  50	 489	36665	37186	   0	 -20	
  16	  16	  30	   3	 429	   1	   2	   5	   4	   7	  30	  70	  50	 464	38949	39378	   0	 -20	
  17	  17	  70	   2	 507	   2	   1	   5	   5	   7	  30	  70	  50	 337	41015	41522	   0	 -30	
  18	  18	  50	   1	 491	   3	   1	   5	   5	   8	  30	  70	  50	 578	43399	43890	   0	 -20	
  19	  19	  70	   1	 410	   2	   1	   5	   6	   8	  30	  70	  50	 619	45815	46225	   0	 -10	
  20	  20	  30	   4	 848	   1	   2	   6	   6	   8	  30	  70	  50	 537	48065	48913	   0	 -10	
  21	  21	  50	   4	 723	   3	   2	   6	   6	   9	  30	  70	  50	 569	50782	51505	   0	 -10	
  22	  22	  30	   4	 866	   1	   2	   7	   6	   9	  30	  70	  50	 400	53215	54081	   0	 -10	
  23	  23	  50	   1	 579	   3	   1	   7	   6	  10	  30	  70	  50	 613	55998	56577	   0	   0	
  24	  24	  30	   4	 469	   1	   2	   8	   6	  10	  30	  70	  50	 479	58348	58817	   0	   0	
  25	  25	  70	   1	 447	   2	   1	   8	   7	  10	  30	  70	  50	 350	60482	60929	   0	  10	
  26	  26	  50	   3	 796	   3	   2	   8	   7	  11	  30	  70	  50	 364	62581	63377	   0	  10	
  27	  27	  30	   4	 492	   1	   2	   9	   7	  11	  30	  70	  50	 697	65365	65857	   0	  10	
  28	  28	  50	   2	 585	   3	   1	   9	   7	  12	  30	  70	  50	 687	67848	68433	   0	   0	
  29	  29	  70	   1	 402	   2	   1	   9	   8	  12	  30	  70	  50	 671	70415	70817	   0	  10	
  30	  30	  50	   3	 868	   3	   2	   9	   8	  13	  30	  70	  50	 640	72765	73633	   0	  10	
  31	  31	  70	   1	 426	   2	   1	   9	   9	  13	  30	  70	  50	 481	75415	75841	   0	  20	
  32	  32	  50	   1	 491	   3	   1	   9	   9	  14	  30	  70	  50	 663	77798	78289	   0	  30	
  33	  33	  30	   3	 455	   1	   2	  10	   9	  14	  30	  70	  50	 699	80298	80753	   0	  30	
  34	  34	  70	   2	 466	   2	   1	  10	  10	  14	  30	  70	  50	 373	82431	82897	   0	  20	
  35	  35	  30	   2	 459	   1	   1	  11	  10	  14	  30	  70	  50	 399	84614	85073	   0	  10	
  36	  36	  70	   1	 463	   2	   1	  11	  11	  14	  30	  70	  50	 518	86898	87361	   0	  20	
  37	  37	  50	   2	 538	   3	   1	  11	  11	  15	  30	  70	  50	 336	88998	89536	   0	  10	
  38	  38	  30	   3	 674	   1	   2	  12	  11	  15	  30	  70	  50	 380	91214	91888	   0	  10	
  39	  39	  70	   2	 497	   2	   1	  12	  12	  15	  30	  70	  50	 452	93647	94144	   0	   0	
  40	  40	  30	   4	 605	   1	   2	  13	  12	  15	  30	  70	  50	 301	95747	96352	   0	   0	
  41	  41	  50	   1	 469	   3	   1	  13	  12	  16	  30	  70	  50	 651	98331	98800	   0	  10	
  42	  42	  70	   1	 541	   2	   1	  13	  13	  16	  30	  70	  50	 421	100531	101072	   0	  20	
  43	  43	  30	   4	 502	   1	   2	  14	  13	  16	  30	  70	  50	 333	102714	103216	   0	  20	
  44	  44	  70	   1	 444	   2	   1	  14	  14	  16	  30	  70	  50	 448	104964	105408	   0	  30	
  45	  45	  50	   4	 601	   3	   2	  14	  14	  17	  30	  70	  50	 321	107031	107632	   0	  30	
  46	  46	  30	   4	 459	   1	   2	  15	  14	  17	  30	  70	  50	 450	109397	109856	   0	  30	
  47	  47	  70	   1	 518	   2	   1	  15	  15	  17	  30	  70	  50	 351	111514	112032	   0	  40	
  48	  48	  30	   3	 472	   1	   2	  16	  15	  17	  30	  70	  50	 538	113880	114352	   0	  40	
  49	  49	  70	   2	 405	   2	   1	  16	  16	  17	  30	  70	  50	 690	116347	116752	   0	  30	
  50	  50	  30	   4	 563	   1	   2	  17	  16	  17	  30	  70	  50	 338	118397	118960	   0	  30	
  51	  51	  70	   1	 398	   2	   1	  17	  17	  17	  30	  70	  50	 659	120930	121328	   0	  40	
  52	  52	  30	   4	 479	   1	   2	  18	  17	  17	  30	  70	  50	 689	123313	123792	   0	  40	
  53	  53	  70	   1	 423	   2	   1	  18	  18	  17	  30	  70	  50	 403	125497	125920	   0	  50	
  54	  54	  30	   3	 496	   1	   2	  19	  18	  17	  30	  70	  50	 449	127680	128176	   0	  50	
  55	  55	  70	   2	 457	   2	   1	  19	  19	  17	  30	  70	  50	 376	129847	130304	   0	  40	
  56	  56	  50	   2	 496	   3	   1	  19	  19	  18	  30	  70	  50	 482	132080	132576	   0	  30	
  57	  57	  30	   4	 602	   1	   2	  20	  19	  18	  30	  70	  50	 332	134197	134799	   0	  30	
  58	  58	  70	   1	 407	   2	   1	  20	  20	  18	  30	  70	  50	 569	136680	137087	   0	  40	
  59	  59	  50	   1	 397	   3	   1	  20	  20	  19	  30	  70	  50	 533	138930	139327	   0	  50	
  60	  60	  30	   4	 683	   1	   2	  21	  20	  19	  30	  70	  50	 374	140996	141679	   0	  50	
  61	  61	  50	   2	 469	   3	   1	  21	  20	  20	  30	  70	  50	 536	143546	144015	   0	  40	
  62	  62	  70	   1	 449	   2	   1	  21	  21	  20	  30	  70	  50	 303	145630	146079	   0	  50	
  63	  63	  50	   4	 467	   3	   2	  21	  21	  21	  30	  70	  50	 612	147996	148463	   0	  50	
  64	  64	  70	   2	 352	   2	   1	  21	  22	  21	  30	  70	  50	 692	150463	150815	   0	  40	
  65	  65	  50	   1	 439	   3	   1	  21	  22	  22	  30	  70	  50	 551	152680	153119	   0	  50	
  66	  66	  30	   3	 460	   1	   2	  22	  22	  22	  30	  70	  50	 553	154979	155439	   0	  50	
  67	  67	  70	   1	 421	   2	   1	  22	  23	  22	  30	  70	  50	 407	157146	157567	   0	  60	
  68	  68	  30	   4	 434	   1	   2	  23	  23	  22	  30	  70	  50	 350	159229	159663	   0	  60	
  69	  69	  50	   2	 550	   3	   1	  23	  23	  23	  30	  70	  50	 533	161513	162063	   0	  50	
  70	  70	  70	   1	 470	   2	   1	  23	  24	  23	  30	  70	  50	 532	163913	164383	   0	  60	
  71	  71	  50	   4	 439	   3	   2	  23	  24	  24	  30	  70	  50	 588	166296	166735	   0	  60	
  72	  72	  70	   1	 525	   2	   1	  23	  25	  24	  30	  70	  50	 522	168562	169087	   0	  70	
  73	  73	  50	   3	 477	   3	   2	  23	  25	  25	  30	  70	  50	 550	170946	171423	   0	  70	
  74	  74	  70	   2	 425	   2	   1	  23	  26	  25	  30	  70	  50	 339	173062	173487	   0	  60	
  75	  75	  50	   2	 363	   3	   1	  23	  26	  26	  30	  70	  50	 599	175396	175759	   0	  50	
  76	  76	  70	   1	 395	   2	   1	  23	  27	  26	  30	  70	  50	 346	177396	177791	   0	  60	
  77	  77	  50	   1	 609	   3	   1	  23	  27	  27	  30	  70	  50	 561	179646	180255	   0	  70	
  78	  78	  70	   1	 485	   2	   1	  23	  28	  27	  30	  70	  50	 380	181929	182414	   0	  80	
  79	  79	  50	   1	 388	   3	   1	  23	  28	  28	  30	  70	  50	 637	184362	184750	   0	  90	
  80	  80	  30	   4	 338	   1	   2	  24	  28	  28	  30	  70	  50	 361	186412	186750	   0	  90	
  81	  81	  70	   2	 411	   2	   1	  24	  29	  28	  30	  70	  50	 525	188595	189006	   0	  80	
  82	  82	  30	   2	 379	   1	   1	  25	  29	  28	  30	  70	  50	 678	190979	191358	   0	  70	
  83	  83	  50	   2	 424	   3	   1	  25	  29	  29	  30	  70	  50	 411	193062	193486	   0	  60	
  84	  84	  30	   3	 578	   1	   2	  26	  29	  29	  30	  70	  50	 422	195212	195790	   0	  60	
  85	  85	  70	   1	 424	   2	   1	  26	  30	  29	  30	  70	  50	 380	197462	197886	   0	  70	
  86	  86	  50	   1	 486	   3	   1	  26	  30	  30	  30	  70	  50	 329	199512	199998	   0	  80	
  87	  87	  70	   1	 458	   2	   1	  26	  31	  30	  30	  70	  50	 504	201812	202270	   0	  90	
  88	  88	  30	   4	 628	   3	   2	  26	  31	   1	  30	  70	  30	 405	203978	204606	   3	  90	
  89	  89	  30	   4	 548	   1	   2	  27	  31	   1	  30	  70	  30	 471	206378	206926	   0	  90	
  90	  90	  70	   2	 452	   2	   1	  27	  32	   1	  30	  70	  30	 548	208762	209214	   0	  80	
  91	  91	  30	   3	 720	   3	   2	  27	  32	   2	  30	  70	  30	 333	210878	211598	   0	  80	
  92	  92	  70	   1	 471	   2	   1	  27	  33	   2	  30	  70	  30	 591	213495	213966	   0	  90	
  93	  93	  30	   4	 514	   1	   2	  28	  33	   2	  30	  70	  30	 349	215628	216142	   0	  90	
  94	  94	  30	   2	 479	   3	   1	  28	  33	   3	  30	  70	  30	 661	218095	218574	   0	  80	
  95	  95	  30	   1	 709	   1	   1	  29	  33	   3	  30	  70	  30	 468	220345	221054	   0	  90	
  96	  96	  20	   2	 909	   2	   1	  29	   1	   3	  30	  20	  30	 596	222945	223854	   2	  80	
  97	  97	  30	   4	 695	   1	   2	  30	   1	   3	  30	  20	  30	 352	225511	226206	   0	  80	
  98	  98	  30	   4	 580	   3	   2	  30	   1	   4	  30	  20	  30	 453	227961	228541	   0	  80	
  99	  99	  30	   4	 563	   1	   2	  31	   1	   4	  30	  20	  30	 533	230378	230941	   0	  80	
 100	 100	  30	   2	 597	   3	   1	  31	   1	   5	  30	  20	  30	 494	232728	233325	   0	  70	
 101	 101	  20	   2	 441	   2	   1	  31	   2	   5	  30	  20	  30	 400	235044	235485	   0	  60	
 102	 102	  30	   3	 517	   1	   2	  32	   2	   5	  30	  20	  30	 355	237144	237661	   0	  60	
 103	 103	  20	   1	 701	   2	   1	  32	   3	   5	  30	  20	  30	 354	239328	240029	   0	  70	
 104	 104	  30	   3	 448	   3	   2	  32	   3	   6	  30	  20	  30	 322	241661	242109	   0	  70	
 105	 105	  20	   2	 615	   2	   1	  32	   4	   6	  30	  20	  30	 489	243894	244509	   0	  60	
 106	 106	  30	   4	 634	   3	   2	  32	   4	   7	  30	  20	  30	 403	246211	246845	   0	  60	
 107	 107	  20	   2	 418	   2	   1	  32	   5	   7	  30	  20	  30	 665	248811	249229	   0	  50	
 108	 108	  30	   4	 418	   3	   2	  32	   5	   8	  30	  20	  30	 666	251211	251629	   0	  50	
 109	 109	  20	   3	 720	   2	   2	  32	   6	   8	  30	  20	  30	 339	253277	253997	   0	  50	
 110	 110	  30	   4	 514	   1	   2	  33	   6	   8	  30	  20	  30	 318	255627	256141	   0	  50	
 111	 111	  30	   4	 601	   3	   2	  33	   6	   9	  30	  20	  30	 394	257844	258445	   0	  50	
 112	 112	  20	   2	 393	   2	   1	  33	   7	   9	  30	  20	  30	 510	260260	260653	   0	  40	
 113	 113	  30	   3	 351	   3	   2	  33	   7	  10	  30	  20	  30	 533	262494	262845	   0	  40	
 114	 114	  30	   4	 445	   1	   2	  34	   7	  10	  30	  20	  30	 411	264560	265005	   0	  40	
 115	 115	  30	   3	 440	   3	   2	  34	   7	  11	  30	  20	  30	 376	266677	267117	   0	  40	
 116	 116	  30	   4	 379	   1	   2	  35	   7	  11	  30	  20	  30	 570	268994	269373	   0	  40	
 117	 117	  30	   4	 364	   3	   2	  35	   7	  12	  30	  20	  30	 693	271360	271724	   0	  40	
 118	 118	  80	   3	 940	   1	   2	   1	   7	  12	  80	  20	  30	 336	273360	274300	   1	  40	
 119	 119	  30	   4	 599	   3	   2	   1	   7	  13	  80	  20	  30	 676	276277	276876	   0	  40	
 120	 120	  20	   4	 685	   2	   2	   1	   8	  13	  80	  20	  30	 359	278543	279228	   0	  40	
 121	 121	  80	   1	 373	   1	   1	   2	   8	  13	  80	  20	  30	 590	281143	281516	   0	  50	
 122	 122	  30	   4	 481	   3	   2	   2	   8	  14	  80	  20	  30	 429	283243	283724	   0	  50	
 123	 123	  80	   2	 481	   1	   1	   3	   8	  14	  80	  20	  30	 601	285627	286108	   0	  40	
 124	 124	  30	   3	 472	   3	   2	   3	   8	  15	  80	  20	  30	 463	287860	288332	   0	  40	
 125	 125	  80	   1	 364	   1	   1	   4	   8	  15	  80	  20	  30	 531	290160	290524	   0	  50	
 126	 126	  30	   4	 444	   3	   2	   4	   8	  16	  80	  20	  30	 334	292160	292604	   0	  50	
 127	 127	  80	   1	 466	   1	   1	   5	   8	  16	  80	  20	  30	 523	294426	294892	   0	  60	
 128	 128	  30	   4	 429	   3	   2	   5	   8	  17	  80	  20	  30	 341	296543	296972	   0	  60	
 129	 129	  20	   2	 596	   2	   1	   5	   9	  17	  80	  20	  30	 510	298776	299372	   0	  50	
 130	 130	  80	   2	 446	   1	   1	   6	   9	  17	  80	  20	  30	 653	301326	301772	   0	  40	
 131	 131	  30	   4	 376	   3	   2	   6	   9	  18	  80	  20	  30	 367	303460	303836	   0	  40	
 132	 132	  80	   1	 449	   1	   1	   7	   9	  18	  80	  20	  30	 514	305643	306092	   0	  50	
 133	 133	  30	   3	 548	   3	   2	   7	   9	  19	  80	  20	  30	 567	307976	308524	   0	  50	
 134	 134	  80	   1	 523	   1	   1	   8	   9	  19	  80	  20	  30	 390	310209	310732	   0	  60	
 135	 135	  20	   4	 614	   2	   2	   8	  10	  19	  80	  20	  30	 691	312726	313340	   0	  60	
 136	 136	  80	   1	 375	   1	   1	   9	  10	  19	  80	  20	  30	 471	315109	315484	   0	  70	
 137	 137	  20	   3	 494	   2	   2	   9	  11	  19	  80	  20	  30	 502	317293	317787	   0	  70	
 138	 138	  80	   1	 385	   1	   1	  10	  11	  19	  80	  20	  30	 545	319626	320011	   0	  80	
 139	 139	  20	   4	 487	   2	   2	  10	  12	  19	  80	  20	  30	 552	321876	322363	   0	  80	
 140	 140	  30	   4	 523	   3	   2	  10	  12	  20	  80	  20	  30	 510	324176	324699	   0	  80	
 141	 141	  80	   2	 401	   1	   1	  11	  12	  20	  80	  20	  30	 422	326442	326843	   0	  70	
 142	 142	  30	   3	 455	   3	   2	  11	  12	  21	  80	  20	  30	 544	328692	329147	   0	  70	
 143	 143	  20	   4	 529	   2	   2	  11	  13	  21	  80	  20	  30	 385	330842	331371	   0	  70	
 144	 144	  80	   1	 394	   1	   1	  12	  13	  21	  80	  20	  30	 342	333009	333403	   0	  80	
 145	 145	  30	   4	 513	   3	   2	  12	  13	  22	  80	  20	  30	 545	335242	335755	   0	  80	
 146	 146	  20	   4	 461	   2	   2	  12	  14	  22	  80	  20	  30	 691	337742	338203	   0	  80	
 147	 147	  30	   4	 472	   3	   2	  12	  14	  23	  80	  20	  30	 355	339859	340331	   0	  80	
 148	 148	  20	   4	 392	   2	   2	  12	  15	  23	  80	  20	  30	 643	342275	342667	   0	  80	
 149	 149	  80	   1	 532	   1	   1	  13	  15	  23	  80	  20	  30	 384	344359	344891	   0	  90	
 150	 150	  20	   4	 406	   2	   2	  13	  16	  23	  80	  20	  30	 526	346725	347131	   0	  90	
 151	 151	  80	   1	 592	   1	   1	  14	  16	  23	  80	  20	  30	 427	348875	349467	   0	 100	
 152	 152	  20	   2	 495	   2	   1	  14	  17	  23	  80	  20	  30	 535	351308	351803	   0	  90	
 153	 153	  30	   4	 535	   3	   2	  14	  17	  24	  80	  20	  30	 410	353508	354043	   0	  90	
 154	 154	  20	   3	 641	   2	   2	  14	  18	  24	  80	  20	  30	 308	355658	356299	   0	  90	
 155	 155	  80	   1	 425	   1	   1	  15	  18	  24	  80	  20	  30	 659	358258	358683	   0	 100	
 156	 156	  30	   4	 442	   3	   2	  15	  18	  25	  80	  20	  30	 640	360625	361067	   0	 100	
 157	 157	  80	   1	 726	   1	   1	  16	  18	  25	  80	  20	  30	 332	362692	363418	   0	 110	
 158	 158	  20	   4	 601	   2	   2	  16	  19	  25	  80	  20	  30	 314	365025	365626	   0	 110	
 159	 159	  30	   4	 571	   3	   2	  16	  19	  26	  80	  20	  30	 439	367375	367946	   0	 110	
 160	 160	  80	   1	 472	   1	   1	  17	  19	  26	  80	  20	  30	 611	369858	370330	   0	 120	
 161	 161	  20	   4	 472	   2	   2	  17	  20	  26	  80	  20	  30	 614	372258	372730	   0	 120	
 162	 162	  30	   3	 555	   3	   2	  17	  20	  27	  80	  20	  30	 557	374591	375146	   0	 120	
 163	 163	  80	   2	 549	   1	   1	  18	  20	  27	  80	  20	  30	 683	377141	377690	   0	 110	
 164	 164	  30	   4	 451	   3	   2	  18	  20	  28	  80	  20	  30	 585	379591	380042	   0	 110	
 165	 165	  20	   4	 506	   2	   2	  18	  21	  28	  80	  20	  30	 449	381808	382314	   0	 110	
 166	 166	  30	   4	 542	   3	   2	  18	  21	  29	  80	  20	  30	 487	384108	384650	   0	 110	
 167	 167	  80	   1	 355	   1	   1	  19	  21	  29	  80	  20	  30	 444	386391	386746	   0	 120	
 168	 168	  30	   3	 520	   3	   2	  19	  21	  30	  80	  20	  30	 626	388674	389194	   0	 120	
 169	 169	  20	   4	 486	   2	   2	  19	  22	  30	  80	  20	  30	 600	391108	391594	   0	 120	
 170	 170	  30	   4	 722	   3	   2	  19	  22	  31	  80	  20	  30	 322	393224	393946	   0	 120	
 171	 171	  80	   1	 513	   1	   1	  20	  22	  31	  80	  20	  30	 381	395641	396154	   0	 130	
 172	 172	  30	   4	 533	   3	   2	  20	  22	  32	  80	  20	  30	 496	397941	398474	   0	 130	
 173	 173	  20	   3	 666	   2	   2	  20	  23	  32	  80	  20	  30	 433	400224	400890	   0	 130	
 174	 174	  80	   1	 531	   1	   1	  21	  23	  32	  80	  20	  30	 591	402791	403322	   0	 140	
 175	 175	  30	   4	 472	   3	   2	  21	  23	  33	  80	  20	  30	 463	405074	405546	   0	 140	
 176	 176	  80	   1	 565	   1	   1	  22	  23	  33	  80	  20	  30	 314	407157	407722	   0	 150	
 177	 177	  30	   3	 443	   3	   2	  22	  23	  34	  80	  20	  30	 352	409374	409817	   0	 150	
 178	 178	  80	   2	 508	   1	   1	  23	  23	  34	  80	  20	  30	 637	411757	412265	   0	 140	
 179	 179	  30	   4	 465	   3	   2	  23	  23	  35	  80	  20	  30	 455	414024	414489	   0	 140	
 180	 180	  20	   2	 525	   2	   1	  23	  24	  35	  80	  20	  30	 336	416140	416665	   0	 130	
 181	 181	  70	   3	 803	   3	   2	  23	  24	   1	  80	  20	  70	 387	418374	419177	   3	 130	
 182	 182	  20	   1	 573	   2	   1	  23	  25	   1	  80	  20	  70	 464	420940	421513	   0	 140	
 183	 183	  80	   1	 539	   1	   1	  24	  25	   1	  80	  20	  70	 556	423374	423913	   0	 150	
 184	 184	  70	   2	 547	   3	   1	  24	  25	   2	  80	  20	  70	 382	425590	426137	   0	 140	
 185	 185	  20	   4	 891	   2	   2	  24	  26	   2	  80	  20	  70	 364	427790	428681	   0	 140	
 186	 186	  70	   1	 607	   3	   1	  24	  26	   3	  80	  20	  70	 505	430490	431097	   0	 150	
 187	 187	  20	   4	 638	   2	   2	  24	  27	   3	  80	  20	  70	 522	432923	433561	   0	 150	
 188	 188	  70	   4	 470	   3	   2	  24	  27	   4	  80	  20	  70	 649	435523	435993	   0	 150	
 189	 189	  20	   4	 672	   2	   2	  24	  28	   4	  80	  20	  70	 364	437657	438329	   0	 150	
 190	 190	  80	   2	 424	   1	   1	  25	  28	   4	  80	  20	  70	 648	440273	440697	   0	 140	
 191	 191	  70	   1	 774	   3	   1	  25	  28	   5	  80	  20	  70	 699	442723	443497	   0	 150	
 192	 192	  80	   1	 544	   1	   1	  26	  28	   5	  80	  20	  70	 468	445273	445817	   0	 160	
 193	 193	  20	   4	 587	   2	   2	  26	  29	   5	  80	  20	  70	 677	447790	448377	   0	 160	
 194	 194	  70	   1	 705	   3	   1	  26	  29	   6	  80	  20	  70	 371	450056	450761	   0	 170	
 195	 195	  20	   4	 515	   2	   2	  26	  30	   6	  80	  20	  70	 347	452406	452921	   0	 170	
 196	 196	  70	   1	 420	   3	   1	  26	  30	   7	  80	  20	  70	 544	454756	455176	   0	 180	
 197	 197	  80	   1	 457	   1	   1	  27	  30	   7	  80	  20	  70	 548	457023	457480	   0	 190	
 198	 198	  50	   3	 568	   2	   2	  27	   1	   7	  80	  50	  70	 673	459456	460024	   2	 190	
 199	 199	  70	   2	 633	   3	   1	  27	   1	   8	  80	  50	  70	 493	461823	462456	   0	 180	
 200	 200	  50	   2	 372	   2	   1	  27	   2	   8	  80	  50	  70	 590	464356	464728	   0	 170	
 201	 201	  80	   1	 493	   1	   1	  28	   2	   8	  80	  50	  70	 479	466523	467016	   0	 180	
 202	 202	  70	   1	 716	   3	   1	  28	   2	   9	  80	  50	  70	 646	468956	469672	   0	 190	
 203	 203	  50	   1	 479	   2	   1	  28	   3	   9	  80	  50	  70	 311	471289	471768	   0	 200	
 204	 204	  70	   1	 607	   3	   1	  28	   3	  10	  80	  50	  70	 629	473689	474296	   0	 210	
 205	 205	  50	   4	 654	   2	   2	  28	   4	  10	  80	  50	  70	 522	476122	476776	   0	 210	
 206	 206	  70	   2	 626	   3	   1	  28	   4	  11	  80	  50	  70	 341	478422	479048	   0	 200	
 207	 207	  50	   2	 494	   2	   1	  28	   5	  11	  80	  50	  70	 557	480906	481400	   0	 190	
 208	 208	  80	   1	 504	   1	   1	  29	   5	  11	  80	  50	  70	 372	483072	483576	   0	 200	
 209	 209	  50	   3	 498	   2	   2	  29	   6	  11	  80	  50	  70	 319	485206	485704	   0	 200	
 210	 210	  80	   1	 358	   1	   1	  30	   6	  11	  80	  50	  70	 516	487522	487880	   0	 210	
 211	 211	  70	   2	 679	   3	   1	  30	   6	  12	  80	  50	  70	 690	489889	490568	   0	 200	
 212	 212	  50	   1	 433	   2	   1	  30	   7	  12	  80	  50	  70	 579	492439	492872	   0	 210	
 213	 213	  80	   1	 352	   1	   1	  31	   7	  12	  80	  50	  70	 689	494872	495224	   0	 220	
 214	 214	  70	   3	 482	   3	   2	  31	   7	  13	  80	  50	  70	 688	497222	497704	   0	 220	
 215	 215	  80	   1	 433	   1	   1	  32	   7	  13	  80	  50	  70	 657	499655	500088	   0	 230	
 216	 216	  70	   1	 526	   3	   1	  32	   7	  14	  80	  50	  70	 309	501705	502231	   0	 240	
 217	 217	  50	   4	 371	   2	   2	  32	   8	  14	  80	  50	  70	 464	503988	504359	   0	 240	
 218	 218	  80	   1	 425	   1	   1	  33	   8	  14	  80	  50	  70	 558	506222	506647	   0	 250	
 219	 219	  50	   4	 571	   2	   2	  33	   9	  14	  80	  50	  70	 646	508588	509159	   0	 250	
 220	 220	  20	   4	 748	   1	   2	   1	   9	  14	  20	  50	  70	 484	510955	511703	   1	 250	
 221	 221	  70	   1	 600	   3	   1	   1	   9	  15	  20	  50	  70	 442	513455	514055	   0	 260	
 222	 222	  50	   3	 532	   2	   2	   1	  10	  15	  20	  50	  70	 590	515955	516487	   0	 260	
 223	 223	  70	   3	 549	   3	   2	   1	  10	  16	  20	  50	  70	 534	518338	518887	   0	 260	
 224	 224	  20	   4	 580	   1	   2	   2	  10	  16	  20	  50	  70	 550	520755	521335	   0	 260	
 225	 225	  50	   2	 604	   2	   1	   2	  11	  16	  20	  50	  70	 318	522955	523559	   0	 250	
 226	 226	  70	   2	 574	   3	   1	   2	  11	  17	  20	  50	  70	 434	525305	525879	   0	 240	
 227	 227	  20	   4	 429	   1	   2	   3	  11	  17	  20	  50	  70	 565	527738	528167	   0	 240	
 228	 228	  70	   1	 474	   3	   1	   3	  11	  18	  20	  50	  70	 346	529805	530279	   0	 250	
 229	 229	  20	   3	 442	   1	   2	   4	  11	  18	  20	  50	  70	 642	532221	532663	   0	 250	
 230	 230	  50	   3	 557	   2	   2	   4	  12	  18	  20	  50	  70	 580	534538	535095	   0	 250	
 231	 231	  70	   1	 399	   3	   1	   4	  12	  19	  20	  50	  70	 490	536904	537303	   0	 260	
 232	 232	  50	   2	 650	   2	   1	   4	  13	  19	  20	  50	  70	 429	539021	539671	   0	 250	
 233	 233	  70	   3	 466	   3	   2	   4	  13	  20	  20	  50	  70	 646	541621	542087	   0	 250	
 234	 234	  20	   4	 484	   1	   2	   5	  13	  20	  20	  50	  70	 582	543971	544455	   0	 250	
 235	 235	  70	   2	 584	   3	   1	   5	  13	  21	  20	  50	  70	 495	546254	546838	   0	 240	
 236	 236	  20	   4	 467	   1	   2	   6	  13	  21	  20	  50	  70	 625	548771	549238	   0	 240	
 237	 237	  50	   4	 542	   2	   2	   6	  14	  21	  20	  50	  70	 365	550904	551446	   0	 240	
 238	 238	  70	   1	 348	   3	   1	   6	  14	  22	  20	  50	  70	 607	553354	553702	   0	 250	
 239	 239	  50	   3	 449	   2	   2	   6	  15	  22	  20	  50	  70	 626	555621	556070	   0	 250	
 240	 240	  70	   3	 463	   3	   2	   6	  15	  23	  20	  50	  70	 691	558071	558534	   0	 250	
 241	 241	  50	   3	 536	   2	   2	   6	  16	  23	  20	  50	  70	 413	560254	560790	   0	 250	
 242	 242	  20	   3	 555	   1	   2	   7	  16	  23	  20	  50	  70	 484	562587	563142	   0	 250	
 243	 243	  50	   4	 499	   2	   2	   7	  17	  23	  20	  50	  70	 338	564787	565286	   0	 250	
 244	 244	  20	   4	 563	   1	   2	   8	  17	  23	  20	  50	  70	 591	567187	567750	   0	 250	
 245	 245	  70	   1	 344	   3	   1	   8	  17	  24	  20	  50	  70	 420	569470	569814	   0	 260	
 246	 246	  50	   3	 461	   2	   2	   8	  18	  24	  20	  50	  70	 618	571737	572198	   0	 260	
 247	 247	  20	   4	 567	   1	   2	   9	  18	  24	  20	  50	  70	 385	573887	574454	   0	 260	
 248	 248	  50	   2	 478	   2	   1	   9	  19	  24	  20	  50	  70	 365	576120	576598	   0	 250	
 249	 249	  70	   3	 524	   3	   2	   9	  19	  25	  20	  50	  70	 650	578554	579078	   0	 250	
 250	 250	  20	   4	 455	   1	   2	  10	  19	  25	  20	  50	  70	 324	580703	581158	   0	 250	
 251	 251	  70	   2	 479	   3	   1	  10	  19	  26	  20	  50	  70	 426	582903	583382	   0	 240	
 252	 252	  50	   1	 751	   2	   1	  10	  20	  26	  20	  50	  70	 631	585303	586054	   0	 250	
 253	 253	  20	   4	 484	   1	   2	  11	  20	  26	  20	  50	  70	 610	587970	588454	   0	 250	
 254	 254	  70	   1	 584	   3	   1	  11	  20	  27	  20	  50	  70	 507	590270	590854	   0	 260	
 255	 255	  50	   3	 586	   2	   2	  11	  21	  27	  20	  50	  70	 432	592587	593173	   0	 260	
 256	 256	  70	   1	 479	   3	   1	  11	  21	  28	  20	  50	  70	 393	594870	595349	   0	 270	
 257	 257	  50	   4	 443	   2	   2	  11	  22	  28	  20	  50	  70	 323	596970	597413	   0	 270	
 258	 258	  70	   2	 519	   3	   1	  11	  22	  29	  20	  50	  70	 365	599070	599589	   0	 260	
 259	 259	  50	   4	 708	   2	   2	  11	  23	  29	  20	  50	  70	 658	601553	602261	   0	 260	
 260	 260	  70	   1	 401	   3	   1	  11	  23	  30	  20	  50	  70	 458	604020	604421	   0	 270	
 261	 261	  20	   4	 517	   1	   2	  12	  23	  30	  20	  50	  70	 567	606320	606837	   0	 270	
 262	 262	  50	   4	 869	   3	   2	  12	  23	   1	  20	  50	  50	 568	608720	609589	   3	 270	
 263	 263	  50	   4	 785	   2	   2	  12	  24	   1	  20	  50	  50	 339	611236	612021	   0	 270	
 264	 264	  20	   4	 528	   1	   2	  13	  24	   1	  20	  50	  50	 329	613653	614181	   0	 270	
 265	 265	  50	   4	 873	   3	   2	  13	  24	   2	  20	  50	  50	 359	615836	616709	   0	 270	
 266	 266	  50	   1	 710	   2	   1	  13	  25	   2	  20	  50	  50	 305	618319	619029	   0	 280	
 267	 267	  50	   3	 459	   3	   2	  13	  25	   3	  20	  50	  50	 657	620986	621445	   0	 280	
 268	 268	  50	   3	 608	   2	   2	  13	  26	   3	  20	  50	  50	 524	623269	623877	   0	 280	
 269	 269	  20	   3	 477	   1	   2	  14	  26	   3	  20	  50	  50	 564	625736	626213	   0	 280	
 270	 270	  50	   2	 552	   2	   1	  14	  27	   3	  20	  50	  50	 349	627869	628421	   0	 270	
 271	 271	  50	   2	 443	   3	   1	  14	  27	   4	  20	  50	  50	 434	630186	630629	   0	 260	
 272	 272	  50	   3	 495	   2	   2	  14	  28	   4	  20	  50	  50	 558	632486	632981	   0	 260	
 273	 273	  50	   1	 544	   3	   1	  14	  28	   5	  20	  50	  50	 589	634869	635413	   0	 270	
 274	 274	  50	   4	 706	   2	   2	  14	  29	   5	  20	  50	  50	 485	637202	637908	   0	 270	
 275	 275	  20	   4	 389	   1	   2	  15	  29	   5	  20	  50	  50	 312	639519	639908	   0	 270	
 276	 276	  50	   3	 388	   3	   2	  15	  29	   6	  20	  50	  50	 337	641552	641940	   0	 270	
 277	 277	  50	   3	 457	   2	   2	  15	  30	   6	  20	  50	  50	 576	643819	644276	   0	 270	
 278	 278	  20	   3	 402	   1	   2	  16	  30	   6	  20	  50	  50	 417	646002	646404	   0	 270	
 279	 279	  50	   4	 376	   3	   2	  16	  30	   7	  20	  50	  50	 543	648252	648628	   0	 270	
 280	 280	  20	   4	 467	   1	   2	  17	  30	   7	  20	  50	  50	 462	650385	650852	   0	 270	
 281	 281	  50	   2	 570	   3	   1	  17	  30	   8	  20	  50	  50	 421	652602	653172	   0	 260	
 282	 282	  20	   4	 466	   1	   2	  18	  30	   8	  20	  50	  50	 321	654802	655268	   0	 260	
 283	 283	  50	   3	 554	   3	   2	  18	  30	   9	  20	  50	  50	 420	657002	657556	   0	 260	
 284	 284	  50	   1	 425	   2	   1	  18	  31	   9	  20	  50	  50	 581	659435	659860	   0	 270	
 285	 285	  20	   4	 396	   1	   2	  19	  31	   9	  20	  50	  50	 615	661768	662164	   0	 270	
 286	 286	  50	   4	 510	   2	   2	  19	  32	   9	  20	  50	  50	 644	664102	664612	   0	 270	
 287	 287	  20	   4	 435	   1	   2	  20	  32	   9	  20	  50	  50	 475	666385	666820	   0	 270	
 288	 288	  50	   1	 420	   3	   1	  20	  32	  10	  20	  50	  50	 627	668752	669172	   0	 280	
 289	 289	  20	   4	 429	   1	   2	  21	  32	  10	  20	  50	  50	 472	670951	671380	   0	 280	
 290	 290	  50	   3	 413	   3	   2	  21	  32	  11	  20	  50	  50	 675	673351	673764	   0	 280	
 291	 291	  50	   3	 444	   2	   2	  21	  33	  11	  20	  50	  50	 696	675768	676212	   0	 280	
 292	 292	  50	   3	 435	   3	   2	  21	  33	  12	  20	  50	  50	 475	677985	678420	   0	 280	
 293	 293	  20	   4	 579	   2	   2	  21	   1	  12	  20	  20	  50	 682	680401	680980	   2	 280	
 294	 294	  50	   2	 523	   3	   1	  21	   1	  13	  20	  20	  50	 325	682601	683124	   0	 270	
 295	 295	  20	   3	 470	   1	   2	  22	   1	  13	  20	  20	  50	 668	685101	685571	   0	 270	
 296	 296	  20	   4	 596	   2	   2	  22	   2	  13	  20	  20	  50	 668	687551	688147	   0	 270	
 297	 297	  20	   4	 517	   1	   2	  23	   2	  13	  20	  20	  50	 485	689934	690451	   0	 270	
 298	 298	  20	   4	 453	   2	   2	  23	   3	  13	  20	  20	  50	 576	692334	692787	   0	 270	
 299	 299	  20	   4	 594	   1	   2	  24	   3	  13	  20	  20	  50	 311	694401	694995	   0	 270	
 300	 300	  20	   4	 506	   2	   2	  24	   4	  13	  20	  20	  50	 304	696601	697107	   0	 270	
 301	 301	  50	   1	 417	   3	   1	  24	   4	  14	  20	  20	  50	 406	698834	699251	   0	 280	
 302	 302	  20	   3	 498	   2	   2	  24	   5	  14	  20	  20	  50	 643	701201	701699	   0	 280	
 303	 303	  50	   3	 421	   3	   2	  24	   5	  15	  20	  20	  50	 539	703534	703955	   0	 280	
 304	 304	  20	   4	 412	   2	   2	  24	   6	  15	  20	  20	  50	 497	705751	706163	   0	 280	
 305	 305	  20	   4	 451	   1	   2	  25	   6	  15	  20	  20	  50	 523	707984	708435	   0	 280	
 306	 306	  50	   4	 492	   3	   2	  25	   6	  16	  20	  20	  50	 402	710151	710643	   0	 280	
 307	 307	  20	   4	 481	   1	   2	  26	   6	  16	  20	  20	  50	 483	712434	712915	   0	 280	
 308	 308	  50	   2	 460	   3	   1	  26	   6	  17	  20	  20	  50	 334	714551	715011	   0	 270	
 309	 309	  20	   4	 475	   1	   2	  27	   6	  17	  20	  20	  50	 693	717000	717475	   0	 270	
 310	 310	  50	   3	 447	   3	   2	  27	   6	  18	  20	  20	  50	 504	719284	719731	   0	 270	
 311	 311	  20	   3	 427	   1	   2	  28	   6	  18	  20	  20	  50	 360	721400	721827	   0	 270	
 312	 312	  50	   2	 456	   3	   1	  28	   6	  19	  20	  20	  50	 340	723467	723923	   0	 260	
 313	 313	  20	   4	 429	   2	   2	  28	   7	  19	  20	  20	  50	 502	725734	726163	   0	 260	
 314	 314	  50	   4	 437	   3	   2	  28	   7	  20	  20	  20	  50	 477	727934	728371	   0	 260	
 315	 315	  20	   4	 355	   2	   2	  28	   8	  20	  20	  20	  50	 688	730367	730722	   0	 260	
 316	 316	  20	   4	 367	   1	   2	  29	   8	  20	  20	  20	  50	 457	732483	732850	   0	 260	
 317	 317	  20	   3	 412	   2	   2	  29	   9	  20	  20	  20	  50	 392	734550	734962	   0	 260	
 318	 318	  50	   2	 432	   3	   1	  29	   9	  21	  20	  20	  50	 591	736850	737282	   0	 250	
 319	 319	  20	   4	 404	   2	   2	  29	  10	  21	  20	  20	  50	 551	739150	739554	   0	 250	
 320	 320	  20	   4	 467	   1	   2	  30	  10	  21	  20	  20	  50	 308	741167	741634	   0	 250	
 321	 321	  50	   1	 357	   3	   1	  30	  10	  22	  20	  20	  50	 555	743517	743874	   0	 260	
 322	 322	  20	   4	 413	   1	   2	  31	  10	  22	  20	  20	  50	 537	745717	746130	   0	 260	
 323	 323	  50	   4	 464	   3	   2	  31	  10	  23	  20	  20	  50	 636	748066	748530	   0	 260	
 324	 324	  20	   4	 386	   1	   2	  32	  10	  23	  20	  20	  50	 592	750416	750802	   0	 260	
 325	 325	  20	   4	 296	   2	   2	  32	  11	  23	  20	  20	  50	 555	752666	752962	   0	 260	
 326	 326	  20	   3	 366	   1	   2	  33	  11	  23	  20	  20	  50	 650	754916	755282	   0	 260	
 327	 327	  50	   1	 607	   3	   1	  33	  11	  24	  20	  20	  50	 684	757283	757890	   0	 270	
 328	 328	  20	   4	 406	   2	   2	  33	  12	  24	  20	  20	  50	 303	759500	759906	   0	 270	
 329	 329	  50	   3	 383	   3	   2	  33	  12	  25	  20	  20	  50	 470	761683	762066	   0	 270	
 330	 330	  20	   4	 412	   2	   2	  33	  13	  25	  20	  20	  50	 385	763766	764178	   0	 270	
 331	 331	  20	   4	 335	   1	   2	  34	  13	  25	  20	  20	  50	 598	766083	766418	   0	 270	
 332	 332	  20	   4	 427	   2	   2	  34	  14	  25	  20	  20	  50	 474	768199	768626	   0	 270	
 333	 333	  50	   2	 499	   3	   1	  34	  14	  26	  20	  20	  50	 456	770383	770882	   0	 260	
 334	 334	  20	   4	 428	   1	   2	  35	  14	  26	  20	  20	  50	 378	772566	772994	   0	 260	
 335	 335	  20	   4	 368	   2	   2	  35	  15	  26	  20	  20	  50	 558	774849	775217	   0	 260	
 336	 336	  50	   1	 363	   3	   1	  35	  15	  27	  20	  20	  50	 438	776966	777329	   0	 270	
 337	 337	  80	   1	 781	   1	   1	   1	  15	  27	  80	  20	  50	 301	778932	779713	   1	 280	
 338	 338	  20	   4	 447	   2	   2	   1	  16	  27	  80	  20	  50	 673	781682	782129	   0	 280	
 339	 339	  80	   1	 485	   1	   1	   2	  16	  27	  80	  20	  50	 489	783916	784401	   0	 290	
 340	 340	  20	   4	 480	   2	   2	   2	  17	  27	  80	  20	  50	 339	786049	786529	   0	 290	
 341	 341	  80	   1	 437	   1	   1	   3	  17	  27	  80	  20	  50	 488	788332	788769	   0	 300	
 342	 342	  50	   1	 544	   3	   1	   3	  17	  28	  80	  20	  50	 382	790449	790993	   0	 310	
 343	 343	  80	   1	 465	   1	   1	   4	  17	  28	  80	  20	  50	 537	792832	793297	   0	 320	
 344	 344	  20	   3	 445	   2	   2	   4	  18	  28	  80	  20	  50	 347	794932	795377	   0	 320	
 345	 345	  50	   2	 450	   3	   1	   4	  18	  29	  80	  20	  50	 517	797199	797649	   0	 310	
 346	 346	  20	   3	 462	   2	   2	   4	  19	  29	  80	  20	  50	 344	799299	799761	   0	 310	
 347	 347	  80	   2	 440	   1	   1	   5	  19	  29	  80	  20	  50	 399	801465	801905	   0	 300	
 348	 348	  20	   4	 472	   2	   2	   5	  20	  29	  80	  20	  50	 656	803865	804337	   0	 300	
 349	 349	  50	   2	 446	   3	   1	   5	  20	  30	  80	  20	  50	 467	806115	806561	   0	 290	
 350	 350	  80	   3	 301	   1	   2	   6	  20	  30	  80	  20	  50	 682	808548	808849	   0	 290	
 351	 351	  50	   2	 563	   3	   1	   6	  20	  31	  80	  20	  50	 615	810782	811345	   0	 280	
 352	 352	  80	   1	 359	   1	   1	   7	  20	  31	  80	  20	  50	 457	813098	813457	   0	 290	
 353	 353	  50	   4	 611	   3	   2	   7	  20	  32	  80	  20	  50	 423	815182	815793	   0	 290	
 354	 354	  80	   1	 518	   1	   1	   8	  20	  32	  80	  20	  50	 424	817515	818033	   0	 300	
 355	 355	  20	   3	 452	   2	   2	   8	  21	  32	  80	  20	  50	 622	819965	820417	   0	 300	
 356	 356	  80	   2	 571	   1	   1	   9	  21	  32	  80	  20	  50	 445	822165	822736	   0	 290	
 357	 357	  50	   3	 456	   3	   2	   9	  21	  33	  80	  20	  50	 614	824648	825104	   0	 290	
 358	 358	  20	   4	 441	   2	   2	   9	  22	  33	  80	  20	  50	 629	827031	827472	   0	 290	
 359	 359	  70	   3	 923	   3	   2	   9	  22	   1	  80	  20	  70	 606	829381	830304	   3	 290	
 360	 360	  20	   4	 424	   2	   2	   9	  23	   1	  80	  20	  70	 643	832248	832672	   0	 290	
 361	 361	  80	   1	 468	   1	   1	  10	  23	   1	  80	  20	  70	 362	834348	834816	   0	 300	
 362	 362	  20	   4	 544	   2	   2	  10	  24	   1	  80	  20	  70	 323	836448	836992	   0	 300	
 363	 363	  70	   4	 428	   3	   2	  10	  24	   2	  80	  20	  70	 666	838964	839392	   0	 300	
 364	 364	  80	   1	 501	   1	   1	  11	  24	   2	  80	  20	  70	 438	841131	841632	   0	 310	
 365	 365	  70	   2	 548	   3	   1	  11	  24	   3	  80	  20	  70	 606	843548	844096	   0	 300	
 366	 366	  20	   4	 496	   2	   2	  11	  25	   3	  80	  20	  70	 666	846064	846560	   0	 300	
 367	 367	  70	   1	 453	   3	   1	  11	  25	   4	  80	  20	  70	 469	848331	848784	   0	 310	
 368	 368	  20	   4	 474	   2	   2	  11	  26	   4	  80	  20	  70	 528	850614	851088	   0	 310	
 369	 369	  80	   1	 502	   1	   1	  12	  26	   4	  80	  20	  70	 304	852698	853200	   0	 320	
 370	 370	  70	   1	 385	   3	   1	  12	  26	   5	  80	  20	  70	 322	854831	855216	   0	 330	
 371	 371	  20	   3	 370	   2	   2	  12	  27	   5	  80	  20	  70	 678	857214	857584	   0	 330	
 372	 372	  70	   1	 347	   3	   1	  12	  27	   6	  80	  20	  70	 497	859381	859728	   0	 340	
 373	 373	  80	   3	 371	   1	   2	  13	  27	   6	  80	  20	  70	 572	861597	861968	   0	 340	
 374	 374	  70	   2	 366	   3	   1	  13	  27	   7	  80	  20	  70	 437	863714	864080	   0	 330	
 375	 375	  80	   1	 430	   1	   1	  14	  27	   7	  80	  20	  70	 332	865714	866144	   0	 340	
 376	 376	  70	   1	 448	   3	   1	  14	  27	   8	  80	  20	  70	 606	868047	868495	   0	 350	
 377	 377	  20	   4	 453	   2	   2	  14	  28	   8	  80	  20	  70	 517	870314	870767	   0	 350	
 378	 378	  80	   1	 410	   1	   1	  15	  28	   8	  80	  20	  70	 521	872597	873007	   0	 360	
 379	 379	  70	   1	 453	   3	   1	  15	  28	   9	  80	  20	  70	 403	874714	875167	   0	 370	
 380	 380	  80	   1	 438	   1	   1	  16	  28	   9	  80	  20	  70	 620	877097	877535	   0	 380	
 381	 381	  70	   1	 388	   3	   1	  16	  28	  10	  80	  20	  70	 687	879547	879935	   0	 390	
 382	 382	  80	   1	 457	   1	   1	  17	  28	  10	  80	  20	  70	 588	881830	882287	   0	 400	
 383	 383	  20	   4	 506	   2	   2	  17	  29	  10	  80	  20	  70	 602	884197	884703	   0	 400	
 384	 384	  80	   2	 392	   1	   1	  18	  29	  10	  80	  20	  70	 635	886647	887039	   0	 390	
 385	 385	  70	   2	 308	   3	   1	  18	  29	  11	  80	  20	  70	 431	888763	889071	   0	 380	
 386	 386	  80	   2	 438	   1	   1	  19	  29	  11	  80	  20	  70	 346	890713	891151	   0	 370	
 387	 387	  20	   4	 468	   2	   2	  19	  30	  11	  80	  20	  70	 688	893147	893615	   0	 370	
 388	 388	  70	   1	 346	   3	   1	  19	  30	  12	  80	  20	  70	 469	895397	895743	   0	 380	
 389	 389	  20	   4	 433	   2	   2	  19	  31	  12	  80	  20	  70	 589	897630	898063	   0	 380	
 390	 390	  70	   3	 479	   3	   2	  19	  31	  13	  80	  20	  70	 319	899696	900175	   0	 380	
 391	 391	  80	   1	 355	   1	   1	  20	  31	  13	  80	  20	  70	 513	901996	902351	   0	 390	
 392	 392	  70	   2	 357	   3	   1	  20	  31	  14	  80	  20	  70	 687	904346	904703	   0	 380	
 393	 393	  20	   4	 487	   2	   2	  20	  32	  14	  80	  20	  70	 697	906696	907183	   0	 380	
 394	 394	  70	   1	 361	   3	   1	  20	  32	  15	  80	  20	  70	 555	909046	909407	   0	 390	
 395	 395	  20	   3	 428	   2	   2	  20	  33	  15	  80	  20	  70	 631	911330	911758	   0	 390	
 396	 396	  70	   1	 464	   3	   1	  20	  33	  16	  80	  20	  70	 580	913630	914094	   0	 400	
NaN	 397	  80	NaN	NaN	   1	   3	  20	  33	  16	  80	  20	  70	 498	913630	NaN	   0	 400	
 397	 398	  70	   2	 695	   3	   1	  20	  33	  17	  80	  20	  70	 329	919479	920174	   0	 390	
 398	 399	  20	   4	 471	   2	   2	  20	  34	  17	  80	  20	  70	 386	921863	922334	   0	 390	
 399	 400	  80	   2	 329	   1	   1	  21	  34	  17	  80	  20	  70	 570	924213	924542	   0	 380	
 400	 401	  20	   2	 274	   2	   1	  21	  35	  17	  80	  20	  70	 556	926396	926670	   0	 370	
 401	 402	  80	   1	 357	   1	   1	  22	  35	  17	  80	  20	  70	 319	928313	928670	   0	 380	
 402	 403	  80	   3	 550	   2	   2	  22	   1	  17	  80	  80	  70	 332	930296	930846	   2	 380	
 403	 404	  80	   1	 546	   1	   1	  23	   1	  17	  80	  80	  70	 660	932812	933358	   0	 390	
 404	 405	  80	   1	 440	   2	   1	  23	   2	  17	  80	  80	  70	 412	935062	935502	   0	 400	
 405	 406	  80	   1	 428	   1	   1	  24	   2	  17	  80	  80	  70	 561	937362	937790	   0	 410	
 406	 407	  80	   1	 357	   2	   1	  24	   3	  17	  80	  80	  70	 439	939529	939886	   0	 420	
 407	 408	  80	   1	 392	   1	   1	  25	   3	  17	  80	  80	  70	 674	941862	942254	   0	 430	
 408	 409	  80	   2	 408	   2	   1	  25	   4	  17	  80	  80	  70	 302	943862	944270	   0	 420	
 409	 410	  80	   1	 323	   1	   1	  26	   4	  17	  80	  80	  70	 400	945979	946302	   0	 430	
 410	 411	  80	   1	 391	   2	   1	  26	   5	  17	  80	  80	  70	 667	948279	948670	   0	 440	
 411	 412	  80	   2	 389	   1	   1	  27	   5	  17	  80	  80	  70	 338	950329	950718	   0	 430	
 412	 413	  80	   1	 286	   2	   1	  27	   6	  17	  80	  80	  70	 497	952512	952798	   0	 440	
 413	 414	  80	   1	 365	   1	   1	  28	   6	  17	  80	  80	  70	 421	954529	954894	   0	 450	
 414	 415	  80	   1	 373	   2	   1	  28	   7	  17	  80	  80	  70	 553	956745	957118	   0	 460	
 415	 416	  80	   1	 394	   1	   1	  29	   7	  17	  80	  80	  70	 574	958995	959389	   0	 470	
 416	 417	  70	   3	 412	   3	   2	  29	   7	  18	  80	  80	  70	 664	961345	961757	   0	 470	
 417	 418	  80	   1	 453	   2	   1	  29	   8	  18	  80	  80	  70	 480	963528	963981	   0	 480	
 418	 419	  80	   1	 409	   1	   1	  30	   8	  18	  80	  80	  70	 517	965812	966221	   0	 490	
 419	 420	  80	   2	 377	   2	   1	  30	   9	  18	  80	  80	  70	 314	967828	968205	   0	 480	
 420	 421	  70	   1	 285	   3	   1	  30	   9	  19	  80	  80	  70	 617	970128	970413	   0	 490	
 421	 422	  80	   1	 314	   2	   1	  30	  10	  19	  80	  80	  70	 461	972195	972509	   0	 500	
 422	 423	  30	   2	 590	   1	   1	   1	  10	  19	  30	  80	  70	 694	974495	975085	   1	 490	
 423	 424	  70	   1	 376	   3	   1	   1	  10	  20	  30	  80	  70	 671	977061	977437	   0	 500	
 424	 425	  80	   2	 470	   2	   1	   1	  11	  20	  30	  80	  70	 367	979111	979581	   0	 490	
 425	 426	  30	   3	 510	   1	   2	   2	  11	  20	  30	  80	  70	 407	981295	981805	   0	 490	
 426	 427	  70	   1	 508	   3	   1	   2	  11	  21	  30	  80	  70	 650	983761	984269	   0	 500	
 427	 428	  80	   1	 480	   2	   1	   2	  12	  21	  30	  80	  70	 474	986045	986525	   0	 510	
 428	 429	  30	   3	 382	   1	   2	   3	  12	  21	  30	  80	  70	 695	988511	988893	   0	 510	
 429	 430	  70	   2	 423	   3	   1	   3	  12	  22	  30	  80	  70	 498	990678	991101	   0	 500	
 430	 431	  80	   1	 423	   2	   1	   3	  13	  22	  30	  80	  70	 684	993094	993517	   0	 510	
 431	 432	  70	   2	 435	   3	   1	   3	  13	  23	  30	  80	  70	 336	995178	995613	   0	 500	
 432	 433	  80	   1	 399	   2	   1	   3	  14	  23	  30	  80	  70	 369	997294	997693	   0	 510	
 433	 434	  70	   1	 399	   3	   1	   3	  14	  24	  30	  80	  70	 315	999294	999693	   0	 520	
 434	 435	  80	   1	 400	   2	   1	   3	  15	  24	  30	  80	  70	 670	1001661	1002061	   0	 530	
 435	 436	  70	   1	 340	   3	   1	   3	  15	  25	  30	  80	  70	 574	1003944	1004284	   0	 540	
 436	 437	  30	   2	 617	   1	   1	   4	  15	  25	  30	  80	  70	 643	1006227	1006844	   0	 530	
 437	 438	  70	   1	 339	   3	   1	   4	  15	  26	  30	  80	  70	 622	1008777	1009116	   0	 540	
 438	 439	  30	   2	 632	   1	   1	   5	  15	  26	  30	  80	  70	 620	1011044	1011676	   0	 530	
 439	 440	  70	   1	 342	   3	   1	   5	  15	  27	  30	  80	  70	 506	1013494	1013836	   0	 540	
 440	 441	  80	   1	 455	   2	   1	   5	  16	  27	  30	  80	  70	 345	1015477	1015932	   0	 550	
 441	 442	  70	   4	 300	   3	   2	   5	  16	  28	  30	  80	  70	 490	1017744	1018044	   0	 550	
 442	 443	  30	   4	 469	   1	   2	   6	  16	  28	  30	  80	  70	 571	1019927	1020396	   0	 550	
 443	 444	  80	   1	 461	   2	   1	   6	  17	  28	  30	  80	  70	 420	1022127	1022588	   0	 560	
 444	 445	  30	   3	 641	   1	   2	   7	  17	  28	  30	  80	  70	 545	1024427	1025068	   0	 560	
 445	 446	  80	   2	 384	   2	   1	   7	  18	  28	  30	  80	  70	 492	1026860	1027244	   0	 550	
 446	 447	  30	   4	 370	   1	   2	   8	  18	  28	  30	  80	  70	 650	1029210	1029580	   0	 550	
 447	 448	  80	   1	 344	   2	   1	   8	  19	  28	  30	  80	  70	 554	1031444	1031788	   0	 560	
 448	 449	  30	   4	 428	   1	   2	   9	  19	  28	  30	  80	  70	 667	1033760	1034188	   0	 560	
 449	 450	  70	   1	 304	   3	   1	   9	  19	  29	  30	  80	  70	 557	1036044	1036348	   0	 570	
 450	 451	  30	   4	 431	   1	   2	  10	  19	  29	  30	  80	  70	 435	1038093	1038524	   0	 570	
 451	 452	  80	   1	 401	   2	   1	  10	  20	  29	  30	  80	  70	 615	1040443	1040844	   0	 580	
 452	 453	  70	   3	 669	   3	   2	  10	  20	  30	  30	  80	  70	 369	1042527	1043196	   0	 580	
 453	 454	  80	   1	 417	   2	   1	  10	  21	  30	  30	  80	  70	 320	1044827	1045244	   0	 590	
 454	 455	  30	   3	 575	   1	   2	  11	  21	  30	  30	  80	  70	 343	1046893	1047468	   0	 590	
 455	 456	  80	   1	 478	   2	   1	  11	  22	  30	  30	  80	  70	 506	1049277	1049755	   0	 600	
 456	 457	  70	   1	 537	   3	   1	  11	  22	  31	  30	  80	  70	 361	1051410	1051947	   0	 610	
 457	 458	  30	   4	 593	   1	   2	  12	  22	  31	  30	  80	  70	 352	1053610	1054203	   0	 610	
 458	 459	  70	   1	 610	   3	   1	  12	  22	  32	  30	  80	  70	 490	1055993	1056603	   0	 620	
 459	 460	  30	   2	 440	   1	   1	  13	  22	  32	  30	  80	  70	 347	1058243	1058683	   0	 610	
 460	 461	  80	   1	 392	   2	   1	  13	  23	  32	  30	  80	  70	 665	1060643	1061035	   0	 620	
 461	 462	  70	   1	 509	   3	   1	  13	  23	  33	  30	  80	  70	 571	1062926	1063435	   0	 630	
 462	 463	  30	   3	 453	   1	   2	  14	  23	  33	  30	  80	  70	 373	1065110	1065563	   0	 630	
 463	 464	  80	   1	 376	   2	   1	  14	  24	  33	  30	  80	  70	 566	1067443	1067819	   0	 640	
 464	 465	  30	   4	 654	   1	   2	  15	  24	  33	  30	  80	  70	 577	1069693	1070347	   0	 640	
 465	 466	  70	   2	 416	   3	   1	  15	  24	  34	  30	  80	  70	 406	1072059	1072475	   0	 630	
 466	 467	  80	   2	 428	   2	   1	  15	  25	  34	  30	  80	  70	 361	1074143	1074571	   0	 620	
 467	 468	  70	   1	 409	   3	   1	  15	  25	  35	  30	  80	  70	 355	1076226	1076635	   0	 630	
 468	 469	  30	   4	 589	   1	   2	  16	  25	  35	  30	  80	  70	 588	1078526	1079115	   0	 630	
 469	 470	  80	   1	 386	   2	   1	  16	  26	  35	  30	  80	  70	 372	1080793	1081179	   0	 640	
 470	 471	  30	   3	 607	   1	   2	  17	  26	  35	  30	  80	  70	 406	1082892	1083499	   0	 640	
 471	 472	  50	   4	 841	   3	   2	  17	  26	   1	  30	  80	  50	 585	1085426	1086267	   3	 640	
 472	 473	  30	   4	 587	   1	   2	  18	  26	   1	  30	  80	  50	 614	1088176	1088763	   0	 640	
 473	 474	  80	   1	 573	   2	   1	  18	  27	   1	  30	  80	  50	 459	1090526	1091099	   0	 650	
 474	 475	  30	   4	 433	   1	   2	  19	  27	   1	  30	  80	  50	 437	1092842	1093275	   0	 650	
 475	 476	  50	   3	 375	   3	   2	  19	  27	   2	  30	  80	  50	 475	1095059	1095434	   0	 650	
 476	 477	  80	   1	 530	   2	   1	  19	  28	   2	  30	  80	  50	 435	1097176	1097706	   0	 660	
 477	 478	  50	   4	 530	   3	   2	  19	  28	   3	  30	  80	  50	 596	1099592	1100122	   0	 660	
 478	 479	  80	   2	 471	   2	   1	  19	  29	   3	  30	  80	  50	 442	1101859	1102330	   0	 650	
 479	 480	  30	   4	 473	   1	   2	  20	  29	   3	  30	  80	  50	 579	1104209	1104682	   0	 650	
 480	 481	  50	   2	 360	   3	   1	  20	  29	   4	  30	  80	  50	 658	1106642	1107002	   0	 640	
 481	 482	  80	   1	 553	   2	   1	  20	  30	   4	  30	  80	  50	 311	1108625	1109178	   0	 650	
 482	 483	  50	   3	 345	   3	   2	  20	  30	   5	  30	  80	  50	 527	1111009	1111354	   0	 650	
 483	 484	  20	   3	 628	   2	   2	  20	   1	   5	  30	  20	  50	 484	1113142	1113770	   2	 650	
 484	 485	  30	   4	 518	   1	   2	  21	   1	   5	  30	  20	  50	 434	1115508	1116026	   0	 650	
 485	 486	  20	   2	 663	   2	   1	  21	   2	   5	  30	  20	  50	 542	1117875	1118538	   0	 640	
 486	 487	  50	   3	 359	   3	   2	  21	   2	   6	  30	  20	  50	 439	1120275	1120634	   0	 640	
 487	 488	  20	   2	 602	   2	   1	  21	   3	   6	  30	  20	  50	 653	1122592	1123194	   0	 630	
 488	 489	  30	   3	 458	   1	   2	  22	   3	   6	  30	  20	  50	 514	1125008	1125466	   0	 630	
 489	 490	  50	   3	 573	   3	   2	  22	   3	   7	  30	  20	  50	 562	1127325	1127898	   0	 630	
 490	 491	  30	   3	 549	   1	   2	  23	   3	   7	  30	  20	  50	 347	1129541	1130090	   0	 630	
 491	 492	  50	   1	 438	   3	   1	  23	   3	   8	  30	  20	  50	 504	1131908	1132346	   0	 640	
 492	 493	  20	   1	 635	   2	   1	  23	   4	   8	  30	  20	  50	 533	1134191	1134826	   0	 650	
 493	 494	  50	   2	 572	   3	   1	  23	   4	   9	  30	  20	  50	 423	1136558	1137130	   0	 640	
 494	 495	  30	   4	 574	   1	   2	  24	   4	   9	  30	  20	  50	 476	1138908	1139482	   0	 640	
 495	 496	  20	   2	 489	   2	   1	  24	   5	   9	  30	  20	  50	 628	1141408	1141897	   0	 630	
 496	 497	  50	   2	 479	   3	   1	  24	   5	  10	  30	  20	  50	 469	1143674	1144153	   0	 620	
 497	 498	  30	   4	 457	   1	   2	  25	   5	  10	  30	  20	  50	 371	1145824	1146281	   0	 620	
 498	 499	  50	   3	 455	   3	   2	  25	   5	  11	  30	  20	  50	 686	1148274	1148729	   0	 620	
 499	 500	  30	   4	 427	   1	   2	  26	   5	  11	  30	  20	  50	 530	1150558	1150985	   0	 620	
 500	 501	  50	   2	 611	   3	   1	  26	   5	  12	  30	  20	  50	 496	1152774	1153385	   0	 610	
 501	 502	  20	   4	 415	   2	   2	  26	   6	  12	  30	  20	  50	 558	1155258	1155673	   0	 610	
 502	 503	  30	   4	 450	   1	   2	  27	   6	  12	  30	  20	  50	 599	1157591	1158041	   0	 610	
 503	 504	  50	   3	 478	   3	   2	  27	   6	  13	  30	  20	  50	 335	1159691	1160169	   0	 610	
 504	 505	  30	   3	 436	   1	   2	  28	   6	  13	  30	  20	  50	 494	1161957	1162393	   0	 610	
 505	 506	  20	   4	 525	   2	   2	  28	   7	  13	  30	  20	  50	 422	1164124	1164649	   0	 610	
 506	 507	  50	   1	 396	   3	   1	  28	   7	  14	  30	  20	  50	 606	1166557	1166953	   0	 620	
 507	 508	  20	   4	 360	   2	   2	  28	   8	  14	  30	  20	  50	 395	1168641	1169001	   0	 620	
 508	 509	  50	   2	 512	   3	   1	  28	   8	  15	  30	  20	  50	 547	1170841	1171353	   0	 610	
 509	 510	  30	   4	 350	   1	   2	  29	   8	  15	  30	  20	  50	 636	1173291	1173641	   0	 610	
 510	 511	  50	   4	 357	   3	   2	  29	   8	  16	  30	  20	  50	 598	1175540	1175897	   0	 610	
 511	 512	  30	   4	 545	   1	   2	  30	   8	  16	  30	  20	  50	 431	1177640	1178185	   0	 610	
 512	 513	  20	   4	 471	   2	   2	  30	   9	  16	  30	  20	  50	 404	1179890	1180361	   0	 610	
 513	 514	  30	   4	 343	   1	   2	  31	   9	  16	  30	  20	  50	 624	1182290	1182633	   0	 610	
 514	 515	  50	   3	 584	   3	   2	  31	   9	  17	  30	  20	  50	 322	1184257	1184841	   0	 610	
 515	 516	  30	   4	 463	   1	   2	  32	   9	  17	  30	  20	  50	 304	1186457	1186920	   0	 610	
 516	 517	  20	   4	 418	   2	   2	  32	  10	  17	  30	  20	  50	 581	1188790	1189208	   0	 610	
 517	 518	  50	   4	 407	   3	   2	  32	  10	  18	  30	  20	  50	 545	1191057	1191464	   0	 610	
 518	 519	  20	   4	 407	   2	   2	  32	  11	  18	  30	  20	  50	 303	1193073	1193480	   0	 610	
 519	 520	  30	   4	 497	   1	   2	  33	  11	  18	  30	  20	  50	 428	1195207	1195704	   0	 610	
 520	 521	  20	   4	 391	   2	   2	  33	  12	  18	  30	  20	  50	 451	1197457	1197848	   0	 610	
 521	 522	  50	   3	 355	   3	   2	  33	  12	  19	  30	  20	  50	 396	1199557	1199912	   0	 610	
 522	 523	  80	   4	 635	   1	   2	   1	  12	  19	  80	  20	  50	 547	1201757	1202392	   1	 610	
 523	 524	  50	   4	 433	   3	   2	   1	  12	  20	  80	  20	  50	 323	1204023	1204456	   0	 610	
 524	 525	  80	   3	 373	   1	   2	   2	  12	  20	  80	  20	  50	 558	1206323	1206696	   0	 610	
 525	 526	  50	   4	 450	   3	   2	   2	  12	  21	  80	  20	  50	 402	1208406	1208856	   0	 610	
 526	 527	  80	   1	 314	   1	   1	   3	  12	  21	  80	  20	  50	 435	1210606	1210920	   0	 620	
 527	 528	  50	   4	 410	   3	   2	   3	  12	  22	  80	  20	  50	 370	1212590	1213000	   0	 620	
 528	 529	  80	   2	1282	   1	   1	   4	  12	  22	  80	  20	  50	 512	1214806	1216088	   0	 610	
 529	 530	  50	   3	 504	   3	   2	   4	  12	  23	  80	  20	  50	 472	1217856	1218360	   0	 610	
 530	 531	  80	   1	 749	   1	   1	   5	  12	  23	  80	  20	  50	 477	1220139	1220888	   0	 620	
 531	 532	  50	   3	 410	   3	   2	   5	  12	  24	  80	  20	  50	 403	1222606	1223016	   0	 620	
 532	 533	  80	   1	 489	   1	   1	   6	  12	  24	  80	  20	  50	 325	1224639	1225128	   0	 630	
 533	 534	  20	   4	 499	   2	   2	   6	  13	  24	  80	  20	  50	 347	1226773	1227272	   0	 630	
 534	 535	  50	   3	 452	   3	   2	   6	  13	  25	  80	  20	  50	 578	1229156	1229608	   0	 630	
 535	 536	  20	   1	 387	   2	   1	   6	  14	  25	  80	  20	  50	 679	1231589	1231976	   0	 640	
 536	 537	  80	   1	 396	   1	   1	   7	  14	  25	  80	  20	  50	 435	1233723	1234119	   0	 650	
 537	 538	  50	   3	 372	   3	   2	   7	  14	  26	  80	  20	  50	 522	1235939	1236311	   0	 650	
 538	 539	  20	   4	 569	   2	   2	   7	  15	  26	  80	  20	  50	 592	1238206	1238775	   0	 650	
 539	 540	  50	   4	 425	   3	   2	   7	  15	  27	  80	  20	  50	 547	1240622	1241047	   0	 650	
 540	 541	  20	   1	 370	   2	   1	   7	  16	  27	  80	  20	  50	 448	1242789	1243159	   0	 660	
 541	 542	  50	   2	 582	   3	   1	   7	  16	  28	  80	  20	  50	 610	1245089	1245671	   0	 650	
 542	 543	  20	   2	 327	   2	   1	   7	  17	  28	  80	  20	  50	 491	1247472	1247799	   0	 640	
 543	 544	  80	   1	 497	   1	   1	   8	  17	  28	  80	  20	  50	 504	1249606	1250103	   0	 650	
 544	 545	  20	   4	 369	   2	   2	   8	  18	  28	  80	  20	  50	 617	1252022	1252391	   0	 650	
 545	 546	  50	   3	 575	   3	   2	   8	  18	  29	  80	  20	  50	 372	1254072	1254647	   0	 650	
 546	 547	  20	   4	 478	   2	   2	   8	  19	  29	  80	  20	  50	 552	1256505	1256983	   0	 650	
 547	 548	  80	   1	 398	   1	   1	   9	  19	  29	  80	  20	  50	 616	1258905	1259303	   0	 660	
 548	 549	  50	   4	 429	   3	   2	   9	  19	  30	  80	  20	  50	 326	1260922	1261351	   0	 660	
 549	 550	  20	   4	 490	   2	   2	   9	  20	  30	  80	  20	  50	 351	1263005	1263495	   0	 660	
 550	 551	  80	   1	 531	   1	   1	  10	  20	  30	  80	  20	  50	 388	1265188	1265719	   0	 670	
 551	 552	  20	   4	 507	   2	   2	  10	  21	  30	  80	  20	  50	 316	1267372	1267879	   0	 670	
 552	 553	  80	   3	 430	   1	   2	  11	  21	  30	  80	  20	  50	 531	1269705	1270135	   0	 670	
 553	 554	  50	   1	 585	   3	   1	  11	  21	  31	  80	  20	  50	 412	1271838	1272423	   0	 680	
 554	 555	  20	   3	 341	   2	   2	  11	  22	  31	  80	  20	  50	 603	1274338	1274679	   0	 680	
 555	 556	  50	   2	 519	   3	   1	  11	  22	  32	  80	  20	  50	 694	1276672	1277191	   0	 670	
 556	 557	  80	   1	 442	   1	   1	  12	  22	  32	  80	  20	  50	 495	1278988	1279430	   0	 680	
 557	 558	  50	   4	 485	   3	   2	  12	  22	  33	  80	  20	  50	 395	1281121	1281606	   0	 680	
 558	 559	  80	   1	 431	   1	   1	  13	  22	  33	  80	  20	  50	 341	1283255	1283686	   0	 690	
 559	 560	  30	   2	 714	   3	   1	  13	  22	   1	  80	  20	  30	 405	1285388	1286102	   3	 680	
 560	 561	  80	   2	 485	   1	   1	  14	  22	   1	  80	  20	  30	 512	1287905	1288390	   0	 670	
 561	 562	  20	   4	 475	   2	   2	  14	  23	   1	  80	  20	  30	 452	1290171	1290646	   0	 670	
 562	 563	  30	   4	 329	   3	   2	  14	  23	   2	  80	  20	  30	 668	1292621	1292950	   0	 670	
 563	 564	  20	   4	 665	   2	   2	  14	  24	   2	  80	  20	  30	 360	1294605	1295270	   0	 670	
 564	 565	  80	   1	 502	   1	   1	  15	  24	   2	  80	  20	  30	 519	1297104	1297606	   0	 680	
 565	 566	  20	   4	 420	   2	   2	  15	  25	   2	  80	  20	  30	 644	1299554	1299974	   0	 680	
 566	 567	  80	   2	 610	   1	   1	  16	  25	   2	  80	  20	  30	 312	1301588	1302198	   0	 670	
 567	 568	  30	   2	 383	   3	   1	  16	  25	   3	  80	  20	  30	 573	1304071	1304454	   0	 660	
 568	 569	  20	   4	 476	   2	   2	  16	  26	   3	  80	  20	  30	 370	1306138	1306614	   0	 660	
 569	 570	  80	   1	 362	   1	   1	  17	  26	   3	  80	  20	  30	 678	1308588	1308950	   0	 670	
 570	 571	  20	   4	 511	   2	   2	  17	  27	   3	  80	  20	  30	 629	1310871	1311382	   0	 670	
 571	 572	  80	   1	 655	   1	   1	  18	  27	   3	  80	  20	  30	 585	1313287	1313942	   0	 680	
 572	 573	  30	   4	 531	   3	   2	  18	  27	   4	  80	  20	  30	 331	1315571	1316102	   0	 680	
 573	 574	  20	   3	 493	   2	   2	  18	  28	   4	  80	  20	  30	 346	1317737	1318230	   0	 680	
 574	 575	  30	   3	 453	   3	   2	  18	  28	   5	  80	  20	  30	 386	1319921	1320374	   0	 680	
 575	 576	  20	   4	 365	   2	   2	  18	  29	   5	  80	  20	  30	 456	1322137	1322502	   0	 680	
 576	 577	  80	   1	 494	   1	   1	  19	  29	   5	  80	  20	  30	 690	1324487	1324981	   0	 690	
 577	 578	  20	   4	 439	   2	   2	  19	  30	   5	  80	  20	  30	 394	1326670	1327109	   0	 690	
 578	 579	  30	   4	 441	   3	   2	  19	  30	   6	  80	  20	  30	 607	1329020	1329461	   0	 690	
 579	 580	  20	   4	 438	   2	   2	  19	  31	   6	  80	  20	  30	 325	1331087	1331525	   0	 690	
 580	 581	  80	   1	 492	   1	   1	  20	  31	   6	  80	  20	  30	 500	1333337	1333829	   0	 700	
 581	 582	  20	   4	 349	   2	   2	  20	  32	   6	  80	  20	  30	 565	1335704	1336053	   0	 700	
 582	 583	  30	   3	 417	   3	   2	  20	  32	   7	  80	  20	  30	 661	1338020	1338437	   0	 700	
 583	 584	  20	   4	 596	   2	   2	  20	  33	   7	  80	  20	  30	 598	1340337	1340933	   0	 700	
 584	 585	  30	   2	 434	   3	   1	  20	  33	   8	  80	  20	  30	 550	1342787	1343221	   0	 690	
 585	 586	  80	   1	 433	   1	   1	  21	  33	   8	  80	  20	  30	 696	1345220	1345653	   0	 700	
 586	 587	  30	   4	 310	   3	   2	  21	  33	   9	  80	  20	  30	 528	1347487	1347797	   0	 700	
 587	 588	  80	   4	 301	   1	   2	  22	  33	   9	  80	  20	  30	 628	1349720	1350021	   0	 700	
 588	 589	  20	   4	 498	   2	   2	  22	  34	   9	  80	  20	  30	 650	1351987	1352485	   0	 700	
 589	 590	  30	   3	 572	   3	   2	  22	  34	  10	  80	  20	  30	 375	1354153	1354725	   0	 700	
 590	 591	  80	   1	 357	   1	   1	  23	  34	  10	  80	  20	  30	 688	1356720	1357077	   0	 710	
 591	 592	  20	   4	 393	   2	   2	  23	  35	  10	  80	  20	  30	 607	1359020	1359413	   0	 710	
 592	 593	  80	   1	 569	   1	   1	  24	  35	  10	  80	  20	  30	 319	1361036	1361605	   0	 720	
 593	 594	  70	   3	 676	   2	   2	  24	   1	  10	  80	  70	  30	 618	1363553	1364229	   2	 720	
 594	 595	  80	   1	 528	   1	   1	  25	   1	  10	  80	  70	  30	 529	1366053	1366581	   0	 730	
 595	 596	  30	   4	 528	   3	   2	  25	   1	  11	  80	  70	  30	 563	1368436	1368964	   0	 730	
 596	 597	  80	   1	 663	   1	   1	  26	   1	  11	  80	  70	  30	 385	1370653	1371316	   0	 740	
 597	 598	  70	   1	 532	   2	   1	  26	   2	  11	  80	  70	  30	 526	1373136	1373668	   0	 750	
 598	 599	  80	   3	 517	   1	   2	  27	   2	  11	  80	  70	  30	 533	1375519	1376036	   0	 750	
 599	 600	  30	   4	 485	   3	   2	  27	   2	  12	  80	  70	  30	 568	1377919	1378404	   0	 750	
 600	 601	  80	   2	 435	   1	   1	  28	   2	  12	  80	  70	  30	 660	1380369	1380804	   0	 740	
 601	 602	  70	   1	 555	   2	   1	  28	   3	  12	  80	  70	  30	 441	1382569	1383124	   0	 750	
 602	 603	  30	   4	 516	   3	   2	  28	   3	  13	  80	  70	  30	 304	1384736	1385252	   0	 750	
 603	 604	  70	   1	 362	   2	   1	  28	   4	  13	  80	  70	  30	 435	1387002	1387364	   0	 760	
 604	 605	  30	   4	 508	   3	   2	  28	   4	  14	  80	  70	  30	 698	1389352	1389860	   0	 760	
 605	 606	  70	   2	 440	   2	   1	  28	   5	  14	  80	  70	  30	 679	1391836	1392276	   0	 750	
 606	 607	  30	   3	 461	   3	   2	  28	   5	  15	  80	  70	  30	 541	1394119	1394580	   0	 750	
 607	 608	  70	   1	 482	   2	   1	  28	   6	  15	  80	  70	  30	 505	1396386	1396868	   0	 760	
 608	 609	  30	   2	 431	   3	   1	  28	   6	  16	  80	  70	  30	 691	1398869	1399300	   0	 750	
 609	 610	  80	   1	 478	   1	   1	  29	   6	  16	  80	  70	  30	 313	1400902	1401380	   0	 760	
 610	 611	  70	   4	 401	   2	   2	  29	   7	  16	  80	  70	  30	 547	1403219	1403620	   0	 760	
 611	 612	  30	   2	 473	   3	   1	  29	   7	  17	  80	  70	  30	 476	1405419	1405892	   0	 750	
 612	 613	  70	   1	 432	   2	   1	  29	   8	  17	  80	  70	  30	 456	1407652	1408084	   0	 760	
 613	 614	  80	   1	 482	   1	   1	  30	   8	  17	  80	  70	  30	 632	1410002	1410484	   0	 770	
 614	 615	  70	   1	 465	   2	   1	  30	   9	  17	  80	  70	  30	 637	1412419	1412884	   0	 780	
 615	 616	  30	   4	 309	   3	   2	  30	   9	  18	  80	  70	  30	 526	1414702	1415011	   0	 780	
 616	 617	  50	   4	 591	   1	   2	   1	   9	  18	  50	  70	  30	 523	1416852	1417443	   1	 780	
 617	 618	  30	   1	 479	   3	   1	   1	   9	  19	  50	  70	  30	 518	1419268	1419747	   0	 790	
 618	 619	  70	   4	 531	   2	   2	   1	  10	  19	  50	  70	  30	 528	1421568	1422099	   0	 790	
 619	 620	  30	   3	 563	   3	   2	   1	  10	  20	  50	  70	  30	 557	1423952	1424515	   0	 790	
 620	 621	  70	   1	 488	   2	   1	   1	  11	  20	  50	  70	  30	 419	1426235	1426723	   0	 800	
 621	 622	  50	   4	 511	   1	   2	   2	  11	  20	  50	  70	  30	 410	1428452	1428963	   0	 800	
 622	 623	  70	   1	 539	   2	   1	   2	  12	  20	  50	  70	  30	 311	1430568	1431107	   0	 810	
 623	 624	  50	   4	 572	   1	   2	   3	  12	  20	  50	  70	  30	 542	1432951	1433523	   0	 810	
 624	 625	  30	   3	 446	   3	   2	   3	  12	  21	  50	  70	  30	 455	1435285	1435731	   0	 810	
 625	 626	  70	   1	 671	   2	   1	   3	  13	  21	  50	  70	  30	 638	1437668	1438339	   0	 820	
 626	 627	  50	   3	 572	   1	   2	   4	  13	  21	  50	  70	  30	 510	1440151	1440723	   0	 820	
 627	 628	  30	   4	 463	   3	   2	   4	  13	  22	  50	  70	  30	 436	1442468	1442931	   0	 820	
 628	 629	  50	   3	 623	   1	   2	   5	  13	  22	  50	  70	  30	 648	1444868	1445491	   0	 820	
 629	 630	  70	   1	 507	   2	   1	   5	  14	  22	  50	  70	  30	 578	1447368	1447875	   0	 830	
 630	 631	  30	   4	 511	   3	   2	   5	  14	  23	  50	  70	  30	 509	1449684	1450195	   0	 830	
 631	 632	  50	   4	 523	   1	   2	   6	  14	  23	  50	  70	  30	 666	1452184	1452707	   0	 830	
 632	 633	  70	   2	 793	   2	   1	   6	  15	  23	  50	  70	  30	 616	1454634	1455427	   0	 820	
 633	 634	  30	   4	 445	   3	   2	   6	  15	  24	  50	  70	  30	 609	1457334	1457779	   0	 820	
 634	 635	  50	   3	 460	   1	   2	   7	  15	  24	  50	  70	  30	 660	1459734	1460194	   0	 820	
 635	 636	  30	   2	 418	   3	   1	   7	  15	  25	  50	  70	  30	 473	1461968	1462386	   0	 810	
 636	 637	  50	   1	 356	   1	   1	   8	  15	  25	  50	  70	  30	 635	1464334	1464690	   0	 820	
 637	 638	  30	   4	 535	   3	   2	   8	  15	  26	  50	  70	  30	 668	1466667	1467202	   0	 820	
 638	 639	  70	   3	 452	   2	   2	   8	  16	  26	  50	  70	  30	 624	1469134	1469586	   0	 820	
 639	 640	  50	   3	 386	   1	   2	   9	  16	  26	  50	  70	  30	 690	1471584	1471970	   0	 820	
 640	 641	  70	   1	 441	   2	   1	   9	  17	  26	  50	  70	  30	 545	1473817	1474258	   0	 830	
 641	 642	  30	   3	 420	   3	   2	   9	  17	  27	  50	  70	  30	 334	1475934	1476354	   0	 830	
 642	 643	  50	   4	 549	   1	   2	  10	  17	  27	  50	  70	  30	 653	1478317	1478866	   0	 830	
 643	 644	  70	   1	 374	   2	   1	  10	  18	  27	  50	  70	  30	 522	1480700	1481074	   0	 840	
 644	 645	  30	   4	 446	   3	   2	  10	  18	  28	  50	  70	  30	 515	1482884	1483330	   0	 840	
 645	 646	  70	   2	 448	   2	   1	  10	  19	  28	  50	  70	  30	 623	1485250	1485698	   0	 830	
 646	 647	  50	   3	 484	   1	   2	  11	  19	  28	  50	  70	  30	 548	1487534	1488018	   0	 830	
 647	 648	  30	   2	 451	   3	   1	  11	  19	  29	  50	  70	  30	 633	1489967	1490418	   0	 820	
 648	 649	  50	   4	 492	   1	   2	  12	  19	  29	  50	  70	  30	 415	1492134	1492626	   0	 820	
 649	 650	  30	   1	 431	   3	   1	  12	  19	  30	  50	  70	  30	 559	1494483	1494914	   0	 830	
 650	 651	  70	   2	 539	   2	   1	  12	  20	  30	  50	  70	  30	 358	1496567	1497106	   0	 820	
 651	 652	  30	   4	 571	   3	   2	  12	  20	   1	  50	  70	  30	 530	1498967	1499538	   0	 820	
 652	 653	  50	   2	 405	   1	   1	  13	  20	   1	  50	  70	  30	 671	1501517	1501922	   0	 810	
 653	 654	  70	   2	 477	   2	   1	  13	  21	   1	  50	  70	  30	 490	1503717	1504194	   0	 800	
 654	 655	  50	   3	 478	   1	   2	  14	  21	   1	  50	  70	  30	 613	1506100	1506578	   0	 800	
 655	 656	  70	   1	 549	   2	   1	  14	  22	   1	  50	  70	  30	 427	1508300	1508849	   0	 810	
 656	 657	  30	   4	 436	   3	   2	  14	  22	   2	  50	  70	  30	 576	1510733	1511169	   0	 810	
 657	 658	  50	   3	 452	   1	   2	  15	  22	   2	  50	  70	  30	 662	1513133	1513585	   0	 810	
 658	 659	  30	   4	 536	   3	   2	  15	  22	   3	  50	  70	  30	 540	1515433	1515969	   0	 810	
 659	 660	  70	   1	 483	   2	   1	  15	  23	   3	  50	  70	  30	 685	1517966	1518449	   0	 820	
 660	 661	  30	   4	 601	   3	   2	  15	  23	   4	  50	  70	  30	 449	1520216	1520817	   0	 820	
 661	 662	  70	   1	 422	   2	   1	  15	  24	   4	  50	  70	  30	 530	1522683	1523105	   0	 830	
 662	 663	  30	   3	 448	   3	   2	  15	  24	   5	  50	  70	  30	 430	1524833	1525281	   0	 830	
 663	 664	  70	   1	 482	   2	   1	  15	  25	   5	  50	  70	  30	 608	1527183	1527665	   0	 840	
 664	 665	  50	   4	 444	   1	   2	  16	  25	   5	  50	  70	  30	 361	1529333	1529777	   0	 840	
 665	 666	  30	   2	 357	   3	   1	  16	  25	   6	  50	  70	  30	 444	1531516	1531873	   0	 830	
 666	 667	  70	   1	 488	   2	   1	  16	  26	   6	  50	  70	  30	 675	1533849	1534337	   0	 840	
 667	 668	  30	   3	 719	   3	   2	  16	  26	   7	  50	  70	  30	 422	1536066	1536785	   0	 840	
 668	 669	  50	   3	 544	   1	   2	  17	  26	   7	  50	  70	  30	 354	1538449	1538993	   0	 840	
 669	 670	  70	   2	 522	   2	   1	  17	  27	   7	  50	  70	  30	 303	1540599	1541121	   0	 830	
 670	 671	  50	   4	 546	   1	   2	  18	  27	   7	  50	  70	  30	 376	1542799	1543345	   0	 830	
 671	 672	  30	   2	 872	   3	   1	  18	  27	   8	  50	  70	  30	 396	1545049	1545921	   0	 820	
 672	 673	  70	   3	 447	   2	   2	  18	  28	   8	  50	  70	  30	 433	1547666	1548113	   0	 820	
 673	 674	  30	   4	 492	   3	   2	  18	  28	   9	  50	  70	  30	 336	1549749	1550241	   0	 820	
 674	 675	  50	   3	 496	   1	   2	  19	  28	   9	  50	  70	  30	 471	1552016	1552512	   0	 820	
 675	 676	  70	   1	 301	   2	   1	  19	  29	   9	  50	  70	  30	 686	1554499	1554800	   0	 830	
 676	 677	  30	   3	 527	   3	   2	  19	  29	  10	  50	  70	  30	 351	1556465	1556992	   0	 830	
 677	 678	  50	   4	 509	   1	   2	  20	  29	  10	  50	  70	  30	 623	1558915	1559424	   0	 830	
 678	 679	  70	   2	 317	   2	   1	  20	  30	  10	  50	  70	  30	 578	1561299	1561616	   0	 820	
 679	 680	  50	   3	 517	   1	   2	  21	  30	  10	  50	  70	  30	 567	1563499	1564016	   0	 820	
 680	 681	  30	   2	 406	   3	   1	  21	  30	  11	  50	  70	  30	 550	1565882	1566288	   0	 810	
 681	 682	  50	   1	 389	   1	   1	  22	  30	  11	  50	  70	  30	 694	1568299	1568688	   0	 820	
 682	 683	  30	   4	 486	   3	   2	  22	  30	  12	  50	  70	  30	 693	1570682	1571168	   0	 820	
 683	 684	  50	   3	 489	   1	   2	  23	  30	  12	  50	  70	  30	 543	1573015	1573504	   0	 820	
 684	 685	  70	   1	 408	   2	   1	  23	  31	  12	  50	  70	  30	 617	1575432	1575840	   0	 830	
 685	 686	  50	   4	 390	   1	   2	  24	  31	  12	  50	  70	  30	 345	1577482	1577872	   0	 830	
 686	 687	  70	   1	 442	   2	   1	  24	  32	  12	  50	  70	  30	 599	1579782	1580224	   0	 840	
 687	 688	  50	   4	 400	   1	   2	  25	  32	  12	  50	  70	  30	 518	1582048	1582448	   0	 840	
 688	 689	  30	   4	 447	   3	   2	  25	  32	  13	  50	  70	  30	 699	1584465	1584912	   0	 840	
 689	 690	  50	   2	 475	   1	   1	  26	  32	  13	  50	  70	  30	 373	1586581	1587056	   0	 830	
 690	 691	  30	   2	 407	   3	   1	  26	  32	  14	  50	  70	  30	 700	1589065	1589472	   0	 820	
 691	 692	  70	   1	 506	   2	   1	  26	  33	  14	  50	  70	  30	 597	1591398	1591904	   0	 830	
 692	 693	  30	   3	 413	   3	   2	  26	  33	  15	  50	  70	  30	 514	1593715	1594128	   0	 830	
 693	 694	  50	   4	 447	   1	   2	  27	  33	  15	  50	  70	  30	 645	1596065	1596512	   0	 830	
 694	 695	  70	   2	 484	   2	   1	  27	  34	  15	  50	  70	  30	 505	1598315	1598799	   0	 820	
 695	 696	  30	   4	 415	   3	   2	  27	  34	  16	  50	  70	  30	 351	1600464	1600879	   0	 820	
 696	 697	  50	   1	 395	   1	   1	  28	  34	  16	  50	  70	  30	 378	1602548	1602943	   0	 830	
 697	 698	  30	   4	 537	   3	   2	  28	  34	  17	  50	  70	  30	 365	1604598	1605135	   0	 830	
 698	 699	  50	   4	 750	   1	   2	  29	  34	  17	  50	  70	  30	 447	1606881	1607631	   0	 830	
 699	 700	  30	   4	 423	   3	   2	  29	  34	  18	  50	  70	  30	 512	1609448	1609871	   0	 830	
 700	 701	  70	   1	 461	   2	   1	  29	  35	  18	  50	  70	  30	 541	1611714	1612175	   0	 840	
 701	 702	  30	   3	 396	   3	   2	  29	  35	  19	  50	  70	  30	 622	1614131	1614527	   0	 840	
 702	 703	  50	   3	 516	   1	   2	  30	  35	  19	  50	  70	  30	 527	1616347	1616863	   0	 840	
 703	 704	  30	   1	 466	   3	   1	  30	  35	  20	  50	  70	  30	 618	1618797	1619263	   0	 850	
 704	 705	  50	   4	 490	   1	   2	  31	  35	  20	  50	  70	  30	 412	1620981	1621471	   0	 850	
 705	 706	  70	   1	 426	   2	   1	  31	   1	  20	  50	  70	  30	 607	1623381	1623807	   0	 860	
 706	 707	  50	   4	 370	   1	   2	  32	   1	  20	  50	  70	  30	 485	1625597	1625967	   0	 860	
 707	 708	  30	   3	 504	   3	   2	  32	   1	  21	  50	  70	  30	 574	1627847	1628351	   0	 860	
 708	 709	  50	   3	 438	   1	   2	  33	   1	  21	  50	  70	  30	 644	1630297	1630735	   0	 860	
 709	 710	  30	   2	 341	   3	   1	  33	   1	  22	  50	  70	  30	 688	1632730	1633071	   0	 850	
 710	 711	  70	   1	 565	   2	   1	  33	   2	  22	  50	  70	  30	 348	1634714	1635279	   0	 860	
 711	 712	  50	   4	 369	   1	   2	   1	   2	  22	  50	  70	  30	 599	1637214	1637583	   0	 860	
