Version: 1	Number of symbols: 3	Pictures exchange: true	Response Deadline: 2000
Trial_No	Virt_Trial_No	Prob_Shown	Feedback	RT	Stimulus_No	Resp	SymbolA_Stage	SymbolB_Stage	SymbolC_Stage	Prob_A	Prob_B	Prob_C	Jitter	StimOnset	RespOnset	Symbol_Changes	Bonus_sum
NaN	   1	  30	NaN	NaN	   1	   3	   0	   0	   0	  30	  70	  50	 691	   0	NaN	   0	   0	
   1	   2	  50	   2	 972	   3	   1	   0	   0	   1	  30	  70	  50	 482	5622	6594	   0	 -10	
   2	   3	  30	   2	 779	   1	   1	   1	   0	   1	  30	  70	  50	 683	8583	9362	   0	 -20	
   3	   4	  50	   3	 955	   3	   2	   1	   0	   2	  30	  70	  50	 459	11127	12082	   0	 -20	
   4	   5	  70	   3	1074	   2	   2	   1	   1	   2	  30	  70	  50	 514	13904	14978	   0	 -20	
   5	   6	  30	   4	1006	   1	   2	   2	   1	   2	  30	  70	  50	 683	16964	17970	   0	 -20	
   6	   7	  50	   2	 755	   3	   1	   2	   1	   3	  30	  70	  50	 513	19791	20546	   0	 -30	
   7	   8	  70	   1	 892	   2	   1	   2	   2	   3	  30	  70	  50	 664	22518	23410	   0	 -20	
   8	   9	  50	   4	1190	   3	   2	   2	   2	   4	  30	  70	  50	 493	25196	26386	   0	 -20	
   9	  10	  30	   4	 696	   1	   2	   3	   2	   4	  30	  70	  50	 411	28089	28785	   0	 -20	
  10	  11	  50	   1	 762	   3	   1	   3	   2	   5	  30	  70	  50	 475	30567	31329	   0	 -10	
  11	  12	  70	   1	 554	   2	   1	   3	   3	   5	  30	  70	  50	 457	33111	33665	   0	   0	
  12	  13	  50	   4	 863	   3	   2	   3	   3	   6	  30	  70	  50	 528	35506	36369	   0	   0	
  13	  14	  70	   2	 618	   2	   1	   3	   4	   6	  30	  70	  50	 496	38183	38801	   0	 -10	
  14	  15	  50	   1	1109	   3	   1	   3	   4	   7	  30	  70	  50	 318	40428	41537	   0	   0	
  15	  16	  30	   3	 540	   1	   2	   4	   4	   7	  30	  70	  50	 356	43189	43729	   0	   0	
  16	  17	  70	   2	 666	   2	   1	   4	   5	   7	  30	  70	  50	 317	45351	46017	   0	 -10	
  17	  18	  50	   1	 611	   3	   1	   4	   5	   8	  30	  70	  50	 338	47662	48273	   0	   0	
  18	  19	  70	   1	 611	   2	   1	   4	   6	   8	  30	  70	  50	 613	50206	50817	   0	  10	
  19	  20	  30	   3	 774	   1	   2	   5	   6	   8	  30	  70	  50	 499	52618	53392	   0	  10	
  20	  21	  50	   2	 551	   3	   1	   5	   6	   9	  30	  70	  50	 429	55129	55680	   0	   0	
  21	  22	  30	   4	1400	   1	   2	   6	   6	   9	  30	  70	  50	 658	57656	59056	   0	   0	
  22	  23	  50	   1	 652	   3	   1	   6	   6	  10	  30	  70	  50	 556	60916	61568	   0	  10	
  23	  24	  30	   4	 619	   1	   2	   7	   6	  10	  30	  70	  50	 601	63477	64096	   0	  10	
  24	  25	  70	   1	 568	   2	   1	   7	   7	  10	  30	  70	  50	 680	66088	66656	   0	  20	
  25	  26	  50	   1	 568	   3	   1	   7	   7	  11	  30	  70	  50	 676	68632	69200	   0	  30	
  26	  27	  30	   4	 487	   1	   2	   8	   7	  11	  30	  70	  50	 681	71193	71680	   0	  30	
  27	  28	  50	   2	 480	   3	   1	   8	   7	  12	  30	  70	  50	 495	73488	73968	   0	  20	
  28	  29	  70	   1	 402	   2	   1	   8	   8	  12	  30	  70	  50	 684	75966	76368	   0	  30	
  29	  30	  50	   1	 511	   3	   1	   8	   8	  13	  30	  70	  50	 491	78161	78672	   0	  40	
  30	  31	  70	   1	 519	   2	   1	   8	   9	  13	  30	  70	  50	 465	80456	80975	   0	  50	
  31	  32	  50	   1	 453	   3	   1	   8	   9	  14	  30	  70	  50	 329	82634	83087	   0	  60	
  32	  33	  30	   4	 547	   1	   2	   9	   9	  14	  30	  70	  50	 402	84796	85343	   0	  60	
  33	  34	  70	   2	 493	   2	   1	   9	  10	  14	  30	  70	  50	 400	87058	87551	   0	  50	
  34	  35	  30	   3	 582	   1	   2	  10	  10	  14	  30	  70	  50	 522	89369	89951	   0	  50	
  35	  36	  70	   1	 527	   2	   1	  10	  11	  14	  30	  70	  50	 401	91664	92191	   0	  60	
  36	  37	  50	   2	 508	   3	   1	  10	  11	  15	  30	  70	  50	 356	93859	94367	   0	  50	
  37	  38	  30	   4	 634	   1	   2	  11	  11	  15	  30	  70	  50	 373	96037	96671	   0	  50	
  38	  39	  70	   2	 433	   2	   1	  11	  12	  15	  30	  70	  50	 395	98382	98815	   0	  40	
  39	  40	  30	   3	 581	   1	   2	  12	  12	  15	  30	  70	  50	 690	100810	101391	   0	  40	
  40	  41	  50	   1	 603	   3	   1	  12	  12	  16	  30	  70	  50	 482	103188	103791	   0	  50	
  41	  42	  70	   1	 427	   2	   1	  12	  13	  16	  30	  70	  50	 578	105699	106126	   0	  60	
  42	  43	  30	   4	 617	   1	   2	  13	  13	  16	  30	  70	  50	 433	107861	108478	   0	  60	
  43	  44	  70	   1	 475	   2	   1	  13	  14	  16	  30	  70	  50	 560	110339	110814	   0	  70	
  44	  45	  50	   2	 601	   3	   1	  13	  14	  17	  30	  70	  50	 381	112501	113102	   0	  60	
  45	  46	  30	   4	 500	   1	   2	  14	  14	  17	  30	  70	  50	 354	114762	115262	   0	  60	
  46	  47	  70	   1	 572	   2	   1	  14	  15	  17	  30	  70	  50	 503	117074	117646	   0	  70	
  47	  48	  30	   4	 586	   1	   2	  15	  15	  17	  30	  70	  50	 310	119252	119838	   0	  70	
  48	  49	  70	   2	 437	   2	   1	  15	  16	  17	  30	  70	  50	 353	121497	121934	   0	  60	
  49	  50	  30	   3	 604	   1	   2	  16	  16	  17	  30	  70	  50	 603	123842	124446	   0	  60	
  50	  51	  70	   1	 479	   2	   1	  16	  17	  17	  30	  70	  50	 547	126303	126782	   0	  70	
  51	  52	  30	   4	 655	   1	   2	  17	  17	  17	  30	  70	  50	 311	128415	129070	   0	  70	
  52	  53	  70	   1	 454	   2	   1	  17	  18	  17	  30	  70	  50	 373	130743	131197	   0	  80	
  53	  54	  30	   4	 629	   1	   2	  18	  18	  17	  30	  70	  50	 362	132872	133501	   0	  80	
  54	  55	  70	   2	 403	   2	   1	  18	  19	  17	  30	  70	  50	 633	135450	135853	   0	  70	
  55	  56	  50	   2	 708	   3	   1	  18	  19	  18	  30	  70	  50	 387	137545	138253	   0	  60	
  56	  57	  30	   3	 579	   1	   2	  19	  19	  18	  30	  70	  50	 565	140122	140701	   0	  60	
  57	  58	  70	   1	 577	   2	   1	  19	  20	  18	  30	  70	  50	 684	142700	143277	   0	  70	
  58	  59	  50	   1	 802	   3	   1	  19	  20	  19	  30	  70	  50	 627	145211	146013	   0	  80	
  59	  60	  30	   4	 492	   1	   2	  20	  20	  19	  30	  70	  50	 592	147905	148397	   0	  80	
  60	  61	  50	   2	 568	   3	   1	  20	  20	  20	  30	  70	  50	 435	150133	150701	   0	  70	
  61	  62	  70	   1	 576	   2	   1	  20	  21	  20	  30	  70	  50	 413	152445	153021	   0	  80	
  62	  63	  50	   2	 803	   3	   1	  20	  21	  21	  30	  70	  50	 584	154906	155709	   0	  70	
  63	  64	  70	   2	 646	   2	   1	  20	  22	  21	  30	  70	  50	 324	157334	157980	   0	  60	
  64	  65	  50	   1	 636	   3	   1	  20	  22	  22	  30	  70	  50	 417	159712	160348	   0	  70	
  65	  66	  30	   4	 503	   1	   2	  21	  22	  22	  30	  70	  50	 302	161957	162460	   0	  70	
  66	  67	  70	   1	 499	   2	   1	  21	  23	  22	  30	  70	  50	 403	164169	164668	   0	  80	
  67	  68	  30	   3	 789	   1	   2	  22	  23	  22	  30	  70	  50	 689	166663	167452	   0	  80	
  68	  69	  50	   2	1555	   3	   1	  22	  23	  23	  30	  70	  50	 484	169241	170796	   0	  70	
  69	  70	  70	   1	 509	   2	   1	  22	  24	  23	  30	  70	  50	 681	172783	173292	   0	  80	
  70	  71	  50	   4	 745	   3	   2	  22	  24	  24	  30	  70	  50	 397	174995	175740	   0	  80	
  71	  72	  70	   1	 545	   2	   1	  22	  25	  24	  30	  70	  50	 694	177755	178300	   0	  90	
  72	  73	  50	   3	 624	   3	   2	  22	  25	  25	  30	  70	  50	 685	180300	180924	   0	  90	
  73	  74	  70	   2	 533	   2	   1	  22	  26	  25	  30	  70	  50	 488	182711	183244	   0	  80	
  74	  75	  50	   2	 562	   3	   1	  22	  26	  26	  30	  70	  50	 320	184873	185435	   0	  70	
  75	  76	  70	   1	 659	   2	   1	  22	  27	  26	  30	  70	  50	 658	187400	188059	   0	  80	
  76	  77	  50	   3	 650	   3	   2	  22	  27	  27	  30	  70	  50	 385	189745	190395	   0	  80	
  77	  78	  70	   1	 685	   2	   1	  22	  28	  27	  30	  70	  50	 496	192206	192891	   0	  90	
  78	  79	  50	   1	 602	   3	   1	  22	  28	  28	  30	  70	  50	 599	194801	195403	   0	 100	
  79	  80	  30	   4	 723	   1	   2	  23	  28	  28	  30	  70	  50	 406	197112	197835	   0	 100	
  80	  81	  70	   2	 501	   2	   1	  23	  29	  28	  30	  70	  50	 448	199590	200091	   0	  90	
  81	  82	  30	   4	 933	   1	   2	  24	  29	  28	  30	  70	  50	 308	201718	202651	   0	  90	
  82	  83	  50	   2	 924	   3	   1	  24	  29	  29	  30	  70	  50	 524	204479	205403	   0	  80	
  83	  84	  30	   4	 703	   1	   2	  25	  29	  29	  30	  70	  50	 648	207356	208059	   0	  80	
  84	  85	  70	   1	 429	   2	   1	  25	  30	  29	  30	  70	  50	 548	209917	210346	   0	  90	
  85	  86	  50	   1	 849	   3	   1	  25	  30	  30	  30	  70	  50	 686	212345	213194	   0	 100	
  86	  87	  70	   1	 641	   2	   1	  25	  31	  30	  30	  70	  50	 387	214889	215530	   0	 110	
  87	  88	  30	   4	1461	   3	   2	  25	  31	   1	  30	  70	  30	 451	217317	218778	   3	 110	
  88	  89	  30	   3	1252	   1	   2	  26	  31	   1	  30	  70	  30	 629	220726	221978	   0	 110	
  89	  90	  70	   2	 662	   2	   1	  26	  32	   1	  30	  70	  30	 344	223620	224282	   0	 100	
  90	  91	  30	   3	1388	   3	   2	  26	  32	   2	  30	  70	  30	 417	226014	227402	   0	 100	
  91	  92	  70	   1	1323	   2	   1	  26	  33	   2	  30	  70	  30	 694	229407	230730	   0	 110	
  92	  93	  30	   4	 699	   1	   2	  27	  33	   2	  30	  70	  30	 342	232367	233066	   0	 110	
  93	  94	  30	   2	1274	   3	   1	  27	  33	   3	  30	  70	  30	 537	234911	236185	   0	 100	
  94	  95	  30	   4	 608	   1	   2	  28	  33	   3	  30	  70	  30	 656	238137	238745	   0	 100	
  95	  96	  20	   4	1464	   2	   2	  28	   1	   3	  30	  20	  30	 368	240449	241913	   2	 100	
  96	  97	  30	   3	1210	   1	   2	  29	   1	   3	  30	  20	  30	 564	243791	245001	   0	 100	
NaN	  98	  30	NaN	NaN	   3	   3	  29	   1	   3	  30	  20	  30	 424	243791	NaN	   0	 100	
  97	  99	  30	   4	 664	   1	   2	  30	   1	   3	  30	  20	  30	 607	250609	251273	   0	 100	
  98	 100	  30	   4	 600	   3	   2	  30	   1	   4	  30	  20	  30	 561	253137	253737	   0	 100	
  99	 101	  20	   4	 928	   2	   2	  30	   2	   4	  30	  20	  30	 408	255449	256377	   0	 100	
 100	 102	  30	   4	 601	   1	   2	  31	   2	   4	  30	  20	  30	 496	258192	258793	   0	 100	
 101	 103	  20	   3	 708	   2	   2	  31	   3	   4	  30	  20	  30	 301	260421	261129	   0	 100	
 102	 104	  30	   4	 640	   3	   2	  31	   3	   5	  30	  20	  30	 625	263048	263688	   0	 100	
 103	 105	  20	   4	 761	   2	   2	  31	   4	   5	  30	  20	  30	 353	265343	266104	   0	 100	
 104	 106	  30	   3	 626	   3	   2	  31	   4	   6	  30	  20	  30	 630	268054	268680	   0	 100	
 105	 107	  20	   4	 677	   2	   2	  31	   5	   6	  30	  20	  30	 540	270515	271192	   0	 100	
 106	 108	  30	   4	 534	   3	   2	  31	   5	   7	  30	  20	  30	 521	273026	273560	   0	 100	
 107	 109	  20	   3	 564	   2	   2	  31	   6	   7	  30	  20	  30	 319	275188	275752	   0	 100	
 108	 110	  30	   3	 697	   1	   2	  32	   6	   7	  30	  20	  30	 532	277599	278296	   0	 100	
 109	 111	  30	   4	 721	   3	   2	  32	   6	   8	  30	  20	  30	 302	279911	280632	   0	 100	
 110	 112	  20	   4	 967	   2	   2	  32	   7	   8	  30	  20	  30	 368	282305	283272	   0	 100	
 111	 113	  30	   4	 655	   3	   2	  32	   7	   9	  30	  20	  30	 435	285033	285688	   0	 100	
 112	 114	  30	   4	 894	   1	   2	  33	   7	   9	  30	  20	  30	 606	287594	288488	   0	 100	
 113	 115	  30	   3	 977	   3	   2	  33	   7	  10	  30	  20	  30	 675	290470	291447	   0	 100	
 114	 116	  30	   4	 697	   1	   2	  34	   7	  10	  30	  20	  30	 444	293198	293895	   0	 100	
 115	 117	  30	   3	 556	   3	   2	  34	   7	  11	  30	  20	  30	 456	295659	296215	   0	 100	
 116	 118	  30	   4	 416	   1	   2	  35	   7	  11	  30	  20	  30	 589	298103	298519	   0	 100	
 117	 119	  30	   4	 443	   3	   2	  35	   7	  12	  30	  20	  30	 509	300332	300775	   0	 100	
 118	 120	  20	   4	 615	   2	   2	  35	   8	  12	  30	  20	  30	 468	302544	303159	   0	 100	
 119	 121	  80	   1	1105	   1	   1	   1	   8	  12	  80	  20	  30	 314	304822	305927	   1	 110	
 120	 122	  30	   4	 769	   3	   2	   1	   8	  13	  80	  20	  30	 560	307782	308551	   0	 110	
 121	 123	  80	   1	 676	   1	   1	   2	   8	  13	  80	  20	  30	 372	310243	310919	   0	 120	
 122	 124	  30	   4	 547	   3	   2	   2	   8	  14	  80	  20	  30	 580	312804	313351	   0	 120	
 123	 125	  80	   2	 402	   1	   1	   3	   8	  14	  80	  20	  30	 691	315348	315750	   0	 110	
 124	 126	  30	   3	 977	   3	   2	   3	   8	  15	  80	  20	  30	 413	317477	318454	   0	 110	
 125	 127	  80	   1	 683	   1	   1	   4	   8	  15	  80	  20	  30	 405	320171	320854	   0	 120	
 126	 128	  30	   4	 648	   3	   2	   4	   8	  16	  80	  20	  30	 632	322798	323446	   0	 120	
 127	 129	  20	   4	 912	   2	   2	   4	   9	  16	  80	  20	  30	 348	325110	326022	   0	 120	
 128	 130	  80	   1	 496	   1	   1	   5	   9	  16	  80	  20	  30	 325	327654	328150	   0	 130	
 129	 131	  30	   4	 517	   3	   2	   5	   9	  17	  80	  20	  30	 580	330049	330566	   0	 130	
 130	 132	  80	   2	 700	   1	   1	   6	   9	  17	  80	  20	  30	 541	332410	333110	   0	 120	
 131	 133	  30	   4	 641	   3	   2	   6	   9	  18	  80	  20	  30	 373	334805	335446	   0	 120	
 132	 134	  80	   1	 659	   1	   1	   7	   9	  18	  80	  20	  30	 546	337299	337958	   0	 130	
 133	 135	  20	   4	 689	   2	   2	   7	  10	  18	  80	  20	  30	 618	339877	340566	   0	 130	
 134	 136	  80	   1	 608	   1	   1	   8	  10	  18	  80	  20	  30	 531	342405	343013	   0	 140	
 135	 137	  20	   3	 585	   2	   2	   8	  11	  18	  80	  20	  30	 404	344716	345301	   0	 140	
 136	 138	  80	   1	 475	   1	   1	   9	  11	  18	  80	  20	  30	 580	347194	347669	   0	 150	
 137	 139	  20	   4	 737	   2	   2	   9	  12	  18	  80	  20	  30	 597	349572	350309	   0	 150	
 138	 140	  30	   3	 833	   3	   2	   9	  12	  19	  80	  20	  30	 503	352116	352949	   0	 150	
 139	 141	  80	   1	 744	   1	   1	  10	  12	  19	  80	  20	  30	 635	354893	355637	   0	 160	
 140	 142	  30	   4	 584	   3	   2	  10	  12	  20	  80	  20	  30	 463	357421	358005	   0	 160	
 141	 143	  20	   4	 470	   2	   2	  10	  13	  20	  80	  20	  30	 669	359999	360469	   0	 160	
 142	 144	  80	   2	 948	   1	   1	  11	  13	  20	  80	  20	  30	 385	362161	363109	   0	 150	
 143	 145	  30	   3	 527	   3	   2	  11	  13	  21	  80	  20	  30	 417	364838	365365	   0	 150	
 144	 146	  20	   4	 717	   2	   2	  11	  14	  21	  80	  20	  30	 356	367016	367733	   0	 150	
 145	 147	  30	   4	 578	   3	   2	  11	  14	  22	  80	  20	  30	 356	369394	369972	   0	 150	
 146	 148	  20	   4	 525	   2	   2	  11	  15	  22	  80	  20	  30	 355	371639	372164	   0	 150	
 147	 149	  80	   1	 615	   1	   1	  12	  15	  22	  80	  20	  30	 437	373901	374516	   0	 160	
 148	 150	  20	   2	 708	   2	   1	  12	  16	  22	  80	  20	  30	 689	376512	377220	   0	 150	
 149	 151	  80	   1	 648	   1	   1	  13	  16	  22	  80	  20	  30	 416	378940	379588	   0	 160	
 150	 152	  20	   4	 541	   2	   2	  13	  17	  22	  80	  20	  30	 446	381351	381892	   0	 160	
 151	 153	  30	   4	 996	   3	   2	  13	  17	  23	  80	  20	  30	 507	383712	384708	   0	 160	
 152	 154	  20	   3	 606	   2	   2	  13	  18	  23	  80	  20	  30	 368	386390	386996	   0	 160	
 153	 155	  80	   1	 772	   1	   1	  14	  18	  23	  80	  20	  30	 475	388768	389540	   0	 170	
 154	 156	  30	   4	 520	   3	   2	  14	  18	  24	  80	  20	  30	 359	391196	391716	   0	 170	
 155	 157	  80	   1	 659	   1	   1	  15	  18	  24	  80	  20	  30	 435	393457	394116	   0	 180	
 156	 158	  20	   4	 667	   2	   2	  15	  19	  24	  80	  20	  30	 335	395752	396419	   0	 180	
 157	 159	  30	   4	 944	   3	   2	  15	  19	  25	  80	  20	  30	 423	398147	399091	   0	 180	
 158	 160	  80	   1	 535	   1	   1	  16	  19	  25	  80	  20	  30	 513	400924	401459	   0	 190	
 159	 161	  20	   4	 505	   2	   2	  16	  20	  25	  80	  20	  30	 659	403418	403923	   0	 190	
 160	 162	  30	   4	 634	   3	   2	  16	  20	  26	  80	  20	  30	 685	405913	406547	   0	 190	
 161	 163	  80	   1	 560	   1	   1	  17	  20	  26	  80	  20	  30	 413	408291	408851	   0	 200	
 162	 164	  30	   3	 739	   3	   2	  17	  20	  27	  80	  20	  30	 601	410752	411491	   0	 200	
 163	 165	  20	   4	 520	   2	   2	  17	  21	  27	  80	  20	  30	 348	413147	413667	   0	 200	
 164	 166	  30	   4	 627	   3	   2	  17	  21	  28	  80	  20	  30	 417	415392	416019	   0	 200	
 165	 167	  80	   2	 392	   1	   1	  18	  21	  28	  80	  20	  30	 480	417803	418195	   0	 190	
 166	 168	  30	   4	1002	   3	   2	  18	  21	  29	  80	  20	  30	 331	419832	420834	   0	 190	
 167	 169	  20	   4	 727	   2	   2	  18	  22	  29	  80	  20	  30	 316	422459	423186	   0	 190	
 168	 170	  30	   3	 571	   3	   2	  18	  22	  30	  80	  20	  30	 385	424887	425458	   0	 190	
 169	 171	  80	   1	 393	   1	   1	  19	  22	  30	  80	  20	  30	 700	427465	427858	   0	 200	
 170	 172	  30	   4	 734	   3	   2	  19	  22	  31	  80	  20	  30	 305	429460	430194	   0	 200	
 171	 173	  20	   3	 623	   2	   2	  19	  23	  31	  80	  20	  30	 444	431955	432578	   0	 200	
 172	 174	  80	   1	 497	   1	   1	  20	  23	  31	  80	  20	  30	 574	434449	434946	   0	 210	
 173	 175	  30	   4	 714	   3	   2	  20	  23	  32	  80	  20	  30	 476	436728	437442	   0	 210	
 174	 176	  80	   1	 505	   1	   1	  21	  23	  32	  80	  20	  30	 546	439305	439810	   0	 220	
 175	 177	  30	   4	1235	   3	   2	  21	  23	  33	  80	  20	  30	 449	441567	442802	   0	 220	
 176	 178	  80	   1	 558	   1	   1	  22	  23	  33	  80	  20	  30	 574	444676	445234	   0	 230	
 177	 179	  30	   3	 801	   3	   2	  22	  23	  34	  80	  20	  30	 567	447104	447905	   0	 230	
 178	 180	  20	   4	 793	   2	   2	  22	  24	  34	  80	  20	  30	 619	449832	450625	   0	 230	
 179	 181	  30	   4	 683	   3	   2	  22	  24	  35	  80	  20	  30	 386	452326	453009	   0	 230	
 180	 182	  20	   3	 883	   2	   2	  22	  25	  35	  80	  20	  30	 324	454638	455521	   0	 230	
 181	 183	  80	   2	 465	   1	   1	  23	  25	  35	  80	  20	  30	 380	457232	457697	   0	 220	
 182	 184	  70	   3	1223	   3	   2	  23	  25	   1	  80	  20	  70	 562	459610	460833	   3	 220	
 183	 185	  20	   4	1018	   2	   2	  23	  26	   1	  80	  20	  70	 360	462487	463505	   0	 220	
 184	 186	  70	   2	 939	   3	   1	  23	  26	   2	  80	  20	  70	 612	465430	466369	   0	 210	
 185	 187	  20	   4	1079	   2	   2	  23	  27	   2	  80	  20	  70	 392	468058	469137	   0	 210	
 186	 188	  70	   3	1166	   3	   2	  23	  27	   3	  80	  20	  70	 382	470835	472001	   0	 210	
 187	 189	  20	   4	1140	   2	   2	  23	  28	   3	  80	  20	  70	 300	473612	474752	   0	 210	
 188	 190	  80	   1	 591	   1	   1	  24	  28	   3	  80	  20	  70	 652	476705	477296	   0	 220	
 189	 191	  70	   2	 676	   3	   1	  24	  28	   4	  80	  20	  70	 511	479100	479776	   0	 210	
 190	 192	  80	   2	 627	   1	   1	  25	  28	   4	  80	  20	  70	 599	481677	482304	   0	 200	
 191	 193	  20	   4	 836	   2	   2	  25	  29	   4	  80	  20	  70	 552	484188	485024	   0	 200	
 192	 194	  70	   1	 391	   3	   1	  25	  29	   5	  80	  20	  70	 326	486649	487040	   0	 210	
 193	 195	  20	   4	 672	   2	   2	  25	  30	   5	  80	  20	  70	 602	488944	489616	   0	 210	
 194	 196	  70	   3	1063	   3	   2	  25	  30	   6	  80	  20	  70	 359	491273	492336	   0	 210	
 195	 197	  80	   1	 832	   1	   1	  26	  30	   6	  80	  20	  70	 349	494000	494832	   0	 220	
 196	 198	  50	   3	1474	   2	   2	  26	   1	   6	  80	  50	  70	 317	496494	497968	   2	 220	
 197	 199	  70	   1	1081	   3	   1	  26	   1	   7	  80	  50	  70	 406	499670	500751	   0	 230	
 198	 200	  50	   2	 768	   2	   1	  26	   2	   7	  80	  50	  70	 367	502431	503199	   0	 220	
 199	 201	  80	   1	 558	   1	   1	  27	   2	   7	  80	  50	  70	 495	505009	505567	   0	 230	
 200	 202	  70	   2	 694	   3	   1	  27	   2	   8	  80	  50	  70	 493	507353	508047	   0	 220	
 201	 203	  50	   1	1325	   2	   1	  27	   3	   8	  80	  50	  70	 327	509698	511023	   0	 230	
 202	 204	  70	   1	1144	   3	   1	  27	   3	   9	  80	  50	  70	 447	512775	513919	   0	 240	
 203	 205	  50	   2	 573	   2	   1	  27	   4	   9	  80	  50	  70	 384	515618	516191	   0	 230	
 204	 206	  70	   1	 591	   3	   1	  27	   4	  10	  80	  50	  70	 603	518096	518687	   0	 240	
 205	 207	  50	   2	 707	   2	   1	  27	   5	  10	  80	  50	  70	 542	520524	521231	   0	 230	
 206	 208	  80	   1	 653	   1	   1	  28	   5	  10	  80	  50	  70	 692	523218	523871	   0	 240	
 207	 209	  50	   1	 741	   2	   1	  28	   6	  10	  80	  50	  70	 349	525529	526270	   0	 250	
 208	 210	  80	   1	 538	   1	   1	  29	   6	  10	  80	  50	  70	 356	527924	528462	   0	 260	
 209	 211	  70	   2	 561	   3	   1	  29	   6	  11	  80	  50	  70	 499	530269	530830	   0	 250	
 210	 212	  50	   1	 513	   2	   1	  29	   7	  11	  80	  50	  70	 650	532797	533310	   0	 260	
 211	 213	  80	   1	 521	   1	   1	  30	   7	  11	  80	  50	  70	 507	535141	535662	   0	 270	
 212	 214	  70	   2	 634	   3	   1	  30	   7	  12	  80	  50	  70	 663	537636	538270	   0	 260	
 213	 215	  80	   1	 477	   1	   1	  31	   7	  12	  80	  50	  70	 523	540097	540574	   0	 270	
 214	 216	  70	   1	 521	   3	   1	  31	   7	  13	  80	  50	  70	 429	542309	542830	   0	 280	
 215	 217	  50	   2	 339	   2	   1	  31	   8	  13	  80	  50	  70	 461	544587	544926	   0	 270	
 216	 218	  80	   1	 516	   1	   1	  32	   8	  13	  80	  50	  70	 451	546682	547198	   0	 280	
 217	 219	  50	   2	 645	   2	   1	  32	   9	  13	  80	  50	  70	 688	549193	549838	   0	 270	
 218	 220	  80	   1	 536	   1	   1	  33	   9	  13	  80	  50	  70	 488	551638	552174	   0	 280	
 219	 221	  70	   1	 675	   3	   1	  33	   9	  14	  80	  50	  70	 367	553850	554525	   0	 290	
 220	 222	  50	   1	 384	   2	   1	  33	  10	  14	  80	  50	  70	 650	556477	556861	   0	 300	
 221	 223	  70	   1	 947	   3	   1	  33	  10	  15	  80	  50	  70	 326	558506	559453	   0	 310	
 222	 224	  20	   4	1129	   1	   2	   1	  10	  15	  20	  50	  70	 507	561300	562429	   1	 310	
 223	 225	  50	   2	1363	   2	   1	   1	  11	  15	  20	  50	  70	 682	564426	565789	   0	 300	
 224	 226	  70	   1	 745	   3	   1	   1	  11	  16	  20	  50	  70	 535	567636	568381	   0	 310	
 225	 227	  20	   4	1013	   1	   2	   2	  11	  16	  20	  50	  70	 599	570296	571309	   0	 310	
 226	 228	  70	   2	1534	   3	   1	   2	  11	  17	  20	  50	  70	 379	573007	574541	   0	 300	
 227	 229	  20	   4	1177	   1	   2	   3	  11	  17	  20	  50	  70	 688	576532	577709	   0	 300	
 228	 230	  50	   1	1094	   2	   1	   3	  12	  17	  20	  50	  70	 511	579526	580620	   0	 310	
 229	 231	  70	   1	1070	   3	   1	   3	  12	  18	  20	  50	  70	 335	582270	583340	   0	 320	
 230	 232	  50	   2	 600	   2	   1	   3	  13	  18	  20	  50	  70	 340	584980	585580	   0	 310	
 231	 233	  70	   1	1080	   3	   1	   3	  13	  19	  20	  50	  70	 602	587508	588588	   0	 320	
 232	 234	  20	   3	 745	   1	   2	   4	  13	  19	  20	  50	  70	 553	590451	591196	   0	 320	
 233	 235	  70	   1	 710	   3	   1	   4	  13	  20	  20	  50	  70	 547	593062	593772	   0	 330	
 234	 236	  20	   4	 679	   1	   2	   5	  13	  20	  20	  50	  70	 490	595557	596236	   0	 330	
 235	 237	  50	   2	 982	   2	   1	   5	  14	  20	  20	  50	  70	 584	598134	599116	   0	 320	
 236	 238	  70	   2	 920	   3	   1	   5	  14	  21	  20	  50	  70	 609	601028	601948	   0	 310	
 237	 239	  50	   1	 922	   2	   1	   5	  15	  21	  20	  50	  70	 673	603921	604843	   0	 320	
 238	 240	  70	   1	 456	   3	   1	   5	  15	  22	  20	  50	  70	 368	606515	606971	   0	 330	
 239	 241	  50	   1	 621	   2	   1	   5	  16	  22	  20	  50	  70	 631	608910	609531	   0	 340	
 240	 242	  20	   4	 622	   1	   2	   6	  16	  22	  20	  50	  70	 575	611405	612027	   0	 340	
 241	 243	  50	   2	 521	   2	   1	   6	  17	  22	  20	  50	  70	 313	613666	614187	   0	 330	
 242	 244	  20	   3	 710	   1	   2	   7	  17	  22	  20	  50	  70	 373	615861	616571	   0	 330	
 243	 245	  70	   1	1175	   3	   1	   7	  17	  23	  20	  50	  70	 496	618372	619547	   0	 340	
 244	 246	  50	   1	 606	   2	   1	   7	  18	  23	  20	  50	  70	 301	621149	621755	   0	 350	
 245	 247	  20	   4	 626	   1	   2	   8	  18	  23	  20	  50	  70	 506	623561	624187	   0	 350	
 246	 248	  50	   2	 600	   2	   1	   8	  19	  23	  20	  50	  70	 476	625955	626555	   0	 340	
 247	 249	  70	   1	 703	   3	   1	   8	  19	  24	  20	  50	  70	 416	628284	628987	   0	 350	
 248	 250	  20	   4	 516	   1	   2	   9	  19	  24	  20	  50	  70	 380	630678	631194	   0	 350	
 249	 251	  70	   1	 652	   3	   1	   9	  19	  25	  20	  50	  70	 489	632990	633642	   0	 360	
 250	 252	  50	   1	 521	   2	   1	   9	  20	  25	  20	  50	  70	 675	635617	636138	   0	 370	
 251	 253	  20	   4	 381	   1	   2	  10	  20	  25	  20	  50	  70	 589	638045	638426	   0	 370	
 252	 254	  70	   2	 463	   3	   1	  10	  20	  26	  20	  50	  70	 367	640107	640570	   0	 360	
 253	 255	  50	   1	 380	   2	   1	  10	  21	  26	  20	  50	  70	 418	642302	642682	   0	 370	
 254	 256	  70	   1	 937	   3	   1	  10	  21	  27	  20	  50	  70	 504	644497	645434	   0	 380	
 255	 257	  50	   2	 371	   2	   1	  10	  22	  27	  20	  50	  70	 445	647191	647562	   0	 370	
 256	 258	  70	   1	 758	   3	   1	  10	  22	  28	  20	  50	  70	 347	649220	649978	   0	 380	
 257	 259	  50	   2	 404	   2	   1	  10	  23	  28	  20	  50	  70	 520	651798	652202	   0	 370	
 258	 260	  70	   2	 431	   3	   1	  10	  23	  29	  20	  50	  70	 558	654059	654490	   0	 360	
 259	 261	  20	   4	 607	   1	   2	  11	  23	  29	  20	  50	  70	 358	656155	656762	   0	 360	
 260	 262	  70	   1	 553	   3	   1	  11	  23	  30	  20	  50	  70	 336	658400	658953	   0	 370	
 261	 263	  50	   2	 469	   2	   1	  11	  24	  30	  20	  50	  70	 356	660628	661097	   0	 360	
 262	 264	  20	   4	 954	   1	   2	  12	  24	  30	  20	  50	  70	 630	663039	663993	   0	 360	
 263	 265	  50	   4	1024	   3	   2	  12	  24	   1	  20	  50	  50	 501	665833	666857	   3	 360	
 264	 266	  50	   1	 976	   2	   1	  12	  25	   1	  20	  50	  50	 621	668777	669753	   0	 370	
 265	 267	  50	   4	1203	   3	   2	  12	  25	   2	  20	  50	  50	 611	671670	672873	   0	 370	
 266	 268	  50	   1	 577	   2	   1	  12	  26	   2	  20	  50	  50	 506	674680	675257	   0	 380	
 267	 269	  20	   4	 688	   1	   2	  13	  26	   2	  20	  50	  50	 693	677241	677929	   0	 380	
 268	 270	  50	   2	 807	   2	   1	  13	  27	   2	  20	  50	  50	 372	679602	680409	   0	 370	
 269	 271	  50	   3	 732	   3	   2	  13	  27	   3	  20	  50	  50	 696	682413	683145	   0	 370	
 270	 272	  50	   1	1314	   2	   1	  13	  28	   3	  20	  50	  50	 323	684774	686088	   0	 380	
 271	 273	  50	   4	 711	   3	   2	  13	  28	   4	  20	  50	  50	 603	688017	688728	   0	 380	
 272	 274	  50	   2	 856	   2	   1	  13	  29	   4	  20	  50	  50	 487	690528	691384	   0	 370	
 273	 275	  20	   3	 817	   1	   2	  14	  29	   4	  20	  50	  50	 559	693239	694056	   0	 370	
 274	 276	  50	   3	1155	   3	   2	  14	  29	   5	  20	  50	  50	 373	695733	696888	   0	 370	
 275	 277	  50	   3	 576	   2	   2	  14	  30	   5	  20	  50	  50	 562	698760	699336	   0	 370	
 276	 278	  20	   4	 822	   1	   2	  15	  30	   5	  20	  50	  50	 516	701154	701976	   0	 370	
 277	 279	  50	   3	 645	   3	   2	  15	  30	   6	  20	  50	  50	 417	703699	704344	   0	 370	
 278	 280	  20	   3	1060	   1	   2	  16	  30	   6	  20	  50	  50	 614	706276	707336	   0	 370	
 279	 281	  50	   2	 925	   3	   1	  16	  30	   7	  20	  50	  50	 315	708970	709895	   0	 360	
 280	 282	  20	   2	 539	   1	   1	  17	  30	   7	  20	  50	  50	 364	711564	712103	   0	 350	
 281	 283	  50	   4	1690	   3	   2	  17	  30	   8	  20	  50	  50	 700	714125	715815	   0	 350	
 282	 284	  50	   1	 834	   2	   1	  17	  31	   8	  20	  50	  50	 585	717701	718535	   0	 360	
 283	 285	  20	   4	 892	   1	   2	  18	  31	   8	  20	  50	  50	 546	720395	721287	   0	 360	
 284	 286	  50	   2	 893	   2	   1	  18	  32	   8	  20	  50	  50	 318	722906	723799	   0	 350	
 285	 287	  20	   4	 763	   1	   2	  19	  32	   8	  20	  50	  50	 385	725500	726263	   0	 350	
 286	 288	  50	   3	1435	   3	   2	  19	  32	   9	  20	  50	  50	 459	728028	729463	   0	 350	
 287	 289	  20	   4	 695	   1	   2	  20	  32	   9	  20	  50	  50	 343	731104	731799	   0	 350	
 288	 290	  50	   3	 602	   3	   2	  20	  32	  10	  20	  50	  50	 439	733549	734151	   0	 350	
 289	 291	  50	   1	 638	   2	   1	  20	  33	  10	  20	  50	  50	 499	735960	736598	   0	 360	
 290	 292	  50	   1	 449	   3	   1	  20	  33	  11	  20	  50	  50	 506	738405	738854	   0	 370	
 291	 293	  20	   4	 918	   2	   2	  20	   1	  11	  20	  20	  50	 627	740832	741750	   2	 370	
 292	 294	  50	   1	 898	   3	   1	  20	   1	  12	  20	  20	  50	 411	743460	744358	   0	 380	
 293	 295	  20	   4	 849	   1	   2	  21	   1	  12	  20	  20	  50	 358	746021	746870	   0	 380	
 294	 296	  20	   2	 744	   2	   1	  21	   2	  12	  20	  20	  50	 620	748798	749542	   0	 370	
 295	 297	  20	   3	 937	   1	   2	  22	   2	  12	  20	  20	  50	 454	751309	752246	   0	 370	
 296	 298	  20	   4	1201	   2	   2	  22	   3	  12	  20	  20	  50	 507	754053	755254	   0	 370	
 297	 299	  20	   4	1378	   1	   2	  23	   3	  12	  20	  20	  50	 413	756980	758358	   0	 370	
 298	 300	  20	   4	 828	   2	   2	  23	   4	  12	  20	  20	  50	 427	760090	760918	   0	 370	
 299	 301	  50	   2	 624	   3	   1	  23	   4	  13	  20	  20	  50	 687	762917	763541	   0	 360	
 300	 302	  20	   3	 678	   2	   2	  23	   5	  13	  20	  20	  50	 465	765311	765989	   0	 360	
 301	 303	  50	   1	 850	   3	   1	  23	   5	  14	  20	  20	  50	 615	767939	768789	   0	 370	
 302	 304	  20	   4	 665	   2	   2	  23	   6	  14	  20	  20	  50	 623	770716	771381	   0	 370	
 303	 305	  20	   4	 681	   1	   2	  24	   6	  14	  20	  20	  50	 554	773244	773925	   0	 370	
 304	 306	  50	   1	 920	   3	   1	  24	   6	  15	  20	  20	  50	 582	775821	776741	   0	 380	
 305	 307	  20	   4	 717	   1	   2	  25	   6	  15	  20	  20	  50	 590	778632	779349	   0	 380	
 306	 308	  50	   4	 547	   3	   2	  25	   6	  16	  20	  20	  50	 354	781010	781557	   0	 380	
 307	 309	  20	   4	 566	   1	   2	  26	   6	  16	  20	  20	  50	 614	783487	784053	   0	 380	
 308	 310	  50	   2	 757	   3	   1	  26	   6	  17	  20	  20	  50	 694	786048	786805	   0	 370	
 309	 311	  20	   4	 414	   1	   2	  27	   6	  17	  20	  20	  50	 661	788759	789173	   0	 370	
 310	 312	  50	   3	 718	   3	   2	  27	   6	  18	  20	  20	  50	 377	790854	791572	   0	 370	
 311	 313	  20	   4	1036	   2	   2	  27	   7	  18	  20	  20	  50	 541	793432	794468	   0	 370	
 312	 314	  50	   2	 939	   3	   1	  27	   7	  19	  20	  20	  50	 643	796409	797348	   0	 360	
 313	 315	  20	   4	 591	   2	   2	  27	   8	  19	  20	  20	  50	 627	799269	799860	   0	 360	
 314	 316	  20	   3	 425	   1	   2	  28	   8	  19	  20	  20	  50	 380	801547	801972	   0	 360	
 315	 317	  20	   3	 669	   2	   2	  28	   9	  19	  20	  20	  50	 697	803975	804644	   0	 360	
 316	 318	  50	   2	 586	   3	   1	  28	   9	  20	  20	  20	  50	 655	806602	807188	   0	 350	
 317	 319	  20	   4	 725	   2	   2	  28	  10	  20	  20	  20	  50	 346	808847	809572	   0	 350	
 318	 320	  20	   4	 543	   1	   2	  29	  10	  20	  20	  20	  50	 655	811525	812068	   0	 350	
 319	 321	  50	   4	 650	   3	   2	  29	  10	  21	  20	  20	  50	 411	813770	814420	   0	 350	
 320	 322	  20	   4	 466	   1	   2	  30	  10	  21	  20	  20	  50	 347	816081	816547	   0	 350	
 321	 323	  50	   3	 553	   3	   2	  30	  10	  22	  20	  20	  50	 557	818426	818979	   0	 350	
 322	 324	  20	   4	 518	   1	   2	  31	  10	  22	  20	  20	  50	 341	820621	821139	   0	 350	
 323	 325	  20	   4	 424	   2	   2	  31	  11	  22	  20	  20	  50	 659	823099	823523	   0	 350	
 324	 326	  20	   4	 723	   1	   2	  32	  11	  22	  20	  20	  50	 513	825344	826067	   0	 350	
 325	 327	  50	   4	 576	   3	   2	  32	  11	  23	  20	  20	  50	 589	827955	828531	   0	 350	
 326	 328	  20	   4	 507	   2	   2	  32	  12	  23	  20	  20	  50	 387	830216	830723	   0	 350	
 327	 329	  50	   3	 425	   3	   2	  32	  12	  24	  20	  20	  50	 345	832362	832787	   0	 350	
 328	 330	  20	   4	 423	   2	   2	  32	  13	  24	  20	  20	  50	 454	834540	834963	   0	 350	
 329	 331	  20	   3	 722	   1	   2	  33	  13	  24	  20	  20	  50	 498	836769	837491	   0	 350	
 330	 332	  20	   4	 407	   2	   2	  33	  14	  24	  20	  20	  50	 406	839196	839603	   0	 350	
 331	 333	  50	   3	 428	   3	   2	  33	  14	  25	  20	  20	  50	 635	841558	841986	   0	 350	
 332	 334	  20	   4	 412	   1	   2	  34	  14	  25	  20	  20	  50	 364	843670	844082	   0	 350	
 333	 335	  20	   4	 500	   2	   2	  34	  15	  25	  20	  20	  50	 599	845998	846498	   0	 350	
 334	 336	  50	   2	 415	   3	   1	  34	  15	  26	  20	  20	  50	 439	848243	848658	   0	 340	
 335	 337	  20	   4	 490	   1	   2	  35	  15	  26	  20	  20	  50	 518	850488	850978	   0	 340	
 336	 338	  20	   4	 468	   2	   2	  35	  16	  26	  20	  20	  50	 482	852766	853234	   0	 340	
 337	 339	  80	   3	1066	   1	   2	   1	  16	  26	  80	  20	  50	 573	855144	856210	   1	 340	
 338	 340	  20	   4	 765	   2	   2	   1	  17	  26	  80	  20	  50	 506	858021	858786	   0	 340	
 339	 341	  80	   1	 363	   1	   1	   2	  17	  26	  80	  20	  50	 519	860615	860978	   0	 350	
 340	 342	  50	   3	1140	   3	   2	   2	  17	  27	  80	  20	  50	 623	862910	864050	   0	 350	
 341	 343	  80	   1	 702	   1	   1	   3	  17	  27	  80	  20	  50	 658	866020	866722	   0	 360	
 342	 344	  20	   3	 586	   2	   2	   3	  18	  27	  80	  20	  50	 622	868647	869233	   0	 360	
 343	 345	  50	   1	 755	   3	   1	   3	  18	  28	  80	  20	  50	 400	870942	871697	   0	 370	
 344	 346	  20	   3	 843	   2	   2	   3	  19	  28	  80	  20	  50	 688	873686	874529	   0	 370	
 345	 347	  80	   1	 565	   1	   1	   4	  19	  28	  80	  20	  50	 535	876380	876945	   0	 380	
 346	 348	  20	   4	 720	   2	   2	   4	  20	  28	  80	  20	  50	 349	878609	879329	   0	 380	
 347	 349	  50	   2	1237	   3	   1	   4	  20	  29	  80	  20	  50	 398	881036	882273	   0	 370	
 348	 350	  80	   2	 613	   1	   1	   5	  20	  29	  80	  20	  50	 421	883996	884609	   0	 360	
 349	 351	  50	   4	 652	   3	   2	   5	  20	  30	  80	  20	  50	 395	886325	886977	   0	 360	
 350	 352	  80	   1	 548	   1	   1	   6	  20	  30	  80	  20	  50	 393	888669	889217	   0	 370	
 351	 353	  50	   4	 953	   3	   2	   6	  20	  31	  80	  20	  50	 483	891031	891984	   0	 370	
 352	 354	  80	   1	 668	   1	   1	   7	  20	  31	  80	  20	  50	 633	893924	894592	   0	 380	
 353	 355	  20	   3	 530	   2	   2	   7	  21	  31	  80	  20	  50	 407	896302	896832	   0	 380	
 354	 356	  80	   1	 569	   1	   1	   8	  21	  31	  80	  20	  50	 504	898647	899216	   0	 390	
 355	 357	  50	   4	 803	   3	   2	   8	  21	  32	  80	  20	  50	 381	900909	901712	   0	 390	
 356	 358	  20	   4	 420	   2	   2	   8	  22	  32	  80	  20	  50	 396	903420	903840	   0	 390	
 357	 359	  50	   3	 648	   3	   2	   8	  22	  33	  80	  20	  50	 696	905848	906496	   0	 390	
 358	 360	  20	   4	 625	   2	   2	   8	  23	  33	  80	  20	  50	 357	908159	908784	   0	 390	
 359	 361	  80	   2	 631	   1	   1	   9	  23	  33	  80	  20	  50	 436	910521	911152	   0	 380	
 360	 362	  20	   4	 576	   2	   2	   9	  24	  33	  80	  20	  50	 370	912832	913408	   0	 380	
 361	 363	  70	   3	 858	   3	   2	   9	  24	   1	  80	  20	  70	 333	915110	915968	   3	 380	
 362	 364	  80	   1	 672	   1	   1	  10	  24	   1	  80	  20	  70	 644	917904	918576	   0	 390	
 363	 365	  70	   2	 379	   3	   1	  10	  24	   2	  80	  20	  70	 666	920548	920927	   0	 380	
 364	 366	  20	   4	 541	   2	   2	  10	  25	   2	  80	  20	  70	 367	922610	923151	   0	 380	
 365	 367	  70	   4	 967	   3	   2	  10	  25	   3	  80	  20	  70	 422	924872	925839	   0	 380	
 366	 368	  20	   4	 956	   2	   2	  10	  26	   3	  80	  20	  70	 548	927699	928655	   0	 380	
 367	 369	  80	   1	 563	   1	   1	  11	  26	   3	  80	  20	  70	 512	930476	931039	   0	 390	
 368	 370	  70	   3	 899	   3	   2	  11	  26	   4	  80	  20	  70	 673	933020	933919	   0	 390	
 369	 371	  20	   3	1046	   2	   2	  11	  27	   4	  80	  20	  70	 673	935897	936943	   0	 390	
 370	 372	  70	   3	 823	   3	   2	  11	  27	   5	  80	  20	  70	 577	938824	939647	   0	 390	
 371	 373	  80	   1	 690	   1	   1	  12	  27	   5	  80	  20	  70	 520	941485	942175	   0	 400	
 372	 374	  70	   1	 409	   3	   1	  12	  27	   6	  80	  20	  70	 371	943846	944255	   0	 410	
 373	 375	  80	   1	 752	   1	   1	  13	  27	   6	  80	  20	  70	 595	946158	946910	   0	 420	
 374	 376	  70	   2	 434	   3	   1	  13	  27	   7	  80	  20	  70	 431	948652	949086	   0	 410	
 375	 377	  20	   4	 580	   2	   2	  13	  28	   7	  80	  20	  70	 319	950714	951294	   0	 410	
 376	 378	  80	   1	 799	   1	   1	  14	  28	   7	  80	  20	  70	 333	952943	953742	   0	 420	
 377	 379	  70	   1	 416	   3	   1	  14	  28	   8	  80	  20	  70	 400	955454	955870	   0	 430	
 378	 380	  80	   1	 598	   1	   1	  15	  28	   8	  80	  20	  70	 647	957832	958430	   0	 440	
 379	 381	  70	   1	 609	   3	   1	  15	  28	   9	  80	  20	  70	 349	960093	960702	   0	 450	
 380	 382	  80	   1	 570	   1	   1	  16	  28	   9	  80	  20	  70	 363	962372	962942	   0	 460	
 381	 383	  20	   4	 653	   2	   2	  16	  29	   9	  80	  20	  70	 581	964849	965502	   0	 460	
 382	 384	  80	   1	 471	   1	   1	  17	  29	   9	  80	  20	  70	 306	967111	967582	   0	 470	
 383	 385	  70	   1	 451	   3	   1	  17	  29	  10	  80	  20	  70	 436	969323	969774	   0	 480	
 384	 386	  80	   2	 473	   1	   1	  18	  29	  10	  80	  20	  70	 612	971701	972174	   0	 470	
 385	 387	  20	   4	 548	   2	   2	  18	  30	  10	  80	  20	  70	 448	973929	974477	   0	 470	
 386	 388	  70	   2	 395	   3	   1	  18	  30	  11	  80	  20	  70	 489	976274	976669	   0	 460	
 387	 389	  20	   2	 412	   2	   1	  18	  31	  11	  80	  20	  70	 371	978353	978765	   0	 450	
 388	 390	  70	   1	 596	   3	   1	  18	  31	  12	  80	  20	  70	 616	980697	981293	   0	 460	
 389	 391	  80	   2	 499	   1	   1	  19	  31	  12	  80	  20	  70	 658	983258	983757	   0	 450	
 390	 392	  70	   1	 515	   3	   1	  19	  31	  13	  80	  20	  70	 310	985370	985885	   0	 460	
 391	 393	  20	   4	 593	   2	   2	  19	  32	  13	  80	  20	  70	 315	987532	988125	   0	 460	
 392	 394	  70	   2	 489	   3	   1	  19	  32	  14	  80	  20	  70	 421	989844	990333	   0	 450	
 393	 395	  20	   3	 612	   2	   2	  19	  33	  14	  80	  20	  70	 451	992089	992701	   0	 450	
 394	 396	  70	   1	 493	   3	   1	  19	  33	  15	  80	  20	  70	 392	994400	994893	   0	 460	
 395	 397	  80	   1	 547	   1	   1	  20	  33	  15	  80	  20	  70	 564	996762	997309	   0	 470	
 396	 398	  70	   1	 517	   3	   1	  20	  33	  16	  80	  20	  70	 613	999239	999756	   0	 480	
 397	 399	  20	   4	 617	   2	   2	  20	  34	  16	  80	  20	  70	 605	1001667	1002284	   0	 480	
 398	 400	  80	   2	 599	   1	   1	  21	  34	  16	  80	  20	  70	 647	1004245	1004844	   0	 470	
 399	 401	  20	   2	 493	   2	   1	  21	  35	  16	  80	  20	  70	 476	1006623	1007116	   0	 460	
 400	 402	  80	   1	 564	   1	   1	  22	  35	  16	  80	  20	  70	 561	1008968	1009532	   0	 470	
 401	 403	  80	   3	1000	   2	   2	  22	   1	  16	  80	  80	  70	 501	1011412	1012412	   2	 470	
 402	 404	  80	   1	 631	   1	   1	  23	   1	  16	  80	  80	  70	 665	1014389	1015020	   0	 480	
 403	 405	  80	   1	 648	   2	   1	  23	   2	  16	  80	  80	  70	 569	1016900	1017548	   0	 490	
 404	 406	  80	   1	 570	   1	   1	  24	   2	  16	  80	  80	  70	 542	1019394	1019964	   0	 500	
 405	 407	  80	   1	 525	   2	   1	  24	   3	  16	  80	  80	  70	 574	1021839	1022364	   0	 510	
 406	 408	  80	   1	 500	   1	   1	  25	   3	  16	  80	  80	  70	 529	1024200	1024700	   0	 520	
 407	 409	  80	   2	 500	   2	   1	  25	   4	  16	  80	  80	  70	 700	1026711	1027211	   0	 510	
 408	 410	  80	   1	 542	   1	   1	  26	   4	  16	  80	  80	  70	 452	1028973	1029515	   0	 520	
 409	 411	  80	   1	 374	   2	   1	  26	   5	  16	  80	  80	  70	 490	1031301	1031675	   0	 530	
 410	 412	  80	   2	 481	   1	   1	  27	   5	  16	  80	  80	  70	 577	1033546	1034027	   0	 520	
 411	 413	  80	   1	 490	   2	   1	  27	   6	  16	  80	  80	  70	 491	1035841	1036331	   0	 530	
 412	 414	  80	   1	 397	   1	   1	  28	   6	  16	  80	  80	  70	 650	1038286	1038683	   0	 540	
 413	 415	  80	   1	 497	   2	   1	  28	   7	  16	  80	  80	  70	 302	1040298	1040795	   0	 550	
 414	 416	  80	   1	 380	   1	   1	  29	   7	  16	  80	  80	  70	 437	1042543	1042923	   0	 560	
 415	 417	  70	   2	 756	   3	   1	  29	   7	  17	  80	  80	  70	 643	1044871	1045627	   0	 550	
 416	 418	  80	   1	 491	   2	   1	  29	   8	  17	  80	  80	  70	 304	1047232	1047723	   0	 560	
 417	 419	  80	   1	 486	   1	   1	  30	   8	  17	  80	  80	  70	 431	1049461	1049947	   0	 570	
 418	 420	  80	   2	 419	   2	   1	  30	   9	  17	  80	  80	  70	 389	1051639	1052058	   0	 560	
 419	 421	  70	   1	 397	   3	   1	  30	   9	  18	  80	  80	  70	 549	1053917	1054314	   0	 570	
 420	 422	  80	   1	 486	   2	   1	  30	  10	  18	  80	  80	  70	 576	1056196	1056682	   0	 580	
 421	 423	  30	   4	1006	   1	   2	   1	  10	  18	  30	  80	  70	 484	1058524	1059530	   1	 580	
 422	 424	  70	   1	 630	   3	   1	   1	  10	  19	  30	  80	  70	 449	1061284	1061914	   0	 590	
 423	 425	  80	   2	 366	   2	   1	   1	  11	  19	  30	  80	  70	 393	1063612	1063978	   0	 580	
 424	 426	  30	   3	 649	   1	   2	   2	  11	  19	  30	  80	  70	 561	1065841	1066490	   0	 580	
 425	 427	  70	   1	 694	   3	   1	   2	  11	  20	  30	  80	  70	 660	1068452	1069146	   0	 590	
 426	 428	  80	   1	 606	   2	   1	   2	  12	  20	  30	  80	  70	 326	1070780	1071386	   0	 600	
 427	 429	  30	   3	 628	   1	   2	   3	  12	  20	  30	  80	  70	 481	1073174	1073802	   0	 600	
 428	 430	  70	   1	1298	   3	   1	   3	  12	  21	  30	  80	  70	 638	1075752	1077050	   0	 610	
 429	 431	  80	   1	 566	   2	   1	   3	  13	  21	  30	  80	  70	 631	1078995	1079561	   0	 620	
 430	 432	  70	   2	 652	   3	   1	   3	  13	  22	  30	  80	  70	 495	1081373	1082025	   0	 610	
 431	 433	  80	   1	 608	   2	   1	   3	  14	  22	  30	  80	  70	 467	1083817	1084425	   0	 620	
 432	 434	  70	   2	 544	   3	   1	   3	  14	  23	  30	  80	  70	 626	1086345	1086889	   0	 610	
 433	 435	  80	   1	 549	   2	   1	   3	  15	  23	  30	  80	  70	 536	1088740	1089289	   0	 620	
 434	 436	  70	   1	 371	   3	   1	   3	  15	  24	  30	  80	  70	 315	1090918	1091289	   0	 630	
 435	 437	  30	   2	 421	   1	   1	   4	  15	  24	  30	  80	  70	 364	1092964	1093385	   0	 620	
 436	 438	  70	   1	 811	   3	   1	   4	  15	  25	  30	  80	  70	 672	1095358	1096169	   0	 630	
 437	 439	  30	   4	1060	   1	   2	   5	  15	  25	  30	  80	  70	 589	1098069	1099129	   0	 630	
 438	 440	  70	   1	 417	   3	   1	   5	  15	  26	  30	  80	  70	 656	1101096	1101513	   0	 640	
 439	 441	  80	   1	 509	   2	   1	   5	  16	  26	  30	  80	  70	 504	1103324	1103833	   0	 650	
 440	 442	  70	   1	 620	   3	   1	   5	  16	  27	  30	  80	  70	 309	1105436	1106056	   0	 660	
 441	 443	  30	   4	 873	   1	   2	   6	  16	  27	  30	  80	  70	 687	1108063	1108936	   0	 660	
 442	 444	  80	   1	 408	   2	   1	   6	  17	  27	  30	  80	  70	 377	1110608	1111016	   0	 670	
 443	 445	  30	   1	 406	   1	   1	   7	  17	  27	  30	  80	  70	 470	1112786	1113192	   0	 680	
 444	 446	  80	   2	 617	   2	   1	   7	  18	  27	  30	  80	  70	 313	1114815	1115432	   0	 670	
 445	 447	  30	   4	 686	   1	   2	   8	  18	  27	  30	  80	  70	 486	1117226	1117912	   0	 670	
 446	 448	  80	   1	 590	   2	   1	   8	  19	  27	  30	  80	  70	 532	1119754	1120344	   0	 680	
 447	 449	  30	   4	 848	   1	   2	   9	  19	  27	  30	  80	  70	 578	1122232	1123080	   0	 680	
 448	 450	  70	   2	 486	   3	   1	   9	  19	  28	  30	  80	  70	 633	1125026	1125512	   0	 670	
 449	 451	  30	   4	 626	   1	   2	  10	  19	  28	  30	  80	  70	 456	1127270	1127896	   0	 670	
 450	 452	  80	   1	 480	   2	   1	  10	  20	  28	  30	  80	  70	 645	1129848	1130328	   0	 680	
 451	 453	  70	   1	 445	   3	   1	  10	  20	  29	  30	  80	  70	 357	1132010	1132455	   0	 690	
 452	 454	  80	   1	 636	   2	   1	  10	  21	  29	  30	  80	  70	 385	1134155	1134791	   0	 700	
 453	 455	  30	   3	 598	   1	   2	  11	  21	  29	  30	  80	  70	 337	1136433	1137031	   0	 700	
 454	 456	  80	   1	 756	   2	   1	  11	  22	  29	  30	  80	  70	 674	1139011	1139767	   0	 710	
 455	 457	  70	   1	 515	   3	   1	  11	  22	  30	  30	  80	  70	 497	1141572	1142087	   0	 720	
 456	 458	  30	   4	 507	   1	   2	  12	  22	  30	  30	  80	  70	 497	1143900	1144407	   0	 720	
 457	 459	  70	   1	 517	   3	   1	  12	  22	  31	  30	  80	  70	 445	1146162	1146679	   0	 730	
 458	 460	  30	   4	 616	   1	   2	  13	  22	  31	  30	  80	  70	 654	1148639	1149255	   0	 730	
 459	 461	  80	   1	1357	   2	   1	  13	  23	  31	  30	  80	  70	 469	1151034	1152391	   0	 740	
 460	 462	  70	   1	 819	   3	   1	  13	  23	  32	  30	  80	  70	 560	1154244	1155063	   0	 750	
 461	 463	  30	   3	 493	   1	   2	  14	  23	  32	  30	  80	  70	 542	1156921	1157414	   0	 750	
 462	 464	  80	   1	 601	   2	   1	  14	  24	  32	  30	  80	  70	 425	1159133	1159734	   0	 760	
 463	 465	  30	   4	 709	   1	   2	  15	  24	  32	  30	  80	  70	 318	1161361	1162070	   0	 760	
 464	 466	  70	   1	 598	   3	   1	  15	  24	  33	  30	  80	  70	 487	1163856	1164454	   0	 770	
 465	 467	  80	   2	 695	   2	   1	  15	  25	  33	  30	  80	  70	 627	1166383	1167078	   0	 760	
 466	 468	  70	   2	 685	   3	   1	  15	  25	  34	  30	  80	  70	 358	1168745	1169430	   0	 750	
 467	 469	  30	   4	 429	   1	   2	  16	  25	  34	  30	  80	  70	 558	1171289	1171718	   0	 750	
 468	 470	  80	   1	 370	   2	   1	  16	  26	  34	  30	  80	  70	 666	1173700	1174070	   0	 760	
 469	 471	  30	   3	1057	   1	   2	  17	  26	  34	  30	  80	  70	 461	1175829	1176886	   0	 760	
 470	 472	  70	   1	 738	   3	   1	  17	  26	  35	  30	  80	  70	 563	1178756	1179494	   0	 770	
 471	 473	  30	   4	 539	   1	   2	  18	  26	  35	  30	  80	  70	 641	1181450	1181989	   0	 770	
 472	 474	  80	   1	 552	   2	   1	  18	  27	  35	  30	  80	  70	 352	1183645	1184197	   0	 780	
 473	 475	  30	   4	 540	   1	   2	  19	  27	  35	  30	  80	  70	 591	1186089	1186629	   0	 780	
 474	 476	  50	   4	 928	   3	   2	  19	  27	   1	  30	  80	  50	 554	1188517	1189445	   3	 780	
 475	 477	  80	   1	1018	   2	   1	  19	  28	   1	  30	  80	  50	 428	1191195	1192213	   0	 790	
 476	 478	  50	   3	 756	   3	   2	  19	  28	   2	  30	  80	  50	 393	1193905	1194661	   0	 790	
 477	 479	  80	   2	 732	   2	   1	  19	  29	   2	  30	  80	  50	 687	1196649	1197381	   0	 780	
 478	 480	  30	   4	 497	   1	   2	  20	  29	   2	  30	  80	  50	 360	1199044	1199541	   0	 780	
 479	 481	  50	   4	 801	   3	   2	  20	  29	   3	  30	  80	  50	 328	1201172	1201973	   0	 780	
 480	 482	  80	   1	 606	   2	   1	  20	  30	   3	  30	  80	  50	 511	1203783	1204389	   0	 790	
 481	 483	  50	   4	 899	   3	   2	  20	  30	   4	  30	  80	  50	 473	1206178	1207077	   0	 790	
 482	 484	  20	   3	 889	   2	   2	  20	   1	   4	  30	  20	  50	 555	1208972	1209861	   2	 790	
 483	 485	  30	   4	 934	   1	   2	  21	   1	   4	  30	  20	  50	 420	1211582	1212516	   0	 790	
 484	 486	  20	   2	1159	   2	   1	  21	   2	   4	  30	  20	  50	 667	1214493	1215652	   0	 780	
 485	 487	  50	   3	 522	   3	   2	  21	   2	   5	  30	  20	  50	 400	1217370	1217892	   0	 780	
 486	 488	  20	   2	1073	   2	   1	  21	   3	   5	  30	  20	  50	 536	1219731	1220804	   0	 770	
 487	 489	  30	   3	1189	   1	   2	  22	   3	   5	  30	  20	  50	 464	1222575	1223764	   0	 770	
 488	 490	  50	   3	 925	   3	   2	  22	   3	   6	  30	  20	  50	 690	1225751	1226676	   0	 770	
 489	 491	  30	   3	1117	   1	   2	  23	   3	   6	  30	  20	  50	 324	1228295	1229412	   0	 770	
 490	 492	  50	   1	1234	   3	   1	  23	   3	   7	  30	  20	  50	 390	1231106	1232340	   0	 780	
 491	 493	  20	   1	1245	   2	   1	  23	   4	   7	  30	  20	  50	 536	1234199	1235444	   0	 790	
 492	 494	  50	   1	 939	   3	   1	  23	   4	   8	  30	  20	  50	 438	1237192	1238131	   0	 800	
 493	 495	  30	   4	 627	   1	   2	  24	   4	   8	  30	  20	  50	 512	1239952	1240579	   0	 800	
 494	 496	  20	   2	1109	   2	   1	  24	   5	   8	  30	  20	  50	 530	1242430	1243539	   0	 790	
 495	 497	  50	   2	 421	   3	   1	  24	   5	   9	  30	  20	  50	 549	1245390	1245811	   0	 780	
 496	 498	  30	   4	 733	   1	   2	  25	   5	   9	  30	  20	  50	 579	1247702	1248435	   0	 780	
 497	 499	  50	   2	 654	   3	   1	  25	   5	  10	  30	  20	  50	 471	1250213	1250867	   0	 770	
 498	 500	  30	   4	 858	   1	   2	  26	   5	  10	  30	  20	  50	 694	1252857	1253715	   0	 770	
 499	 501	  50	   1	 419	   3	   1	  26	   5	  11	  30	  20	  50	 571	1255584	1256003	   0	 780	
 500	 502	  20	   2	 855	   2	   1	  26	   6	  11	  30	  20	  50	 697	1258012	1258867	   0	 770	
 501	 503	  30	   4	 573	   1	   2	  27	   6	  11	  30	  20	  50	 612	1260806	1261379	   0	 770	
 502	 504	  50	   2	 630	   3	   1	  27	   6	  12	  30	  20	  50	 392	1263068	1263698	   0	 760	
 503	 505	  30	   3	 961	   1	   2	  28	   6	  12	  30	  20	  50	 316	1265329	1266290	   0	 760	
 504	 506	  20	   2	 701	   2	   1	  28	   7	  12	  30	  20	  50	 351	1267957	1268658	   0	 750	
 505	 507	  50	   1	 636	   3	   1	  28	   7	  13	  30	  20	  50	 572	1270534	1271170	   0	 760	
 506	 508	  20	   4	 490	   2	   2	  28	   8	  13	  30	  20	  50	 650	1273128	1273618	   0	 760	
 507	 509	  50	   1	 654	   3	   1	  28	   8	  14	  30	  20	  50	 626	1275540	1276194	   0	 770	
 508	 510	  30	   4	 578	   1	   2	  29	   8	  14	  30	  20	  50	 487	1277984	1278562	   0	 770	
 509	 511	  50	   2	 691	   3	   1	  29	   8	  15	  30	  20	  50	 600	1280479	1281170	   0	 760	
 510	 512	  30	   4	 800	   1	   2	  30	   8	  15	  30	  20	  50	 625	1283090	1283890	   0	 760	
 511	 513	  20	   4	 631	   2	   2	  30	   9	  15	  30	  20	  50	 643	1285867	1286498	   0	 760	
 512	 514	  30	   4	 622	   1	   2	  31	   9	  15	  30	  20	  50	 417	1288228	1288850	   0	 760	
 513	 515	  50	   2	 408	   3	   1	  31	   9	  16	  30	  20	  50	 323	1290473	1290881	   0	 750	
 514	 516	  30	   4	 801	   1	   2	  32	   9	  16	  30	  20	  50	 593	1292768	1293569	   0	 750	
 515	 517	  20	   4	 529	   2	   2	  32	  10	  16	  30	  20	  50	 417	1295296	1295825	   0	 750	
 516	 518	  50	   1	 615	   3	   1	  32	  10	  17	  30	  20	  50	 554	1297690	1298305	   0	 760	
 517	 519	  20	   4	 559	   2	   2	  32	  11	  17	  30	  20	  50	 398	1300018	1300577	   0	 760	
 518	 520	  30	   4	 374	   1	   2	  33	  11	  17	  30	  20	  50	 471	1302347	1302721	   0	 760	
 519	 521	  20	   4	 840	   2	   2	  33	  12	  17	  30	  20	  50	 382	1304409	1305249	   0	 760	
 520	 522	  50	   2	 549	   3	   1	  33	  12	  18	  30	  20	  50	 484	1307036	1307585	   0	 750	
 521	 523	  80	   4	 938	   1	   2	   1	  12	  18	  80	  20	  50	 468	1309431	1310369	   1	 750	
NaN	 524	  50	NaN	NaN	   3	   3	   1	  12	  18	  80	  20	  50	 338	1309431	NaN	   0	 750	
 522	 525	  80	   3	 999	   1	   2	   2	  12	  18	  80	  20	  50	 556	1315833	1316832	   0	 750	
 523	 526	  50	   1	 814	   3	   1	   2	  12	  19	  80	  20	  50	 447	1318594	1319408	   0	 760	
 524	 527	  80	   1	 677	   1	   1	   3	  12	  19	  80	  20	  50	 650	1321371	1322048	   0	 770	
 525	 528	  50	   2	 484	   3	   1	   3	  12	  20	  80	  20	  50	 592	1323948	1324432	   0	 760	
 526	 529	  80	   2	 673	   1	   1	   4	  12	  20	  80	  20	  50	 382	1326127	1326800	   0	 750	
 527	 530	  50	   2	 723	   3	   1	   4	  12	  21	  80	  20	  50	 509	1328605	1329328	   0	 740	
 528	 531	  80	   1	1169	   1	   1	   5	  12	  21	  80	  20	  50	 563	1331199	1332368	   0	 750	
 529	 532	  50	   4	 404	   3	   2	   5	  12	  22	  80	  20	  50	 400	1334076	1334480	   0	 750	
 530	 533	  80	   1	 830	   1	   1	   6	  12	  22	  80	  20	  50	 571	1336354	1337184	   0	 760	
 531	 534	  20	   4	 781	   2	   2	   6	  13	  22	  80	  20	  50	 408	1338915	1339696	   0	 760	
 532	 535	  50	   3	 640	   3	   2	   6	  13	  23	  80	  20	  50	 367	1341376	1342016	   0	 760	
 533	 536	  20	   3	 781	   2	   2	   6	  14	  23	  80	  20	  50	 643	1343954	1344735	   0	 760	
 534	 537	  80	   1	 642	   1	   1	   7	  14	  23	  80	  20	  50	 321	1346365	1347007	   0	 770	
 535	 538	  50	   3	 752	   3	   2	   7	  14	  24	  80	  20	  50	 647	1348959	1349711	   0	 770	
 536	 539	  20	   4	 529	   2	   2	   7	  15	  24	  80	  20	  50	 450	1351470	1351999	   0	 770	
 537	 540	  50	   3	 793	   3	   2	   7	  15	  25	  80	  20	  50	 472	1353782	1354575	   0	 770	
 538	 541	  20	   3	 537	   2	   2	   7	  16	  25	  80	  20	  50	 453	1356326	1356863	   0	 770	
 539	 542	  50	   3	 522	   3	   2	   7	  16	  26	  80	  20	  50	 658	1358821	1359343	   0	 770	
 540	 543	  20	   4	 531	   2	   2	   7	  17	  26	  80	  20	  50	 470	1361116	1361647	   0	 770	
 541	 544	  80	   1	 569	   1	   1	   8	  17	  26	  80	  20	  50	 522	1363494	1364063	   0	 780	
 542	 545	  20	   4	 814	   2	   2	   8	  18	  26	  80	  20	  50	 547	1365921	1366735	   0	 780	
 543	 546	  50	   4	 437	   3	   2	   8	  18	  27	  80	  20	  50	 622	1368665	1369102	   0	 780	
 544	 547	  20	   4	 578	   2	   2	   8	  19	  27	  80	  20	  50	 444	1370844	1371422	   0	 780	
 545	 548	  80	   1	 590	   1	   1	   9	  19	  27	  80	  20	  50	 330	1373072	1373662	   0	 790	
 546	 549	  50	   4	 552	   3	   2	   9	  19	  28	  80	  20	  50	 369	1375334	1375886	   0	 790	
 547	 550	  20	   4	 515	   2	   2	   9	  20	  28	  80	  20	  50	 385	1377579	1378094	   0	 790	
 548	 551	  80	   1	 439	   1	   1	  10	  20	  28	  80	  20	  50	 605	1380007	1380446	   0	 800	
 549	 552	  20	   4	 557	   2	   2	  10	  21	  28	  80	  20	  50	 660	1382401	1382958	   0	 800	
 550	 553	  80	   1	 745	   1	   1	  11	  21	  28	  80	  20	  50	 352	1384613	1385358	   0	 810	
 551	 554	  50	   3	 487	   3	   2	  11	  21	  29	  80	  20	  50	 508	1387191	1387678	   0	 810	
 552	 555	  20	   3	 849	   2	   2	  11	  22	  29	  80	  20	  50	 488	1389469	1390318	   0	 810	
 553	 556	  50	   2	1396	   3	   1	  11	  22	  30	  80	  20	  50	 302	1391930	1393326	   0	 800	
 554	 557	  80	   1	 504	   1	   1	  12	  22	  30	  80	  20	  50	 535	1395173	1395677	   0	 810	
 555	 558	  50	   1	 562	   3	   1	  12	  22	  31	  80	  20	  50	 453	1397435	1397997	   0	 820	
 556	 559	  80	   1	 984	   1	   1	  13	  22	  31	  80	  20	  50	 513	1399829	1400813	   0	 830	
 557	 560	  50	   2	 597	   3	   1	  13	  22	  32	  80	  20	  50	 320	1402440	1403037	   0	 820	
 558	 561	  80	   2	 542	   1	   1	  14	  22	  32	  80	  20	  50	 390	1404735	1405277	   0	 810	
 559	 562	  20	   4	 611	   2	   2	  14	  23	  32	  80	  20	  50	 553	1407130	1407741	   0	 810	
 560	 563	  50	   2	 625	   3	   1	  14	  23	  33	  80	  20	  50	 668	1409724	1410349	   0	 800	
 561	 564	  20	   4	 691	   2	   2	  14	  24	  33	  80	  20	  50	 525	1412202	1412893	   0	 800	
 562	 565	  80	   1	 713	   1	   1	  15	  24	  33	  80	  20	  50	 387	1414580	1415293	   0	 810	
 563	 566	  20	   4	 893	   2	   2	  15	  25	  33	  80	  20	  50	 417	1417024	1417917	   0	 810	
 564	 567	  80	   2	 659	   1	   1	  16	  25	  33	  80	  20	  50	 568	1419785	1420444	   0	 800	
 565	 568	  30	   4	 951	   3	   2	  16	  25	   1	  80	  20	  30	 444	1422213	1423164	   3	 800	
 566	 569	  20	   4	 635	   2	   2	  16	  26	   1	  80	  20	  30	 621	1425089	1425724	   0	 800	
 567	 570	  80	   1	 640	   1	   1	  17	  26	   1	  80	  20	  30	 461	1427484	1428124	   0	 810	
 568	 571	  20	   4	 712	   2	   2	  17	  27	   1	  80	  20	  30	 378	1429796	1430508	   0	 810	
 569	 572	  80	   1	 679	   1	   1	  18	  27	   1	  80	  20	  30	 538	1432357	1433036	   0	 820	
 570	 573	  30	   4	1091	   3	   2	  18	  27	   2	  80	  20	  30	 657	1435001	1436092	   0	 820	
 571	 574	  20	   3	 662	   2	   2	  18	  28	   2	  80	  20	  30	 453	1437878	1438540	   0	 820	
 572	 575	  30	   4	 635	   3	   2	  18	  28	   3	  80	  20	  30	 444	1440289	1440924	   0	 820	
 573	 576	  20	   4	1042	   2	   2	  18	  29	   3	  80	  20	  30	 425	1442650	1443692	   0	 820	
 574	 577	  80	   1	 582	   1	   1	  19	  29	   3	  80	  20	  30	 509	1445494	1446076	   0	 830	
 575	 578	  20	   4	1129	   2	   2	  19	  30	   3	  80	  20	  30	 529	1447922	1449051	   0	 830	
 576	 579	  30	   4	 751	   3	   2	  19	  30	   4	  80	  20	  30	 346	1450716	1451467	   0	 830	
 577	 580	  20	   4	1497	   2	   2	  19	  31	   4	  80	  20	  30	 654	1453426	1454923	   0	 830	
 578	 581	  80	   1	 640	   1	   1	  20	  31	   4	  80	  20	  30	 367	1456603	1457243	   0	 840	
 579	 582	  20	   4	1654	   2	   2	  20	  32	   4	  80	  20	  30	 442	1458981	1460635	   0	 840	
 580	 583	  30	   1	 758	   3	   1	  20	  32	   5	  80	  20	  30	 438	1462373	1463131	   0	 850	
 581	 584	  20	   4	1126	   2	   2	  20	  33	   5	  80	  20	  30	 450	1464917	1466043	   0	 850	
 582	 585	  30	   2	 806	   3	   1	  20	  33	   6	  80	  20	  30	 538	1467877	1468683	   0	 840	
 583	 586	  80	   1	 681	   1	   1	  21	  33	   6	  80	  20	  30	 317	1470305	1470986	   0	 850	
 584	 587	  30	   3	 357	   3	   2	  21	  33	   7	  80	  20	  30	 638	1472933	1473290	   0	 850	
 585	 588	  80	   2	 669	   1	   1	  22	  33	   7	  80	  20	  30	 667	1475261	1475930	   0	 840	
 586	 589	  20	   4	 586	   2	   2	  22	  34	   7	  80	  20	  30	 628	1477872	1478458	   0	 840	
 587	 590	  30	   2	 640	   3	   1	  22	  34	   8	  80	  20	  30	 506	1480266	1480906	   0	 830	
 588	 591	  80	   1	 592	   1	   1	  23	  34	   8	  80	  20	  30	 578	1482794	1483386	   0	 840	
 589	 592	  20	   4	 758	   2	   2	  23	  35	   8	  80	  20	  30	 480	1485172	1485930	   0	 840	
 590	 593	  80	   1	 543	   1	   1	  24	  35	   8	  80	  20	  30	 675	1487899	1488442	   0	 850	
 591	 594	  70	   3	 867	   2	   2	  24	   1	   8	  80	  70	  30	 527	1490327	1491194	   2	 850	
NaN	 595	  80	NaN	NaN	   1	   3	  24	   1	   8	  80	  70	  30	 408	1490327	NaN	   0	 850	
 592	 596	  30	   4	 663	   3	   2	  24	   1	   9	  80	  70	  30	 373	1496547	1497210	   0	 850	
 593	 597	  80	   1	 409	   1	   1	  25	   1	   9	  80	  70	  30	 526	1499041	1499450	   0	 860	
 594	 598	  70	   3	 880	   2	   2	  25	   2	   9	  80	  70	  30	 624	1501369	1502249	   0	 860	
 595	 599	  80	   1	 627	   1	   1	  26	   2	   9	  80	  70	  30	 685	1504246	1504873	   0	 870	
 596	 600	  30	   3	 642	   3	   2	  26	   2	  10	  80	  70	  30	 597	1506791	1507433	   0	 870	
 597	 601	  80	   1	 620	   1	   1	  27	   2	  10	  80	  70	  30	 336	1509069	1509689	   0	 880	
 598	 602	  70	   3	 598	   2	   2	  27	   3	  10	  80	  70	  30	 361	1511347	1511945	   0	 880	
 599	 603	  30	   4	 729	   3	   2	  27	   3	  11	  80	  70	  30	 540	1513792	1514521	   0	 880	
 600	 604	  70	   3	 857	   2	   2	  27	   4	  11	  80	  70	  30	 497	1516336	1517193	   0	 880	
 601	 605	  30	   4	 795	   3	   2	  27	   4	  12	  80	  70	  30	 700	1519230	1520025	   0	 880	
 602	 606	  70	   2	 537	   2	   1	  27	   5	  12	  80	  70	  30	 495	1521840	1522377	   0	 870	
 603	 607	  30	   4	 674	   3	   2	  27	   5	  13	  80	  70	  30	 458	1524135	1524809	   0	 870	
 604	 608	  70	   3	 765	   2	   2	  27	   6	  13	  80	  70	  30	 646	1526763	1527528	   0	 870	
 605	 609	  30	   4	 987	   3	   2	  27	   6	  14	  80	  70	  30	 512	1529357	1530344	   0	 870	
 606	 610	  80	   2	 615	   1	   1	  28	   6	  14	  80	  70	  30	 350	1532001	1532616	   0	 860	
 607	 611	  70	   2	 981	   2	   1	  28	   7	  14	  80	  70	  30	 668	1534595	1535576	   0	 850	
 608	 612	  30	   3	 664	   3	   2	  28	   7	  15	  80	  70	  30	 582	1537472	1538136	   0	 850	
 609	 613	  70	   1	1082	   2	   1	  28	   8	  15	  80	  70	  30	 502	1539950	1541032	   0	 860	
 610	 614	  80	   1	 418	   1	   1	  29	   8	  15	  80	  70	  30	 369	1542710	1543128	   0	 870	
 611	 615	  70	   3	 729	   2	   2	  29	   9	  15	  80	  70	  30	 563	1545039	1545768	   0	 870	
 612	 616	  30	   4	 536	   3	   2	  29	   9	  16	  80	  70	  30	 520	1547600	1548136	   0	 870	
 613	 617	  80	   1	 549	   1	   1	  30	   9	  16	  80	  70	  30	 361	1549795	1550344	   0	 880	
 614	 618	  30	   4	 534	   3	   2	  30	   9	  17	  80	  70	  30	 641	1552289	1552823	   0	 880	
 615	 619	  70	   2	 381	   2	   1	  30	  10	  17	  80	  70	  30	 511	1554634	1555015	   0	 870	
 616	 620	  30	   4	 578	   3	   2	  30	  10	  18	  80	  70	  30	 304	1556629	1557207	   0	 870	
 617	 621	  70	   1	 665	   2	   1	  30	  11	  18	  80	  70	  30	 438	1558958	1559623	   0	 880	
 618	 622	  50	   4	 830	   1	   2	   1	  11	  18	  50	  70	  30	 384	1561369	1562199	   1	 880	
 619	 623	  70	   1	 797	   2	   1	   1	  12	  18	  50	  70	  30	 433	1563946	1564743	   0	 890	
 620	 624	  50	   4	 783	   1	   2	   2	  12	  18	  50	  70	  30	 348	1566408	1567191	   0	 890	
 621	 625	  30	   3	 600	   3	   2	   2	  12	  19	  50	  70	  30	 603	1569135	1569735	   0	 890	
 622	 626	  70	   1	 816	   2	   1	   2	  13	  19	  50	  70	  30	 424	1571463	1572279	   0	 900	
 623	 627	  50	   4	 871	   1	   2	   3	  13	  19	  50	  70	  30	 643	1574224	1575095	   0	 900	
 624	 628	  30	   3	 753	   3	   2	   3	  13	  20	  50	  70	  30	 538	1576934	1577687	   0	 900	
 625	 629	  50	   3	 617	   1	   2	   4	  13	  20	  50	  70	  30	 667	1579661	1580278	   0	 900	
 626	 630	  70	   1	 717	   2	   1	   4	  14	  20	  50	  70	  30	 499	1582089	1582806	   0	 910	
 627	 631	  30	   3	 699	   3	   2	   4	  14	  21	  50	  70	  30	 549	1584667	1585366	   0	 910	
 628	 632	  50	   1	1457	   1	   1	   5	  14	  21	  50	  70	  30	 369	1587045	1588502	   0	 920	
 629	 633	  70	   2	 799	   2	   1	   5	  15	  21	  50	  70	  30	 668	1590471	1591270	   0	 910	
 630	 634	  30	   4	 569	   3	   2	   5	  15	  22	  50	  70	  30	 606	1593181	1593750	   0	 910	
 631	 635	  50	   2	 439	   1	   1	   6	  15	  22	  50	  70	  30	 693	1595775	1596214	   0	 900	
 632	 636	  30	   4	 751	   3	   2	   6	  15	  23	  50	  70	  30	 572	1598087	1598838	   0	 900	
 633	 637	  50	   3	 950	   1	   2	   7	  15	  23	  50	  70	  30	 304	1600448	1601398	   0	 900	
 634	 638	  30	   4	 740	   3	   2	   7	  15	  24	  50	  70	  30	 320	1603026	1603766	   0	 900	
 635	 639	  70	   1	 730	   2	   1	   7	  16	  24	  50	  70	  30	 335	1605404	1606134	   0	 910	
 636	 640	  50	   1	 386	   1	   1	   8	  16	  24	  50	  70	  30	 693	1608131	1608517	   0	 920	
 637	 641	  70	   1	 673	   2	   1	   8	  17	  24	  50	  70	  30	 437	1610260	1610933	   0	 930	
 638	 642	  30	   4	 577	   3	   2	   8	  17	  25	  50	  70	  30	 575	1612804	1613381	   0	 930	
 639	 643	  50	   1	 408	   1	   1	   9	  17	  25	  50	  70	  30	 456	1615149	1615557	   0	 940	
 640	 644	  70	   1	 771	   2	   1	   9	  18	  25	  50	  70	  30	 543	1617394	1618165	   0	 950	
 641	 645	  30	   4	 738	   3	   2	   9	  18	  26	  50	  70	  30	 466	1619971	1620709	   0	 950	
 642	 646	  70	   2	 654	   2	   1	   9	  19	  26	  50	  70	  30	 585	1622599	1623253	   0	 940	
 643	 647	  50	   2	 633	   1	   1	  10	  19	  26	  50	  70	  30	 695	1625260	1625893	   0	 930	
 644	 648	  30	   3	 674	   3	   2	  10	  19	  27	  50	  70	  30	 350	1627555	1628229	   0	 930	
 645	 649	  50	   1	 539	   1	   1	  11	  19	  27	  50	  70	  30	 342	1629866	1630405	   0	 940	
 646	 650	  30	   4	 742	   3	   2	  11	  19	  28	  50	  70	  30	 389	1632094	1632836	   0	 940	
 647	 651	  70	   2	 567	   2	   1	  11	  20	  28	  50	  70	  30	 467	1634605	1635172	   0	 930	
 648	 652	  30	   4	 764	   3	   2	  11	  20	  29	  50	  70	  30	 513	1637000	1637764	   0	 930	
 649	 653	  50	   2	 507	   1	   1	  12	  20	  29	  50	  70	  30	 486	1639561	1640068	   0	 920	
 650	 654	  70	   2	 680	   2	   1	  12	  21	  29	  50	  70	  30	 386	1641756	1642436	   0	 910	
 651	 655	  50	   2	 555	   1	   1	  13	  21	  29	  50	  70	  30	 424	1644201	1644756	   0	 900	
 652	 656	  70	   1	 807	   2	   1	  13	  22	  29	  50	  70	  30	 374	1646429	1647236	   0	 910	
 653	 657	  30	   3	 607	   3	   2	  13	  22	  30	  50	  70	  30	 635	1649173	1649780	   0	 910	
 654	 658	  50	   1	1188	   1	   1	  14	  22	  30	  50	  70	  30	 508	1651584	1652772	   0	 920	
 655	 659	  30	   4	 784	   3	   2	  14	  22	   1	  50	  70	  30	 576	1654644	1655428	   0	 920	
 656	 660	  70	   1	 631	   2	   1	  14	  23	   1	  50	  70	  30	 646	1657388	1658019	   0	 930	
 657	 661	  30	   4	 599	   3	   2	  14	  23	   2	  50	  70	  30	 609	1659932	1660531	   0	 930	
 658	 662	  70	   1	 649	   2	   1	  14	  24	   2	  50	  70	  30	 575	1662410	1663059	   0	 940	
 659	 663	  30	   4	 618	   3	   2	  14	  24	   3	  50	  70	  30	 546	1664921	1665539	   0	 940	
 660	 664	  70	   1	 356	   2	   1	  14	  25	   3	  50	  70	  30	 359	1667199	1667555	   0	 950	
 661	 665	  50	   1	 462	   1	   1	  15	  25	   3	  50	  70	  30	 563	1669461	1669923	   0	 960	
 662	 666	  30	   4	 590	   3	   2	  15	  25	   4	  50	  70	  30	 334	1671573	1672163	   0	 960	
 663	 667	  70	   1	 824	   2	   1	  15	  26	   4	  50	  70	  30	 377	1673835	1674659	   0	 970	
 664	 668	  30	   1	1022	   3	   1	  15	  26	   5	  50	  70	  30	 684	1676645	1677667	   0	 980	
 665	 669	  50	   2	 650	   1	   1	  16	  26	   5	  50	  70	  30	 305	1679273	1679923	   0	 970	
 666	 670	  70	   2	 676	   2	   1	  16	  27	   5	  50	  70	  30	 334	1681567	1682243	   0	 960	
 667	 671	  50	   1	 551	   1	   1	  17	  27	   5	  50	  70	  30	 440	1683979	1684530	   0	 970	
 668	 672	  30	   4	 682	   3	   2	  17	  27	   6	  50	  70	  30	 621	1686456	1687138	   0	 970	
 669	 673	  70	   1	 612	   2	   1	  17	  28	   6	  50	  70	  30	 682	1689134	1689746	   0	 980	
 670	 674	  30	   1	 548	   3	   1	  17	  28	   7	  50	  70	  30	 596	1691662	1692210	   0	 990	
 671	 675	  50	   2	 571	   1	   1	  18	  28	   7	  50	  70	  30	 473	1694023	1694594	   0	 980	
 672	 676	  70	   1	 595	   2	   1	  18	  29	   7	  50	  70	  30	 459	1696351	1696946	   0	 990	
 673	 677	  30	   2	 546	   3	   1	  18	  29	   8	  50	  70	  30	 652	1698912	1699458	   0	 980	
 674	 678	  50	   1	 744	   1	   1	  19	  29	   8	  50	  70	  30	 514	1701290	1702034	   0	 990	
 675	 679	  70	   2	 627	   2	   1	  19	  30	   8	  50	  70	  30	 615	1703967	1704594	   0	 980	
 676	 680	  50	   2	1144	   1	   1	  20	  30	   8	  50	  70	  30	 462	1706362	1707506	   0	 970	
 677	 681	  30	   4	 982	   3	   2	  20	  30	   9	  50	  70	  30	 548	1709372	1710354	   0	 970	
 678	 682	  50	   1	 350	   1	   1	  21	  30	   9	  50	  70	  30	 439	1712099	1712449	   0	 980	
 679	 683	  30	   3	 741	   3	   2	  21	  30	  10	  50	  70	  30	 685	1714444	1715185	   0	 980	
 680	 684	  50	   1	 491	   1	   1	  22	  30	  10	  50	  70	  30	 344	1716822	1717313	   0	 990	
 681	 685	  70	   1	 678	   2	   1	  22	  31	  10	  50	  70	  30	 420	1719067	1719745	   0	1000	
 682	 686	  50	   1	 683	   1	   1	  23	  31	  10	  50	  70	  30	 404	1721462	1722145	   0	1010	
 683	 687	  70	   1	 664	   2	   1	  23	  32	  10	  50	  70	  30	 635	1724089	1724753	   0	1020	
 684	 688	  50	   2	 559	   1	   1	  24	  32	  10	  50	  70	  30	 371	1726434	1726993	   0	1010	
 685	 689	  30	   4	 860	   3	   2	  24	  32	  11	  50	  70	  30	 331	1728629	1729489	   0	1010	
 686	 690	  50	   2	 536	   1	   1	  25	  32	  11	  50	  70	  30	 474	1731273	1731809	   0	1000	
 687	 691	  30	   4	 748	   3	   2	  25	  32	  12	  50	  70	  30	 583	1733701	1734449	   0	1000	
 688	 692	  70	   1	 571	   2	   1	  25	  33	  12	  50	  70	  30	 470	1736229	1736800	   0	1010	
 689	 693	  30	   4	 556	   3	   2	  25	  33	  13	  50	  70	  30	 651	1738756	1739312	   0	1010	
 690	 694	  50	   2	 558	   1	   1	  26	  33	  13	  50	  70	  30	 599	1741218	1741776	   0	1000	
 691	 695	  70	   2	 895	   2	   1	  26	  34	  13	  50	  70	  30	 629	1743745	1744640	   0	 990	
 692	 696	  30	   4	 606	   3	   2	  26	  34	  14	  50	  70	  30	 335	1746290	1746896	   0	 990	
 693	 697	  50	   2	 437	   1	   1	  27	  34	  14	  50	  70	  30	 450	1748651	1749088	   0	 980	
 694	 698	  30	   3	 811	   3	   2	  27	  34	  15	  50	  70	  30	 630	1751029	1751840	   0	 980	
 695	 699	  50	   1	 402	   1	   1	  28	  34	  15	  50	  70	  30	 650	1753806	1754208	   0	 990	
 696	 700	  30	   4	 927	   3	   2	  28	  34	  16	  50	  70	  30	 489	1756001	1756928	   0	 990	
 697	 701	  70	   1	 467	   2	   1	  28	  35	  16	  50	  70	  30	 611	1758845	1759312	   0	1000	
 698	 702	  30	   4	 592	   3	   2	  28	  35	  17	  50	  70	  30	 412	1761040	1761632	   0	1000	
 699	 703	  50	   2	 921	   1	   1	  29	  35	  17	  50	  70	  30	 387	1763318	1764239	   0	 990	
 700	 704	  30	   2	1074	   3	   1	  29	  35	  18	  50	  70	  30	 491	1766029	1767103	   0	 980	
 701	 705	  50	   1	 782	   1	   1	  30	  35	  18	  50	  70	  30	 664	1769105	1769887	   0	 990	
 702	 706	  70	   1	 671	   2	   1	  30	   1	  18	  50	  70	  30	 406	1771600	1772271	   0	1000	
 703	 707	  50	   2	 596	   1	   1	  31	   1	  18	  50	  70	  30	 440	1774011	1774607	   0	 990	
 704	 708	  30	   3	 854	   3	   2	  31	   1	  19	  50	  70	  30	 574	1776489	1777343	   0	 990	
 705	 709	  50	   2	 526	   1	   1	  32	   1	  19	  50	  70	  30	 605	1779249	1779775	   0	 980	
 706	 710	  30	   1	 693	   3	   1	  32	   1	  20	  50	  70	  30	 519	1781594	1782287	   0	 990	
 707	 711	  70	   1	 529	   2	   1	  32	   2	  20	  50	  70	  30	 649	1784238	1784767	   0	1000	
 708	 712	  50	   1	 623	   1	   1	  33	   2	  20	  50	  70	  30	 309	1786384	1787007	   0	1010	
 709	 713	  70	   1	1067	   2	   1	  33	   3	  20	  50	  70	  30	 697	1789011	1790078	   0	1020	
 710	 714	  50	   2	 611	   1	   1	   1	   3	  20	  50	  70	  30	 373	1791755	1792366	   0	1010	
