Version: 1	Number of symbols: 3	Pictures exchange: true	Response Deadline: 2000
Trial_No	Virt_Trial_No	Prob_Shown	Feedback	RT	Stimulus_No	Resp	SymbolA_Stage	SymbolB_Stage	SymbolC_Stage	Prob_A	Prob_B	Prob_C	Jitter	StimOnset	RespOnset	Symbol_Changes	Bonus_sum
   1	   1	  30	   2	1913	   1	   1	   1	   0	   0	  30	  70	  50	 347	1599	3512	   0	 -10	
   2	   2	  50	   4	 469	   3	   2	   1	   0	   1	  30	  70	  50	 469	5283	5752	   0	 -10	
   3	   3	  30	   2	 355	   1	   1	   2	   0	   1	  30	  70	  50	 694	7749	8104	   0	 -20	
   4	   4	  50	   3	 364	   3	   2	   2	   0	   2	  30	  70	  50	 511	9916	10280	   0	 -20	
   5	   5	  70	   3	 325	   2	   2	   2	   1	   2	  30	  70	  50	 507	12083	12408	   0	 -20	
   6	   6	  30	   2	 347	   1	   1	   3	   1	   2	  30	  70	  50	 646	14349	14696	   0	 -30	
   7	   7	  50	   2	 472	   3	   1	   3	   1	   3	  30	  70	  50	 434	16432	16904	   0	 -40	
   8	   8	  70	   1	 787	   2	   1	   3	   2	   3	  30	  70	  50	 343	18549	19336	   0	 -30	
   9	   9	  50	   4	1030	   3	   2	   3	   2	   4	  30	  70	  50	 638	21282	22312	   0	 -30	
  10	  10	  30	   3	 329	   1	   2	   4	   2	   4	  30	  70	  50	 380	23982	24311	   0	 -30	
  11	  11	  50	   3	 407	   3	   2	   4	   2	   5	  30	  70	  50	 405	26032	26439	   0	 -30	
  12	  12	  70	   1	 361	   2	   1	   4	   3	   5	  30	  70	  50	 637	28382	28743	   0	 -20	
  13	  13	  50	   2	 618	   3	   1	   4	   3	   6	  30	  70	  50	 301	30349	30967	   0	 -30	
  14	  14	  70	   4	 292	   2	   2	   4	   4	   6	  30	  70	  50	 630	32899	33191	   0	 -30	
  15	  15	  50	   3	 664	   3	   2	   4	   4	   7	  30	  70	  50	 331	34815	35479	   0	 -30	
  16	  16	  30	   3	 488	   1	   2	   5	   4	   7	  30	  70	  50	 446	37215	37703	   0	 -30	
  17	  17	  70	   2	 330	   2	   1	   5	   5	   7	  30	  70	  50	 540	39549	39879	   0	 -40	
  18	  18	  50	   1	 975	   3	   1	   5	   5	   8	  30	  70	  50	 661	41832	42807	   0	 -30	
  19	  19	  70	   1	 564	   2	   1	   5	   6	   8	  30	  70	  50	 413	44515	45079	   0	 -20	
  20	  20	  30	   4	 351	   1	   2	   6	   6	   8	  30	  70	  50	 676	47048	47399	   0	 -20	
  21	  21	  50	   2	 843	   3	   1	   6	   6	   9	  30	  70	  50	 411	49132	49975	   0	 -30	
  22	  22	  30	   2	 408	   1	   1	   7	   6	   9	  30	  70	  50	 336	51615	52023	   0	 -40	
  23	  23	  50	   3	 695	   3	   2	   7	   6	  10	  30	  70	  50	 309	53632	54327	   0	 -40	
  24	  24	  30	   4	 777	   1	   2	   8	   6	  10	  30	  70	  50	 364	55982	56759	   0	 -40	
  25	  25	  70	   1	 614	   2	   1	   8	   7	  10	  30	  70	  50	 406	58465	59079	   0	 -30	
  26	  26	  50	   1	 862	   3	   1	   8	   7	  11	  30	  70	  50	 698	61065	61927	   0	 -20	
  27	  27	  30	   4	 663	   1	   2	   9	   7	  11	  30	  70	  50	 430	63648	64311	   0	 -20	
  28	  28	  50	   2	1014	   3	   1	   9	   7	  12	  30	  70	  50	 453	66065	67079	   0	 -30	
  29	  29	  70	   1	 985	   2	   1	   9	   8	  12	  30	  70	  50	 400	68781	69766	   0	 -20	
  30	  30	  50	   3	 903	   3	   2	   9	   8	  13	  30	  70	  50	 548	71615	72518	   0	 -20	
  31	  31	  70	   1	 600	   2	   1	   9	   9	  13	  30	  70	  50	 560	74398	74998	   0	 -10	
  32	  32	  50	   1	1119	   3	   1	   9	   9	  14	  30	  70	  50	 319	76631	77750	   0	   0	
  33	  33	  30	   3	 494	   1	   2	  10	   9	  14	  30	  70	  50	 385	79448	79942	   0	   0	
  34	  34	  70	   2	 544	   2	   1	  10	  10	  14	  30	  70	  50	 567	81814	82358	   0	 -10	
  35	  35	  30	   4	 621	   1	   2	  11	  10	  14	  30	  70	  50	 621	84281	84902	   0	 -10	
  36	  36	  70	   1	 978	   2	   1	  11	  11	  14	  30	  70	  50	 358	86564	87542	   0	   0	
  37	  37	  50	   2	 369	   3	   1	  11	  11	  15	  30	  70	  50	 548	89381	89750	   0	 -10	
  38	  38	  30	   3	 562	   1	   2	  12	  11	  15	  30	  70	  50	 314	91364	91926	   0	 -10	
  39	  39	  70	   2	 756	   2	   1	  12	  12	  15	  30	  70	  50	 489	93714	94470	   0	 -20	
  40	  40	  30	   4	 605	   1	   2	  13	  12	  15	  30	  70	  50	 505	96281	96886	   0	 -20	
  41	  41	  50	   1	 690	   3	   1	  13	  12	  16	  30	  70	  50	 365	98564	99254	   0	 -10	
  42	  42	  70	   1	 640	   2	   1	  13	  13	  16	  30	  70	  50	 450	101014	101654	   0	   0	
  43	  43	  30	   4	 487	   1	   2	  14	  13	  16	  30	  70	  50	 692	103647	104134	   0	   0	
  44	  44	  70	   1	 427	   2	   1	  14	  14	  16	  30	  70	  50	 496	105931	106358	   0	  10	
  45	  45	  50	   4	 468	   3	   2	  14	  14	  17	  30	  70	  50	 470	108130	108598	   0	  10	
  46	  46	  30	   4	 722	   1	   2	  15	  14	  17	  30	  70	  50	 656	110564	111286	   0	  10	
  47	  47	  70	   1	 612	   2	   1	  15	  15	  17	  30	  70	  50	 339	112930	113542	   0	  20	
  48	  48	  30	   3	 742	   1	   2	  16	  15	  17	  30	  70	  50	 409	115247	115989	   0	  20	
  49	  49	  70	   2	 524	   2	   1	  16	  16	  17	  30	  70	  50	 605	117897	118421	   0	  10	
  50	  50	  30	   4	 651	   1	   2	  17	  16	  17	  30	  70	  50	 608	120330	120981	   0	  10	
  51	  51	  70	   1	 568	   2	   1	  17	  17	  17	  30	  70	  50	 495	122797	123365	   0	  20	
  52	  52	  30	   4	 574	   1	   2	  18	  17	  17	  30	  70	  50	 368	125047	125621	   0	  20	
  53	  53	  70	   1	 443	   2	   1	  18	  18	  17	  30	  70	  50	 609	127530	127973	   0	  30	
  54	  54	  30	   3	 720	   1	   2	  19	  18	  17	  30	  70	  50	 517	129797	130517	   0	  30	
  55	  55	  70	   2	 414	   2	   1	  19	  19	  17	  30	  70	  50	 431	132247	132661	   0	  20	
  56	  56	  50	   2	 710	   3	   1	  19	  19	  18	  30	  70	  50	 511	134463	135173	   0	  10	
  57	  57	  30	   4	 507	   1	   2	  20	  19	  18	  30	  70	  50	 665	137130	137637	   0	  10	
  58	  58	  70	   1	 453	   2	   1	  20	  20	  18	  30	  70	  50	 334	139280	139733	   0	  20	
  59	  59	  50	   3	 875	   3	   2	  20	  20	  19	  30	  70	  50	 507	141546	142421	   0	  20	
  60	  60	  30	   4	 362	   1	   2	  21	  20	  19	  30	  70	  50	 638	144363	144725	   0	  20	
  61	  61	  50	   2	 665	   3	   1	  21	  20	  20	  30	  70	  50	 364	146396	147061	   0	  10	
  62	  62	  70	   1	 417	   2	   1	  21	  21	  20	  30	  70	  50	 647	148996	149413	   0	  20	
  63	  63	  50	   2	 635	   3	   1	  21	  21	  21	  30	  70	  50	 423	151146	151781	   0	  10	
  64	  64	  70	   2	 742	   2	   1	  21	  22	  21	  30	  70	  50	 585	153679	154421	   0	   0	
  65	  65	  50	   1	 526	   3	   1	  21	  22	  22	  30	  70	  50	 562	156279	156805	   0	  10	
  66	  66	  30	   3	 354	   1	   2	  22	  22	  22	  30	  70	  50	 473	158579	158933	   0	  10	
  67	  67	  70	   1	 521	   2	   1	  22	  23	  22	  30	  70	  50	 548	160779	161300	   0	  20	
  68	  68	  30	   4	 649	   1	   2	  23	  23	  22	  30	  70	  50	 574	163179	163828	   0	  20	
  69	  69	  50	   2	 915	   3	   1	  23	  23	  23	  30	  70	  50	 583	165729	166644	   0	  10	
  70	  70	  70	   1	 340	   2	   1	  23	  24	  23	  30	  70	  50	 554	168496	168836	   0	  20	
  71	  71	  50	   2	 494	   3	   1	  23	  24	  24	  30	  70	  50	 513	170662	171156	   0	  10	
  72	  72	  70	   1	 480	   2	   1	  23	  25	  24	  30	  70	  50	 552	173012	173492	   0	  20	
  73	  73	  50	   1	 449	   3	   1	  23	  25	  25	  30	  70	  50	 596	175379	175828	   0	  30	
  74	  74	  70	   2	 666	   2	   1	  23	  26	  25	  30	  70	  50	 408	177546	178212	   0	  20	
  75	  75	  50	   2	 568	   3	   1	  23	  26	  26	  30	  70	  50	 496	180012	180580	   0	  10	
  76	  76	  70	   1	 396	   2	   1	  23	  27	  26	  30	  70	  50	 413	182296	182692	   0	  20	
  77	  77	  50	   1	 397	   3	   1	  23	  27	  27	  30	  70	  50	 697	184679	185076	   0	  30	
  78	  78	  70	   1	 387	   2	   1	  23	  28	  27	  30	  70	  50	 549	186929	187316	   0	  40	
  79	  79	  50	   1	 299	   3	   1	  23	  28	  28	  30	  70	  50	 523	189145	189444	   0	  50	
  80	  80	  30	   4	 473	   1	   2	  24	  28	  28	  30	  70	  50	 435	191179	191652	   0	  50	
  81	  81	  70	   2	 389	   2	   1	  24	  29	  28	  30	  70	  50	 305	193279	193668	   0	  40	
  82	  82	  30	   4	 589	   1	   2	  25	  29	  28	  30	  70	  50	 499	195479	196068	   0	  40	
  83	  83	  50	   2	 411	   3	   1	  25	  29	  29	  30	  70	  50	 570	197945	198356	   0	  30	
  84	  84	  30	   3	 592	   1	   2	  26	  29	  29	  30	  70	  50	 567	200228	200820	   0	  30	
  85	  85	  70	   1	 548	   2	   1	  26	  30	  29	  30	  70	  50	 405	202528	203076	   0	  40	
  86	  86	  50	   1	 369	   3	   1	  26	  30	  30	  30	  70	  50	 585	204962	205331	   0	  50	
  87	  87	  70	   1	 329	   2	   1	  26	  31	  30	  30	  70	  50	 537	207178	207507	   0	  60	
  88	  88	  30	   2	 748	   3	   1	  26	  31	   1	  30	  70	  30	 654	209495	210243	   3	  50	
  89	  89	  30	   4	 741	   1	   2	  27	  31	   1	  30	  70	  30	 544	212078	212819	   0	  50	
  90	  90	  70	   2	 566	   2	   1	  27	  32	   1	  30	  70	  30	 334	214461	215027	   0	  40	
  91	  91	  30	   3	 550	   3	   2	  27	  32	   2	  30	  70	  30	 497	216845	217395	   0	  40	
  92	  92	  70	   1	 985	   2	   1	  27	  33	   2	  30	  70	  30	 480	219178	220163	   0	  50	
  93	  93	  30	   4	 450	   1	   2	  28	  33	   2	  30	  70	  30	 675	222145	222595	   0	  50	
  94	  94	  30	   4	 543	   3	   2	  28	  33	   3	  30	  70	  30	 326	224228	224771	   0	  50	
  95	  95	  30	   3	 669	   1	   2	  29	  33	   3	  30	  70	  30	 607	226678	227347	   0	  50	
  96	  96	  20	   2	 775	   2	   1	  29	   1	   3	  30	  20	  30	 558	229228	230003	   2	  40	
  97	  97	  30	   4	 665	   1	   2	  30	   1	   3	  30	  20	  30	 691	231994	232659	   0	  40	
  98	  98	  30	   2	 547	   3	   1	  30	   1	   4	  30	  20	  30	 593	234544	235091	   0	  30	
  99	  99	  30	   4	 388	   1	   2	  31	   1	   4	  30	  20	  30	 532	236911	237299	   0	  30	
 100	 100	  30	   4	 961	   3	   2	  31	   1	   5	  30	  20	  30	 397	238994	239955	   0	  30	
 101	 101	  20	   2	 406	   2	   1	  31	   2	   5	  30	  20	  30	 385	241661	242067	   0	  20	
 102	 102	  30	   3	 442	   1	   2	  32	   2	   5	  30	  20	  30	 587	243961	244403	   0	  20	
 103	 103	  20	   3	 612	   2	   2	  32	   3	   5	  30	  20	  30	 413	246111	246723	   0	  20	
 104	 104	  30	   3	 562	   3	   2	  32	   3	   6	  30	  20	  30	 557	248577	249139	   0	  20	
 105	 105	  20	   2	 656	   2	   1	  32	   4	   6	  30	  20	  30	 556	250994	251650	   0	  10	
 106	 106	  30	   2	 283	   3	   1	  32	   4	   7	  30	  20	  30	 571	253527	253810	   0	   0	
 107	 107	  20	   2	 737	   2	   1	  32	   5	   7	  30	  20	  30	 640	255761	256498	   0	 -10	
 108	 108	  30	   4	 823	   3	   2	  32	   5	   8	  30	  20	  30	 609	258411	259234	   0	 -10	
 109	 109	  20	   1	 402	   2	   1	  32	   6	   8	  30	  20	  30	 412	260944	261346	   0	   0	
 110	 110	  30	   4	 616	   1	   2	  33	   6	   8	  30	  20	  30	 545	263194	263810	   0	   0	
 111	 111	  30	   2	 850	   3	   1	  33	   6	   9	  30	  20	  30	 616	265760	266610	   0	 -10	
 112	 112	  20	   2	 670	   2	   1	  33	   7	   9	  30	  20	  30	 322	268244	268914	   0	 -20	
 113	 113	  30	   3	 922	   3	   2	  33	   7	  10	  30	  20	  30	 528	270744	271666	   0	 -20	
 114	 114	  30	   4	  30	   1	   2	  34	   7	  10	  30	  20	  30	 474	273444	273474	   0	 -20	
 115	 115	  30	   3	 213	   3	   2	  34	   7	  11	  30	  20	  30	 526	275293	275506	   0	 -20	
 116	 116	  30	   4	 197	   1	   2	  35	   7	  11	  30	  20	  30	 484	277293	277490	   0	 -20	
 117	 117	  30	   2	 168	   3	   1	  35	   7	  12	  30	  20	  30	 422	279210	279378	   0	 -30	
 118	 118	  80	   1	 639	   1	   1	   1	   7	  12	  80	  20	  30	 326	281027	281666	   1	 -20	
 119	 119	  30	   4	 588	   3	   2	   1	   7	  13	  80	  20	  30	 538	283510	284098	   0	 -20	
 120	 120	  20	   2	 635	   2	   1	   1	   8	  13	  80	  20	  30	 525	285927	286562	   0	 -30	
 121	 121	  80	   1	 530	   1	   1	   2	   8	  13	  80	  20	  30	 680	288560	289090	   0	 -20	
 122	 122	  30	   4	 441	   3	   2	   2	   8	  14	  80	  20	  30	 403	290793	291234	   0	 -20	
 123	 123	  80	   2	 517	   1	   1	   3	   8	  14	  80	  20	  30	 349	292893	293410	   0	 -30	
 124	 124	  30	   3	 460	   3	   2	   3	   8	  15	  80	  20	  30	 399	295126	295586	   0	 -30	
 125	 125	  80	   1	 370	   1	   1	   4	   8	  15	  80	  20	  30	 456	297343	297713	   0	 -20	
 126	 126	  30	   2	 388	   3	   1	   4	   8	  16	  80	  20	  30	 672	299693	300081	   0	 -30	
 127	 127	  80	   1	 591	   1	   1	   5	   8	  16	  80	  20	  30	 427	301810	302401	   0	 -20	
 128	 128	  30	   4	 425	   3	   2	   5	   8	  17	  80	  20	  30	 660	304360	304785	   0	 -20	
 129	 129	  20	   4	 762	   2	   2	   5	   9	  17	  80	  20	  30	 678	306759	307521	   0	 -20	
 130	 130	  80	   2	 336	   1	   1	   6	   9	  17	  80	  20	  30	 577	309393	309729	   0	 -30	
 131	 131	  30	   4	 520	   3	   2	   6	   9	  18	  80	  20	  30	 542	311593	312113	   0	 -30	
 132	 132	  80	   1	 379	   1	   1	   7	   9	  18	  80	  20	  30	 504	313926	314305	   0	 -20	
 133	 133	  30	   3	 484	   3	   2	   7	   9	  19	  80	  20	  30	 485	316093	316577	   0	 -20	
 134	 134	  80	   1	 340	   1	   1	   8	   9	  19	  80	  20	  30	 604	318493	318833	   0	 -10	
 135	 135	  20	   4	 859	   2	   2	   8	  10	  19	  80	  20	  30	 592	320726	321585	   0	 -10	
 136	 136	  80	   1	 501	   1	   1	   9	  10	  19	  80	  20	  30	 387	323276	323777	   0	   0	
 137	 137	  20	   3	 671	   2	   2	   9	  11	  19	  80	  20	  30	 342	325426	326097	   0	   0	
 138	 138	  80	   1	 512	   1	   1	  10	  11	  19	  80	  20	  30	 414	327809	328321	   0	  10	
 139	 139	  20	   4	 531	   2	   2	  10	  12	  19	  80	  20	  30	 505	330126	330657	   0	  10	
 140	 140	  30	   2	 605	   3	   1	  10	  12	  20	  80	  20	  30	 342	332292	332897	   0	   0	
 141	 141	  80	   2	 686	   1	   1	  11	  12	  20	  80	  20	  30	 445	334659	335345	   0	 -10	
 142	 142	  30	   3	 482	   3	   2	  11	  12	  21	  80	  20	  30	 327	336975	337457	   0	 -10	
 143	 143	  20	   4	 533	   2	   2	  11	  13	  21	  80	  20	  30	 537	339292	339825	   0	 -10	
 144	 144	  80	   1	 406	   1	   1	  12	  13	  21	  80	  20	  30	 541	341675	342081	   0	   0	
 145	 145	  30	   4	 501	   3	   2	  12	  13	  22	  80	  20	  30	 670	344059	344560	   0	   0	
 146	 146	  20	   4	 573	   2	   2	  12	  14	  22	  80	  20	  30	 406	346275	346848	   0	   0	
 147	 147	  30	   4	 431	   3	   2	  12	  14	  23	  80	  20	  30	 455	348609	349040	   0	   0	
 148	 148	  20	   4	 454	   2	   2	  12	  15	  23	  80	  20	  30	 504	350842	351296	   0	   0	
 149	 149	  80	   1	 458	   1	   1	  13	  15	  23	  80	  20	  30	 554	353158	353616	   0	  10	
 150	 150	  20	   4	 551	   2	   2	  13	  16	  23	  80	  20	  30	 305	355225	355776	   0	  10	
 151	 151	  80	   1	 431	   1	   1	  14	  16	  23	  80	  20	  30	 332	357425	357856	   0	  20	
 152	 152	  20	   4	 379	   2	   2	  14	  17	  23	  80	  20	  30	 381	359525	359904	   0	  20	
 153	 153	  30	   4	 684	   3	   2	  14	  17	  24	  80	  20	  30	 696	361892	362576	   0	  20	
 154	 154	  20	   3	 511	   2	   2	  14	  18	  24	  80	  20	  30	 336	364225	364736	   0	  20	
 155	 155	  80	   1	 463	   1	   1	  15	  18	  24	  80	  20	  30	 595	366625	367088	   0	  30	
 156	 156	  30	   4	 393	   3	   2	  15	  18	  25	  80	  20	  30	 404	368791	369184	   0	  30	
 157	 157	  80	   3	 421	   1	   2	  16	  18	  25	  80	  20	  30	 396	370875	371296	   0	  30	
 158	 158	  20	   4	 563	   2	   2	  16	  19	  25	  80	  20	  30	 333	372941	373504	   0	  30	
 159	 159	  30	   4	 445	   3	   2	  16	  19	  26	  80	  20	  30	 673	375475	375920	   0	  30	
 160	 160	  80	   1	 306	   1	   1	  17	  19	  26	  80	  20	  30	 542	377758	378064	   0	  40	
 161	 161	  20	   4	 515	   2	   2	  17	  20	  26	  80	  20	  30	 359	379741	380256	   0	  40	
 162	 162	  30	   3	 428	   3	   2	  17	  20	  27	  80	  20	  30	 351	381908	382336	   0	  40	
 163	 163	  80	   2	 394	   1	   1	  18	  20	  27	  80	  20	  30	 327	383958	384352	   0	  30	
 164	 164	  30	   4	 514	   3	   2	  18	  20	  28	  80	  20	  30	 526	386174	386688	   0	  30	
 165	 165	  20	   4	 411	   2	   2	  18	  21	  28	  80	  20	  30	 352	388341	388752	   0	  30	
 166	 166	  30	   4	 518	   3	   2	  18	  21	  29	  80	  20	  30	 385	390441	390959	   0	  30	
 167	 167	  80	   1	 415	   1	   1	  19	  21	  29	  80	  20	  30	 333	392608	393023	   0	  40	
 168	 168	  30	   3	 403	   3	   2	  19	  21	  30	  80	  20	  30	 567	394908	395311	   0	  40	
 169	 169	  20	   4	 382	   2	   2	  19	  22	  30	  80	  20	  30	 427	397041	397423	   0	  40	
 170	 170	  30	   4	 404	   3	   2	  19	  22	  31	  80	  20	  30	 550	399291	399695	   0	  40	
 171	 171	  80	   1	 530	   1	   1	  20	  22	  31	  80	  20	  30	 348	401357	401887	   0	  50	
 172	 172	  30	   4	 581	   3	   2	  20	  22	  32	  80	  20	  30	 486	403674	404255	   0	  50	
 173	 173	  20	   3	 540	   2	   2	  20	  23	  32	  80	  20	  30	 362	405907	406447	   0	  50	
 174	 174	  80	   1	 430	   1	   1	  21	  23	  32	  80	  20	  30	 484	408241	408671	   0	  60	
 175	 175	  30	   4	 498	   3	   2	  21	  23	  33	  80	  20	  30	 595	410557	411055	   0	  60	
 176	 176	  80	   3	 298	   1	   2	  22	  23	  33	  80	  20	  30	 400	412757	413055	   0	  60	
 177	 177	  30	   3	 467	   3	   2	  22	  23	  34	  80	  20	  30	 568	414924	415391	   0	  60	
 178	 178	  80	   2	 384	   1	   1	  23	  23	  34	  80	  20	  30	 314	417007	417391	   0	  50	
 179	 179	  30	   4	 430	   3	   2	  23	  23	  35	  80	  20	  30	 358	419057	419487	   0	  50	
 180	 180	  20	   2	 326	   2	   1	  23	  24	  35	  80	  20	  30	 473	421257	421583	   0	  40	
 181	 181	  70	   1	 898	   3	   1	  23	  24	   1	  80	  20	  70	 431	423357	424255	   3	  50	
 182	 182	  20	   3	 642	   2	   2	  23	  25	   1	  80	  20	  70	 609	426157	426799	   0	  50	
 183	 183	  80	   1	 574	   1	   1	  24	  25	   1	  80	  20	  70	 568	428673	429247	   0	  60	
 184	 184	  70	   2	 517	   3	   1	  24	  25	   2	  80	  20	  70	 347	430890	431407	   0	  50	
 185	 185	  20	   4	 721	   2	   2	  24	  26	   2	  80	  20	  70	 679	433390	434111	   0	  50	
 186	 186	  70	   1	 488	   3	   1	  24	  26	   3	  80	  20	  70	 566	435990	436478	   0	  60	
 187	 187	  20	   4	 596	   2	   2	  24	  27	   3	  80	  20	  70	 300	438090	438686	   0	  60	
 188	 188	  70	   2	 555	   3	   1	  24	  27	   4	  80	  20	  70	 323	440307	440862	   0	  50	
 189	 189	  20	   2	 619	   2	   1	  24	  28	   4	  80	  20	  70	 550	442723	443342	   0	  40	
 190	 190	  80	   2	 481	   1	   1	  25	  28	   4	  80	  20	  70	 321	444973	445454	   0	  30	
 191	 191	  70	   1	 449	   3	   1	  25	  28	   5	  80	  20	  70	 601	447373	447822	   0	  40	
 192	 192	  80	   1	 564	   1	   1	  26	  28	   5	  80	  20	  70	 567	449706	450270	   0	  50	
 193	 193	  20	   4	 815	   2	   2	  26	  29	   5	  80	  20	  70	 664	452223	453038	   0	  50	
 194	 194	  70	   1	 517	   3	   1	  26	  29	   6	  80	  20	  70	 541	454873	455390	   0	  60	
 195	 195	  20	   4	 670	   2	   2	  26	  30	   6	  80	  20	  70	 365	457056	457726	   0	  60	
 196	 196	  70	   1	 615	   3	   1	  26	  30	   7	  80	  20	  70	 592	459623	460238	   0	  70	
 197	 197	  80	   1	 601	   1	   1	  27	  30	   7	  80	  20	  70	 457	461989	462590	   0	  80	
 198	 198	  50	   3	 867	   2	   2	  27	   1	   7	  80	  50	  70	 616	464539	465406	   2	  80	
 199	 199	  70	   2	 572	   3	   1	  27	   1	   8	  80	  50	  70	 386	467106	467678	   0	  70	
 200	 200	  50	   2	 658	   2	   1	  27	   2	   8	  80	  50	  70	 380	469356	470014	   0	  60	
 201	 201	  80	   1	 537	   1	   1	  28	   2	   8	  80	  50	  70	 635	471973	472510	   0	  70	
 202	 202	  70	   1	 775	   3	   1	  28	   2	   9	  80	  50	  70	 620	474439	475214	   0	  80	
 203	 203	  50	   3	 487	   2	   2	  28	   3	   9	  80	  50	  70	 329	476839	477326	   0	  80	
 204	 204	  70	   1	 512	   3	   1	  28	   3	  10	  80	  50	  70	 388	479022	479534	   0	  90	
 205	 205	  50	   4	 598	   2	   2	  28	   4	  10	  80	  50	  70	 403	481239	481837	   0	  90	
 206	 206	  70	   2	 637	   3	   1	  28	   4	  11	  80	  50	  70	 346	483472	484109	   0	  80	
 207	 207	  50	   2	 785	   2	   1	  28	   5	  11	  80	  50	  70	 337	485756	486541	   0	  70	
 208	 208	  80	   1	 362	   1	   1	  29	   5	  11	  80	  50	  70	 503	488355	488717	   0	  80	
 209	 209	  50	   1	 429	   2	   1	  29	   6	  11	  80	  50	  70	 655	490672	491101	   0	  90	
 210	 210	  80	   1	 603	   1	   1	  30	   6	  11	  80	  50	  70	 330	492722	493325	   0	 100	
 211	 211	  70	   2	 460	   3	   1	  30	   6	  12	  80	  50	  70	 458	495105	495565	   0	  90	
 212	 212	  50	   1	 536	   2	   1	  30	   7	  12	  80	  50	  70	 318	497189	497725	   0	 100	
 213	 213	  80	   1	 342	   1	   1	  31	   7	  12	  80	  50	  70	 621	499655	499997	   0	 110	
 214	 214	  70	   1	 338	   3	   1	  31	   7	  13	  80	  50	  70	 464	501755	502093	   0	 120	
 215	 215	  80	   1	 433	   1	   1	  32	   7	  13	  80	  50	  70	 374	503772	504205	   0	 130	
 216	 216	  70	   1	 305	   3	   1	  32	   7	  14	  80	  50	  70	 673	506188	506493	   0	 140	
 217	 217	  50	   2	 323	   2	   1	  32	   8	  14	  80	  50	  70	 330	508122	508445	   0	 130	
 218	 218	  80	   1	 453	   1	   1	  33	   8	  14	  80	  50	  70	 325	510072	510525	   0	 140	
 219	 219	  50	   2	 348	   2	   1	  33	   9	  14	  80	  50	  70	 482	512305	512653	   0	 130	
 220	 220	  20	   2	 408	   1	   1	   1	   9	  14	  20	  50	  70	 444	514405	514813	   1	 120	
 221	 221	  70	   1	 585	   3	   1	   1	   9	  15	  20	  50	  70	 645	516772	517357	   0	 130	
 222	 222	  50	   1	 653	   2	   1	   1	  10	  15	  20	  50	  70	 431	519088	519741	   0	 140	
 223	 223	  70	   1	 538	   3	   1	   1	  10	  16	  20	  50	  70	 527	521571	522109	   0	 150	
 224	 224	  20	   4	 636	   1	   2	   2	  10	  16	  20	  50	  70	 511	523921	524557	   0	 150	
 225	 225	  50	   4	 610	   2	   2	   2	  11	  16	  20	  50	  70	 680	526538	527148	   0	 150	
 226	 226	  70	   2	 498	   3	   1	   2	  11	  17	  20	  50	  70	 484	528938	529436	   0	 140	
 227	 227	  20	   4	 516	   1	   2	   3	  11	  17	  20	  50	  70	 556	531288	531804	   0	 140	
 228	 228	  70	   1	 507	   3	   1	   3	  11	  18	  20	  50	  70	 389	533505	534012	   0	 150	
 229	 229	  20	   3	 548	   1	   2	   4	  11	  18	  20	  50	  70	 392	535704	536252	   0	 150	
 230	 230	  50	   1	 373	   2	   1	   4	  12	  18	  20	  50	  70	 521	538071	538444	   0	 160	
 231	 231	  70	   1	 529	   3	   1	   4	  12	  19	  20	  50	  70	 406	540171	540700	   0	 170	
 232	 232	  50	   2	 625	   2	   1	   4	  13	  19	  20	  50	  70	 569	542571	543196	   0	 160	
 233	 233	  70	   1	 683	   3	   1	   4	  13	  20	  20	  50	  70	 624	545121	545804	   0	 170	
 234	 234	  20	   4	 465	   1	   2	   5	  13	  20	  20	  50	  70	 654	547771	548236	   0	 170	
 235	 235	  70	   4	 935	   3	   2	   5	  13	  21	  20	  50	  70	 507	550037	550972	   0	 170	
 236	 236	  20	   2	1029	   1	   1	   6	  13	  21	  20	  50	  70	 584	552871	553900	   0	 160	
 237	 237	  50	   4	 852	   2	   2	   6	  14	  21	  20	  50	  70	 500	555704	556556	   0	 160	
 238	 238	  70	   1	 490	   3	   1	   6	  14	  22	  20	  50	  70	 495	558354	558844	   0	 170	
 239	 239	  50	   1	 537	   2	   1	   6	  15	  22	  20	  50	  70	 633	560787	561324	   0	 180	
 240	 240	  70	   1	 707	   3	   1	   6	  15	  23	  20	  50	  70	 301	562937	563644	   0	 190	
 241	 241	  50	   1	 680	   2	   1	   6	  16	  23	  20	  50	  70	 637	565604	566284	   0	 200	
 242	 242	  20	   3	 658	   1	   2	   7	  16	  23	  20	  50	  70	 568	568154	568812	   0	 200	
 243	 243	  50	   2	 701	   2	   1	   7	  17	  23	  20	  50	  70	 577	570687	571388	   0	 190	
 244	 244	  20	   4	 655	   1	   2	   8	  17	  23	  20	  50	  70	 306	573004	573659	   0	 190	
 245	 245	  70	   1	 567	   3	   1	   8	  17	  24	  20	  50	  70	 633	575604	576171	   0	 200	
 246	 246	  50	   3	 640	   2	   2	   8	  18	  24	  20	  50	  70	 307	577787	578427	   0	 200	
 247	 247	  20	   4	 566	   1	   2	   9	  18	  24	  20	  50	  70	 301	580037	580603	   0	 200	
 248	 248	  50	   2	 385	   2	   1	   9	  19	  24	  20	  50	  70	 660	582570	582955	   0	 190	
 249	 249	  70	   1	 447	   3	   1	   9	  19	  25	  20	  50	  70	 362	584620	585067	   0	 200	
 250	 250	  20	   4	 656	   1	   2	  10	  19	  25	  20	  50	  70	 640	587003	587659	   0	 200	
 251	 251	  70	   2	 658	   3	   1	  10	  19	  26	  20	  50	  70	 377	589353	590011	   0	 190	
 252	 252	  50	   1	 656	   2	   1	  10	  20	  26	  20	  50	  70	 474	591787	592443	   0	 200	
 253	 253	  20	   4	 476	   1	   2	  11	  20	  26	  20	  50	  70	 563	594303	594779	   0	 200	
 254	 254	  70	   3	 889	   3	   2	  11	  20	  27	  20	  50	  70	 302	596386	597275	   0	 200	
 255	 255	  50	   1	 520	   2	   1	  11	  21	  27	  20	  50	  70	 627	599203	599723	   0	 210	
 256	 256	  70	   1	1022	   3	   1	  11	  21	  28	  20	  50	  70	 425	601453	602475	   0	 220	
 257	 257	  50	   4	1142	   2	   2	  11	  22	  28	  20	  50	  70	 668	604453	605595	   0	 220	
 258	 258	  70	   2	 557	   3	   1	  11	  22	  29	  20	  50	  70	 567	607470	608027	   0	 210	
 259	 259	  50	   2	 562	   2	   1	  11	  23	  29	  20	  50	  70	 430	609753	610315	   0	 200	
 260	 260	  70	   1	 448	   3	   1	  11	  23	  30	  20	  50	  70	 606	612219	612667	   0	 210	
 261	 261	  20	   4	 836	   1	   2	  12	  23	  30	  20	  50	  70	 519	614503	615339	   0	 210	
 262	 262	  50	   2	 789	   3	   1	  12	  23	   1	  20	  50	  50	 589	617253	618042	   3	 200	
 263	 263	  50	   2	 827	   2	   1	  12	  24	   1	  20	  50	  50	 555	619903	620730	   0	 190	
 264	 264	  20	   4	 879	   1	   2	  13	  24	   1	  20	  50	  50	 579	622603	623482	   0	 190	
 265	 265	  50	   2	 344	   3	   1	  13	  24	   2	  20	  50	  50	 403	625186	625530	   0	 180	
 266	 266	  50	   1	 866	   2	   1	  13	  25	   2	  20	  50	  50	 531	627352	628218	   0	 190	
 267	 267	  50	   1	 642	   3	   1	  13	  25	   3	  20	  50	  50	 631	630152	630794	   0	 200	
 268	 268	  50	   3	1115	   2	   2	  13	  26	   3	  20	  50	  50	 619	632719	633834	   0	 200	
 269	 269	  20	   3	 432	   1	   2	  14	  26	   3	  20	  50	  50	 659	635786	636218	   0	 200	
 270	 270	  50	   2	 449	   2	   1	  14	  27	   3	  20	  50	  50	 633	638169	638618	   0	 190	
 271	 271	  50	   2	 345	   3	   1	  14	  27	   4	  20	  50	  50	 424	640369	640714	   0	 180	
 272	 272	  50	   1	 757	   2	   1	  14	  28	   4	  20	  50	  50	 450	642469	643226	   0	 190	
 273	 273	  50	   3	 680	   3	   2	  14	  28	   5	  20	  50	  50	 670	645202	645882	   0	 190	
 274	 274	  50	   2	1126	   2	   1	  14	  29	   5	  20	  50	  50	 470	647652	648778	   0	 180	
 275	 275	  20	   4	 531	   1	   2	  15	  29	   5	  20	  50	  50	 437	650519	651050	   0	 180	
 276	 276	  50	   1	 641	   3	   1	  15	  29	   6	  20	  50	  50	 626	652969	653610	   0	 190	
 277	 277	  50	   1	 511	   2	   1	  15	  30	   6	  20	  50	  50	 500	655419	655930	   0	 200	
 278	 278	  20	   3	 525	   1	   2	  16	  30	   6	  20	  50	  50	 655	657885	658410	   0	 200	
 279	 279	  50	   2	 532	   3	   1	  16	  30	   7	  20	  50	  50	 390	660102	660634	   0	 190	
 280	 280	  20	   2	 441	   1	   1	  17	  30	   7	  20	  50	  50	 426	662352	662793	   0	 180	
 281	 281	  50	   2	 649	   3	   1	  17	  30	   8	  20	  50	  50	 664	664768	665417	   0	 170	
 282	 282	  20	   4	 705	   1	   2	  18	  30	   8	  20	  50	  50	 629	667352	668057	   0	 170	
 283	 283	  50	   3	 579	   3	   2	  18	  30	   9	  20	  50	  50	 364	669718	670297	   0	 170	
 284	 284	  50	   1	 776	   2	   1	  18	  31	   9	  20	  50	  50	 411	672001	672777	   0	 180	
 285	 285	  20	   4	 640	   1	   2	  19	  31	   9	  20	  50	  50	 531	674601	675241	   0	 180	
 286	 286	  50	   4	 882	   2	   2	  19	  32	   9	  20	  50	  50	 387	676935	677817	   0	 180	
 287	 287	  20	   4	1037	   1	   2	  20	  32	   9	  20	  50	  50	 345	679468	680505	   0	 180	
 288	 288	  50	   1	1156	   3	   1	  20	  32	  10	  20	  50	  50	 666	682485	683641	   0	 190	
 289	 289	  20	   4	 542	   1	   2	  21	  32	  10	  20	  50	  50	 512	685451	685993	   0	 190	
 290	 290	  50	   1	 769	   3	   1	  21	  32	  11	  20	  50	  50	 490	687784	688553	   0	 200	
 291	 291	  50	   1	 591	   2	   1	  21	  33	  11	  20	  50	  50	 341	690218	690809	   0	 210	
 292	 292	  50	   1	 692	   3	   1	  21	  33	  12	  20	  50	  50	 388	692501	693193	   0	 220	
 293	 293	  20	   2	 793	   2	   1	  21	   1	  12	  20	  20	  50	 670	695184	695977	   2	 210	
 294	 294	  50	   2	 707	   3	   1	  21	   1	  13	  20	  20	  50	 457	697734	698441	   0	 200	
 295	 295	  20	   3	 585	   1	   2	  22	   1	  13	  20	  20	  50	 631	700368	700953	   0	 200	
 296	 296	  20	   2	 492	   2	   1	  22	   2	  13	  20	  20	  50	 441	702701	703193	   0	 190	
 297	 297	  20	   4	 678	   1	   2	  23	   2	  13	  20	  20	  50	 350	704851	705529	   0	 190	
 298	 298	  20	   2	 381	   2	   1	  23	   3	  13	  20	  20	  50	 662	707484	707865	   0	 180	
 299	 299	  20	   4	 513	   1	   2	  24	   3	  13	  20	  20	  50	 598	709751	710264	   0	 180	
 300	 300	  20	   4	 377	   2	   2	  24	   4	  13	  20	  20	  50	 391	711951	712328	   0	 180	
 301	 301	  50	   1	 534	   3	   1	  24	   4	  14	  20	  20	  50	 390	714034	714568	   0	 190	
 302	 302	  20	   1	 692	   2	   1	  24	   5	  14	  20	  20	  50	 599	716484	717176	   0	 200	
 303	 303	  50	   3	 534	   3	   2	  24	   5	  15	  20	  20	  50	 375	718850	719384	   0	 200	
 304	 304	  20	   2	 574	   2	   1	  24	   6	  15	  20	  20	  50	 365	721050	721624	   0	 190	
 305	 305	  20	   4	 617	   1	   2	  25	   6	  15	  20	  20	  50	 639	723567	724184	   0	 190	
 306	 306	  50	   2	 475	   3	   1	  25	   6	  16	  20	  20	  50	 424	725917	726392	   0	 180	
 307	 307	  20	   4	 727	   1	   2	  26	   6	  16	  20	  20	  50	 332	728017	728744	   0	 180	
 308	 308	  50	   2	 430	   3	   1	  26	   6	  17	  20	  20	  50	 615	730650	731080	   0	 170	
 309	 309	  20	   4	 599	   1	   2	  27	   6	  17	  20	  20	  50	 435	732817	733416	   0	 170	
 310	 310	  50	   1	 381	   3	   1	  27	   6	  18	  20	  20	  50	 352	735083	735464	   0	 180	
 311	 311	  20	   3	 583	   1	   2	  28	   6	  18	  20	  20	  50	 460	737233	737816	   0	 180	
 312	 312	  50	   4	 552	   3	   2	  28	   6	  19	  20	  20	  50	 470	739600	740152	   0	 180	
 313	 313	  20	   2	 508	   2	   1	  28	   7	  19	  20	  20	  50	 447	741900	742408	   0	 170	
 314	 314	  50	   4	 437	   3	   2	  28	   7	  20	  20	  20	  50	 354	744067	744504	   0	 170	
 315	 315	  20	   4	 463	   2	   2	  28	   8	  20	  20	  20	  50	 409	746217	746680	   0	 170	
 316	 316	  20	   4	 555	   1	   2	  29	   8	  20	  20	  20	  50	 353	748333	748888	   0	 170	
 317	 317	  20	   3	 434	   2	   2	  29	   9	  20	  20	  20	  50	 381	750566	751000	   0	 170	
 318	 318	  50	   4	 364	   3	   2	  29	   9	  21	  20	  20	  50	 383	752700	753064	   0	 170	
 319	 319	  20	   4	 189	   2	   2	  29	  10	  21	  20	  20	  50	 691	755050	755239	   0	 170	
 320	 320	  20	   4	 461	   1	   2	  30	  10	  21	  20	  20	  50	 526	757066	757527	   0	 170	
 321	 321	  50	   3	 455	   3	   2	  30	  10	  22	  20	  20	  50	 353	759200	759655	   0	 170	
 322	 322	  20	   4	 591	   1	   2	  31	  10	  22	  20	  20	  50	 449	761416	762007	   0	 170	
 323	 323	  50	   4	 556	   3	   2	  31	  10	  23	  20	  20	  50	 596	763899	764455	   0	 170	
 324	 324	  20	   4	 566	   1	   2	  32	  10	  23	  20	  20	  50	 682	766433	766999	   0	 170	
 325	 325	  20	   4	 361	   2	   2	  32	  11	  23	  20	  20	  50	 457	768766	769127	   0	 170	
 326	 326	  20	   3	 396	   1	   2	  33	  11	  23	  20	  20	  50	 663	771083	771479	   0	 170	
 327	 327	  50	   1	 354	   3	   1	  33	  11	  24	  20	  20	  50	 554	773333	773687	   0	 180	
 328	 328	  20	   4	 430	   2	   2	  33	  12	  24	  20	  20	  50	 442	775433	775863	   0	 180	
 329	 329	  50	   1	 540	   3	   1	  33	  12	  25	  20	  20	  50	 343	777499	778039	   0	 190	
 330	 330	  20	   4	 870	   2	   2	  33	  13	  25	  20	  20	  50	 312	779649	780519	   0	 190	
 331	 331	  20	   4	 486	   1	   2	  34	  13	  25	  20	  20	  50	 615	782449	782935	   0	 190	
 332	 332	  20	   4	 571	   2	   2	  34	  14	  25	  20	  20	  50	 481	784716	785287	   0	 190	
 333	 333	  50	   4	 481	   3	   2	  34	  14	  26	  20	  20	  50	 376	786966	787447	   0	 190	
 334	 334	  20	   4	 457	   1	   2	  35	  14	  26	  20	  20	  50	 417	789166	789623	   0	 190	
 335	 335	  20	   4	 379	   2	   2	  35	  15	  26	  20	  20	  50	 585	791516	791895	   0	 190	
 336	 336	  50	   3	 476	   3	   2	  35	  15	  27	  20	  20	  50	 322	793515	793991	   0	 190	
 337	 337	  80	   1	 675	   1	   1	   1	  15	  27	  80	  20	  50	 429	795732	796407	   1	 200	
 338	 338	  20	   4	 453	   2	   2	   1	  16	  27	  80	  20	  50	 367	798082	798535	   0	 200	
 339	 339	  80	   1	 376	   1	   1	   2	  16	  27	  80	  20	  50	 533	800382	800758	   0	 210	
 340	 340	  20	   4	 361	   2	   2	   2	  17	  27	  80	  20	  50	 688	802749	803110	   0	 210	
 341	 341	  80	   1	 471	   1	   1	   3	  17	  27	  80	  20	  50	 375	804799	805270	   0	 220	
 342	 342	  50	   3	 375	   3	   2	   3	  17	  28	  80	  20	  50	 648	807215	807590	   0	 220	
 343	 343	  80	   1	 521	   1	   1	   4	  17	  28	  80	  20	  50	 667	809565	810086	   0	 230	
 344	 344	  20	   3	 494	   2	   2	   4	  18	  28	  80	  20	  50	 433	811832	812326	   0	 230	
 345	 345	  50	   4	 642	   3	   2	   4	  18	  29	  80	  20	  50	 521	814148	814790	   0	 230	
 346	 346	  20	   3	 507	   2	   2	   4	  19	  29	  80	  20	  50	 618	816715	817222	   0	 230	
 347	 347	  80	   2	 354	   1	   1	   5	  19	  29	  80	  20	  50	 424	818948	819302	   0	 220	
 348	 348	  20	   4	 510	   2	   2	   5	  20	  29	  80	  20	  50	 427	821032	821542	   0	 220	
 349	 349	  50	   4	 546	   3	   2	   5	  20	  30	  80	  20	  50	 507	823348	823894	   0	 220	
 350	 350	  80	   1	 381	   1	   1	   6	  20	  30	  80	  20	  50	 693	825881	826262	   0	 230	
 351	 351	  50	   4	 603	   3	   2	   6	  20	  31	  80	  20	  50	 345	827915	828518	   0	 230	
 352	 352	  80	   1	 405	   1	   1	   7	  20	  31	  80	  20	  50	 659	830481	830886	   0	 240	
 353	 353	  50	   4	 447	   3	   2	   7	  20	  32	  80	  20	  50	 431	832615	833062	   0	 240	
 354	 354	  80	   1	 454	   1	   1	   8	  20	  32	  80	  20	  50	 488	834848	835302	   0	 250	
 355	 355	  20	   3	 411	   2	   2	   8	  21	  32	  80	  20	  50	 499	837115	837526	   0	 250	
 356	 356	  80	   2	 562	   1	   1	   9	  21	  32	  80	  20	  50	 546	839364	839926	   0	 240	
 357	 357	  50	   3	 511	   3	   2	   9	  21	  33	  80	  20	  50	 607	841831	842342	   0	 240	
 358	 358	  20	   4	 599	   2	   2	   9	  22	  33	  80	  20	  50	 389	844031	844630	   0	 240	
 359	 359	  70	   3	 584	   3	   2	   9	  22	   1	  80	  20	  70	 446	846381	846965	   3	 240	
 360	 360	  20	   4	 433	   2	   2	   9	  23	   1	  80	  20	  70	 685	848964	849397	   0	 240	
 361	 361	  80	   1	 517	   1	   1	  10	  23	   1	  80	  20	  70	 543	851264	851781	   0	 250	
 362	 362	  20	   4	 499	   2	   2	  10	  24	   1	  80	  20	  70	 617	853714	854213	   0	 250	
 363	 363	  70	   2	 643	   3	   1	  10	  24	   2	  80	  20	  70	 587	856114	856757	   0	 240	
 364	 364	  80	   1	 808	   1	   1	  11	  24	   2	  80	  20	  70	 347	858397	859205	   0	 250	
 365	 365	  70	   4	 720	   3	   2	  11	  24	   3	  80	  20	  70	 486	860997	861717	   0	 250	
 366	 366	  20	   4	 506	   2	   2	  11	  25	   3	  80	  20	  70	 521	863547	864053	   0	 250	
 367	 367	  70	   3	 914	   3	   2	  11	  25	   4	  80	  20	  70	 377	865731	866645	   0	 250	
 368	 368	  20	   4	 494	   2	   2	  11	  26	   4	  80	  20	  70	 683	868631	869125	   0	 250	
 369	 369	  80	   1	 493	   1	   1	  12	  26	   4	  80	  20	  70	 650	871080	871573	   0	 260	
 370	 370	  70	   3	 517	   3	   2	  12	  26	   5	  80	  20	  70	 413	873280	873797	   0	 260	
 371	 371	  20	   3	 397	   2	   2	  12	  27	   5	  80	  20	  70	 351	875480	875877	   0	 260	
 372	 372	  70	   3	 515	   3	   2	  12	  27	   6	  80	  20	  70	 562	877730	878245	   0	 260	
 373	 373	  80	   1	 411	   1	   1	  13	  27	   6	  80	  20	  70	 380	879914	880325	   0	 270	
 374	 374	  70	   4	 393	   3	   2	  13	  27	   7	  80	  20	  70	 346	881964	882357	   0	 270	
 375	 375	  80	   3	 364	   1	   2	  14	  27	   7	  80	  20	  70	 645	884297	884661	   0	 270	
 376	 376	  70	   3	 548	   3	   2	  14	  27	   8	  80	  20	  70	 559	886513	887061	   0	 270	
 377	 377	  20	   4	 451	   2	   2	  14	  28	   8	  80	  20	  70	 575	888930	889381	   0	 270	
 378	 378	  80	   1	 345	   1	   1	  15	  28	   8	  80	  20	  70	 467	891163	891508	   0	 280	
 379	 379	  70	   1	 359	   3	   1	  15	  28	   9	  80	  20	  70	 415	893213	893572	   0	 290	
 380	 380	  80	   1	 549	   1	   1	  16	  28	   9	  80	  20	  70	 392	895263	895812	   0	 300	
 381	 381	  70	   1	 382	   3	   1	  16	  28	  10	  80	  20	  70	 686	897830	898212	   0	 310	
 382	 382	  80	   1	 340	   1	   1	  17	  28	  10	  80	  20	  70	 575	900096	900436	   0	 320	
 383	 383	  20	   4	 464	   2	   2	  17	  29	  10	  80	  20	  70	 447	902180	902644	   0	 320	
 384	 384	  80	   2	 392	   1	   1	  18	  29	  10	  80	  20	  70	 440	904380	904772	   0	 310	
 385	 385	  70	   2	 364	   3	   1	  18	  29	  11	  80	  20	  70	 603	906680	907044	   0	 300	
 386	 386	  80	   2	 456	   1	   1	  19	  29	  11	  80	  20	  70	 446	908780	909236	   0	 290	
 387	 387	  20	   4	 512	   2	   2	  19	  30	  11	  80	  20	  70	 451	910996	911508	   0	 290	
 388	 388	  70	   1	 483	   3	   1	  19	  30	  12	  80	  20	  70	 500	913313	913796	   0	 300	
 389	 389	  20	   4	 593	   2	   2	  19	  31	  12	  80	  20	  70	 673	915779	916372	   0	 300	
 390	 390	  70	   1	 540	   3	   1	  19	  31	  13	  80	  20	  70	 628	918296	918836	   0	 310	
 391	 391	  80	   1	 541	   1	   1	  20	  31	  13	  80	  20	  70	 530	920679	921220	   0	 320	
 392	 392	  70	   2	 628	   3	   1	  20	  31	  14	  80	  20	  70	 372	922896	923524	   0	 310	
 393	 393	  20	   4	 453	   2	   2	  20	  32	  14	  80	  20	  70	 434	925263	925716	   0	 310	
 394	 394	  70	   1	 419	   3	   1	  20	  32	  15	  80	  20	  70	 314	927329	927748	   0	 320	
 395	 395	  20	   3	 700	   2	   2	  20	  33	  15	  80	  20	  70	 441	929496	930196	   0	 320	
 396	 396	  70	   1	 370	   3	   1	  20	  33	  16	  80	  20	  70	 640	932146	932516	   0	 330	
 397	 397	  80	   2	 362	   1	   1	  21	  33	  16	  80	  20	  70	 539	934362	934724	   0	 320	
 398	 398	  70	   4	 617	   3	   2	  21	  33	  17	  80	  20	  70	 355	936379	936996	   0	 320	
 399	 399	  20	   2	 324	   2	   1	  21	  34	  17	  80	  20	  70	 573	938879	939203	   0	 310	
 400	 400	  80	   1	 548	   1	   1	  22	  34	  17	  80	  20	  70	 372	940879	941427	   0	 320	
 401	 401	  20	   4	 434	   2	   2	  22	  35	  17	  80	  20	  70	 586	943329	943763	   0	 320	
 402	 402	  80	   1	 419	   1	   1	  23	  35	  17	  80	  20	  70	 647	945712	946131	   0	 330	
 403	 403	  80	   1	 701	   2	   1	  23	   1	  17	  80	  80	  70	 405	947862	948563	   2	 340	
 404	 404	  80	   1	 478	   1	   1	  24	   1	  17	  80	  80	  70	 356	950229	950707	   0	 350	
 405	 405	  80	   1	 319	   2	   1	  24	   2	  17	  80	  80	  70	 613	952612	952931	   0	 360	
 406	 406	  80	   1	 343	   1	   1	  25	   2	  17	  80	  80	  70	 566	954812	955155	   0	 370	
 407	 407	  80	   1	 234	   2	   1	  25	   3	  17	  80	  80	  70	 673	957129	957363	   0	 380	
 408	 408	  80	   1	 454	   1	   1	  26	   3	  17	  80	  80	  70	 566	959245	959699	   0	 390	
 409	 409	  80	   2	 298	   2	   1	  26	   4	  17	  80	  80	  70	 538	961545	961843	   0	 380	
 410	 410	  80	   2	 493	   1	   1	  27	   4	  17	  80	  80	  70	 347	963478	963971	   0	 370	
 411	 411	  80	   1	 385	   2	   1	  27	   5	  17	  80	  80	  70	 476	965762	966147	   0	 380	
 412	 412	  80	   1	 523	   1	   1	  28	   5	  17	  80	  80	  70	 455	967912	968435	   0	 390	
 413	 413	  80	   1	 384	   2	   1	  28	   6	  17	  80	  80	  70	 463	970195	970579	   0	 400	
 414	 414	  80	   1	 423	   1	   1	  29	   6	  17	  80	  80	  70	 545	972428	972851	   0	 410	
 415	 415	  80	   1	 330	   2	   1	  29	   7	  17	  80	  80	  70	 586	974745	975075	   0	 420	
 416	 416	  80	   1	 322	   1	   1	  30	   7	  17	  80	  80	  70	 585	976961	977283	   0	 430	
 417	 417	  70	   1	 328	   3	   1	  30	   7	  18	  80	  80	  70	 627	979211	979539	   0	 440	
 418	 418	  80	   1	 354	   2	   1	  30	   8	  18	  80	  80	  70	 500	981345	981699	   0	 450	
 419	 419	  30	   2	 358	   1	   1	   1	   8	  18	  30	  80	  70	 605	983628	983986	   1	 440	
 420	 420	  80	   2	 383	   2	   1	   1	   9	  18	  30	  80	  70	 529	985811	986194	   0	 430	
 421	 421	  70	   1	 469	   3	   1	   1	   9	  19	  30	  80	  70	 536	988061	988530	   0	 440	
 422	 422	  80	   1	 370	   2	   1	   1	  10	  19	  30	  80	  70	 684	990528	990898	   0	 450	
 423	 423	  30	   3	 530	   1	   2	   2	  10	  19	  30	  80	  70	 335	992544	993074	   0	 450	
 424	 424	  70	   1	 603	   3	   1	   2	  10	  20	  30	  80	  70	 338	994711	995314	   0	 460	
 425	 425	  80	   2	 401	   2	   1	   2	  11	  20	  30	  80	  70	 335	996961	997362	   0	 450	
 426	 426	  30	   3	 462	   1	   2	   3	  11	  20	  30	  80	  70	 350	999028	999490	   0	 450	
 427	 427	  70	   1	 523	   3	   1	   3	  11	  21	  30	  80	  70	 316	1001111	1001634	   0	 460	
 428	 428	  80	   1	 386	   2	   1	   3	  12	  21	  30	  80	  70	 389	1003328	1003714	   0	 470	
 429	 429	  30	   4	 356	   1	   2	   4	  12	  21	  30	  80	  70	 661	1005678	1006034	   0	 470	
 430	 430	  70	   2	 356	   3	   1	   4	  12	  22	  30	  80	  70	 350	1007694	1008050	   0	 460	
 431	 431	  80	   1	 304	   2	   1	   4	  13	  22	  30	  80	  70	 427	1009794	1010098	   0	 470	
 432	 432	  70	   2	 373	   3	   1	   4	  13	  23	  30	  80	  70	 679	1012077	1012450	   0	 460	
 433	 433	  80	   1	 476	   2	   1	   4	  14	  23	  30	  80	  70	 544	1014294	1014770	   0	 470	
 434	 434	  70	   1	 517	   3	   1	   4	  14	  24	  30	  80	  70	 393	1016461	1016978	   0	 480	
 435	 435	  80	   1	 461	   2	   1	   4	  15	  24	  30	  80	  70	 389	1018677	1019138	   0	 490	
 436	 436	  70	   1	 267	   3	   1	   4	  15	  25	  30	  80	  70	 687	1021127	1021394	   0	 500	
 437	 437	  30	   2	 327	   1	   1	   5	  15	  25	  30	  80	  70	 529	1023227	1023554	   0	 490	
 438	 438	  70	   1	 425	   3	   1	   5	  15	  26	  30	  80	  70	 327	1025177	1025602	   0	 500	
 439	 439	  30	   4	 605	   1	   2	   6	  15	  26	  30	  80	  70	 573	1027477	1028082	   0	 500	
 440	 440	  70	   1	 475	   3	   1	   6	  15	  27	  30	  80	  70	 508	1029894	1030369	   0	 510	
 441	 441	  80	   1	 531	   2	   1	   6	  16	  27	  30	  80	  70	 421	1032110	1032641	   0	 520	
 442	 442	  70	   2	 655	   3	   1	   6	  16	  28	  30	  80	  70	 673	1034610	1035265	   0	 510	
 443	 443	  30	   3	 703	   1	   2	   7	  16	  28	  30	  80	  70	 442	1037010	1037713	   0	 510	
 444	 444	  80	   1	 480	   2	   1	   7	  17	  28	  30	  80	  70	 356	1039377	1039857	   0	 520	
 445	 445	  30	   4	 588	   1	   2	   8	  17	  28	  30	  80	  70	 333	1041493	1042081	   0	 520	
 446	 446	  80	   2	 714	   2	   1	   8	  18	  28	  30	  80	  70	 544	1043927	1044641	   0	 510	
 447	 447	  30	   4	 515	   1	   2	   9	  18	  28	  30	  80	  70	 578	1046510	1047025	   0	 510	
 448	 448	  80	   1	 519	   2	   1	   9	  19	  28	  30	  80	  70	 491	1048810	1049329	   0	 520	
 449	 449	  30	   4	 456	   1	   2	  10	  19	  28	  30	  80	  70	 542	1051177	1051633	   0	 520	
 450	 450	  70	   1	 565	   3	   1	  10	  19	  29	  30	  80	  70	 324	1053260	1053825	   0	 530	
 451	 451	  30	   3	 507	   1	   2	  11	  19	  29	  30	  80	  70	 393	1055526	1056033	   0	 530	
 452	 452	  80	   1	 611	   2	   1	  11	  20	  29	  30	  80	  70	 388	1057726	1058337	   0	 540	
 453	 453	  70	   1	 505	   3	   1	  11	  20	  30	  30	  80	  70	 334	1059976	1060481	   0	 550	
 454	 454	  80	   1	 411	   2	   1	  11	  21	  30	  30	  80	  70	 545	1062326	1062737	   0	 560	
 455	 455	  30	   4	 552	   1	   2	  12	  21	  30	  30	  80	  70	 364	1064393	1064945	   0	 560	
 456	 456	  80	   1	 643	   2	   1	  12	  22	  30	  30	  80	  70	 666	1066926	1067569	   0	 570	
 457	 457	  70	   1	 474	   3	   1	  12	  22	  31	  30	  80	  70	 698	1069559	1070033	   0	 580	
 458	 458	  30	   4	 489	   1	   2	  13	  22	  31	  30	  80	  70	 633	1071976	1072465	   0	 580	
 459	 459	  70	   1	 374	   3	   1	  13	  22	  32	  30	  80	  70	 659	1074426	1074800	   0	 590	
 460	 460	  30	   3	 671	   1	   2	  14	  22	  32	  30	  80	  70	 488	1076593	1077264	   0	 590	
 461	 461	  80	   1	 407	   2	   1	  14	  23	  32	  30	  80	  70	 605	1079193	1079600	   0	 600	
 462	 462	  70	   1	 557	   3	   1	  14	  23	  33	  30	  80	  70	 542	1081443	1082000	   0	 610	
 463	 463	  30	   2	 770	   1	   1	  15	  23	  33	  30	  80	  70	 442	1083742	1084512	   0	 600	
 464	 464	  80	   1	 644	   2	   1	  15	  24	  33	  30	  80	  70	 661	1086476	1087120	   0	 610	
 465	 465	  30	   4	 775	   1	   2	  16	  24	  33	  30	  80	  70	 398	1088809	1089584	   0	 610	
 466	 466	  70	   2	 520	   3	   1	  16	  24	  34	  30	  80	  70	 300	1091192	1091712	   0	 600	
 467	 467	  80	   2	 403	   2	   1	  16	  25	  34	  30	  80	  70	 685	1093709	1094112	   0	 590	
 468	 468	  70	   1	 436	   3	   1	  16	  25	  35	  30	  80	  70	 664	1096076	1096512	   0	 600	
 469	 469	  30	   3	 519	   1	   2	  17	  25	  35	  30	  80	  70	 601	1098425	1098944	   0	 600	
 470	 470	  80	   1	 413	   2	   1	  17	  26	  35	  30	  80	  70	 429	1100675	1101088	   0	 610	
 471	 471	  30	   4	 486	   1	   2	  18	  26	  35	  30	  80	  70	 445	1102842	1103328	   0	 610	
 472	 472	  50	   2	 355	   3	   1	  18	  26	   1	  30	  80	  50	 655	1105309	1105664	   3	 600	
 473	 473	  30	   4	 521	   1	   2	  19	  26	   1	  30	  80	  50	 607	1107575	1108096	   0	 600	
 474	 474	  80	   1	 444	   2	   1	  19	  27	   1	  30	  80	  50	 496	1109892	1110336	   0	 610	
 475	 475	  30	   4	 627	   1	   2	  20	  27	   1	  30	  80	  50	 474	1112109	1112736	   0	 610	
 476	 476	  50	   3	 692	   3	   2	  20	  27	   2	  30	  80	  50	 456	1114492	1115184	   0	 610	
 477	 477	  80	   1	 404	   2	   1	  20	  28	   2	  30	  80	  50	 428	1116908	1117312	   0	 620	
 478	 478	  50	   4	 371	   3	   2	  20	  28	   3	  30	  80	  50	 689	1119308	1119679	   0	 620	
 479	 479	  80	   2	 500	   2	   1	  20	  29	   3	  30	  80	  50	 685	1121675	1122175	   0	 610	
 480	 480	  30	   4	 478	   1	   2	  21	  29	   3	  30	  80	  50	 347	1123825	1124303	   0	 610	
 481	 481	  50	   2	 530	   3	   1	  21	  29	   4	  30	  80	  50	 503	1126125	1126655	   0	 600	
 482	 482	  80	   1	 353	   2	   1	  21	  30	   4	  30	  80	  50	 607	1128558	1128911	   0	 610	
 483	 483	  50	   3	 600	   3	   2	  21	  30	   5	  30	  80	  50	 573	1130791	1131391	   0	 610	
 484	 484	  20	   1	 496	   2	   1	  21	   1	   5	  30	  20	  50	 670	1133391	1133887	   2	 620	
 485	 485	  30	   3	 540	   1	   2	  22	   1	   5	  30	  20	  50	 690	1135875	1136415	   0	 620	
 486	 486	  20	   4	 525	   2	   2	  22	   2	   5	  30	  20	  50	 540	1138258	1138783	   0	 620	
 487	 487	  50	   1	 576	   3	   1	  22	   2	   6	  30	  20	  50	 499	1140591	1141167	   0	 630	
 488	 488	  20	   4	 614	   2	   2	  22	   3	   6	  30	  20	  50	 374	1142841	1143455	   0	 630	
 489	 489	  30	   3	 621	   1	   2	  23	   3	   6	  30	  20	  50	 321	1145074	1145695	   0	 630	
 490	 490	  50	   1	 400	   3	   1	  23	   3	   7	  30	  20	  50	 384	1147391	1147791	   0	 640	
 491	 491	  30	   4	 605	   1	   2	  24	   3	   7	  30	  20	  50	 340	1149458	1150063	   0	 640	
 492	 492	  50	   3	 707	   3	   2	  24	   3	   8	  30	  20	  50	 341	1151708	1152415	   0	 640	
 493	 493	  20	   1	 573	   2	   1	  24	   4	   8	  30	  20	  50	 533	1154258	1154831	   0	 650	
 494	 494	  50	   2	 531	   3	   1	  24	   4	   9	  30	  20	  50	 378	1156508	1157039	   0	 640	
 495	 495	  30	   4	 500	   1	   2	  25	   4	   9	  30	  20	  50	 578	1158907	1159407	   0	 640	
 496	 496	  20	   2	 527	   2	   1	  25	   5	   9	  30	  20	  50	 302	1161024	1161551	   0	 630	
 497	 497	  50	   4	 608	   3	   2	  25	   5	  10	  30	  20	  50	 551	1163407	1164015	   0	 630	
 498	 498	  30	   4	 598	   1	   2	  26	   5	  10	  30	  20	  50	 339	1165657	1166255	   0	 630	
 499	 499	  50	   3	 479	   3	   2	  26	   5	  11	  30	  20	  50	 646	1168191	1168670	   0	 630	
 500	 500	  30	   4	 607	   1	   2	  27	   5	  11	  30	  20	  50	 635	1170607	1171214	   0	 630	
 501	 501	  50	   2	 554	   3	   1	  27	   5	  12	  30	  20	  50	 586	1173124	1173678	   0	 620	
 502	 502	  20	   2	 556	   2	   1	  27	   6	  12	  30	  20	  50	 505	1175490	1176046	   0	 610	
 503	 503	  30	   3	 532	   1	   2	  28	   6	  12	  30	  20	  50	 348	1177690	1178222	   0	 610	
 504	 504	  50	   1	 654	   3	   1	  28	   6	  13	  30	  20	  50	 304	1179824	1180478	   0	 620	
 505	 505	  30	   4	 573	   1	   2	  29	   6	  13	  30	  20	  50	 482	1182257	1182830	   0	 620	
 506	 506	  20	   2	 580	   2	   1	  29	   7	  13	  30	  20	  50	 365	1184490	1185070	   0	 610	
 507	 507	  50	   1	 540	   3	   1	  29	   7	  14	  30	  20	  50	 321	1186690	1187230	   0	 620	
 508	 508	  20	   2	 852	   2	   1	  29	   8	  14	  30	  20	  50	 341	1188874	1189726	   0	 610	
 509	 509	  50	   2	 406	   3	   1	  29	   8	  15	  30	  20	  50	 614	1191640	1192046	   0	 600	
 510	 510	  30	   4	 426	   1	   2	  30	   8	  15	  30	  20	  50	 593	1193940	1194366	   0	 600	
 511	 511	  50	   2	 557	   3	   1	  30	   8	  16	  30	  20	  50	 591	1196273	1196830	   0	 590	
 512	 512	  30	   4	 621	   1	   2	  31	   8	  16	  30	  20	  50	 536	1198673	1199294	   0	 590	
 513	 513	  20	   4	 423	   2	   2	  31	   9	  16	  30	  20	  50	 606	1201207	1201630	   0	 590	
 514	 514	  30	   4	 577	   1	   2	  32	   9	  16	  30	  20	  50	 438	1203373	1203950	   0	 590	
 515	 515	  50	   1	 512	   3	   1	  32	   9	  17	  30	  20	  50	 552	1205806	1206318	   0	 600	
 516	 516	  30	   4	 462	   1	   2	  33	   9	  17	  30	  20	  50	 628	1208240	1208702	   0	 600	
 517	 517	  20	   4	 412	   2	   2	  33	  10	  17	  30	  20	  50	 699	1210706	1211118	   0	 600	
 518	 518	  50	   2	 501	   3	   1	  33	  10	  18	  30	  20	  50	 425	1212840	1213341	   0	 590	
 519	 519	  20	   4	 401	   2	   2	  33	  11	  18	  30	  20	  50	 690	1215340	1215741	   0	 590	
 520	 520	  80	   4	 545	   1	   2	   1	  11	  18	  80	  20	  50	 698	1217756	1218301	   1	 590	
 521	 521	  20	   4	 574	   2	   2	   1	  12	  18	  80	  20	  50	 619	1220239	1220813	   0	 590	
 522	 522	  50	   1	 674	   3	   1	   1	  12	  19	  80	  20	  50	 409	1222523	1223197	   0	 600	
 523	 523	  80	   3	 408	   1	   2	   2	  12	  19	  80	  20	  50	 694	1225189	1225597	   0	 600	
 524	 524	  50	   2	 578	   3	   1	   2	  12	  20	  80	  20	  50	 438	1227339	1227917	   0	 590	
 525	 525	  80	   3	 402	   1	   2	   3	  12	  20	  80	  20	  50	 503	1229723	1230125	   0	 590	
 526	 526	  50	   2	 538	   3	   1	   3	  12	  21	  80	  20	  50	 505	1231939	1232477	   0	 580	
 527	 527	  80	   2	 483	   1	   1	   4	  12	  21	  80	  20	  50	 316	1234106	1234589	   0	 570	
 528	 528	  50	   2	 521	   3	   1	   4	  12	  22	  80	  20	  50	 466	1236372	1236893	   0	 560	
 529	 529	  80	   1	 497	   1	   1	   5	  12	  22	  80	  20	  50	 365	1238556	1239053	   0	 570	
 530	 530	  50	   3	 585	   3	   2	   5	  12	  23	  80	  20	  50	 432	1240772	1241357	   0	 570	
 531	 531	  80	   1	 425	   1	   1	   6	  12	  23	  80	  20	  50	 497	1243172	1243597	   0	 580	
 532	 532	  50	   1	 647	   3	   1	   6	  12	  24	  80	  20	  50	 310	1245206	1245853	   0	 590	
 533	 533	  80	   3	 517	   1	   2	   7	  12	  24	  80	  20	  50	 511	1247656	1248173	   0	 590	
 534	 534	  20	   2	 600	   2	   1	   7	  13	  24	  80	  20	  50	 524	1250005	1250605	   0	 580	
 535	 535	  50	   1	 484	   3	   1	   7	  13	  25	  80	  20	  50	 569	1252489	1252973	   0	 590	
 536	 536	  20	   1	 390	   2	   1	   7	  14	  25	  80	  20	  50	 579	1254855	1255245	   0	 600	
 537	 537	  80	   3	 521	   1	   2	   8	  14	  25	  80	  20	  50	 607	1257155	1257676	   0	 600	
 538	 538	  50	   1	 544	   3	   1	   8	  14	  26	  80	  20	  50	 394	1259372	1259916	   0	 610	
 539	 539	  20	   4	 555	   2	   2	   8	  15	  26	  80	  20	  50	 694	1261905	1262460	   0	 610	
 540	 540	  50	   2	 351	   3	   1	   8	  15	  27	  80	  20	  50	 421	1264189	1264540	   0	 600	
 541	 541	  20	   1	 497	   2	   1	   8	  16	  27	  80	  20	  50	 697	1266555	1267052	   0	 610	
 542	 542	  50	   2	 443	   3	   1	   8	  16	  28	  80	  20	  50	 358	1268705	1269148	   0	 600	
 543	 543	  20	   2	 354	   2	   1	   8	  17	  28	  80	  20	  50	 467	1270922	1271276	   0	 590	
 544	 544	  80	   3	 333	   1	   2	   9	  17	  28	  80	  20	  50	 469	1273055	1273388	   0	 590	
 545	 545	  20	   4	 493	   2	   2	   9	  18	  28	  80	  20	  50	 357	1275055	1275548	   0	 590	
 546	 546	  50	   1	 388	   3	   1	   9	  18	  29	  80	  20	  50	 445	1277288	1277676	   0	 600	
 547	 547	  20	   2	 438	   2	   1	   9	  19	  29	  80	  20	  50	 662	1279638	1280076	   0	 590	
 548	 548	  80	   3	 375	   1	   2	  10	  19	  29	  80	  20	  50	 630	1282005	1282380	   0	 590	
 549	 549	  50	   2	 423	   3	   1	  10	  19	  30	  80	  20	  50	 330	1284005	1284428	   0	 580	
 550	 550	  20	   2	 755	   2	   1	  10	  20	  30	  80	  20	  50	 391	1286121	1286876	   0	 570	
 551	 551	  80	   1	 537	   1	   1	  11	  20	  30	  80	  20	  50	 564	1288755	1289292	   0	 580	
 552	 552	  20	   2	 529	   2	   1	  11	  21	  30	  80	  20	  50	 381	1290971	1291500	   0	 570	
 553	 553	  80	   1	 439	   1	   1	  12	  21	  30	  80	  20	  50	 406	1293205	1293644	   0	 580	
 554	 554	  50	   1	 564	   3	   1	  12	  21	  31	  80	  20	  50	 335	1295288	1295852	   0	 590	
 555	 555	  20	   1	 595	   2	   1	  12	  22	  31	  80	  20	  50	 575	1297721	1298316	   0	 600	
 556	 556	  50	   2	 579	   3	   1	  12	  22	  32	  80	  20	  50	 504	1300121	1300700	   0	 590	
 557	 557	  80	   1	 360	   1	   1	  13	  22	  32	  80	  20	  50	 382	1302371	1302731	   0	 600	
 558	 558	  50	   2	 407	   3	   1	  13	  22	  33	  80	  20	  50	 352	1304388	1304795	   0	 590	
 559	 559	  80	   2	 369	   1	   1	  14	  22	  33	  80	  20	  50	 449	1306554	1306923	   0	 580	
 560	 560	  30	   2	 587	   3	   1	  14	  22	   1	  80	  20	  30	 438	1308688	1309275	   3	 570	
 561	 561	  80	   1	 412	   1	   1	  15	  22	   1	  80	  20	  30	 490	1311087	1311499	   0	 580	
 562	 562	  20	   2	 476	   2	   1	  15	  23	   1	  80	  20	  30	 684	1313487	1313963	   0	 570	
 563	 563	  30	   2	 467	   3	   1	  15	  23	   2	  80	  20	  30	 447	1315704	1316171	   0	 560	
 564	 564	  20	   2	 526	   2	   1	  15	  24	   2	  80	  20	  30	 336	1317821	1318347	   0	 550	
 565	 565	  80	   2	 470	   1	   1	  16	  24	   2	  80	  20	  30	 383	1320037	1320507	   0	 540	
 566	 566	  20	   4	 392	   2	   2	  16	  25	   2	  80	  20	  30	 564	1322371	1322763	   0	 540	
 567	 567	  80	   1	 476	   1	   1	  17	  25	   2	  80	  20	  30	 616	1324687	1325163	   0	 550	
 568	 568	  30	   4	 398	   3	   2	  17	  25	   3	  80	  20	  30	 573	1327037	1327435	   0	 550	
 569	 569	  20	   2	 653	   2	   1	  17	  26	   3	  80	  20	  30	 324	1329054	1329707	   0	 540	
 570	 570	  80	   1	 457	   1	   1	  18	  26	   3	  80	  20	  30	 534	1331554	1332011	   0	 550	
 571	 571	  20	   4	 354	   2	   2	  18	  27	   3	  80	  20	  30	 398	1333737	1334091	   0	 550	
 572	 572	  80	   1	 684	   1	   1	  19	  27	   3	  80	  20	  30	 498	1335887	1336571	   0	 560	
 573	 573	  30	   4	 591	   3	   2	  19	  27	   4	  80	  20	  30	 336	1338220	1338811	   0	 560	
 574	 574	  20	   1	 497	   2	   1	  19	  28	   4	  80	  20	  30	 438	1340554	1341051	   0	 570	
 575	 575	  30	   3	 407	   3	   2	  19	  28	   5	  80	  20	  30	 466	1342820	1343227	   0	 570	
 576	 576	  20	   4	 458	   2	   2	  19	  29	   5	  80	  20	  30	 615	1345137	1345595	   0	 570	
 577	 577	  80	   1	 367	   1	   1	  20	  29	   5	  80	  20	  30	 508	1347403	1347770	   0	 580	
 578	 578	  20	   4	 745	   2	   2	  20	  30	   5	  80	  20	  30	 476	1349553	1350298	   0	 580	
 579	 579	  30	   4	 551	   3	   2	  20	  30	   6	  80	  20	  30	 402	1352003	1352554	   0	 580	
 580	 580	  20	   4	 543	   2	   2	  20	  31	   6	  80	  20	  30	 341	1354203	1354746	   0	 580	
 581	 581	  80	   1	 581	   1	   1	  21	  31	   6	  80	  20	  30	 375	1356437	1357018	   0	 590	
 582	 582	  20	   4	 476	   2	   2	  21	  32	   6	  80	  20	  30	 377	1358686	1359162	   0	 590	
 583	 583	  30	   3	 514	   3	   2	  21	  32	   7	  80	  20	  30	 460	1360920	1361434	   0	 590	
 584	 584	  20	   4	 889	   2	   2	  21	  33	   7	  80	  20	  30	 426	1363153	1364042	   0	 590	
 585	 585	  30	   4	 597	   3	   2	  21	  33	   8	  80	  20	  30	 300	1365653	1366250	   0	 590	
 586	 586	  80	   2	 716	   1	   1	  22	  33	   8	  80	  20	  30	 348	1367886	1368602	   0	 580	
 587	 587	  30	   4	 382	   3	   2	  22	  33	   9	  80	  20	  30	 310	1370220	1370602	   0	 580	
 588	 588	  80	   3	 460	   1	   2	  23	  33	   9	  80	  20	  30	 374	1372286	1372746	   0	 580	
 589	 589	  20	   4	 563	   2	   2	  23	  34	   9	  80	  20	  30	 460	1374503	1375066	   0	 580	
 590	 590	  30	   3	 397	   3	   2	  23	  34	  10	  80	  20	  30	 690	1377053	1377450	   0	 580	
 591	 591	  80	   1	 342	   1	   1	  24	  34	  10	  80	  20	  30	 461	1379236	1379578	   0	 590	
 592	 592	  20	   4	 367	   2	   2	  24	  35	  10	  80	  20	  30	 542	1381419	1381786	   0	 590	
 593	 593	  80	   1	 425	   1	   1	  25	  35	  10	  80	  20	  30	 469	1383569	1383994	   0	 600	
 594	 594	  70	   1	 674	   2	   1	  25	   1	  10	  80	  70	  30	 421	1385736	1386410	   2	 610	
 595	 595	  80	   1	 558	   1	   1	  26	   1	  10	  80	  70	  30	 518	1388236	1388794	   0	 620	
 596	 596	  30	   4	 458	   3	   2	  26	   1	  11	  80	  70	  30	 664	1390752	1391210	   0	 620	
 597	 597	  80	   1	 728	   1	   1	  27	   1	  11	  80	  70	  30	 684	1393202	1393930	   0	 630	
 598	 598	  70	   3	 391	   2	   2	  27	   2	  11	  80	  70	  30	 375	1395602	1395993	   0	 630	
 599	 599	  80	   2	 625	   1	   1	  28	   2	  11	  80	  70	  30	 462	1397752	1398377	   0	 620	
 600	 600	  30	   4	 357	   3	   2	  28	   2	  12	  80	  70	  30	 355	1400036	1400393	   0	 620	
 601	 601	  80	   1	 374	   1	   1	  29	   2	  12	  80	  70	  30	 691	1402419	1402793	   0	 630	
 602	 602	  70	   1	 381	   2	   1	  29	   3	  12	  80	  70	  30	 561	1404652	1405033	   0	 640	
 603	 603	  30	   4	 481	   3	   2	  29	   3	  13	  80	  70	  30	 629	1406952	1407433	   0	 640	
 604	 604	  70	   1	 535	   2	   1	  29	   4	  13	  80	  70	  30	 476	1409202	1409737	   0	 650	
 605	 605	  30	   4	 432	   3	   2	  29	   4	  14	  80	  70	  30	 333	1411385	1411817	   0	 650	
 606	 606	  70	   2	 481	   2	   1	  29	   5	  14	  80	  70	  30	 644	1413752	1414233	   0	 640	
 607	 607	  30	   3	 526	   3	   2	  29	   5	  15	  80	  70	  30	 313	1415835	1416361	   0	 640	
 608	 608	  70	   1	 479	   2	   1	  29	   6	  15	  80	  70	  30	 544	1418202	1418681	   0	 650	
 609	 609	  30	   4	 430	   3	   2	  29	   6	  16	  80	  70	  30	 655	1420635	1421065	   0	 650	
 610	 610	  80	   1	 424	   1	   1	  30	   6	  16	  80	  70	  30	 425	1422785	1423209	   0	 660	
 611	 611	  70	   2	 356	   2	   1	  30	   7	  16	  80	  70	  30	 341	1424885	1425241	   0	 650	
 612	 612	  30	   4	 387	   3	   2	  30	   7	  17	  80	  70	  30	 375	1426918	1427305	   0	 650	
 613	 613	  70	   1	 414	   2	   1	  30	   8	  17	  80	  70	  30	 428	1429035	1429449	   0	 660	
 614	 614	  50	   4	 533	   1	   2	   1	   8	  17	  50	  70	  30	 494	1431252	1431785	   1	 660	
 615	 615	  70	   1	 580	   2	   1	   1	   9	  17	  50	  70	  30	 605	1433701	1434281	   0	 670	
 616	 616	  30	   4	 470	   3	   2	   1	   9	  18	  50	  70	  30	 453	1436035	1436505	   0	 670	
 617	 617	  50	   4	 381	   1	   2	   2	   9	  18	  50	  70	  30	 464	1438268	1438649	   0	 670	
 618	 618	  30	   3	 447	   3	   2	   2	   9	  19	  50	  70	  30	 647	1440585	1441032	   0	 670	
 619	 619	  70	   4	 582	   2	   2	   2	  10	  19	  50	  70	  30	 483	1442818	1443400	   0	 670	
 620	 620	  30	   3	 507	   3	   2	   2	  10	  20	  50	  70	  30	 398	1445101	1445608	   0	 670	
 621	 621	  70	   1	 536	   2	   1	   2	  11	  20	  50	  70	  30	 618	1447568	1448104	   0	 680	
 622	 622	  50	   4	 458	   1	   2	   3	  11	  20	  50	  70	  30	 503	1449918	1450376	   0	 680	
 623	 623	  70	   1	 624	   2	   1	   3	  12	  20	  50	  70	  30	 499	1452184	1452808	   0	 690	
 624	 624	  50	   3	 550	   1	   2	   4	  12	  20	  50	  70	  30	 320	1454434	1454984	   0	 690	
 625	 625	  30	   3	 452	   3	   2	   4	  12	  21	  50	  70	  30	 586	1456884	1457336	   0	 690	
 626	 626	  70	   1	 638	   2	   1	   4	  13	  21	  50	  70	  30	 398	1459034	1459672	   0	 700	
 627	 627	  50	   3	 580	   1	   2	   5	  13	  21	  50	  70	  30	 698	1461668	1462248	   0	 700	
 628	 628	  30	   4	 484	   3	   2	   5	  13	  22	  50	  70	  30	 535	1464084	1464568	   0	 700	
 629	 629	  50	   2	 514	   1	   1	   6	  13	  22	  50	  70	  30	 651	1466534	1467048	   0	 690	
 630	 630	  70	   1	 508	   2	   1	   6	  14	  22	  50	  70	  30	 345	1468684	1469192	   0	 700	
 631	 631	  30	   4	 465	   3	   2	   6	  14	  23	  50	  70	  30	 420	1470951	1471416	   0	 700	
 632	 632	  50	   1	 377	   1	   1	   7	  14	  23	  50	  70	  30	 457	1473167	1473544	   0	 710	
 633	 633	  70	   2	 549	   2	   1	   7	  15	  23	  50	  70	  30	 426	1475267	1475816	   0	 700	
 634	 634	  30	   4	 409	   3	   2	   7	  15	  24	  50	  70	  30	 439	1477551	1477960	   0	 700	
 635	 635	  50	   1	 330	   1	   1	   8	  15	  24	  50	  70	  30	 688	1479950	1480280	   0	 710	
 636	 636	  30	   4	 571	   3	   2	   8	  15	  25	  50	  70	  30	 337	1481917	1482488	   0	 710	
 637	 637	  50	   3	 545	   1	   2	   9	  15	  25	  50	  70	  30	 380	1484167	1484712	   0	 710	
 638	 638	  30	   4	 647	   3	   2	   9	  15	  26	  50	  70	  30	 373	1486384	1487031	   0	 710	
 639	 639	  70	   1	 594	   2	   1	   9	  16	  26	  50	  70	  30	 583	1488917	1489511	   0	 720	
 640	 640	  50	   4	 365	   1	   2	  10	  16	  26	  50	  70	  30	 637	1491450	1491815	   0	 720	
 641	 641	  70	   1	 713	   2	   1	  10	  17	  26	  50	  70	  30	 391	1493534	1494247	   0	 730	
 642	 642	  30	   3	 510	   3	   2	  10	  17	  27	  50	  70	  30	 693	1496233	1496743	   0	 730	
 643	 643	  50	   1	 389	   1	   1	  11	  17	  27	  50	  70	  30	 404	1498450	1498839	   0	 740	
 644	 644	  70	   1	 519	   2	   1	  11	  18	  27	  50	  70	  30	 655	1500800	1501319	   0	 750	
 645	 645	  30	   4	 508	   3	   2	  11	  18	  28	  50	  70	  30	 445	1503067	1503575	   0	 750	
 646	 646	  70	   2	 646	   2	   1	  11	  19	  28	  50	  70	  30	 358	1505233	1505879	   0	 740	
 647	 647	  50	   2	 332	   1	   1	  12	  19	  28	  50	  70	  30	 688	1507867	1508199	   0	 730	
 648	 648	  30	   4	 513	   3	   2	  12	  19	  29	  50	  70	  30	 665	1510166	1510679	   0	 730	
 649	 649	  50	   2	 391	   1	   1	  13	  19	  29	  50	  70	  30	 437	1512416	1512807	   0	 720	
 650	 650	  30	   3	 423	   3	   2	  13	  19	  30	  50	  70	  30	 300	1514416	1514839	   0	 720	
 651	 651	  70	   2	 521	   2	   1	  13	  20	  30	  50	  70	  30	 580	1516750	1517271	   0	 710	
 652	 652	  30	   4	 537	   3	   2	  13	  20	   1	  50	  70	  30	 583	1519166	1519703	   0	 710	
 653	 653	  50	   1	 443	   1	   1	  14	  20	   1	  50	  70	  30	 507	1521516	1521959	   0	 720	
 654	 654	  70	   2	 579	   2	   1	  14	  21	   1	  50	  70	  30	 439	1523700	1524279	   0	 710	
 655	 655	  50	   1	 504	   1	   1	  15	  21	   1	  50	  70	  30	 430	1525999	1526503	   0	 720	
 656	 656	  70	   3	 928	   2	   2	  15	  22	   1	  50	  70	  30	 389	1528199	1529127	   0	 720	
 657	 657	  30	   4	 632	   3	   2	  15	  22	   2	  50	  70	  30	 378	1530799	1531431	   0	 720	
 658	 658	  50	   2	 539	   1	   1	  16	  22	   2	  50	  70	  30	 380	1533099	1533638	   0	 710	
 659	 659	  30	   4	 795	   3	   2	  16	  22	   3	  50	  70	  30	 557	1535499	1536294	   0	 710	
 660	 660	  70	   3	 533	   2	   2	  16	  23	   3	  50	  70	  30	 457	1538049	1538582	   0	 710	
 661	 661	  30	   4	 552	   3	   2	  16	  23	   4	  50	  70	  30	 464	1540382	1540934	   0	 710	
 662	 662	  70	   1	 330	   2	   1	  16	  24	   4	  50	  70	  30	 471	1542716	1543046	   0	 720	
 663	 663	  30	   3	 471	   3	   2	  16	  24	   5	  50	  70	  30	 450	1544799	1545270	   0	 720	
 664	 664	  70	   1	 621	   2	   1	  16	  25	   5	  50	  70	  30	 468	1547049	1547670	   0	 730	
 665	 665	  50	   1	 618	   1	   1	  17	  25	   5	  50	  70	  30	 548	1549516	1550134	   0	 740	
 666	 666	  30	   4	 612	   3	   2	  17	  25	   6	  50	  70	  30	 632	1552066	1552678	   0	 740	
 667	 667	  70	   1	 598	   2	   1	  17	  26	   6	  50	  70	  30	 443	1554416	1555014	   0	 750	
 668	 668	  30	   3	 773	   3	   2	  17	  26	   7	  50	  70	  30	 543	1556849	1557622	   0	 750	
 669	 669	  50	   2	 641	   1	   1	  18	  26	   7	  50	  70	  30	 427	1559349	1559990	   0	 740	
 670	 670	  70	   2	 573	   2	   1	  18	  27	   7	  50	  70	  30	 581	1561865	1562438	   0	 730	
 671	 671	  50	   1	 520	   1	   1	  19	  27	   7	  50	  70	  30	 604	1564382	1564902	   0	 740	
 672	 672	  30	   4	 477	   3	   2	  19	  27	   8	  50	  70	  30	 456	1566665	1567142	   0	 740	
 673	 673	  70	   1	 481	   2	   1	  19	  28	   8	  50	  70	  30	 511	1568949	1569430	   0	 750	
 674	 674	  30	   4	 470	   3	   2	  19	  28	   9	  50	  70	  30	 500	1571232	1571702	   0	 750	
 675	 675	  50	   4	 684	   1	   2	  20	  28	   9	  50	  70	  30	 493	1573498	1574182	   0	 750	
 676	 676	  70	   1	 571	   2	   1	  20	  29	   9	  50	  70	  30	 407	1575898	1576469	   0	 760	
 677	 677	  30	   3	 436	   3	   2	  20	  29	  10	  50	  70	  30	 696	1578465	1578901	   0	 760	
 678	 678	  50	   1	 336	   1	   1	  21	  29	  10	  50	  70	  30	 359	1580565	1580901	   0	 770	
 679	 679	  70	   2	 427	   2	   1	  21	  30	  10	  50	  70	  30	 494	1582698	1583125	   0	 760	
 680	 680	  50	   1	 531	   1	   1	  22	  30	  10	  50	  70	  30	 451	1584882	1585413	   0	 770	
 681	 681	  30	   4	 659	   3	   2	  22	  30	  11	  50	  70	  30	 552	1587298	1587957	   0	 770	
 682	 682	  50	   1	 576	   1	   1	  23	  30	  11	  50	  70	  30	 519	1589781	1590357	   0	 780	
 683	 683	  30	   4	 553	   3	   2	  23	  30	  12	  50	  70	  30	 685	1592348	1592901	   0	 780	
 684	 684	  50	   2	 608	   1	   1	  24	  30	  12	  50	  70	  30	 380	1594581	1595189	   0	 770	
 685	 685	  70	   1	 644	   2	   1	  24	  31	  12	  50	  70	  30	 387	1596881	1597525	   0	 780	
 686	 686	  50	   4	 441	   1	   2	  25	  31	  12	  50	  70	  30	 324	1599148	1599589	   0	 780	
 687	 687	  70	   1	 658	   2	   1	  25	  32	  12	  50	  70	  30	 441	1601331	1601989	   0	 790	
 688	 688	  50	   4	 595	   1	   2	  26	  32	  12	  50	  70	  30	 409	1603698	1604293	   0	 790	
 689	 689	  30	   4	1035	   3	   2	  26	  32	  13	  50	  70	  30	 322	1605914	1606949	   0	 790	
 690	 690	  50	   2	 529	   1	   1	  27	  32	  13	  50	  70	  30	 690	1608948	1609477	   0	 780	
 691	 691	  30	   4	 522	   3	   2	  27	  32	  14	  50	  70	  30	 323	1611131	1611653	   0	 780	
 692	 692	  70	   1	 752	   2	   1	  27	  33	  14	  50	  70	  30	 430	1613381	1614133	   0	 790	
 693	 693	  30	   3	 481	   3	   2	  27	  33	  15	  50	  70	  30	 318	1615764	1616245	   0	 790	
 694	 694	  50	   1	 663	   1	   1	  28	  33	  15	  50	  70	  30	 469	1618014	1618677	   0	 800	
 695	 695	  70	   2	 333	   2	   1	  28	  34	  15	  50	  70	  30	 685	1620664	1620997	   0	 790	
 696	 696	  30	   4	 309	   3	   2	  28	  34	  16	  50	  70	  30	 534	1622847	1623156	   0	 790	
 697	 697	  50	   2	 464	   1	   1	  29	  34	  16	  50	  70	  30	 507	1624964	1625428	   0	 780	
 698	 698	  30	   4	 527	   3	   2	  29	  34	  17	  50	  70	  30	 664	1627381	1627908	   0	 780	
 699	 699	  50	   1	 687	   1	   1	  30	  34	  17	  50	  70	  30	 587	1629797	1630484	   0	 790	
 700	 700	  30	   4	 454	   3	   2	  30	  34	  18	  50	  70	  30	 617	1632414	1632868	   0	 790	
 701	 701	  70	   1	 324	   2	   1	  30	  35	  18	  50	  70	  30	 673	1634880	1635204	   0	 800	
 702	 702	  30	   3	 493	   3	   2	  30	  35	  19	  50	  70	  30	 546	1637047	1637540	   0	 800	
 703	 703	  50	   2	 368	   1	   1	  31	  35	  19	  50	  70	  30	 528	1639364	1639732	   0	 790	
 704	 704	  30	   3	 504	   3	   2	  31	  35	  20	  50	  70	  30	 527	1641564	1642068	   0	 790	
 705	 705	  50	   2	 374	   1	   1	  32	  35	  20	  50	  70	  30	 637	1644014	1644388	   0	 780	
 706	 706	  70	   1	 418	   2	   1	  32	   1	  20	  50	  70	  30	 446	1646130	1646548	   0	 790	
 707	 707	  50	   3	 494	   1	   2	  33	   1	  20	  50	  70	  30	 379	1648230	1648724	   0	 790	
 708	 708	  30	   3	 319	   3	   2	  33	   1	  21	  50	  70	  30	 585	1650613	1650932	   0	 790	
 709	 709	  50	   2	 646	   1	   1	   1	   1	  21	  50	  70	  30	 588	1652830	1653476	   0	 780	
