Version: 1	Number of symbols: 3	Pictures exchange: true	Response Deadline: 2000
Trial_No	Virt_Trial_No	Prob_Shown	Feedback	RT	Stimulus_No	Resp	SymbolA_Stage	SymbolB_Stage	SymbolC_Stage	Prob_A	Prob_B	Prob_C	Jitter	StimOnset	RespOnset	Symbol_Changes	Bonus_sum
   1	   1	  30	   4	1073	   1	   2	   1	   0	   0	  30	  70	  50	 486	1699	2772	   0	   0	
   2	   2	  50	   4	 484	   3	   2	   1	   0	   1	  30	  70	  50	 365	4448	4932	   0	   0	
   3	   3	  30	   4	 368	   1	   2	   2	   0	   1	  30	  70	  50	 319	6564	6932	   0	   0	
   4	   4	  50	   3	 287	   3	   2	   2	   0	   2	  30	  70	  50	 349	8597	8884	   0	   0	
   5	   5	  70	   3	 259	   2	   2	   2	   1	   2	  30	  70	  50	 332	10529	10788	   0	   0	
   6	   6	  30	   4	 195	   1	   2	   3	   1	   2	  30	  70	  50	 443	12529	12724	   0	   0	
   7	   7	  50	   4	 135	   3	   2	   3	   1	   3	  30	  70	  50	 418	14445	14580	   0	   0	
   8	   8	  70	   3	  51	   2	   2	   3	   2	   3	  30	  70	  50	 694	16577	16628	   0	   0	
   9	   9	  50	   4	 135	   3	   2	   3	   2	   4	  30	  70	  50	 551	18493	18628	   0	   0	
  10	  10	  30	   3	 215	   1	   2	   4	   2	   4	  30	  70	  50	 552	20493	20708	   0	   0	
  11	  11	  50	   1	 494	   3	   1	   4	   2	   5	  30	  70	  50	 699	22742	23236	   0	  10	
  12	  12	  70	   3	 330	   2	   2	   4	   3	   5	  30	  70	  50	 330	24858	25188	   0	  10	
  13	  13	  50	   4	 296	   3	   2	   4	   3	   6	  30	  70	  50	 442	26940	27236	   0	  10	
  14	  14	  70	   4	 127	   2	   2	   4	   4	   6	  30	  70	  50	 649	29189	29316	   0	  10	
  15	  15	  50	   3	 280	   3	   2	   4	   4	   7	  30	  70	  50	 332	30956	31236	   0	  10	
  16	  16	  30	   3	  33	   1	   2	   5	   4	   7	  30	  70	  50	 625	33171	33204	   0	  10	
  17	  17	  70	   4	 317	   2	   2	   5	   5	   7	  30	  70	  50	 363	34871	35188	   0	  10	
  18	  18	  50	   3	 251	   3	   2	   5	   5	   8	  30	  70	  50	 447	36937	37188	   0	  10	
  19	  19	  70	   3	   2	   2	   2	   5	   6	   8	  30	  70	  50	 691	39186	39188	   0	  10	
  20	  20	  30	   4	 219	   1	   2	   6	   6	   8	  30	  70	  50	 464	40952	41171	   0	  10	
  21	  21	  50	   4	 218	   3	   2	   6	   6	   9	  30	  70	  50	 496	42985	43203	   0	  10	
  22	  22	  30	   4	 152	   1	   2	   7	   6	   9	  30	  70	  50	 545	45051	45203	   0	  10	
  23	  23	  50	   3	 269	   3	   2	   7	   6	  10	  30	  70	  50	 433	46950	47219	   0	  10	
  24	  24	  30	   4	 220	   1	   2	   8	   6	  10	  30	  70	  50	 470	48999	49219	   0	  10	
  25	  25	  70	   3	 306	   2	   2	   8	   7	  10	  30	  70	  50	 340	50865	51171	   0	  10	
  26	  26	  50	   3	  41	   3	   2	   8	   7	  11	  30	  70	  50	 638	53114	53155	   0	  10	
  27	  27	  30	   4	 326	   1	   2	   9	   7	  11	  30	  70	  50	 344	54797	55123	   0	  10	
  28	  28	  50	   4	 147	   3	   2	   9	   7	  12	  30	  70	  50	 448	56880	57027	   0	  10	
  29	  29	  70	   3	 317	   2	   2	   9	   8	  12	  30	  70	  50	 314	58646	58963	   0	  10	
  30	  30	  50	   3	 304	   3	   2	   9	   8	  13	  30	  70	  50	 324	60595	60899	   0	  10	
  31	  31	  70	   3	  23	   2	   2	   9	   9	  13	  30	  70	  50	 628	62844	62867	   0	  10	
  32	  32	  50	   1	 347	   3	   1	   9	   9	  14	  30	  70	  50	 577	64744	65091	   0	  20	
  33	  33	  30	   3	  31	   1	   2	  10	   9	  14	  30	  70	  50	 678	67076	67107	   0	  20	
  34	  34	  70	   4	 247	   2	   2	  10	  10	  14	  30	  70	  50	 476	68892	69139	   0	  20	
  35	  35	  30	   4	 268	   1	   2	  11	  10	  14	  30	  70	  50	 316	70775	71043	   0	  20	
  36	  36	  70	   3	 299	   2	   2	  11	  11	  14	  30	  70	  50	 469	72824	73123	   0	  20	
  37	  37	  50	   4	 164	   3	   2	  11	  11	  15	  30	  70	  50	 569	75007	75171	   0	  20	
  38	  38	  30	   3	 782	   1	   2	  12	  11	  15	  30	  70	  50	 698	77189	77971	   0	  20	
  39	  39	  70	   4	 300	   2	   2	  12	  12	  15	  30	  70	  50	 380	79655	79955	   0	  20	
  40	  40	  30	   4	 267	   1	   2	  13	  12	  15	  30	  70	  50	 412	81671	81938	   0	  20	
  41	  41	  50	   3	 232	   3	   2	  13	  12	  16	  30	  70	  50	 501	83770	84002	   0	  20	
  42	  42	  70	   3	 215	   2	   2	  13	  13	  16	  30	  70	  50	 497	85803	86018	   0	  20	
  43	  43	  30	   4	 215	   1	   2	  14	  13	  16	  30	  70	  50	 486	87819	88034	   0	  20	
  44	  44	  70	   3	 251	   2	   2	  14	  14	  16	  30	  70	  50	 389	89735	89986	   0	  20	
  45	  45	  50	   4	 303	   3	   2	  14	  14	  17	  30	  70	  50	 348	91651	91954	   0	  20	
  46	  46	  30	   4	  26	   1	   2	  15	  14	  17	  30	  70	  50	 546	93800	93826	   0	  20	
  47	  47	  70	   3	  95	   2	   2	  15	  15	  17	  30	  70	  50	 554	95683	95778	   0	  20	
  48	  48	  30	   3	 279	   1	   2	  16	  15	  17	  30	  70	  50	 427	97499	97778	   0	  20	
  49	  49	  70	   4	  31	   2	   2	  16	  16	  17	  30	  70	  50	 633	99731	99762	   0	  20	
  50	  50	  30	   4	 281	   1	   2	  17	  16	  17	  30	  70	  50	 408	101481	101762	   0	  20	
  51	  51	  70	   3	 301	   2	   2	  17	  17	  17	  30	  70	  50	 326	103413	103714	   0	  20	
  52	  52	  30	   4	 168	   1	   2	  18	  17	  17	  30	  70	  50	 520	105546	105714	   0	  20	
  53	  53	  70	   3	 229	   2	   2	  18	  18	  17	  30	  70	  50	 615	107645	107874	   0	  20	
  54	  54	  30	   3	 526	   1	   2	  19	  18	  17	  30	  70	  50	 652	109828	110354	   0	  20	
  55	  55	  70	   4	 306	   2	   2	  19	  19	  17	  30	  70	  50	 507	112160	112466	   0	  20	
  56	  56	  50	   4	 329	   3	   2	  19	  19	  18	  30	  70	  50	 628	114393	114722	   0	  20	
  57	  57	  30	   4	 311	   1	   2	  20	  19	  18	  30	  70	  50	 438	116459	116770	   0	  20	
  58	  58	  70	   3	 313	   2	   2	  20	  20	  18	  30	  70	  50	 368	118441	118754	   0	  20	
  59	  59	  50	   3	 162	   3	   2	  20	  20	  19	  30	  70	  50	 582	120640	120802	   0	  20	
  60	  60	  30	   4	 262	   1	   2	  21	  20	  19	  30	  70	  50	 420	122523	122785	   0	  20	
  61	  61	  50	   4	 261	   3	   2	  21	  20	  20	  30	  70	  50	 467	124572	124833	   0	  20	
  62	  62	  70	   3	 203	   2	   2	  21	  21	  20	  30	  70	  50	 689	126822	127025	   0	  20	
  63	  63	  50	   4	 202	   3	   2	  21	  21	  21	  30	  70	  50	 541	128871	129073	   0	  20	
  64	  64	  70	   4	 202	   2	   2	  21	  22	  21	  30	  70	  50	 510	130887	131089	   0	  20	
  65	  65	  50	   3	 136	   3	   2	  21	  22	  22	  30	  70	  50	 561	132953	133089	   0	  20	
  66	  66	  30	   3	 253	   1	   2	  22	  22	  22	  30	  70	  50	 451	134852	135105	   0	  20	
  67	  67	  70	   3	 300	   2	   2	  22	  23	  22	  30	  70	  50	 479	136885	137185	   0	  20	
  68	  68	  30	   4	 319	   1	   2	  23	  23	  22	  30	  70	  50	 342	138834	139153	   0	  20	
  69	  69	  50	   4	 304	   3	   2	  23	  23	  23	  30	  70	  50	 377	140833	141137	   0	  20	
  70	  70	  70	   3	 138	   2	   2	  23	  24	  23	  30	  70	  50	 563	142999	143137	   0	  20	
  71	  71	  50	   4	 296	   3	   2	  23	  24	  24	  30	  70	  50	 612	145065	145361	   0	  20	
  72	  72	  70	   3	 193	   2	   2	  23	  25	  24	  30	  70	  50	 577	147248	147441	   0	  20	
  73	  73	  50	   3	 355	   3	   2	  23	  25	  25	  30	  70	  50	 467	149214	149569	   0	  20	
  74	  74	  70	   4	 255	   2	   2	  23	  26	  25	  30	  70	  50	 453	151330	151585	   0	  20	
  75	  75	  50	   4	 269	   3	   2	  23	  26	  26	  30	  70	  50	 504	153396	153665	   0	  20	
  76	  76	  70	   3	 188	   2	   2	  23	  27	  26	  30	  70	  50	 483	155461	155649	   0	  20	
  77	  77	  50	   1	 336	   3	   1	  23	  27	  27	  30	  70	  50	 422	157377	157713	   0	  30	
  78	  78	  70	   3	 244	   2	   2	  23	  28	  27	  30	  70	  50	 679	159693	159937	   0	  30	
  79	  79	  50	   3	 389	   3	   2	  23	  28	  28	  30	  70	  50	 414	161643	162032	   0	  30	
  80	  80	  30	   4	 303	   1	   2	  24	  28	  28	  30	  70	  50	 478	163809	164112	   0	  30	
  81	  81	  70	   4	 264	   2	   2	  24	  29	  28	  30	  70	  50	 594	166024	166288	   0	  30	
  82	  82	  30	   4	  29	   1	   2	  25	  29	  28	  30	  70	  50	 698	168307	168336	   0	  30	
  83	  83	  50	   4	 314	   3	   2	  25	  29	  29	  30	  70	  50	 351	169990	170304	   0	  30	
  84	  84	  30	   3	 148	   1	   2	  26	  29	  29	  30	  70	  50	 535	172156	172304	   0	  30	
  85	  85	  70	   3	 317	   2	   2	  26	  30	  29	  30	  70	  50	 334	173955	174272	   0	  30	
  86	  86	  50	   3	 170	   3	   2	  26	  30	  30	  30	  70	  50	 451	176038	176208	   0	  30	
  87	  87	  70	   3	 105	   2	   2	  26	  31	  30	  30	  70	  50	 591	178103	178208	   0	  30	
  88	  88	  30	   4	  88	   3	   2	  26	  31	   1	  30	  70	  30	 592	180136	180224	   3	  30	
  89	  89	  30	   4	 125	   1	   2	  27	  31	   1	  30	  70	  30	 508	182035	182160	   0	  30	
  90	  90	  70	   4	 222	   2	   2	  27	  32	   1	  30	  70	  30	 563	184018	184240	   0	  30	
  91	  91	  30	   3	 241	   3	   2	  27	  32	   2	  30	  70	  30	 405	185967	186208	   0	  30	
  92	  92	  70	   3	 278	   2	   2	  27	  33	   2	  30	  70	  30	 342	187850	188128	   0	  30	
  93	  93	  30	   4	  13	   1	   2	  28	  33	   2	  30	  70	  30	 678	190099	190112	   0	  30	
  94	  94	  30	   4	 245	   3	   2	  28	  33	   3	  30	  70	  30	 486	191899	192144	   0	  30	
  95	  95	  30	   3	 160	   1	   2	  29	  33	   3	  30	  70	  30	 608	194048	194208	   0	  30	
  96	  96	  20	   4	 143	   2	   2	  29	   1	   3	  30	  20	  30	 565	196097	196240	   2	  30	
  97	  97	  30	   4	 124	   1	   2	  30	   1	   3	  30	  20	  30	 661	198196	198320	   0	  30	
  98	  98	  30	   4	 265	   3	   2	  30	   1	   4	  30	  20	  30	 646	200262	200527	   0	  30	
  99	  99	  30	   4	  78	   1	   2	  31	   1	   4	  30	  20	  30	 700	202545	202623	   0	  30	
 100	 100	  30	   4	 214	   3	   2	  31	   1	   5	  30	  20	  30	 435	204361	204575	   0	  30	
 101	 101	  20	   4	  81	   2	   2	  31	   2	   5	  30	  20	  30	 611	206510	206591	   0	  30	
 102	 102	  30	   3	 274	   1	   2	  32	   2	   5	  30	  20	  30	 583	208493	208767	   0	  30	
 103	 103	  20	   3	 339	   2	   2	  32	   3	   5	  30	  20	  30	 415	210492	210831	   0	  30	
 104	 104	  30	   3	 183	   3	   2	  32	   3	   6	  30	  20	  30	 665	212808	212991	   0	  30	
 105	 105	  20	   4	 361	   2	   2	  32	   4	   6	  30	  20	  30	 486	214790	215151	   0	  30	
 106	 106	  30	   4	 328	   3	   2	  32	   4	   7	  30	  20	  30	 365	216823	217151	   0	  30	
 107	 107	  20	   4	 260	   2	   2	  32	   5	   7	  30	  20	  30	 486	218939	219199	   0	  30	
 108	 108	  30	   4	 346	   3	   2	  32	   5	   8	  30	  20	  30	 310	220805	221151	   0	  30	
 109	 109	  20	   3	 250	   2	   2	  32	   6	   8	  30	  20	  30	 377	222821	223071	   0	  30	
 110	 110	  30	   4	 147	   1	   2	  33	   6	   8	  30	  20	  30	 616	225004	225151	   0	  30	
 111	 111	  30	   2	 239	   3	   1	  33	   6	   9	  30	  20	  30	 651	227136	227375	   0	  20	
 112	 112	  20	   4	 305	   2	   2	  33	   7	   9	  30	  20	  30	 422	229102	229407	   0	  20	
 113	 113	  30	   3	 288	   3	   2	  33	   7	  10	  30	  20	  30	 436	231151	231439	   0	  20	
 114	 114	  30	   2	 272	   1	   1	  34	   7	  10	  30	  20	  30	 405	233151	233423	   0	  10	
 115	 115	  30	   3	 378	   3	   2	  34	   7	  11	  30	  20	  30	 597	235317	235695	   0	  10	
 116	 116	  30	   4	 191	   1	   2	  35	   7	  11	  30	  20	  30	 625	237616	237807	   0	  10	
 117	 117	  30	   4	  81	   3	   2	  35	   7	  12	  30	  20	  30	 494	239598	239679	   0	  10	
 118	 118	  80	   3	1602	   1	   2	   1	   7	  12	  80	  20	  30	 545	241564	243166	   1	  10	
 119	 119	  30	   4	 579	   3	   2	   1	   7	  13	  80	  20	  30	 695	245163	245742	   0	  10	
 120	 120	  20	   4	 344	   2	   2	   1	   8	  13	  80	  20	  30	 411	247462	247806	   0	  10	
 121	 121	  80	   3	 325	   1	   2	   2	   8	  13	  80	  20	  30	 427	249545	249870	   0	  10	
 122	 122	  30	   4	  47	   3	   2	   2	   8	  14	  80	  20	  30	 555	251727	251774	   0	  10	
 123	 123	  80	   4	 239	   1	   2	   3	   8	  14	  80	  20	  30	 662	253743	253982	   0	  10	
 124	 124	  30	   3	 150	   3	   2	   3	   8	  15	  80	  20	  30	 684	255976	256126	   0	  10	
 125	 125	  80	   3	 312	   1	   2	   4	   8	  15	  80	  20	  30	 514	257942	258254	   0	  10	
 126	 126	  30	   4	 292	   3	   2	   4	   8	  16	  80	  20	  30	 504	260058	260350	   0	  10	
 127	 127	  80	   3	 344	   1	   2	   5	   8	  16	  80	  20	  30	 332	261990	262334	   0	  10	
 128	 128	  30	   4	  12	   3	   2	   5	   8	  17	  80	  20	  30	 673	264306	264318	   0	  10	
 129	 129	  20	   4	 326	   2	   2	   5	   9	  17	  80	  20	  30	 462	266072	266398	   0	  10	
 130	 130	  80	   4	 280	   1	   2	   6	   9	  17	  80	  20	  30	 326	268022	268302	   0	  10	
 131	 131	  30	   4	 198	   3	   2	   6	   9	  18	  80	  20	  30	 479	270104	270302	   0	  10	
 132	 132	  80	   3	 135	   1	   2	   7	   9	  18	  80	  20	  30	 466	272087	272222	   0	  10	
 133	 133	  30	   3	 435	   3	   2	   7	   9	  19	  80	  20	  30	 673	274203	274638	   0	  10	
 134	 134	  80	   3	  84	   1	   2	   8	   9	  19	  80	  20	  30	 648	276602	276686	   0	  10	
 135	 135	  20	   4	 169	   2	   2	   8	  10	  19	  80	  20	  30	 492	278485	278654	   0	  10	
 136	 136	  80	   3	  38	   1	   2	   9	  10	  19	  80	  20	  30	 587	280551	280589	   0	  10	
 137	 137	  20	   3	 308	   2	   2	   9	  11	  19	  80	  20	  30	 321	282217	282525	   0	  10	
 138	 138	  80	   3	  44	   1	   2	  10	  11	  19	  80	  20	  30	 623	284449	284493	   0	  10	
 139	 139	  20	   2	 307	   2	   1	  10	  12	  19	  80	  20	  30	 490	286282	286589	   0	   0	
 140	 140	  30	   4	 320	   3	   2	  10	  12	  20	  80	  20	  30	 495	288381	288701	   0	   0	
 141	 141	  80	   4	 259	   1	   2	  11	  12	  20	  80	  20	  30	 694	290714	290973	   0	   0	
 142	 142	  30	   1	 237	   3	   1	  11	  12	  21	  80	  20	  30	 626	292896	293133	   0	  10	
 143	 143	  20	   4	 267	   2	   2	  11	  13	  21	  80	  20	  30	 522	294962	295229	   0	  10	
 144	 144	  80	   3	 398	   1	   2	  12	  13	  21	  80	  20	  30	 375	296911	297309	   0	  10	
 145	 145	  30	   4	 282	   3	   2	  12	  13	  22	  80	  20	  30	 413	299027	299309	   0	  10	
 146	 146	  20	   4	 297	   2	   2	  12	  14	  22	  80	  20	  30	 431	301060	301357	   0	  10	
 147	 147	  30	   4	 202	   3	   2	  12	  14	  23	  80	  20	  30	 373	303043	303245	   0	  10	
 148	 148	  20	   4	 290	   2	   2	  12	  15	  23	  80	  20	  30	 324	304875	305165	   0	  10	
 149	 149	  80	   3	1991	   1	   2	  13	  15	  23	  80	  20	  30	 694	307158	309149	   0	  10	
 150	 150	  20	   4	 441	   2	   2	  13	  16	  23	  80	  20	  30	 309	310756	311197	   0	  10	
 151	 151	  80	   3	  92	   1	   2	  14	  16	  23	  80	  20	  30	 570	313089	313181	   0	  10	
 152	 152	  20	   4	 107	   2	   2	  14	  17	  23	  80	  20	  30	 632	315122	315229	   0	  10	
 153	 153	  30	   4	 352	   3	   2	  14	  17	  24	  80	  20	  30	 484	317021	317373	   0	  10	
 154	 154	  20	   3	 235	   2	   2	  14	  18	  24	  80	  20	  30	 468	319154	319389	   0	  10	
 155	 155	  80	   3	 121	   1	   2	  15	  18	  24	  80	  20	  30	 513	321203	321324	   0	  10	
 156	 156	  30	   4	 208	   3	   2	  15	  18	  25	  80	  20	  30	 421	323052	323260	   0	  10	
 157	 157	  80	   3	 525	   1	   2	  16	  18	  25	  80	  20	  30	 566	325135	325660	   0	  10	
 158	 158	  20	   4	 327	   2	   2	  16	  19	  25	  80	  20	  30	 362	327317	327644	   0	  10	
 159	 159	  30	   4	 181	   3	   2	  16	  19	  26	  80	  20	  30	 442	329383	329564	   0	  10	
 160	 160	  80	   3	 317	   1	   2	  17	  19	  26	  80	  20	  30	 311	331183	331500	   0	  10	
 161	 161	  20	   4	 350	   2	   2	  17	  20	  26	  80	  20	  30	 363	333182	333532	   0	  10	
 162	 162	  30	   3	 358	   3	   2	  17	  20	  27	  80	  20	  30	 556	335398	335756	   0	  10	
 163	 163	  80	   4	 292	   1	   2	  18	  20	  27	  80	  20	  30	 419	337480	337772	   0	  10	
 164	 164	  30	   4	 288	   3	   2	  18	  20	  28	  80	  20	  30	 523	339596	339884	   0	  10	
 165	 165	  20	   4	 108	   2	   2	  18	  21	  28	  80	  20	  30	 512	341696	341804	   0	  10	
 166	 166	  30	   4	 225	   3	   2	  18	  21	  29	  80	  20	  30	 488	343595	343820	   0	  10	
 167	 167	  80	   3	 328	   1	   2	  19	  21	  29	  80	  20	  30	 317	345444	345772	   0	  10	
 168	 168	  30	   3	 210	   3	   2	  19	  21	  30	  80	  20	  30	 541	347610	347820	   0	  10	
 169	 169	  20	   4	 613	   2	   2	  19	  22	  30	  80	  20	  30	 423	349543	350156	   0	  10	
NaN	 170	  30	NaN	NaN	   3	   3	  19	  22	  30	  80	  20	  30	 571	349543	NaN	   0	  10	
 170	 171	  80	   3	 363	   1	   2	  20	  22	  30	  80	  20	  30	 523	355841	356204	   0	  10	
 171	 172	  30	   4	 361	   3	   2	  20	  22	  31	  80	  20	  30	 384	357923	358284	   0	  10	
 172	 173	  20	   3	 345	   2	   2	  20	  23	  31	  80	  20	  30	 318	359906	360251	   0	  10	
 173	 174	  80	   3	  99	   1	   2	  21	  23	  31	  80	  20	  30	 525	362088	362187	   0	  10	
 174	 175	  30	   4	 395	   3	   2	  21	  23	  32	  80	  20	  30	 398	363904	364299	   0	  10	
 175	 176	  80	   3	 338	   1	   2	  22	  23	  32	  80	  20	  30	 532	366137	366475	   0	  10	
 176	 177	  30	   4	 286	   3	   2	  22	  23	  33	  80	  20	  30	 465	368253	368539	   0	  10	
 177	 178	  80	   4	 316	   1	   2	  23	  23	  33	  80	  20	  30	 478	370319	370635	   0	  10	
 178	 179	  30	   3	 180	   3	   2	  23	  23	  34	  80	  20	  30	 602	372551	372731	   0	  10	
 179	 180	  20	   4	 325	   2	   2	  23	  24	  34	  80	  20	  30	 482	374534	374859	   0	  10	
 180	 181	  30	   4	 156	   3	   2	  23	  24	  35	  80	  20	  30	 617	376783	376939	   0	  10	
 181	 182	  20	   3	  54	   2	   2	  23	  25	  35	  80	  20	  30	 690	378949	379003	   0	  10	
 182	 183	  80	   3	 403	   1	   2	  24	  25	  35	  80	  20	  30	 345	380648	381051	   0	  10	
 183	 184	  70	   3	 165	   3	   2	  24	  25	   1	  80	  20	  70	 606	382998	383163	   3	  10	
 184	 185	  20	   4	 292	   2	   2	  24	  26	   1	  80	  20	  70	 576	385047	385339	   0	  10	
 185	 186	  70	   4	 325	   3	   2	  24	  26	   2	  80	  20	  70	 398	387046	387371	   0	  10	
 186	 187	  20	   4	 170	   2	   2	  24	  27	   2	  80	  20	  70	 672	389345	389515	   0	  10	
 187	 188	  70	   3	 352	   3	   2	  24	  27	   3	  80	  20	  70	 374	391195	391547	   0	  10	
 188	 189	  20	   4	 298	   2	   2	  24	  28	   3	  80	  20	  70	 522	393377	393675	   0	  10	
 189	 190	  80	   4	 311	   1	   2	  25	  28	   3	  80	  20	  70	 486	395476	395787	   0	  10	
 190	 191	  70	   4	 305	   3	   2	  25	  28	   4	  80	  20	  70	 540	397626	397931	   0	  10	
 191	 192	  80	   3	 352	   1	   2	  26	  28	   4	  80	  20	  70	 389	399642	399994	   0	  10	
 192	 193	  20	   4	 350	   2	   2	  26	  29	   4	  80	  20	  70	 413	401708	402058	   0	  10	
 193	 194	  70	   3	 400	   3	   2	  26	  29	   5	  80	  20	  70	 311	403674	404074	   0	  10	
 194	 195	  20	   4	 330	   2	   2	  26	  30	   5	  80	  20	  70	 475	405856	406186	   0	  10	
 195	 196	  70	   3	 245	   3	   2	  26	  30	   6	  80	  20	  70	 510	408005	408250	   0	  10	
 196	 197	  80	   3	 298	   1	   2	  27	  30	   6	  80	  20	  70	 334	409888	410186	   0	  10	
 197	 198	  50	   3	 264	   2	   2	  27	   1	   6	  80	  50	  70	 433	411954	412218	   2	  10	
 198	 199	  70	   3	 132	   3	   2	  27	   1	   7	  80	  50	  70	 542	414070	414202	   0	  10	
 199	 200	  50	   4	 314	   2	   2	  27	   2	   7	  80	  50	  70	 421	415936	416250	   0	  10	
 200	 201	  80	   3	 294	   1	   2	  28	   2	   7	  80	  50	  70	 512	418068	418362	   0	  10	
 201	 202	  70	   4	 292	   3	   2	  28	   2	   8	  80	  50	  70	 463	420134	420426	   0	  10	
 202	 203	  50	   3	 308	   2	   2	  28	   3	   8	  80	  50	  70	 413	422134	422442	   0	  10	
 203	 204	  70	   3	  26	   3	   2	  28	   3	   9	  80	  50	  70	 680	424416	424442	   0	  10	
 204	 205	  50	   4	 344	   2	   2	  28	   4	   9	  80	  50	  70	 315	426066	426410	   0	  10	
 205	 206	  70	   3	 280	   3	   2	  28	   4	  10	  80	  50	  70	 380	428082	428362	   0	  10	
 206	 207	  50	   4	 227	   2	   2	  28	   5	  10	  80	  50	  70	 557	430231	430458	   0	  10	
 207	 208	  80	   3	 812	   1	   2	  29	   5	  10	  80	  50	  70	 679	432430	433242	   0	  10	
 208	 209	  50	   3	 292	   2	   2	  29	   6	  10	  80	  50	  70	 505	435046	435338	   0	  10	
 209	 210	  80	   3	 290	   1	   2	  30	   6	  10	  80	  50	  70	 495	437128	437418	   0	  10	
 210	 211	  70	   4	 282	   3	   2	  30	   6	  11	  80	  50	  70	 583	439311	439593	   0	  10	
 211	 212	  50	   3	 277	   2	   2	  30	   7	  11	  80	  50	  70	 530	441444	441721	   0	  10	
 212	 213	  80	   1	 319	   1	   1	  31	   7	  11	  80	  50	  70	 612	443626	443945	   0	  20	
 213	 214	  70	   4	 350	   3	   2	  31	   7	  12	  80	  50	  70	 428	445675	446025	   0	  20	
 214	 215	  80	   3	 501	   1	   2	  32	   7	  12	  80	  50	  70	 566	447908	448409	   0	  20	
 215	 216	  70	   3	 322	   3	   2	  32	   7	  13	  80	  50	  70	 692	450407	450729	   0	  20	
 216	 217	  50	   4	 464	   2	   2	  32	   8	  13	  80	  50	  70	 439	452473	452937	   0	  20	
 217	 218	  80	   3	 616	   1	   2	  33	   8	  13	  80	  50	  70	 443	454689	455305	   0	  20	
 218	 219	  50	   4	 550	   2	   2	  33	   9	  13	  80	  50	  70	 540	457155	457705	   0	  20	
 219	 220	  20	   4	 279	   1	   2	   1	   9	  13	  20	  50	  70	 498	459554	459833	   1	  20	
 220	 221	  70	   3	 176	   3	   2	   1	   9	  14	  20	  50	  70	 624	461753	461929	   0	  20	
 221	 222	  50	   3	 321	   2	   2	   1	  10	  14	  20	  50	  70	 503	463752	464073	   0	  20	
 222	 223	  70	   3	 519	   3	   2	   1	  10	  15	  20	  50	  70	 646	466018	466537	   0	  20	
 223	 224	  20	   4	 560	   1	   2	   2	  10	  15	  20	  50	  70	 356	468201	468761	   0	  20	
 224	 225	  50	   4	 358	   2	   2	   2	  11	  15	  20	  50	  70	 419	470483	470841	   0	  20	
 225	 226	  70	   3	 328	   3	   2	   2	  11	  16	  20	  50	  70	 308	472449	472777	   0	  20	
 226	 227	  20	   4	 230	   1	   2	   3	  11	  16	  20	  50	  70	 427	474499	474729	   0	  20	
 227	 228	  70	   4	 152	   3	   2	   3	  11	  17	  20	  50	  70	 440	476481	476633	   0	  20	
 228	 229	  20	   3	 207	   1	   2	   4	  11	  17	  20	  50	  70	 371	478314	478521	   0	  20	
 229	 230	  50	   3	 889	   2	   2	   4	  12	  17	  20	  50	  70	 639	480463	481352	   0	  20	
 230	 231	  70	   3	 284	   3	   2	   4	  12	  18	  20	  50	  70	 564	483212	483496	   0	  20	
 231	 232	  50	   4	 363	   2	   2	   4	  13	  18	  20	  50	  70	 443	485261	485624	   0	  20	
 232	 233	  70	   3	 307	   3	   2	   4	  13	  19	  20	  50	  70	 533	487477	487784	   0	  20	
 233	 234	  20	   4	 289	   1	   2	   5	  13	  19	  20	  50	  70	 452	489543	489832	   0	  20	
 234	 235	  70	   3	 570	   3	   2	   5	  13	  20	  20	  50	  70	 607	491742	492312	   0	  20	
 235	 236	  20	   4	 286	   1	   2	   6	  13	  20	  20	  50	  70	 418	494042	494328	   0	  20	
 236	 237	  50	   4	 492	   2	   2	   6	  14	  20	  20	  50	  70	 493	496124	496616	   0	  20	
 237	 238	  70	   4	 421	   3	   2	   6	  14	  21	  20	  50	  70	 389	498307	498728	   0	  20	
 238	 239	  50	   3	 434	   2	   2	   6	  15	  21	  20	  50	  70	 379	500406	500840	   0	  20	
 239	 240	  70	   3	 152	   3	   2	   6	  15	  22	  20	  50	  70	 521	502672	502824	   0	  20	
 240	 241	  50	   3	 767	   2	   2	   6	  16	  22	  20	  50	  70	 394	504521	505288	   0	  20	
 241	 242	  20	   3	 314	   1	   2	   7	  16	  22	  20	  50	  70	 460	507070	507384	   0	  20	
 242	 243	  50	   4	 330	   2	   2	   7	  17	  22	  20	  50	  70	 386	509086	509416	   0	  20	
 243	 244	  20	   4	 572	   1	   2	   8	  17	  22	  20	  50	  70	 312	511036	511608	   0	  20	
 244	 245	  70	   3	 152	   3	   2	   8	  17	  23	  20	  50	  70	 651	513568	513720	   0	  20	
 245	 246	  50	   3	 251	   2	   2	   8	  18	  23	  20	  50	  70	 493	515517	515768	   0	  20	
 246	 247	  20	   4	 298	   1	   2	   9	  18	  23	  20	  50	  70	 475	517550	517848	   0	  20	
 247	 248	  50	   4	 413	   2	   2	   9	  19	  23	  20	  50	  70	 319	519483	519896	   0	  20	
 248	 249	  70	   3	 344	   3	   2	   9	  19	  24	  20	  50	  70	 400	521615	521959	   0	  20	
 249	 250	  20	   4	 339	   1	   2	  10	  19	  24	  20	  50	  70	 511	523764	524103	   0	  20	
 250	 251	  70	   3	 105	   3	   2	  10	  19	  25	  20	  50	  70	 616	526030	526135	   0	  20	
 251	 252	  50	   3	 200	   2	   2	  10	  20	  25	  20	  50	  70	 599	528063	528263	   0	  20	
 252	 253	  20	   4	 307	   1	   2	  11	  20	  25	  20	  50	  70	 645	530212	530519	   0	  20	
 253	 254	  70	   4	 349	   3	   2	  11	  20	  26	  20	  50	  70	 560	532378	532727	   0	  20	
 254	 255	  50	   3	 311	   2	   2	  11	  21	  26	  20	  50	  70	 507	534544	534855	   0	  20	
 255	 256	  70	   3	 427	   3	   2	  11	  21	  27	  20	  50	  70	 312	536460	536887	   0	  20	
 256	 257	  50	   4	 289	   2	   2	  11	  22	  27	  20	  50	  70	 548	538742	539031	   0	  20	
 257	 258	  70	   3	 317	   3	   2	  11	  22	  28	  20	  50	  70	 517	540858	541175	   0	  20	
 258	 259	  50	   4	 413	   2	   2	  11	  23	  28	  20	  50	  70	 390	542874	543287	   0	  20	
 259	 260	  70	   4	 271	   3	   2	  11	  23	  29	  20	  50	  70	 632	545240	545511	   0	  20	
 260	 261	  20	   4	 346	   1	   2	  12	  23	  29	  20	  50	  70	 573	547389	547735	   0	  20	
 261	 262	  70	   3	 321	   3	   2	  12	  23	  30	  20	  50	  70	 575	549622	549943	   0	  20	
 262	 263	  50	   4	 149	   2	   2	  12	  24	  30	  20	  50	  70	 685	551938	552087	   0	  20	
 263	 264	  20	   4	 361	   1	   2	  13	  24	  30	  20	  50	  70	 464	553854	554215	   0	  20	
 264	 265	  50	   4	 356	   3	   2	  13	  24	   1	  20	  50	  50	 466	556003	556359	   3	  20	
 265	 266	  50	   3	 418	   2	   2	  13	  25	   1	  20	  50	  50	 412	558069	558487	   0	  20	
 266	 267	  50	   4	 302	   3	   2	  13	  25	   2	  20	  50	  50	 378	560168	560470	   0	  20	
 267	 268	  50	   3	  67	   2	   2	  13	  26	   2	  20	  50	  50	 683	562467	562534	   0	  20	
 268	 269	  20	   3	 297	   1	   2	  14	  26	   2	  20	  50	  50	 475	564317	564614	   0	  20	
 269	 270	  50	   4	 287	   2	   2	  14	  27	   2	  20	  50	  50	 670	566599	566886	   0	  20	
 270	 271	  50	   3	 336	   3	   2	  14	  27	   3	  20	  50	  50	 394	568582	568918	   0	  20	
 271	 272	  50	   3	 131	   2	   2	  14	  28	   3	  20	  50	  50	 691	570931	571062	   0	  20	
 272	 273	  50	   4	 312	   3	   2	  14	  28	   4	  20	  50	  50	 451	572830	573142	   0	  20	
 273	 274	  50	   4	 412	   2	   2	  14	  29	   4	  20	  50	  50	 305	574746	575158	   0	  20	
 274	 275	  20	   4	 310	   1	   2	  15	  29	   4	  20	  50	  50	 455	576912	577222	   0	  20	
 275	 276	  50	   3	 280	   3	   2	  15	  29	   5	  20	  50	  50	 359	578878	579158	   0	  20	
 276	 277	  50	   1	 209	   2	   1	  15	  30	   5	  20	  50	  50	 584	581061	581270	   0	  30	
 277	 278	  20	   3	 409	   1	   2	  16	  30	   5	  20	  50	  50	 305	582877	583286	   0	  30	
 278	 279	  50	   3	 255	   3	   2	  16	  30	   6	  20	  50	  50	 579	585159	585414	   0	  30	
 279	 280	  20	   4	 370	   1	   2	  17	  30	   6	  20	  50	  50	 373	587092	587462	   0	  30	
 280	 281	  50	   4	 319	   3	   2	  17	  30	   7	  20	  50	  50	 404	589175	589494	   0	  30	
 281	 282	  20	   4	 250	   1	   2	  18	  30	   7	  20	  50	  50	 506	591324	591574	   0	  30	
 282	 283	  50	   4	 250	   3	   2	  18	  30	   8	  20	  50	  50	 458	593340	593590	   0	  30	
 283	 284	  50	   3	 152	   2	   2	  18	  31	   8	  20	  50	  50	 506	595406	595558	   0	  30	
 284	 285	  20	   4	 283	   1	   2	  19	  31	   8	  20	  50	  50	 497	597355	597638	   0	  30	
 285	 286	  50	   2	 335	   2	   1	  19	  32	   8	  20	  50	  50	 324	599271	599606	   0	  20	
 286	 287	  20	   4	 149	   1	   2	  20	  32	   8	  20	  50	  50	 613	601520	601669	   0	  20	
 287	 288	  50	   3	 283	   3	   2	  20	  32	   9	  20	  50	  50	 392	603370	603653	   0	  20	
 288	 289	  20	   4	 118	   1	   2	  21	  32	   9	  20	  50	  50	 570	605535	605653	   0	  20	
 289	 290	  50	   3	  84	   3	   2	  21	  32	  10	  20	  50	  50	 626	607585	607669	   0	  20	
 290	 291	  50	   3	 286	   2	   2	  21	  33	  10	  20	  50	  50	 383	609367	609653	   0	  20	
 291	 292	  50	   3	 273	   3	   2	  21	  33	  11	  20	  50	  50	 315	611300	611573	   0	  20	
 292	 293	  20	   4	 207	   2	   2	  21	   1	  11	  20	  20	  50	 422	613366	613573	   2	  20	
 293	 294	  50	   3	  42	   3	   2	  21	   1	  12	  20	  20	  50	 630	615499	615541	   0	  20	
 294	 295	  20	   3	 312	   1	   2	  22	   1	  12	  20	  20	  50	 322	617165	617477	   0	  20	
 295	 296	  20	   4	 266	   2	   2	  22	   2	  12	  20	  20	  50	 370	619147	619413	   0	  20	
 296	 297	  20	   4	 486	   1	   2	  23	   2	  12	  20	  20	  50	 532	621263	621749	   0	  20	
 297	 298	  20	   4	 211	   2	   2	  23	   3	  12	  20	  20	  50	 700	623762	623973	   0	  20	
 298	 299	  20	   4	 253	   1	   2	  24	   3	  12	  20	  20	  50	 649	625928	626181	   0	  20	
 299	 300	  20	   2	 328	   2	   1	  24	   4	  12	  20	  20	  50	 568	628061	628389	   0	  10	
 300	 301	  50	   4	 229	   3	   2	  24	   4	  13	  20	  20	  50	 469	630160	630389	   0	  10	
 301	 302	  20	   3	 458	   2	   2	  24	   5	  13	  20	  20	  50	 350	632059	632517	   0	  10	
 302	 303	  50	   1	 171	   3	   1	  24	   5	  14	  20	  20	  50	 623	634442	634613	   0	  20	
 303	 304	  20	   4	 356	   2	   2	  24	   6	  14	  20	  20	  50	 303	636225	636581	   0	  20	
 304	 305	  20	   4	 337	   1	   2	  25	   6	  14	  20	  20	  50	 439	638324	638661	   0	  20	
 305	 306	  50	   3	 400	   3	   2	  25	   6	  15	  20	  20	  50	 368	640340	640740	   0	  20	
 306	 307	  20	   4	 197	   1	   2	  26	   6	  15	  20	  20	  50	 591	642639	642836	   0	  20	
 307	 308	  50	   4	 406	   3	   2	  26	   6	  16	  20	  20	  50	 467	644622	645028	   0	  20	
 308	 309	  20	   4	 290	   1	   2	  27	   6	  16	  20	  20	  50	 427	646754	647044	   0	  20	
 309	 310	  50	   4	  55	   3	   2	  27	   6	  17	  20	  20	  50	 698	649053	649108	   0	  20	
 310	 311	  20	   3	  55	   1	   2	  28	   6	  17	  20	  20	  50	 661	651069	651124	   0	  20	
 311	 312	  50	   3	 215	   3	   2	  28	   6	  18	  20	  20	  50	 640	653085	653300	   0	  20	
 312	 313	  20	   4	 248	   2	   2	  28	   7	  18	  20	  20	  50	 452	655068	655316	   0	  20	
 313	 314	  50	   4	  85	   3	   2	  28	   7	  19	  20	  20	  50	 518	657151	657236	   0	  20	
 314	 315	  20	   4	 171	   2	   2	  28	   8	  19	  20	  20	  50	 491	659033	659204	   0	  20	
 315	 316	  20	   4	 251	   1	   2	  29	   8	  19	  20	  20	  50	 543	661049	661300	   0	  20	
 316	 317	  20	   3	 310	   2	   2	  29	   9	  19	  20	  20	  50	 595	663198	663508	   0	  20	
 317	 318	  50	   4	 353	   3	   2	  29	   9	  20	  20	  20	  50	 524	665331	665684	   0	  20	
 318	 319	  20	   4	 317	   2	   2	  29	  10	  20	  20	  20	  50	 451	667447	667764	   0	  20	
 319	 320	  20	   4	  34	   1	   2	  30	  10	  20	  20	  20	  50	 676	669746	669780	   0	  20	
 320	 321	  50	   4	  97	   3	   2	  30	  10	  21	  20	  20	  50	 698	671795	671892	   0	  20	
 321	 322	  20	   4	 278	   1	   2	  31	  10	  21	  20	  20	  50	 462	673678	673956	   0	  20	
 322	 323	  50	   3	 128	   3	   2	  31	  10	  22	  20	  20	  50	 591	675844	675972	   0	  20	
 323	 324	  20	   4	 174	   1	   2	  32	  10	  22	  20	  20	  50	 638	677910	678084	   0	  20	
 324	 325	  20	   4	 276	   2	   2	  32	  11	  22	  20	  20	  50	 375	679759	680035	   0	  20	
 325	 326	  20	   3	 293	   1	   2	  33	  11	  22	  20	  20	  50	 413	681742	682035	   0	  20	
 326	 327	  50	   4	 178	   3	   2	  33	  11	  23	  20	  20	  50	 509	683841	684019	   0	  20	
 327	 328	  20	   4	 281	   2	   2	  33	  12	  23	  20	  20	  50	 355	685674	685955	   0	  20	
 328	 329	  50	   3	 327	   3	   2	  33	  12	  24	  20	  20	  50	 482	687756	688083	   0	  20	
 329	 330	  20	   4	 293	   2	   2	  33	  13	  24	  20	  20	  50	 433	689822	690115	   0	  20	
 330	 331	  20	   4	 156	   1	   2	  34	  13	  24	  20	  20	  50	 631	692055	692211	   0	  20	
 331	 332	  20	   4	 281	   2	   2	  34	  14	  24	  20	  20	  50	 629	694154	694435	   0	  20	
 332	 333	  50	   3	 176	   3	   2	  34	  14	  25	  20	  20	  50	 654	696403	696579	   0	  20	
 333	 334	  20	   4	 218	   1	   2	  35	  14	  25	  20	  20	  50	 682	698569	698787	   0	  20	
 334	 335	  20	   4	 320	   2	   2	  35	  15	  25	  20	  20	  50	 331	700435	700755	   0	  20	
 335	 336	  50	   4	 213	   3	   2	  35	  15	  26	  20	  20	  50	 660	702718	702931	   0	  20	
 336	 337	  80	   1	 477	   1	   1	   1	  15	  26	  80	  20	  50	 654	704950	705427	   1	  30	
 337	 338	  20	   4	 329	   2	   2	   1	  16	  26	  80	  20	  50	 342	707066	707395	   0	  30	
 338	 339	  80	   3	 474	   1	   2	   2	  16	  26	  80	  20	  50	 368	709065	709539	   0	  30	
 339	 340	  20	   4	 255	   2	   2	   2	  17	  26	  80	  20	  50	 506	711348	711603	   0	  30	
 340	 341	  80	   3	 266	   1	   2	   3	  17	  26	  80	  20	  50	 584	713497	713763	   0	  30	
 341	 342	  50	   3	 255	   3	   2	   3	  17	  27	  80	  20	  50	 307	715796	716051	   0	  30	
 342	 343	  80	   3	 363	   1	   2	   4	  17	  27	  80	  20	  50	 536	717896	718259	   0	  30	
 343	 344	  20	   3	 458	   2	   2	   4	  18	  27	  80	  20	  50	 348	719928	720386	   0	  30	
 344	 345	  50	   3	 422	   3	   2	   4	  18	  28	  80	  20	  50	 336	722028	722450	   0	  30	
 345	 346	  20	   3	 323	   2	   2	   4	  19	  28	  80	  20	  50	 386	724143	724466	   0	  30	
 346	 347	  80	   4	 283	   1	   2	   5	  19	  28	  80	  20	  50	 577	726343	726626	   0	  30	
 347	 348	  20	   4	 303	   2	   2	   5	  20	  28	  80	  20	  50	 342	728275	728578	   0	  30	
 348	 349	  50	   4	 302	   3	   2	   5	  20	  29	  80	  20	  50	 422	730308	730610	   0	  30	
 349	 350	  80	   3	  69	   1	   2	   6	  20	  29	  80	  20	  50	 635	732557	732626	   0	  30	
 350	 351	  50	   4	 276	   3	   2	   6	  20	  30	  80	  20	  50	 657	734590	734866	   0	  30	
 351	 352	  80	   3	 324	   1	   2	   7	  20	  30	  80	  20	  50	 425	736606	736930	   0	  30	
 352	 353	  50	   4	 293	   3	   2	   7	  20	  31	  80	  20	  50	 372	738605	738898	   0	  30	
 353	 354	  80	   3	 312	   1	   2	   8	  20	  31	  80	  20	  50	 354	740554	740866	   0	  30	
 354	 355	  20	   3	 130	   2	   2	   8	  21	  31	  80	  20	  50	 541	742704	742834	   0	  30	
 355	 356	  80	   4	 103	   1	   2	   9	  21	  31	  80	  20	  50	 454	744603	744706	   0	  30	
 356	 357	  50	   4	 119	   3	   2	   9	  21	  32	  80	  20	  50	 619	746635	746754	   0	  30	
 357	 358	  20	   4	 270	   2	   2	   9	  22	  32	  80	  20	  50	 409	748468	748738	   0	  30	
 358	 359	  50	   3	 219	   3	   2	   9	  22	  33	  80	  20	  50	 504	750551	750770	   0	  30	
 359	 360	  20	   4	 290	   2	   2	   9	  23	  33	  80	  20	  50	 328	752400	752690	   0	  30	
 360	 361	  80	   3	 759	   1	   2	  10	  23	  33	  80	  20	  50	 692	754683	755442	   0	  30	
 361	 362	  20	   4	 294	   2	   2	  10	  24	  33	  80	  20	  50	 395	757148	757442	   0	  30	
 362	 363	  70	   3	 130	   3	   2	  10	  24	   1	  80	  20	  70	 482	759264	759394	   3	  30	
 363	 364	  80	   3	 232	   1	   2	  11	  24	   1	  80	  20	  70	 400	761097	761329	   0	  30	
 364	 365	  70	   4	 271	   3	   2	  11	  24	   2	  80	  20	  70	 302	762946	763217	   0	  30	
 365	 366	  20	   4	 162	   2	   2	  11	  25	   2	  80	  20	  70	 353	764879	765041	   0	  30	
 366	 367	  70	   4	 117	   3	   2	  11	  25	   3	  80	  20	  70	 474	766812	766929	   0	  30	
 367	 368	  20	   4	 218	   2	   2	  11	  26	   3	  80	  20	  70	 468	768711	768929	   0	  30	
 368	 369	  80	   3	 207	   1	   2	  12	  26	   3	  80	  20	  70	 374	770610	770817	   0	  30	
 369	 370	  70	   3	 493	   3	   2	  12	  26	   4	  80	  20	  70	 544	772660	773153	   0	  30	
 370	 371	  20	   3	 235	   2	   2	  12	  27	   4	  80	  20	  70	 684	775142	775377	   0	  30	
 371	 372	  70	   3	 250	   3	   2	  12	  27	   5	  80	  20	  70	 493	777191	777441	   0	  30	
 372	 373	  80	   3	 273	   1	   2	  13	  27	   5	  80	  20	  70	 680	779424	779697	   0	  30	
 373	 374	  70	   3	 287	   3	   2	  13	  27	   6	  80	  20	  70	 481	781490	781777	   0	  30	
 374	 375	  80	   3	  39	   1	   2	  14	  27	   6	  80	  20	  70	 634	783722	783761	   0	  30	
 375	 376	  70	   4	 247	   3	   2	  14	  27	   7	  80	  20	  70	 656	785722	785969	   0	  30	
 376	 377	  20	   4	  94	   2	   2	  14	  28	   7	  80	  20	  70	 682	787971	788065	   0	  30	
 377	 378	  80	   3	 257	   1	   2	  15	  28	   7	  80	  20	  70	 561	789920	790177	   0	  30	
 378	 379	  70	   3	 220	   3	   2	  15	  28	   8	  80	  20	  70	 592	792069	792289	   0	  30	
 379	 380	  80	   3	 336	   1	   2	  16	  28	   8	  80	  20	  70	 368	793969	794305	   0	  30	
 380	 381	  70	   3	 168	   3	   2	  16	  28	   9	  80	  20	  70	 583	796201	796369	   0	  30	
 381	 382	  80	   3	 268	   1	   2	  17	  28	   9	  80	  20	  70	 415	798117	798385	   0	  30	
 382	 383	  20	   4	 351	   2	   2	  17	  29	   9	  80	  20	  70	 342	800033	800384	   0	  30	
 383	 384	  80	   4	 170	   1	   2	  18	  29	   9	  80	  20	  70	 484	802182	802352	   0	  30	
 384	 385	  70	   3	 868	   3	   2	  18	  29	  10	  80	  20	  70	 671	804332	805200	   0	  30	
 385	 386	  80	   4	 417	   1	   2	  19	  29	  10	  80	  20	  70	 317	806831	807248	   0	  30	
 386	 387	  20	   4	 171	   2	   2	  19	  30	  10	  80	  20	  70	 452	809013	809184	   0	  30	
 387	 388	  70	   4	 107	   3	   2	  19	  30	  11	  80	  20	  70	 546	811029	811136	   0	  30	
 388	 389	  20	   4	 357	   2	   2	  19	  31	  11	  80	  20	  70	 355	812795	813152	   0	  30	
 389	 390	  70	   3	 140	   3	   2	  19	  31	  12	  80	  20	  70	 571	815028	815168	   0	  30	
 390	 391	  80	   3	 274	   1	   2	  20	  31	  12	  80	  20	  70	 424	816894	817168	   0	  30	
 391	 392	  70	   3	 131	   3	   2	  20	  31	  13	  80	  20	  70	 408	818893	819024	   0	  30	
 392	 393	  20	   4	1039	   2	   2	  20	  32	  13	  80	  20	  70	 666	821009	822048	   0	  30	
 393	 394	  70	   4	  40	   3	   2	  20	  32	  14	  80	  20	  70	 648	824008	824048	   0	  30	
 394	 395	  20	   3	 220	   2	   2	  20	  33	  14	  80	  20	  70	 575	825924	826144	   0	  30	
 395	 396	  70	   3	 105	   3	   2	  20	  33	  15	  80	  20	  70	 549	828007	828112	   0	  30	
 396	 397	  80	   4	 308	   1	   2	  21	  33	  15	  80	  20	  70	 343	829756	830064	   0	  30	
 397	 398	  70	   3	 177	   3	   2	  21	  33	  16	  80	  20	  70	 485	831855	832032	   0	  30	
 398	 399	  20	   2	  74	   2	   1	  21	  34	  16	  80	  20	  70	 698	834038	834112	   0	  20	
 399	 400	  80	   3	  92	   1	   2	  22	  34	  16	  80	  20	  70	 592	836004	836096	   0	  20	
 400	 401	  20	   2	  74	   2	   1	  22	  35	  16	  80	  20	  70	 688	838086	838160	   0	  10	
 401	 402	  80	   3	 269	   1	   2	  23	  35	  16	  80	  20	  70	 516	840002	840271	   0	  10	
 402	 403	  80	   3	 336	   2	   2	  23	   1	  16	  80	  80	  70	 334	841935	842271	   2	  10	
 403	 404	  80	   3	 247	   1	   2	  24	   1	  16	  80	  80	  70	 609	844184	844431	   0	  10	
 404	 405	  80	   3	  96	   2	   2	  24	   2	  16	  80	  80	  70	 624	846367	846463	   0	  10	
 405	 406	  80	   3	 256	   1	   2	  25	   2	  16	  80	  80	  70	 611	848383	848639	   0	  10	
 406	 407	  80	   3	 248	   2	   2	  25	   3	  16	  80	  80	  70	 671	850615	850863	   0	  10	
 407	 408	  80	   3	 319	   1	   2	  26	   3	  16	  80	  80	  70	 676	852848	853167	   0	  10	
 408	 409	  80	   2	 386	   2	   1	  26	   4	  16	  80	  80	  70	 318	854797	855183	   0	   0	
 409	 410	  80	   4	 303	   1	   2	  27	   4	  16	  80	  80	  70	 404	856896	857199	   0	   0	
 410	 411	  80	   3	 287	   2	   2	  27	   5	  16	  80	  80	  70	 398	858912	859199	   0	   0	
 411	 412	  80	   3	 284	   1	   2	  28	   5	  16	  80	  80	  70	 473	860995	861279	   0	   0	
 412	 413	  80	   3	 463	   2	   2	  28	   6	  16	  80	  80	  70	 355	862944	863407	   0	   0	
 413	 414	  80	   1	 255	   1	   1	  29	   6	  16	  80	  80	  70	 656	865360	865615	   0	  10	
 414	 415	  80	   3	 219	   2	   2	  29	   7	  16	  80	  80	  70	 548	867476	867695	   0	  10	
 415	 416	  80	   3	 450	   1	   2	  30	   7	  16	  80	  80	  70	 324	869325	869775	   0	  10	
 416	 417	  70	   4	 394	   3	   2	  30	   7	  17	  80	  80	  70	 452	871541	871935	   0	  10	
 417	 418	  80	   3	 290	   2	   2	  30	   8	  17	  80	  80	  70	 518	873757	874047	   0	  10	
 418	 419	  30	   4	 251	   1	   2	   1	   8	  17	  30	  80	  70	 571	875940	876191	   1	  10	
 419	 420	  80	   2	 438	   2	   1	   1	   9	  17	  30	  80	  70	 568	878072	878510	   0	   0	
 420	 421	  70	   3	 222	   3	   2	   1	   9	  18	  30	  80	  70	 449	880272	880494	   0	   0	
 421	 422	  80	   3	 289	   2	   2	   1	  10	  18	  30	  80	  70	 406	882221	882510	   0	   0	
 422	 423	  30	   3	 440	   1	   2	   2	  10	  18	  30	  80	  70	 661	884470	884910	   0	   0	
 423	 424	  70	   3	 169	   3	   2	   2	  10	  19	  30	  80	  70	 663	886869	887038	   0	   0	
 424	 425	  80	   2	 197	   2	   1	   2	  11	  19	  30	  80	  70	 641	888985	889182	   0	 -10	
 425	 426	  30	   3	  82	   1	   2	   3	  11	  19	  30	  80	  70	 573	891068	891150	   0	 -10	
 426	 427	  70	   3	 146	   3	   2	   3	  11	  20	  30	  80	  70	 646	893100	893246	   0	 -10	
 427	 428	  80	   3	 230	   2	   2	   3	  12	  20	  30	  80	  70	 452	895000	895230	   0	 -10	
 428	 429	  30	   4	 200	   1	   2	   4	  12	  20	  30	  80	  70	 436	896982	897182	   0	 -10	
 429	 430	  70	   3	 223	   3	   2	   4	  12	  21	  30	  80	  70	 330	898815	899038	   0	 -10	
 430	 431	  80	   3	 175	   2	   2	   4	  13	  21	  30	  80	  70	 495	900831	901006	   0	 -10	
 431	 432	  70	   4	  36	   3	   2	   4	  13	  22	  30	  80	  70	 389	902714	902750	   0	 -10	
 432	 433	  80	   3	 160	   2	   2	   4	  14	  22	  30	  80	  70	 384	904446	904606	   0	 -10	
 433	 434	  70	   4	 164	   3	   2	   4	  14	  23	  30	  80	  70	 433	906346	906510	   0	 -10	
 434	 435	  80	   3	 216	   2	   2	   4	  15	  23	  30	  80	  70	 442	908262	908478	   0	 -10	
 435	 436	  70	   3	 189	   3	   2	   4	  15	  24	  30	  80	  70	 375	910161	910350	   0	 -10	
 436	 437	  30	   4	 192	   1	   2	   5	  15	  24	  30	  80	  70	 431	912094	912286	   0	 -10	
 437	 438	  70	   3	  46	   3	   2	   5	  15	  25	  30	  80	  70	 579	914160	914206	   0	 -10	
 438	 439	  30	   4	 314	   1	   2	   6	  15	  25	  30	  80	  70	 377	915876	916190	   0	 -10	
 439	 440	  70	   3	 332	   3	   2	   6	  15	  26	  30	  80	  70	 316	917825	918157	   0	 -10	
 440	 441	  80	   3	 393	   2	   2	   6	  16	  26	  30	  80	  70	 458	919924	920317	   0	 -10	
 441	 442	  70	   3	 265	   3	   2	   6	  16	  27	  30	  80	  70	 307	921940	922205	   0	 -10	
 442	 443	  30	   3	  87	   1	   2	   7	  16	  27	  30	  80	  70	 496	924006	924093	   0	 -10	
 443	 444	  80	   3	 290	   2	   2	   7	  17	  27	  30	  80	  70	 340	925739	926029	   0	 -10	
 444	 445	  30	   4	 139	   1	   2	   8	  17	  27	  30	  80	  70	 605	927938	928077	   0	 -10	
 445	 446	  80	   4	 118	   2	   2	   8	  18	  27	  30	  80	  70	 698	930087	930205	   0	 -10	
 446	 447	  30	   4	 101	   1	   2	   9	  18	  27	  30	  80	  70	 609	932120	932221	   0	 -10	
 447	 448	  80	   3	 431	   2	   2	   9	  19	  27	  30	  80	  70	 358	933886	934317	   0	 -10	
 448	 449	  30	   4	 265	   1	   2	  10	  19	  27	  30	  80	  70	 445	936068	936333	   0	 -10	
 449	 450	  70	   4	 167	   3	   2	  10	  19	  28	  30	  80	  70	 471	938118	938285	   0	 -10	
 450	 451	  30	   3	 661	   1	   2	  11	  19	  28	  30	  80	  70	 584	940184	940845	   0	 -10	
 451	 452	  80	   3	 242	   2	   2	  11	  20	  28	  30	  80	  70	 528	942683	942925	   0	 -10	
 452	 453	  70	   3	 224	   3	   2	  11	  20	  29	  30	  80	  70	 536	944765	944989	   0	 -10	
 453	 454	  80	   3	 291	   2	   2	  11	  21	  29	  30	  80	  70	 405	946698	946989	   0	 -10	
 454	 455	  30	   4	1114	   1	   2	  12	  21	  29	  30	  80	  70	 658	948947	950061	   0	 -10	
 455	 456	  80	   3	 374	   2	   2	  12	  22	  29	  30	  80	  70	 514	951879	952253	   0	 -10	
 456	 457	  70	   3	 105	   3	   2	  12	  22	  30	  30	  80	  70	 662	954212	954317	   0	 -10	
 457	 458	  30	   4	 305	   1	   2	  13	  22	  30	  30	  80	  70	 411	956028	956333	   0	 -10	
 458	 459	  70	   3	 308	   3	   2	  13	  22	  31	  30	  80	  70	 331	957977	958285	   0	 -10	
 459	 460	  30	   3	 341	   1	   2	  14	  22	  31	  30	  80	  70	 341	959927	960268	   0	 -10	
 460	 461	  80	   3	 260	   2	   2	  14	  23	  31	  30	  80	  70	 402	961976	962236	   0	 -10	
 461	 462	  70	   3	 174	   3	   2	  14	  23	  32	  30	  80	  70	 581	964142	964316	   0	 -10	
 462	 463	  30	   4	 160	   1	   2	  15	  23	  32	  30	  80	  70	 510	966124	966284	   0	 -10	
 463	 464	  80	   3	 329	   2	   2	  15	  24	  32	  30	  80	  70	 325	967907	968236	   0	 -10	
 464	 465	  30	   4	 248	   1	   2	  16	  24	  32	  30	  80	  70	 405	969940	970188	   0	 -10	
 465	 466	  70	   3	 138	   3	   2	  16	  24	  33	  30	  80	  70	 417	971922	972060	   0	 -10	
 466	 467	  80	   4	  77	   2	   2	  16	  25	  33	  30	  80	  70	 492	973855	973932	   0	 -10	
 467	 468	  70	   4	 509	   3	   2	  16	  25	  34	  30	  80	  70	 634	975871	976380	   0	 -10	
 468	 469	  30	   3	  91	   1	   2	  17	  25	  34	  30	  80	  70	 656	978337	978428	   0	 -10	
 469	 470	  80	   3	 275	   2	   2	  17	  26	  34	  30	  80	  70	 432	980169	980444	   0	 -10	
 470	 471	  30	   4	 292	   1	   2	  18	  26	  34	  30	  80	  70	 401	982152	982444	   0	 -10	
 471	 472	  70	   3	 161	   3	   2	  18	  26	  35	  30	  80	  70	 470	984235	984396	   0	 -10	
 472	 473	  30	   4	 214	   1	   2	  19	  26	  35	  30	  80	  70	 442	986134	986348	   0	 -10	
 473	 474	  80	   3	 195	   2	   2	  19	  27	  35	  30	  80	  70	 559	988217	988412	   0	 -10	
 474	 475	  30	   4	 181	   1	   2	  20	  27	  35	  30	  80	  70	 486	990199	990380	   0	 -10	
 475	 476	  50	   4	 315	   3	   2	  20	  27	   1	  30	  80	  50	 341	992065	992380	   3	 -10	
 476	 477	  80	   3	  70	   2	   2	  20	  28	   1	  30	  80	  50	 527	994214	994284	   0	 -10	
 477	 478	  50	   3	 257	   3	   2	  20	  28	   2	  30	  80	  50	 344	995931	996188	   0	 -10	
 478	 479	  80	   4	 277	   2	   2	  20	  29	   2	  30	  80	  50	 367	997863	998140	   0	 -10	
 479	 480	  30	   4	1490	   1	   2	  21	  29	   2	  30	  80	  50	 493	999929	1001419	   0	 -10	
 480	 481	  50	   4	  75	   3	   2	  21	  29	   3	  30	  80	  50	 607	1003328	1003403	   0	 -10	
 481	 482	  80	   3	  75	   2	   2	  21	  30	   3	  30	  80	  50	 616	1005344	1005419	   0	 -10	
 482	 483	  50	   4	 144	   3	   2	  21	  30	   4	  30	  80	  50	 522	1007243	1007387	   0	 -10	
 483	 484	  20	   3	 240	   2	   2	  21	   1	   4	  30	  20	  50	 555	1009259	1009499	   2	 -10	
 484	 485	  30	   3	  42	   1	   2	  22	   1	   4	  30	  20	  50	 624	1011425	1011467	   0	 -10	
 485	 486	  20	   4	 140	   2	   2	  22	   2	   4	  30	  20	  50	 615	1013391	1013531	   0	 -10	
 486	 487	  50	   3	 631	   3	   2	  22	   2	   5	  30	  20	  50	 698	1015540	1016171	   0	 -10	
 487	 488	  20	   4	 182	   2	   2	  22	   3	   5	  30	  20	  50	 509	1017989	1018171	   0	 -10	
 488	 489	  30	   3	 161	   1	   2	  23	   3	   5	  30	  20	  50	 631	1020122	1020283	   0	 -10	
 489	 490	  50	   3	 230	   3	   2	  23	   3	   6	  30	  20	  50	 423	1022005	1022235	   0	 -10	
 490	 491	  30	   4	 806	   1	   2	  24	   3	   6	  30	  20	  50	 491	1024037	1024843	   0	 -10	
 491	 492	  50	   3	 239	   3	   2	  24	   3	   7	  30	  20	  50	 480	1026636	1026875	   0	 -10	
 492	 493	  20	   3	 242	   2	   2	  24	   4	   7	  30	  20	  50	 389	1028569	1028811	   0	 -10	
 493	 494	  50	   3	  82	   3	   2	  24	   4	   8	  30	  20	  50	 473	1030585	1030667	   0	 -10	
 494	 495	  30	   4	  37	   1	   2	  25	   4	   8	  30	  20	  50	 559	1032534	1032571	   0	 -10	
 495	 496	  20	   4	 109	   2	   2	  25	   5	   8	  30	  20	  50	 478	1034350	1034459	   0	 -10	
 496	 497	  50	   4	  59	   3	   2	  25	   5	   9	  30	  20	  50	 641	1036400	1036459	   0	 -10	
 497	 498	  30	   4	 117	   1	   2	  26	   5	   9	  30	  20	  50	 412	1038166	1038283	   0	 -10	
 498	 499	  50	   4	 484	   3	   2	  26	   5	  10	  30	  20	  50	 605	1040198	1040682	   0	 -10	
 499	 500	  30	   4	 340	   1	   2	  27	   5	  10	  30	  20	  50	 623	1042614	1042954	   0	 -10	
 500	 501	  50	   3	  19	   3	   2	  27	   5	  11	  30	  20	  50	 386	1044647	1044666	   0	 -10	
 501	 502	  20	   4	 377	   2	   2	  27	   6	  11	  30	  20	  50	 529	1046513	1046890	   0	 -10	
 502	 503	  30	   3	1094	   1	   2	  28	   6	  11	  30	  20	  50	 425	1048612	1049706	   0	 -10	
 503	 504	  50	   4	 144	   3	   2	  28	   6	  12	  30	  20	  50	 571	1051578	1051722	   0	 -10	
 504	 505	  30	   4	 246	   1	   2	  29	   6	  12	  30	  20	  50	 447	1053460	1053706	   0	 -10	
 505	 506	  20	   4	  85	   2	   2	  29	   7	  12	  30	  20	  50	 484	1055493	1055578	   0	 -10	
 506	 507	  50	   3	  41	   3	   2	  29	   7	  13	  30	  20	  50	 520	1057409	1057450	   0	 -10	
 507	 508	  20	   4	  92	   2	   2	  29	   8	  13	  30	  20	  50	 602	1059358	1059450	   0	 -10	
 508	 509	  50	   3	  -5	   3	   2	  29	   8	  14	  30	  20	  50	 642	1061391	1061386	   0	 -10	
 509	 510	  30	   4	 389	   1	   2	  30	   8	  14	  30	  20	  50	 471	1063173	1063562	   0	 -10	
 510	 511	  50	   4	 161	   3	   2	  30	   8	  15	  30	  20	  50	 430	1065289	1065450	   0	 -10	
 511	 512	  30	   4	2012	   1	   2	  31	   8	  15	  30	  20	  50	 658	1067422	1069434	   0	 -10	
 512	 513	  20	   4	 262	   2	   2	  31	   9	  15	  30	  20	  50	 461	1071204	1071466	   0	 -10	
 513	 514	  30	   4	 220	   1	   2	  32	   9	  15	  30	  20	  50	 304	1073070	1073290	   0	 -10	
 514	 515	  50	   4	 287	   3	   2	  32	   9	  16	  30	  20	  50	 425	1075019	1075306	   0	 -10	
 515	 516	  30	   4	 697	   1	   2	  33	   9	  16	  30	  20	  50	 573	1077185	1077882	   0	 -10	
 516	 517	  20	   4	 353	   2	   2	  33	  10	  16	  30	  20	  50	 596	1079784	1080137	   0	 -10	
 517	 518	  50	   3	 292	   3	   2	  33	  10	  17	  30	  20	  50	 672	1082117	1082409	   0	 -10	
 518	 519	  20	   4	 272	   2	   2	  33	  11	  17	  30	  20	  50	 539	1084249	1084521	   0	 -10	
 519	 520	  80	   4	 132	   1	   2	   1	  11	  17	  80	  20	  50	 308	1086165	1086297	   1	 -10	
 520	 521	  20	   4	 296	   2	   2	   1	  12	  17	  80	  20	  50	 479	1088081	1088377	   0	 -10	
 521	 522	  50	   4	 410	   3	   2	   1	  12	  18	  80	  20	  50	 347	1090031	1090441	   0	 -10	
 522	 523	  80	   3	 329	   1	   2	   2	  12	  18	  80	  20	  50	 345	1092080	1092409	   0	 -10	
 523	 524	  50	   3	 195	   3	   2	   2	  12	  19	  80	  20	  50	 562	1094262	1094457	   0	 -10	
 524	 525	  80	   3	  77	   1	   2	   3	  12	  19	  80	  20	  50	 662	1096412	1096489	   0	 -10	
 525	 526	  50	   4	  59	   3	   2	   3	  12	  20	  80	  20	  50	 683	1098478	1098537	   0	 -10	
 526	 527	  80	   4	 311	   1	   2	   4	  12	  20	  80	  20	  50	 380	1100210	1100521	   0	 -10	
 527	 528	  50	   4	 345	   3	   2	   4	  12	  21	  80	  20	  50	 354	1102176	1102521	   0	 -10	
 528	 529	  80	   3	 248	   1	   2	   5	  12	  21	  80	  20	  50	 393	1104209	1104457	   0	 -10	
 529	 530	  50	   4	 215	   3	   2	   5	  12	  22	  80	  20	  50	 488	1106258	1106473	   0	 -10	
 530	 531	  80	   3	 464	   1	   2	   6	  12	  22	  80	  20	  50	 669	1108457	1108921	   0	 -10	
 531	 532	  50	   3	 241	   3	   2	   6	  12	  23	  80	  20	  50	 586	1110840	1111081	   0	 -10	
 532	 533	  80	   3	 306	   1	   2	   7	  12	  23	  80	  20	  50	 448	1112839	1113145	   0	 -10	
 533	 534	  20	   4	 341	   2	   2	   7	  13	  23	  80	  20	  50	 322	1114772	1115113	   0	 -10	
 534	 535	  50	   3	 251	   3	   2	   7	  13	  24	  80	  20	  50	 622	1117038	1117289	   0	 -10	
 535	 536	  20	   3	 265	   2	   2	   7	  14	  24	  80	  20	  50	 507	1119104	1119369	   0	 -10	
 536	 537	  80	   3	  31	   1	   2	   8	  14	  24	  80	  20	  50	 685	1121369	1121400	   0	 -10	
 537	 538	  50	   3	  83	   3	   2	   8	  14	  25	  80	  20	  50	 554	1123269	1123352	   0	 -10	
 538	 539	  20	   2	 217	   2	   1	   8	  15	  25	  80	  20	  50	 493	1125151	1125368	   0	 -20	
 539	 540	  50	   3	 213	   3	   2	   8	  15	  26	  80	  20	  50	 592	1127267	1127480	   0	 -20	
 540	 541	  20	   3	 346	   2	   2	   8	  16	  26	  80	  20	  50	 360	1129150	1129496	   0	 -20	
 541	 542	  50	   2	 225	   3	   1	   8	  16	  27	  80	  20	  50	 539	1131383	1131608	   0	 -30	
 542	 543	  20	   4	 277	   2	   2	   8	  17	  27	  80	  20	  50	 388	1133299	1133576	   0	 -30	
 543	 544	  80	   3	 281	   1	   2	   9	  17	  27	  80	  20	  50	 363	1135231	1135512	   0	 -30	
 544	 545	  20	   4	 184	   2	   2	   9	  18	  27	  80	  20	  50	 443	1137264	1137448	   0	 -30	
 545	 546	  50	   4	 135	   3	   2	   9	  18	  28	  80	  20	  50	 561	1139313	1139448	   0	 -30	
 546	 547	  20	   4	 420	   2	   2	   9	  19	  28	  80	  20	  50	 642	1141396	1141816	   0	 -30	
 547	 548	  80	   3	 302	   1	   2	  10	  19	  28	  80	  20	  50	 459	1143578	1143880	   0	 -30	
 548	 549	  50	   3	  54	   3	   2	  10	  19	  29	  80	  20	  50	 600	1145794	1145848	   0	 -30	
 549	 550	  20	   2	 155	   2	   1	  10	  20	  29	  80	  20	  50	 535	1147693	1147848	   0	 -40	
 550	 551	  80	   3	 270	   1	   2	  11	  20	  29	  80	  20	  50	 475	1149626	1149896	   0	 -40	
 551	 552	  20	   4	  99	   2	   2	  11	  21	  29	  80	  20	  50	 689	1151909	1152008	   0	 -40	
 552	 553	  80	   3	  83	   1	   2	  12	  21	  29	  80	  20	  50	 627	1153941	1154024	   0	 -40	
 553	 554	  50	   4	 414	   3	   2	  12	  21	  30	  80	  20	  50	 333	1155674	1156088	   0	 -40	
 554	 555	  20	   3	 230	   2	   2	  12	  22	  30	  80	  20	  50	 474	1157873	1158103	   0	 -40	
 555	 556	  50	   3	  41	   3	   2	  12	  22	  31	  80	  20	  50	 389	1159806	1159847	   0	 -40	
 556	 557	  80	   3	 210	   1	   2	  13	  22	  31	  80	  20	  50	 454	1161605	1161815	   0	 -40	
 557	 558	  50	   4	  29	   3	   2	  13	  22	  32	  80	  20	  50	 617	1163738	1163767	   0	 -40	
 558	 559	  80	   4	  15	   1	   2	  14	  22	  32	  80	  20	  50	 641	1165720	1165735	   0	 -40	
 559	 560	  50	   4	  49	   3	   2	  14	  22	  33	  80	  20	  50	 634	1167686	1167735	   0	 -40	
 560	 561	  80	   3	 277	   1	   2	  15	  22	  33	  80	  20	  50	 551	1169602	1169879	   0	 -40	
 561	 562	  20	   4	 237	   2	   2	  15	  23	  33	  80	  20	  50	 585	1171802	1172039	   0	 -40	
 562	 563	  30	   4	 320	   3	   2	  15	  23	   1	  80	  20	  30	 384	1173751	1174071	   3	 -40	
 563	 564	  20	   4	1157	   2	   2	  15	  24	   1	  80	  20	  30	 676	1176050	1177207	   0	 -40	
 564	 565	  80	   4	 310	   1	   2	  16	  24	   1	  80	  20	  30	 345	1178849	1179159	   0	 -40	
 565	 566	  20	   4	  78	   2	   2	  16	  25	   1	  80	  20	  30	 605	1181065	1181143	   0	 -40	
 566	 567	  80	   3	 211	   1	   2	  17	  25	   1	  80	  20	  30	 510	1182948	1183159	   0	 -40	
 567	 568	  30	   4	  78	   3	   2	  17	  25	   2	  80	  20	  30	 638	1185097	1185175	   0	 -40	
 568	 569	  20	   4	 295	   2	   2	  17	  26	   2	  80	  20	  30	 400	1186880	1187175	   0	 -40	
 569	 570	  80	   3	   0	   1	   2	  18	  26	   2	  80	  20	  30	 604	1189079	1189079	   0	 -40	
 570	 571	  20	   4	  34	   2	   2	  18	  27	   2	  80	  20	  30	 654	1191045	1191079	   0	 -40	
 571	 572	  80	   3	  49	   1	   2	  19	  27	   2	  80	  20	  30	 692	1193094	1193143	   0	 -40	
 572	 573	  30	   4	 362	   3	   2	  19	  27	   3	  80	  20	  30	 422	1194877	1195239	   0	 -40	
 573	 574	  20	   3	  83	   2	   2	  19	  28	   3	  80	  20	  30	 531	1197076	1197159	   0	 -40	
 574	 575	  30	   4	 329	   3	   2	  19	  28	   4	  80	  20	  30	 444	1198909	1199238	   0	 -40	
 575	 576	  20	   4	 230	   2	   2	  19	  29	   4	  80	  20	  30	 462	1201008	1201238	   0	 -40	
 576	 577	  80	   3	  46	   1	   2	  20	  29	   4	  80	  20	  30	 668	1203224	1203270	   0	 -40	
 577	 578	  20	   4	 329	   2	   2	  20	  30	   4	  80	  20	  30	 369	1204957	1205286	   0	 -40	
 578	 579	  30	   3	 250	   3	   2	  20	  30	   5	  80	  20	  30	 361	1206956	1207206	   0	 -40	
 579	 580	  20	   4	 266	   2	   2	  20	  31	   5	  80	  20	  30	 480	1208988	1209254	   0	 -40	
 580	 581	  80	   3	 296	   1	   2	  21	  31	   5	  80	  20	  30	 484	1211054	1211350	   0	 -40	
 581	 582	  20	   4	   0	   2	   2	  21	  32	   5	  80	  20	  30	 584	1213254	1213254	   0	 -40	
 582	 583	  30	   4	  52	   3	   2	  21	  32	   6	  80	  20	  30	 615	1215186	1215238	   0	 -40	
 583	 584	  20	   4	 302	   2	   2	  21	  33	   6	  80	  20	  30	 407	1216952	1217254	   0	 -40	
 584	 585	  30	   3	 739	   3	   2	  21	  33	   7	  80	  20	  30	 666	1219235	1219974	   0	 -40	
 585	 586	  80	   4	 406	   1	   2	  22	  33	   7	  80	  20	  30	 302	1221584	1221990	   0	 -40	
 586	 587	  30	   4	 567	   3	   2	  22	  33	   8	  80	  20	  30	 691	1223983	1224550	   0	 -40	
 587	 588	  80	   3	 630	   1	   2	  23	  33	   8	  80	  20	  30	 566	1226432	1227062	   0	 -40	
 588	 589	  20	   4	 463	   2	   2	  23	  34	   8	  80	  20	  30	 660	1229031	1229494	   0	 -40	
 589	 590	  30	   4	 278	   3	   2	  23	  34	   9	  80	  20	  30	 465	1231264	1231542	   0	 -40	
 590	 591	  80	   3	 273	   1	   2	  24	  34	   9	  80	  20	  30	 574	1233413	1233686	   0	 -40	
 591	 592	  20	   4	 328	   2	   2	  24	  35	   9	  80	  20	  30	 643	1235646	1235974	   0	 -40	
 592	 593	  80	   3	 328	   1	   2	  25	  35	   9	  80	  20	  30	 383	1237662	1237990	   0	 -40	
 593	 594	  70	   3	 290	   2	   2	  25	   1	   9	  80	  70	  30	 512	1239811	1240101	   2	 -40	
 594	 595	  80	   3	 487	   1	   2	  26	   1	   9	  80	  70	  30	 700	1242110	1242597	   0	 -40	
 595	 596	  30	   3	 404	   3	   2	  26	   1	  10	  80	  70	  30	 303	1244209	1244613	   0	 -40	
 596	 597	  80	   3	 236	   1	   2	  27	   1	  10	  80	  70	  30	 503	1246425	1246661	   0	 -40	
 597	 598	  70	   3	 180	   2	   2	  27	   2	  10	  80	  70	  30	 679	1248641	1248821	   0	 -40	
 598	 599	  80	   4	 270	   1	   2	  28	   2	  10	  80	  70	  30	 668	1250807	1251077	   0	 -40	
 599	 600	  30	   4	 231	   3	   2	  28	   2	  11	  80	  70	  30	 621	1253006	1253237	   0	 -40	
 600	 601	  80	   3	 345	   1	   2	  29	   2	  11	  80	  70	  30	 404	1254956	1255301	   0	 -40	
 601	 602	  70	   3	 438	   2	   2	  29	   3	  11	  80	  70	  30	 441	1257071	1257509	   0	 -40	
 602	 603	  30	   4	 123	   3	   2	  29	   3	  12	  80	  70	  30	 535	1259354	1259477	   0	 -40	
 603	 604	  70	   3	 452	   2	   2	  29	   4	  12	  80	  70	  30	 375	1261153	1261605	   0	 -40	
 604	 605	  30	   4	 335	   3	   2	  29	   4	  13	  80	  70	  30	 372	1263286	1263621	   0	 -40	
 605	 606	  70	   4	 170	   2	   2	  29	   5	  13	  80	  70	  30	 509	1265435	1265605	   0	 -40	
 606	 607	  30	   4	 221	   3	   2	  29	   5	  14	  80	  70	  30	 453	1267368	1267589	   0	 -40	
 607	 608	  70	   3	 337	   2	   2	  29	   6	  14	  80	  70	  30	 381	1269284	1269621	   0	 -40	
 608	 609	  30	   3	 157	   3	   2	  29	   6	  15	  80	  70	  30	 494	1271416	1271573	   0	 -40	
 609	 610	  80	   3	 225	   1	   2	  30	   6	  15	  80	  70	  30	 449	1273332	1273557	   0	 -40	
 610	 611	  70	   4	1131	   2	   2	  30	   7	  15	  80	  70	  30	 643	1275498	1276629	   0	 -40	
 611	 612	  30	   4	  12	   3	   2	  30	   7	  16	  80	  70	  30	 682	1278664	1278676	   0	 -40	
 612	 613	  70	   3	 330	   2	   2	  30	   8	  16	  80	  70	  30	 364	1280330	1280660	   0	 -40	
 613	 614	  50	   4	 130	   1	   2	   1	   8	  16	  50	  70	  30	 562	1282562	1282692	   1	 -40	
 614	 615	  70	   3	 212	   2	   2	   1	   9	  16	  50	  70	  30	 517	1284528	1284740	   0	 -40	
 615	 616	  30	   4	 161	   3	   2	   1	   9	  17	  50	  70	  30	 565	1286611	1286772	   0	 -40	
 616	 617	  50	   4	 255	   1	   2	   2	   9	  17	  50	  70	  30	 598	1288677	1288932	   0	 -40	
 617	 618	  30	   4	 226	   3	   2	   2	   9	  18	  50	  70	  30	 386	1290626	1290852	   0	 -40	
 618	 619	  70	   4	 274	   2	   2	   2	  10	  18	  50	  70	  30	 464	1292626	1292900	   0	 -40	
 619	 620	  30	   3	 155	   3	   2	   2	  10	  19	  50	  70	  30	 625	1294825	1294980	   0	 -40	
 620	 621	  70	   3	 105	   2	   2	   2	  11	  19	  50	  70	  30	 611	1296891	1296996	   0	 -40	
 621	 622	  50	   4	 416	   1	   2	   3	  11	  19	  50	  70	  30	 409	1298740	1299156	   0	 -40	
 622	 623	  70	   3	  67	   2	   2	   3	  12	  19	  50	  70	  30	 630	1301089	1301156	   0	 -40	
 623	 624	  50	   3	 333	   1	   2	   4	  12	  19	  50	  70	  30	 389	1302855	1303188	   0	 -40	
 624	 625	  30	   3	 165	   3	   2	   4	  12	  20	  50	  70	  30	 569	1305071	1305236	   0	 -40	
 625	 626	  70	   3	 332	   2	   2	   4	  13	  20	  50	  70	  30	 349	1306904	1307236	   0	 -40	
 626	 627	  50	   3	 447	   1	   2	   5	  13	  20	  50	  70	  30	 312	1308853	1309300	   0	 -40	
 627	 628	  30	   3	 245	   3	   2	   5	  13	  21	  50	  70	  30	 507	1311119	1311364	   0	 -40	
 628	 629	  50	   4	 283	   1	   2	   6	  13	  21	  50	  70	  30	 328	1312985	1313268	   0	 -40	
 629	 630	  70	   3	 245	   2	   2	   6	  14	  21	  50	  70	  30	 574	1315151	1315396	   0	 -40	
 630	 631	  30	   4	 274	   3	   2	   6	  14	  22	  50	  70	  30	 528	1317217	1317491	   0	 -40	
 631	 632	  50	   3	1418	   1	   2	   7	  14	  22	  50	  70	  30	 613	1319433	1320851	   0	 -40	
 632	 633	  70	   4	 305	   2	   2	   7	  15	  22	  50	  70	  30	 339	1322498	1322803	   0	 -40	
 633	 634	  30	   4	 272	   3	   2	   7	  15	  23	  50	  70	  30	 417	1324531	1324803	   0	 -40	
 634	 635	  50	   3	 120	   1	   2	   8	  15	  23	  50	  70	  30	 647	1326747	1326867	   0	 -40	
 635	 636	  30	   4	 305	   3	   2	   8	  15	  24	  50	  70	  30	 367	1328546	1328851	   0	 -40	
 636	 637	  50	   3	 295	   1	   2	   9	  15	  24	  50	  70	  30	 660	1330812	1331107	   0	 -40	
 637	 638	  30	   4	 258	   3	   2	   9	  15	  25	  50	  70	  30	 558	1332961	1333219	   0	 -40	
 638	 639	  70	   3	  42	   2	   2	   9	  16	  25	  50	  70	  30	 661	1335177	1335219	   0	 -40	
 639	 640	  50	   4	 271	   1	   2	  10	  16	  25	  50	  70	  30	 542	1337060	1337331	   0	 -40	
 640	 641	  70	   3	 216	   2	   2	  10	  17	  25	  50	  70	  30	 630	1339259	1339475	   0	 -40	
 641	 642	  30	   4	 229	   3	   2	  10	  17	  26	  50	  70	  30	 535	1341358	1341587	   0	 -40	
 642	 643	  50	   3	 297	   1	   2	  11	  17	  26	  50	  70	  30	 374	1343258	1343555	   0	 -40	
 643	 644	  70	   3	 166	   2	   2	  11	  18	  26	  50	  70	  30	 482	1345357	1345523	   0	 -40	
 644	 645	  30	   3	 216	   3	   2	  11	  18	  27	  50	  70	  30	 510	1347339	1347555	   0	 -40	
 645	 646	  70	   4	 167	   2	   2	  11	  19	  27	  50	  70	  30	 498	1349372	1349539	   0	 -40	
 646	 647	  50	   4	 256	   1	   2	  12	  19	  27	  50	  70	  30	 303	1351155	1351411	   0	 -40	
 647	 648	  30	   4	 142	   3	   2	  12	  19	  28	  50	  70	  30	 501	1353221	1353363	   0	 -40	
 648	 649	  50	   4	 280	   1	   2	  13	  19	  28	  50	  70	  30	 317	1354987	1355267	   0	 -40	
 649	 650	  30	   4	 478	   3	   2	  13	  19	  29	  50	  70	  30	 659	1357236	1357714	   0	 -40	
 650	 651	  70	   4	 308	   2	   2	  13	  20	  29	  50	  70	  30	 482	1359502	1359810	   0	 -40	
 651	 652	  30	   3	  -4	   3	   2	  13	  20	  30	  50	  70	  30	 588	1361734	1361730	   0	 -40	
 652	 653	  50	   3	 248	   1	   2	  14	  20	  30	  50	  70	  30	 396	1363434	1363682	   0	 -40	
 653	 654	  70	   4	  54	   2	   2	  14	  21	  30	  50	  70	  30	 512	1365500	1365554	   0	 -40	
 654	 655	  50	   3	  26	   1	   2	  15	  21	  30	  50	  70	  30	 563	1367416	1367442	   0	 -40	
 655	 656	  70	   3	 700	   2	   2	  15	  22	  30	  50	  70	  30	 639	1369382	1370082	   0	 -40	
 656	 657	  30	   4	 214	   3	   2	  15	  22	   1	  50	  70	  30	 570	1371964	1372178	   0	 -40	
 657	 658	  50	   4	 234	   1	   2	  16	  22	   1	  50	  70	  30	 387	1373880	1374114	   0	 -40	
 658	 659	  30	   4	 303	   3	   2	  16	  22	   2	  50	  70	  30	 335	1375763	1376066	   0	 -40	
 659	 660	  70	   3	 420	   2	   2	  16	  23	   2	  50	  70	  30	 683	1378062	1378482	   0	 -40	
 660	 661	  30	   4	 302	   3	   2	  16	  23	   3	  50	  70	  30	 437	1380228	1380530	   0	 -40	
 661	 662	  70	   3	 154	   2	   2	  16	  24	   3	  50	  70	  30	 468	1382344	1382498	   0	 -40	
 662	 663	  30	   4	 302	   3	   2	  16	  24	   4	  50	  70	  30	 459	1384260	1384562	   0	 -40	
 663	 664	  70	   3	 255	   2	   2	  16	  25	   4	  50	  70	  30	 383	1386259	1386514	   0	 -40	
 664	 665	  50	   3	 241	   1	   2	  17	  25	   4	  50	  70	  30	 406	1388225	1388466	   0	 -40	
 665	 666	  30	   3	  64	   3	   2	  17	  25	   5	  50	  70	  30	 494	1390258	1390322	   0	 -40	
 666	 667	  70	   3	  34	   2	   2	  17	  26	   5	  50	  70	  30	 590	1392224	1392258	   0	 -40	
 667	 668	  30	   4	 368	   3	   2	  17	  26	   6	  50	  70	  30	 345	1393906	1394274	   0	 -40	
 668	 669	  50	   4	 123	   1	   2	  18	  26	   6	  50	  70	  30	 460	1396039	1396162	   0	 -40	
 669	 670	  70	   4	 127	   2	   2	  18	  27	   6	  50	  70	  30	 481	1397955	1398082	   0	 -40	
 670	 671	  50	   3	 493	   1	   2	  19	  27	   6	  50	  70	  30	 625	1400004	1400497	   0	 -40	
 671	 672	  30	   3	 300	   3	   2	  19	  27	   7	  50	  70	  30	 618	1402453	1402753	   0	 -40	
 672	 673	  70	   3	 107	   2	   2	  19	  28	   7	  50	  70	  30	 420	1404486	1404593	   0	 -40	
 673	 674	  30	   4	 274	   3	   2	  19	  28	   8	  50	  70	  30	 420	1406319	1406593	   0	 -40	
 674	 675	  50	   4	1593	   1	   2	  20	  28	   8	  50	  70	  30	 676	1408568	1410161	   0	 -40	
 675	 676	  70	   3	 244	   2	   2	  20	  29	   8	  50	  70	  30	 465	1411933	1412177	   0	 -40	
 676	 677	  30	   4	 148	   3	   2	  20	  29	   9	  50	  70	  30	 466	1413949	1414097	   0	 -40	
 677	 678	  50	   3	 181	   1	   2	  21	  29	   9	  50	  70	  30	 519	1415932	1416113	   0	 -40	
 678	 679	  70	   4	 232	   2	   2	  21	  30	   9	  50	  70	  30	 433	1417865	1418097	   0	 -40	
 679	 680	  50	   3	  18	   1	   2	  22	  30	   9	  50	  70	  30	 642	1420047	1420065	   0	 -40	
 680	 681	  30	   3	  21	   3	   2	  22	  30	  10	  50	  70	  30	 612	1421980	1422001	   0	 -40	
 681	 682	  50	   1	 106	   1	   1	  23	  30	  10	  50	  70	  30	 546	1423879	1423985	   0	 -30	
 682	 683	  30	   4	  59	   3	   2	  23	  30	  11	  50	  70	  30	 588	1425878	1425937	   0	 -30	
 683	 684	  50	   4	 304	   1	   2	  24	  30	  11	  50	  70	  30	 523	1427761	1428065	   0	 -30	
 684	 685	  70	   3	 265	   2	   2	  24	  31	  11	  50	  70	  30	 569	1429944	1430209	   0	 -30	
 685	 686	  50	   4	  80	   1	   2	  25	  31	  11	  50	  70	  30	 686	1432209	1432289	   0	 -30	
 686	 687	  70	   3	 315	   2	   2	  25	  32	  11	  50	  70	  30	 359	1433942	1434257	   0	 -30	
 687	 688	  50	   4	 165	   1	   2	  26	  32	  11	  50	  70	  30	 533	1436108	1436273	   0	 -30	
 688	 689	  30	   4	 478	   3	   2	  26	  32	  12	  50	  70	  30	 693	1438274	1438752	   0	 -30	
 689	 690	  50	   4	 472	   1	   2	  27	  32	  12	  50	  70	  30	 381	1440440	1440912	   0	 -30	
 690	 691	  30	   4	 208	   3	   2	  27	  32	  13	  50	  70	  30	 433	1442656	1442864	   0	 -30	
 691	 692	  70	   3	  78	   2	   2	  27	  33	  13	  50	  70	  30	 526	1444722	1444800	   0	 -30	
 692	 693	  30	   4	 182	   3	   2	  27	  33	  14	  50	  70	  30	 450	1446554	1446736	   0	 -30	
 693	 694	  50	   3	 431	   1	   2	  28	  33	  14	  50	  70	  30	 693	1448737	1449168	   0	 -30	
 694	 695	  70	   4	 311	   2	   2	  28	  34	  14	  50	  70	  30	 483	1450969	1451280	   0	 -30	
 695	 696	  30	   3	 409	   3	   2	  28	  34	  15	  50	  70	  30	 342	1452919	1453328	   0	 -30	
 696	 697	  50	   4	 247	   1	   2	  29	  34	  15	  50	  70	  30	 376	1455001	1455248	   0	 -30	
 697	 698	  30	   4	 316	   3	   2	  29	  34	  16	  50	  70	  30	 320	1456884	1457200	   0	 -30	
 698	 699	  50	   3	 147	   1	   2	  30	  34	  16	  50	  70	  30	 604	1459117	1459264	   0	 -30	
 699	 700	  30	   4	 353	   3	   2	  30	  34	  17	  50	  70	  30	 620	1461199	1461552	   0	 -30	
 700	 701	  70	   3	  72	   2	   2	  30	  35	  17	  50	  70	  30	 571	1463432	1463504	   0	 -30	
 701	 702	  30	   2	 356	   3	   1	  30	  35	  18	  50	  70	  30	 327	1465164	1465520	   0	 -40	
 702	 703	  50	   2	 250	   1	   1	  31	  35	  18	  50	  70	  30	 584	1467414	1467664	   0	 -50	
 703	 704	  30	   3	 251	   3	   2	  31	  35	  19	  50	  70	  30	 444	1469413	1469664	   0	 -50	
 704	 705	  50	   2	 133	   1	   1	  32	  35	  19	  50	  70	  30	 620	1471595	1471728	   0	 -60	
 705	 706	  70	   3	  82	   2	   2	  32	   1	  19	  50	  70	  30	 637	1473678	1473760	   0	 -60	
 706	 707	  50	   3	 147	   1	   2	  33	   1	  19	  50	  70	  30	 591	1475661	1475808	   0	 -60	
 707	 708	  30	   3	 229	   3	   2	  33	   1	  20	  50	  70	  30	 502	1477627	1477856	   0	 -60	
 708	 709	  50	   4	 248	   1	   2	   1	   1	  20	  50	  70	  30	 409	1479559	1479807	   0	 -60	
