Version: 1	Number of symbols: 3	Pictures exchange: true	Response Deadline: 2000
Trial_No	Virt_Trial_No	Prob_Shown	Feedback	RT	Stimulus_No	Resp	SymbolA_Stage	SymbolB_Stage	SymbolC_Stage	Prob_A	Prob_B	Prob_C	Jitter	StimOnset	RespOnset	Symbol_Changes	Bonus_sum
   1	   1	  30	   4	1991	   1	   2	   1	   0	   0	  30	  70	  50	 383	1565	3556	   0	   0	
NaN	   2	  50	NaN	NaN	   3	   3	   1	   0	   0	  30	  70	  50	 439	1565	NaN	   0	   0	
NaN	   3	  30	NaN	NaN	   1	   3	   1	   0	   0	  30	  70	  50	 692	1565	NaN	   0	   0	
   2	   4	  50	   4	1502	   3	   2	   1	   0	   1	  30	  70	  50	 692	13222	14724	   0	   0	
   3	   5	  70	   3	 573	   2	   2	   1	   1	   1	  30	  70	  50	 585	16614	17187	   0	   0	
   4	   6	  30	   4	 539	   1	   2	   2	   1	   1	  30	  70	  50	 698	19192	19731	   0	   0	
   5	   7	  50	   3	 703	   3	   2	   2	   1	   2	  30	  70	  50	 590	21620	22323	   0	   0	
   6	   8	  70	   3	 627	   2	   2	   2	   2	   2	  30	  70	  50	 432	24064	24691	   0	   0	
   7	   9	  50	   2	 922	   3	   1	   2	   2	   3	  30	  70	  50	 409	26393	27315	   0	 -10	
   8	  10	  30	   4	 732	   1	   2	   3	   2	   3	  30	  70	  50	 695	29319	30051	   0	 -10	
   9	  11	  50	   2	 606	   3	   1	   3	   2	   4	  30	  70	  50	 436	31797	32403	   0	 -20	
  10	  12	  70	   1	 660	   2	   1	   3	   3	   4	  30	  70	  50	 462	34175	34835	   0	 -10	
  11	  13	  50	   1	 494	   3	   1	   3	   3	   5	  30	  70	  50	 687	36836	37330	   0	   0	
  12	  14	  70	   2	 761	   2	   1	   3	   4	   5	  30	  70	  50	 451	39097	39858	   0	 -10	
  13	  15	  50	   4	 679	   3	   2	   3	   4	   6	  30	  70	  50	 505	41675	42354	   0	 -10	
  14	  16	  30	   3	 403	   1	   2	   4	   4	   6	  30	  70	  50	 661	44319	44722	   0	 -10	
  15	  17	  70	   2	 694	   2	   1	   4	   5	   6	  30	  70	  50	 329	46364	47058	   0	 -20	
  16	  18	  50	   3	 455	   3	   2	   4	   5	   7	  30	  70	  50	 499	48875	49330	   0	 -20	
  17	  19	  70	   1	 629	   2	   1	   4	   6	   7	  30	  70	  50	 400	51037	51666	   0	 -10	
  18	  20	  30	   3	 667	   1	   2	   5	   6	   7	  30	  70	  50	 416	53399	54066	   0	 -10	
  19	  21	  50	   1	 566	   3	   1	   5	   6	   8	  30	  70	  50	 683	56059	56625	   0	   0	
  20	  22	  30	   4	 764	   1	   2	   6	   6	   8	  30	  70	  50	 480	58421	59185	   0	   0	
  21	  23	  50	   4	 743	   3	   2	   6	   6	   9	  30	  70	  50	 591	61098	61841	   0	   0	
  22	  24	  30	   4	 626	   1	   2	   7	   6	   9	  30	  70	  50	 630	63775	64401	   0	   0	
  23	  25	  70	   1	 604	   2	   1	   7	   7	   9	  30	  70	  50	 331	66037	66641	   0	  10	
  24	  26	  50	   1	 559	   3	   1	   7	   7	  10	  30	  70	  50	 549	68498	69057	   0	  20	
  25	  27	  30	   4	 534	   1	   2	   8	   7	  10	  30	  70	  50	 485	70843	71377	   0	  20	
  26	  28	  50	   3	 675	   3	   2	   8	   7	  11	  30	  70	  50	 346	73038	73713	   0	  20	
  27	  29	  70	   1	 469	   2	   1	   8	   8	  11	  30	  70	  50	 479	75499	75968	   0	  30	
  28	  30	  50	   2	 944	   3	   1	   8	   8	  12	  30	  70	  50	 478	77744	78688	   0	  20	
  29	  31	  70	   1	 568	   2	   1	   8	   9	  12	  30	  70	  50	 498	80504	81072	   0	  30	
  30	  32	  50	   1	 574	   3	   1	   8	   9	  13	  30	  70	  50	 492	82866	83440	   0	  40	
  31	  33	  30	   4	 429	   1	   2	   9	   9	  13	  30	  70	  50	 693	85443	85872	   0	  40	
  32	  34	  70	   2	 385	   2	   1	   9	  10	  13	  30	  70	  50	 664	87855	88240	   0	  30	
  33	  35	  30	   3	 760	   1	   2	  10	  10	  13	  30	  70	  50	 667	90216	90976	   0	  30	
  34	  36	  70	   1	 628	   2	   1	  10	  11	  13	  30	  70	  50	 592	92860	93488	   0	  40	
  35	  37	  50	   1	 656	   3	   1	  10	  11	  14	  30	  70	  50	 686	95487	96143	   0	  50	
  36	  38	  30	   4	 432	   1	   2	  11	  11	  14	  30	  70	  50	 547	97999	98431	   0	  50	
  37	  39	  70	   2	 486	   2	   1	  11	  12	  14	  30	  70	  50	 639	100377	100863	   0	  40	
  38	  40	  30	   1	 372	   1	   1	  12	  12	  14	  30	  70	  50	 395	102555	102927	   0	  50	
  39	  41	  50	   2	 519	   3	   1	  12	  12	  15	  30	  70	  50	 346	104584	105103	   0	  40	
  40	  42	  70	   1	 399	   2	   1	  12	  13	  15	  30	  70	  50	 516	106928	107327	   0	  50	
  41	  43	  30	   4	 403	   1	   2	  13	  13	  15	  30	  70	  50	 679	109340	109743	   0	  50	
  42	  44	  70	   3	 461	   2	   2	  13	  14	  15	  30	  70	  50	 562	111618	112079	   0	  50	
  43	  45	  50	   3	 524	   3	   2	  13	  14	  16	  30	  70	  50	 394	113763	114287	   0	  50	
  44	  46	  30	   4	 444	   1	   2	  14	  14	  16	  30	  70	  50	 663	116258	116702	   0	  50	
  45	  47	  70	   1	 505	   2	   1	  14	  15	  16	  30	  70	  50	 430	118453	118958	   0	  60	
  46	  48	  30	   2	 535	   1	   1	  15	  15	  16	  30	  70	  50	 368	120631	121166	   0	  50	
  47	  49	  70	   2	 468	   2	   1	  15	  16	  16	  30	  70	  50	 341	122810	123278	   0	  40	
  48	  50	  30	   3	 721	   1	   2	  16	  16	  16	  30	  70	  50	 428	125005	125726	   0	  40	
  49	  51	  70	   1	 407	   2	   1	  16	  17	  16	  30	  70	  50	 359	127383	127790	   0	  50	
  50	  52	  30	   4	 479	   1	   2	  17	  17	  16	  30	  70	  50	 621	129711	130190	   0	  50	
  51	  53	  70	   1	 554	   2	   1	  17	  18	  16	  30	  70	  50	 450	131972	132526	   0	  60	
  52	  54	  30	   4	 477	   1	   2	  18	  18	  16	  30	  70	  50	 567	134400	134877	   0	  60	
  53	  55	  70	   2	 419	   2	   1	  18	  19	  16	  30	  70	  50	 585	136762	137181	   0	  50	
  54	  56	  50	   4	 411	   3	   2	  18	  19	  17	  30	  70	  50	 596	139090	139501	   0	  50	
  55	  57	  30	   3	 451	   1	   2	  19	  19	  17	  30	  70	  50	 616	141434	141885	   0	  50	
  56	  58	  70	   1	 494	   2	   1	  19	  20	  17	  30	  70	  50	 491	143679	144173	   0	  60	
  57	  59	  50	   4	 611	   3	   2	  19	  20	  18	  30	  70	  50	 598	146074	146685	   0	  60	
  58	  60	  30	   4	 603	   1	   2	  20	  20	  18	  30	  70	  50	 404	148402	149005	   0	  60	
  59	  61	  50	   1	 582	   3	   1	  20	  20	  19	  30	  70	  50	 337	150647	151229	   0	  70	
  60	  62	  70	   1	 606	   2	   1	  20	  21	  19	  30	  70	  50	 397	152942	153548	   0	  80	
  61	  63	  50	   4	 568	   3	   2	  20	  21	  20	  30	  70	  50	 338	155204	155772	   0	  80	
  62	  64	  70	   2	 715	   2	   1	  20	  22	  20	  30	  70	  50	 579	157665	158380	   0	  70	
  63	  65	  50	   2	 974	   3	   1	  20	  22	  21	  30	  70	  50	 451	160142	161116	   0	  60	
  64	  66	  30	   4	 523	   1	   2	  21	  22	  21	  30	  70	  50	 322	162737	163260	   0	  60	
  65	  67	  70	   3	 528	   2	   2	  21	  23	  21	  30	  70	  50	 611	165164	165692	   0	  60	
  66	  68	  30	   3	 569	   1	   2	  22	  23	  21	  30	  70	  50	 434	167443	168012	   0	  60	
  67	  69	  50	   1	 528	   3	   1	  22	  23	  22	  30	  70	  50	 488	169804	170332	   0	  70	
  68	  70	  70	   1	 818	   2	   1	  22	  24	  22	  30	  70	  50	 622	172265	173083	   0	  80	
  69	  71	  50	   4	 749	   3	   2	  22	  24	  23	  30	  70	  50	 535	174926	175675	   0	  80	
  70	  72	  70	   1	 585	   2	   1	  22	  25	  23	  30	  70	  50	 594	177570	178155	   0	  90	
  71	  73	  50	   4	 756	   3	   2	  22	  25	  24	  30	  70	  50	 342	179815	180571	   0	  90	
  72	  74	  70	   2	 655	   2	   1	  22	  26	  24	  30	  70	  50	 620	182492	183147	   0	  80	
  73	  75	  50	   1	 668	   3	   1	  22	  26	  25	  30	  70	  50	 648	185103	185771	   0	  90	
  74	  76	  70	   1	 663	   2	   1	  22	  27	  25	  30	  70	  50	 687	187764	188427	   0	 100	
  75	  77	  50	   4	 952	   3	   2	  22	  27	  26	  30	  70	  50	 547	190291	191243	   0	 100	
  76	  78	  70	   1	 673	   2	   1	  22	  28	  26	  30	  70	  50	 437	192985	193658	   0	 110	
  77	  79	  50	   3	 872	   3	   2	  22	  28	  27	  30	  70	  50	 365	195330	196202	   0	 110	
  78	  80	  30	   4	 607	   1	   2	  23	  28	  27	  30	  70	  50	 594	198091	198698	   0	 110	
  79	  81	  70	   2	 597	   2	   1	  23	  29	  27	  30	  70	  50	 494	200485	201082	   0	 100	
  80	  82	  30	   4	 630	   1	   2	  24	  29	  27	  30	  70	  50	 581	202980	203610	   0	 100	
  81	  83	  50	   3	 797	   3	   2	  24	  29	  28	  30	  70	  50	 404	205341	206138	   0	 100	
  82	  84	  30	   4	 554	   1	   2	  25	  29	  28	  30	  70	  50	 516	207968	208522	   0	 100	
  83	  85	  70	   1	 574	   2	   1	  25	  30	  28	  30	  70	  50	 567	210396	210970	   0	 110	
  84	  86	  50	   4	 540	   3	   2	  25	  30	  29	  30	  70	  50	 675	212941	213481	   0	 110	
  85	  87	  70	   1	 635	   2	   1	  25	  31	  29	  30	  70	  50	 314	215102	215737	   0	 120	
  86	  88	  50	   3	 606	   3	   2	  25	  31	  30	  30	  70	  50	 501	217547	218153	   0	 120	
  87	  89	  30	   1	 668	   1	   1	  26	  31	  30	  30	  70	  50	 664	220125	220793	   0	 130	
  88	  90	  70	   2	 641	   2	   1	  26	  32	  30	  30	  70	  50	 456	222552	223193	   0	 120	
  89	  91	  30	   4	1253	   3	   2	  26	  32	   1	  30	  70	  30	 446	224980	226233	   3	 120	
  90	  92	  70	   1	 621	   2	   1	  26	  33	   1	  30	  70	  30	 624	228156	228777	   0	 130	
  91	  93	  30	   4	 651	   1	   2	  27	  33	   1	  30	  70	  30	 637	230734	231385	   0	 130	
  92	  94	  30	   3	 955	   3	   2	  27	  33	   2	  30	  70	  30	 549	233245	234200	   0	 130	
  93	  95	  30	   4	 809	   1	   2	  28	  33	   2	  30	  70	  30	 341	235839	236648	   0	 130	
  94	  96	  20	   4	1098	   2	   2	  28	   1	   2	  30	  20	  30	 369	238334	239432	   2	 130	
  95	  97	  30	   3	 666	   1	   2	  29	   1	   2	  30	  20	  30	 574	241310	241976	   0	 130	
  96	  98	  30	   4	 665	   3	   2	  29	   1	   3	  30	  20	  30	 572	243855	244520	   0	 130	
  97	  99	  30	   4	 726	   1	   2	  30	   1	   3	  30	  20	  30	 652	246482	247208	   0	 130	
  98	 100	  30	   4	 669	   3	   2	  30	   1	   4	  30	  20	  30	 334	248843	249512	   0	 130	
  99	 101	  20	   2	 992	   2	   1	  30	   2	   4	  30	  20	  30	 459	251271	252263	   0	 120	
 100	 102	  30	   4	 601	   1	   2	  31	   2	   4	  30	  20	  30	 416	253982	254583	   0	 120	
 101	 103	  20	   3	 477	   2	   2	  31	   3	   4	  30	  20	  30	 526	256426	256903	   0	 120	
 102	 104	  30	   4	 758	   3	   2	  31	   3	   5	  30	  20	  30	 507	258705	259463	   0	 120	
 103	 105	  20	   4	 709	   2	   2	  31	   4	   5	  30	  20	  30	 516	261282	261991	   0	 120	
 104	 106	  30	   3	 584	   3	   2	  31	   4	   6	  30	  20	  30	 442	263727	264311	   0	 120	
 105	 107	  20	   4	 600	   2	   2	  31	   5	   6	  30	  20	  30	 650	266271	266871	   0	 120	
 106	 108	  30	   4	 559	   3	   2	  31	   5	   7	  30	  20	  30	 458	268632	269191	   0	 120	
 107	 109	  20	   3	 488	   2	   2	  31	   6	   7	  30	  20	  30	 424	270911	271399	   0	 120	
 108	 110	  30	   3	 708	   1	   2	  32	   6	   7	  30	  20	  30	 403	273106	273814	   0	 120	
 109	 111	  30	   4	 464	   3	   2	  32	   6	   8	  30	  20	  30	 634	275750	276214	   0	 120	
 110	 112	  20	   4	 399	   2	   2	  32	   7	   8	  30	  20	  30	 374	277895	278294	   0	 120	
 111	 113	  30	   4	 635	   3	   2	  32	   7	   9	  30	  20	  30	 510	280123	280758	   0	 120	
 112	 114	  30	   4	 452	   1	   2	  33	   7	   9	  30	  20	  30	 358	282418	282870	   0	 120	
 113	 115	  30	   1	 613	   3	   1	  33	   7	  10	  30	  20	  30	 342	284513	285126	   0	 130	
 114	 116	  30	   4	 530	   1	   2	  34	   7	  10	  30	  20	  30	 666	287108	287638	   0	 130	
 115	 117	  30	   3	 486	   3	   2	  34	   7	  11	  30	  20	  30	 609	289552	290038	   0	 130	
 116	 118	  30	   4	 447	   1	   2	  35	   7	  11	  30	  20	  30	 477	291814	292261	   0	 130	
 117	 119	  30	   4	 543	   3	   2	  35	   7	  12	  30	  20	  30	 377	293942	294485	   0	 130	
 118	 120	  20	   4	 549	   2	   2	  35	   8	  12	  30	  20	  30	 522	296304	296853	   0	 130	
 119	 121	  80	   1	 900	   1	   1	   1	   8	  12	  80	  20	  30	 678	298881	299781	   1	 140	
 120	 122	  30	   4	 623	   3	   2	   1	   8	  13	  80	  20	  30	 462	301558	302181	   0	 140	
 121	 123	  80	   1	 916	   1	   1	   2	   8	  13	  80	  20	  30	 458	303953	304869	   0	 150	
 122	 124	  30	   4	 489	   3	   2	   2	   8	  14	  80	  20	  30	 599	306780	307269	   0	 150	
 123	 125	  80	   2	 603	   1	   1	   3	   8	  14	  80	  20	  30	 698	309274	309877	   0	 140	
 124	 126	  30	   3	 485	   3	   2	   3	   8	  15	  80	  20	  30	 344	311519	312004	   0	 140	
 125	 127	  80	   1	 507	   1	   1	   4	   8	  15	  80	  20	  30	 568	313881	314388	   0	 150	
 126	 128	  30	   4	 666	   3	   2	   4	   8	  16	  80	  20	  30	 330	316026	316692	   0	 150	
 127	 129	  20	   4	 621	   2	   2	   4	   9	  16	  80	  20	  30	 468	318471	319092	   0	 150	
 128	 130	  80	   1	 491	   1	   1	   5	   9	  16	  80	  20	  30	 682	321081	321572	   0	 160	
 129	 131	  30	   4	 473	   3	   2	   5	   9	  17	  80	  20	  30	 358	323227	323700	   0	 160	
 130	 132	  80	   2	 694	   1	   1	   6	   9	  17	  80	  20	  30	 421	325422	326116	   0	 150	
 131	 133	  30	   4	 448	   3	   2	   6	   9	  18	  80	  20	  30	 675	328116	328564	   0	 150	
 132	 134	  80	   1	 588	   1	   1	   7	   9	  18	  80	  20	  30	 443	330311	330899	   0	 160	
 133	 135	  20	   4	 695	   2	   2	   7	  10	  18	  80	  20	  30	 367	332572	333267	   0	 160	
 134	 136	  80	   1	 594	   1	   1	   8	  10	  18	  80	  20	  30	 655	335233	335827	   0	 170	
 135	 137	  20	   3	 633	   2	   2	   8	  11	  18	  80	  20	  30	 434	337578	338211	   0	 170	
 136	 138	  80	   1	 722	   1	   1	   9	  11	  18	  80	  20	  30	 353	339873	340595	   0	 180	
 137	 139	  20	   4	 624	   2	   2	   9	  12	  18	  80	  20	  30	 566	342467	343091	   0	 180	
 138	 140	  30	   3	 507	   3	   2	   9	  12	  19	  80	  20	  30	 324	344712	345219	   0	 180	
 139	 141	  80	   1	 463	   1	   1	  10	  12	  19	  80	  20	  30	 630	347156	347619	   0	 190	
 140	 142	  30	   2	 771	   3	   1	  10	  12	  20	  80	  20	  30	 619	349551	350322	   0	 180	
 141	 143	  20	   4	 684	   2	   2	  10	  13	  20	  80	  20	  30	 638	352278	352962	   0	 180	
 142	 144	  80	   2	 751	   1	   1	  11	  13	  20	  80	  20	  30	 460	354723	355474	   0	 170	
 143	 145	  30	   3	 568	   3	   2	  11	  13	  21	  80	  20	  30	 669	357450	358018	   0	 170	
 144	 146	  20	   4	 707	   2	   2	  11	  14	  21	  80	  20	  30	 395	359711	360418	   0	 170	
 145	 147	  30	   4	 546	   3	   2	  11	  14	  22	  80	  20	  30	 545	362272	362818	   0	 170	
 146	 148	  20	   4	 574	   2	   2	  11	  15	  22	  80	  20	  30	 351	364484	365058	   0	 170	
 147	 149	  80	   1	 504	   1	   1	  12	  15	  22	  80	  20	  30	 385	366746	367250	   0	 180	
 148	 150	  20	   4	 629	   2	   2	  12	  16	  22	  80	  20	  30	 375	368924	369553	   0	 180	
 149	 151	  80	   3	 511	   1	   2	  13	  16	  22	  80	  20	  30	 317	371186	371697	   0	 180	
 150	 152	  20	   4	 729	   2	   2	  13	  17	  22	  80	  20	  30	 474	373480	374209	   0	 180	
 151	 153	  30	   4	 555	   3	   2	  13	  17	  23	  80	  20	  30	 418	375958	376513	   0	 180	
 152	 154	  20	   3	 560	   2	   2	  13	  18	  23	  80	  20	  30	 538	378353	378913	   0	 180	
 153	 155	  80	   1	 476	   1	   1	  14	  18	  23	  80	  20	  30	 366	380581	381057	   0	 190	
 154	 156	  30	   4	 484	   3	   2	  14	  18	  24	  80	  20	  30	 529	382893	383377	   0	 190	
 155	 157	  80	   1	 737	   1	   1	  15	  18	  24	  80	  20	  30	 423	385104	385841	   0	 200	
 156	 158	  20	   4	 541	   2	   2	  15	  19	  24	  80	  20	  30	 603	387748	388289	   0	 200	
 157	 159	  30	   4	 572	   3	   2	  15	  19	  25	  80	  20	  30	 684	390276	390848	   0	 200	
 158	 160	  80	   1	 843	   1	   1	  16	  19	  25	  80	  20	  30	 678	392837	393680	   0	 210	
 159	 161	  20	   4	 639	   2	   2	  16	  20	  25	  80	  20	  30	 685	395681	396320	   0	 210	
 160	 162	  30	   4	 565	   3	   2	  16	  20	  26	  80	  20	  30	 447	398075	398640	   0	 210	
 161	 163	  80	   1	 517	   1	   1	  17	  20	  26	  80	  20	  30	 633	400603	401120	   0	 220	
 162	 164	  30	   3	 533	   3	   2	  17	  20	  27	  80	  20	  30	 305	402731	403264	   0	 220	
 163	 165	  20	   4	 405	   2	   2	  17	  21	  27	  80	  20	  30	 684	405259	405664	   0	 220	
 164	 166	  30	   4	 651	   3	   2	  17	  21	  28	  80	  20	  30	 636	407604	408255	   0	 220	
 165	 167	  80	   2	 741	   1	   1	  18	  21	  28	  80	  20	  30	 316	409882	410623	   0	 210	
 166	 168	  30	   4	 352	   3	   2	  18	  21	  29	  80	  20	  30	 631	412559	412911	   0	 210	
 167	 169	  20	   4	 579	   2	   2	  18	  22	  29	  80	  20	  30	 365	414588	415167	   0	 210	
 168	 170	  30	   3	 725	   3	   2	  18	  22	  30	  80	  20	  30	 591	417066	417791	   0	 210	
 169	 171	  80	   1	 496	   1	   1	  19	  22	  30	  80	  20	  30	 640	419727	420223	   0	 220	
 170	 172	  30	   4	 536	   3	   2	  19	  22	  31	  80	  20	  30	 531	422071	422607	   0	 220	
 171	 173	  20	   3	 492	   2	   2	  19	  23	  31	  80	  20	  30	 550	424483	424975	   0	 220	
 172	 174	  80	   1	 481	   1	   1	  20	  23	  31	  80	  20	  30	 622	426894	427375	   0	 230	
 173	 175	  30	   4	 423	   3	   2	  20	  23	  32	  80	  20	  30	 555	429239	429662	   0	 230	
 174	 176	  80	   1	 637	   1	   1	  21	  23	  32	  80	  20	  30	 655	431617	432254	   0	 240	
 175	 177	  30	   4	 497	   3	   2	  21	  23	  33	  80	  20	  30	 502	434061	434558	   0	 240	
 176	 178	  80	   1	 537	   1	   1	  22	  23	  33	  80	  20	  30	 504	436373	436910	   0	 250	
 177	 179	  30	   3	 525	   3	   2	  22	  23	  34	  80	  20	  30	 609	438817	439342	   0	 250	
 178	 180	  20	   4	 648	   2	   2	  22	  24	  34	  80	  20	  30	 421	441062	441710	   0	 250	
 179	 181	  30	   4	 959	   3	   2	  22	  24	  35	  80	  20	  30	 379	443407	444366	   0	 250	
 180	 182	  20	   3	 548	   2	   2	  22	  25	  35	  80	  20	  30	 570	446234	446782	   0	 250	
 181	 183	  80	   2	 506	   1	   1	  23	  25	  35	  80	  20	  30	 466	448579	449085	   0	 240	
 182	 184	  70	   3	1104	   3	   2	  23	  25	   1	  80	  20	  70	 552	450973	452077	   3	 240	
 183	 185	  20	   4	 881	   2	   2	  23	  26	   1	  80	  20	  70	 516	453900	454781	   0	 240	
 184	 186	  70	   4	1242	   3	   2	  23	  26	   2	  80	  20	  70	 532	456627	457869	   0	 240	
 185	 187	  20	   4	 713	   2	   2	  23	  27	   2	  80	  20	  70	 443	459604	460317	   0	 240	
 186	 188	  70	   1	 729	   3	   1	  23	  27	   3	  80	  20	  70	 508	462132	462861	   0	 250	
 187	 189	  20	   4	 637	   2	   2	  23	  28	   3	  80	  20	  70	 395	464576	465213	   0	 250	
 188	 190	  80	   1	 622	   1	   1	  24	  28	   3	  80	  20	  70	 561	467070	467692	   0	 260	
 189	 191	  70	   2	 642	   3	   1	  24	  28	   4	  80	  20	  70	 486	469482	470124	   0	 250	
 190	 192	  80	   2	 643	   1	   1	  25	  28	   4	  80	  20	  70	 589	472009	472652	   0	 240	
 191	 193	  20	   4	 885	   2	   2	  25	  29	   4	  80	  20	  70	 507	474471	475356	   0	 240	
 192	 194	  70	   1	 570	   3	   1	  25	  29	   5	  80	  20	  70	 633	477298	477868	   0	 250	
 193	 195	  20	   4	 846	   2	   2	  25	  30	   5	  80	  20	  70	 577	479742	480588	   0	 250	
 194	 196	  70	   1	 706	   3	   1	  25	  30	   6	  80	  20	  70	 696	482602	483308	   0	 260	
 195	 197	  80	   1	 790	   1	   1	  26	  30	   6	  80	  20	  70	 402	485014	485804	   0	 270	
 196	 198	  50	   3	1004	   2	   2	  26	   1	   6	  80	  50	  70	 685	487807	488811	   2	 270	
 197	 199	  70	   1	 463	   3	   1	  26	   1	   7	  80	  50	  70	 564	490684	491147	   0	 280	
 198	 200	  50	   4	 789	   2	   2	  26	   2	   7	  80	  50	  70	 592	493046	493835	   0	 280	
 199	 201	  80	   1	 835	   1	   1	  27	   2	   7	  80	  50	  70	 509	495640	496475	   0	 290	
 200	 202	  70	   2	 704	   3	   1	  27	   2	   8	  80	  50	  70	 489	498267	498971	   0	 280	
 201	 203	  50	   3	 819	   2	   2	  27	   3	   8	  80	  50	  70	 413	500712	501531	   0	 280	
 202	 204	  70	   1	 730	   3	   1	  27	   3	   9	  80	  50	  70	 652	503489	504219	   0	 290	
 203	 205	  50	   2	1163	   2	   1	  27	   4	   9	  80	  50	  70	 443	505967	507130	   0	 280	
 204	 206	  70	   1	 847	   3	   1	  27	   4	  10	  80	  50	  70	 407	508843	509690	   0	 290	
 205	 207	  50	   2	 512	   2	   1	  27	   5	  10	  80	  50	  70	 350	511354	511866	   0	 280	
 206	 208	  80	   1	 669	   1	   1	  28	   5	  10	  80	  50	  70	 355	513533	514202	   0	 290	
 207	 209	  50	   3	 414	   2	   2	  28	   6	  10	  80	  50	  70	 537	516044	516458	   0	 290	
 208	 210	  80	   1	 688	   1	   1	  29	   6	  10	  80	  50	  70	 333	518106	518794	   0	 300	
 209	 211	  70	   2	 638	   3	   1	  29	   6	  11	  80	  50	  70	 591	520684	521322	   0	 290	
 210	 212	  50	   1	 775	   2	   1	  29	   7	  11	  80	  50	  70	 368	522995	523770	   0	 300	
 211	 213	  80	   1	 650	   1	   1	  30	   7	  11	  80	  50	  70	 377	525456	526106	   0	 310	
 212	 214	  70	   2	 554	   3	   1	  30	   7	  12	  80	  50	  70	 553	527967	528521	   0	 300	
 213	 215	  80	   1	 557	   1	   1	  31	   7	  12	  80	  50	  70	 584	530412	530969	   0	 310	
 214	 216	  70	   1	 515	   3	   1	  31	   7	  13	  80	  50	  70	 542	532806	533321	   0	 320	
 215	 217	  50	   2	 571	   2	   1	  31	   8	  13	  80	  50	  70	 490	535118	535689	   0	 310	
 216	 218	  80	   1	 391	   1	   1	  32	   8	  13	  80	  50	  70	 347	537346	537737	   0	 320	
 217	 219	  50	   2	 648	   2	   1	  32	   9	  13	  80	  50	  70	 410	539441	540089	   0	 310	
 218	 220	  80	   1	 465	   1	   1	  33	   9	  13	  80	  50	  70	 317	541720	542185	   0	 320	
 219	 221	  70	   1	 486	   3	   1	  33	   9	  14	  80	  50	  70	 638	544131	544617	   0	 330	
 220	 222	  50	   1	 538	   2	   1	  33	  10	  14	  80	  50	  70	 598	546526	547064	   0	 340	
 221	 223	  70	   1	 478	   3	   1	  33	  10	  15	  80	  50	  70	 586	548970	549448	   0	 350	
 222	 224	  20	   4	 845	   1	   2	   1	  10	  15	  20	  50	  70	 327	551099	551944	   1	 350	
 223	 225	  50	   2	 989	   2	   1	   1	  11	  15	  20	  50	  70	 379	553643	554632	   0	 340	
 224	 226	  70	   1	 543	   3	   1	   1	  11	  16	  20	  50	  70	 616	556553	557096	   0	 350	
 225	 227	  20	   4	 888	   1	   2	   2	  11	  16	  20	  50	  70	 461	558848	559736	   0	 350	
 226	 228	  70	   2	 781	   3	   1	   2	  11	  17	  20	  50	  70	 639	561675	562456	   0	 340	
 227	 229	  20	   4	 785	   1	   2	   3	  11	  17	  20	  50	  70	 354	564119	564904	   0	 340	
 228	 230	  50	   1	 668	   2	   1	   3	  12	  17	  20	  50	  70	 557	566763	567431	   0	 350	
 229	 231	  70	   1	 708	   3	   1	   3	  12	  18	  20	  50	  70	 341	569075	569783	   0	 360	
 230	 232	  50	   4	 696	   2	   2	   3	  13	  18	  20	  50	  70	 414	571503	572199	   0	 360	
 231	 233	  70	   1	 860	   3	   1	   3	  13	  19	  20	  50	  70	 407	573931	574791	   0	 370	
 232	 234	  20	   3	 681	   1	   2	   4	  13	  19	  20	  50	  70	 433	576542	577223	   0	 370	
 233	 235	  70	   1	 604	   3	   1	   4	  13	  20	  20	  50	  70	 485	579019	579623	   0	 380	
 234	 236	  20	   4	 770	   1	   2	   5	  13	  20	  20	  50	  70	 452	581381	582151	   0	 380	
 235	 237	  50	   4	 654	   2	   2	   5	  14	  20	  20	  50	  70	 585	584041	584695	   0	 380	
 236	 238	  70	   4	 622	   3	   2	   5	  14	  21	  20	  50	  70	 547	586552	587174	   0	 380	
 237	 239	  50	   3	1359	   2	   2	   5	  15	  21	  20	  50	  70	 590	589063	590422	   0	 380	
 238	 240	  70	   1	 730	   3	   1	   5	  15	  22	  20	  50	  70	 424	592156	592886	   0	 390	
 239	 241	  50	   3	 757	   2	   2	   5	  16	  22	  20	  50	  70	 601	594801	595558	   0	 390	
 240	 242	  20	   4	 967	   1	   2	   6	  16	  22	  20	  50	  70	 441	597295	598262	   0	 390	
 241	 243	  50	   4	 914	   2	   2	   6	  17	  22	  20	  50	  70	 378	599956	600870	   0	 390	
 242	 244	  20	   1	 854	   1	   1	   7	  17	  22	  20	  50	  70	 630	602816	603670	   0	 400	
 243	 245	  70	   1	 585	   3	   1	   7	  17	  23	  20	  50	  70	 693	605660	606245	   0	 410	
 244	 246	  50	   3	 700	   2	   2	   7	  18	  23	  20	  50	  70	 562	608121	608821	   0	 410	
 245	 247	  20	   4	 573	   1	   2	   8	  18	  23	  20	  50	  70	 525	610648	611221	   0	 410	
 246	 248	  50	   4	 974	   2	   2	   8	  19	  23	  20	  50	  70	 617	613143	614117	   0	 410	
 247	 249	  70	   1	 618	   3	   1	   8	  19	  24	  20	  50	  70	 389	615803	616421	   0	 420	
 248	 250	  20	   4	 670	   1	   2	   9	  19	  24	  20	  50	  70	 510	618231	618901	   0	 420	
 249	 251	  70	   3	 536	   3	   2	   9	  19	  25	  20	  50	  70	 696	620909	621445	   0	 420	
 250	 252	  50	   3	 640	   2	   2	   9	  20	  25	  20	  50	  70	 491	623237	623877	   0	 420	
 251	 253	  20	   4	 563	   1	   2	  10	  20	  25	  20	  50	  70	 480	625681	626244	   0	 420	
 252	 254	  70	   2	 580	   3	   1	  10	  20	  26	  20	  50	  70	 639	628192	628772	   0	 410	
 253	 255	  50	   3	 488	   2	   2	  10	  21	  26	  20	  50	  70	 524	630604	631092	   0	 410	
 254	 256	  70	   1	 694	   3	   1	  10	  21	  27	  20	  50	  70	 380	632782	633476	   0	 420	
 255	 257	  50	   4	 814	   2	   2	  10	  22	  27	  20	  50	  70	 322	635110	635924	   0	 420	
 256	 258	  70	   3	 627	   3	   2	  10	  22	  28	  20	  50	  70	 700	637937	638564	   0	 420	
 257	 259	  50	   4	 420	   2	   2	  10	  23	  28	  20	  50	  70	 593	640448	640868	   0	 420	
 258	 260	  70	   2	 626	   3	   1	  10	  23	  29	  20	  50	  70	 437	642610	643236	   0	 410	
 259	 261	  20	   4	 534	   1	   2	  11	  23	  29	  20	  50	  70	 482	645021	645555	   0	 410	
 260	 262	  70	   1	 684	   3	   1	  11	  23	  30	  20	  50	  70	 540	647399	648083	   0	 420	
 261	 263	  50	   4	 632	   2	   2	  11	  24	  30	  20	  50	  70	 630	650043	650675	   0	 420	
 262	 264	  20	   2	 393	   1	   1	  12	  24	  30	  20	  50	  70	 567	652554	652947	   0	 410	
 263	 265	  50	   4	 875	   3	   2	  12	  24	   1	  20	  50	  50	 352	654616	655491	   3	 410	
 264	 266	  50	   3	 734	   2	   2	  12	  25	   1	  20	  50	  50	 681	657477	658211	   0	 410	
 265	 267	  50	   4	 563	   3	   2	  12	  25	   2	  20	  50	  50	 376	659888	660451	   0	 410	
 266	 268	  50	   3	 932	   2	   2	  12	  26	   2	  20	  50	  50	 607	662366	663298	   0	 410	
 267	 269	  20	   4	 531	   1	   2	  13	  26	   2	  20	  50	  50	 332	664943	665474	   0	 410	
 268	 270	  50	   4	 629	   2	   2	  13	  27	   2	  20	  50	  50	 638	667421	668050	   0	 410	
 269	 271	  50	   3	 606	   3	   2	  13	  27	   3	  20	  50	  50	 363	669732	670338	   0	 410	
 270	 272	  50	   3	 814	   2	   2	  13	  28	   3	  20	  50	  50	 626	672260	673074	   0	 410	
 271	 273	  50	   4	 665	   3	   2	  13	  28	   4	  20	  50	  50	 523	674921	675586	   0	 410	
 272	 274	  50	   4	 796	   2	   2	  13	  29	   4	  20	  50	  50	 485	677382	678178	   0	 410	
 273	 275	  20	   3	 741	   1	   2	  14	  29	   4	  20	  50	  50	 603	680093	680834	   0	 410	
 274	 276	  50	   3	 411	   3	   2	  14	  29	   5	  20	  50	  50	 351	682487	682898	   0	 410	
 275	 277	  50	   3	 429	   2	   2	  14	  30	   5	  20	  50	  50	 313	684516	684945	   0	 410	
 276	 278	  20	   4	 413	   1	   2	  15	  30	   5	  20	  50	  50	 366	686628	687041	   0	 410	
 277	 279	  50	   3	 478	   3	   2	  15	  30	   6	  20	  50	  50	 347	688707	689185	   0	 410	
 278	 280	  20	   3	 388	   1	   2	  16	  30	   6	  20	  50	  50	 594	691085	691473	   0	 410	
 279	 281	  50	   4	 482	   3	   2	  16	  30	   7	  20	  50	  50	 486	693263	693745	   0	 410	
 280	 282	  20	   4	 496	   1	   2	  17	  30	   7	  20	  50	  50	 370	695425	695921	   0	 410	
 281	 283	  50	   4	 547	   3	   2	  17	  30	   8	  20	  50	  50	 643	697886	698433	   0	 410	
 282	 284	  50	   3	 753	   2	   2	  17	  31	   8	  20	  50	  50	 325	700064	700817	   0	 410	
 283	 285	  20	   4	 482	   1	   2	  18	  31	   8	  20	  50	  50	 441	702559	703041	   0	 410	
 284	 286	  50	   4	 568	   2	   2	  18	  32	   8	  20	  50	  50	 572	704920	705488	   0	 410	
 285	 287	  20	   4	 469	   1	   2	  19	  32	   8	  20	  50	  50	 310	707099	707568	   0	 410	
 286	 288	  50	   3	 520	   3	   2	  19	  32	   9	  20	  50	  50	 694	709560	710080	   0	 410	
 287	 289	  20	   4	 464	   1	   2	  20	  32	   9	  20	  50	  50	 513	711904	712368	   0	 410	
 288	 290	  50	   3	 396	   3	   2	  20	  32	  10	  20	  50	  50	 413	714100	714496	   0	 410	
 289	 291	  50	   3	 446	   2	   2	  20	  33	  10	  20	  50	  50	 364	716178	716624	   0	 410	
 290	 292	  50	   3	 363	   3	   2	  20	  33	  11	  20	  50	  50	 426	718357	718720	   0	 410	
 291	 293	  20	   4	 879	   2	   2	  20	   1	  11	  20	  20	  50	 307	720385	721264	   2	 410	
 292	 294	  50	   3	 514	   3	   2	  20	   1	  12	  20	  20	  50	 654	723229	723743	   0	 410	
 293	 295	  20	   4	 527	   1	   2	  21	   1	  12	  20	  20	  50	 347	725408	725935	   0	 410	
 294	 296	  20	   4	 866	   2	   2	  21	   2	  12	  20	  20	  50	 630	727885	728751	   0	 410	
 295	 297	  20	   3	 691	   1	   2	  22	   2	  12	  20	  20	  50	 314	730380	731071	   0	 410	
 296	 298	  20	   4	 689	   2	   2	  22	   3	  12	  20	  20	  50	 610	732974	733663	   0	 410	
 297	 299	  20	   2	 682	   1	   1	  23	   3	  12	  20	  20	  50	 300	735269	735951	   0	 400	
 298	 300	  20	   4	 426	   2	   2	  23	   4	  12	  20	  20	  50	 545	737813	738239	   0	 400	
 299	 301	  50	   2	 489	   3	   1	  23	   4	  13	  20	  20	  50	 422	739958	740447	   0	 390	
 300	 302	  20	   3	 727	   2	   2	  23	   5	  13	  20	  20	  50	 352	742103	742830	   0	 390	
 301	 303	  50	   1	 643	   3	   1	  23	   5	  14	  20	  20	  50	 571	744731	745374	   0	 400	
 302	 304	  20	   4	 531	   2	   2	  23	   6	  14	  20	  20	  50	 610	747275	747806	   0	 400	
 303	 305	  20	   4	 697	   1	   2	  24	   6	  14	  20	  20	  50	 542	749653	750350	   0	 400	
 304	 306	  50	   3	 564	   3	   2	  24	   6	  15	  20	  20	  50	 657	752314	752878	   0	 400	
 305	 307	  20	   4	 453	   1	   2	  25	   6	  15	  20	  20	  50	 639	754825	755278	   0	 400	
 306	 308	  50	   4	 498	   3	   2	  25	   6	  16	  20	  20	  50	 436	757020	757518	   0	 400	
 307	 309	  20	   4	 427	   1	   2	  26	   6	  16	  20	  20	  50	 498	759331	759758	   0	 400	
 308	 310	  50	   4	 544	   3	   2	  26	   6	  17	  20	  20	  50	 652	761709	762253	   0	 400	
 309	 311	  20	   4	 485	   1	   2	  27	   6	  17	  20	  20	  50	 544	764104	764589	   0	 400	
 310	 312	  50	   3	 456	   3	   2	  27	   6	  18	  20	  20	  50	 667	766565	767021	   0	 400	
 311	 313	  20	   4	 489	   2	   2	  27	   7	  18	  20	  20	  50	 308	768644	769133	   0	 400	
 312	 314	  50	   4	 602	   3	   2	  27	   7	  19	  20	  20	  50	 306	770739	771341	   0	 400	
 313	 315	  20	   4	 454	   2	   2	  27	   8	  19	  20	  20	  50	 320	772967	773421	   0	 400	
 314	 316	  20	   3	 450	   1	   2	  28	   8	  19	  20	  20	  50	 443	775163	775613	   0	 400	
 315	 317	  20	   3	 359	   2	   2	  28	   9	  19	  20	  20	  50	 662	777590	777949	   0	 400	
 316	 318	  50	   4	 292	   3	   2	  28	   9	  20	  20	  20	  50	 522	779769	780061	   0	 400	
 317	 319	  20	   4	 415	   2	   2	  28	  10	  20	  20	  20	  50	 638	781997	782412	   0	 400	
 318	 320	  20	   4	 471	   1	   2	  29	  10	  20	  20	  20	  50	 586	784309	784780	   0	 400	
 319	 321	  50	   4	 581	   3	   2	  29	  10	  21	  20	  20	  50	 399	786487	787068	   0	 400	
 320	 322	  20	   4	 472	   1	   2	  30	  10	  21	  20	  20	  50	 572	788948	789420	   0	 400	
 321	 323	  50	   3	 315	   3	   2	  30	  10	  22	  20	  20	  50	 677	791409	791724	   0	 400	
 322	 324	  20	   4	 361	   1	   2	  31	  10	  22	  20	  20	  50	 523	793555	793916	   0	 400	
 323	 325	  20	   4	 493	   2	   2	  31	  11	  22	  20	  20	  50	 338	795567	796060	   0	 400	
 324	 326	  20	   4	 739	   1	   2	  32	  11	  22	  20	  20	  50	 603	797961	798700	   0	 400	
 325	 327	  50	   4	 393	   3	   2	  32	  11	  23	  20	  20	  50	 345	800339	800732	   0	 400	
 326	 328	  20	   4	 340	   2	   2	  32	  12	  23	  20	  20	  50	 522	802551	802891	   0	 400	
 327	 329	  50	   3	 569	   3	   2	  32	  12	  24	  20	  20	  50	 334	804530	805099	   0	 400	
 328	 330	  20	   4	 416	   2	   2	  32	  13	  24	  20	  20	  50	 481	806891	807307	   0	 400	
 329	 331	  20	   3	 380	   1	   2	  33	  13	  24	  20	  20	  50	 490	809103	809483	   0	 400	
 330	 332	  20	   4	 339	   2	   2	  33	  14	  24	  20	  20	  50	 649	811448	811787	   0	 400	
 331	 333	  50	   3	 326	   3	   2	  33	  14	  25	  20	  20	  50	 394	813493	813819	   0	 400	
 332	 334	  20	   4	 509	   1	   2	  34	  14	  25	  20	  20	  50	 309	815422	815931	   0	 400	
 333	 335	  20	   4	 494	   2	   2	  34	  15	  25	  20	  20	  50	 680	817917	818411	   0	 400	
 334	 336	  50	   4	 589	   3	   2	  34	  15	  26	  20	  20	  50	 355	820078	820667	   0	 400	
 335	 337	  20	   4	 419	   1	   2	  35	  15	  26	  20	  20	  50	 447	822423	822842	   0	 400	
 336	 338	  20	   4	 402	   2	   2	  35	  16	  26	  20	  20	  50	 397	824552	824954	   0	 400	
 337	 339	  80	   3	 427	   1	   2	   1	  16	  26	  80	  20	  50	 551	826847	827274	   1	 400	
 338	 340	  20	   4	 452	   2	   2	   1	  17	  26	  80	  20	  50	 569	829158	829610	   0	 400	
 339	 341	  80	   1	 577	   1	   1	   2	  17	  26	  80	  20	  50	 414	831337	831914	   0	 410	
 340	 342	  50	   3	 420	   3	   2	   2	  17	  27	  80	  20	  50	 568	833798	834218	   0	 410	
 341	 343	  80	   1	 460	   1	   1	   3	  17	  27	  80	  20	  50	 582	836126	836586	   0	 420	
 342	 344	  20	   3	 407	   2	   2	   3	  18	  27	  80	  20	  50	 509	838387	838794	   0	 420	
 343	 345	  50	   3	 559	   3	   2	   3	  18	  28	  80	  20	  50	 577	840666	841225	   0	 420	
 344	 346	  20	   3	 538	   2	   2	   3	  19	  28	  80	  20	  50	 395	842911	843449	   0	 420	
 345	 347	  80	   1	 437	   1	   1	   4	  19	  28	  80	  20	  50	 421	845172	845609	   0	 430	
 346	 348	  20	   4	 399	   2	   2	   4	  20	  28	  80	  20	  50	 525	847434	847833	   0	 430	
 347	 349	  50	   4	 431	   3	   2	   4	  20	  29	  80	  20	  50	 406	849546	849977	   0	 430	
 348	 350	  80	   2	 597	   1	   1	   5	  20	  29	  80	  20	  50	 635	851924	852521	   0	 420	
 349	 351	  50	   4	 629	   3	   2	   5	  20	  30	  80	  20	  50	 628	854468	855097	   0	 420	
 350	 352	  80	   1	 543	   1	   1	   6	  20	  30	  80	  20	  50	 326	856730	857273	   0	 430	
 351	 353	  50	   4	 450	   3	   2	   6	  20	  31	  80	  20	  50	 596	859191	859641	   0	 430	
 352	 354	  80	   1	 796	   1	   1	   7	  20	  31	  80	  20	  50	 493	861436	862232	   0	 440	
 353	 355	  20	   3	 463	   2	   2	   7	  21	  31	  80	  20	  50	 359	863897	864360	   0	 440	
 354	 356	  80	   3	 504	   1	   2	   8	  21	  31	  80	  20	  50	 542	866208	866712	   0	 440	
 355	 357	  50	   4	 559	   3	   2	   8	  21	  32	  80	  20	  50	 535	868553	869112	   0	 440	
 356	 358	  20	   4	 553	   2	   2	   8	  22	  32	  80	  20	  50	 420	870831	871384	   0	 440	
 357	 359	  50	   3	 561	   3	   2	   8	  22	  33	  80	  20	  50	 454	873143	873704	   0	 440	
 358	 360	  20	   4	 459	   2	   2	   8	  23	  33	  80	  20	  50	 396	875421	875880	   0	 440	
 359	 361	  80	   2	 447	   1	   1	   9	  23	  33	  80	  20	  50	 662	877849	878296	   0	 430	
 360	 362	  20	   4	 748	   2	   2	   9	  24	  33	  80	  20	  50	 403	880011	880759	   0	 430	
 361	 363	  70	   3	 789	   3	   2	   9	  24	   1	  80	  20	  70	 626	882738	883527	   3	 430	
 362	 364	  80	   1	 436	   1	   1	  10	  24	   1	  80	  20	  70	 487	885315	885751	   0	 440	
 363	 365	  70	   4	 749	   3	   2	  10	  24	   2	  80	  20	  70	 531	887594	888343	   0	 440	
 364	 366	  20	   4	 569	   2	   2	  10	  25	   2	  80	  20	  70	 597	890254	890823	   0	 440	
 365	 367	  70	   4	 578	   3	   2	  10	  25	   3	  80	  20	  70	 427	892549	893127	   0	 440	
 366	 368	  20	   4	 577	   2	   2	  10	  26	   3	  80	  20	  70	 669	895110	895687	   0	 440	
 367	 369	  80	   1	 570	   1	   1	  11	  26	   3	  80	  20	  70	 421	897405	897975	   0	 450	
 368	 370	  70	   3	 425	   3	   2	  11	  26	   4	  80	  20	  70	 672	899949	900374	   0	 450	
 369	 371	  20	   3	 545	   2	   2	  11	  27	   4	  80	  20	  70	 584	902261	902806	   0	 450	
 370	 372	  70	   3	 589	   3	   2	  11	  27	   5	  80	  20	  70	 377	904489	905078	   0	 450	
 371	 373	  80	   1	 677	   1	   1	  12	  27	   5	  80	  20	  70	 405	906801	907478	   0	 460	
 372	 374	  70	   3	 739	   3	   2	  12	  27	   6	  80	  20	  70	 605	909395	910134	   0	 460	
 373	 375	  80	   1	 777	   1	   1	  13	  27	   6	  80	  20	  70	 360	911789	912566	   0	 470	
 374	 376	  70	   2	 436	   3	   1	  13	  27	   7	  80	  20	  70	 578	914450	914886	   0	 460	
 375	 377	  20	   4	 601	   2	   2	  13	  28	   7	  80	  20	  70	 650	916845	917446	   0	 460	
 376	 378	  80	   1	 492	   1	   1	  14	  28	   7	  80	  20	  70	 520	919273	919765	   0	 470	
 377	 379	  70	   1	 523	   3	   1	  14	  28	   8	  80	  20	  70	 347	921418	921941	   0	 480	
 378	 380	  80	   1	 625	   1	   1	  15	  28	   8	  80	  20	  70	 553	923796	924421	   0	 490	
 379	 381	  70	   1	 451	   3	   1	  15	  28	   9	  80	  20	  70	 553	926274	926725	   0	 500	
 380	 382	  80	   1	 458	   1	   1	  16	  28	   9	  80	  20	  70	 607	928635	929093	   0	 510	
 381	 383	  20	   4	 623	   2	   2	  16	  29	   9	  80	  20	  70	 638	931046	931669	   0	 510	
 382	 384	  80	   1	 831	   1	   1	  17	  29	   9	  80	  20	  70	 624	933590	934421	   0	 520	
 383	 385	  70	   1	 567	   3	   1	  17	  29	  10	  80	  20	  70	 583	936318	936885	   0	 530	
 384	 386	  80	   2	 757	   1	   1	  18	  29	  10	  80	  20	  70	 691	938879	939636	   0	 520	
 385	 387	  20	   4	 582	   2	   2	  18	  30	  10	  80	  20	  70	 458	941390	941972	   0	 520	
 386	 388	  70	   2	 579	   3	   1	  18	  30	  11	  80	  20	  70	 319	943601	944180	   0	 510	
 387	 389	  20	   4	 707	   2	   2	  18	  31	  11	  80	  20	  70	 638	946129	946836	   0	 510	
 388	 390	  70	   1	 515	   3	   1	  18	  31	  12	  80	  20	  70	 540	948673	949188	   0	 520	
 389	 391	  80	   2	 521	   1	   1	  19	  31	  12	  80	  20	  70	 556	951051	951572	   0	 510	
 390	 392	  70	   1	 495	   3	   1	  19	  31	  13	  80	  20	  70	 535	953413	953908	   0	 520	
 391	 393	  20	   4	 862	   2	   2	  19	  32	  13	  80	  20	  70	 324	955558	956420	   0	 520	
 392	 394	  70	   2	 605	   3	   1	  19	  32	  14	  80	  20	  70	 370	958102	958707	   0	 510	
 393	 395	  20	   1	 500	   2	   1	  19	  33	  14	  80	  20	  70	 452	960463	960963	   0	 520	
 394	 396	  70	   1	 818	   3	   1	  19	  33	  15	  80	  20	  70	 360	962625	963443	   0	 530	
 395	 397	  80	   1	 481	   1	   1	  20	  33	  15	  80	  20	  70	 418	965170	965651	   0	 540	
 396	 398	  70	   1	 581	   3	   1	  20	  33	  16	  80	  20	  70	 657	967614	968195	   0	 550	
 397	 399	  20	   4	 475	   2	   2	  20	  34	  16	  80	  20	  70	 484	969992	970467	   0	 550	
 398	 400	  80	   2	 706	   1	   1	  21	  34	  16	  80	  20	  70	 564	972337	973043	   0	 540	
 399	 401	  20	   4	 834	   2	   2	  21	  35	  16	  80	  20	  70	 534	974881	975715	   0	 540	
 400	 402	  80	   1	 508	   1	   1	  22	  35	  16	  80	  20	  70	 525	977542	978050	   0	 550	
 401	 403	  80	   3	 944	   2	   2	  22	   1	  16	  80	  80	  70	 568	979970	980914	   2	 550	
 402	 404	  80	   1	 787	   1	   1	  23	   1	  16	  80	  80	  70	 634	982863	983650	   0	 560	
 403	 405	  80	   3	 874	   2	   2	  23	   2	  16	  80	  80	  70	 690	985640	986514	   0	 560	
 404	 406	  80	   1	 689	   1	   1	  24	   2	  16	  80	  80	  70	 595	988417	989106	   0	 570	
 405	 407	  80	   1	 570	   2	   1	  24	   3	  16	  80	  80	  70	 302	990712	991282	   0	 580	
 406	 408	  80	   1	 540	   1	   1	  25	   3	  16	  80	  80	  70	 596	993190	993730	   0	 590	
 407	 409	  80	   2	 447	   2	   1	  25	   4	  16	  80	  80	  70	 599	995635	996082	   0	 580	
 408	 410	  80	   1	 454	   1	   1	  26	   4	  16	  80	  80	  70	 568	997963	998417	   0	 590	
 409	 411	  80	   1	 406	   2	   1	  26	   5	  16	  80	  80	  70	 372	1000091	1000497	   0	 600	
 410	 412	  80	   2	 403	   1	   1	  27	   5	  16	  80	  80	  70	 465	1002270	1002673	   0	 590	
 411	 413	  80	   1	 318	   2	   1	  27	   6	  16	  80	  80	  70	 521	1004515	1004833	   0	 600	
 412	 414	  80	   1	 539	   1	   1	  28	   6	  16	  80	  80	  70	 577	1006710	1007249	   0	 610	
 413	 415	  80	   1	 714	   2	   1	  28	   7	  16	  80	  80	  70	 311	1008855	1009569	   0	 620	
 414	 416	  80	   1	 476	   1	   1	  29	   7	  16	  80	  80	  70	 460	1011333	1011809	   0	 630	
 415	 417	  70	   2	 720	   3	   1	  29	   7	  17	  80	  80	  70	 677	1013777	1014497	   0	 620	
 416	 418	  80	   1	 474	   2	   1	  29	   8	  17	  80	  80	  70	 645	1016455	1016929	   0	 630	
 417	 419	  80	   1	 423	   1	   1	  30	   8	  17	  80	  80	  70	 407	1018633	1019056	   0	 640	
 418	 420	  80	   2	 502	   2	   1	  30	   9	  17	  80	  80	  70	 417	1020778	1021280	   0	 630	
 419	 421	  70	   1	 523	   3	   1	  30	   9	  18	  80	  80	  70	 585	1023173	1023696	   0	 640	
 420	 422	  80	   1	 589	   2	   1	  30	  10	  18	  80	  80	  70	 675	1025667	1026256	   0	 650	
 421	 423	  30	   2	1427	   1	   1	   1	  10	  18	  30	  80	  70	 445	1028045	1029472	   1	 640	
 422	 424	  70	   1	 569	   3	   1	   1	  10	  19	  30	  80	  70	 473	1031255	1031824	   0	 650	
 423	 425	  80	   2	 466	   2	   1	   1	  11	  19	  30	  80	  70	 432	1033566	1034032	   0	 640	
 424	 426	  30	   3	 392	   1	   2	   2	  11	  19	  30	  80	  70	 584	1035928	1036320	   0	 640	
 425	 427	  70	   1	 556	   3	   1	   2	  11	  20	  30	  80	  70	 303	1037923	1038479	   0	 650	
 426	 428	  80	   1	 577	   2	   1	   2	  12	  20	  30	  80	  70	 534	1040318	1040895	   0	 660	
 427	 429	  30	   3	 424	   1	   2	   3	  12	  20	  30	  80	  70	 465	1042679	1043103	   0	 660	
 428	 430	  70	   1	 592	   3	   1	   3	  12	  21	  30	  80	  70	 611	1045007	1045599	   0	 670	
 429	 431	  80	   1	 553	   2	   1	   3	  13	  21	  30	  80	  70	 397	1047302	1047855	   0	 680	
 430	 432	  70	   2	 574	   3	   1	   3	  13	  22	  30	  80	  70	 553	1049713	1050287	   0	 670	
 431	 433	  80	   1	 681	   2	   1	   3	  14	  22	  30	  80	  70	 337	1051942	1052623	   0	 680	
 432	 434	  70	   2	 480	   3	   1	   3	  14	  23	  30	  80	  70	 371	1054303	1054783	   0	 670	
 433	 435	  80	   1	 481	   2	   1	   3	  15	  23	  30	  80	  70	 681	1056781	1057262	   0	 680	
 434	 436	  70	   1	 449	   3	   1	   3	  15	  24	  30	  80	  70	 330	1058909	1059358	   0	 690	
 435	 437	  30	   4	 961	   1	   2	   4	  15	  24	  30	  80	  70	 335	1061005	1061966	   0	 690	
 436	 438	  70	   1	 568	   3	   1	   4	  15	  25	  30	  80	  70	 512	1063798	1064366	   0	 700	
 437	 439	  30	   4	 660	   1	   2	   5	  15	  25	  30	  80	  70	 341	1066010	1066670	   0	 700	
 438	 440	  70	   1	 549	   3	   1	   5	  15	  26	  30	  80	  70	 545	1068521	1069070	   0	 710	
 439	 441	  80	   1	 557	   2	   1	   5	  16	  26	  30	  80	  70	 460	1070833	1071390	   0	 720	
 440	 442	  70	   1	 576	   3	   1	   5	  16	  27	  30	  80	  70	 613	1073310	1073886	   0	 730	
 441	 443	  30	   4	 710	   1	   2	   6	  16	  27	  30	  80	  70	 483	1075688	1076398	   0	 730	
 442	 444	  80	   1	 694	   2	   1	   6	  17	  27	  30	  80	  70	 505	1078199	1078893	   0	 740	
 443	 445	  30	   3	 795	   1	   2	   7	  17	  27	  30	  80	  70	 385	1080594	1081389	   0	 740	
 444	 446	  80	   2	 771	   2	   1	   7	  18	  27	  30	  80	  70	 630	1083338	1084109	   0	 730	
 445	 447	  30	   4	 830	   1	   2	   8	  18	  27	  30	  80	  70	 604	1086015	1086845	   0	 730	
 446	 448	  80	   1	 590	   2	   1	   8	  19	  27	  30	  80	  70	 406	1088559	1089149	   0	 740	
 447	 449	  30	   4	 855	   1	   2	   9	  19	  27	  30	  80	  70	 394	1090838	1091693	   0	 740	
 448	 450	  70	   2	 794	   3	   1	   9	  19	  28	  30	  80	  70	 309	1093299	1094093	   0	 730	
 449	 451	  30	   2	 638	   1	   1	  10	  19	  28	  30	  80	  70	 341	1095743	1096381	   0	 720	
 450	 452	  80	   1	 606	   2	   1	  10	  20	  28	  30	  80	  70	 561	1098238	1098844	   0	 730	
 451	 453	  70	   1	 602	   3	   1	  10	  20	  29	  30	  80	  70	 307	1100466	1101068	   0	 740	
 452	 454	  80	   1	 721	   2	   1	  10	  21	  29	  30	  80	  70	 430	1102811	1103532	   0	 750	
 453	 455	  30	   3	 662	   1	   2	  11	  21	  29	  30	  80	  70	 391	1105222	1105884	   0	 750	
 454	 456	  80	   1	 408	   2	   1	  11	  22	  29	  30	  80	  70	 495	1107700	1108108	   0	 760	
 455	 457	  70	   1	 503	   3	   1	  11	  22	  30	  30	  80	  70	 430	1109845	1110348	   0	 770	
 456	 458	  30	   4	 390	   1	   2	  12	  22	  30	  30	  80	  70	 342	1111990	1112380	   0	 770	
 457	 459	  70	   1	 593	   3	   1	  12	  22	  31	  30	  80	  70	 549	1114235	1114828	   0	 780	
 458	 460	  30	   4	 677	   1	   2	  13	  22	  31	  30	  80	  70	 506	1116630	1117307	   0	 780	
 459	 461	  80	   1	 745	   2	   1	  13	  23	  31	  30	  80	  70	 461	1119074	1119819	   0	 790	
 460	 462	  70	   1	 681	   3	   1	  13	  23	  32	  30	  80	  70	 470	1121602	1122283	   0	 800	
 461	 463	  30	   3	 649	   1	   2	  14	  23	  32	  30	  80	  70	 543	1124146	1124795	   0	 800	
 462	 464	  80	   1	 584	   2	   1	  14	  24	  32	  30	  80	  70	 601	1126707	1127291	   0	 810	
 463	 465	  30	   4	 605	   1	   2	  15	  24	  32	  30	  80	  70	 512	1129118	1129723	   0	 810	
 464	 466	  70	   1	 870	   3	   1	  15	  24	  33	  30	  80	  70	 370	1131397	1132267	   0	 820	
 465	 467	  80	   2	 660	   2	   1	  15	  25	  33	  30	  80	  70	 413	1133991	1134651	   0	 810	
 466	 468	  70	   2	 446	   3	   1	  15	  25	  34	  30	  80	  70	 309	1136252	1136698	   0	 800	
 467	 469	  30	   4	 676	   1	   2	  16	  25	  34	  30	  80	  70	 622	1138630	1139306	   0	 800	
 468	 470	  80	   1	 420	   2	   1	  16	  26	  34	  30	  80	  70	 551	1141158	1141578	   0	 810	
 469	 471	  30	   3	 659	   1	   2	  17	  26	  34	  30	  80	  70	 403	1143287	1143946	   0	 810	
 470	 472	  70	   1	 487	   3	   1	  17	  26	  35	  30	  80	  70	 476	1145715	1146202	   0	 820	
 471	 473	  30	   4	 593	   1	   2	  18	  26	  35	  30	  80	  70	 470	1147993	1148586	   0	 820	
 472	 474	  80	   1	 448	   2	   1	  18	  27	  35	  30	  80	  70	 683	1150570	1151018	   0	 830	
 473	 475	  30	   4	 512	   1	   2	  19	  27	  35	  30	  80	  70	 352	1152682	1153194	   0	 830	
 474	 476	  50	   4	 808	   3	   2	  19	  27	   1	  30	  80	  50	 448	1154977	1155785	   3	 830	
 475	 477	  80	   1	 463	   2	   1	  19	  28	   1	  30	  80	  50	 660	1157738	1158201	   0	 840	
 476	 478	  50	   3	 745	   3	   2	  19	  28	   2	  30	  80	  50	 527	1160032	1160777	   0	 840	
 477	 479	  80	   2	 542	   2	   1	  19	  29	   2	  30	  80	  50	 340	1162427	1162969	   0	 830	
 478	 480	  30	   4	 683	   1	   2	  20	  29	   2	  30	  80	  50	 350	1164622	1165305	   0	 830	
 479	 481	  50	   4	 638	   3	   2	  20	  29	   3	  30	  80	  50	 465	1167083	1167721	   0	 830	
 480	 482	  80	   1	 552	   2	   1	  20	  30	   3	  30	  80	  50	 332	1169361	1169913	   0	 840	
 481	 483	  50	   4	 652	   3	   2	  20	  30	   4	  30	  80	  50	 557	1171789	1172441	   0	 840	
 482	 484	  20	   3	1021	   2	   2	  20	   1	   4	  30	  20	  50	 482	1174251	1175272	   2	 840	
 483	 485	  30	   4	 649	   1	   2	  21	   1	   4	  30	  20	  50	 345	1176911	1177560	   0	 840	
 484	 486	  20	   4	1049	   2	   2	  21	   2	   4	  30	  20	  50	 574	1179439	1180488	   0	 840	
 485	 487	  50	   3	 568	   3	   2	  21	   2	   5	  30	  20	  50	 622	1182416	1182984	   0	 840	
 486	 488	  20	   4	 746	   2	   2	  21	   3	   5	  30	  20	  50	 619	1184910	1185656	   0	 840	
 487	 489	  30	   3	 764	   1	   2	  22	   3	   5	  30	  20	  50	 439	1187404	1188168	   0	 840	
 488	 490	  50	   3	 651	   3	   2	  22	   3	   6	  30	  20	  50	 493	1189965	1190616	   0	 840	
 489	 491	  30	   3	 652	   1	   2	  23	   3	   6	  30	  20	  50	 552	1192476	1193128	   0	 840	
 490	 492	  50	   3	 645	   3	   2	  23	   3	   7	  30	  20	  50	 310	1194738	1195383	   0	 840	
 491	 493	  20	   3	 882	   2	   2	  23	   4	   7	  30	  20	  50	 643	1197349	1198231	   0	 840	
 492	 494	  50	   1	 973	   3	   1	  23	   4	   8	  30	  20	  50	 492	1200026	1200999	   0	 850	
 493	 495	  30	   4	 587	   1	   2	  24	   4	   8	  30	  20	  50	 318	1202620	1203207	   0	 850	
 494	 496	  20	   4	 740	   2	   2	  24	   5	   8	  30	  20	  50	 401	1204915	1205655	   0	 850	
 495	 497	  50	   2	 487	   3	   1	  24	   5	   9	  30	  20	  50	 422	1207376	1207863	   0	 840	
 496	 498	  30	   4	 524	   1	   2	  25	   5	   9	  30	  20	  50	 626	1209787	1210311	   0	 840	
 497	 499	  50	   2	 634	   3	   1	  25	   5	  10	  30	  20	  50	 313	1211933	1212567	   0	 830	
 498	 500	  30	   4	 899	   1	   2	  26	   5	  10	  30	  20	  50	 360	1214227	1215126	   0	 830	
 499	 501	  50	   1	 450	   3	   1	  26	   5	  11	  30	  20	  50	 342	1216772	1217222	   0	 840	
 500	 502	  20	   4	 459	   2	   2	  26	   6	  11	  30	  20	  50	 555	1219083	1219542	   0	 840	
 501	 503	  30	   4	 527	   1	   2	  27	   6	  11	  30	  20	  50	 628	1221495	1222022	   0	 840	
 502	 504	  50	   4	 622	   3	   2	  27	   6	  12	  30	  20	  50	 327	1223656	1224278	   0	 840	
 503	 505	  30	   3	 580	   1	   2	  28	   6	  12	  30	  20	  50	 452	1226034	1226614	   0	 840	
 504	 506	  20	   4	 725	   2	   2	  28	   7	  12	  30	  20	  50	 606	1228529	1229254	   0	 840	
 505	 507	  50	   1	 523	   3	   1	  28	   7	  13	  30	  20	  50	 370	1230923	1231446	   0	 850	
 506	 508	  20	   4	 536	   2	   2	  28	   8	  13	  30	  20	  50	 328	1233069	1233605	   0	 850	
 507	 509	  50	   3	 562	   3	   2	  28	   8	  14	  30	  20	  50	 442	1235347	1235909	   0	 850	
 508	 510	  30	   4	 411	   1	   2	  29	   8	  14	  30	  20	  50	 415	1237642	1238053	   0	 850	
 509	 511	  50	   4	 557	   3	   2	  29	   8	  15	  30	  20	  50	 336	1239704	1240261	   0	 850	
 510	 512	  30	   4	1583	   1	   2	  30	   8	  15	  30	  20	  50	 639	1242198	1243781	   0	 850	
 511	 513	  20	   4	 501	   2	   2	  30	   9	  15	  30	  20	  50	 319	1245424	1245925	   0	 850	
 512	 514	  30	   4	 523	   1	   2	  31	   9	  15	  30	  20	  50	 550	1247786	1248309	   0	 850	
 513	 515	  50	   4	 679	   3	   2	  31	   9	  16	  30	  20	  50	 399	1250014	1250693	   0	 850	
 514	 516	  30	   4	 605	   1	   2	  32	   9	  16	  30	  20	  50	 352	1252359	1252964	   0	 850	
 515	 517	  20	   4	 393	   2	   2	  32	  10	  16	  30	  20	  50	 312	1254587	1254980	   0	 850	
 516	 518	  50	   3	 426	   3	   2	  32	  10	  17	  30	  20	  50	 382	1256666	1257092	   0	 850	
 517	 519	  20	   4	 365	   2	   2	  32	  11	  17	  30	  20	  50	 322	1258711	1259076	   0	 850	
 518	 520	  30	   4	 565	   1	   2	  33	  11	  17	  30	  20	  50	 644	1261023	1261588	   0	 850	
 519	 521	  20	   4	 462	   2	   2	  33	  12	  17	  30	  20	  50	 429	1263334	1263796	   0	 850	
 520	 522	  50	   4	 402	   3	   2	  33	  12	  18	  30	  20	  50	 658	1265762	1266164	   0	 850	
 521	 523	  80	   4	 560	   1	   2	   1	  12	  18	  80	  20	  50	 420	1267940	1268500	   1	 850	
 522	 524	  50	   3	 350	   3	   2	   1	  12	  19	  80	  20	  50	 304	1270102	1270452	   0	 850	
 523	 525	  80	   3	 416	   1	   2	   2	  12	  19	  80	  20	  50	 376	1272131	1272547	   0	 850	
 524	 526	  50	   2	 602	   3	   1	   2	  12	  20	  80	  20	  50	 535	1274393	1274995	   0	 840	
 525	 527	  80	   1	 433	   1	   1	   3	  12	  20	  80	  20	  50	 446	1276754	1277187	   0	 850	
 526	 528	  50	   2	 731	   3	   1	   3	  12	  21	  80	  20	  50	 537	1279032	1279763	   0	 840	
 527	 529	  80	   2	 432	   1	   1	   4	  12	  21	  80	  20	  50	 374	1281443	1281875	   0	 830	
 528	 530	  50	   2	 410	   3	   1	   4	  12	  22	  80	  20	  50	 527	1283705	1284115	   0	 820	
 529	 531	  80	   1	 406	   1	   1	   5	  12	  22	  80	  20	  50	 503	1285917	1286323	   0	 830	
 530	 532	  50	   3	 841	   3	   2	   5	  12	  23	  80	  20	  50	 337	1287962	1288803	   0	 830	
 531	 533	  80	   1	 438	   1	   1	   6	  12	  23	  80	  20	  50	 477	1290589	1291027	   0	 840	
 532	 534	  20	   4	 790	   2	   2	   6	  13	  23	  80	  20	  50	 332	1292668	1293458	   0	 840	
 533	 535	  50	   3	 667	   3	   2	   6	  13	  24	  80	  20	  50	 311	1295063	1295730	   0	 840	
 534	 536	  20	   3	 618	   2	   2	   6	  14	  24	  80	  20	  50	 600	1297640	1298258	   0	 840	
 535	 537	  80	   3	 494	   1	   2	   7	  14	  24	  80	  20	  50	 491	1300052	1300546	   0	 840	
 536	 538	  50	   3	 375	   3	   2	   7	  14	  25	  80	  20	  50	 509	1302363	1302738	   0	 840	
 537	 539	  20	   4	 511	   2	   2	   7	  15	  25	  80	  20	  50	 628	1304675	1305186	   0	 840	
 538	 540	  50	   3	 664	   3	   2	   7	  15	  26	  80	  20	  50	 493	1306986	1307650	   0	 840	
 539	 541	  20	   3	 513	   2	   2	   7	  16	  26	  80	  20	  50	 323	1309281	1309794	   0	 840	
 540	 542	  50	   4	 588	   3	   2	   7	  16	  27	  80	  20	  50	 395	1311493	1312081	   0	 840	
 541	 543	  20	   4	 581	   2	   2	   7	  17	  27	  80	  20	  50	 403	1313804	1314385	   0	 840	
 542	 544	  80	   1	 445	   1	   1	   8	  17	  27	  80	  20	  50	 413	1316116	1316561	   0	 850	
 543	 545	  20	   4	 420	   2	   2	   8	  18	  27	  80	  20	  50	 604	1318477	1318897	   0	 850	
 544	 546	  50	   4	 559	   3	   2	   8	  18	  28	  80	  20	  50	 517	1320722	1321281	   0	 850	
 545	 547	  20	   4	 553	   2	   2	   8	  19	  28	  80	  20	  50	 426	1323000	1323553	   0	 850	
 546	 548	  80	   1	 625	   1	   1	   9	  19	  28	  80	  20	  50	 476	1325328	1325953	   0	 860	
 547	 549	  50	   1	 491	   3	   1	   9	  19	  29	  80	  20	  50	 337	1327590	1328081	   0	 870	
 548	 550	  20	   4	 535	   2	   2	   9	  20	  29	  80	  20	  50	 441	1329818	1330353	   0	 870	
 549	 551	  80	   1	 649	   1	   1	  10	  20	  29	  80	  20	  50	 625	1332279	1332928	   0	 880	
 550	 552	  20	   4	 607	   2	   2	  10	  21	  29	  80	  20	  50	 419	1334657	1335264	   0	 880	
 551	 553	  80	   1	 748	   1	   1	  11	  21	  29	  80	  20	  50	 686	1337268	1338016	   0	 890	
 552	 554	  50	   4	 404	   3	   2	  11	  21	  30	  80	  20	  50	 689	1340012	1340416	   0	 890	
 553	 555	  20	   3	 399	   2	   2	  11	  22	  30	  80	  20	  50	 536	1342257	1342656	   0	 890	
 554	 556	  50	   3	 584	   3	   2	  11	  22	  31	  80	  20	  50	 582	1344552	1345136	   0	 890	
 555	 557	  80	   1	 716	   1	   1	  12	  22	  31	  80	  20	  50	 529	1346980	1347696	   0	 900	
 556	 558	  50	   4	1023	   3	   2	  12	  22	  32	  80	  20	  50	 430	1349441	1350464	   0	 900	
 557	 559	  80	   1	 687	   1	   1	  13	  22	  32	  80	  20	  50	 614	1352384	1353071	   0	 910	
 558	 560	  50	   4	 648	   3	   2	  13	  22	  33	  80	  20	  50	 302	1354679	1355327	   0	 910	
 559	 561	  80	   2	1145	   1	   1	  14	  22	  33	  80	  20	  50	 550	1357190	1358335	   0	 900	
 560	 562	  20	   4	 595	   2	   2	  14	  23	  33	  80	  20	  50	 646	1360300	1360895	   0	 900	
 561	 563	  30	   4	 838	   3	   2	  14	  23	   1	  80	  20	  30	 495	1362761	1363599	   3	 900	
 562	 564	  20	   4	 929	   2	   2	  14	  24	   1	  80	  20	  30	 539	1365438	1366367	   0	 900	
 563	 565	  80	   1	 482	   1	   1	  15	  24	   1	  80	  20	  30	 690	1368365	1368847	   0	 910	
 564	 566	  20	   4	 557	   2	   2	  15	  25	   1	  80	  20	  30	 452	1370610	1371167	   0	 910	
 565	 567	  80	   4	 638	   1	   2	  16	  25	   1	  80	  20	  30	 644	1373104	1373742	   0	 910	
 566	 568	  30	   4	 905	   3	   2	  16	  25	   2	  80	  20	  30	 304	1375349	1376254	   0	 910	
 567	 569	  20	   4	 662	   2	   2	  16	  26	   2	  80	  20	  30	 382	1377944	1378606	   0	 910	
 568	 570	  80	   1	 552	   1	   1	  17	  26	   2	  80	  20	  30	 527	1380438	1380990	   0	 920	
 569	 571	  20	   4	 623	   2	   2	  17	  27	   2	  80	  20	  30	 494	1382783	1383406	   0	 920	
 570	 572	  80	   1	 678	   1	   1	  18	  27	   2	  80	  20	  30	 433	1385144	1385822	   0	 930	
 571	 573	  30	   4	 481	   3	   2	  18	  27	   3	  80	  20	  30	 647	1387805	1388286	   0	 930	
 572	 574	  20	   3	1581	   2	   2	  18	  28	   3	  80	  20	  30	 414	1390016	1391597	   0	 930	
 573	 575	  30	   4	1919	   3	   2	  18	  28	   4	  80	  20	  30	 426	1393326	1395245	   0	 930	
 574	 576	  20	   4	 521	   2	   2	  18	  29	   4	  80	  20	  30	 340	1396884	1397405	   0	 930	
 575	 577	  80	   1	 507	   1	   1	  19	  29	   4	  80	  20	  30	 645	1399362	1399869	   0	 940	
 576	 578	  20	   4	 526	   2	   2	  19	  30	   4	  80	  20	  30	 652	1401823	1402349	   0	 940	
 577	 579	  30	   3	1266	   3	   2	  19	  30	   5	  80	  20	  30	 600	1404251	1405517	   0	 940	
 578	 580	  20	   4	 660	   2	   2	  19	  31	   5	  80	  20	  30	 335	1407161	1407821	   0	 940	
 579	 581	  80	   1	 774	   1	   1	  20	  31	   5	  80	  20	  30	 512	1409639	1410413	   0	 950	
 580	 582	  20	   4	 706	   2	   2	  20	  32	   5	  80	  20	  30	 532	1412250	1412956	   0	 950	
 581	 583	  30	   4	 972	   3	   2	  20	  32	   6	  80	  20	  30	 686	1414960	1415932	   0	 950	
 582	 584	  20	   4	 716	   2	   2	  20	  33	   6	  80	  20	  30	 692	1417920	1418636	   0	 950	
 583	 585	  30	   3	 722	   3	   2	  20	  33	   7	  80	  20	  30	 333	1420282	1421004	   0	 950	
 584	 586	  80	   1	 742	   1	   1	  21	  33	   7	  80	  20	  30	 401	1422710	1423452	   0	 960	
 585	 587	  30	   4	 583	   3	   2	  21	  33	   8	  80	  20	  30	 481	1425237	1425820	   0	 960	
 586	 588	  80	   2	 751	   1	   1	  22	  33	   8	  80	  20	  30	 414	1427549	1428300	   0	 950	
 587	 589	  20	   4	 454	   2	   2	  22	  34	   8	  80	  20	  30	 700	1430309	1430763	   0	 950	
 588	 590	  30	   4	 660	   3	   2	  22	  34	   9	  80	  20	  30	 395	1432455	1433115	   0	 950	
 589	 591	  80	   1	 534	   1	   1	  23	  34	   9	  80	  20	  30	 512	1434949	1435483	   0	 960	
 590	 592	  20	   4	 557	   2	   2	  23	  35	   9	  80	  20	  30	 499	1437294	1437851	   0	 960	
 591	 593	  80	   1	 596	   1	   1	  24	  35	   9	  80	  20	  30	 488	1439655	1440251	   0	 970	
 592	 594	  70	   3	 817	   2	   2	  24	   1	   9	  80	  70	  30	 670	1442266	1443083	   2	 970	
 593	 595	  80	   1	 496	   1	   1	  25	   1	   9	  80	  70	  30	 437	1444827	1445323	   0	 980	
 594	 596	  30	   3	 495	   3	   2	  25	   1	  10	  80	  70	  30	 339	1446972	1447467	   0	 980	
 595	 597	  80	   3	 490	   1	   2	  26	   1	  10	  80	  70	  30	 403	1449184	1449674	   0	 980	
 596	 598	  70	   1	 464	   2	   1	  26	   2	  10	  80	  70	  30	 599	1451578	1452042	   0	 990	
 597	 599	  80	   1	 548	   1	   1	  27	   2	  10	  80	  70	  30	 649	1454006	1454554	   0	1000	
 598	 600	  30	   4	 436	   3	   2	  27	   2	  11	  80	  70	  30	 686	1456550	1456986	   0	1000	
 599	 601	  80	   2	 555	   1	   1	  28	   2	  11	  80	  70	  30	 604	1458895	1459450	   0	 990	
 600	 602	  70	   1	 536	   2	   1	  28	   3	  11	  80	  70	  30	 318	1461074	1461610	   0	1000	
 601	 603	  30	   4	 666	   3	   2	  28	   3	  12	  80	  70	  30	 639	1463568	1464234	   0	1000	
 602	 604	  70	   1	 493	   2	   1	  28	   4	  12	  80	  70	  30	 472	1466013	1466506	   0	1010	
 603	 605	  30	   4	 590	   3	   2	  28	   4	  13	  80	  70	  30	 697	1468507	1469097	   0	1010	
 604	 606	  70	   2	 484	   2	   1	  28	   5	  13	  80	  70	  30	 479	1470885	1471369	   0	1000	
 605	 607	  30	   2	 573	   3	   1	  28	   5	  14	  80	  70	  30	 511	1473180	1473753	   0	 990	
 606	 608	  70	   1	 609	   2	   1	  28	   6	  14	  80	  70	  30	 575	1475624	1476233	   0	1000	
 607	 609	  30	   3	 499	   3	   2	  28	   6	  15	  80	  70	  30	 573	1478102	1478601	   0	1000	
 608	 610	  80	   1	 685	   1	   1	  29	   6	  15	  80	  70	  30	 452	1480364	1481049	   0	1010	
 609	 611	  70	   2	 593	   2	   1	  29	   7	  15	  80	  70	  30	 431	1482792	1483385	   0	1000	
 610	 612	  30	   4	 827	   3	   2	  29	   7	  16	  80	  70	  30	 411	1485086	1485913	   0	1000	
 611	 613	  70	   1	 653	   2	   1	  29	   8	  16	  80	  70	  30	 314	1487548	1488201	   0	1010	
 612	 614	  80	   1	 802	   1	   1	  30	   8	  16	  80	  70	  30	 426	1489926	1490728	   0	1020	
 613	 615	  70	   1	 507	   2	   1	  30	   9	  16	  80	  70	  30	 622	1492653	1493160	   0	1030	
 614	 616	  30	   4	 521	   3	   2	  30	   9	  17	  80	  70	  30	 370	1494831	1495352	   0	1030	
 615	 617	  50	   4	 996	   1	   2	   1	   9	  17	  50	  70	  30	 374	1497060	1498056	   1	1030	
 616	 618	  30	   4	1032	   3	   2	   1	   9	  18	  50	  70	  30	 550	1499920	1500952	   0	1030	
 617	 619	  70	   2	 684	   2	   1	   1	  10	  18	  50	  70	  30	 528	1502780	1503464	   0	1020	
 618	 620	  30	   3	 711	   3	   2	   1	  10	  19	  50	  70	  30	 684	1505457	1506168	   0	1020	
 619	 621	  70	   1	 655	   2	   1	   1	  11	  19	  50	  70	  30	 680	1508168	1508823	   0	1030	
 620	 622	  50	   4	 611	   1	   2	   2	  11	  19	  50	  70	  30	 467	1510596	1511207	   0	1030	
 621	 623	  70	   1	 723	   2	   1	   2	  12	  19	  50	  70	  30	 611	1513140	1513863	   0	1040	
 622	 624	  50	   4	 703	   1	   2	   3	  12	  19	  50	  70	  30	 601	1515768	1516471	   0	1040	
 623	 625	  30	   3	 649	   3	   2	   3	  12	  20	  50	  70	  30	 688	1518462	1519111	   0	1040	
 624	 626	  70	   1	 744	   2	   1	   3	  13	  20	  50	  70	  30	 623	1521039	1521783	   0	1050	
 625	 627	  50	   3	 618	   1	   2	   4	  13	  20	  50	  70	  30	 424	1523517	1524135	   0	1050	
 626	 628	  30	   3	1061	   3	   2	   4	  13	  21	  50	  70	  30	 335	1525778	1526839	   0	1050	
 627	 629	  50	   3	 595	   1	   2	   5	  13	  21	  50	  70	  30	 589	1528739	1529334	   0	1050	
 628	 630	  70	   1	 546	   2	   1	   5	  14	  21	  50	  70	  30	 672	1531316	1531862	   0	1060	
 629	 631	  30	   4	 633	   3	   2	   5	  14	  22	  50	  70	  30	 504	1533677	1534310	   0	1060	
 630	 632	  50	   4	 725	   1	   2	   6	  14	  22	  50	  70	  30	 689	1536305	1537030	   0	1060	
 631	 633	  70	   2	 626	   2	   1	   6	  15	  22	  50	  70	  30	 585	1538932	1539558	   0	1050	
 632	 634	  30	   4	 945	   3	   2	   6	  15	  23	  50	  70	  30	 614	1541477	1542422	   0	1050	
 633	 635	  50	   3	 614	   1	   2	   7	  15	  23	  50	  70	  30	 591	1544320	1544934	   0	1050	
 634	 636	  30	   4	 844	   3	   2	   7	  15	  24	  50	  70	  30	 431	1546682	1547526	   0	1050	
 635	 637	  50	   3	 685	   1	   2	   8	  15	  24	  50	  70	  30	 331	1549176	1549861	   0	1050	
 636	 638	  30	   4	 548	   3	   2	   8	  15	  25	  50	  70	  30	 372	1551537	1552085	   0	1050	
 637	 639	  70	   1	 580	   2	   1	   8	  16	  25	  50	  70	  30	 670	1554065	1554645	   0	1060	
 638	 640	  50	   3	 843	   1	   2	   9	  16	  25	  50	  70	  30	 475	1556426	1557269	   0	1060	
 639	 641	  70	   1	 664	   2	   1	   9	  17	  25	  50	  70	  30	 447	1559021	1559685	   0	1070	
 640	 642	  30	   4	 602	   3	   2	   9	  17	  26	  50	  70	  30	 520	1561515	1562117	   0	1070	
 641	 643	  50	   2	 403	   1	   1	  10	  17	  26	  50	  70	  30	 395	1563826	1564229	   0	1060	
 642	 644	  70	   1	 622	   2	   1	  10	  18	  26	  50	  70	  30	 533	1566071	1566693	   0	1070	
 643	 645	  30	   3	 616	   3	   2	  10	  18	  27	  50	  70	  30	 321	1568316	1568932	   0	1070	
 644	 646	  70	   2	 586	   2	   1	  10	  19	  27	  50	  70	  30	 546	1570794	1571380	   0	1060	
 645	 647	  50	   1	 578	   1	   1	  11	  19	  27	  50	  70	  30	 432	1573122	1573700	   0	1070	
 646	 648	  30	   4	 656	   3	   2	  11	  19	  28	  50	  70	  30	 684	1575700	1576356	   0	1070	
 647	 649	  50	   2	 422	   1	   1	  12	  19	  28	  50	  70	  30	 421	1578078	1578500	   0	1060	
 648	 650	  30	   4	 514	   3	   2	  12	  19	  29	  50	  70	  30	 483	1580290	1580804	   0	1060	
 649	 651	  70	   2	 509	   2	   1	  12	  20	  29	  50	  70	  30	 436	1582551	1583060	   0	1050	
 650	 652	  30	   3	 787	   3	   2	  12	  20	  30	  50	  70	  30	 568	1584929	1585716	   0	1050	
 651	 653	  50	   2	 386	   1	   1	  13	  20	  30	  50	  70	  30	 444	1587473	1587859	   0	1040	
 652	 654	  70	   2	 585	   2	   1	  13	  21	  30	  50	  70	  30	 652	1589818	1590403	   0	1030	
 653	 655	  50	   1	 704	   1	   1	  14	  21	  30	  50	  70	  30	 460	1592163	1592867	   0	1040	
 654	 656	  70	   1	 679	   2	   1	  14	  22	  30	  50	  70	  30	 340	1594508	1595187	   0	1050	
 655	 657	  30	   4	 628	   3	   2	  14	  22	   1	  50	  70	  30	 637	1597135	1597763	   0	1050	
 656	 658	  50	   1	 448	   1	   1	  15	  22	   1	  50	  70	  30	 682	1599763	1600211	   0	1060	
 657	 659	  30	   4	 549	   3	   2	  15	  22	   2	  50	  70	  30	 665	1602190	1602739	   0	1060	
 658	 660	  70	   1	 485	   2	   1	  15	  23	   2	  50	  70	  30	 667	1604718	1605203	   0	1070	
 659	 661	  30	   4	 550	   3	   2	  15	  23	   3	  50	  70	  30	 697	1607212	1607762	   0	1070	
 660	 662	  70	   1	 631	   2	   1	  15	  24	   3	  50	  70	  30	 655	1609723	1610354	   0	1080	
 661	 663	  30	   4	 707	   3	   2	  15	  24	   4	  50	  70	  30	 673	1612351	1613058	   0	1080	
 662	 664	  70	   1	 620	   2	   1	  15	  25	   4	  50	  70	  30	 699	1615062	1615682	   0	1090	
 663	 665	  50	   4	 507	   1	   2	  16	  25	   4	  50	  70	  30	 651	1617639	1618146	   0	1090	
 664	 666	  30	   3	 623	   3	   2	  16	  25	   5	  50	  70	  30	 614	1620067	1620690	   0	1090	
 665	 667	  70	   1	 532	   2	   1	  16	  26	   5	  50	  70	  30	 465	1622462	1622994	   0	1100	
 666	 668	  30	   4	 543	   3	   2	  16	  26	   6	  50	  70	  30	 412	1624723	1625266	   0	1100	
 667	 669	  50	   1	 441	   1	   1	  17	  26	   6	  50	  70	  30	 407	1626968	1627409	   0	1110	
 668	 670	  70	   2	 582	   2	   1	  17	  27	   6	  50	  70	  30	 457	1629163	1629745	   0	1100	
 669	 671	  50	   2	 741	   1	   1	  18	  27	   6	  50	  70	  30	 663	1631724	1632465	   0	1090	
 670	 672	  30	   3	 618	   3	   2	  18	  27	   7	  50	  70	  30	 363	1634135	1634753	   0	1090	
 671	 673	  70	   1	 626	   2	   1	  18	  28	   7	  50	  70	  30	 368	1636447	1637073	   0	1100	
 672	 674	  30	   4	 457	   3	   2	  18	  28	   8	  50	  70	  30	 424	1638792	1639249	   0	1100	
 673	 675	  50	   1	 641	   1	   1	  19	  28	   8	  50	  70	  30	 590	1641136	1641777	   0	1110	
 674	 676	  70	   1	 482	   2	   1	  19	  29	   8	  50	  70	  30	 568	1643647	1644129	   0	1120	
 675	 677	  30	   4	 777	   3	   2	  19	  29	   9	  50	  70	  30	 515	1645959	1646736	   0	1120	
 676	 678	  50	   2	 618	   1	   1	  20	  29	   9	  50	  70	  30	 420	1648470	1649088	   0	1110	
 677	 679	  70	   4	 615	   2	   2	  20	  30	   9	  50	  70	  30	 700	1651097	1651712	   0	1110	
 678	 680	  50	   1	 880	   1	   1	  21	  30	   9	  50	  70	  30	 362	1653392	1654272	   0	1120	
 679	 681	  30	   3	 527	   3	   2	  21	  30	  10	  50	  70	  30	 369	1655953	1656480	   0	1120	
 680	 682	  50	   1	 726	   1	   1	  22	  30	  10	  50	  70	  30	 519	1658298	1659024	   0	1130	
 681	 683	  30	   4	 579	   3	   2	  22	  30	  11	  50	  70	  30	 573	1660909	1661488	   0	1130	
 682	 684	  50	   3	 969	   1	   2	  23	  30	  11	  50	  70	  30	 490	1663287	1664256	   0	1130	
 683	 685	  70	   1	 982	   2	   1	  23	  31	  11	  50	  70	  30	 335	1665897	1666879	   0	1140	
 684	 686	  50	   4	 979	   1	   2	  24	  31	  11	  50	  70	  30	 313	1668508	1669487	   0	1140	
 685	 687	  70	   1	 531	   2	   1	  24	  32	  11	  50	  70	  30	 674	1671468	1671999	   0	1150	
 686	 688	  50	   2	 568	   1	   1	  25	  32	  11	  50	  70	  30	 548	1673863	1674431	   0	1140	
 687	 689	  30	   4	1061	   3	   2	  25	  32	  12	  50	  70	  30	 320	1676058	1677119	   0	1140	
 688	 690	  50	   2	 859	   1	   1	  26	  32	  12	  50	  70	  30	 429	1678868	1679727	   0	1130	
 689	 691	  30	   4	 916	   3	   2	  26	  32	  13	  50	  70	  30	 554	1681579	1682495	   0	1130	
 690	 692	  70	   1	 851	   2	   1	  26	  33	  13	  50	  70	  30	 334	1684140	1684991	   0	1140	
 691	 693	  30	   4	 646	   3	   2	  26	  33	  14	  50	  70	  30	 679	1687000	1687646	   0	1140	
 692	 694	  50	   4	 564	   1	   2	  27	  33	  14	  50	  70	  30	 628	1689594	1690158	   0	1140	
 693	 695	  70	   4	 467	   2	   2	  27	  34	  14	  50	  70	  30	 674	1692139	1692606	   0	1140	
 694	 696	  30	   3	 784	   3	   2	  27	  34	  15	  50	  70	  30	 433	1694350	1695134	   0	1140	
 695	 697	  50	   3	1191	   1	   2	  28	  34	  15	  50	  70	  30	 672	1697111	1698302	   0	1140	
 696	 698	  30	   4	 640	   3	   2	  28	  34	  16	  50	  70	  30	 646	1700254	1700894	   0	1140	
 697	 699	  50	   2	 777	   1	   1	  29	  34	  16	  50	  70	  30	 373	1702565	1703342	   0	1130	
 698	 700	  30	   2	 531	   3	   1	  29	  34	  17	  50	  70	  30	 578	1705226	1705757	   0	1120	
 699	 701	  70	   1	 456	   2	   1	  29	  35	  17	  50	  70	  30	 574	1707637	1708093	   0	1130	
 700	 702	  30	   4	 701	   3	   2	  29	  35	  18	  50	  70	  30	 655	1710048	1710749	   0	1130	
 701	 703	  50	   3	 874	   1	   2	  30	  35	  18	  50	  70	  30	 583	1712659	1713533	   0	1130	
 702	 704	  30	   3	 491	   3	   2	  30	  35	  19	  50	  70	  30	 338	1715170	1715661	   0	1130	
 703	 705	  50	   4	 483	   1	   2	  31	  35	  19	  50	  70	  30	 538	1717498	1717981	   0	1130	
 704	 706	  70	   1	 564	   2	   1	  31	   1	  19	  50	  70	  30	 695	1719993	1720557	   0	1140	
 705	 707	  50	   4	 511	   1	   2	  32	   1	  19	  50	  70	  30	 388	1722254	1722765	   0	1140	
 706	 708	  30	   3	 500	   3	   2	  32	   1	  20	  50	  70	  30	 575	1724632	1725132	   0	1140	
 707	 709	  50	   1	 450	   1	   1	  33	   1	  20	  50	  70	  30	 344	1726778	1727228	   0	1150	
 708	 710	  30	   3	 659	   3	   2	  33	   1	  21	  50	  70	  30	 334	1728873	1729532	   0	1150	
 709	 711	  70	   1	 605	   2	   1	  33	   2	  21	  50	  70	  30	 323	1731151	1731756	   0	1160	
 710	 712	  50	   4	 503	   1	   2	   1	   2	  21	  50	  70	  30	 349	1733413	1733916	   0	1160	
