Version: 1	Number of symbols: 3	Pictures exchange: true	Response Deadline: 2000
Trial_No	Virt_Trial_No	Prob_Shown	Feedback	RT	Stimulus_No	Resp	SymbolA_Stage	SymbolB_Stage	SymbolC_Stage	Prob_A	Prob_B	Prob_C	Jitter	StimOnset	RespOnset	Symbol_Changes	Bonus_sum
NaN	   1	  30	NaN	NaN	   1	   3	   0	   0	   0	  30	  70	  50	 465	   0	NaN	   0	   0	
   1	   2	  50	   2	1134	   3	   1	   0	   0	   1	  30	  70	  50	 361	5266	6400	   0	 -10	
   2	   3	  30	   2	 877	   1	   1	   1	   0	   1	  30	  70	  50	 393	8099	8976	   0	 -20	
   3	   4	  50	   1	 987	   3	   1	   1	   0	   2	  30	  70	  50	 661	10933	11920	   0	 -10	
   4	   5	  70	   3	1311	   2	   2	   1	   1	   2	  30	  70	  50	 420	13649	14960	   0	 -10	
   5	   6	  30	   2	 874	   1	   1	   2	   1	   2	  30	  70	  50	 317	16582	17456	   0	 -20	
   6	   7	  50	   2	 828	   3	   1	   2	   1	   3	  30	  70	  50	 574	19332	20160	   0	 -30	
   7	   8	  70	   1	 792	   2	   1	   2	   2	   3	  30	  70	  50	 376	21832	22624	   0	 -20	
   8	   9	  50	   2	1373	   3	   1	   2	   2	   4	  30	  70	  50	 571	24499	25872	   0	 -30	
   9	  10	  30	   4	1015	   1	   2	   3	   2	   4	  30	  70	  50	 691	27865	28880	   0	 -30	
  10	  11	  50	   1	 990	   3	   1	   3	   2	   5	  30	  70	  50	 302	30482	31472	   0	 -20	
  11	  12	  70	   1	 637	   2	   1	   3	   3	   5	  30	  70	  50	 499	33299	33936	   0	 -10	
  12	  13	  50	   2	 905	   3	   1	   3	   3	   6	  30	  70	  50	 554	35799	36704	   0	 -20	
  13	  14	  70	   2	 878	   2	   1	   3	   4	   6	  30	  70	  50	 449	38465	39343	   0	 -30	
  14	  15	  50	   1	 750	   3	   1	   3	   4	   7	  30	  70	  50	 626	41265	42015	   0	 -20	
  15	  16	  30	   3	 559	   1	   2	   4	   4	   7	  30	  70	  50	 309	43632	44191	   0	 -20	
  16	  17	  70	   2	 765	   2	   1	   4	   5	   7	  30	  70	  50	 595	46082	46847	   0	 -30	
  17	  18	  50	   1	1035	   3	   1	   4	   5	   8	  30	  70	  50	 379	48532	49567	   0	 -20	
  18	  19	  70	   1	 659	   2	   1	   4	   6	   8	  30	  70	  50	 678	51548	52207	   0	 -10	
  19	  20	  30	   3	 737	   1	   2	   5	   6	   8	  30	  70	  50	 485	53998	54735	   0	 -10	
  20	  21	  50	   4	 878	   3	   2	   5	   6	   9	  30	  70	  50	 438	56481	57359	   0	 -10	
  21	  22	  30	   2	 575	   1	   1	   6	   6	   9	  30	  70	  50	 583	59248	59823	   0	 -20	
  22	  23	  50	   1	1156	   3	   1	   6	   6	  10	  30	  70	  50	 412	61531	62687	   0	 -10	
  23	  24	  30	   4	 786	   1	   2	   7	   6	  10	  30	  70	  50	 366	64365	65151	   0	 -10	
  24	  25	  70	   1	 448	   2	   1	   7	   7	  10	  30	  70	  50	 361	66815	67263	   0	   0	
  25	  26	  50	   3	 694	   3	   2	   7	   7	  11	  30	  70	  50	 532	69081	69775	   0	   0	
  26	  27	  30	   4	 714	   1	   2	   8	   7	  11	  30	  70	  50	 301	71381	72095	   0	   0	
  27	  28	  50	   2	 735	   3	   1	   8	   7	  12	  30	  70	  50	 680	74064	74799	   0	 -10	
  28	  29	  70	   1	 755	   2	   1	   8	   8	  12	  30	  70	  50	 618	76731	77486	   0	   0	
  29	  30	  50	   3	1111	   3	   2	   8	   8	  13	  30	  70	  50	 639	79431	80542	   0	   0	
  30	  31	  70	   1	 997	   2	   1	   8	   9	  13	  30	  70	  50	 436	82281	83278	   0	  10	
  31	  32	  50	   3	 747	   3	   2	   8	   9	  14	  30	  70	  50	 368	84947	85694	   0	  10	
  32	  33	  30	   4	 807	   1	   2	   9	   9	  14	  30	  70	  50	 446	87431	88238	   0	  10	
  33	  34	  70	   2	 403	   2	   1	   9	  10	  14	  30	  70	  50	 393	89931	90334	   0	   0	
  34	  35	  30	   1	 889	   1	   1	  10	  10	  14	  30	  70	  50	 562	92197	93086	   0	  10	
  35	  36	  70	   3	 693	   2	   2	  10	  11	  14	  30	  70	  50	 313	94697	95390	   0	  10	
  36	  37	  50	   2	 880	   3	   1	  10	  11	  15	  30	  70	  50	 528	97214	98094	   0	   0	
  37	  38	  30	   2	 681	   1	   1	  11	  11	  15	  30	  70	  50	 408	99797	100478	   0	 -10	
  38	  39	  70	   2	 798	   2	   1	  11	  12	  15	  30	  70	  50	 695	102464	103262	   0	 -20	
  39	  40	  30	   3	 805	   1	   2	  12	  12	  15	  30	  70	  50	 537	105097	105902	   0	 -20	
  40	  41	  50	   1	 759	   3	   1	  12	  12	  16	  30	  70	  50	 656	107863	108622	   0	 -10	
  41	  42	  70	   1	 622	   2	   1	  12	  13	  16	  30	  70	  50	 537	110480	111102	   0	   0	
  42	  43	  30	   2	 436	   1	   1	  13	  13	  16	  30	  70	  50	 328	112730	113166	   0	 -10	
  43	  44	  70	   1	 526	   2	   1	  13	  14	  16	  30	  70	  50	 415	114880	115406	   0	   0	
  44	  45	  50	   2	 738	   3	   1	  13	  14	  17	  30	  70	  50	 450	117163	117901	   0	 -10	
  45	  46	  30	   4	 732	   1	   2	  14	  14	  17	  30	  70	  50	 487	119697	120429	   0	 -10	
  46	  47	  70	   1	 533	   2	   1	  14	  15	  17	  30	  70	  50	 544	122280	122813	   0	   0	
  47	  48	  30	   4	 761	   1	   2	  15	  15	  17	  30	  70	  50	 467	124596	125357	   0	   0	
  48	  49	  70	   2	 698	   2	   1	  15	  16	  17	  30	  70	  50	 303	126963	127661	   0	 -10	
  49	  50	  30	   3	 689	   1	   2	  16	  16	  17	  30	  70	  50	 625	129580	130269	   0	 -10	
  50	  51	  70	   1	 897	   2	   1	  16	  17	  17	  30	  70	  50	 407	131980	132877	   0	   0	
  51	  52	  30	   2	 704	   1	   1	  17	  17	  17	  30	  70	  50	 663	134829	135533	   0	 -10	
  52	  53	  70	   1	 588	   2	   1	  17	  18	  17	  30	  70	  50	 469	137313	137901	   0	   0	
  53	  54	  30	   4	 537	   1	   2	  18	  18	  17	  30	  70	  50	 586	139796	140333	   0	   0	
  54	  55	  70	   2	 556	   2	   1	  18	  19	  17	  30	  70	  50	 497	142129	142685	   0	 -10	
  55	  56	  50	   4	 936	   3	   2	  18	  19	  18	  30	  70	  50	 623	144613	145549	   0	 -10	
  56	  57	  30	   3	 852	   1	   2	  19	  19	  18	  30	  70	  50	 675	147529	148381	   0	 -10	
  57	  58	  70	   1	 605	   2	   1	  19	  20	  18	  30	  70	  50	 426	150112	150717	   0	   0	
  58	  59	  50	   1	 737	   3	   1	  19	  20	  19	  30	  70	  50	 384	152412	153149	   0	  10	
  59	  60	  30	   4	 679	   1	   2	  20	  20	  19	  30	  70	  50	 598	155046	155725	   0	  10	
  60	  61	  50	   2	 429	   3	   1	  20	  20	  20	  30	  70	  50	 657	157679	158108	   0	   0	
  61	  62	  70	   1	 399	   2	   1	  20	  21	  20	  30	  70	  50	 601	160029	160428	   0	  10	
  62	  63	  50	   4	 737	   3	   2	  20	  21	  21	  30	  70	  50	 651	162395	163132	   0	  10	
  63	  64	  70	   2	 619	   2	   1	  20	  22	  21	  30	  70	  50	 493	164929	165548	   0	   0	
  64	  65	  50	   1	1026	   3	   1	  20	  22	  22	  30	  70	  50	 313	167162	168188	   0	  10	
  65	  66	  30	   4	 711	   1	   2	  21	  22	  22	  30	  70	  50	 340	169829	170540	   0	  10	
  66	  67	  70	   1	 441	   2	   1	  21	  23	  22	  30	  70	  50	 342	172179	172620	   0	  20	
  67	  68	  30	   3	 602	   1	   2	  22	  23	  22	  30	  70	  50	 661	174578	175180	   0	  20	
  68	  69	  50	   2	 811	   3	   1	  22	  23	  23	  30	  70	  50	 461	176945	177756	   0	  10	
  69	  70	  70	   1	 771	   2	   1	  22	  24	  23	  30	  70	  50	 485	179545	180316	   0	  20	
  70	  71	  50	   4	 646	   3	   2	  22	  24	  24	  30	  70	  50	 652	182278	182924	   0	  20	
  71	  72	  70	   1	 685	   2	   1	  22	  25	  24	  30	  70	  50	 649	184895	185580	   0	  30	
  72	  73	  50	   3	 723	   3	   2	  22	  25	  25	  30	  70	  50	 658	187545	188268	   0	  30	
  73	  74	  70	   2	 683	   2	   1	  22	  26	  25	  30	  70	  50	 598	190161	190844	   0	  20	
  74	  75	  50	   2	 683	   3	   1	  22	  26	  26	  30	  70	  50	 386	192545	193228	   0	  10	
  75	  76	  70	   1	 669	   2	   1	  22	  27	  26	  30	  70	  50	 360	194895	195564	   0	  20	
  76	  77	  50	   3	 539	   3	   2	  22	  27	  27	  30	  70	  50	 450	197328	197867	   0	  20	
  77	  78	  70	   1	 608	   2	   1	  22	  28	  27	  30	  70	  50	 446	199611	200219	   0	  30	
  78	  79	  50	   3	 712	   3	   2	  22	  28	  28	  30	  70	  50	 697	202211	202923	   0	  30	
  79	  80	  30	   4	 869	   1	   2	  23	  28	  28	  30	  70	  50	 463	204678	205547	   0	  30	
  80	  81	  70	   2	 747	   2	   1	  23	  29	  28	  30	  70	  50	 470	207328	208075	   0	  20	
  81	  82	  30	   4	 575	   1	   2	  24	  29	  28	  30	  70	  50	 659	210044	210619	   0	  20	
  82	  83	  50	   2	 588	   3	   1	  24	  29	  29	  30	  70	  50	 595	212511	213099	   0	  10	
  83	  84	  30	   4	 706	   1	   2	  25	  29	  29	  30	  70	  50	 372	214777	215483	   0	  10	
  84	  85	  70	   1	 626	   2	   1	  25	  30	  29	  30	  70	  50	 381	217161	217787	   0	  20	
  85	  86	  50	   3	 745	   3	   2	  25	  30	  30	  30	  70	  50	 309	219394	220139	   0	  20	
  86	  87	  70	   1	 823	   2	   1	  25	  31	  30	  30	  70	  50	 405	221844	222667	   0	  30	
  87	  88	  30	   4	 898	   3	   2	  25	  31	   1	  30	  70	  30	 351	224361	225259	   3	  30	
  88	  89	  30	   1	 748	   1	   1	  26	  31	   1	  30	  70	  30	 382	226927	227675	   0	  40	
  89	  90	  70	   4	 703	   2	   2	  26	  32	   1	  30	  70	  30	 675	229644	230347	   0	  40	
  90	  91	  30	   3	 833	   3	   2	  26	  32	   2	  30	  70	  30	 350	232010	232843	   0	  40	
  91	  92	  70	   1	 782	   2	   1	  26	  33	   2	  30	  70	  30	 311	234477	235259	   0	  50	
  92	  93	  30	   4	 698	   1	   2	  27	  33	   2	  30	  70	  30	 392	236944	237642	   0	  50	
  93	  94	  30	   2	 772	   3	   1	  27	  33	   3	  30	  70	  30	 551	239510	240282	   0	  40	
  94	  95	  30	   2	 670	   1	   1	  28	  33	   3	  30	  70	  30	 481	242060	242730	   0	  30	
  95	  96	  20	   4	 874	   2	   2	  28	   1	   3	  30	  20	  30	 503	244560	245434	   2	  30	
  96	  97	  30	   3	 971	   1	   2	  29	   1	   3	  30	  20	  30	 613	247343	248314	   0	  30	
  97	  98	  30	   4	 839	   3	   2	  29	   1	   4	  30	  20	  30	 626	250243	251082	   0	  30	
  98	  99	  30	   4	 937	   1	   2	  30	   1	   4	  30	  20	  30	 600	252993	253930	   0	  30	
  99	 100	  30	   4	 734	   3	   2	  30	   1	   5	  30	  20	  30	 431	255660	256394	   0	  30	
 100	 101	  20	   2	 689	   2	   1	  30	   2	   5	  30	  20	  30	 698	258393	259082	   0	  20	
 101	 102	  30	   4	 741	   1	   2	  31	   2	   5	  30	  20	  30	 692	261093	261834	   0	  20	
 102	 103	  20	   3	 578	   2	   2	  31	   3	   5	  30	  20	  30	 446	263576	264154	   0	  20	
 103	 104	  30	   3	1060	   3	   2	  31	   3	   6	  30	  20	  30	 463	265910	266970	   0	  20	
 104	 105	  20	   4	 810	   2	   2	  31	   4	   6	  30	  20	  30	 301	268576	269386	   0	  20	
 105	 106	  30	   4	 874	   3	   2	  31	   4	   7	  30	  20	  30	 691	271376	272250	   0	  20	
 106	 107	  20	   4	 672	   2	   2	  31	   5	   7	  30	  20	  30	 478	274026	274698	   0	  20	
 107	 108	  30	   4	 603	   3	   2	  31	   5	   8	  30	  20	  30	 557	276559	277162	   0	  20	
 108	 109	  20	   3	 568	   2	   2	  31	   6	   8	  30	  20	  30	 522	278993	279561	   0	  20	
 109	 110	  30	   1	1022	   1	   1	  32	   6	   8	  30	  20	  30	 398	281259	282281	   0	  30	
 110	 111	  30	   4	 567	   3	   2	  32	   6	   9	  30	  20	  30	 664	284242	284809	   0	  30	
 111	 112	  20	   4	 478	   2	   2	  32	   7	   9	  30	  20	  30	 325	286459	286937	   0	  30	
 112	 113	  30	   3	 511	   3	   2	  32	   7	  10	  30	  20	  30	 614	288842	289353	   0	  30	
 113	 114	  30	   4	 647	   1	   2	  33	   7	  10	  30	  20	  30	 395	291042	291689	   0	  30	
 114	 115	  30	   1	 485	   3	   1	  33	   7	  11	  30	  20	  30	 494	293476	293961	   0	  40	
 115	 116	  30	   4	 414	   1	   2	  34	   7	  11	  30	  20	  30	 386	295659	296073	   0	  40	
 116	 117	  30	   4	 508	   3	   2	  34	   7	  12	  30	  20	  30	 347	297709	298217	   0	  40	
 117	 118	  30	   2	 652	   1	   1	  35	   7	  12	  30	  20	  30	 595	300109	300761	   0	  30	
 118	 119	  30	   2	 754	   3	   1	  35	   7	  13	  30	  20	  30	 315	302375	303129	   0	  20	
 119	 120	  20	   4	 741	   2	   2	  35	   8	  13	  30	  20	  30	 662	305092	305833	   0	  20	
 120	 121	  80	   3	 801	   1	   2	   1	   8	  13	  80	  20	  30	 443	307592	308393	   1	  20	
 121	 122	  30	   4	 690	   3	   2	   1	   8	  14	  80	  20	  30	 649	310375	311065	   0	  20	
 122	 123	  80	   3	 851	   1	   2	   2	   8	  14	  80	  20	  30	 388	312758	313609	   0	  20	
 123	 124	  30	   3	 813	   3	   2	   2	   8	  15	  80	  20	  30	 372	315292	316105	   0	  20	
 124	 125	  80	   2	 410	   1	   1	   3	   8	  15	  80	  20	  30	 364	317758	318168	   0	  10	
 125	 126	  30	   2	 740	   3	   1	   3	   8	  16	  80	  20	  30	 428	319892	320632	   0	   0	
 126	 127	  80	   1	 874	   1	   1	   4	   8	  16	  80	  20	  30	 619	322558	323432	   0	  10	
 127	 128	  30	   4	 699	   3	   2	   4	   8	  17	  80	  20	  30	 597	325325	326024	   0	  10	
 128	 129	  20	   2	 959	   2	   1	   4	   9	  17	  80	  20	  30	 302	327641	328600	   0	   0	
 129	 130	  80	   1	 952	   1	   1	   5	   9	  17	  80	  20	  30	 305	330208	331160	   0	  10	
 130	 131	  30	   4	 749	   3	   2	   5	   9	  18	  80	  20	  30	 413	332875	333624	   0	  10	
 131	 132	  80	   2	 737	   1	   1	   6	   9	  18	  80	  20	  30	 644	335591	336328	   0	   0	
 132	 133	  30	   3	 902	   3	   2	   6	   9	  19	  80	  20	  30	 625	338258	339160	   0	   0	
 133	 134	  80	   1	 761	   1	   1	   7	   9	  19	  80	  20	  30	 518	340991	341752	   0	  10	
 134	 135	  20	   4	 960	   2	   2	   7	  10	  19	  80	  20	  30	 576	343624	344584	   0	  10	
 135	 136	  80	   1	 781	   1	   1	   8	  10	  19	  80	  20	  30	 612	346491	347272	   0	  20	
 136	 137	  20	   3	 839	   2	   2	   8	  11	  19	  80	  20	  30	 485	349057	349896	   0	  20	
 137	 138	  80	   1	 550	   1	   1	   9	  11	  19	  80	  20	  30	 666	351874	352424	   0	  30	
 138	 139	  20	   4	 523	   2	   2	   9	  12	  19	  80	  20	  30	 427	354157	354680	   0	  30	
 139	 140	  30	   4	 887	   3	   2	   9	  12	  20	  80	  20	  30	 671	356657	357544	   0	  30	
 140	 141	  80	   1	 647	   1	   1	  10	  12	  20	  80	  20	  30	 575	359424	360071	   0	  40	
 141	 142	  30	   3	 625	   3	   2	  10	  12	  21	  80	  20	  30	 613	361990	362615	   0	  40	
 142	 143	  20	   4	 411	   2	   2	  10	  13	  21	  80	  20	  30	 622	364540	364951	   0	  40	
 143	 144	  80	   2	 645	   1	   1	  11	  13	  21	  80	  20	  30	 417	366674	367319	   0	  30	
 144	 145	  30	   4	 670	   3	   2	  11	  13	  22	  80	  20	  30	 642	369257	369927	   0	  30	
 145	 146	  20	   4	 543	   2	   2	  11	  14	  22	  80	  20	  30	 400	371640	372183	   0	  30	
 146	 147	  30	   2	 477	   3	   1	  11	  14	  23	  80	  20	  30	 603	374090	374567	   0	  20	
 147	 148	  20	   4	 841	   2	   2	  11	  15	  23	  80	  20	  30	 319	376190	377031	   0	  20	
 148	 149	  80	   1	 529	   1	   1	  12	  15	  23	  80	  20	  30	 463	378790	379319	   0	  30	
 149	 150	  20	   4	 864	   2	   2	  12	  16	  23	  80	  20	  30	 583	381207	382071	   0	  30	
 150	 151	  80	   1	 821	   1	   1	  13	  16	  23	  80	  20	  30	 530	383890	384711	   0	  40	
 151	 152	  20	   4	 586	   2	   2	  13	  17	  23	  80	  20	  30	 516	386557	387143	   0	  40	
 152	 153	  30	   4	 693	   3	   2	  13	  17	  24	  80	  20	  30	 659	389106	389799	   0	  40	
 153	 154	  20	   3	 727	   2	   2	  13	  18	  24	  80	  20	  30	 353	391456	392183	   0	  40	
 154	 155	  80	   3	 703	   1	   2	  14	  18	  24	  80	  20	  30	 567	394056	394759	   0	  40	
 155	 156	  30	   4	 690	   3	   2	  14	  18	  25	  80	  20	  30	 314	396373	397063	   0	  40	
 156	 157	  80	   1	 530	   1	   1	  15	  18	  25	  80	  20	  30	 379	398740	399270	   0	  50	
 157	 158	  20	   4	 436	   2	   2	  15	  19	  25	  80	  20	  30	 544	401106	401542	   0	  50	
 158	 159	  30	   4	 555	   3	   2	  15	  19	  26	  80	  20	  30	 477	403323	403878	   0	  50	
 159	 160	  80	   1	 591	   1	   1	  16	  19	  26	  80	  20	  30	 461	405639	406230	   0	  60	
 160	 161	  20	   4	 569	   2	   2	  16	  20	  26	  80	  20	  30	 633	408173	408742	   0	  60	
 161	 162	  30	   3	 525	   3	   2	  16	  20	  27	  80	  20	  30	 431	410489	411014	   0	  60	
 162	 163	  80	   3	 459	   1	   2	  17	  20	  27	  80	  20	  30	 603	412923	413382	   0	  60	
 163	 164	  30	   4	 538	   3	   2	  17	  20	  28	  80	  20	  30	 685	415372	415910	   0	  60	
 164	 165	  20	   4	 494	   2	   2	  17	  21	  28	  80	  20	  30	 455	417672	418166	   0	  60	
 165	 166	  30	   4	 493	   3	   2	  17	  21	  29	  80	  20	  30	 620	420089	420582	   0	  60	
 166	 167	  80	   4	 501	   1	   2	  18	  21	  29	  80	  20	  30	 407	422289	422790	   0	  60	
 167	 168	  30	   3	 546	   3	   2	  18	  21	  30	  80	  20	  30	 649	424756	425302	   0	  60	
 168	 169	  20	   2	 626	   2	   1	  18	  22	  30	  80	  20	  30	 569	427172	427798	   0	  50	
 169	 170	  30	   4	 595	   3	   2	  18	  22	  31	  80	  20	  30	 435	429539	430134	   0	  50	
 170	 171	  80	   1	 498	   1	   1	  19	  22	  31	  80	  20	  30	 536	431972	432470	   0	  60	
 171	 172	  30	   4	 523	   3	   2	  19	  22	  32	  80	  20	  30	 366	434155	434678	   0	  60	
 172	 173	  20	   3	 703	   2	   2	  19	  23	  32	  80	  20	  30	 463	436439	437142	   0	  60	
 173	 174	  80	   1	 507	   1	   1	  20	  23	  32	  80	  20	  30	 480	438922	439429	   0	  70	
 174	 175	  30	   4	 559	   3	   2	  20	  23	  33	  80	  20	  30	 502	441238	441797	   0	  70	
 175	 176	  80	   1	 615	   1	   1	  21	  23	  33	  80	  20	  30	 330	443422	444037	   0	  80	
 176	 177	  30	   3	 435	   3	   2	  21	  23	  34	  80	  20	  30	 586	445938	446373	   0	  80	
 177	 178	  80	   1	 783	   1	   1	  22	  23	  34	  80	  20	  30	 349	448038	448821	   0	  90	
 178	 179	  30	   4	 506	   3	   2	  22	  23	  35	  80	  20	  30	 432	450555	451061	   0	  90	
 179	 180	  20	   4	 689	   2	   2	  22	  24	  35	  80	  20	  30	 402	452772	453461	   0	  90	
 180	 181	  70	   1	 806	   3	   1	  22	  24	   1	  80	  20	  70	 672	455455	456261	   3	 100	
 181	 182	  20	   3	1020	   2	   2	  22	  25	   1	  80	  20	  70	 532	458105	459125	   0	 100	
 182	 183	  80	   2	 688	   1	   1	  23	  25	   1	  80	  20	  70	 392	460821	461509	   0	  90	
 183	 184	  70	   2	 630	   3	   1	  23	  25	   2	  80	  20	  70	 638	463455	464085	   0	  80	
 184	 185	  20	   4	 910	   2	   2	  23	  26	   2	  80	  20	  70	 673	466055	466965	   0	  80	
 185	 186	  70	   3	 789	   3	   2	  23	  26	   3	  80	  20	  70	 437	468704	469493	   0	  80	
 186	 187	  20	   4	 874	   2	   2	  23	  27	   3	  80	  20	  70	 568	471371	472245	   0	  80	
 187	 188	  70	   2	 713	   3	   1	  23	  27	   4	  80	  20	  70	 665	474204	474917	   0	  70	
 188	 189	  20	   4	 780	   2	   2	  23	  28	   4	  80	  20	  70	 669	476888	477668	   0	  70	
 189	 190	  80	   1	 485	   1	   1	  24	  28	   4	  80	  20	  70	 514	479471	479956	   0	  80	
 190	 191	  70	   1	 827	   3	   1	  24	  28	   5	  80	  20	  70	 461	481721	482548	   0	  90	
 191	 192	  80	   4	 789	   1	   2	  25	  28	   5	  80	  20	  70	 423	484287	485076	   0	  90	
 192	 193	  20	   4	 932	   2	   2	  25	  29	   5	  80	  20	  70	 319	486704	487636	   0	  90	
 193	 194	  70	   1	 619	   3	   1	  25	  29	   6	  80	  20	  70	 380	489321	489940	   0	 100	
 194	 195	  20	   4	 739	   2	   2	  25	  30	   6	  80	  20	  70	 694	491937	492676	   0	 100	
 195	 196	  70	   1	 502	   3	   1	  25	  30	   7	  80	  20	  70	 691	494670	495172	   0	 110	
 196	 197	  80	   1	 738	   1	   1	  26	  30	   7	  80	  20	  70	 692	497170	497908	   0	 120	
 197	 198	  50	   3	 869	   2	   2	  26	   1	   7	  80	  50	  70	 664	499887	500756	   2	 120	
 198	 199	  70	   2	 843	   3	   1	  26	   1	   8	  80	  50	  70	 479	502537	503380	   0	 110	
 199	 200	  50	   4	1096	   2	   2	  26	   2	   8	  80	  50	  70	 341	505020	506116	   0	 110	
 200	 201	  80	   1	 626	   1	   1	  27	   2	   8	  80	  50	  70	 559	507970	508596	   0	 120	
 201	 202	  70	   1	 578	   3	   1	  27	   2	   9	  80	  50	  70	 455	510370	510948	   0	 130	
 202	 203	  50	   3	 749	   2	   2	  27	   3	   9	  80	  50	  70	 653	512903	513652	   0	 130	
 203	 204	  70	   1	 699	   3	   1	  27	   3	  10	  80	  50	  70	 393	515337	516036	   0	 140	
 204	 205	  50	   4	 750	   2	   2	  27	   4	  10	  80	  50	  70	 691	518037	518787	   0	 140	
 205	 206	  70	   2	 630	   3	   1	  27	   4	  11	  80	  50	  70	 551	520653	521283	   0	 130	
 206	 207	  50	   4	1030	   2	   2	  27	   5	  11	  80	  50	  70	 477	523053	524083	   0	 130	
 207	 208	  80	   1	 797	   1	   1	  28	   5	  11	  80	  50	  70	 696	526070	526867	   0	 140	
 208	 209	  50	   3	 653	   2	   2	  28	   6	  11	  80	  50	  70	 317	528486	529139	   0	 140	
 209	 210	  80	   1	 768	   1	   1	  29	   6	  11	  80	  50	  70	 349	530803	531571	   0	 150	
 210	 211	  70	   2	1011	   3	   1	  29	   6	  12	  80	  50	  70	 658	533536	534547	   0	 140	
 211	 212	  50	   3	 873	   2	   2	  29	   7	  12	  80	  50	  70	 327	536186	537059	   0	 140	
 212	 213	  80	   1	 612	   1	   1	  30	   7	  12	  80	  50	  70	 353	538719	539331	   0	 150	
 213	 214	  70	   1	 752	   3	   1	  30	   7	  13	  80	  50	  70	 598	541219	541971	   0	 160	
 214	 215	  80	   1	 828	   1	   1	  31	   7	  13	  80	  50	  70	 442	543719	544547	   0	 170	
 215	 216	  70	   1	 657	   3	   1	  31	   7	  14	  80	  50	  70	 533	546386	547043	   0	 180	
 216	 217	  50	   2	 767	   2	   1	  31	   8	  14	  80	  50	  70	 510	548852	549619	   0	 170	
 217	 218	  80	   1	 802	   1	   1	  32	   8	  14	  80	  50	  70	 645	551569	552371	   0	 180	
 218	 219	  50	   2	 703	   2	   1	  32	   9	  14	  80	  50	  70	 354	554036	554739	   0	 170	
 219	 220	  80	   1	 564	   1	   1	  33	   9	  14	  80	  50	  70	 680	556719	557283	   0	 180	
 220	 221	  70	   1	 551	   3	   1	  33	   9	  15	  80	  50	  70	 448	559019	559570	   0	 190	
 221	 222	  50	   3	 466	   2	   2	  33	  10	  15	  80	  50	  70	 649	561552	562018	   0	 190	
 222	 223	  70	   1	 666	   3	   1	  33	  10	  16	  80	  50	  70	 429	563752	564418	   0	 200	
 223	 224	  20	   4	 828	   1	   2	   1	  10	  16	  20	  50	  70	 355	566102	566930	   1	 200	
 224	 225	  50	   4	 772	   2	   2	   1	  11	  16	  20	  50	  70	 477	568702	569474	   0	 200	
 225	 226	  70	   2	 509	   3	   1	   1	  11	  17	  20	  50	  70	 498	571269	571778	   0	 190	
 226	 227	  20	   4	 676	   1	   2	   2	  11	  17	  20	  50	  70	 416	573502	574178	   0	 190	
 227	 228	  70	   1	 591	   3	   1	   2	  11	  18	  20	  50	  70	 554	576035	576626	   0	 200	
 228	 229	  20	   4	1202	   1	   2	   3	  11	  18	  20	  50	  70	 419	578352	579554	   0	 200	
 229	 230	  50	   3	1080	   2	   2	   3	  12	  18	  20	  50	  70	 544	581402	582482	   0	 200	
 230	 231	  70	   1	 627	   3	   1	   3	  12	  19	  20	  50	  70	 565	584335	584962	   0	 210	
 231	 232	  50	   4	 766	   2	   2	   3	  13	  19	  20	  50	  70	 568	586852	587618	   0	 210	
 232	 233	  70	   1	 643	   3	   1	   3	  13	  20	  20	  50	  70	 604	589535	590178	   0	 220	
 233	 234	  20	   3	 851	   1	   2	   4	  13	  20	  20	  50	  70	 453	591935	592786	   0	 220	
 234	 235	  70	   2	 544	   3	   1	   4	  13	  21	  20	  50	  70	 326	594418	594962	   0	 210	
 235	 236	  20	   4	 763	   1	   2	   5	  13	  21	  20	  50	  70	 663	596918	597681	   0	 210	
 236	 237	  50	   2	 875	   2	   1	   5	  14	  21	  20	  50	  70	 343	599318	600193	   0	 200	
 237	 238	  70	   1	 669	   3	   1	   5	  14	  22	  20	  50	  70	 570	602068	602737	   0	 210	
 238	 239	  50	   3	 855	   2	   2	   5	  15	  22	  20	  50	  70	 587	604634	605489	   0	 210	
 239	 240	  70	   1	 689	   3	   1	   5	  15	  23	  20	  50	  70	 375	607168	607857	   0	 220	
 240	 241	  50	   3	 751	   2	   2	   5	  16	  23	  20	  50	  70	 457	609618	610369	   0	 220	
 241	 242	  20	   4	 846	   1	   2	   6	  16	  23	  20	  50	  70	 355	612051	612897	   0	 220	
 242	 243	  50	   2	 829	   2	   1	   6	  17	  23	  20	  50	  70	 694	614884	615713	   0	 210	
 243	 244	  20	   3	 727	   1	   2	   7	  17	  23	  20	  50	  70	 422	617434	618161	   0	 210	
 244	 245	  70	   1	 462	   3	   1	   7	  17	  24	  20	  50	  70	 605	620067	620529	   0	 220	
 245	 246	  50	   1	 766	   2	   1	   7	  18	  24	  20	  50	  70	 621	622451	623217	   0	 230	
 246	 247	  20	   4	 594	   1	   2	   8	  18	  24	  20	  50	  70	 637	625167	625761	   0	 230	
 247	 248	  50	   2	 482	   2	   1	   8	  19	  24	  20	  50	  70	 509	627567	628049	   0	 220	
 248	 249	  70	   1	 495	   3	   1	   8	  19	  25	  20	  50	  70	 700	630050	630545	   0	 230	
 249	 250	  20	   4	 672	   1	   2	   9	  19	  25	  20	  50	  70	 576	632417	633089	   0	 230	
 250	 251	  70	   2	 609	   3	   1	   9	  19	  26	  20	  50	  70	 393	634784	635393	   0	 220	
 251	 252	  50	   1	 751	   2	   1	   9	  20	  26	  20	  50	  70	 530	637234	637985	   0	 230	
 252	 253	  20	   4	 633	   1	   2	  10	  20	  26	  20	  50	  70	 472	639767	640400	   0	 230	
 253	 254	  70	   1	 581	   3	   1	  10	  20	  27	  20	  50	  70	 558	642267	642848	   0	 240	
 254	 255	  50	   1	 593	   2	   1	  10	  21	  27	  20	  50	  70	 625	644767	645360	   0	 250	
 255	 256	  70	   1	 603	   3	   1	  10	  21	  28	  20	  50	  70	 669	647333	647936	   0	 260	
 256	 257	  50	   2	 574	   2	   1	  10	  22	  28	  20	  50	  70	 414	649650	650224	   0	 250	
 257	 258	  70	   2	 595	   3	   1	  10	  22	  29	  20	  50	  70	 413	651933	652528	   0	 240	
 258	 259	  50	   2	 548	   2	   1	  10	  23	  29	  20	  50	  70	 476	654300	654848	   0	 230	
 259	 260	  70	   1	 558	   3	   1	  10	  23	  30	  20	  50	  70	 305	656450	657008	   0	 240	
 260	 261	  20	   4	 653	   1	   2	  11	  23	  30	  20	  50	  70	 566	658883	659536	   0	 240	
 261	 262	  50	   4	 923	   3	   2	  11	  23	   1	  20	  50	  50	 455	661333	662256	   3	 240	
 262	 263	  50	   4	 765	   2	   2	  11	  24	   1	  20	  50	  50	 524	664083	664848	   0	 240	
 263	 264	  20	   4	 726	   1	   2	  12	  24	   1	  20	  50	  50	 518	666666	667392	   0	 240	
 264	 265	  50	   4	 967	   3	   2	  12	  24	   2	  20	  50	  50	 365	669049	670016	   0	 240	
 265	 266	  50	   3	 823	   2	   2	  12	  25	   2	  20	  50	  50	 511	671833	672656	   0	 240	
 266	 267	  50	   3	 831	   3	   2	  12	  25	   3	  20	  50	  50	 470	674433	675264	   0	 240	
 267	 268	  50	   3	 641	   2	   2	  12	  26	   3	  20	  50	  50	 636	677199	677840	   0	 240	
 268	 269	  20	   4	 937	   1	   2	  13	  26	   3	  20	  50	  50	 620	679766	680703	   0	 240	
 269	 270	  50	   4	 679	   2	   2	  13	  27	   3	  20	  50	  50	 624	682632	683311	   0	 240	
 270	 271	  50	   4	 716	   3	   2	  13	  27	   4	  20	  50	  50	 691	685299	686015	   0	 240	
 271	 272	  50	   3	 768	   2	   2	  13	  28	   4	  20	  50	  50	 650	687999	688767	   0	 240	
 272	 273	  50	   3	 723	   3	   2	  13	  28	   5	  20	  50	  50	 659	690732	691455	   0	 240	
 273	 274	  50	   4	 781	   2	   2	  13	  29	   5	  20	  50	  50	 518	693282	694063	   0	 240	
 274	 275	  20	   3	 606	   1	   2	  14	  29	   5	  20	  50	  50	 696	696049	696655	   0	 240	
 275	 276	  50	   3	 662	   3	   2	  14	  29	   6	  20	  50	  50	 688	698649	699311	   0	 240	
 276	 277	  50	   3	 778	   2	   2	  14	  30	   6	  20	  50	  50	 336	700949	701727	   0	 240	
 277	 278	  20	   4	 680	   1	   2	  15	  30	   6	  20	  50	  50	 375	703399	704079	   0	 240	
 278	 279	  50	   2	 652	   3	   1	  15	  30	   7	  20	  50	  50	 319	705699	706351	   0	 230	
 279	 280	  20	   3	 642	   1	   2	  16	  30	   7	  20	  50	  50	 300	707965	708607	   0	 230	
 280	 281	  50	   4	 727	   3	   2	  16	  30	   8	  20	  50	  50	 341	710248	710975	   0	 230	
 281	 282	  20	   2	 682	   1	   1	  17	  30	   8	  20	  50	  50	 673	712965	713647	   0	 220	
 282	 283	  50	   3	 853	   3	   2	  17	  30	   9	  20	  50	  50	 565	715498	716351	   0	 220	
 283	 284	  50	   3	 637	   2	   2	  17	  31	   9	  20	  50	  50	 442	718098	718735	   0	 220	
 284	 285	  20	   4	 672	   1	   2	  18	  31	   9	  20	  50	  50	 354	720398	721070	   0	 220	
 285	 286	  50	   4	 511	   2	   2	  18	  32	   9	  20	  50	  50	 452	722831	723342	   0	 220	
 286	 287	  20	   4	 611	   1	   2	  19	  32	   9	  20	  50	  50	 484	725131	725742	   0	 220	
 287	 288	  50	   1	 454	   3	   1	  19	  32	  10	  20	  50	  50	 412	727448	727902	   0	 230	
 288	 289	  20	   4	 585	   1	   2	  20	  32	  10	  20	  50	  50	 555	729765	730350	   0	 230	
 289	 290	  50	   1	 675	   3	   1	  20	  32	  11	  20	  50	  50	 652	732315	732990	   0	 240	
 290	 291	  50	   3	 577	   2	   2	  20	  33	  11	  20	  50	  50	 495	734781	735358	   0	 240	
 291	 292	  50	   1	 661	   3	   1	  20	  33	  12	  20	  50	  50	 406	737081	737742	   0	 250	
 292	 293	  20	   4	 829	   2	   2	  20	   1	  12	  20	  20	  50	 617	739681	740510	   2	 250	
 293	 294	  50	   2	 676	   3	   1	  20	   1	  13	  20	  20	  50	 483	742298	742974	   0	 240	
 294	 295	  20	   4	 598	   1	   2	  21	   1	  13	  20	  20	  50	 366	744648	745246	   0	 240	
 295	 296	  20	   4	 760	   2	   2	  21	   2	  13	  20	  20	  50	 480	747014	747774	   0	 240	
 296	 297	  20	   3	 646	   1	   2	  22	   2	  13	  20	  20	  50	 397	749464	750110	   0	 240	
 297	 298	  20	   4	 616	   2	   2	  22	   3	  13	  20	  20	  50	 411	751814	752430	   0	 240	
 298	 299	  20	   4	 567	   1	   2	  23	   3	  13	  20	  20	  50	 488	754231	754798	   0	 240	
 299	 300	  20	   4	 435	   2	   2	  23	   4	  13	  20	  20	  50	 642	756747	757182	   0	 240	
 300	 301	  50	   1	1008	   3	   1	  23	   4	  14	  20	  20	  50	 684	759181	760189	   0	 250	
 301	 302	  20	   3	 721	   2	   2	  23	   5	  14	  20	  20	  50	 475	761980	762701	   0	 250	
 302	 303	  50	   1	 698	   3	   1	  23	   5	  15	  20	  20	  50	 544	764547	765245	   0	 260	
 303	 304	  20	   4	 494	   2	   2	  23	   6	  15	  20	  20	  50	 308	766847	767341	   0	 260	
 304	 305	  20	   4	 603	   1	   2	  24	   6	  15	  20	  20	  50	 691	769330	769933	   0	 260	
 305	 306	  50	   2	 526	   3	   1	  24	   6	  16	  20	  20	  50	 414	771647	772173	   0	 250	
 306	 307	  20	   4	 493	   1	   2	  25	   6	  16	  20	  20	  50	 596	774064	774557	   0	 250	
 307	 308	  50	   2	 507	   3	   1	  25	   6	  17	  20	  20	  50	 678	776530	777037	   0	 240	
 308	 309	  20	   4	 457	   1	   2	  26	   6	  17	  20	  20	  50	 635	778980	779437	   0	 240	
 309	 310	  50	   1	 421	   3	   1	  26	   6	  18	  20	  20	  50	 345	781080	781501	   0	 250	
 310	 311	  20	   4	 493	   1	   2	  27	   6	  18	  20	  20	  50	 481	783280	783773	   0	 250	
 311	 312	  50	   2	 447	   3	   1	  27	   6	  19	  20	  20	  50	 545	785630	786077	   0	 240	
 312	 313	  20	   4	 513	   2	   2	  27	   7	  19	  20	  20	  50	 624	787996	788509	   0	 240	
 313	 314	  50	   2	 499	   3	   1	  27	   7	  20	  20	  20	  50	 532	790330	790829	   0	 230	
 314	 315	  20	   4	 411	   2	   2	  27	   8	  20	  20	  20	  50	 409	792546	792957	   0	 230	
 315	 316	  20	   3	 527	   1	   2	  28	   8	  20	  20	  20	  50	 584	794846	795373	   0	 230	
 316	 317	  20	   3	 531	   2	   2	  28	   9	  20	  20	  20	  50	 468	797146	797677	   0	 230	
 317	 318	  50	   2	 538	   3	   1	  28	   9	  21	  20	  20	  50	 373	799346	799884	   0	 220	
 318	 319	  20	   4	 470	   2	   2	  28	  10	  21	  20	  20	  50	 662	801846	802316	   0	 220	
 319	 320	  20	   4	 437	   1	   2	  29	  10	  21	  20	  20	  50	 653	804279	804716	   0	 220	
 320	 321	  50	   1	 574	   3	   1	  29	  10	  22	  20	  20	  50	 423	806446	807020	   0	 230	
 321	 322	  20	   4	 438	   1	   2	  30	  10	  22	  20	  20	  50	 699	809046	809484	   0	 230	
 322	 323	  50	   2	 638	   3	   1	  30	  10	  23	  20	  20	  50	 455	811246	811884	   0	 220	
 323	 324	  20	   4	 396	   1	   2	  31	  10	  23	  20	  20	  50	 515	813696	814092	   0	 220	
 324	 325	  20	   4	 558	   2	   2	  31	  11	  23	  20	  20	  50	 673	816062	816620	   0	 220	
 325	 326	  20	   4	 510	   1	   2	  32	  11	  23	  20	  20	  50	 523	818446	818956	   0	 220	
 326	 327	  50	   1	 568	   3	   1	  32	  11	  24	  20	  20	  50	 346	820596	821164	   0	 230	
 327	 328	  20	   4	 544	   2	   2	  32	  12	  24	  20	  20	  50	 342	822812	823356	   0	 230	
 328	 329	  50	   1	 450	   3	   1	  32	  12	  25	  20	  20	  50	 488	825146	825596	   0	 240	
 329	 330	  20	   4	 484	   2	   2	  32	  13	  25	  20	  20	  50	 614	827512	827996	   0	 240	
 330	 331	  20	   3	 643	   1	   2	  33	  13	  25	  20	  20	  50	 624	829929	830572	   0	 240	
 331	 332	  20	   4	 708	   2	   2	  33	  14	  25	  20	  20	  50	 430	832312	833020	   0	 240	
 332	 333	  50	   2	 519	   3	   1	  33	  14	  26	  20	  20	  50	 306	834629	835148	   0	 230	
 333	 334	  20	   4	 473	   1	   2	  34	  14	  26	  20	  20	  50	 545	836995	837468	   0	 230	
 334	 335	  20	   4	 776	   2	   2	  34	  15	  26	  20	  20	  50	 616	839395	840171	   0	 230	
 335	 336	  50	   1	 551	   3	   1	  34	  15	  27	  20	  20	  50	 334	841812	842363	   0	 240	
 336	 337	  20	   4	 441	   1	   2	  35	  15	  27	  20	  20	  50	 510	844178	844619	   0	 240	
 337	 338	  20	   2	 386	   2	   1	  35	  16	  27	  20	  20	  50	 432	846345	846731	   0	 230	
 338	 339	  80	   1	 807	   1	   1	   1	  16	  27	  80	  20	  50	 551	848612	849419	   1	 240	
 339	 340	  20	   4	 653	   2	   2	   1	  17	  27	  80	  20	  50	 536	851262	851915	   0	 240	
 340	 341	  80	   3	 696	   1	   2	   2	  17	  27	  80	  20	  50	 572	853795	854491	   0	 240	
 341	 342	  50	   1	 786	   3	   1	   2	  17	  28	  80	  20	  50	 541	856345	857131	   0	 250	
 342	 343	  80	   1	 410	   1	   1	   3	  17	  28	  80	  20	  50	 506	858945	859355	   0	 260	
 343	 344	  20	   3	 538	   2	   2	   3	  18	  28	  80	  20	  50	 303	860961	861499	   0	 260	
 344	 345	  50	   2	 596	   3	   1	   3	  18	  29	  80	  20	  50	 309	863111	863707	   0	 250	
 345	 346	  20	   3	 507	   2	   2	   3	  19	  29	  80	  20	  50	 320	865328	865835	   0	 250	
 346	 347	  80	   1	 451	   1	   1	   4	  19	  29	  80	  20	  50	 386	867528	867979	   0	 260	
 347	 348	  20	   4	 497	   2	   2	   4	  20	  29	  80	  20	  50	 306	869594	870091	   0	 260	
 348	 349	  50	   2	 653	   3	   1	   4	  20	  30	  80	  20	  50	 698	872078	872731	   0	 250	
 349	 350	  80	   4	 691	   1	   2	   5	  20	  30	  80	  20	  50	 313	874344	875035	   0	 250	
 350	 351	  50	   2	 615	   3	   1	   5	  20	  31	  80	  20	  50	 697	877028	877643	   0	 240	
 351	 352	  80	   1	 724	   1	   1	   6	  20	  31	  80	  20	  50	 546	879494	880218	   0	 250	
 352	 353	  50	   2	 609	   3	   1	   6	  20	  32	  80	  20	  50	 458	881977	882586	   0	 240	
 353	 354	  80	   1	 642	   1	   1	   7	  20	  32	  80	  20	  50	 464	884344	884986	   0	 250	
 354	 355	  20	   3	1031	   2	   2	   7	  21	  32	  80	  20	  50	 337	886627	887658	   0	 250	
 355	 356	  80	   1	 765	   1	   1	   8	  21	  32	  80	  20	  50	 327	889277	890042	   0	 260	
 356	 357	  50	   3	 630	   3	   2	   8	  21	  33	  80	  20	  50	 511	891844	892474	   0	 260	
 357	 358	  20	   4	 821	   2	   2	   8	  22	  33	  80	  20	  50	 506	894277	895098	   0	 260	
 358	 359	  70	   3	 860	   3	   2	   8	  22	   1	  80	  20	  70	 485	896910	897770	   3	 260	
 359	 360	  20	   4	 741	   2	   2	   8	  23	   1	  80	  20	  70	 410	899477	900218	   0	 260	
 360	 361	  80	   2	 512	   1	   1	   9	  23	   1	  80	  20	  70	 488	902010	902522	   0	 250	
 361	 362	  20	   4	 714	   2	   2	   9	  24	   1	  80	  20	  70	 329	904160	904874	   0	 250	
 362	 363	  70	   2	 654	   3	   1	   9	  24	   2	  80	  20	  70	 696	906860	907514	   0	 240	
 363	 364	  80	   1	 731	   1	   1	  10	  24	   2	  80	  20	  70	 526	909343	910074	   0	 250	
 364	 365	  70	   4	 707	   3	   2	  10	  24	   3	  80	  20	  70	 582	911943	912650	   0	 250	
 365	 366	  20	   4	 885	   2	   2	  10	  25	   3	  80	  20	  70	 328	914277	915162	   0	 250	
 366	 367	  70	   3	 665	   3	   2	  10	  25	   4	  80	  20	  70	 503	916977	917642	   0	 250	
 367	 368	  20	   4	 670	   2	   2	  10	  26	   4	  80	  20	  70	 691	919627	920297	   0	 250	
 368	 369	  80	   1	 721	   1	   1	  11	  26	   4	  80	  20	  70	 365	921960	922681	   0	 260	
 369	 370	  70	   1	 882	   3	   1	  11	  26	   5	  80	  20	  70	 363	924343	925225	   0	 270	
 370	 371	  20	   3	 544	   2	   2	  11	  27	   5	  80	  20	  70	 662	927193	927737	   0	 270	
 371	 372	  70	   1	 581	   3	   1	  11	  27	   6	  80	  20	  70	 402	929460	930041	   0	 280	
 372	 373	  80	   1	 526	   1	   1	  12	  27	   6	  80	  20	  70	 306	931643	932169	   0	 290	
 373	 374	  70	   2	 489	   3	   1	  12	  27	   7	  80	  20	  70	 313	933776	934265	   0	 280	
 374	 375	  80	   1	 783	   1	   1	  13	  27	   7	  80	  20	  70	 450	936026	936809	   0	 290	
 375	 376	  70	   1	 448	   3	   1	  13	  27	   8	  80	  20	  70	 666	938793	939241	   0	 300	
 376	 377	  20	   4	 531	   2	   2	  13	  28	   8	  80	  20	  70	 591	941126	941657	   0	 300	
 377	 378	  80	   1	 454	   1	   1	  14	  28	   8	  80	  20	  70	 495	943443	943897	   0	 310	
 378	 379	  70	   1	 548	   3	   1	  14	  28	   9	  80	  20	  70	 698	945893	946441	   0	 320	
 379	 380	  80	   3	 801	   1	   2	  15	  28	   9	  80	  20	  70	 653	948392	949193	   0	 320	
 380	 381	  70	   1	 581	   3	   1	  15	  28	  10	  80	  20	  70	 567	951076	951657	   0	 330	
 381	 382	  80	   1	 509	   1	   1	  16	  28	  10	  80	  20	  70	 321	953292	953801	   0	 340	
 382	 383	  20	   4	 532	   2	   2	  16	  29	  10	  80	  20	  70	 399	955509	956041	   0	 340	
 383	 384	  80	   1	 669	   1	   1	  17	  29	  10	  80	  20	  70	 360	957692	958361	   0	 350	
 384	 385	  70	   2	 628	   3	   1	  17	  29	  11	  80	  20	  70	 616	960292	960920	   0	 340	
 385	 386	  80	   2	 479	   1	   1	  18	  29	  11	  80	  20	  70	 607	962825	963304	   0	 330	
 386	 387	  20	   4	 611	   2	   2	  18	  30	  11	  80	  20	  70	 528	965125	965736	   0	 330	
 387	 388	  70	   1	 579	   3	   1	  18	  30	  12	  80	  20	  70	 491	967525	968104	   0	 340	
 388	 389	  20	   4	 734	   2	   2	  18	  31	  12	  80	  20	  70	 643	970042	970776	   0	 340	
 389	 390	  70	   1	 523	   3	   1	  18	  31	  13	  80	  20	  70	 435	972525	973048	   0	 350	
 390	 391	  80	   2	 415	   1	   1	  19	  31	  13	  80	  20	  70	 482	974825	975240	   0	 340	
 391	 392	  70	   2	 568	   3	   1	  19	  31	  14	  80	  20	  70	 443	976992	977560	   0	 330	
 392	 393	  20	   4	 588	   2	   2	  19	  32	  14	  80	  20	  70	 429	979292	979880	   0	 330	
 393	 394	  70	   1	 498	   3	   1	  19	  32	  15	  80	  20	  70	 371	981558	982056	   0	 340	
 394	 395	  20	   3	 664	   2	   2	  19	  33	  15	  80	  20	  70	 448	983792	984456	   0	 340	
 395	 396	  70	   1	 706	   3	   1	  19	  33	  16	  80	  20	  70	 594	986342	987048	   0	 350	
 396	 397	  80	   1	 743	   1	   1	  20	  33	  16	  80	  20	  70	 676	989025	989768	   0	 360	
 397	 398	  70	   2	 500	   3	   1	  20	  33	  17	  80	  20	  70	 442	991508	992008	   0	 350	
 398	 399	  20	   4	 603	   2	   2	  20	  34	  17	  80	  20	  70	 424	993741	994344	   0	 350	
 399	 400	  80	   2	 647	   1	   1	  21	  34	  17	  80	  20	  70	 592	996241	996888	   0	 340	
 400	 401	  20	   4	 891	   2	   2	  21	  35	  17	  80	  20	  70	 326	998508	999399	   0	 340	
 401	 402	  80	   1	 434	   1	   1	  22	  35	  17	  80	  20	  70	 403	1001125	1001559	   0	 350	
 402	 403	  80	   3	 762	   2	   2	  22	   1	  17	  80	  80	  70	 462	1003341	1004103	   2	 350	
 403	 404	  80	   1	 652	   1	   1	  23	   1	  17	  80	  80	  70	 695	1006091	1006743	   0	 360	
 404	 405	  80	   1	 519	   2	   1	  23	   2	  17	  80	  80	  70	 569	1008624	1009143	   0	 370	
 405	 406	  80	   1	 848	   1	   1	  24	   2	  17	  80	  80	  70	 345	1010791	1011639	   0	 380	
 406	 407	  80	   1	 526	   2	   1	  24	   3	  17	  80	  80	  70	 309	1013241	1013767	   0	 390	
 407	 408	  80	   1	 458	   1	   1	  25	   3	  17	  80	  80	  70	 678	1015741	1016199	   0	 400	
 408	 409	  80	   2	 445	   2	   1	  25	   4	  17	  80	  80	  70	 575	1018074	1018519	   0	 390	
 409	 410	  80	   1	 390	   1	   1	  26	   4	  17	  80	  80	  70	 437	1020257	1020647	   0	 400	
 410	 411	  80	   1	 448	   2	   1	  26	   5	  17	  80	  80	  70	 434	1022391	1022839	   0	 410	
 411	 412	  80	   2	 647	   1	   1	  27	   5	  17	  80	  80	  70	 473	1024624	1025271	   0	 400	
 412	 413	  80	   1	 485	   2	   1	  27	   6	  17	  80	  80	  70	 502	1027074	1027559	   0	 410	
 413	 414	  80	   1	 451	   1	   1	  28	   6	  17	  80	  80	  70	 682	1029540	1029991	   0	 420	
 414	 415	  80	   1	 527	   2	   1	  28	   7	  17	  80	  80	  70	 327	1031624	1032151	   0	 430	
 415	 416	  80	   1	 477	   1	   1	  29	   7	  17	  80	  80	  70	 648	1034090	1034567	   0	 440	
 416	 417	  70	   1	 731	   3	   1	  29	   7	  18	  80	  80	  70	 666	1036540	1037271	   0	 450	
 417	 418	  80	   1	 541	   2	   1	  29	   8	  18	  80	  80	  70	 688	1039257	1039798	   0	 460	
 418	 419	  80	   1	 427	   1	   1	  30	   8	  18	  80	  80	  70	 628	1041723	1042150	   0	 470	
 419	 420	  80	   2	 477	   2	   1	  30	   9	  18	  80	  80	  70	 606	1044057	1044534	   0	 460	
 420	 421	  70	   1	 507	   3	   1	  30	   9	  19	  80	  80	  70	 671	1046507	1047014	   0	 470	
 421	 422	  80	   1	 574	   2	   1	  30	  10	  19	  80	  80	  70	 505	1048840	1049414	   0	 480	
 422	 423	  30	   4	 758	   1	   2	   1	  10	  19	  30	  80	  70	 300	1051040	1051798	   1	 480	
 423	 424	  70	   1	 571	   3	   1	   1	  10	  20	  30	  80	  70	 603	1053707	1054278	   0	 490	
 424	 425	  80	   2	 724	   2	   1	   1	  11	  20	  30	  80	  70	 328	1055906	1056630	   0	 480	
 425	 426	  30	   3	 627	   1	   2	   2	  11	  20	  30	  80	  70	 391	1058323	1058950	   0	 480	
 426	 427	  70	   1	 649	   3	   1	   2	  11	  21	  30	  80	  70	 330	1060573	1061222	   0	 490	
 427	 428	  80	   1	 830	   2	   1	   2	  12	  21	  30	  80	  70	 326	1062856	1063686	   0	 500	
 428	 429	  30	   3	 778	   1	   2	   3	  12	  21	  30	  80	  70	 380	1065356	1066134	   0	 500	
 429	 430	  70	   2	 610	   3	   1	   3	  12	  22	  30	  80	  70	 527	1067956	1068566	   0	 490	
 430	 431	  80	   1	 706	   2	   1	   3	  13	  22	  30	  80	  70	 496	1070356	1071062	   0	 500	
 431	 432	  70	   2	 517	   3	   1	   3	  13	  23	  30	  80	  70	 303	1072689	1073206	   0	 490	
 432	 433	  80	   1	 529	   2	   1	   3	  14	  23	  30	  80	  70	 672	1075189	1075718	   0	 500	
 433	 434	  70	   1	 639	   3	   1	   3	  14	  24	  30	  80	  70	 598	1077606	1078245	   0	 510	
 434	 435	  80	   1	 568	   2	   1	   3	  15	  24	  30	  80	  70	 638	1080189	1080757	   0	 520	
 435	 436	  70	   1	 633	   3	   1	   3	  15	  25	  30	  80	  70	 510	1082572	1083205	   0	 530	
 436	 437	  30	   2	 509	   1	   1	   4	  15	  25	  30	  80	  70	 337	1084856	1085365	   0	 520	
 437	 438	  70	   1	 591	   3	   1	   4	  15	  26	  30	  80	  70	 563	1087222	1087813	   0	 530	
 438	 439	  30	   4	 454	   1	   2	   5	  15	  26	  30	  80	  70	 326	1089439	1089893	   0	 530	
 439	 440	  70	   1	 537	   3	   1	   5	  15	  27	  30	  80	  70	 555	1091756	1092293	   0	 540	
 440	 441	  80	   1	 761	   2	   1	   5	  16	  27	  30	  80	  70	 581	1094172	1094933	   0	 550	
 441	 442	  70	   2	 728	   3	   1	   5	  16	  28	  30	  80	  70	 339	1096589	1097317	   0	 540	
 442	 443	  30	   4	 748	   1	   2	   6	  16	  28	  30	  80	  70	 693	1099305	1100053	   0	 540	
 443	 444	  80	   1	 540	   2	   1	   6	  17	  28	  30	  80	  70	 351	1101705	1102245	   0	 550	
 444	 445	  30	   3	 611	   1	   2	   7	  17	  28	  30	  80	  70	 369	1103922	1104533	   0	 550	
 445	 446	  80	   2	 602	   2	   1	   7	  18	  28	  30	  80	  70	 326	1106155	1106757	   0	 540	
 446	 447	  30	   4	 733	   1	   2	   8	  18	  28	  30	  80	  70	 415	1108472	1109205	   0	 540	
 447	 448	  80	   1	 525	   2	   1	   8	  19	  28	  30	  80	  70	 375	1110888	1111413	   0	 550	
 448	 449	  30	   4	 513	   1	   2	   9	  19	  28	  30	  80	  70	 469	1113188	1113701	   0	 550	
 449	 450	  70	   1	 643	   3	   1	   9	  19	  29	  30	  80	  70	 528	1115522	1116165	   0	 560	
 450	 451	  30	   4	 624	   1	   2	  10	  19	  29	  30	  80	  70	 506	1117972	1118596	   0	 560	
 451	 452	  80	   1	 862	   2	   1	  10	  20	  29	  30	  80	  70	 510	1120422	1121284	   0	 570	
 452	 453	  70	   1	 470	   3	   1	  10	  20	  30	  30	  80	  70	 465	1123038	1123508	   0	 580	
 453	 454	  80	   1	 670	   2	   1	  10	  21	  30	  30	  80	  70	 426	1125238	1125908	   0	 590	
 454	 455	  30	   3	 594	   1	   2	  11	  21	  30	  30	  80	  70	 331	1127538	1128132	   0	 590	
 455	 456	  80	   1	 603	   2	   1	  11	  22	  30	  30	  80	  70	 666	1130105	1130708	   0	 600	
 456	 457	  70	   1	 631	   3	   1	  11	  22	  31	  30	  80	  70	 613	1132621	1133252	   0	 610	
 457	 458	  30	   4	 735	   1	   2	  12	  22	  31	  30	  80	  70	 669	1135221	1135956	   0	 610	
 458	 459	  70	   1	 573	   3	   1	  12	  22	  32	  30	  80	  70	 415	1137671	1138244	   0	 620	
 459	 460	  30	   4	 598	   1	   2	  13	  22	  32	  30	  80	  70	 304	1139854	1140452	   0	 620	
 460	 461	  80	   1	 542	   2	   1	  13	  23	  32	  30	  80	  70	 700	1142454	1142996	   0	 630	
 461	 462	  70	   1	 584	   3	   1	  13	  23	  33	  30	  80	  70	 677	1144988	1145572	   0	 640	
 462	 463	  30	   3	 958	   1	   2	  14	  23	  33	  30	  80	  70	 373	1147254	1148212	   0	 640	
 463	 464	  80	   1	 580	   2	   1	  14	  24	  33	  30	  80	  70	 391	1149904	1150484	   0	 650	
 464	 465	  30	   4	 822	   1	   2	  15	  24	  33	  30	  80	  70	 471	1152254	1153076	   0	 650	
 465	 466	  70	   2	 635	   3	   1	  15	  24	  34	  30	  80	  70	 545	1154921	1155556	   0	 640	
 466	 467	  80	   2	 474	   2	   1	  15	  25	  34	  30	  80	  70	 455	1157321	1157795	   0	 630	
 467	 468	  70	   1	 446	   3	   1	  15	  25	  35	  30	  80	  70	 529	1159621	1160067	   0	 640	
 468	 469	  30	   4	 543	   1	   2	  16	  25	  35	  30	  80	  70	 643	1162004	1162547	   0	 640	
 469	 470	  80	   1	 583	   2	   1	  16	  26	  35	  30	  80	  70	 380	1164220	1164803	   0	 650	
 470	 471	  30	   3	 551	   1	   2	  17	  26	  35	  30	  80	  70	 503	1166620	1167171	   0	 650	
 471	 472	  50	   4	 833	   3	   2	  17	  26	   1	  30	  80	  50	 618	1169154	1169987	   3	 650	
 472	 473	  30	   2	 705	   1	   1	  18	  26	   1	  30	  80	  50	 673	1171970	1172675	   0	 640	
 473	 474	  80	   1	 596	   2	   1	  18	  27	   1	  30	  80	  50	 313	1174287	1174883	   0	 650	
 474	 475	  30	   4	 736	   1	   2	  19	  27	   1	  30	  80	  50	 619	1176803	1177539	   0	 650	
 475	 476	  50	   3	1092	   3	   2	  19	  27	   2	  30	  80	  50	 664	1179503	1180595	   0	 650	
 476	 477	  80	   1	 636	   2	   1	  19	  28	   2	  30	  80	  50	 592	1182487	1183123	   0	 660	
 477	 478	  50	   4	 762	   3	   2	  19	  28	   3	  30	  80	  50	 527	1184953	1185715	   0	 660	
 478	 479	  80	   2	 733	   2	   1	  19	  29	   3	  30	  80	  50	 656	1187670	1188403	   0	 650	
 479	 480	  30	   4	 458	   1	   2	  20	  29	   3	  30	  80	  50	 442	1190153	1190611	   0	 650	
 480	 481	  50	   4	 709	   3	   2	  20	  29	   4	  30	  80	  50	 373	1192286	1192995	   0	 650	
 481	 482	  80	   1	 595	   2	   1	  20	  30	   4	  30	  80	  50	 413	1194720	1195315	   0	 660	
 482	 483	  50	   3	 520	   3	   2	  20	  30	   5	  30	  80	  50	 385	1197003	1197523	   0	 660	
 483	 484	  20	   3	 792	   2	   2	  20	   1	   5	  30	  20	  50	 542	1199386	1200178	   2	 660	
 484	 485	  30	   4	 738	   1	   2	  21	   1	   5	  30	  20	  50	 455	1201936	1202674	   0	 660	
 485	 486	  20	   2	 576	   2	   1	  21	   2	   5	  30	  20	  50	 410	1204386	1204962	   0	 650	
 486	 487	  50	   3	1140	   3	   2	  21	   2	   6	  30	  20	  50	 423	1206686	1207826	   0	 650	
 487	 488	  20	   4	 969	   2	   2	  21	   3	   6	  30	  20	  50	 643	1209769	1210738	   0	 650	
 488	 489	  30	   3	 773	   1	   2	  22	   3	   6	  30	  20	  50	 602	1212653	1213426	   0	 650	
 489	 490	  50	   3	1016	   3	   2	  22	   3	   7	  30	  20	  50	 650	1215386	1216402	   0	 650	
 490	 491	  30	   3	1057	   1	   2	  23	   3	   7	  30	  20	  50	 658	1218369	1219426	   0	 650	
 491	 492	  50	   3	 863	   3	   2	  23	   3	   8	  30	  20	  50	 481	1221219	1222082	   0	 650	
 492	 493	  20	   3	 938	   2	   2	  23	   4	   8	  30	  20	  50	 378	1223752	1224690	   0	 650	
 493	 494	  50	   4	 902	   3	   2	  23	   4	   9	  30	  20	  50	 655	1226652	1227554	   0	 650	
 494	 495	  30	   4	 687	   1	   2	  24	   4	   9	  30	  20	  50	 355	1229219	1229906	   0	 650	
 495	 496	  20	   4	 641	   2	   2	  24	   5	   9	  30	  20	  50	 379	1231585	1232226	   0	 650	
 496	 497	  50	   4	 724	   3	   2	  24	   5	  10	  30	  20	  50	 368	1233902	1234626	   0	 650	
 497	 498	  30	   4	 653	   1	   2	  25	   5	  10	  30	  20	  50	 564	1236485	1237138	   0	 650	
 498	 499	  50	   3	 659	   3	   2	  25	   5	  11	  30	  20	  50	 652	1239102	1239761	   0	 650	
 499	 500	  30	   4	 643	   1	   2	  26	   5	  11	  30	  20	  50	 446	1241502	1242145	   0	 650	
 500	 501	  50	   4	 667	   3	   2	  26	   5	  12	  30	  20	  50	 680	1244118	1244785	   0	 650	
 501	 502	  20	   4	 728	   2	   2	  26	   6	  12	  30	  20	  50	 481	1246585	1247313	   0	 650	
 502	 503	  30	   4	 444	   1	   2	  27	   6	  12	  30	  20	  50	 676	1249285	1249729	   0	 650	
 503	 504	  50	   3	 606	   3	   2	  27	   6	  13	  30	  20	  50	 614	1251635	1252241	   0	 650	
 504	 505	  30	   3	 650	   1	   2	  28	   6	  13	  30	  20	  50	 583	1254135	1254785	   0	 650	
 505	 506	  20	   4	 739	   2	   2	  28	   7	  13	  30	  20	  50	 629	1256718	1257457	   0	 650	
 506	 507	  50	   3	 797	   3	   2	  28	   7	  14	  30	  20	  50	 513	1259268	1260065	   0	 650	
 507	 508	  20	   4	 998	   2	   2	  28	   8	  14	  30	  20	  50	 484	1261851	1262849	   0	 650	
 508	 509	  50	   4	 698	   3	   2	  28	   8	  15	  30	  20	  50	 394	1264535	1265233	   0	 650	
 509	 510	  30	   4	 669	   1	   2	  29	   8	  15	  30	  20	  50	 345	1266868	1267537	   0	 650	
 510	 511	  50	   2	 630	   3	   1	  29	   8	  16	  30	  20	  50	 603	1269451	1270081	   0	 640	
 511	 512	  30	   4	 998	   1	   2	  30	   8	  16	  30	  20	  50	 450	1271851	1272849	   0	 640	
 512	 513	  20	   4	 860	   2	   2	  30	   9	  16	  30	  20	  50	 363	1274501	1275361	   0	 640	
 513	 514	  30	   4	 658	   1	   2	  31	   9	  16	  30	  20	  50	 483	1277151	1277809	   0	 640	
 514	 515	  50	   3	 578	   3	   2	  31	   9	  17	  30	  20	  50	 423	1279534	1280112	   0	 640	
 515	 516	  30	   4	 521	   1	   2	  32	   9	  17	  30	  20	  50	 341	1281751	1282272	   0	 640	
 516	 517	  20	   4	 553	   2	   2	  32	  10	  17	  30	  20	  50	 566	1284151	1284704	   0	 640	
 517	 518	  50	   4	 497	   3	   2	  32	  10	  18	  30	  20	  50	 337	1286351	1286848	   0	 640	
 518	 519	  20	   4	 572	   2	   2	  32	  11	  18	  30	  20	  50	 345	1288484	1289056	   0	 640	
 519	 520	  30	   4	 415	   1	   2	  33	  11	  18	  30	  20	  50	 445	1290801	1291216	   0	 640	
 520	 521	  20	   4	 651	   2	   2	  33	  12	  18	  30	  20	  50	 386	1292917	1293568	   0	 640	
 521	 522	  50	   3	 503	   3	   2	  33	  12	  19	  30	  20	  50	 526	1295417	1295920	   0	 640	
 522	 523	  80	   4	 928	   1	   2	   1	  12	  19	  80	  20	  50	 336	1297584	1298512	   1	 640	
 523	 524	  50	   4	 656	   3	   2	   1	  12	  20	  80	  20	  50	 598	1300400	1301056	   0	 640	
 524	 525	  80	   3	 921	   1	   2	   2	  12	  20	  80	  20	  50	 615	1302967	1303888	   0	 640	
 525	 526	  50	   4	 529	   3	   2	   2	  12	  21	  80	  20	  50	 374	1305567	1306096	   0	 640	
 526	 527	  80	   3	 810	   1	   2	   3	  12	  21	  80	  20	  50	 348	1307734	1308544	   0	 640	
 527	 528	  50	   4	 628	   3	   2	   3	  12	  22	  80	  20	  50	 453	1310300	1310928	   0	 640	
 528	 529	  80	   2	 451	   1	   1	   4	  12	  22	  80	  20	  50	 505	1312733	1313184	   0	 630	
 529	 530	  50	   3	 645	   3	   2	   4	  12	  23	  80	  20	  50	 594	1315083	1315728	   0	 630	
 530	 531	  80	   1	 544	   1	   1	   5	  12	  23	  80	  20	  50	 562	1317583	1318127	   0	 640	
 531	 532	  50	   3	 550	   3	   2	   5	  12	  24	  80	  20	  50	 381	1319817	1320367	   0	 640	
 532	 533	  80	   1	 423	   1	   1	   6	  12	  24	  80	  20	  50	 543	1322216	1322639	   0	 650	
 533	 534	  20	   4	 793	   2	   2	   6	  13	  24	  80	  20	  50	 600	1324550	1325343	   0	 650	
 534	 535	  50	   3	 851	   3	   2	   6	  13	  25	  80	  20	  50	 465	1327100	1327951	   0	 650	
 535	 536	  20	   3	 887	   2	   2	   6	  14	  25	  80	  20	  50	 552	1329816	1330703	   0	 650	
 536	 537	  80	   1	 423	   1	   1	   7	  14	  25	  80	  20	  50	 596	1332600	1333023	   0	 660	
 537	 538	  50	   3	 748	   3	   2	   7	  14	  26	  80	  20	  50	 551	1334883	1335631	   0	 660	
 538	 539	  20	   4	 848	   2	   2	   7	  15	  26	  80	  20	  50	 662	1337583	1338431	   0	 660	
 539	 540	  50	   4	 775	   3	   2	   7	  15	  27	  80	  20	  50	 491	1340216	1340991	   0	 660	
 540	 541	  20	   3	 656	   2	   2	   7	  16	  27	  80	  20	  50	 485	1342783	1343439	   0	 660	
 541	 542	  50	   4	 801	   3	   2	   7	  16	  28	  80	  20	  50	 402	1345166	1345967	   0	 660	
 542	 543	  20	   4	 720	   2	   2	   7	  17	  28	  80	  20	  50	 327	1347599	1348319	   0	 660	
 543	 544	  80	   1	 541	   1	   1	   8	  17	  28	  80	  20	  50	 459	1350082	1350623	   0	 670	
 544	 545	  20	   4	 627	   2	   2	   8	  18	  28	  80	  20	  50	 394	1352316	1352943	   0	 670	
 545	 546	  50	   3	 596	   3	   2	   8	  18	  29	  80	  20	  50	 451	1354699	1355295	   0	 670	
 546	 547	  20	   4	 714	   2	   2	   8	  19	  29	  80	  20	  50	 358	1356949	1357663	   0	 670	
 547	 548	  80	   1	 490	   1	   1	   9	  19	  29	  80	  20	  50	 367	1359332	1359822	   0	 680	
 548	 549	  50	   4	 615	   3	   2	   9	  19	  30	  80	  20	  50	 691	1361815	1362430	   0	 680	
 549	 550	  20	   4	 540	   2	   2	   9	  20	  30	  80	  20	  50	 363	1364082	1364622	   0	 680	
 550	 551	  80	   1	 475	   1	   1	  10	  20	  30	  80	  20	  50	 579	1366499	1366974	   0	 690	
 551	 552	  20	   4	 518	   2	   2	  10	  21	  30	  80	  20	  50	 341	1368632	1369150	   0	 690	
 552	 553	  80	   1	 706	   1	   1	  11	  21	  30	  80	  20	  50	 672	1371132	1371838	   0	 700	
 553	 554	  50	   3	 605	   3	   2	  11	  21	  31	  80	  20	  50	 501	1373649	1374254	   0	 700	
 554	 555	  20	   3	 668	   2	   2	  11	  22	  31	  80	  20	  50	 522	1376082	1376750	   0	 700	
 555	 556	  50	   4	 820	   3	   2	  11	  22	  32	  80	  20	  50	 642	1378698	1379518	   0	 700	
 556	 557	  80	   1	 609	   1	   1	  12	  22	  32	  80	  20	  50	 338	1381165	1381774	   0	 710	
 557	 558	  50	   4	 607	   3	   2	  12	  22	  33	  80	  20	  50	 535	1383615	1384222	   0	 710	
 558	 559	  80	   1	 892	   1	   1	  13	  22	  33	  80	  20	  50	 579	1386098	1386990	   0	 720	
 559	 560	  30	   4	 809	   3	   2	  13	  22	   1	  80	  20	  30	 679	1388981	1389790	   3	 720	
 560	 561	  80	   2	 773	   1	   1	  14	  22	   1	  80	  20	  30	 366	1391465	1392238	   0	 710	
 561	 562	  20	   4	 780	   2	   2	  14	  23	   1	  80	  20	  30	 540	1394098	1394878	   0	 710	
 562	 563	  30	   4	 635	   3	   2	  14	  23	   2	  80	  20	  30	 355	1396531	1397166	   0	 710	
 563	 564	  20	   4	 710	   2	   2	  14	  24	   2	  80	  20	  30	 535	1399015	1399725	   0	 710	
 564	 565	  80	   1	 405	   1	   1	  15	  24	   2	  80	  20	  30	 446	1401464	1401869	   0	 720	
 565	 566	  20	   4	 625	   2	   2	  15	  25	   2	  80	  20	  30	 398	1403564	1404189	   0	 720	
 566	 567	  80	   2	 761	   1	   1	  16	  25	   2	  80	  20	  30	 649	1406148	1406909	   0	 710	
 567	 568	  30	   4	 727	   3	   2	  16	  25	   3	  80	  20	  30	 412	1408614	1409341	   0	 710	
 568	 569	  20	   4	 917	   2	   2	  16	  26	   3	  80	  20	  30	 412	1411048	1411965	   0	 710	
 569	 570	  80	   1	 528	   1	   1	  17	  26	   3	  80	  20	  30	 309	1413581	1414109	   0	 720	
 570	 571	  20	   4	 876	   2	   2	  17	  27	   3	  80	  20	  30	 683	1416097	1416973	   0	 720	
 571	 572	  80	   1	 645	   1	   1	  18	  27	   3	  80	  20	  30	 380	1418664	1419309	   0	 730	
 572	 573	  30	   4	 870	   3	   2	  18	  27	   4	  80	  20	  30	 446	1421047	1421917	   0	 730	
 573	 574	  20	   3	 644	   2	   2	  18	  28	   4	  80	  20	  30	 659	1423881	1424525	   0	 730	
 574	 575	  30	   3	 618	   3	   2	  18	  28	   5	  80	  20	  30	 300	1426131	1426749	   0	 730	
 575	 576	  20	   4	 546	   2	   2	  18	  29	   5	  80	  20	  30	 690	1428747	1429293	   0	 730	
 576	 577	  80	   1	 704	   1	   1	  19	  29	   5	  80	  20	  30	 614	1431197	1431901	   0	 740	
 577	 578	  20	   4	 535	   2	   2	  19	  30	   5	  80	  20	  30	 615	1433814	1434349	   0	 740	
 578	 579	  30	   4	 613	   3	   2	  19	  30	   6	  80	  20	  30	 607	1436264	1436877	   0	 740	
 579	 580	  20	   4	 772	   2	   2	  19	  31	   6	  80	  20	  30	 494	1438664	1439436	   0	 740	
 580	 581	  80	   1	 483	   1	   1	  20	  31	   6	  80	  20	  30	 356	1441097	1441580	   0	 750	
 581	 582	  20	   4	 595	   2	   2	  20	  32	   6	  80	  20	  30	 614	1443513	1444108	   0	 750	
 582	 583	  30	   3	 495	   3	   2	  20	  32	   7	  80	  20	  30	 603	1446013	1446508	   0	 750	
 583	 584	  20	   4	 648	   2	   2	  20	  33	   7	  80	  20	  30	 379	1448180	1448828	   0	 750	
 584	 585	  30	   4	 493	   3	   2	  20	  33	   8	  80	  20	  30	 323	1450447	1450940	   0	 750	
 585	 586	  80	   1	 449	   1	   1	  21	  33	   8	  80	  20	  30	 511	1452747	1453196	   0	 760	
 586	 587	  30	   4	 503	   3	   2	  21	  33	   9	  80	  20	  30	 508	1455013	1455516	   0	 760	
 587	 588	  80	   2	 639	   1	   1	  22	  33	   9	  80	  20	  30	 392	1457213	1457852	   0	 750	
 588	 589	  20	   4	 483	   2	   2	  22	  34	   9	  80	  20	  30	 364	1459513	1459996	   0	 750	
 589	 590	  30	   3	 668	   3	   2	  22	  34	  10	  80	  20	  30	 389	1461696	1462364	   0	 750	
 590	 591	  80	   1	 592	   1	   1	  23	  34	  10	  80	  20	  30	 326	1463996	1464588	   0	 760	
 591	 592	  20	   4	 597	   2	   2	  23	  35	  10	  80	  20	  30	 363	1466263	1466860	   0	 760	
 592	 593	  80	   1	 539	   1	   1	  24	  35	  10	  80	  20	  30	 375	1468529	1469068	   0	 770	
 593	 594	  70	   3	 695	   2	   2	  24	   1	  10	  80	  70	  30	 641	1471029	1471724	   2	 770	
 594	 595	  80	   1	 491	   1	   1	  25	   1	  10	  80	  70	  30	 683	1473713	1474204	   0	 780	
 595	 596	  30	   4	 556	   3	   2	  25	   1	  11	  80	  70	  30	 594	1476096	1476652	   0	 780	
 596	 597	  80	   1	 627	   1	   1	  26	   1	  11	  80	  70	  30	 376	1478329	1478956	   0	 790	
 597	 598	  70	   1	 492	   2	   1	  26	   2	  11	  80	  70	  30	 607	1480863	1481355	   0	 800	
 598	 599	  80	   1	 548	   1	   1	  27	   2	  11	  80	  70	  30	 431	1483079	1483627	   0	 810	
 599	 600	  30	   4	 520	   3	   2	  27	   2	  12	  80	  70	  30	 463	1485379	1485899	   0	 810	
 600	 601	  80	   2	 551	   1	   1	  28	   2	  12	  80	  70	  30	 592	1487796	1488347	   0	 800	
 601	 602	  70	   1	 634	   2	   1	  28	   3	  12	  80	  70	  30	 458	1490129	1490763	   0	 810	
 602	 603	  30	   4	 554	   3	   2	  28	   3	  13	  80	  70	  30	 456	1492529	1493083	   0	 810	
 603	 604	  70	   1	 527	   2	   1	  28	   4	  13	  80	  70	  30	 418	1494812	1495339	   0	 820	
 604	 605	  30	   4	 613	   3	   2	  28	   4	  14	  80	  70	  30	 422	1497062	1497675	   0	 820	
 605	 606	  70	   2	 539	   2	   1	  28	   5	  14	  80	  70	  30	 346	1499312	1499851	   0	 810	
 606	 607	  30	   3	 530	   3	   2	  28	   5	  15	  80	  70	  30	 385	1501545	1502075	   0	 810	
 607	 608	  70	   1	 526	   2	   1	  28	   6	  15	  80	  70	  30	 650	1504029	1504555	   0	 820	
 608	 609	  30	   4	 526	   3	   2	  28	   6	  16	  80	  70	  30	 586	1506445	1506971	   0	 820	
 609	 610	  80	   1	 602	   1	   1	  29	   6	  16	  80	  70	  30	 677	1508945	1509547	   0	 830	
 610	 611	  70	   2	 641	   2	   1	  29	   7	  16	  80	  70	  30	 305	1511162	1511803	   0	 820	
 611	 612	  30	   4	 605	   3	   2	  29	   7	  17	  80	  70	  30	 565	1513678	1514283	   0	 820	
 612	 613	  70	   1	 421	   2	   1	  29	   8	  17	  80	  70	  30	 687	1516278	1516699	   0	 830	
 613	 614	  80	   1	 524	   1	   1	  30	   8	  17	  80	  70	  30	 452	1518462	1518986	   0	 840	
 614	 615	  70	   1	 593	   2	   1	  30	   9	  17	  80	  70	  30	 452	1520745	1521338	   0	 850	
 615	 616	  30	   4	 915	   3	   2	  30	   9	  18	  80	  70	  30	 452	1523095	1524010	   0	 850	
 616	 617	  50	   4	 801	   1	   2	   1	   9	  18	  50	  70	  30	 612	1525945	1526746	   1	 850	
 617	 618	  30	   3	 772	   3	   2	   1	   9	  19	  50	  70	  30	 622	1528678	1529450	   0	 850	
 618	 619	  70	   2	 703	   2	   1	   1	  10	  19	  50	  70	  30	 435	1531195	1531898	   0	 840	
 619	 620	  30	   3	 568	   3	   2	   1	  10	  20	  50	  70	  30	 572	1533778	1534346	   0	 840	
 620	 621	  70	   1	 739	   2	   1	   1	  11	  20	  50	  70	  30	 649	1536311	1537050	   0	 850	
 621	 622	  50	   4	 710	   1	   2	   2	  11	  20	  50	  70	  30	 672	1539044	1539754	   0	 850	
 622	 623	  70	   1	 672	   2	   1	   2	  12	  20	  50	  70	  30	 529	1541578	1542250	   0	 860	
 623	 624	  50	   4	 721	   1	   2	   3	  12	  20	  50	  70	  30	 404	1543961	1544682	   0	 860	
 624	 625	  30	   3	 442	   3	   2	   3	  12	  21	  50	  70	  30	 552	1546544	1546986	   0	 860	
 625	 626	  70	   1	 581	   2	   1	   3	  13	  21	  50	  70	  30	 371	1548661	1549242	   0	 870	
 626	 627	  50	   3	 679	   1	   2	   4	  13	  21	  50	  70	  30	 492	1551027	1551706	   0	 870	
 627	 628	  30	   4	 693	   3	   2	   4	  13	  22	  50	  70	  30	 475	1553477	1554170	   0	 870	
 628	 629	  50	   3	 755	   1	   2	   5	  13	  22	  50	  70	  30	 440	1555911	1556666	   0	 870	
 629	 630	  70	   1	 810	   2	   1	   5	  14	  22	  50	  70	  30	 533	1558511	1559321	   0	 880	
 630	 631	  30	   4	 716	   3	   2	   5	  14	  23	  50	  70	  30	 634	1561261	1561977	   0	 880	
 631	 632	  50	   4	 531	   1	   2	   6	  14	  23	  50	  70	  30	 590	1563894	1564425	   0	 880	
 632	 633	  70	   4	 867	   2	   2	   6	  15	  23	  50	  70	  30	 580	1566294	1567161	   0	 880	
 633	 634	  30	   4	 599	   3	   2	   6	  15	  24	  50	  70	  30	 536	1569010	1569609	   0	 880	
 634	 635	  50	   3	 700	   1	   2	   7	  15	  24	  50	  70	  30	 362	1571277	1571977	   0	 880	
 635	 636	  30	   4	 844	   3	   2	   7	  15	  25	  50	  70	  30	 391	1573677	1574521	   0	 880	
 636	 637	  50	   3	 686	   1	   2	   8	  15	  25	  50	  70	  30	 628	1576443	1577129	   0	 880	
 637	 638	  30	   4	 655	   3	   2	   8	  15	  26	  50	  70	  30	 375	1578810	1579465	   0	 880	
 638	 639	  70	   1	 567	   2	   1	   8	  16	  26	  50	  70	  30	 637	1581410	1581977	   0	 890	
 639	 640	  50	   3	 689	   1	   2	   9	  16	  26	  50	  70	  30	 679	1583960	1584649	   0	 890	
 640	 641	  70	   1	1220	   2	   1	   9	  17	  26	  50	  70	  30	 321	1586277	1587497	   0	 900	
 641	 642	  30	   3	 966	   3	   2	   9	  17	  27	  50	  70	  30	 619	1589443	1590409	   0	 900	
 642	 643	  50	   4	 666	   1	   2	  10	  17	  27	  50	  70	  30	 418	1592143	1592809	   0	 900	
 643	 644	  70	   1	 817	   2	   1	  10	  18	  27	  50	  70	  30	 660	1594776	1595593	   0	 910	
 644	 645	  30	   4	 822	   3	   2	  10	  18	  28	  50	  70	  30	 535	1597443	1598265	   0	 910	
 645	 646	  70	   4	 808	   2	   2	  10	  19	  28	  50	  70	  30	 590	1600160	1600968	   0	 910	
 646	 647	  50	   3	 967	   1	   2	  11	  19	  28	  50	  70	  30	 339	1602609	1603576	   0	 910	
 647	 648	  30	   4	 783	   3	   2	  11	  19	  29	  50	  70	  30	 315	1605193	1605976	   0	 910	
 648	 649	  50	   2	 713	   1	   1	  12	  19	  29	  50	  70	  30	 463	1607743	1608456	   0	 900	
 649	 650	  30	   3	 581	   3	   2	  12	  19	  30	  50	  70	  30	 492	1610243	1610824	   0	 900	
 650	 651	  70	   2	 758	   2	   1	  12	  20	  30	  50	  70	  30	 505	1612626	1613384	   0	 890	
 651	 652	  30	   4	 822	   3	   2	  12	  20	   1	  50	  70	  30	 315	1615026	1615848	   0	 890	
 652	 653	  50	   4	 700	   1	   2	  13	  20	   1	  50	  70	  30	 546	1617692	1618392	   0	 890	
 653	 654	  70	   2	 900	   2	   1	  13	  21	   1	  50	  70	  30	 594	1620292	1621192	   0	 880	
 654	 655	  50	   3	 644	   1	   2	  14	  21	   1	  50	  70	  30	 584	1623092	1623736	   0	 880	
 655	 656	  70	   1	 566	   2	   1	  14	  22	   1	  50	  70	  30	 389	1625426	1625992	   0	 890	
 656	 657	  30	   4	 690	   3	   2	  14	  22	   2	  50	  70	  30	 648	1627942	1628632	   0	 890	
 657	 658	  50	   3	 777	   1	   2	  15	  22	   2	  50	  70	  30	 641	1630575	1631352	   0	 890	
 658	 659	  30	   4	 653	   3	   2	  15	  22	   3	  50	  70	  30	 610	1633259	1633912	   0	 890	
 659	 660	  70	   1	 719	   2	   1	  15	  23	   3	  50	  70	  30	 413	1635625	1636344	   0	 900	
 660	 661	  30	   4	 664	   3	   2	  15	  23	   4	  50	  70	  30	 512	1638159	1638823	   0	 900	
 661	 662	  70	   1	 758	   2	   1	  15	  24	   4	  50	  70	  30	 476	1640609	1641367	   0	 910	
 662	 663	  30	   3	 659	   3	   2	  15	  24	   5	  50	  70	  30	 444	1643108	1643767	   0	 910	
 663	 664	  70	   1	 979	   2	   1	  15	  25	   5	  50	  70	  30	 444	1645508	1646487	   0	 920	
 664	 665	  50	   4	 717	   1	   2	  16	  25	   5	  50	  70	  30	 666	1648458	1649175	   0	 920	
 665	 666	  30	   4	 830	   3	   2	  16	  25	   6	  50	  70	  30	 343	1650825	1651655	   0	 920	
 666	 667	  70	   1	 569	   2	   1	  16	  26	   6	  50	  70	  30	 386	1653342	1653911	   0	 930	
 667	 668	  30	   3	 664	   3	   2	  16	  26	   7	  50	  70	  30	 564	1655775	1656439	   0	 930	
 668	 669	  50	   3	 704	   1	   2	  17	  26	   7	  50	  70	  30	 652	1658391	1659095	   0	 930	
 669	 670	  70	   2	 815	   2	   1	  17	  27	   7	  50	  70	  30	 412	1660808	1661623	   0	 920	
 670	 671	  50	   4	 790	   1	   2	  18	  27	   7	  50	  70	  30	 510	1663425	1664215	   0	 920	
 671	 672	  30	   4	 680	   3	   2	  18	  27	   8	  50	  70	  30	 633	1666191	1666871	   0	 920	
 672	 673	  70	   1	 457	   2	   1	  18	  28	   8	  50	  70	  30	 390	1668558	1669015	   0	 930	
 673	 674	  30	   4	 628	   3	   2	  18	  28	   9	  50	  70	  30	 378	1670691	1671319	   0	 930	
 674	 675	  50	   3	 596	   1	   2	  19	  28	   9	  50	  70	  30	 480	1673091	1673687	   0	 930	
 675	 676	  70	   1	 621	   2	   1	  19	  29	   9	  50	  70	  30	 672	1675658	1676279	   0	 940	
 676	 677	  30	   3	 624	   3	   2	  19	  29	  10	  50	  70	  30	 378	1677958	1678582	   0	 940	
 677	 678	  50	   2	 462	   1	   1	  20	  29	  10	  50	  70	  30	 522	1680408	1680870	   0	 930	
 678	 679	  70	   2	 554	   2	   1	  20	  30	  10	  50	  70	  30	 358	1682524	1683078	   0	 920	
 679	 680	  50	   3	 718	   1	   2	  21	  30	  10	  50	  70	  30	 442	1684824	1685542	   0	 920	
 680	 681	  30	   4	 555	   3	   2	  21	  30	  11	  50	  70	  30	 435	1687291	1687846	   0	 920	
 681	 682	  50	   1	 553	   1	   1	  22	  30	  11	  50	  70	  30	 580	1689757	1690310	   0	 930	
 682	 683	  30	   2	 604	   3	   1	  22	  30	  12	  50	  70	  30	 451	1692074	1692678	   0	 920	
 683	 684	  50	   1	 807	   1	   1	  23	  30	  12	  50	  70	  30	 613	1694591	1695398	   0	 930	
 684	 685	  70	   1	 702	   2	   1	  23	  31	  12	  50	  70	  30	 547	1697240	1697942	   0	 940	
 685	 686	  50	   2	 582	   1	   1	  24	  31	  12	  50	  70	  30	 592	1699840	1700422	   0	 930	
 686	 687	  70	   1	 606	   2	   1	  24	  32	  12	  50	  70	  30	 308	1702024	1702630	   0	 940	
 687	 688	  50	   2	 981	   1	   1	  25	  32	  12	  50	  70	  30	 325	1704257	1705238	   0	 930	
 688	 689	  30	   4	1069	   3	   2	  25	  32	  13	  50	  70	  30	 327	1706857	1707926	   0	 930	
 689	 690	  50	   4	 894	   1	   2	  26	  32	  13	  50	  70	  30	 402	1709640	1710534	   0	 930	
 690	 691	  30	   4	 748	   3	   2	  26	  32	  14	  50	  70	  30	 652	1712490	1713238	   0	 930	
 691	 692	  70	   1	 612	   2	   1	  26	  33	  14	  50	  70	  30	 536	1715090	1715702	   0	 940	
 692	 693	  30	   3	 653	   3	   2	  26	  33	  15	  50	  70	  30	 674	1717673	1718326	   0	 940	
 693	 694	  50	   4	 855	   1	   2	  27	  33	  15	  50	  70	  30	 558	1720190	1721045	   0	 940	
 694	 695	  70	   2	 541	   2	   1	  27	  34	  15	  50	  70	  30	 500	1722856	1723397	   0	 930	
 695	 696	  30	   4	 659	   3	   2	  27	  34	  16	  50	  70	  30	 394	1725090	1725749	   0	 930	
 696	 697	  50	   3	 647	   1	   2	  28	  34	  16	  50	  70	  30	 343	1727390	1728037	   0	 930	
 697	 698	  30	   4	 599	   3	   2	  28	  34	  17	  50	  70	  30	 466	1729806	1730405	   0	 930	
 698	 699	  50	   2	 777	   1	   1	  29	  34	  17	  50	  70	  30	 429	1732140	1732917	   0	 920	
 699	 700	  30	   4	 609	   3	   2	  29	  34	  18	  50	  70	  30	 517	1734740	1735349	   0	 920	
 700	 701	  70	   1	 736	   2	   1	  29	  35	  18	  50	  70	  30	 542	1737189	1737925	   0	 930	
 701	 702	  30	   3	 596	   3	   2	  29	  35	  19	  50	  70	  30	 648	1739889	1740485	   0	 930	
 702	 703	  50	   3	 657	   1	   2	  30	  35	  19	  50	  70	  30	 573	1742356	1743013	   0	 930	
 703	 704	  30	   3	 877	   3	   2	  30	  35	  20	  50	  70	  30	 547	1744856	1745733	   0	 930	
 704	 705	  50	   2	 696	   1	   1	  31	  35	  20	  50	  70	  30	 360	1747389	1748085	   0	 920	
 705	 706	  70	   1	 851	   2	   1	  31	   1	  20	  50	  70	  30	 530	1749906	1750757	   0	 930	
 706	 707	  50	   4	 670	   1	   2	  32	   1	  20	  50	  70	  30	 368	1752439	1753109	   0	 930	
 707	 708	  30	   3	 677	   3	   2	  32	   1	  21	  50	  70	  30	 644	1755056	1755733	   0	 930	
 708	 709	  50	   3	 666	   1	   2	  33	   1	  21	  50	  70	  30	 666	1757706	1758372	   0	 930	
 709	 710	  30	   4	 748	   3	   2	  33	   1	  22	  50	  70	  30	 367	1760056	1760804	   0	 930	
 710	 711	  70	   1	 417	   2	   1	  33	   2	  22	  50	  70	  30	 626	1762739	1763156	   0	 940	
 711	 712	  50	   4	 419	   1	   2	   1	   2	  22	  50	  70	  30	 598	1765089	1765508	   0	 940	
