Version: 1	Number of symbols: 3	Pictures exchange: true	Response Deadline: 2000
Trial_No	Virt_Trial_No	Prob_Shown	Feedback	RT	Stimulus_No	Resp	SymbolA_Stage	SymbolB_Stage	SymbolC_Stage	Prob_A	Prob_B	Prob_C	Jitter	StimOnset	RespOnset	Symbol_Changes	Bonus_sum
   1	   1	  30	   2	 722	   1	   1	   1	   0	   0	  30	  70	  50	 487	1665	2387	   0	 -10	
   2	   2	  50	   4	 748	   3	   2	   1	   0	   1	  30	  70	  50	 670	4359	5107	   0	 -10	
   3	   3	  30	   2	 714	   1	   1	   2	   0	   1	  30	  70	  50	 531	6953	7667	   0	 -20	
   4	   4	  50	   1	 800	   3	   1	   2	   0	   2	  30	  70	  50	 352	9331	10131	   0	 -10	
   5	   5	  70	   1	 892	   2	   1	   2	   1	   2	  30	  70	  50	 543	11975	12867	   0	   0	
   6	   6	  30	   4	1023	   1	   2	   3	   1	   2	  30	  70	  50	 681	14852	15875	   0	   0	
   7	   7	  50	   2	 676	   3	   1	   3	   1	   3	  30	  70	  50	 499	17679	18355	   0	 -10	
   8	   8	  70	   1	 399	   2	   1	   3	   2	   3	  30	  70	  50	 679	20340	20739	   0	   0	
   9	   9	  50	   2	1365	   3	   1	   3	   2	   4	  30	  70	  50	 686	22734	24099	   0	 -10	
  10	  10	  30	   3	 534	   1	   2	   4	   2	   4	  30	  70	  50	 654	26060	26594	   0	 -10	
  11	  11	  50	   3	1654	   3	   2	   4	   2	   5	  30	  70	  50	 692	28604	30258	   0	 -10	
  12	  12	  70	   1	 584	   2	   1	   4	   3	   5	  30	  70	  50	 376	31930	32514	   0	   0	
  13	  13	  50	   2	 684	   3	   1	   4	   3	   6	  30	  70	  50	 534	34358	35042	   0	 -10	
  14	  14	  70	   2	 628	   2	   1	   4	   4	   6	  30	  70	  50	 337	36686	37314	   0	 -20	
  15	  15	  50	   3	1093	   3	   2	   4	   4	   7	  30	  70	  50	 548	39181	40274	   0	 -20	
  16	  16	  30	   3	 694	   1	   2	   5	   4	   7	  30	  70	  50	 514	42108	42802	   0	 -20	
  17	  17	  70	   2	 663	   2	   1	   5	   5	   7	  30	  70	  50	 501	44619	45282	   0	 -30	
  18	  18	  50	   1	 608	   3	   1	   5	   5	   8	  30	  70	  50	 316	46914	47522	   0	 -20	
  19	  19	  70	   1	 597	   2	   1	   5	   6	   8	  30	  70	  50	 496	49325	49922	   0	 -10	
  20	  20	  30	   4	 640	   1	   2	   6	   6	   8	  30	  70	  50	 310	51537	52177	   0	 -10	
  21	  21	  50	   2	 996	   3	   1	   6	   6	   9	  30	  70	  50	 466	53965	54961	   0	 -20	
  22	  22	  30	   4	 822	   1	   2	   7	   6	   9	  30	  70	  50	 620	56891	57713	   0	 -20	
  23	  23	  50	   3	1159	   3	   2	   7	   6	  10	  30	  70	  50	 368	59386	60545	   0	 -20	
  24	  24	  30	   4	 611	   1	   2	   8	   6	  10	  30	  70	  50	 601	62462	63073	   0	 -20	
  25	  25	  70	   1	 531	   2	   1	   8	   7	  10	  30	  70	  50	 608	64990	65521	   0	 -10	
  26	  26	  50	   1	 815	   3	   1	   8	   7	  11	  30	  70	  50	 367	67202	68017	   0	   0	
  27	  27	  30	   4	 603	   1	   2	   9	   7	  11	  30	  70	  50	 528	69846	70449	   0	   0	
  28	  28	  50	   2	 563	   3	   1	   9	   7	  12	  30	  70	  50	 430	72190	72753	   0	 -10	
  29	  29	  70	   1	 543	   2	   1	   9	   8	  12	  30	  70	  50	 309	74369	74912	   0	   0	
  30	  30	  50	   1	 566	   3	   1	   9	   8	  13	  30	  70	  50	 502	76714	77280	   0	  10	
  31	  31	  70	   1	 631	   2	   1	   9	   9	  13	  30	  70	  50	 615	79225	79856	   0	  20	
  32	  32	  50	   1	 683	   3	   1	   9	   9	  14	  30	  70	  50	 508	81669	82352	   0	  30	
  33	  33	  30	   3	 533	   1	   2	  10	   9	  14	  30	  70	  50	 700	84363	84896	   0	  30	
  34	  34	  70	   2	 394	   2	   1	  10	  10	  14	  30	  70	  50	 551	86758	87152	   0	  20	
  35	  35	  30	   4	 523	   1	   2	  11	  10	  14	  30	  70	  50	 388	88837	89360	   0	  20	
  36	  36	  70	   1	 464	   2	   1	  11	  11	  14	  30	  70	  50	 581	91248	91712	   0	  30	
  37	  37	  50	   2	 744	   3	   1	  11	  11	  15	  30	  70	  50	 556	93576	94320	   0	  20	
  38	  38	  30	   3	 558	   1	   2	  12	  11	  15	  30	  70	  50	 313	95954	96512	   0	  20	
  39	  39	  70	   2	 444	   2	   1	  12	  12	  15	  30	  70	  50	 307	98116	98560	   0	  10	
  40	  40	  30	   4	 695	   1	   2	  13	  12	  15	  30	  70	  50	 471	100328	101023	   0	  10	
  41	  41	  50	   1	 488	   3	   1	  13	  12	  16	  30	  70	  50	 505	102855	103343	   0	  20	
  42	  42	  70	   1	 435	   2	   1	  13	  13	  16	  30	  70	  50	 459	105100	105535	   0	  30	
  43	  43	  30	   4	 604	   1	   2	  14	  13	  16	  30	  70	  50	 538	107379	107983	   0	  30	
  44	  44	  70	   1	 421	   2	   1	  14	  14	  16	  30	  70	  50	 399	109690	110111	   0	  40	
  45	  45	  50	   2	 572	   3	   1	  14	  14	  17	  30	  70	  50	 624	112035	112607	   0	  30	
  46	  46	  30	   4	 501	   1	   2	  15	  14	  17	  30	  70	  50	 428	114330	114831	   0	  30	
  47	  47	  70	   1	 445	   2	   1	  15	  15	  17	  30	  70	  50	 525	116658	117103	   0	  40	
  48	  48	  30	   3	 516	   1	   2	  16	  15	  17	  30	  70	  50	 588	119003	119519	   0	  40	
  49	  49	  70	   2	 542	   2	   1	  16	  16	  17	  30	  70	  50	 470	121297	121839	   0	  30	
  50	  50	  30	   4	 599	   1	   2	  17	  16	  17	  30	  70	  50	 412	123559	124158	   0	  30	
  51	  51	  70	   1	 534	   2	   1	  17	  17	  17	  30	  70	  50	 632	126120	126654	   0	  40	
  52	  52	  30	   4	 502	   1	   2	  18	  17	  17	  30	  70	  50	 687	128648	129150	   0	  40	
  53	  53	  70	   1	 421	   2	   1	  18	  18	  17	  30	  70	  50	 339	130793	131214	   0	  50	
  54	  54	  30	   3	 511	   1	   2	  19	  18	  17	  30	  70	  50	 556	133071	133582	   0	  50	
  55	  55	  70	   2	 495	   2	   1	  19	  19	  17	  30	  70	  50	 696	135599	136094	   0	  40	
  56	  56	  50	   4	 984	   3	   2	  19	  19	  18	  30	  70	  50	 511	137910	138894	   0	  40	
  57	  57	  30	   4	 624	   1	   2	  20	  19	  18	  30	  70	  50	 434	140638	141262	   0	  40	
  58	  58	  70	   1	 353	   2	   1	  20	  20	  18	  30	  70	  50	 609	143165	143518	   0	  50	
  59	  59	  50	   1	 374	   3	   1	  20	  20	  19	  30	  70	  50	 309	145128	145502	   0	  60	
  60	  60	  30	   4	 567	   1	   2	  21	  20	  19	  30	  70	  50	 408	147206	147773	   0	  60	
  61	  61	  50	   2	 410	   3	   1	  21	  20	  20	  30	  70	  50	 560	149651	150061	   0	  50	
  62	  62	  70	   1	 405	   2	   1	  21	  21	  20	  30	  70	  50	 541	151896	152301	   0	  60	
  63	  63	  50	   2	 613	   3	   1	  21	  21	  21	  30	  70	  50	 408	154008	154621	   0	  50	
  64	  64	  70	   2	 575	   2	   1	  21	  22	  21	  30	  70	  50	 361	156286	156861	   0	  40	
  65	  65	  50	   1	 678	   3	   1	  21	  22	  22	  30	  70	  50	 489	158647	159325	   0	  50	
  66	  66	  30	   3	 469	   1	   2	  22	  22	  22	  30	  70	  50	 553	161192	161661	   0	  50	
  67	  67	  70	   1	 459	   2	   1	  22	  23	  22	  30	  70	  50	 606	163570	164029	   0	  60	
  68	  68	  30	   2	 732	   1	   1	  23	  23	  22	  30	  70	  50	 341	165665	166397	   0	  50	
  69	  69	  50	   2	 702	   3	   1	  23	  23	  23	  30	  70	  50	 443	168143	168845	   0	  40	
  70	  70	  70	   3	 479	   2	   2	  23	  24	  23	  30	  70	  50	 471	170621	171100	   0	  40	
  71	  71	  50	   2	 530	   3	   1	  23	  24	  24	  30	  70	  50	 655	173082	173612	   0	  30	
  72	  72	  70	   1	 639	   2	   1	  23	  25	  24	  30	  70	  50	 378	175293	175932	   0	  40	
  73	  73	  50	   1	 615	   3	   1	  23	  25	  25	  30	  70	  50	 364	177605	178220	   0	  50	
  74	  74	  70	   2	 642	   2	   1	  23	  26	  25	  30	  70	  50	 324	179850	180492	   0	  40	
  75	  75	  50	   2	 455	   3	   1	  23	  26	  26	  30	  70	  50	 447	182245	182700	   0	  30	
  76	  76	  70	   1	 507	   2	   1	  23	  27	  26	  30	  70	  50	 691	184689	185196	   0	  40	
  77	  77	  50	   3	 714	   3	   2	  23	  27	  27	  30	  70	  50	 332	186834	187548	   0	  40	
  78	  78	  70	   3	 383	   2	   2	  23	  28	  27	  30	  70	  50	 366	189229	189612	   0	  40	
  79	  79	  50	   3	 627	   3	   2	  23	  28	  28	  30	  70	  50	 311	191225	191852	   0	  40	
  80	  80	  30	   4	 688	   1	   2	  24	  28	  28	  30	  70	  50	 681	193852	194540	   0	  40	
  81	  81	  70	   2	 517	   2	   1	  24	  29	  28	  30	  70	  50	 394	196247	196764	   0	  30	
  82	  82	  30	   2	 387	   1	   1	  25	  29	  28	  30	  70	  50	 314	198392	198779	   0	  20	
  83	  83	  50	   2	 456	   3	   1	  25	  29	  29	  30	  70	  50	 300	200387	200843	   0	  10	
  84	  84	  30	   3	 698	   1	   2	  26	  29	  29	  30	  70	  50	 696	202849	203547	   0	  10	
  85	  85	  70	   1	 393	   2	   1	  26	  30	  29	  30	  70	  50	 556	205410	205803	   0	  20	
  86	  86	  50	   1	 470	   3	   1	  26	  30	  30	  30	  70	  50	 516	207621	208091	   0	  30	
  87	  87	  70	   1	 525	   2	   1	  26	  31	  30	  30	  70	  50	 575	209966	210491	   0	  40	
  88	  88	  30	   2	1256	   3	   1	  26	  31	   1	  30	  70	  30	 393	212211	213467	   3	  30	
  89	  89	  30	   4	 726	   1	   2	  27	  31	   1	  30	  70	  30	 458	215221	215947	   0	  30	
  90	  90	  70	   2	 465	   2	   1	  27	  32	   1	  30	  70	  30	 650	217898	218363	   0	  20	
  91	  91	  30	   1	 426	   3	   1	  27	  32	   2	  30	  70	  30	 508	220193	220619	   0	  30	
  92	  92	  70	   1	 641	   2	   1	  27	  33	   2	  30	  70	  30	 608	222521	223162	   0	  40	
  93	  93	  30	   4	 587	   1	   2	  28	  33	   2	  30	  70	  30	 321	224783	225370	   0	  40	
  94	  94	  30	   2	 449	   3	   1	  28	  33	   3	  30	  70	  30	 484	227161	227610	   0	  30	
  95	  95	  30	   3	 746	   1	   2	  29	  33	   3	  30	  70	  30	 545	229472	230218	   0	  30	
  96	  96	  20	   2	1083	   2	   1	  29	   1	   3	  30	  20	  30	 411	231967	233050	   2	  20	
  97	  97	  30	   4	 709	   1	   2	  30	   1	   3	  30	  20	  30	 304	234661	235370	   0	  20	
  98	  98	  30	   2	 512	   3	   1	  30	   1	   4	  30	  20	  30	 652	237322	237834	   0	  10	
  99	  99	  30	   2	 640	   1	   1	  31	   1	   4	  30	  20	  30	 309	239450	240090	   0	   0	
 100	 100	  30	   2	 380	   3	   1	  31	   1	   5	  30	  20	  30	 698	242094	242474	   0	 -10	
 101	 101	  20	   2	 602	   2	   1	  31	   2	   5	  30	  20	  30	 418	244223	244825	   0	 -20	
 102	 102	  30	   3	 470	   1	   2	  32	   2	   5	  30	  20	  30	 310	246435	246905	   0	 -20	
 103	 103	  20	   1	 694	   2	   1	  32	   3	   5	  30	  20	  30	 349	248563	249257	   0	 -10	
 104	 104	  30	   3	 695	   3	   2	  32	   3	   6	  30	  20	  30	 488	251058	251753	   0	 -10	
 105	 105	  20	   2	 375	   2	   1	  32	   4	   6	  30	  20	  30	 541	253602	253977	   0	 -20	
 106	 106	  30	   2	 426	   3	   1	  32	   4	   7	  30	  20	  30	 354	255631	256057	   0	 -30	
 107	 107	  20	   2	 706	   2	   1	  32	   5	   7	  30	  20	  30	 608	257959	258665	   0	 -40	
 108	 108	  30	   4	 401	   3	   2	  32	   5	   8	  30	  20	  30	 559	260520	260921	   0	 -40	
 109	 109	  20	   1	 475	   2	   1	  32	   6	   8	  30	  20	  30	 571	262798	263273	   0	 -30	
 110	 110	  30	   4	 539	   1	   2	  33	   6	   8	  30	  20	  30	 336	264910	265449	   0	 -30	
 111	 111	  30	   2	 512	   3	   1	  33	   6	   9	  30	  20	  30	 533	267305	267817	   0	 -40	
 112	 112	  20	   2	 457	   2	   1	  33	   7	   9	  30	  20	  30	 450	269583	270040	   0	 -50	
 113	 113	  30	   3	 549	   3	   2	  33	   7	  10	  30	  20	  30	 457	271795	272344	   0	 -50	
 114	 114	  30	   4	 608	   1	   2	  34	   7	  10	  30	  20	  30	 397	274056	274664	   0	 -50	
 115	 115	  30	   3	 831	   3	   2	  34	   7	  11	  30	  20	  30	 657	276617	277448	   0	 -50	
 116	 116	  30	   4	 679	   1	   2	  35	   7	  11	  30	  20	  30	 597	279361	280040	   0	 -50	
 117	 117	  30	   4	 526	   3	   2	  35	   7	  12	  30	  20	  30	 375	281722	282248	   0	 -50	
 118	 118	  80	   1	 725	   1	   1	   1	   7	  12	  80	  20	  30	 472	284051	284776	   1	 -40	
 119	 119	  30	   4	 790	   3	   2	   1	   7	  13	  80	  20	  30	 492	286562	287352	   0	 -40	
 120	 120	  20	   2	 610	   2	   1	   1	   8	  13	  80	  20	  30	 574	289222	289832	   0	 -50	
 121	 121	  80	   1	 489	   1	   1	   2	   8	  13	  80	  20	  30	 428	291567	292056	   0	 -40	
 122	 122	  30	   4	 577	   3	   2	   2	   8	  14	  80	  20	  30	 502	293862	294439	   0	 -40	
 123	 123	  80	   2	 497	   1	   1	   3	   8	  14	  80	  20	  30	 636	296390	296887	   0	 -50	
 124	 124	  30	   3	 590	   3	   2	   3	   8	  15	  80	  20	  30	 383	298585	299175	   0	 -50	
 125	 125	  80	   1	 562	   1	   1	   4	   8	  15	  80	  20	  30	 558	301029	301591	   0	 -40	
 126	 126	  30	   4	 523	   3	   2	   4	   8	  16	  80	  20	  30	 425	303324	303847	   0	 -40	
 127	 127	  80	   1	 532	   1	   1	   5	   8	  16	  80	  20	  30	 478	305619	306151	   0	 -30	
 128	 128	  30	   4	 511	   3	   2	   5	   8	  17	  80	  20	  30	 403	307864	308375	   0	 -30	
 129	 129	  20	   2	 744	   2	   1	   5	   9	  17	  80	  20	  30	 470	310159	310903	   0	 -40	
 130	 130	  80	   2	 493	   1	   1	   6	   9	  17	  80	  20	  30	 358	312570	313063	   0	 -50	
 131	 131	  30	   4	 522	   3	   2	   6	   9	  18	  80	  20	  30	 393	314765	315287	   0	 -50	
 132	 132	  80	   1	 400	   1	   1	   7	   9	  18	  80	  20	  30	 530	317127	317527	   0	 -40	
 133	 133	  30	   3	 476	   3	   2	   7	   9	  19	  80	  20	  30	 479	319322	319798	   0	 -40	
 134	 134	  80	   1	 557	   1	   1	   8	   9	  19	  80	  20	  30	 314	321417	321974	   0	 -30	
 135	 135	  20	   4	 571	   2	   2	   8	  10	  19	  80	  20	  30	 309	323579	324150	   0	 -30	
 136	 136	  80	   1	 406	   1	   1	   9	  10	  19	  80	  20	  30	 363	325824	326230	   0	 -20	
 137	 137	  20	   3	 584	   2	   2	   9	  11	  19	  80	  20	  30	 359	327886	328470	   0	 -20	
 138	 138	  80	   1	 442	   1	   1	  10	  11	  19	  80	  20	  30	 610	330380	330822	   0	 -10	
 139	 139	  20	   2	 506	   2	   1	  10	  12	  19	  80	  20	  30	 368	332492	332998	   0	 -20	
 140	 140	  30	   4	 546	   3	   2	  10	  12	  20	  80	  20	  30	 495	334804	335350	   0	 -20	
 141	 141	  80	   2	 445	   1	   1	  11	  12	  20	  80	  20	  30	 377	337049	337494	   0	 -30	
 142	 142	  30	   3	 528	   3	   2	  11	  12	  21	  80	  20	  30	 699	339510	340038	   0	 -30	
 143	 143	  20	   2	 459	   2	   1	  11	  13	  21	  80	  20	  30	 401	341755	342214	   0	 -40	
 144	 144	  80	   3	 526	   1	   2	  12	  13	  21	  80	  20	  30	 668	344183	344709	   0	 -40	
 145	 145	  30	   4	 624	   3	   2	  12	  13	  22	  80	  20	  30	 655	346661	347285	   0	 -40	
 146	 146	  20	   2	 530	   2	   1	  12	  14	  22	  80	  20	  30	 573	349155	349685	   0	 -50	
 147	 147	  30	   2	 481	   3	   1	  12	  14	  23	  80	  20	  30	 309	351300	351781	   0	 -60	
 148	 148	  20	   2	 549	   2	   1	  12	  15	  23	  80	  20	  30	 614	353712	354261	   0	 -70	
 149	 149	  80	   3	 524	   1	   2	  13	  15	  23	  80	  20	  30	 495	356073	356597	   0	 -70	
 150	 150	  20	   2	 665	   2	   1	  13	  16	  23	  80	  20	  30	 373	358268	358933	   0	 -80	
 151	 151	  80	   3	 516	   1	   2	  14	  16	  23	  80	  20	  30	 667	360929	361445	   0	 -80	
 152	 152	  20	   2	 623	   2	   1	  14	  17	  23	  80	  20	  30	 422	363174	363797	   0	 -90	
 153	 153	  30	   4	 571	   3	   2	  14	  17	  24	  80	  20	  30	 686	365785	366356	   0	 -90	
 154	 154	  20	   1	 467	   2	   1	  14	  18	  24	  80	  20	  30	 447	368113	368580	   0	 -80	
 155	 155	  80	   1	 659	   1	   1	  15	  18	  24	  80	  20	  30	 337	370225	370884	   0	 -70	
 156	 156	  30	   4	 513	   3	   2	  15	  18	  25	  80	  20	  30	 636	372819	373332	   0	 -70	
 157	 157	  80	   1	 426	   1	   1	  16	  18	  25	  80	  20	  30	 480	375130	375556	   0	 -60	
 158	 158	  20	   4	 536	   2	   2	  16	  19	  25	  80	  20	  30	 413	377276	377812	   0	 -60	
 159	 159	  30	   2	 533	   3	   1	  16	  19	  26	  80	  20	  30	 347	379471	380004	   0	 -70	
 160	 160	  80	   1	 377	   1	   1	  17	  19	  26	  80	  20	  30	 604	381915	382292	   0	 -60	
 161	 161	  20	   4	 422	   2	   2	  17	  20	  26	  80	  20	  30	 491	384094	384516	   0	 -60	
 162	 162	  30	   3	 618	   3	   2	  17	  20	  27	  80	  20	  30	 695	386522	387140	   0	 -60	
 163	 163	  80	   2	 436	   1	   1	  18	  20	  27	  80	  20	  30	 352	388800	389236	   0	 -70	
 164	 164	  30	   4	 596	   3	   2	  18	  20	  28	  80	  20	  30	 372	390912	391508	   0	 -70	
 165	 165	  20	   2	 510	   2	   1	  18	  21	  28	  80	  20	  30	 344	393157	393667	   0	 -80	
 166	 166	  30	   4	 649	   3	   2	  18	  21	  29	  80	  20	  30	 449	395418	396067	   0	 -80	
 167	 167	  80	   1	 390	   1	   1	  19	  21	  29	  80	  20	  30	 660	398029	398419	   0	 -70	
 168	 168	  30	   3	 484	   3	   2	  19	  21	  30	  80	  20	  30	 458	400175	400659	   0	 -70	
 169	 169	  20	   4	 474	   2	   2	  19	  22	  30	  80	  20	  30	 601	402569	403043	   0	 -70	
 170	 170	  30	   2	 541	   3	   1	  19	  22	  31	  80	  20	  30	 674	405014	405555	   0	 -80	
 171	 171	  80	   1	 475	   1	   1	  20	  22	  31	  80	  20	  30	 307	407176	407651	   0	 -70	
 172	 172	  30	   4	 437	   3	   2	  20	  22	  32	  80	  20	  30	 510	409454	409891	   0	 -70	
 173	 173	  20	   1	 470	   2	   1	  20	  23	  32	  80	  20	  30	 359	411549	412019	   0	 -60	
 174	 174	  80	   3	 491	   1	   2	  21	  23	  32	  80	  20	  30	 614	413944	414435	   0	 -60	
 175	 175	  30	   4	 575	   3	   2	  21	  23	  33	  80	  20	  30	 620	416355	416930	   0	 -60	
 176	 176	  80	   1	 451	   1	   1	  22	  23	  33	  80	  20	  30	 558	418783	419234	   0	 -50	
 177	 177	  30	   3	 490	   3	   2	  22	  23	  34	  80	  20	  30	 611	421144	421634	   0	 -50	
 178	 178	  80	   2	 315	   1	   1	  23	  23	  34	  80	  20	  30	 699	423639	423954	   0	 -60	
 179	 179	  30	   2	 395	   3	   1	  23	  23	  35	  80	  20	  30	 490	425751	426146	   0	 -70	
 180	 180	  20	   2	 541	   2	   1	  23	  24	  35	  80	  20	  30	 365	427829	428370	   0	 -80	
 181	 181	  70	   3	 873	   3	   2	  23	  24	   1	  80	  20	  70	 314	430041	430914	   3	 -80	
 182	 182	  20	   1	1096	   2	   1	  23	  25	   1	  80	  20	  70	 379	432602	433698	   0	 -70	
 183	 183	  80	   1	 608	   1	   1	  24	  25	   1	  80	  20	  70	 336	435346	435954	   0	 -60	
 184	 184	  70	   2	 473	   3	   1	  24	  25	   2	  80	  20	  70	 379	437641	438114	   0	 -70	
 185	 185	  20	   4	 666	   2	   2	  24	  26	   2	  80	  20	  70	 696	440119	440785	   0	 -70	
 186	 186	  70	   1	 473	   3	   1	  24	  26	   3	  80	  20	  70	 597	442696	443169	   0	 -60	
 187	 187	  20	   4	 847	   2	   2	  24	  27	   3	  80	  20	  70	 581	445058	445905	   0	 -60	
 188	 188	  70	   2	 616	   3	   1	  24	  27	   4	  80	  20	  70	 583	447801	448417	   0	 -70	
 189	 189	  20	   4	1005	   2	   2	  24	  28	   4	  80	  20	  70	 459	450180	451185	   0	 -70	
 190	 190	  80	   2	 397	   1	   1	  25	  28	   4	  80	  20	  70	 646	453140	453537	   0	 -80	
 191	 191	  70	   3	 643	   3	   2	  25	  28	   5	  80	  20	  70	 649	455518	456161	   0	 -80	
 192	 192	  80	   1	 542	   1	   1	  26	  28	   5	  80	  20	  70	 304	457763	458305	   0	 -70	
 193	 193	  20	   4	 728	   2	   2	  26	  29	   5	  80	  20	  70	 437	460041	460769	   0	 -70	
 194	 194	  70	   1	 789	   3	   1	  26	  29	   6	  80	  20	  70	 577	462652	463441	   0	 -60	
 195	 195	  20	   4	 559	   2	   2	  26	  30	   6	  80	  20	  70	 582	465329	465888	   0	 -60	
 196	 196	  70	   1	 562	   3	   1	  26	  30	   7	  80	  20	  70	 596	467790	468352	   0	 -50	
 197	 197	  80	   1	 471	   1	   1	  27	  30	   7	  80	  20	  70	 512	470185	470656	   0	 -40	
 198	 198	  50	   3	1273	   2	   2	  27	   1	   7	  80	  50	  70	 693	472679	473952	   2	 -40	
 199	 199	  70	   2	 697	   3	   1	  27	   1	   8	  80	  50	  70	 371	475623	476320	   0	 -50	
 200	 200	  50	   2	 600	   2	   1	  27	   2	   8	  80	  50	  70	 572	478200	478800	   0	 -60	
 201	 201	  80	   1	 710	   1	   1	  28	   2	   8	  80	  50	  70	 664	480794	481504	   0	 -50	
 202	 202	  70	   1	 693	   3	   1	  28	   2	   9	  80	  50	  70	 543	483339	484032	   0	 -40	
 203	 203	  50	   3	 385	   2	   2	  28	   3	   9	  80	  50	  70	 648	485983	486368	   0	 -40	
 204	 204	  70	   1	 541	   3	   1	  28	   3	  10	  80	  50	  70	 519	488195	488736	   0	 -30	
 205	 205	  50	   2	 438	   2	   1	  28	   4	  10	  80	  50	  70	 443	490473	490911	   0	 -40	
 206	 206	  70	   4	1030	   3	   2	  28	   4	  11	  80	  50	  70	 367	492585	493615	   0	 -40	
 207	 207	  50	   2	 540	   2	   1	  28	   5	  11	  80	  50	  70	 450	495379	495919	   0	 -50	
 208	 208	  80	   1	 466	   1	   1	  29	   5	  11	  80	  50	  70	 540	497757	498223	   0	 -40	
 209	 209	  50	   1	 458	   2	   1	  29	   6	  11	  80	  50	  70	 573	500101	500559	   0	 -30	
 210	 210	  80	   1	 551	   1	   1	  30	   6	  11	  80	  50	  70	 419	502280	502831	   0	 -20	
 211	 211	  70	   2	 895	   3	   1	  30	   6	  12	  80	  50	  70	 448	504608	505503	   0	 -30	
 212	 212	  50	   1	 406	   2	   1	  30	   7	  12	  80	  50	  70	 576	507385	507791	   0	 -20	
 213	 213	  80	   1	 382	   1	   1	  31	   7	  12	  80	  50	  70	 596	509697	510079	   0	 -10	
 214	 214	  70	   1	 484	   3	   1	  31	   7	  13	  80	  50	  70	 693	512075	512559	   0	   0	
 215	 215	  80	   1	 666	   1	   1	  32	   7	  13	  80	  50	  70	 569	514436	515102	   0	  10	
 216	 216	  70	   1	 481	   3	   1	  32	   7	  14	  80	  50	  70	 371	516781	517262	   0	  20	
 217	 217	  50	   2	 634	   2	   1	  32	   8	  14	  80	  50	  70	 510	519076	519710	   0	  10	
 218	 218	  80	   1	 613	   1	   1	  33	   8	  14	  80	  50	  70	 316	521337	521950	   0	  20	
 219	 219	  50	   4	 555	   2	   2	  33	   9	  14	  80	  50	  70	 456	523715	524270	   0	  20	
 220	 220	  20	   2	 572	   1	   1	   1	   9	  14	  20	  50	  70	 622	526226	526798	   1	  10	
 221	 221	  70	   1	 573	   3	   1	   1	   9	  15	  20	  50	  70	 621	528737	529310	   0	  20	
 222	 222	  50	   3	 588	   2	   2	   1	  10	  15	  20	  50	  70	 683	531298	531886	   0	  20	
 223	 223	  70	   1	 544	   3	   1	   1	  10	  16	  20	  50	  70	 532	533726	534270	   0	  30	
 224	 224	  20	   4	 704	   1	   2	   2	  10	  16	  20	  50	  70	 678	536254	536958	   0	  30	
 225	 225	  50	   2	 873	   2	   1	   2	  11	  16	  20	  50	  70	 691	538948	539821	   0	  20	
 226	 226	  70	   2	 433	   3	   1	   2	  11	  17	  20	  50	  70	 573	541692	542125	   0	  10	
 227	 227	  20	   2	 419	   1	   1	   3	  11	  17	  20	  50	  70	 321	543754	544173	   0	   0	
 228	 228	  70	   1	 492	   3	   1	   3	  11	  18	  20	  50	  70	 564	546049	546541	   0	  10	
 229	 229	  20	   3	 644	   1	   2	   4	  11	  18	  20	  50	  70	 537	548377	549021	   0	  10	
 230	 230	  50	   3	 535	   2	   2	   4	  12	  18	  20	  50	  70	 497	550838	551373	   0	  10	
 231	 231	  70	   1	 579	   3	   1	   4	  12	  19	  20	  50	  70	 373	553066	553645	   0	  20	
 232	 232	  50	   2	 684	   2	   1	   4	  13	  19	  20	  50	  70	 385	555345	556029	   0	  10	
 233	 233	  70	   1	 550	   3	   1	   4	  13	  20	  20	  50	  70	 305	557639	558189	   0	  20	
 234	 234	  20	   4	 412	   1	   2	   5	  13	  20	  20	  50	  70	 496	560001	560413	   0	  20	
 235	 235	  70	   2	 491	   3	   1	   5	  13	  21	  20	  50	  70	 394	562113	562604	   0	  10	
 236	 236	  20	   4	 605	   1	   2	   6	  13	  21	  20	  50	  70	 693	564591	565196	   0	  10	
 237	 237	  50	   2	 413	   2	   1	   6	  14	  21	  20	  50	  70	 636	567135	567548	   0	   0	
 238	 238	  70	   1	 471	   3	   1	   6	  14	  22	  20	  50	  70	 528	569397	569868	   0	  10	
 239	 239	  50	   3	 522	   2	   2	   6	  15	  22	  20	  50	  70	 700	571874	572396	   0	  10	
 240	 240	  70	   1	 449	   3	   1	   6	  15	  23	  20	  50	  70	 525	574219	574668	   0	  20	
 241	 241	  50	   3	 482	   2	   2	   6	  16	  23	  20	  50	  70	 327	576314	576796	   0	  20	
 242	 242	  20	   3	 555	   1	   2	   7	  16	  23	  20	  50	  70	 506	578609	579164	   0	  20	
 243	 243	  50	   2	 494	   2	   1	   7	  17	  23	  20	  50	  70	 607	581070	581564	   0	  10	
 244	 244	  20	   4	 588	   1	   2	   8	  17	  23	  20	  50	  70	 361	583216	583804	   0	  10	
 245	 245	  70	   1	 539	   3	   1	   8	  17	  24	  20	  50	  70	 690	585793	586332	   0	  20	
 246	 246	  50	   3	 476	   2	   2	   8	  18	  24	  20	  50	  70	 632	588271	588747	   0	  20	
 247	 247	  20	   2	 481	   1	   1	   9	  18	  24	  20	  50	  70	 636	590682	591163	   0	  10	
 248	 248	  50	   2	 627	   2	   1	   9	  19	  24	  20	  50	  70	 679	593160	593787	   0	   0	
 249	 249	  70	   1	 480	   3	   1	   9	  19	  25	  20	  50	  70	 669	595771	596251	   0	  10	
 250	 250	  20	   4	 464	   1	   2	  10	  19	  25	  20	  50	  70	 315	597883	598347	   0	  10	
 251	 251	  70	   2	 516	   3	   1	  10	  19	  26	  20	  50	  70	 630	600311	600827	   0	   0	
 252	 252	  50	   3	 448	   2	   2	  10	  20	  26	  20	  50	  70	 393	602523	602971	   0	   0	
 253	 253	  20	   4	 405	   1	   2	  11	  20	  26	  20	  50	  70	 654	604934	605339	   0	   0	
 254	 254	  70	   1	 491	   3	   1	  11	  20	  27	  20	  50	  70	 670	607312	607803	   0	  10	
 255	 255	  50	   1	 485	   2	   1	  11	  21	  27	  20	  50	  70	 488	609590	610075	   0	  20	
 256	 256	  70	   1	 523	   3	   1	  11	  21	  28	  20	  50	  70	 565	611951	612474	   0	  30	
 257	 257	  50	   2	 786	   2	   1	  11	  22	  28	  20	  50	  70	 516	614296	615082	   0	  20	
 258	 258	  70	   2	 573	   3	   1	  11	  22	  29	  20	  50	  70	 563	616957	617530	   0	  10	
 259	 259	  50	   2	 512	   2	   1	  11	  23	  29	  20	  50	  70	 571	619402	619914	   0	   0	
 260	 260	  70	   1	 525	   3	   1	  11	  23	  30	  20	  50	  70	 372	621597	622122	   0	  10	
 261	 261	  20	   4	 577	   1	   2	  12	  23	  30	  20	  50	  70	 590	624025	624602	   0	  10	
 262	 262	  50	   2	1082	   3	   1	  12	  23	   1	  20	  50	  50	 392	626336	627418	   3	   0	
 263	 263	  50	   2	 770	   2	   1	  12	  24	   1	  20	  50	  50	 353	629080	629850	   0	 -10	
 264	 264	  20	   4	 527	   1	   2	  13	  24	   1	  20	  50	  50	 558	631707	632234	   0	 -10	
 265	 265	  50	   2	 644	   3	   1	  13	  24	   2	  20	  50	  50	 566	634102	634746	   0	 -20	
 266	 266	  50	   3	 513	   2	   2	  13	  25	   2	  20	  50	  50	 656	636696	637209	   0	 -20	
 267	 267	  50	   1	 634	   3	   1	  13	  25	   3	  20	  50	  50	 465	638991	639625	   0	 -10	
 268	 268	  50	   3	 524	   2	   2	  13	  26	   3	  20	  50	  50	 539	641469	641993	   0	 -10	
 269	 269	  20	   3	 540	   1	   2	  14	  26	   3	  20	  50	  50	 301	643597	644137	   0	 -10	
 270	 270	  50	   4	 632	   2	   2	  14	  27	   3	  20	  50	  50	 376	645809	646441	   0	 -10	
 271	 271	  50	   2	 568	   3	   1	  14	  27	   4	  20	  50	  50	 574	648337	648905	   0	 -20	
 272	 272	  50	   3	 477	   2	   2	  14	  28	   4	  20	  50	  50	 537	650748	651225	   0	 -20	
 273	 273	  50	   3	 604	   3	   2	  14	  28	   5	  20	  50	  50	 357	652877	653481	   0	 -20	
 274	 274	  50	   4	 562	   2	   2	  14	  29	   5	  20	  50	  50	 472	655255	655817	   0	 -20	
 275	 275	  20	   4	 538	   1	   2	  15	  29	   5	  20	  50	  50	 448	657583	658121	   0	 -20	
 276	 276	  50	   3	 699	   3	   2	  15	  29	   6	  20	  50	  50	 637	660061	660760	   0	 -20	
 277	 277	  50	   1	 815	   2	   1	  15	  30	   6	  20	  50	  50	 416	662489	663304	   0	 -10	
 278	 278	  20	   3	 537	   1	   2	  16	  30	   6	  20	  50	  50	 588	665199	665736	   0	 -10	
 279	 279	  50	   2	 676	   3	   1	  16	  30	   7	  20	  50	  50	 399	667444	668120	   0	 -20	
 280	 280	  20	   4	 500	   1	   2	  17	  30	   7	  20	  50	  50	 555	669972	670472	   0	 -20	
 281	 281	  50	   2	 624	   3	   1	  17	  30	   8	  20	  50	  50	 387	672200	672824	   0	 -30	
 282	 282	  20	   4	 598	   1	   2	  18	  30	   8	  20	  50	  50	 429	674562	675160	   0	 -30	
 283	 283	  50	   3	 465	   3	   2	  18	  30	   9	  20	  50	  50	 337	676807	677272	   0	 -30	
 284	 284	  50	   3	 490	   2	   2	  18	  31	   9	  20	  50	  50	 544	679118	679608	   0	 -30	
 285	 285	  20	   4	 591	   1	   2	  19	  31	   9	  20	  50	  50	 617	681529	682120	   0	 -30	
 286	 286	  50	   2	1202	   2	   1	  19	  32	   9	  20	  50	  50	 514	683941	685143	   0	 -40	
 287	 287	  20	   4	 544	   1	   2	  20	  32	   9	  20	  50	  50	 520	686967	687511	   0	 -40	
 288	 288	  50	   1	 787	   3	   1	  20	  32	  10	  20	  50	  50	 611	689428	690215	   0	 -30	
 289	 289	  20	   4	 656	   1	   2	  21	  32	  10	  20	  50	  50	 504	692023	692679	   0	 -30	
 290	 290	  50	   1	 590	   3	   1	  21	  32	  11	  20	  50	  50	 633	694617	695207	   0	 -20	
 291	 291	  50	   1	 688	   2	   1	  21	  33	  11	  20	  50	  50	 590	697111	697799	   0	 -10	
 292	 292	  50	   3	 554	   3	   2	  21	  33	  12	  20	  50	  50	 680	699789	700343	   0	 -10	
 293	 293	  20	   4	1605	   2	   2	  21	   1	  12	  20	  20	  50	 351	702034	703639	   2	 -10	
 294	 294	  50	   2	 647	   3	   1	  21	   1	  13	  20	  20	  50	 427	705360	706007	   0	 -20	
 295	 295	  20	   3	 542	   1	   2	  22	   1	  13	  20	  20	  50	 396	707721	708263	   0	 -20	
 296	 296	  20	   2	 597	   2	   1	  22	   2	  13	  20	  20	  50	 488	710049	710646	   0	 -30	
 297	 297	  20	   4	 615	   1	   2	  23	   2	  13	  20	  20	  50	 580	712543	713158	   0	 -30	
 298	 298	  20	   2	 548	   2	   1	  23	   3	  13	  20	  20	  50	 690	715154	715702	   0	 -40	
 299	 299	  20	   4	 557	   1	   2	  24	   3	  13	  20	  20	  50	 437	717449	718006	   0	 -40	
 300	 300	  20	   4	 458	   2	   2	  24	   4	  13	  20	  20	  50	 344	719644	720102	   0	 -40	
 301	 301	  50	   1	 653	   3	   1	  24	   4	  14	  20	  20	  50	 678	722105	722758	   0	 -30	
 302	 302	  20	   1	1091	   2	   1	  24	   5	  14	  20	  20	  50	 411	724467	725558	   0	 -20	
 303	 303	  50	   1	 706	   3	   1	  24	   5	  15	  20	  20	  50	 609	727460	728166	   0	 -10	
 304	 304	  20	   4	 732	   2	   2	  24	   6	  15	  20	  20	  50	 670	730138	730870	   0	 -10	
 305	 305	  20	   4	 506	   1	   2	  25	   6	  15	  20	  20	  50	 536	732715	733221	   0	 -10	
 306	 306	  50	   2	 397	   3	   1	  25	   6	  16	  20	  20	  50	 648	735176	735573	   0	 -20	
 307	 307	  20	   4	 566	   1	   2	  26	   6	  16	  20	  20	  50	 568	737455	738021	   0	 -20	
 308	 308	  50	   2	 455	   3	   1	  26	   6	  17	  20	  20	  50	 637	739966	740421	   0	 -30	
 309	 309	  20	   4	 529	   1	   2	  27	   6	  17	  20	  20	  50	 515	742244	742773	   0	 -30	
 310	 310	  50	   1	 584	   3	   1	  27	   6	  18	  20	  20	  50	 516	744605	745189	   0	 -20	
 311	 311	  20	   3	 608	   1	   2	  28	   6	  18	  20	  20	  50	 396	746917	747525	   0	 -20	
 312	 312	  50	   2	 701	   3	   1	  28	   6	  19	  20	  20	  50	 309	749128	749829	   0	 -30	
 313	 313	  20	   2	 675	   2	   1	  28	   7	  19	  20	  20	  50	 362	751506	752181	   0	 -40	
 314	 314	  50	   4	 459	   3	   2	  28	   7	  20	  20	  20	  50	 342	753818	754277	   0	 -40	
 315	 315	  20	   4	 471	   2	   2	  28	   8	  20	  20	  20	  50	 435	756013	756484	   0	 -40	
 316	 316	  20	   4	 614	   1	   2	  29	   8	  20	  20	  20	  50	 373	758158	758772	   0	 -40	
 317	 317	  20	   1	 458	   2	   1	  29	   9	  20	  20	  20	  50	 493	760570	761028	   0	 -30	
 318	 318	  50	   2	 360	   3	   1	  29	   9	  21	  20	  20	  50	 427	762748	763108	   0	 -40	
 319	 319	  20	   4	 539	   2	   2	  29	  10	  21	  20	  20	  50	 363	764777	765316	   0	 -40	
 320	 320	  20	   4	 536	   1	   2	  30	  10	  21	  20	  20	  50	 358	766972	767508	   0	 -40	
 321	 321	  50	   1	 502	   3	   1	  30	  10	  22	  20	  20	  50	 315	769150	769652	   0	 -30	
 322	 322	  20	   4	 488	   1	   2	  31	  10	  22	  20	  20	  50	 665	771628	772116	   0	 -30	
 323	 323	  50	   2	 509	   3	   1	  31	  10	  23	  20	  20	  50	 603	774023	774532	   0	 -40	
 324	 324	  20	   4	 735	   1	   2	  32	  10	  23	  20	  20	  50	 678	776517	777252	   0	 -40	
 325	 325	  20	   2	 712	   2	   1	  32	  11	  23	  20	  20	  50	 686	779244	779956	   0	 -50	
 326	 326	  20	   3	 514	   1	   2	  33	  11	  23	  20	  20	  50	 624	781889	782403	   0	 -50	
 327	 327	  50	   1	 524	   3	   1	  33	  11	  24	  20	  20	  50	 472	784183	784707	   0	 -40	
 328	 328	  20	   4	 503	   2	   2	  33	  12	  24	  20	  20	  50	 427	786428	786931	   0	 -40	
 329	 329	  50	   1	 473	   3	   1	  33	  12	  25	  20	  20	  50	 655	788890	789363	   0	 -30	
 330	 330	  20	   4	 538	   2	   2	  33	  13	  25	  20	  20	  50	 325	790985	791523	   0	 -30	
 331	 331	  20	   4	 643	   1	   2	  34	  13	  25	  20	  20	  50	 456	793296	793939	   0	 -30	
 332	 332	  20	   4	 501	   2	   2	  34	  14	  25	  20	  20	  50	 539	795774	796275	   0	 -30	
 333	 333	  50	   4	 493	   3	   2	  34	  14	  26	  20	  20	  50	 517	798102	798595	   0	 -30	
 334	 334	  20	   4	 526	   1	   2	  35	  14	  26	  20	  20	  50	 700	800597	801123	   0	 -30	
 335	 335	  20	   4	 485	   2	   2	  35	  15	  26	  20	  20	  50	 531	802958	803443	   0	 -30	
 336	 336	  50	   3	 613	   3	   2	  35	  15	  27	  20	  20	  50	 303	805054	805667	   0	 -30	
 337	 337	  80	   1	 841	   1	   1	   1	  15	  27	  80	  20	  50	 469	807465	808306	   1	 -20	
 338	 338	  20	   4	 510	   2	   2	   1	  16	  27	  80	  20	  50	 683	810292	810802	   0	 -20	
 339	 339	  80	   1	 409	   1	   1	   2	  16	  27	  80	  20	  50	 425	812537	812946	   0	 -10	
 340	 340	  20	   4	 523	   2	   2	   2	  17	  27	  80	  20	  50	 351	814599	815122	   0	 -10	
 341	 341	  80	   1	 358	   1	   1	   3	  17	  27	  80	  20	  50	 397	816844	817202	   0	   0	
 342	 342	  50	   3	 505	   3	   2	   3	  17	  28	  80	  20	  50	 394	818889	819394	   0	   0	
 343	 343	  80	   1	 362	   1	   1	   4	  17	  28	  80	  20	  50	 699	821400	821762	   0	  10	
 344	 344	  20	   3	 553	   2	   2	   4	  18	  28	  80	  20	  50	 449	823529	824082	   0	  10	
 345	 345	  50	   2	 731	   3	   1	   4	  18	  29	  80	  20	  50	 637	826023	826754	   0	   0	
 346	 346	  20	   3	 469	   2	   2	   4	  19	  29	  80	  20	  50	 651	828717	829186	   0	   0	
 347	 347	  80	   2	 474	   1	   1	   5	  19	  29	  80	  20	  50	 606	831095	831569	   0	 -10	
 348	 348	  20	   4	 501	   2	   2	   5	  20	  29	  80	  20	  50	 475	833340	833841	   0	 -10	
 349	 349	  50	   2	 658	   3	   1	   5	  20	  30	  80	  20	  50	 385	835535	836193	   0	 -20	
 350	 350	  80	   1	 470	   1	   1	   6	  20	  30	  80	  20	  50	 459	837947	838417	   0	 -10	
 351	 351	  50	   4	 538	   3	   2	   6	  20	  31	  80	  20	  50	 633	840375	840913	   0	 -10	
 352	 352	  80	   1	 528	   1	   1	   7	  20	  31	  80	  20	  50	 549	842769	843297	   0	   0	
 353	 353	  50	   4	 712	   3	   2	   7	  20	  32	  80	  20	  50	 475	845081	845793	   0	   0	
 354	 354	  80	   1	 639	   1	   1	   8	  20	  32	  80	  20	  50	 324	847426	848065	   0	  10	
 355	 355	  20	   3	 477	   2	   2	   8	  21	  32	  80	  20	  50	 652	850020	850497	   0	  10	
 356	 356	  80	   2	 554	   1	   1	   9	  21	  32	  80	  20	  50	 442	852231	852785	   0	   0	
 357	 357	  50	   3	 660	   3	   2	   9	  21	  33	  80	  20	  50	 398	854493	855153	   0	   0	
 358	 358	  20	   4	 525	   2	   2	   9	  22	  33	  80	  20	  50	 315	856771	857296	   0	   0	
 359	 359	  70	   1	 629	   3	   1	   9	  22	   1	  80	  20	  70	 447	859083	859712	   3	  10	
 360	 360	  20	   4	 581	   2	   2	   9	  23	   1	  80	  20	  70	 605	861627	862208	   0	  10	
 361	 361	  80	   1	 570	   1	   1	  10	  23	   1	  80	  20	  70	 501	864038	864608	   0	  20	
 362	 362	  20	   4	 515	   2	   2	  10	  24	   1	  80	  20	  70	 400	866317	866832	   0	  20	
 363	 363	  70	   2	 526	   3	   1	  10	  24	   2	  80	  20	  70	 435	868578	869104	   0	  10	
 364	 364	  80	   1	 489	   1	   1	  11	  24	   2	  80	  20	  70	 425	870823	871312	   0	  20	
 365	 365	  70	   4	 751	   3	   2	  11	  24	   3	  80	  20	  70	 579	873201	873952	   0	  20	
 366	 366	  20	   4	 633	   2	   2	  11	  25	   3	  80	  20	  70	 625	875879	876512	   0	  20	
 367	 367	  70	   1	 609	   3	   1	  11	  25	   4	  80	  20	  70	 385	878207	878816	   0	  30	
 368	 368	  20	   4	 439	   2	   2	  11	  26	   4	  80	  20	  70	 459	880568	881007	   0	  30	
 369	 369	  80	   1	 495	   1	   1	  12	  26	   4	  80	  20	  70	 594	882896	883391	   0	  40	
 370	 370	  70	   1	 496	   3	   1	  12	  26	   5	  80	  20	  70	 679	885391	885887	   0	  50	
 371	 371	  20	   3	 349	   2	   2	  12	  27	   5	  80	  20	  70	 378	887586	887935	   0	  50	
 372	 372	  70	   3	 637	   3	   2	  12	  27	   6	  80	  20	  70	 458	889698	890335	   0	  50	
 373	 373	  80	   1	 926	   1	   1	  13	  27	   6	  80	  20	  70	 567	892209	893135	   0	  60	
 374	 374	  70	   2	 774	   3	   1	  13	  27	   7	  80	  20	  70	 539	894969	895743	   0	  50	
 375	 375	  80	   1	 564	   1	   1	  14	  27	   7	  80	  20	  70	 500	897547	898111	   0	  60	
 376	 376	  70	   1	 435	   3	   1	  14	  27	   8	  80	  20	  70	 693	900108	900543	   0	  70	
 377	 377	  20	   4	 459	   2	   2	  14	  28	   8	  80	  20	  70	 586	902436	902895	   0	  70	
 378	 378	  80	   1	 481	   1	   1	  15	  28	   8	  80	  20	  70	 591	904781	905262	   0	  80	
 379	 379	  70	   1	 356	   3	   1	  15	  28	   9	  80	  20	  70	 661	907242	907598	   0	  90	
 380	 380	  80	   1	 506	   1	   1	  16	  28	   9	  80	  20	  70	 302	909204	909710	   0	 100	
 381	 381	  70	   1	 419	   3	   1	  16	  28	  10	  80	  20	  70	 470	911499	911918	   0	 110	
 382	 382	  80	   1	 520	   1	   1	  17	  28	  10	  80	  20	  70	 676	913894	914414	   0	 120	
 383	 383	  20	   4	 568	   2	   2	  17	  29	  10	  80	  20	  70	 304	916022	916590	   0	 120	
 384	 384	  80	   2	 434	   1	   1	  18	  29	  10	  80	  20	  70	 387	918284	918718	   0	 110	
 385	 385	  70	   2	 461	   3	   1	  18	  29	  11	  80	  20	  70	 506	920529	920990	   0	 100	
 386	 386	  80	   2	 521	   1	   1	  19	  29	  11	  80	  20	  70	 433	922741	923262	   0	  90	
 387	 387	  20	   4	 507	   2	   2	  19	  30	  11	  80	  20	  70	 669	925235	925742	   0	  90	
 388	 388	  70	   1	 456	   3	   1	  19	  30	  12	  80	  20	  70	 372	927414	927870	   0	 100	
 389	 389	  20	   4	 447	   2	   2	  19	  31	  12	  80	  20	  70	 585	929758	930205	   0	 100	
 390	 390	  70	   1	 647	   3	   1	  19	  31	  13	  80	  20	  70	 559	932070	932717	   0	 110	
 391	 391	  80	   1	 423	   1	   1	  20	  31	  13	  80	  20	  70	 575	934614	935037	   0	 120	
 392	 392	  70	   2	 541	   3	   1	  20	  31	  14	  80	  20	  70	 633	936976	937517	   0	 110	
 393	 393	  20	   4	 554	   2	   2	  20	  32	  14	  80	  20	  70	 350	939171	939725	   0	 110	
 394	 394	  70	   1	 598	   3	   1	  20	  32	  15	  80	  20	  70	 362	941399	941997	   0	 120	
 395	 395	  20	   3	 522	   2	   2	  20	  33	  15	  80	  20	  70	 527	943827	944349	   0	 120	
 396	 396	  70	   1	 715	   3	   1	  20	  33	  16	  80	  20	  70	 687	946338	947053	   0	 130	
 397	 397	  80	   2	 655	   1	   1	  21	  33	  16	  80	  20	  70	 419	948782	949437	   0	 120	
 398	 398	  70	   2	 524	   3	   1	  21	  33	  17	  80	  20	  70	 641	951377	951901	   0	 110	
 399	 399	  20	   4	 566	   2	   2	  21	  34	  17	  80	  20	  70	 423	953622	954188	   0	 110	
 400	 400	  80	   1	 464	   1	   1	  22	  34	  17	  80	  20	  70	 410	955900	956364	   0	 120	
 401	 401	  20	   4	 421	   2	   2	  22	  35	  17	  80	  20	  70	 604	958295	958716	   0	 120	
 402	 402	  80	   1	 503	   1	   1	  23	  35	  17	  80	  20	  70	 341	960357	960860	   0	 130	
 403	 403	  80	   3	1068	   2	   2	  23	   1	  17	  80	  80	  70	 566	962768	963836	   2	 130	
 404	 404	  80	   1	 440	   1	   1	  24	   1	  17	  80	  80	  70	 685	965828	966268	   0	 140	
 405	 405	  80	   1	 504	   2	   1	  24	   2	  17	  80	  80	  70	 374	967940	968444	   0	 150	
 406	 406	  80	   1	 394	   1	   1	  25	   2	  17	  80	  80	  70	 685	970434	970828	   0	 160	
 407	 407	  80	   1	 350	   2	   1	  25	   3	  17	  80	  80	  70	 304	972430	972780	   0	 170	
 408	 408	  80	   1	 545	   1	   1	  26	   3	  17	  80	  80	  70	 391	974475	975020	   0	 180	
 409	 409	  80	   2	 353	   2	   1	  26	   4	  17	  80	  80	  70	 652	976986	977339	   0	 170	
 410	 410	  80	   2	 505	   1	   1	  27	   4	  17	  80	  80	  70	 662	979314	979819	   0	 160	
 411	 411	  80	   1	 478	   2	   1	  27	   5	  17	  80	  80	  70	 570	981709	982187	   0	 170	
 412	 412	  80	   1	 471	   1	   1	  28	   5	  17	  80	  80	  70	 508	984004	984475	   0	 180	
 413	 413	  80	   1	 470	   2	   1	  28	   6	  17	  80	  80	  70	 362	986149	986619	   0	 190	
 414	 414	  80	   1	 507	   1	   1	  29	   6	  17	  80	  80	  70	 612	988544	989051	   0	 200	
 415	 415	  80	   1	 313	   2	   1	  29	   7	  17	  80	  80	  70	 363	990722	991035	   0	 210	
 416	 416	  80	   1	 344	   1	   1	  30	   7	  17	  80	  80	  70	 513	992867	993211	   0	 220	
 417	 417	  70	   1	 243	   3	   1	  30	   7	  18	  80	  80	  70	 605	995112	995355	   0	 230	
 418	 418	  80	   1	 423	   2	   1	  30	   8	  18	  80	  80	  70	 478	997124	997547	   0	 240	
 419	 419	  30	   4	 859	   1	   2	   1	   8	  18	  30	  80	  70	 667	999536	1000395	   1	 240	
 420	 420	  80	   2	 709	   2	   1	   1	   9	  18	  30	  80	  70	 517	1002213	1002922	   0	 230	
 421	 421	  70	   1	 556	   3	   1	   1	   9	  19	  30	  80	  70	 319	1004558	1005114	   0	 240	
 422	 422	  80	   1	 819	   2	   1	   1	  10	  19	  30	  80	  70	 490	1006903	1007722	   0	 250	
 423	 423	  30	   3	 628	   1	   2	   2	  10	  19	  30	  80	  70	 383	1009414	1010042	   0	 250	
 424	 424	  70	   1	 578	   3	   1	   2	  10	  20	  30	  80	  70	 653	1012008	1012586	   0	 260	
 425	 425	  80	   2	 513	   2	   1	   2	  11	  20	  30	  80	  70	 684	1014585	1015098	   0	 250	
 426	 426	  30	   3	 595	   1	   2	   3	  11	  20	  30	  80	  70	 639	1017047	1017642	   0	 250	
 427	 427	  70	   1	 557	   3	   1	   3	  11	  21	  30	  80	  70	 370	1019325	1019882	   0	 260	
 428	 428	  80	   1	 879	   2	   1	   3	  12	  21	  30	  80	  70	 642	1021819	1022698	   0	 270	
 429	 429	  30	   2	 377	   1	   1	   4	  12	  21	  30	  80	  70	 475	1024480	1024857	   0	 260	
 430	 430	  70	   2	 544	   3	   1	   4	  12	  22	  30	  80	  70	 675	1026841	1027385	   0	 250	
 431	 431	  80	   1	 727	   2	   1	   4	  13	  22	  30	  80	  70	 446	1029170	1029897	   0	 260	
 432	 432	  70	   2	 711	   3	   1	   4	  13	  23	  30	  80	  70	 500	1031714	1032425	   0	 250	
 433	 433	  80	   1	 487	   2	   1	   4	  14	  23	  30	  80	  70	 524	1034258	1034745	   0	 260	
 434	 434	  70	   1	 478	   3	   1	   4	  14	  24	  30	  80	  70	 552	1036603	1037081	   0	 270	
 435	 435	  80	   1	 558	   2	   1	   4	  15	  24	  30	  80	  70	 318	1038715	1039273	   0	 280	
 436	 436	  70	   1	1049	   3	   1	   4	  15	  25	  30	  80	  70	 384	1040960	1042009	   0	 290	
 437	 437	  30	   2	 741	   1	   1	   5	  15	  25	  30	  80	  70	 696	1044020	1044761	   0	 280	
 438	 438	  70	   1	 572	   3	   1	   5	  15	  26	  30	  80	  70	 314	1046381	1046953	   0	 290	
 439	 439	  30	   4	 593	   1	   2	   6	  15	  26	  30	  80	  70	 487	1048743	1049336	   0	 290	
 440	 440	  70	   1	 629	   3	   1	   6	  15	  27	  30	  80	  70	 536	1051187	1051816	   0	 300	
 441	 441	  80	   1	 440	   2	   1	   6	  16	  27	  30	  80	  70	 496	1053648	1054088	   0	 310	
 442	 442	  70	   2	 527	   3	   1	   6	  16	  28	  30	  80	  70	 606	1055993	1056520	   0	 300	
 443	 443	  30	   3	 613	   1	   2	   7	  16	  28	  30	  80	  70	 537	1058371	1058984	   0	 300	
 444	 444	  80	   1	 431	   2	   1	   7	  17	  28	  30	  80	  70	 342	1060633	1061064	   0	 310	
 445	 445	  30	   4	 669	   1	   2	   8	  17	  28	  30	  80	  70	 442	1062811	1063480	   0	 310	
 446	 446	  80	   2	 638	   2	   1	   8	  18	  28	  30	  80	  70	 532	1065322	1065960	   0	 300	
 447	 447	  30	   4	 644	   1	   2	   9	  18	  28	  30	  80	  70	 441	1067700	1068344	   0	 300	
 448	 448	  80	   1	 514	   2	   1	   9	  19	  28	  30	  80	  70	 623	1070278	1070792	   0	 310	
 449	 449	  30	   4	 560	   1	   2	  10	  19	  28	  30	  80	  70	 334	1072440	1073000	   0	 310	
 450	 450	  70	   1	 950	   3	   1	  10	  19	  29	  30	  80	  70	 502	1074801	1075751	   0	 320	
 451	 451	  30	   3	 616	   1	   2	  11	  19	  29	  30	  80	  70	 637	1077711	1078327	   0	 320	
 452	 452	  80	   1	 553	   2	   1	  11	  20	  29	  30	  80	  70	 585	1080222	1080775	   0	 330	
 453	 453	  70	   3	 656	   3	   2	  11	  20	  30	  30	  80	  70	 482	1082567	1083223	   0	 330	
 454	 454	  80	   1	 485	   2	   1	  11	  21	  30	  30	  80	  70	 444	1084962	1085447	   0	 340	
 455	 455	  30	   4	 660	   1	   2	  12	  21	  30	  30	  80	  70	 346	1087107	1087767	   0	 340	
 456	 456	  80	   1	 493	   2	   1	  12	  22	  30	  30	  80	  70	 350	1089418	1089911	   0	 350	
 457	 457	  70	   3	 691	   3	   2	  12	  22	  31	  30	  80	  70	 587	1091796	1092487	   0	 350	
 458	 458	  30	   4	 367	   1	   2	  13	  22	  31	  30	  80	  70	 628	1094424	1094791	   0	 350	
 459	 459	  70	   1	 522	   3	   1	  13	  22	  32	  30	  80	  70	 584	1096685	1097207	   0	 360	
 460	 460	  30	   3	 468	   1	   2	  14	  22	  32	  30	  80	  70	 428	1098930	1099398	   0	 360	
 461	 461	  80	   1	 746	   2	   1	  14	  23	  32	  30	  80	  70	 585	1101308	1102054	   0	 370	
 462	 462	  70	   1	 623	   3	   1	  14	  23	  33	  30	  80	  70	 336	1103703	1104326	   0	 380	
 463	 463	  30	   4	 399	   1	   2	  15	  23	  33	  30	  80	  70	 609	1106231	1106630	   0	 380	
 464	 464	  80	   1	 467	   2	   1	  15	  24	  33	  30	  80	  70	 306	1108243	1108710	   0	 390	
 465	 465	  30	   4	 488	   1	   2	  16	  24	  33	  30	  80	  70	 637	1110654	1111142	   0	 390	
 466	 466	  70	   2	 555	   3	   1	  16	  24	  34	  30	  80	  70	 651	1113099	1113654	   0	 380	
 467	 467	  80	   2	 493	   2	   1	  16	  25	  34	  30	  80	  70	 620	1115577	1116070	   0	 370	
 468	 468	  70	   1	 816	   3	   1	  16	  25	  35	  30	  80	  70	 690	1118054	1118870	   0	 380	
 469	 469	  30	   3	 480	   1	   2	  17	  25	  35	  30	  80	  70	 409	1120582	1121062	   0	 380	
 470	 470	  80	   1	 469	   2	   1	  17	  26	  35	  30	  80	  70	 579	1122960	1123429	   0	 390	
 471	 471	  30	   4	 534	   1	   2	  18	  26	  35	  30	  80	  70	 699	1125455	1125989	   0	 390	
 472	 472	  50	   2	 844	   3	   1	  18	  26	   1	  30	  80	  50	 536	1127849	1128693	   3	 380	
 473	 473	  30	   4	 627	   1	   2	  19	  26	   1	  30	  80	  50	 622	1130626	1131253	   0	 380	
 474	 474	  80	   1	 536	   2	   1	  19	  27	   1	  30	  80	  50	 468	1133021	1133557	   0	 390	
 475	 475	  30	   4	 497	   1	   2	  20	  27	   1	  30	  80	  50	 457	1135316	1135813	   0	 390	
 476	 476	  50	   1	 377	   3	   1	  20	  27	   2	  30	  80	  50	 518	1137644	1138021	   0	 400	
 477	 477	  80	   1	 564	   2	   1	  20	  28	   2	  30	  80	  50	 569	1139889	1140453	   0	 410	
 478	 478	  50	   2	 352	   3	   1	  20	  28	   3	  30	  80	  50	 330	1142101	1142453	   0	 400	
 479	 479	  80	   2	 553	   2	   1	  20	  29	   3	  30	  80	  50	 651	1144412	1144965	   0	 390	
 480	 480	  30	   4	 437	   1	   2	  21	  29	   3	  30	  80	  50	 353	1146624	1147061	   0	 390	
 481	 481	  50	   2	 403	   3	   1	  21	  29	   4	  30	  80	  50	 392	1148769	1149172	   0	 380	
 482	 482	  80	   1	 533	   2	   1	  21	  30	   4	  30	  80	  50	 338	1150815	1151348	   0	 390	
 483	 483	  50	   3	 423	   3	   2	  21	  30	   5	  30	  80	  50	 653	1153309	1153732	   0	 390	
 484	 484	  20	   1	1362	   2	   1	  21	   1	   5	  30	  20	  50	 486	1155554	1156916	   2	 400	
 485	 485	  30	   1	 811	   1	   1	  22	   1	   5	  30	  20	  50	 462	1158697	1159508	   0	 410	
 486	 486	  20	   2	 697	   2	   1	  22	   2	   5	  30	  20	  50	 476	1161291	1161988	   0	 400	
 487	 487	  50	   1	 661	   3	   1	  22	   2	   6	  30	  20	  50	 639	1163935	1164596	   0	 410	
 488	 488	  20	   2	 628	   2	   1	  22	   3	   6	  30	  20	  50	 577	1166480	1167108	   0	 400	
 489	 489	  30	   3	 644	   1	   2	  23	   3	   6	  30	  20	  50	 599	1169024	1169668	   0	 400	
 490	 490	  50	   1	 527	   3	   1	  23	   3	   7	  30	  20	  50	 696	1171685	1172212	   0	 410	
 491	 491	  30	   4	 508	   1	   2	  24	   3	   7	  30	  20	  50	 325	1173863	1174371	   0	 410	
 492	 492	  50	   1	 561	   3	   1	  24	   3	   8	  30	  20	  50	 585	1176258	1176819	   0	 420	
 493	 493	  20	   1	 629	   2	   1	  24	   4	   8	  30	  20	  50	 549	1178686	1179315	   0	 430	
 494	 494	  50	   2	 716	   3	   1	  24	   4	   9	  30	  20	  50	 412	1181047	1181763	   0	 420	
 495	 495	  30	   4	 517	   1	   2	  25	   4	   9	  30	  20	  50	 686	1183758	1184275	   0	 420	
 496	 496	  20	   2	 700	   2	   1	  25	   5	   9	  30	  20	  50	 534	1186119	1186819	   0	 410	
 497	 497	  50	   2	 381	   3	   1	  25	   5	  10	  30	  20	  50	 503	1188630	1189011	   0	 400	
 498	 498	  30	   4	 555	   1	   2	  26	   5	  10	  30	  20	  50	 476	1190792	1191347	   0	 400	
 499	 499	  50	   1	 429	   3	   1	  26	   5	  11	  30	  20	  50	 614	1193270	1193699	   0	 410	
 500	 500	  30	   4	 503	   1	   2	  27	   5	  11	  30	  20	  50	 539	1195548	1196051	   0	 410	
 501	 501	  50	   2	 510	   3	   1	  27	   5	  12	  30	  20	  50	 509	1197876	1198386	   0	 400	
 502	 502	  20	   2	 595	   2	   1	  27	   6	  12	  30	  20	  50	 594	1200271	1200866	   0	 390	
 503	 503	  30	   3	 483	   1	   2	  28	   6	  12	  30	  20	  50	 633	1202815	1203298	   0	 390	
 504	 504	  50	   3	 714	   3	   2	  28	   6	  13	  30	  20	  50	 556	1205160	1205874	   0	 390	
 505	 505	  30	   4	 653	   1	   2	  29	   6	  13	  30	  20	  50	 440	1207621	1208274	   0	 390	
 506	 506	  20	   2	 596	   2	   1	  29	   7	  13	  30	  20	  50	 399	1209982	1210578	   0	 380	
 507	 507	  50	   1	 513	   3	   1	  29	   7	  14	  30	  20	  50	 694	1212577	1213090	   0	 390	
 508	 508	  20	   2	 718	   2	   1	  29	   8	  14	  30	  20	  50	 395	1214788	1215506	   0	 380	
 509	 509	  50	   2	 525	   3	   1	  29	   8	  15	  30	  20	  50	 518	1217333	1217858	   0	 370	
 510	 510	  30	   4	 526	   1	   2	  30	   8	  15	  30	  20	  50	 679	1219844	1220370	   0	 370	
 511	 511	  50	   2	 526	   3	   1	  30	   8	  16	  30	  20	  50	 680	1222371	1222897	   0	 360	
 512	 512	  30	   4	 512	   1	   2	  31	   8	  16	  30	  20	  50	 658	1224849	1225361	   0	 360	
 513	 513	  20	   2	 562	   2	   1	  31	   9	  16	  30	  20	  50	 660	1227327	1227889	   0	 350	
 514	 514	  30	   4	 646	   1	   2	  32	   9	  16	  30	  20	  50	 551	1229755	1230401	   0	 350	
 515	 515	  50	   1	 543	   3	   1	  32	   9	  17	  30	  20	  50	 354	1232066	1232609	   0	 360	
 516	 516	  30	   4	 470	   1	   2	  33	   9	  17	  30	  20	  50	 488	1234395	1234865	   0	 360	
 517	 517	  20	   2	 558	   2	   1	  33	  10	  17	  30	  20	  50	 553	1236723	1237281	   0	 350	
 518	 518	  50	   2	 503	   3	   1	  33	  10	  18	  30	  20	  50	 451	1239034	1239537	   0	 340	
 519	 519	  20	   4	 669	   2	   2	  33	  11	  18	  30	  20	  50	 563	1241412	1242081	   0	 340	
 520	 520	  80	   2	 814	   1	   1	   1	  11	  18	  80	  20	  50	 500	1243923	1244737	   1	 330	
 521	 521	  20	   2	 569	   2	   1	   1	  12	  18	  80	  20	  50	 457	1246567	1247136	   0	 320	
 522	 522	  50	   1	 516	   3	   1	   1	  12	  19	  80	  20	  50	 351	1248796	1249312	   0	 330	
 523	 523	  80	   1	 605	   1	   1	   2	  12	  19	  80	  20	  50	 465	1251091	1251696	   0	 340	
 524	 524	  50	   2	 926	   3	   1	   2	  12	  20	  80	  20	  50	 622	1253618	1254544	   0	 330	
 525	 525	  80	   1	 582	   1	   1	   3	  12	  20	  80	  20	  50	 524	1256362	1256944	   0	 340	
 526	 526	  50	   4	 539	   3	   2	   3	  12	  21	  80	  20	  50	 527	1258773	1259312	   0	 340	
 527	 527	  80	   2	 471	   1	   1	   4	  12	  21	  80	  20	  50	 360	1260969	1261440	   0	 330	
 528	 528	  50	   4	 532	   3	   2	   4	  12	  22	  80	  20	  50	 421	1263164	1263696	   0	 330	
 529	 529	  80	   1	 472	   1	   1	   5	  12	  22	  80	  20	  50	 584	1265592	1266064	   0	 340	
 530	 530	  50	   1	 877	   3	   1	   5	  12	  23	  80	  20	  50	 661	1268019	1268896	   0	 350	
 531	 531	  80	   1	 452	   1	   1	   6	  12	  23	  80	  20	  50	 536	1270747	1271199	   0	 360	
 532	 532	  50	   1	 404	   3	   1	   6	  12	  24	  80	  20	  50	 352	1272859	1273263	   0	 370	
 533	 533	  80	   1	 412	   1	   1	   7	  12	  24	  80	  20	  50	 642	1275203	1275615	   0	 380	
 534	 534	  20	   4	 800	   2	   2	   7	  13	  24	  80	  20	  50	 692	1277615	1278415	   0	 380	
 535	 535	  50	   1	 517	   3	   1	   7	  13	  25	  80	  20	  50	 303	1280026	1280543	   0	 390	
 536	 536	  20	   3	 732	   2	   2	   7	  14	  25	  80	  20	  50	 531	1282387	1283119	   0	 390	
 537	 537	  80	   1	 528	   1	   1	   8	  14	  25	  80	  20	  50	 379	1284815	1285343	   0	 400	
 538	 538	  50	   1	 494	   3	   1	   8	  14	  26	  80	  20	  50	 317	1286977	1287471	   0	 410	
 539	 539	  20	   4	 578	   2	   2	   8	  15	  26	  80	  20	  50	 641	1289405	1289983	   0	 410	
 540	 540	  50	   2	 509	   3	   1	   8	  15	  27	  80	  20	  50	 348	1291650	1292159	   0	 400	
 541	 541	  20	   3	 465	   2	   2	   8	  16	  27	  80	  20	  50	 579	1294061	1294526	   0	 400	
 542	 542	  50	   2	 689	   3	   1	   8	  16	  28	  80	  20	  50	 320	1296157	1296846	   0	 390	
 543	 543	  20	   4	 635	   2	   2	   8	  17	  28	  80	  20	  50	 309	1298451	1299086	   0	 390	
 544	 544	  80	   1	 433	   1	   1	   9	  17	  28	  80	  20	  50	 437	1300829	1301262	   0	 400	
 545	 545	  20	   4	 567	   2	   2	   9	  18	  28	  80	  20	  50	 613	1303191	1303758	   0	 400	
 546	 546	  50	   3	 678	   3	   2	   9	  18	  29	  80	  20	  50	 700	1305768	1306446	   0	 400	
 547	 547	  20	   4	 663	   2	   2	   9	  19	  29	  80	  20	  50	 495	1308263	1308926	   0	 400	
 548	 548	  80	   1	 697	   1	   1	  10	  19	  29	  80	  20	  50	 495	1310741	1311438	   0	 410	
 549	 549	  50	   4	 535	   3	   2	  10	  19	  30	  80	  20	  50	 582	1313335	1313870	   0	 410	
 550	 550	  20	   4	 760	   2	   2	  10	  20	  30	  80	  20	  50	 670	1315846	1316606	   0	 410	
 551	 551	  80	   1	 916	   1	   1	  11	  20	  30	  80	  20	  50	 569	1318490	1319406	   0	 420	
 552	 552	  20	   4	 585	   2	   2	  11	  21	  30	  80	  20	  50	 578	1321300	1321885	   0	 420	
 553	 553	  80	   1	 994	   1	   1	  12	  21	  30	  80	  20	  50	 383	1323579	1324573	   0	 430	
 554	 554	  50	   3	 610	   3	   2	  12	  21	  31	  80	  20	  50	 652	1326539	1327149	   0	 430	
 555	 555	  20	   3	 567	   2	   2	  12	  22	  31	  80	  20	  50	 486	1328950	1329517	   0	 430	
 556	 556	  50	   2	 574	   3	   1	  12	  22	  32	  80	  20	  50	 462	1331295	1331869	   0	 420	
 557	 557	  80	   1	 661	   1	   1	  13	  22	  32	  80	  20	  50	 482	1333656	1334317	   0	 430	
 558	 558	  50	   4	 647	   3	   2	  13	  22	  33	  80	  20	  50	 500	1336134	1336781	   0	 430	
 559	 559	  80	   2	 437	   1	   1	  14	  22	  33	  80	  20	  50	 620	1338712	1339149	   0	 420	
 560	 560	  30	   4	 712	   3	   2	  14	  22	   1	  80	  20	  30	 685	1341173	1341885	   3	 420	
 561	 561	  80	   1	 547	   1	   1	  15	  22	   1	  80	  20	  30	 598	1343817	1344364	   0	 430	
 562	 562	  20	   4	 654	   2	   2	  15	  23	   1	  80	  20	  30	 408	1346078	1346732	   0	 430	
 563	 563	  30	   2	 900	   3	   1	  15	  23	   2	  80	  20	  30	 423	1348456	1349356	   0	 420	
 564	 564	  20	   4	 689	   2	   2	  15	  24	   2	  80	  20	  30	 387	1351051	1351740	   0	 420	
 565	 565	  80	   2	 560	   1	   1	  16	  24	   2	  80	  20	  30	 575	1353612	1354172	   0	 410	
 566	 566	  20	   4	 545	   2	   2	  16	  25	   2	  80	  20	  30	 633	1356123	1356668	   0	 410	
 567	 567	  80	   1	 502	   1	   1	  17	  25	   2	  80	  20	  30	 547	1358534	1359036	   0	 420	
 568	 568	  30	   2	 504	   3	   1	  17	  25	   3	  80	  20	  30	 688	1361028	1361532	   0	 410	
 569	 569	  20	   4	 661	   2	   2	  17	  26	   3	  80	  20	  30	 386	1363223	1363884	   0	 410	
 570	 570	  80	   1	 430	   1	   1	  18	  26	   3	  80	  20	  30	 322	1365518	1365948	   0	 420	
 571	 571	  20	   4	 549	   2	   2	  18	  27	   3	  80	  20	  30	 551	1367830	1368379	   0	 420	
 572	 572	  80	   1	 458	   1	   1	  19	  27	   3	  80	  20	  30	 552	1370241	1370699	   0	 430	
 573	 573	  30	   2	 533	   3	   1	  19	  27	   4	  80	  20	  30	 493	1372486	1373019	   0	 420	
 574	 574	  20	   3	 563	   2	   2	  19	  28	   4	  80	  20	  30	 320	1374648	1375211	   0	 420	
 575	 575	  30	   3	 874	   3	   2	  19	  28	   5	  80	  20	  30	 476	1376993	1377867	   0	 420	
 576	 576	  20	   4	 598	   2	   2	  19	  29	   5	  80	  20	  30	 484	1379653	1380251	   0	 420	
 577	 577	  80	   1	 434	   1	   1	  20	  29	   5	  80	  20	  30	 306	1381865	1382299	   0	 430	
 578	 578	  20	   4	 502	   2	   2	  20	  30	   5	  80	  20	  30	 678	1384293	1384795	   0	 430	
 579	 579	  30	   4	 363	   3	   2	  20	  30	   6	  80	  20	  30	 594	1386688	1387051	   0	 430	
 580	 580	  20	   4	 512	   2	   2	  20	  31	   6	  80	  20	  30	 327	1388683	1389195	   0	 430	
 581	 581	  80	   1	 363	   1	   1	  21	  31	   6	  80	  20	  30	 410	1390928	1391291	   0	 440	
 582	 582	  20	   4	 542	   2	   2	  21	  32	   6	  80	  20	  30	 342	1392940	1393482	   0	 440	
 583	 583	  30	   3	 551	   3	   2	  21	  32	   7	  80	  20	  30	 443	1395219	1395770	   0	 440	
 584	 584	  20	   4	 542	   2	   2	  21	  33	   7	  80	  20	  30	 500	1397580	1398122	   0	 440	
 585	 585	  30	   2	 510	   3	   1	  21	  33	   8	  80	  20	  30	 683	1400108	1400618	   0	 430	
 586	 586	  80	   2	 374	   1	   1	  22	  33	   8	  80	  20	  30	 497	1402436	1402810	   0	 420	
 587	 587	  30	   4	1926	   3	   2	  22	  33	   9	  80	  20	  30	 461	1404564	1406490	   0	 420	
 588	 588	  80	   1	 476	   1	   1	  23	  33	   9	  80	  20	  30	 383	1408190	1408666	   0	 430	
 589	 589	  20	   4	 548	   2	   2	  23	  34	   9	  80	  20	  30	 566	1410534	1411082	   0	 430	
 590	 590	  30	   1	 493	   3	   1	  23	  34	  10	  80	  20	  30	 417	1412813	1413306	   0	 440	
 591	 591	  80	   1	 531	   1	   1	  24	  34	  10	  80	  20	  30	 582	1415207	1415738	   0	 450	
 592	 592	  20	   4	 462	   2	   2	  24	  35	  10	  80	  20	  30	 371	1417419	1417881	   0	 450	
 593	 593	  80	   1	 423	   1	   1	  25	  35	  10	  80	  20	  30	 512	1419714	1420137	   0	 460	
 594	 594	  70	   1	 833	   2	   1	  25	   1	  10	  80	  70	  30	 519	1421976	1422809	   2	 470	
 595	 595	  80	   1	 745	   1	   1	  26	   1	  10	  80	  70	  30	 613	1424736	1425481	   0	 480	
 596	 596	  30	   4	 699	   3	   2	  26	   1	  11	  80	  70	  30	 425	1427214	1427913	   0	 480	
 597	 597	  80	   1	 535	   1	   1	  27	   1	  11	  80	  70	  30	 642	1429858	1430393	   0	 490	
 598	 598	  70	   1	 565	   2	   1	  27	   2	  11	  80	  70	  30	 329	1432036	1432601	   0	 500	
 599	 599	  80	   2	 777	   1	   1	  28	   2	  11	  80	  70	  30	 533	1434448	1435225	   0	 490	
 600	 600	  30	   2	 698	   3	   1	  28	   2	  12	  80	  70	  30	 413	1436959	1437657	   0	 480	
 601	 601	  80	   1	 580	   1	   1	  29	   2	  12	  80	  70	  30	 647	1439636	1440216	   0	 490	
 602	 602	  70	   1	 811	   2	   1	  29	   3	  12	  80	  70	  30	 448	1441981	1442792	   0	 500	
 603	 603	  30	   4	 595	   3	   2	  29	   3	  13	  80	  70	  30	 635	1444741	1445336	   0	 500	
 604	 604	  70	   1	 590	   2	   1	  29	   4	  13	  80	  70	  30	 325	1446970	1447560	   0	 510	
 605	 605	  30	   4	1321	   3	   2	  29	   4	  14	  80	  70	  30	 346	1449215	1450536	   0	 510	
 606	 606	  70	   2	 564	   2	   1	  29	   5	  14	  80	  70	  30	 488	1452324	1452888	   0	 500	
 607	 607	  30	   3	 580	   3	   2	  29	   5	  15	  80	  70	  30	 661	1454852	1455432	   0	 500	
 608	 608	  70	   1	 404	   2	   1	  29	   6	  15	  80	  70	  30	 651	1457396	1457800	   0	 510	
 609	 609	  30	   4	 540	   3	   2	  29	   6	  16	  80	  70	  30	 607	1459708	1460248	   0	 510	
 610	 610	  80	   1	 488	   1	   1	  30	   6	  16	  80	  70	  30	 379	1461936	1462424	   0	 520	
 611	 611	  70	   4	 471	   2	   2	  30	   7	  16	  80	  70	  30	 327	1464065	1464536	   0	 520	
 612	 612	  30	   4	 381	   3	   2	  30	   7	  17	  80	  70	  30	 573	1466410	1466791	   0	 520	
 613	 613	  70	   1	 753	   2	   1	  30	   8	  17	  80	  70	  30	 324	1468422	1469175	   0	 530	
 614	 614	  50	   4	1190	   1	   2	   1	   8	  17	  50	  70	  30	 603	1471265	1472455	   1	 530	
 615	 615	  70	   1	 608	   2	   1	   1	   9	  17	  50	  70	  30	 618	1474375	1474983	   0	 540	
 616	 616	  30	   4	 511	   3	   2	   1	   9	  18	  50	  70	  30	 654	1476936	1477447	   0	 540	
 617	 617	  50	   2	 627	   1	   1	   2	   9	  18	  50	  70	  30	 597	1479364	1479991	   0	 530	
 618	 618	  30	   3	 592	   3	   2	   2	   9	  19	  50	  70	  30	 690	1481975	1482567	   0	 530	
 619	 619	  70	   2	 537	   2	   1	   2	  10	  19	  50	  70	  30	 423	1484286	1484823	   0	 520	
 620	 620	  30	   3	 867	   3	   2	   2	  10	  20	  50	  70	  30	 425	1486548	1487415	   0	 520	
 621	 621	  70	   1	 512	   2	   1	   2	  11	  20	  50	  70	  30	 437	1489175	1489687	   0	 530	
 622	 622	  50	   2	 571	   1	   1	   3	  11	  20	  50	  70	  30	 382	1491387	1491958	   0	 520	
 623	 623	  70	   1	 635	   2	   1	   3	  12	  20	  50	  70	  30	 673	1493931	1494566	   0	 530	
 624	 624	  50	   3	 381	   1	   2	   4	  12	  20	  50	  70	  30	 517	1496393	1496774	   0	 530	
 625	 625	  30	   1	 618	   3	   1	   4	  12	  21	  50	  70	  30	 510	1498588	1499206	   0	 540	
 626	 626	  70	   1	 414	   2	   1	   4	  13	  21	  50	  70	  30	 500	1501016	1501430	   0	 550	
 627	 627	  50	   1	 497	   1	   1	   5	  13	  21	  50	  70	  30	 319	1503061	1503558	   0	 560	
 628	 628	  30	   4	 768	   3	   2	   5	  13	  22	  50	  70	  30	 324	1505190	1505958	   0	 560	
 629	 629	  50	   2	 552	   1	   1	   6	  13	  22	  50	  70	  30	 664	1507934	1508486	   0	 550	
 630	 630	  70	   1	 379	   2	   1	   6	  14	  22	  50	  70	  30	 599	1510395	1510774	   0	 560	
 631	 631	  30	   4	 688	   3	   2	   6	  14	  23	  50	  70	  30	 663	1512773	1513461	   0	 560	
 632	 632	  50	   1	 692	   1	   1	   7	  14	  23	  50	  70	  30	 445	1515217	1515909	   0	 570	
 633	 633	  70	   2	 342	   2	   1	   7	  15	  23	  50	  70	  30	 484	1517695	1518037	   0	 560	
 634	 634	  30	   4	 501	   3	   2	   7	  15	  24	  50	  70	  30	 506	1519840	1520341	   0	 560	
 635	 635	  50	   1	 436	   1	   1	   8	  15	  24	  50	  70	  30	 323	1521969	1522405	   0	 570	
 636	 636	  30	   4	 548	   3	   2	   8	  15	  25	  50	  70	  30	 381	1524097	1524645	   0	 570	
 637	 637	  50	   1	 509	   1	   1	   9	  15	  25	  50	  70	  30	 440	1526392	1526901	   0	 580	
 638	 638	  30	   4	 613	   3	   2	   9	  15	  26	  50	  70	  30	 499	1528704	1529317	   0	 580	
 639	 639	  70	   1	 517	   2	   1	   9	  16	  26	  50	  70	  30	 624	1531248	1531765	   0	 590	
 640	 640	  50	   2	 454	   1	   1	  10	  16	  26	  50	  70	  30	 685	1533759	1534213	   0	 580	
 641	 641	  70	   1	 528	   2	   1	  10	  17	  26	  50	  70	  30	 480	1536021	1536549	   0	 590	
 642	 642	  30	   3	 523	   3	   2	  10	  17	  27	  50	  70	  30	 370	1538233	1538756	   0	 590	
 643	 643	  50	   1	 532	   1	   1	  11	  17	  27	  50	  70	  30	 484	1540544	1541076	   0	 600	
 644	 644	  70	   1	 443	   2	   1	  11	  18	  27	  50	  70	  30	 525	1542905	1543348	   0	 610	
 645	 645	  30	   4	 449	   3	   2	  11	  18	  28	  50	  70	  30	 629	1545283	1545732	   0	 610	
 646	 646	  70	   2	 526	   2	   1	  11	  19	  28	  50	  70	  30	 428	1547462	1547988	   0	 600	
 647	 647	  50	   4	 536	   1	   2	  12	  19	  28	  50	  70	  30	 442	1549724	1550260	   0	 600	
 648	 648	  30	   4	 583	   3	   2	  12	  19	  29	  50	  70	  30	 322	1551885	1552468	   0	 600	
 649	 649	  50	   2	 605	   1	   1	  13	  19	  29	  50	  70	  30	 462	1554247	1554852	   0	 590	
 650	 650	  30	   3	 538	   3	   2	  13	  19	  30	  50	  70	  30	 307	1556458	1556996	   0	 590	
 651	 651	  70	   2	 552	   2	   1	  13	  20	  30	  50	  70	  30	 311	1558620	1559172	   0	 580	
 652	 652	  30	   4	 448	   3	   2	  13	  20	   1	  50	  70	  30	 450	1560932	1561380	   0	 580	
 653	 653	  50	   1	 532	   1	   1	  14	  20	   1	  50	  70	  30	 652	1563343	1563875	   0	 590	
 654	 654	  70	   2	 580	   2	   1	  14	  21	   1	  50	  70	  30	 691	1565871	1566451	   0	 580	
 655	 655	  50	   3	 593	   1	   2	  15	  21	   1	  50	  70	  30	 307	1568066	1568659	   0	 580	
 656	 656	  70	   1	 509	   2	   1	  15	  22	   1	  50	  70	  30	 331	1570294	1570803	   0	 590	
 657	 657	  30	   4	 552	   3	   2	  15	  22	   2	  50	  70	  30	 413	1572523	1573075	   0	 590	
 658	 658	  50	   2	 512	   1	   1	  16	  22	   2	  50	  70	  30	 483	1574867	1575379	   0	 580	
 659	 659	  30	   4	 562	   3	   2	  16	  22	   3	  50	  70	  30	 641	1577329	1577891	   0	 580	
 660	 660	  70	   1	 511	   2	   1	  16	  23	   3	  50	  70	  30	 327	1579524	1580035	   0	 590	
 661	 661	  30	   4	 469	   3	   2	  16	  23	   4	  50	  70	  30	 559	1581918	1582387	   0	 590	
 662	 662	  70	   1	 480	   2	   1	  16	  24	   4	  50	  70	  30	 452	1584147	1584627	   0	 600	
 663	 663	  30	   3	 492	   3	   2	  16	  24	   5	  50	  70	  30	 415	1586358	1586850	   0	 600	
 664	 664	  70	   1	 498	   2	   1	  16	  25	   5	  50	  70	  30	 566	1588720	1589218	   0	 610	
 665	 665	  50	   3	 477	   1	   2	  17	  25	   5	  50	  70	  30	 456	1590981	1591458	   0	 610	
 666	 666	  30	   4	 488	   3	   2	  17	  25	   6	  50	  70	  30	 478	1593226	1593714	   0	 610	
 667	 667	  70	   1	 472	   2	   1	  17	  26	   6	  50	  70	  30	 315	1595338	1595810	   0	 620	
 668	 668	  30	   3	 433	   3	   2	  17	  26	   7	  50	  70	  30	 505	1597617	1598050	   0	 620	
 669	 669	  50	   4	 593	   1	   2	  18	  26	   7	  50	  70	  30	 386	1599745	1600338	   0	 620	
 670	 670	  70	   2	 426	   2	   1	  18	  27	   7	  50	  70	  30	 404	1602040	1602466	   0	 610	
 671	 671	  50	   3	 667	   1	   2	  19	  27	   7	  50	  70	  30	 354	1604135	1604802	   0	 610	
 672	 672	  30	   4	 413	   3	   2	  19	  27	   8	  50	  70	  30	 496	1606613	1607026	   0	 610	
 673	 673	  70	   1	 492	   2	   1	  19	  28	   8	  50	  70	  30	 396	1608742	1609234	   0	 620	
 674	 674	  30	   4	 566	   3	   2	  19	  28	   9	  50	  70	  30	 466	1611003	1611569	   0	 620	
 675	 675	  50	   2	 515	   1	   1	  20	  28	   9	  50	  70	  30	 308	1613182	1613697	   0	 610	
 676	 676	  70	   1	 501	   2	   1	  20	  29	   9	  50	  70	  30	 654	1615660	1616161	   0	 620	
 677	 677	  30	   3	 500	   3	   2	  20	  29	  10	  50	  70	  30	 331	1617805	1618305	   0	 620	
 678	 678	  50	   1	 506	   1	   1	  21	  29	  10	  50	  70	  30	 582	1620199	1620705	   0	 630	
 679	 679	  70	   2	 598	   2	   1	  21	  30	  10	  50	  70	  30	 408	1622411	1623009	   0	 620	
 680	 680	  50	   1	 544	   1	   1	  22	  30	  10	  50	  70	  30	 363	1624689	1625233	   0	 630	
 681	 681	  30	   4	 509	   3	   2	  22	  30	  11	  50	  70	  30	 320	1626868	1627377	   0	 630	
 682	 682	  50	   1	 459	   1	   1	  23	  30	  11	  50	  70	  30	 356	1629030	1629489	   0	 640	
 683	 683	  30	   4	 516	   3	   2	  23	  30	  12	  50	  70	  30	 545	1631341	1631857	   0	 640	
 684	 684	  50	   2	 534	   1	   1	  24	  30	  12	  50	  70	  30	 645	1633819	1634353	   0	 630	
 685	 685	  70	   1	 504	   2	   1	  24	  31	  12	  50	  70	  30	 623	1636280	1636784	   0	 640	
 686	 686	  50	   2	 555	   1	   1	  25	  31	  12	  50	  70	  30	 640	1638725	1639280	   0	 630	
 687	 687	  70	   1	 462	   2	   1	  25	  32	  12	  50	  70	  30	 611	1641186	1641648	   0	 640	
 688	 688	  50	   2	 591	   1	   1	  26	  32	  12	  50	  70	  30	 324	1643281	1643872	   0	 630	
 689	 689	  30	   4	 562	   3	   2	  26	  32	  13	  50	  70	  30	 560	1645726	1646288	   0	 630	
 690	 690	  50	   2	 408	   1	   1	  27	  32	  13	  50	  70	  30	 524	1648120	1648528	   0	 620	
 691	 691	  30	   4	 540	   3	   2	  27	  32	  14	  50	  70	  30	 679	1650532	1651072	   0	 620	
 692	 692	  70	   1	 527	   2	   1	  27	  33	  14	  50	  70	  30	 621	1652993	1653520	   0	 630	
 693	 693	  30	   3	 568	   3	   2	  27	  33	  15	  50	  70	  30	 491	1655304	1655872	   0	 630	
 694	 694	  50	   1	 415	   1	   1	  28	  33	  15	  50	  70	  30	 466	1657649	1658064	   0	 640	
 695	 695	  70	   2	 508	   2	   1	  28	  34	  15	  50	  70	  30	 461	1659828	1660336	   0	 630	
 696	 696	  30	   4	 504	   3	   2	  28	  34	  16	  50	  70	  30	 383	1662023	1662527	   0	 630	
 697	 697	  50	   2	 479	   1	   1	  29	  34	  16	  50	  70	  30	 561	1664384	1664863	   0	 620	
 698	 698	  30	   4	 528	   3	   2	  29	  34	  17	  50	  70	  30	 308	1666479	1667007	   0	 620	
 699	 699	  50	   1	 449	   1	   1	  30	  34	  17	  50	  70	  30	 668	1668990	1669439	   0	 630	
 700	 700	  30	   4	 501	   3	   2	  30	  34	  18	  50	  70	  30	 645	1671402	1671903	   0	 630	
 701	 701	  70	   1	 434	   2	   1	  30	  35	  18	  50	  70	  30	 369	1673597	1674031	   0	 640	
 702	 702	  30	   3	 451	   3	   2	  30	  35	  19	  50	  70	  30	 334	1675676	1676127	   0	 640	
 703	 703	  50	   2	 451	   1	   1	  31	  35	  19	  50	  70	  30	 362	1677804	1678255	   0	 630	
 704	 704	  30	   3	 479	   3	   2	  31	  35	  20	  50	  70	  30	 445	1680016	1680495	   0	 630	
 705	 705	  50	   2	 437	   1	   1	  32	  35	  20	  50	  70	  30	 594	1682394	1682831	   0	 620	
 706	 706	  70	   1	 476	   2	   1	  32	   1	  20	  50	  70	  30	 621	1684755	1685231	   0	 630	
 707	 707	  50	   1	 687	   1	   1	  33	   1	  20	  50	  70	  30	 661	1687183	1687870	   0	 640	
 708	 708	  30	   3	 498	   3	   2	  33	   1	  21	  50	  70	  30	 453	1689628	1690126	   0	 640	
 709	 709	  50	   2	 545	   1	   1	   1	   1	  21	  50	  70	  30	 341	1691773	1692318	   0	 630	
