Version: 1	Number of symbols: 3	Pictures exchange: true	Response Deadline: 2000
Trial_No	Virt_Trial_No	Prob_Shown	Feedback	RT	Stimulus_No	Resp	SymbolA_Stage	SymbolB_Stage	SymbolC_Stage	Prob_A	Prob_B	Prob_C	Jitter	StimOnset	RespOnset	Symbol_Changes	Bonus_sum
   1	   1	  30	   2	1221	   1	   1	   1	   0	   0	  30	  70	  50	 314	1500	2721	   0	 -10	
   2	   2	  50	   2	 675	   3	   1	   1	   0	   1	  30	  70	  50	 316	4350	5025	   0	 -20	
   3	   3	  30	   4	 651	   1	   2	   2	   0	   1	  30	  70	  50	 596	6918	7569	   0	 -20	
   4	   4	  50	   3	 625	   3	   2	   2	   0	   2	  30	  70	  50	 666	9552	10177	   0	 -20	
   5	   5	  70	   1	 862	   2	   1	   2	   1	   2	  30	  70	  50	 523	12003	12865	   0	 -10	
   6	   6	  30	   4	 633	   1	   2	   3	   1	   2	  30	  70	  50	 362	14520	15153	   0	 -10	
   7	   7	  50	   2	 367	   3	   1	   3	   1	   3	  30	  70	  50	 683	17154	17521	   0	 -20	
   8	   8	  70	   1	 339	   2	   1	   3	   2	   3	  30	  70	  50	 600	19438	19777	   0	 -10	
   9	   9	  50	   2	 870	   3	   1	   3	   2	   4	  30	  70	  50	 652	21739	22609	   0	 -20	
  10	  10	  30	   3	 577	   1	   2	   4	   2	   4	  30	  70	  50	 343	24256	24833	   0	 -20	
  11	  11	  50	   3	 552	   3	   2	   4	   2	   5	  30	  70	  50	 303	26457	27009	   0	 -20	
  12	  12	  70	   1	 603	   2	   1	   4	   3	   5	  30	  70	  50	 451	28774	29377	   0	 -10	
  13	  13	  50	   4	 945	   3	   2	   4	   3	   6	  30	  70	  50	 311	30992	31937	   0	 -10	
  14	  14	  70	   2	 633	   2	   1	   4	   4	   6	  30	  70	  50	 347	33576	34209	   0	 -20	
  15	  15	  50	   3	 697	   3	   2	   4	   4	   7	  30	  70	  50	 444	35960	36657	   0	 -20	
  16	  16	  30	   3	 355	   1	   2	   5	   4	   7	  30	  70	  50	 539	38494	38849	   0	 -20	
  17	  17	  70	   2	 724	   2	   1	   5	   5	   7	  30	  70	  50	 312	40461	41185	   0	 -30	
  18	  18	  50	   1	 442	   3	   1	   5	   5	   8	  30	  70	  50	 581	43079	43521	   0	 -20	
  19	  19	  70	   1	 588	   2	   1	   5	   6	   8	  30	  70	  50	 606	45429	46017	   0	 -10	
  20	  20	  30	   4	 497	   1	   2	   6	   6	   8	  30	  70	  50	 360	47680	48177	   0	 -10	
  21	  21	  50	   2	 491	   3	   1	   6	   6	   9	  30	  70	  50	 330	49814	50305	   0	 -20	
  22	  22	  30	   4	 560	   1	   2	   7	   6	   9	  30	  70	  50	 478	52081	52641	   0	 -20	
  23	  23	  50	   3	 655	   3	   2	   7	   6	  10	  30	  70	  50	 541	54482	55137	   0	 -20	
  24	  24	  30	   2	 434	   1	   1	   8	   6	  10	  30	  70	  50	 336	56783	57217	   0	 -30	
  25	  25	  70	   1	 711	   2	   1	   8	   7	  10	  30	  70	  50	 524	59050	59761	   0	 -20	
  26	  26	  50	   1	1410	   3	   1	   8	   7	  11	  30	  70	  50	 451	61518	62928	   0	 -10	
  27	  27	  30	   4	 491	   1	   2	   9	   7	  11	  30	  70	  50	 636	64869	65360	   0	 -10	
  28	  28	  50	   4	 433	   3	   2	   9	   7	  12	  30	  70	  50	 464	67119	67552	   0	 -10	
  29	  29	  70	   1	 404	   2	   1	   9	   8	  12	  30	  70	  50	 551	69420	69824	   0	   0	
  30	  30	  50	   1	 717	   3	   1	   9	   8	  13	  30	  70	  50	 454	71587	72304	   0	  10	
  31	  31	  70	   1	 973	   2	   1	   9	   9	  13	  30	  70	  50	 339	73971	74944	   0	  20	
  32	  32	  50	   3	 586	   3	   2	   9	   9	  14	  30	  70	  50	 563	76806	77392	   0	  20	
  33	  33	  30	   3	 410	   1	   2	  10	   9	  14	  30	  70	  50	 487	79190	79600	   0	  20	
  34	  34	  70	   2	 566	   2	   1	  10	  10	  14	  30	  70	  50	 374	81274	81840	   0	  10	
  35	  35	  30	   2	 438	   1	   1	  11	  10	  14	  30	  70	  50	 516	83674	84112	   0	   0	
  36	  36	  70	   1	 501	   2	   1	  11	  11	  14	  30	  70	  50	 654	86075	86576	   0	  10	
  37	  37	  50	   4	 493	   3	   2	  11	  11	  15	  30	  70	  50	 367	88259	88752	   0	  10	
  38	  38	  30	   3	 428	   1	   2	  12	  11	  15	  30	  70	  50	 616	90676	91104	   0	  10	
  39	  39	  70	   2	 556	   2	   1	  12	  12	  15	  30	  70	  50	 643	93044	93600	   0	   0	
  40	  40	  30	   2	 471	   1	   1	  13	  12	  15	  30	  70	  50	 636	95545	96016	   0	 -10	
  41	  41	  50	   1	 547	   3	   1	  13	  12	  16	  30	  70	  50	 691	98029	98576	   0	   0	
  42	  42	  70	   1	 969	   2	   1	  13	  13	  16	  30	  70	  50	 378	100263	101232	   0	  10	
  43	  43	  30	   4	 374	   1	   2	  14	  13	  16	  30	  70	  50	 587	103130	103504	   0	  10	
  44	  44	  70	   3	1489	   2	   2	  14	  14	  16	  30	  70	  50	 419	105231	106720	   0	  10	
  45	  45	  50	   4	 425	   3	   2	  14	  14	  17	  30	  70	  50	 592	108615	109040	   0	  10	
  46	  46	  30	   4	 574	   1	   2	  15	  14	  17	  30	  70	  50	 535	110882	111456	   0	  10	
  47	  47	  70	   1	 547	   2	   1	  15	  15	  17	  30	  70	  50	 373	113133	113680	   0	  20	
  48	  48	  30	   3	 623	   1	   2	  16	  15	  17	  30	  70	  50	 617	115601	116224	   0	  20	
  49	  49	  70	   4	1109	   2	   2	  16	  16	  17	  30	  70	  50	 308	117835	118944	   0	  20	
  50	  50	  30	   4	 808	   1	   2	  17	  16	  17	  30	  70	  50	 693	120936	121744	   0	  20	
  51	  51	  70	   1	 540	   2	   1	  17	  17	  17	  30	  70	  50	 554	123620	124160	   0	  30	
  52	  52	  30	   4	 503	   1	   2	  18	  17	  17	  30	  70	  50	 671	126137	126640	   0	  30	
  53	  53	  70	   1	 606	   2	   1	  18	  18	  17	  30	  70	  50	 383	128338	128944	   0	  40	
  54	  54	  30	   3	 559	   1	   2	  19	  18	  17	  30	  70	  50	 459	130705	131264	   0	  40	
  55	  55	  70	   2	 560	   2	   1	  19	  19	  17	  30	  70	  50	 487	133056	133616	   0	  30	
  56	  56	  50	   4	 853	   3	   2	  19	  19	  18	  30	  70	  50	 411	135323	136176	   0	  30	
  57	  57	  30	   4	 821	   1	   2	  20	  19	  18	  30	  70	  50	 600	138091	138912	   0	  30	
  58	  58	  70	   1	 636	   2	   1	  20	  20	  18	  30	  70	  50	 477	140691	141327	   0	  40	
  59	  59	  50	   3	 586	   3	   2	  20	  20	  19	  30	  70	  50	 506	143142	143728	   0	  40	
  60	  60	  30	   4	 494	   1	   2	  21	  20	  19	  30	  70	  50	 350	145393	145887	   0	  40	
  61	  61	  50	   2	 639	   3	   1	  21	  20	  20	  30	  70	  50	 553	147760	148399	   0	  30	
  62	  62	  70	   1	 439	   2	   1	  21	  21	  20	  30	  70	  50	 619	150328	150767	   0	  40	
  63	  63	  50	   2	1003	   3	   1	  21	  21	  21	  30	  70	  50	 554	152628	153631	   0	  30	
  64	  64	  70	   2	 706	   2	   1	  21	  22	  21	  30	  70	  50	 683	155629	156335	   0	  20	
  65	  65	  50	   3	 681	   3	   2	  21	  22	  22	  30	  70	  50	 594	158230	158911	   0	  20	
  66	  66	  30	   3	 714	   1	   2	  22	  22	  22	  30	  70	  50	 361	160581	161295	   0	  20	
  67	  67	  70	   1	 684	   2	   1	  22	  23	  22	  30	  70	  50	 699	163315	163999	   0	  30	
  68	  68	  30	   4	 645	   1	   2	  23	  23	  22	  30	  70	  50	 549	165866	166511	   0	  30	
  69	  69	  50	   2	1113	   3	   1	  23	  23	  23	  30	  70	  50	 333	168150	169263	   0	  20	
  70	  70	  70	   1	 489	   2	   1	  23	  24	  23	  30	  70	  50	 374	170934	171423	   0	  30	
  71	  71	  50	   4	 382	   3	   2	  23	  24	  24	  30	  70	  50	 442	173185	173567	   0	  30	
  72	  72	  70	   1	 863	   2	   1	  23	  25	  24	  30	  70	  50	 668	175552	176415	   0	  40	
  73	  73	  50	   3	 556	   3	   2	  23	  25	  25	  30	  70	  50	 307	178019	178575	   0	  40	
  74	  74	  70	   2	 698	   2	   1	  23	  26	  25	  30	  70	  50	 569	180453	181151	   0	  30	
  75	  75	  50	   4	1398	   3	   2	  23	  26	  26	  30	  70	  50	 464	182921	184319	   0	  30	
  76	  76	  70	   1	 688	   2	   1	  23	  27	  26	  30	  70	  50	 622	186255	186943	   0	  40	
  77	  77	  50	   1	 915	   3	   1	  23	  27	  27	  30	  70	  50	 310	188556	189471	   0	  50	
  78	  78	  70	   1	1634	   2	   1	  23	  28	  27	  30	  70	  50	 570	191357	192991	   0	  60	
  79	  79	  50	   3	1579	   3	   2	  23	  28	  28	  30	  70	  50	 412	194708	196287	   0	  60	
  80	  80	  30	   4	 460	   1	   2	  24	  28	  28	  30	  70	  50	 670	198259	198719	   0	  60	
  81	  81	  70	   2	 690	   2	   1	  24	  29	  28	  30	  70	  50	 471	200509	201199	   0	  50	
  82	  82	  30	   4	 686	   1	   2	  25	  29	  28	  30	  70	  50	 481	202993	203679	   0	  50	
  83	  83	  50	   2	 699	   3	   1	  25	  29	  29	  30	  70	  50	 458	205444	206143	   0	  40	
  84	  84	  30	   3	 696	   1	   2	  26	  29	  29	  30	  70	  50	 432	207895	208591	   0	  40	
  85	  85	  70	   1	 613	   2	   1	  26	  30	  29	  30	  70	  50	 458	210346	210959	   0	  50	
  86	  86	  50	   1	 877	   3	   1	  26	  30	  30	  30	  70	  50	 696	212946	213823	   0	  60	
  87	  87	  70	   1	 778	   2	   1	  26	  31	  30	  30	  70	  50	 677	215797	216575	   0	  70	
  88	  88	  30	   2	1417	   3	   1	  26	  31	   1	  30	  70	  30	 672	218582	219999	   3	  60	
  89	  89	  30	   4	 545	   1	   2	  27	  31	   1	  30	  70	  30	 645	221949	222494	   0	  60	
  90	  90	  70	   2	 803	   2	   1	  27	  32	   1	  30	  70	  30	 494	224283	225086	   0	  50	
  91	  91	  30	   3	 428	   3	   2	  27	  32	   2	  30	  70	  30	 420	226834	227262	   0	  50	
  92	  92	  70	   1	 810	   2	   1	  27	  33	   2	  30	  70	  30	 301	228868	229678	   0	  60	
  93	  93	  30	   4	 463	   1	   2	  28	  33	   2	  30	  70	  30	 535	231519	231982	   0	  60	
  94	  94	  30	   2	 465	   3	   1	  28	  33	   3	  30	  70	  30	 557	233853	234318	   0	  50	
  95	  95	  30	   3	 542	   1	   2	  29	  33	   3	  30	  70	  30	 692	236320	236862	   0	  50	
  96	  96	  20	   2	 827	   2	   1	  29	   1	   3	  30	  20	  30	 565	238771	239598	   2	  40	
  97	  97	  30	   4	 624	   1	   2	  30	   1	   3	  30	  20	  30	 516	241422	242046	   0	  40	
  98	  98	  30	   2	 726	   3	   1	  30	   1	   4	  30	  20	  30	 316	243672	244398	   0	  30	
  99	  99	  30	   4	 658	   1	   2	  31	   1	   4	  30	  20	  30	 458	246156	246814	   0	  30	
 100	 100	  30	   4	 530	   3	   2	  31	   1	   5	  30	  20	  30	 407	248524	249054	   0	  30	
 101	 101	  20	   4	 707	   2	   2	  31	   2	   5	  30	  20	  30	 492	250875	251582	   0	  30	
 102	 102	  30	   3	 585	   1	   2	  32	   2	   5	  30	  20	  30	 641	253525	254110	   0	  30	
 103	 103	  20	   3	 847	   2	   2	  32	   3	   5	  30	  20	  30	 331	255759	256606	   0	  30	
 104	 104	  30	   3	 547	   3	   2	  32	   3	   6	  30	  20	  30	 540	258443	258990	   0	  30	
 105	 105	  20	   2	 803	   2	   1	  32	   4	   6	  30	  20	  30	 524	260811	261614	   0	  20	
 106	 106	  30	   4	 644	   3	   2	  32	   4	   7	  30	  20	  30	 633	263562	264206	   0	  20	
 107	 107	  20	   2	 921	   2	   1	  32	   5	   7	  30	  20	  30	 316	265829	266750	   0	  10	
 108	 108	  30	   4	 480	   3	   2	  32	   5	   8	  30	  20	  30	 388	268446	268926	   0	  10	
 109	 109	  20	   3	 408	   2	   2	  32	   6	   8	  30	  20	  30	 402	270630	271038	   0	  10	
 110	 110	  30	   4	 598	   1	   2	  33	   6	   8	  30	  20	  30	 319	272664	273262	   0	  10	
 111	 111	  30	   4	 860	   3	   2	  33	   6	   9	  30	  20	  30	 689	275282	276142	   0	  10	
 112	 112	  20	   4	 519	   2	   2	  33	   7	   9	  30	  20	  30	 348	277799	278318	   0	  10	
 113	 113	  30	   3	 327	   3	   2	  33	   7	  10	  30	  20	  30	 536	280167	280494	   0	  10	
 114	 114	  30	   4	 567	   1	   2	  34	   7	  10	  30	  20	  30	 354	282151	282718	   0	  10	
 115	 115	  30	   3	 350	   3	   2	  34	   7	  11	  30	  20	  30	 333	284368	284718	   0	  10	
 116	 116	  30	   2	 213	   1	   1	  35	   7	  11	  30	  20	  30	 549	286585	286798	   0	   0	
 117	 117	  30	   2	 607	   3	   1	  35	   7	  12	  30	  20	  30	 620	288719	289326	   0	 -10	
 118	 118	  80	   1	 685	   1	   1	   1	   7	  12	  80	  20	  30	 499	291153	291838	   1	   0	
 119	 119	  30	   4	 436	   3	   2	   1	   7	  13	  80	  20	  30	 610	293754	294190	   0	   0	
 120	 120	  20	   2	 629	   2	   1	   1	   8	  13	  80	  20	  30	 626	296121	296750	   0	 -10	
 121	 121	  80	   1	 418	   1	   1	   2	   8	  13	  80	  20	  30	 492	298556	298974	   0	   0	
 122	 122	  30	   4	 693	   3	   2	   2	   8	  14	  80	  20	  30	 585	300873	301566	   0	   0	
 123	 123	  80	   4	 707	   1	   2	   3	   8	  14	  80	  20	  30	 428	303290	303997	   0	   0	
 124	 124	  30	   3	 579	   3	   2	   3	   8	  15	  80	  20	  30	 393	305691	306270	   0	   0	
 125	 125	  80	   1	 599	   1	   1	   4	   8	  15	  80	  20	  30	 385	307958	308557	   0	  10	
 126	 126	  30	   4	 567	   3	   2	   4	   8	  16	  80	  20	  30	 449	310326	310893	   0	  10	
 127	 127	  80	   1	 501	   1	   1	   5	   8	  16	  80	  20	  30	 555	312760	313261	   0	  20	
 128	 128	  30	   4	 496	   3	   2	   5	   8	  17	  80	  20	  30	 696	315261	315757	   0	  20	
 129	 129	  20	   4	1066	   2	   2	   5	   9	  17	  80	  20	  30	 336	317395	318461	   0	  20	
 130	 130	  80	   2	 666	   1	   1	   6	   9	  17	  80	  20	  30	 419	320195	320861	   0	  10	
 131	 131	  30	   2	 676	   3	   1	   6	   9	  18	  80	  20	  30	 517	322713	323389	   0	   0	
 132	 132	  80	   1	 543	   1	   1	   7	   9	  18	  80	  20	  30	 546	325230	325773	   0	  10	
 133	 133	  30	   3	 551	   3	   2	   7	   9	  19	  80	  20	  30	 331	327414	327965	   0	  10	
 134	 134	  80	   3	 328	   1	   2	   8	   9	  19	  80	  20	  30	 483	329765	330093	   0	  10	
 135	 135	  20	   4	 586	   2	   2	   8	  10	  19	  80	  20	  30	 700	332099	332685	   0	  10	
 136	 136	  80	   1	 521	   1	   1	   9	  10	  19	  80	  20	  30	 506	334500	335021	   0	  20	
 137	 137	  20	   3	 685	   2	   2	   9	  11	  19	  80	  20	  30	 454	336784	337469	   0	  20	
 138	 138	  80	   1	 595	   1	   1	  10	  11	  19	  80	  20	  30	 636	339418	340013	   0	  30	
 139	 139	  20	   4	 675	   2	   2	  10	  12	  19	  80	  20	  30	 488	341802	342477	   0	  30	
 140	 140	  30	   4	 964	   3	   2	  10	  12	  20	  80	  20	  30	 376	344153	345117	   0	  30	
 141	 141	  80	   2	 406	   1	   1	  11	  12	  20	  80	  20	  30	 454	346903	347309	   0	  20	
 142	 142	  30	   3	 648	   3	   2	  11	  12	  21	  80	  20	  30	 626	349237	349885	   0	  20	
 143	 143	  20	   4	 545	   2	   2	  11	  13	  21	  80	  20	  30	 568	351772	352317	   0	  20	
 144	 144	  80	   1	 533	   1	   1	  12	  13	  21	  80	  20	  30	 439	354056	354589	   0	  30	
 145	 145	  30	   4	 770	   3	   2	  12	  13	  22	  80	  20	  30	 615	356523	357293	   0	  30	
 146	 146	  20	   4	 630	   2	   2	  12	  14	  22	  80	  20	  30	 606	359207	359837	   0	  30	
 147	 147	  30	   4	 853	   3	   2	  12	  14	  23	  80	  20	  30	 469	361608	362461	   0	  30	
 148	 148	  20	   4	 862	   2	   2	  12	  15	  23	  80	  20	  30	 409	364175	365037	   0	  30	
 149	 149	  80	   1	 801	   1	   1	  13	  15	  23	  80	  20	  30	 532	366876	367677	   0	  40	
 150	 150	  20	   4	 992	   2	   2	  13	  16	  23	  80	  20	  30	 304	369293	370285	   0	  40	
 151	 151	  80	   1	 649	   1	   1	  14	  16	  23	  80	  20	  30	 631	372244	372893	   0	  50	
 152	 152	  20	   4	 891	   2	   2	  14	  17	  23	  80	  20	  30	 364	374562	375453	   0	  50	
 153	 153	  30	   4	 900	   3	   2	  14	  17	  24	  80	  20	  30	 368	377129	378029	   0	  50	
 154	 154	  20	   3	 690	   2	   2	  14	  18	  24	  80	  20	  30	 619	379963	380653	   0	  50	
 155	 155	  80	   1	 654	   1	   1	  15	  18	  24	  80	  20	  30	 473	382431	383085	   0	  60	
 156	 156	  30	   4	 348	   3	   2	  15	  18	  25	  80	  20	  30	 493	384881	385229	   0	  60	
 157	 157	  80	   1	 435	   1	   1	  16	  18	  25	  80	  20	  30	 518	387065	387500	   0	  70	
 158	 158	  20	   4	 617	   2	   2	  16	  19	  25	  80	  20	  30	 512	389316	389933	   0	  70	
 159	 159	  30	   4	 688	   3	   2	  16	  19	  26	  80	  20	  30	 678	391917	392605	   0	  70	
 160	 160	  80	   1	 492	   1	   1	  17	  19	  26	  80	  20	  30	 476	394384	394876	   0	  80	
 161	 161	  20	   4	 389	   2	   2	  17	  20	  26	  80	  20	  30	 334	396535	396924	   0	  80	
 162	 162	  30	   3	 630	   3	   2	  17	  20	  27	  80	  20	  30	 652	398886	399516	   0	  80	
 163	 163	  80	   2	 425	   1	   1	  18	  20	  27	  80	  20	  30	 372	401203	401628	   0	  70	
 164	 164	  30	   2	 419	   3	   1	  18	  20	  28	  80	  20	  30	 401	403337	403756	   0	  60	
 165	 165	  20	   4	 380	   2	   2	  18	  21	  28	  80	  20	  30	 423	405488	405868	   0	  60	
 166	 166	  30	   4	 692	   3	   2	  18	  21	  29	  80	  20	  30	 486	407672	408364	   0	  60	
 167	 167	  80	   1	 558	   1	   1	  19	  21	  29	  80	  20	  30	 563	410222	410780	   0	  70	
 168	 168	  30	   3	 531	   3	   2	  19	  21	  30	  80	  20	  30	 387	412473	413004	   0	  70	
 169	 169	  20	   4	 579	   2	   2	  19	  22	  30	  80	  20	  30	 533	414857	415436	   0	  70	
 170	 170	  30	   4	 637	   3	   2	  19	  22	  31	  80	  20	  30	 664	417391	418028	   0	  70	
 171	 171	  80	   1	 558	   1	   1	  20	  22	  31	  80	  20	  30	 391	419742	420300	   0	  80	
 172	 172	  30	   4	 519	   3	   2	  20	  22	  32	  80	  20	  30	 311	421909	422428	   0	  80	
 173	 173	  20	   3	 577	   2	   2	  20	  23	  32	  80	  20	  30	 304	424043	424620	   0	  80	
 174	 174	  80	   3	 484	   1	   2	  21	  23	  32	  80	  20	  30	 429	426344	426828	   0	  80	
 175	 175	  30	   4	 781	   3	   2	  21	  23	  33	  80	  20	  30	 350	428495	429276	   0	  80	
 176	 176	  80	   1	 575	   1	   1	  22	  23	  33	  80	  20	  30	 640	431229	431804	   0	  90	
 177	 177	  30	   3	 447	   3	   2	  22	  23	  34	  80	  20	  30	 517	433629	434076	   0	  90	
 178	 178	  80	   2	 477	   1	   1	  23	  23	  34	  80	  20	  30	 691	436063	436540	   0	  80	
 179	 179	  30	   2	 551	   3	   1	  23	  23	  35	  80	  20	  30	 331	438181	438732	   0	  70	
 180	 180	  20	   4	 424	   2	   2	  23	  24	  35	  80	  20	  30	 496	440532	440956	   0	  70	
 181	 181	  70	   3	1358	   3	   2	  23	  24	   1	  80	  20	  70	 450	442766	444124	   3	  70	
 182	 182	  20	   3	 660	   2	   2	  23	  25	   1	  80	  20	  70	 389	445816	446476	   0	  70	
 183	 183	  80	   1	 685	   1	   1	  24	  25	   1	  80	  20	  70	 567	448351	449036	   0	  80	
 184	 184	  70	   2	 423	   3	   1	  24	  25	   2	  80	  20	  70	 548	450901	451324	   0	  70	
 185	 185	  20	   2	 405	   2	   1	  24	  26	   2	  80	  20	  70	 696	453319	453724	   0	  60	
 186	 186	  70	   1	 663	   3	   1	  24	  26	   3	  80	  20	  70	 618	455653	456316	   0	  70	
 187	 187	  20	   2	 773	   2	   1	  24	  27	   3	  80	  20	  70	 469	458087	458860	   0	  60	
 188	 188	  70	   2	 679	   3	   1	  24	  27	   4	  80	  20	  70	 653	460821	461500	   0	  50	
 189	 189	  20	   4	 758	   2	   2	  24	  28	   4	  80	  20	  70	 424	463222	463980	   0	  50	
 190	 190	  80	   2	 698	   1	   1	  25	  28	   4	  80	  20	  70	 622	465906	466604	   0	  40	
 191	 191	  70	   1	 655	   3	   1	  25	  28	   5	  80	  20	  70	 643	468573	469228	   0	  50	
 192	 192	  80	   3	1421	   1	   2	  26	  28	   5	  80	  20	  70	 475	471007	472428	   0	  50	
 193	 193	  20	   4	 928	   2	   2	  26	  29	   5	  80	  20	  70	 351	474092	475020	   0	  50	
 194	 194	  70	   1	 856	   3	   1	  26	  29	   6	  80	  20	  70	 338	476659	477515	   0	  60	
 195	 195	  20	   4	 849	   2	   2	  26	  30	   6	  80	  20	  70	 386	479210	480059	   0	  60	
 196	 196	  70	   1	 906	   3	   1	  26	  30	   7	  80	  20	  70	 406	481777	482683	   0	  70	
 197	 197	  80	   1	 705	   1	   1	  27	  30	   7	  80	  20	  70	 387	484378	485083	   0	  80	
 198	 198	  50	   3	 665	   2	   2	  27	   1	   7	  80	  50	  70	 532	486962	487627	   2	  80	
 199	 199	  70	   2	 845	   3	   1	  27	   1	   8	  80	  50	  70	 682	489630	490475	   0	  70	
 200	 200	  50	   2	 861	   2	   1	  27	   2	   8	  80	  50	  70	 650	492430	493291	   0	  60	
 201	 201	  80	   1	 652	   1	   1	  28	   2	   8	  80	  50	  70	 617	495231	495883	   0	  70	
 202	 202	  70	   3	 562	   3	   2	  28	   2	   9	  80	  50	  70	 649	497849	498411	   0	  70	
 203	 203	  50	   3	 798	   2	   2	  28	   3	   9	  80	  50	  70	 624	500333	501131	   0	  70	
 204	 204	  70	   1	 739	   3	   1	  28	   3	  10	  80	  50	  70	 553	503000	503739	   0	  80	
 205	 205	  50	   2	 649	   2	   1	  28	   4	  10	  80	  50	  70	 578	505618	506267	   0	  70	
 206	 206	  70	   2	 557	   3	   1	  28	   4	  11	  80	  50	  70	 316	507902	508459	   0	  60	
 207	 207	  50	   2	 515	   2	   1	  28	   5	  11	  80	  50	  70	 367	510136	510651	   0	  50	
 208	 208	  80	   1	 534	   1	   1	  29	   5	  11	  80	  50	  70	 484	512453	512987	   0	  60	
 209	 209	  50	   3	 791	   2	   2	  29	   6	  11	  80	  50	  70	 513	514804	515595	   0	  60	
 210	 210	  80	   3	 713	   1	   2	  30	   6	  11	  80	  50	  70	 641	517538	518251	   0	  60	
 211	 211	  70	   4	 828	   3	   2	  30	   6	  12	  80	  50	  70	 690	520255	521083	   0	  60	
 212	 212	  50	   1	 984	   2	   1	  30	   7	  12	  80	  50	  70	 335	522723	523707	   0	  70	
 213	 213	  80	   1	 561	   1	   1	  31	   7	  12	  80	  50	  70	 659	525674	526235	   0	  80	
 214	 214	  70	   1	 856	   3	   1	  31	   7	  13	  80	  50	  70	 359	527891	528747	   0	  90	
 215	 215	  80	   1	 900	   1	   1	  32	   7	  13	  80	  50	  70	 324	530375	531275	   0	 100	
 216	 216	  70	   1	1246	   3	   1	  32	   7	  14	  80	  50	  70	 326	532909	534155	   0	 110	
 217	 217	  50	   4	 588	   2	   2	  32	   8	  14	  80	  50	  70	 672	536127	536715	   0	 110	
 218	 218	  80	   1	 693	   1	   1	  33	   8	  14	  80	  50	  70	 648	538678	539371	   0	 120	
 219	 219	  50	   4	 856	   2	   2	  33	   9	  14	  80	  50	  70	 319	540995	541851	   0	 120	
 220	 220	  20	   2	 749	   1	   1	   1	   9	  14	  20	  50	  70	 471	543646	544395	   1	 110	
 221	 221	  70	   1	 826	   3	   1	   1	   9	  15	  20	  50	  70	 366	546097	546923	   0	 120	
 222	 222	  50	   3	 906	   2	   2	   1	  10	  15	  20	  50	  70	 648	548881	549787	   0	 120	
 223	 223	  70	   1	 780	   3	   1	   1	  10	  16	  20	  50	  70	 482	551582	552362	   0	 130	
 224	 224	  20	   2	 487	   1	   1	   2	  10	  16	  20	  50	  70	 455	554132	554619	   0	 120	
 225	 225	  50	   2	 444	   2	   1	   2	  11	  16	  20	  50	  70	 464	556383	556827	   0	 110	
 226	 226	  70	   2	 537	   3	   1	   2	  11	  17	  20	  50	  70	 695	558817	559354	   0	 100	
 227	 227	  20	   4	 714	   1	   2	   3	  11	  17	  20	  50	  70	 504	561168	561882	   0	 100	
 228	 228	  70	   1	 665	   3	   1	   3	  11	  18	  20	  50	  70	 382	563585	564250	   0	 110	
 229	 229	  20	   3	 745	   1	   2	   4	  11	  18	  20	  50	  70	 410	565969	566714	   0	 110	
 230	 230	  50	   1	 821	   2	   1	   4	  12	  18	  20	  50	  70	 418	568437	569258	   0	 120	
 231	 231	  70	   1	 727	   3	   1	   4	  12	  19	  20	  50	  70	 613	571187	571914	   0	 130	
 232	 232	  50	   4	 513	   2	   2	   4	  13	  19	  20	  50	  70	 485	573705	574218	   0	 130	
 233	 233	  70	   1	 479	   3	   1	   4	  13	  20	  20	  50	  70	 620	576139	576618	   0	 140	
 234	 234	  20	   4	 624	   1	   2	   5	  13	  20	  20	  50	  70	 588	578506	579130	   0	 140	
 235	 235	  70	   2	 596	   3	   1	   5	  13	  21	  20	  50	  70	 338	580774	581370	   0	 130	
 236	 236	  20	   4	 721	   1	   2	   6	  13	  21	  20	  50	  70	 579	583241	583962	   0	 130	
 237	 237	  50	   2	 552	   2	   1	   6	  14	  21	  20	  50	  70	 576	585842	586394	   0	 120	
 238	 238	  70	   1	 509	   3	   1	   6	  14	  22	  20	  50	  70	 399	588109	588618	   0	 130	
 239	 239	  50	   3	 478	   2	   2	   6	  15	  22	  20	  50	  70	 541	590460	590938	   0	 130	
 240	 240	  70	   1	 528	   3	   1	   6	  15	  23	  20	  50	  70	 549	592794	593322	   0	 140	
 241	 241	  50	   1	 779	   2	   1	   6	  16	  23	  20	  50	  70	 673	595311	596090	   0	 150	
 242	 242	  20	   3	 397	   1	   2	   7	  16	  23	  20	  50	  70	 655	598045	598442	   0	 150	
 243	 243	  50	   2	 443	   2	   1	   7	  17	  23	  20	  50	  70	 336	600079	600522	   0	 140	
 244	 244	  20	   2	 465	   1	   1	   8	  17	  23	  20	  50	  70	 492	602313	602778	   0	 130	
 245	 245	  70	   3	 393	   3	   2	   8	  17	  24	  20	  50	  70	 395	604481	604874	   0	 130	
 246	 246	  50	   3	 508	   2	   2	   8	  18	  24	  20	  50	  70	 629	606798	607306	   0	 130	
 247	 247	  20	   2	 353	   1	   1	   9	  18	  24	  20	  50	  70	 453	609065	609418	   0	 120	
 248	 248	  50	   2	 357	   2	   1	   9	  19	  24	  20	  50	  70	 625	611349	611706	   0	 110	
 249	 249	  70	   1	 161	   3	   1	   9	  19	  25	  20	  50	  70	 400	613417	613578	   0	 120	
 250	 250	  20	   4	  47	   1	   2	  10	  19	  25	  20	  50	  70	 577	615451	615498	   0	 120	
 251	 251	  70	   2	 328	   3	   1	  10	  19	  26	  20	  50	  70	 391	617218	617546	   0	 110	
 252	 252	  50	   3	 649	   2	   2	  10	  20	  26	  20	  50	  70	 347	619185	619834	   0	 110	
 253	 253	  20	   2	 793	   1	   1	  11	  20	  26	  20	  50	  70	 414	621553	622346	   0	 100	
 254	 254	  70	   1	 439	   3	   1	  11	  20	  27	  20	  50	  70	 341	623987	624426	   0	 110	
 255	 255	  50	   3	 526	   2	   2	  11	  21	  27	  20	  50	  70	 480	626204	626730	   0	 110	
 256	 256	  70	   1	 553	   3	   1	  11	  21	  28	  20	  50	  70	 669	628705	629258	   0	 120	
 257	 257	  50	   4	 461	   2	   2	  11	  22	  28	  20	  50	  70	 423	630989	631450	   0	 120	
 258	 258	  70	   2	 628	   3	   1	  11	  22	  29	  20	  50	  70	 456	633206	633834	   0	 110	
 259	 259	  50	   2	 630	   2	   1	  11	  23	  29	  20	  50	  70	 398	635540	636170	   0	 100	
 260	 260	  70	   3	 277	   3	   2	  11	  23	  30	  20	  50	  70	 474	637941	638218	   0	 100	
 261	 261	  20	   4	 581	   1	   2	  12	  23	  30	  20	  50	  70	 407	639941	640522	   0	 100	
 262	 262	  50	   2	 661	   3	   1	  12	  23	   1	  20	  50	  50	 454	642292	642953	   3	  90	
 263	 263	  50	   2	 460	   2	   1	  12	  24	   1	  20	  50	  50	 635	644893	645353	   0	  80	
 264	 264	  20	   4	 651	   1	   2	  13	  24	   1	  20	  50	  50	 662	647310	647961	   0	  80	
 265	 265	  50	   2	 736	   3	   1	  13	  24	   2	  20	  50	  50	 688	649961	650697	   0	  70	
 266	 266	  50	   3	 613	   2	   2	  13	  25	   2	  20	  50	  50	 614	652612	653225	   0	  70	
 267	 267	  50	   3	 427	   3	   2	  13	  25	   3	  20	  50	  50	 307	654846	655273	   0	  70	
 268	 268	  50	   1	 498	   2	   1	  13	  26	   3	  20	  50	  50	 472	657047	657545	   0	  80	
 269	 269	  20	   3	 870	   1	   2	  14	  26	   3	  20	  50	  50	 484	659347	660217	   0	  80	
 270	 270	  50	   2	 794	   2	   1	  14	  27	   3	  20	  50	  50	 498	662031	662825	   0	  70	
 271	 271	  50	   4	 573	   3	   2	  14	  27	   4	  20	  50	  50	 583	664732	665305	   0	  70	
 272	 272	  50	   1	 644	   2	   1	  14	  28	   4	  20	  50	  50	 322	666933	667577	   0	  80	
 273	 273	  50	   1	 671	   3	   1	  14	  28	   5	  20	  50	  50	 562	669434	670105	   0	  90	
 274	 274	  50	   4	 873	   2	   2	  14	  29	   5	  20	  50	  50	 557	671968	672841	   0	  90	
 275	 275	  20	   4	 723	   1	   2	  15	  29	   5	  20	  50	  50	 348	674502	675225	   0	  90	
 276	 276	  50	   1	 454	   3	   1	  15	  29	   6	  20	  50	  50	 694	677219	677673	   0	 100	
 277	 277	  50	   3	 790	   2	   2	  15	  30	   6	  20	  50	  50	 617	679603	680393	   0	 100	
 278	 278	  20	   1	 828	   1	   1	  16	  30	   6	  20	  50	  50	 515	682221	683049	   0	 110	
 279	 279	  50	   2	 463	   3	   1	  16	  30	   7	  20	  50	  50	 574	684922	685385	   0	 100	
 280	 280	  20	   4	 445	   1	   2	  17	  30	   7	  20	  50	  50	 692	687372	687817	   0	 100	
 281	 281	  50	   2	 750	   3	   1	  17	  30	   8	  20	  50	  50	 582	689723	690473	   0	  90	
 282	 282	  20	   2	 557	   1	   1	  18	  30	   8	  20	  50	  50	 339	692124	692681	   0	  80	
 283	 283	  50	   3	 593	   3	   2	  18	  30	   9	  20	  50	  50	 431	694424	695017	   0	  80	
 284	 284	  50	   3	 485	   2	   2	  18	  31	   9	  20	  50	  50	 393	696708	697193	   0	  80	
 285	 285	  20	   2	 396	   1	   1	  19	  31	   9	  20	  50	  50	 408	698909	699305	   0	  70	
 286	 286	  50	   2	 923	   2	   1	  19	  32	   9	  20	  50	  50	 300	700910	701833	   0	  60	
 287	 287	  20	   2	 554	   1	   1	  20	  32	   9	  20	  50	  50	 589	703727	704281	   0	  50	
 288	 288	  50	   1	 482	   3	   1	  20	  32	  10	  20	  50	  50	 310	705895	706377	   0	  60	
 289	 289	  20	   4	 758	   1	   2	  21	  32	  10	  20	  50	  50	 512	708195	708953	   0	  60	
 290	 290	  50	   1	 764	   3	   1	  21	  32	  11	  20	  50	  50	 576	710829	711593	   0	  70	
 291	 291	  50	   3	 681	   2	   2	  21	  33	  11	  20	  50	  50	 373	713280	713961	   0	  70	
 292	 292	  50	   1	 678	   3	   1	  21	  33	  12	  20	  50	  50	 462	715731	716409	   0	  80	
 293	 293	  20	   4	 649	   2	   2	  21	   1	  12	  20	  20	  50	 322	718048	718697	   2	  80	
 294	 294	  50	   2	 599	   3	   1	  21	   1	  13	  20	  20	  50	 454	720466	721065	   0	  70	
 295	 295	  20	   3	 667	   1	   2	  22	   1	  13	  20	  20	  50	 365	722750	723417	   0	  70	
 296	 296	  20	   4	 694	   2	   2	  22	   2	  13	  20	  20	  50	 527	725250	725944	   0	  70	
 297	 297	  20	   2	 840	   1	   1	  23	   2	  13	  20	  20	  50	 326	727568	728408	   0	  60	
 298	 298	  20	   4	 626	   2	   2	  23	   3	  13	  20	  20	  50	 386	730102	730728	   0	  60	
 299	 299	  20	   4	 589	   1	   2	  24	   3	  13	  20	  20	  50	 582	732619	733208	   0	  60	
 300	 300	  20	   4	 643	   2	   2	  24	   4	  13	  20	  20	  50	 340	734853	735496	   0	  60	
 301	 301	  50	   1	 713	   3	   1	  24	   4	  14	  20	  20	  50	 661	737471	738184	   0	  70	
 302	 302	  20	   3	 645	   2	   2	  24	   5	  14	  20	  20	  50	 478	739971	740616	   0	  70	
 303	 303	  50	   3	 570	   3	   2	  24	   5	  15	  20	  20	  50	 695	742606	743176	   0	  70	
 304	 304	  20	   4	 648	   2	   2	  24	   6	  15	  20	  20	  50	 555	745040	745688	   0	  70	
 305	 305	  20	   4	 616	   1	   2	  25	   6	  15	  20	  20	  50	 441	747440	748056	   0	  70	
 306	 306	  50	   4	 972	   3	   2	  25	   6	  16	  20	  20	  50	 350	749724	750696	   0	  70	
 307	 307	  20	   4	 590	   1	   2	  26	   6	  16	  20	  20	  50	 438	752442	753032	   0	  70	
 308	 308	  50	   2	 485	   3	   1	  26	   6	  17	  20	  20	  50	 330	754659	755144	   0	  60	
 309	 309	  20	   4	 395	   1	   2	  27	   6	  17	  20	  20	  50	 419	756877	757272	   0	  60	
 310	 310	  50	   1	 829	   3	   1	  27	   6	  18	  20	  20	  50	 663	759227	760056	   0	  70	
 311	 311	  20	   3	 442	   1	   2	  28	   6	  18	  20	  20	  50	 698	762078	762520	   0	  70	
 312	 312	  50	   2	 787	   3	   1	  28	   6	  19	  20	  20	  50	 427	764245	765032	   0	  60	
 313	 313	  20	   4	 579	   2	   2	  28	   7	  19	  20	  20	  50	 672	767013	767592	   0	  60	
 314	 314	  50	   2	 694	   3	   1	  28	   7	  20	  20	  20	  50	 442	769330	770024	   0	  50	
 315	 315	  20	   4	 525	   2	   2	  28	   8	  20	  20	  20	  50	 599	771931	772456	   0	  50	
 316	 316	  20	   4	 407	   1	   2	  29	   8	  20	  20	  20	  50	 309	774065	774472	   0	  50	
 317	 317	  20	   3	 577	   2	   2	  29	   9	  20	  20	  20	  50	 416	776199	776776	   0	  50	
 318	 318	  50	   2	 466	   3	   1	  29	   9	  21	  20	  20	  50	 480	778550	779016	   0	  40	
 319	 319	  20	   4	 832	   2	   2	  29	  10	  21	  20	  20	  50	 677	781000	781832	   0	  40	
 320	 320	  20	   4	 822	   1	   2	  30	  10	  21	  20	  20	  50	 476	783618	784440	   0	  40	
 321	 321	  50	   3	 633	   3	   2	  30	  10	  22	  20	  20	  50	 577	786335	786968	   0	  40	
 322	 322	  20	   4	 775	   1	   2	  31	  10	  22	  20	  20	  50	 482	788769	789544	   0	  40	
 323	 323	  50	   2	 856	   3	   1	  31	  10	  23	  20	  20	  50	 671	791520	792376	   0	  30	
 324	 324	  20	   2	 732	   1	   1	  32	  10	  23	  20	  20	  50	 503	794188	794920	   0	  20	
 325	 325	  20	   4	 433	   2	   2	  32	  11	  23	  20	  20	  50	 619	796855	797288	   0	  20	
 326	 326	  20	   3	 668	   1	   2	  33	  11	  23	  20	  20	  50	 351	798956	799624	   0	  20	
 327	 327	  50	   3	 889	   3	   2	  33	  11	  24	  20	  20	  50	 478	801407	802296	   0	  20	
 328	 328	  20	   4	 687	   2	   2	  33	  12	  24	  20	  20	  50	 452	804057	804744	   0	  20	
 329	 329	  50	   1	 708	   3	   1	  33	  12	  25	  20	  20	  50	 658	806708	807416	   0	  30	
 330	 330	  20	   4	 485	   2	   2	  33	  13	  25	  20	  20	  50	 314	809026	809511	   0	  30	
 331	 331	  20	   4	 547	   1	   2	  34	  13	  25	  20	  20	  50	 623	811460	812007	   0	  30	
 332	 332	  20	   4	 587	   2	   2	  34	  14	  25	  20	  20	  50	 339	813660	814247	   0	  30	
 333	 333	  50	   2	 627	   3	   1	  34	  14	  26	  20	  20	  50	 674	816228	816855	   0	  20	
 334	 334	  20	   4	 582	   1	   2	  35	  14	  26	  20	  20	  50	 382	818545	819127	   0	  20	
 335	 335	  20	   4	 515	   2	   2	  35	  15	  26	  20	  20	  50	 550	820996	821511	   0	  20	
 336	 336	  50	   1	 713	   3	   1	  35	  15	  27	  20	  20	  50	 420	823246	823959	   0	  30	
 337	 337	  80	   3	1348	   1	   2	   1	  15	  27	  80	  20	  50	 466	825747	827095	   1	  30	
 338	 338	  20	   4	 604	   2	   2	   1	  16	  27	  80	  20	  50	 310	828715	829319	   0	  30	
 339	 339	  80	   1	 600	   1	   1	   2	  16	  27	  80	  20	  50	 574	831199	831799	   0	  40	
 340	 340	  20	   4	 923	   2	   2	   2	  17	  27	  80	  20	  50	 410	833516	834439	   0	  40	
 341	 341	  80	   1	 621	   1	   1	   3	  17	  27	  80	  20	  50	 488	836250	836871	   0	  50	
 342	 342	  50	   3	 982	   3	   2	   3	  17	  28	  80	  20	  50	 625	838801	839783	   0	  50	
 343	 343	  80	   1	 546	   1	   1	   4	  17	  28	  80	  20	  50	 566	841669	842215	   0	  60	
 344	 344	  20	   1	 700	   2	   1	   4	  18	  28	  80	  20	  50	 686	844203	844903	   0	  70	
 345	 345	  50	   4	 782	   3	   2	   4	  18	  29	  80	  20	  50	 344	846553	847335	   0	  70	
 346	 346	  20	   3	 657	   2	   2	   4	  19	  29	  80	  20	  50	 586	849238	849895	   0	  70	
 347	 347	  80	   2	 638	   1	   1	   5	  19	  29	  80	  20	  50	 508	851705	852343	   0	  60	
 348	 348	  20	   2	 418	   2	   1	   5	  20	  29	  80	  20	  50	 335	853989	854407	   0	  50	
 349	 349	  50	   4	 553	   3	   2	   5	  20	  30	  80	  20	  50	 473	856190	856743	   0	  50	
 350	 350	  80	   1	 585	   1	   1	   6	  20	  30	  80	  20	  50	 515	858574	859159	   0	  60	
 351	 351	  50	   4	 458	   3	   2	   6	  20	  31	  80	  20	  50	 457	860941	861399	   0	  60	
 352	 352	  80	   3	 600	   1	   2	   7	  20	  31	  80	  20	  50	 676	863375	863975	   0	  60	
 353	 353	  50	   2	 483	   3	   1	   7	  20	  32	  80	  20	  50	 584	865876	866359	   0	  50	
 354	 354	  80	   3	 340	   1	   2	   8	  20	  32	  80	  20	  50	 580	868243	868583	   0	  50	
 355	 355	  20	   3	 445	   2	   2	   8	  21	  32	  80	  20	  50	 505	870394	870839	   0	  50	
 356	 356	  80	   2	 766	   1	   1	   9	  21	  32	  80	  20	  50	 601	872745	873511	   0	  40	
 357	 357	  50	   3	 606	   3	   2	   9	  21	  33	  80	  20	  50	 305	875129	875735	   0	  40	
 358	 358	  20	   4	 519	   2	   2	   9	  22	  33	  80	  20	  50	 649	877696	878215	   0	  40	
 359	 359	  70	   1	 358	   3	   1	   9	  22	   1	  80	  20	  70	 534	880097	880455	   3	  50	
 360	 360	  20	   4	 573	   2	   2	   9	  23	   1	  80	  20	  70	 551	882314	882887	   0	  50	
 361	 361	  80	   1	 675	   1	   1	  10	  23	   1	  80	  20	  70	 332	884548	885223	   0	  60	
 362	 362	  20	   4	 544	   2	   2	  10	  24	   1	  80	  20	  70	 475	886999	887543	   0	  60	
 363	 363	  70	   2	 817	   3	   1	  10	  24	   2	  80	  20	  70	 504	889350	890167	   0	  50	
 364	 364	  80	   1	 791	   1	   1	  11	  24	   2	  80	  20	  70	 494	891967	892758	   0	  60	
 365	 365	  70	   4	 771	   3	   2	  11	  24	   3	  80	  20	  70	 383	894451	895222	   0	  60	
 366	 366	  20	   2	 631	   2	   1	  11	  25	   3	  80	  20	  70	 612	897135	897766	   0	  50	
 367	 367	  70	   1	 575	   3	   1	  11	  25	   4	  80	  20	  70	 639	899719	900294	   0	  60	
 368	 368	  20	   4	 595	   2	   2	  11	  26	   4	  80	  20	  70	 397	901987	902582	   0	  60	
 369	 369	  80	   1	 613	   1	   1	  12	  26	   4	  80	  20	  70	 449	904337	904950	   0	  70	
 370	 370	  70	   3	 564	   3	   2	  12	  26	   5	  80	  20	  70	 469	906722	907286	   0	  70	
 371	 371	  20	   3	 452	   2	   2	  12	  27	   5	  80	  20	  70	 511	909122	909574	   0	  70	
 372	 372	  70	   1	 736	   3	   1	  12	  27	   6	  80	  20	  70	 309	911190	911926	   0	  80	
 373	 373	  80	   1	 643	   1	   1	  13	  27	   6	  80	  20	  70	 668	913907	914550	   0	  90	
 374	 374	  70	   4	 527	   3	   2	  13	  27	   7	  80	  20	  70	 540	916391	916918	   0	  90	
 375	 375	  80	   1	 550	   1	   1	  14	  27	   7	  80	  20	  70	 383	918608	919158	   0	 100	
 376	 376	  70	   1	 761	   3	   1	  14	  27	   8	  80	  20	  70	 446	920909	921670	   0	 110	
 377	 377	  20	   4	 532	   2	   2	  14	  28	   8	  80	  20	  70	 441	923410	923942	   0	 110	
 378	 378	  80	   1	 489	   1	   1	  15	  28	   8	  80	  20	  70	 407	925661	926150	   0	 120	
 379	 379	  70	   3	 521	   3	   2	  15	  28	   9	  80	  20	  70	 586	928045	928566	   0	 120	
 380	 380	  80	   1	 605	   1	   1	  16	  28	   9	  80	  20	  70	 480	930345	930950	   0	 130	
 381	 381	  70	   3	 636	   3	   2	  16	  28	  10	  80	  20	  70	 469	932746	933382	   0	 130	
 382	 382	  80	   1	 582	   1	   1	  17	  28	  10	  80	  20	  70	 595	935280	935862	   0	 140	
 383	 383	  20	   4	 557	   2	   2	  17	  29	  10	  80	  20	  70	 700	937881	938438	   0	 140	
 384	 384	  80	   4	 601	   1	   2	  18	  29	  10	  80	  20	  70	 619	940365	940966	   0	 140	
 385	 385	  70	   2	 652	   3	   1	  18	  29	  11	  80	  20	  70	 414	942682	943334	   0	 130	
 386	 386	  80	   2	 590	   1	   1	  19	  29	  11	  80	  20	  70	 359	945000	945590	   0	 120	
 387	 387	  20	   4	 548	   2	   2	  19	  30	  11	  80	  20	  70	 333	947234	947782	   0	 120	
 388	 388	  70	   3	 650	   3	   2	  19	  30	  12	  80	  20	  70	 396	949484	950134	   0	 120	
 389	 389	  20	   4	 668	   2	   2	  19	  31	  12	  80	  20	  70	 375	951818	952486	   0	 120	
 390	 390	  70	   1	 737	   3	   1	  19	  31	  13	  80	  20	  70	 648	954453	955190	   0	 130	
 391	 391	  80	   3	 426	   1	   2	  20	  31	  13	  80	  20	  70	 506	957020	957446	   0	 130	
 392	 392	  70	   4	 951	   3	   2	  20	  31	  14	  80	  20	  70	 339	959087	960038	   0	 130	
 393	 393	  20	   4	 739	   2	   2	  20	  32	  14	  80	  20	  70	 607	961955	962694	   0	 130	
 394	 394	  70	   1	 660	   3	   1	  20	  32	  15	  80	  20	  70	 323	964322	964982	   0	 140	
 395	 395	  20	   3	 530	   2	   2	  20	  33	  15	  80	  20	  70	 468	966756	967286	   0	 140	
 396	 396	  70	   3	 915	   3	   2	  20	  33	  16	  80	  20	  70	 527	969107	970022	   0	 140	
 397	 397	  80	   2	 555	   1	   1	  21	  33	  16	  80	  20	  70	 324	971658	972213	   0	 130	
 398	 398	  70	   2	 644	   3	   1	  21	  33	  17	  80	  20	  70	 314	973825	974469	   0	 120	
 399	 399	  20	   4	 693	   2	   2	  21	  34	  17	  80	  20	  70	 416	976192	976885	   0	 120	
 400	 400	  80	   3	 499	   1	   2	  22	  34	  17	  80	  20	  70	 421	978610	979109	   0	 120	
 401	 401	  20	   4	 454	   2	   2	  22	  35	  17	  80	  20	  70	 490	980927	981381	   0	 120	
 402	 402	  80	   1	 765	   1	   1	  23	  35	  17	  80	  20	  70	 440	983128	983893	   0	 130	
 403	 403	  80	   3	 496	   2	   2	  23	   1	  17	  80	  80	  70	 620	985845	986341	   2	 130	
 404	 404	  80	   1	 556	   1	   1	  24	   1	  17	  80	  80	  70	 696	988329	988885	   0	 140	
 405	 405	  80	   3	 696	   2	   2	  24	   2	  17	  80	  80	  70	 618	990813	991509	   0	 140	
 406	 406	  80	   1	 382	   1	   1	  25	   2	  17	  80	  80	  70	 627	993431	993813	   0	 150	
 407	 407	  80	   1	 599	   2	   1	  25	   3	  17	  80	  80	  70	 466	995598	996197	   0	 160	
 408	 408	  80	   1	 754	   1	   1	  26	   3	  17	  80	  80	  70	 595	998099	998853	   0	 170	
 409	 409	  80	   2	 952	   2	   1	  26	   4	  17	  80	  80	  70	 574	1000733	1001685	   0	 160	
 410	 410	  80	   2	 891	   1	   1	  27	   4	  17	  80	  80	  70	 431	1003434	1004325	   0	 150	
 411	 411	  80	   1	 831	   2	   1	  27	   5	  17	  80	  80	  70	 465	1006118	1006949	   0	 160	
 412	 412	  80	   1	1181	   1	   1	  28	   5	  17	  80	  80	  70	 683	1008952	1010133	   0	 170	
 413	 413	  80	   3	 753	   2	   2	  28	   6	  17	  80	  80	  70	 587	1012036	1012789	   0	 170	
 414	 414	  80	   1	 611	   1	   1	  29	   6	  17	  80	  80	  70	 656	1014754	1015365	   0	 180	
 415	 415	  80	   3	 971	   2	   2	  29	   7	  17	  80	  80	  70	 665	1017338	1018309	   0	 180	
 416	 416	  80	   1	 622	   1	   1	  30	   7	  17	  80	  80	  70	 418	1020039	1020661	   0	 190	
 417	 417	  70	   1	 479	   3	   1	  30	   7	  18	  80	  80	  70	 421	1022390	1022869	   0	 200	
 418	 418	  80	   1	 422	   2	   1	  30	   8	  18	  80	  80	  70	 432	1024607	1025029	   0	 210	
 419	 419	  30	   4	 712	   1	   2	   1	   8	  18	  30	  80	  70	 590	1026941	1027653	   1	 210	
 420	 420	  80	   2	 656	   2	   1	   1	   9	  18	  30	  80	  70	 571	1029525	1030181	   0	 200	
 421	 421	  70	   1	1016	   3	   1	   1	   9	  19	  30	  80	  70	 593	1032093	1033109	   0	 210	
 422	 422	  80	   3	 580	   2	   2	   1	  10	  19	  30	  80	  70	 578	1034993	1035573	   0	 210	
 423	 423	  30	   3	 767	   1	   2	   2	  10	  19	  30	  80	  70	 630	1037494	1038261	   0	 210	
 424	 424	  70	   3	1242	   3	   2	   2	  10	  20	  30	  80	  70	 420	1039995	1041237	   0	 210	
 425	 425	  80	   4	 941	   2	   2	   2	  11	  20	  30	  80	  70	 574	1043112	1044053	   0	 210	
 426	 426	  30	   3	 806	   1	   2	   3	  11	  20	  30	  80	  70	 694	1046047	1046853	   0	 210	
 427	 427	  70	   1	 358	   3	   1	   3	  11	  21	  30	  80	  70	 667	1048831	1049189	   0	 220	
 428	 428	  80	   1	 333	   2	   1	   3	  12	  21	  30	  80	  70	 538	1051032	1051365	   0	 230	
 429	 429	  30	   2	 537	   1	   1	   4	  12	  21	  30	  80	  70	 447	1053116	1053653	   0	 220	
 430	 430	  70	   2	 470	   3	   1	   4	  12	  22	  30	  80	  70	 595	1055550	1056020	   0	 210	
 431	 431	  80	   1	 642	   2	   1	   4	  13	  22	  30	  80	  70	 692	1058034	1058676	   0	 220	
 432	 432	  70	   4	  32	   3	   2	   4	  13	  23	  30	  80	  70	 493	1060468	1060500	   0	 220	
 433	 433	  80	   3	 488	   2	   2	   4	  14	  23	  30	  80	  70	 452	1062268	1062756	   0	 220	
 434	 434	  70	   1	 572	   3	   1	   4	  14	  24	  30	  80	  70	 477	1064536	1065108	   0	 230	
 435	 435	  80	   3	 434	   2	   2	   4	  15	  24	  30	  80	  70	 353	1066770	1067204	   0	 230	
 436	 436	  70	   1	 372	   3	   1	   4	  15	  25	  30	  80	  70	 611	1069120	1069492	   0	 240	
 437	 437	  30	   4	 895	   1	   2	   5	  15	  25	  30	  80	  70	 422	1071221	1072116	   0	 240	
 438	 438	  70	   1	 665	   3	   1	   5	  15	  26	  30	  80	  70	 333	1073755	1074420	   0	 250	
 439	 439	  30	   4	1284	   1	   2	   6	  15	  26	  30	  80	  70	 542	1076272	1077556	   0	 250	
 440	 440	  70	   1	 439	   3	   1	   6	  15	  27	  30	  80	  70	 507	1079373	1079812	   0	 260	
 441	 441	  80	   3	 465	   2	   2	   6	  16	  27	  30	  80	  70	 371	1081507	1081972	   0	 260	
 442	 442	  70	   2	 403	   3	   1	   6	  16	  28	  30	  80	  70	 559	1083841	1084244	   0	 250	
 443	 443	  30	   3	 545	   1	   2	   7	  16	  28	  30	  80	  70	 329	1085875	1086420	   0	 250	
 444	 444	  80	   1	 482	   2	   1	   7	  17	  28	  30	  80	  70	 510	1088226	1088708	   0	 260	
 445	 445	  30	   2	 429	   1	   1	   8	  17	  28	  30	  80	  70	 698	1090727	1091156	   0	 250	
 446	 446	  80	   2	 403	   2	   1	   8	  18	  28	  30	  80	  70	 525	1092977	1093380	   0	 240	
 447	 447	  30	   4	 589	   1	   2	   9	  18	  28	  30	  80	  70	 401	1095095	1095684	   0	 240	
 448	 448	  80	   1	 437	   2	   1	   9	  19	  28	  30	  80	  70	 681	1097679	1098116	   0	 250	
 449	 449	  30	   4	 680	   1	   2	  10	  19	  28	  30	  80	  70	 559	1099980	1100660	   0	 250	
 450	 450	  70	   1	 476	   3	   1	  10	  19	  29	  30	  80	  70	 313	1102280	1102756	   0	 260	
 451	 451	  30	   3	 501	   1	   2	  11	  19	  29	  30	  80	  70	 358	1104431	1104932	   0	 260	
 452	 452	  80	   1	 378	   2	   1	  11	  20	  29	  30	  80	  70	 463	1106698	1107076	   0	 270	
 453	 453	  70	   3	 524	   3	   2	  11	  20	  30	  30	  80	  70	 639	1109016	1109540	   0	 270	
 454	 454	  80	   1	 526	   2	   1	  11	  21	  30	  30	  80	  70	 502	1111350	1111876	   0	 280	
 455	 455	  30	   2	 528	   1	   1	  12	  21	  30	  30	  80	  70	 523	1113700	1114228	   0	 270	
 456	 456	  80	   3	 390	   2	   2	  12	  22	  30	  30	  80	  70	 396	1115918	1116308	   0	 270	
 457	 457	  70	   1	 465	   3	   1	  12	  22	  31	  30	  80	  70	 430	1118035	1118500	   0	 280	
 458	 458	  30	   4	 806	   1	   2	  13	  22	  31	  30	  80	  70	 492	1120302	1121108	   0	 280	
 459	 459	  70	   1	 662	   3	   1	  13	  22	  32	  30	  80	  70	 653	1123070	1123732	   0	 290	
 460	 460	  30	   1	 459	   1	   1	  14	  22	  32	  30	  80	  70	 697	1125721	1126180	   0	 300	
 461	 461	  80	   1	 391	   2	   1	  14	  23	  32	  30	  80	  70	 323	1127821	1128212	   0	 310	
 462	 462	  70	   1	 449	   3	   1	  14	  23	  33	  30	  80	  70	 445	1129955	1130404	   0	 320	
 463	 463	  30	   4	 502	   1	   2	  15	  23	  33	  30	  80	  70	 491	1132206	1132708	   0	 320	
 464	 464	  80	   1	 379	   2	   1	  15	  24	  33	  30	  80	  70	 437	1134457	1134836	   0	 330	
 465	 465	  30	   4	 563	   1	   2	  16	  24	  33	  30	  80	  70	 512	1136641	1137204	   0	 330	
 466	 466	  70	   2	 526	   3	   1	  16	  24	  34	  30	  80	  70	 648	1139158	1139684	   0	 320	
 467	 467	  80	   2	 714	   2	   1	  16	  25	  34	  30	  80	  70	 639	1141625	1142339	   0	 310	
 468	 468	  70	   1	 785	   3	   1	  16	  25	  35	  30	  80	  70	 572	1144226	1145011	   0	 320	
 469	 469	  30	   3	1240	   1	   2	  17	  25	  35	  30	  80	  70	 500	1146827	1148067	   0	 320	
 470	 470	  80	   1	 234	   2	   1	  17	  26	  35	  30	  80	  70	 584	1149961	1150195	   0	 330	
 471	 471	  30	   4	 534	   1	   2	  18	  26	  35	  30	  80	  70	 504	1152029	1152563	   0	 330	
 472	 472	  50	   4	1002	   3	   2	  18	  26	   1	  30	  80	  50	 429	1154313	1155315	   3	 330	
 473	 473	  30	   2	 392	   1	   1	  19	  26	   1	  30	  80	  50	 534	1157163	1157555	   0	 320	
 474	 474	  80	   1	 406	   2	   1	  19	  27	   1	  30	  80	  50	 329	1159181	1159587	   0	 330	
 475	 475	  30	   4	 345	   1	   2	  20	  27	   1	  30	  80	  50	 612	1161498	1161843	   0	 330	
 476	 476	  50	   3	 478	   3	   2	  20	  27	   2	  30	  80	  50	 610	1163749	1164227	   0	 330	
 477	 477	  80	   1	 414	   2	   1	  20	  28	   2	  30	  80	  50	 619	1166149	1166563	   0	 340	
 478	 478	  50	   4	 474	   3	   2	  20	  28	   3	  30	  80	  50	 333	1168217	1168691	   0	 340	
 479	 479	  80	   2	 543	   2	   1	  20	  29	   3	  30	  80	  50	 496	1170484	1171027	   0	 330	
 480	 480	  30	   4	 453	   1	   2	  21	  29	   3	  30	  80	  50	 382	1172718	1173171	   0	 330	
 481	 481	  50	   2	 523	   3	   1	  21	  29	   4	  30	  80	  50	 460	1174952	1175475	   0	 320	
 482	 482	  80	   1	 371	   2	   1	  21	  30	   4	  30	  80	  50	 354	1177136	1177507	   0	 330	
 483	 483	  50	   3	 360	   3	   2	  21	  30	   5	  30	  80	  50	 573	1179387	1179747	   0	 330	
 484	 484	  20	   1	 278	   2	   1	  21	   1	   5	  30	  20	  50	 361	1181421	1181699	   2	 340	
 485	 485	  30	   3	 584	   1	   2	  22	   1	   5	  30	  20	  50	 349	1183355	1183939	   0	 340	
 486	 486	  20	   2	 332	   2	   1	  22	   2	   5	  30	  20	  50	 387	1185639	1185971	   0	 330	
 487	 487	  50	   1	 289	   3	   1	  22	   2	   6	  30	  20	  50	 615	1187906	1188195	   0	 340	
 488	 488	  20	   4	 584	   2	   2	  22	   3	   6	  30	  20	  50	 620	1190123	1190707	   0	 340	
 489	 489	  30	   1	 362	   1	   1	  23	   3	   6	  30	  20	  50	 419	1192441	1192803	   0	 350	
 490	 490	  50	   3	 919	   3	   2	  23	   3	   7	  30	  20	  50	 407	1194508	1195427	   0	 350	
 491	 491	  30	   4	 820	   1	   2	  24	   3	   7	  30	  20	  50	 626	1197375	1198195	   0	 350	
 492	 492	  50	   1	 394	   3	   1	  24	   3	   8	  30	  20	  50	 487	1199993	1200387	   0	 360	
 493	 493	  20	   1	 386	   2	   1	  24	   4	   8	  30	  20	  50	 496	1202177	1202563	   0	 370	
 494	 494	  50	   2	 655	   3	   1	  24	   4	   9	  30	  20	  50	 358	1204228	1204883	   0	 360	
 495	 495	  30	   4	 437	   1	   2	  25	   4	   9	  30	  20	  50	 677	1206862	1207299	   0	 360	
 496	 496	  20	   2	 604	   2	   1	  25	   5	   9	  30	  20	  50	 467	1209079	1209683	   0	 350	
 497	 497	  50	   2	 582	   3	   1	  25	   5	  10	  30	  20	  50	 623	1211613	1212195	   0	 340	
 498	 498	  30	   4	 416	   1	   2	  26	   5	  10	  30	  20	  50	 633	1214147	1214563	   0	 340	
 499	 499	  50	   3	 589	   3	   2	  26	   5	  11	  30	  20	  50	 332	1216214	1216803	   0	 340	
 500	 500	  30	   4	 421	   1	   2	  27	   5	  11	  30	  20	  50	 659	1218765	1219186	   0	 340	
 501	 501	  50	   2	 311	   3	   1	  27	   5	  12	  30	  20	  50	 567	1221083	1221394	   0	 330	
 502	 502	  20	   2	 395	   2	   1	  27	   6	  12	  30	  20	  50	 679	1223367	1223762	   0	 320	
 503	 503	  30	   3	 349	   1	   2	  28	   6	  12	  30	  20	  50	 638	1225701	1226050	   0	 320	
 504	 504	  50	   1	 438	   3	   1	  28	   6	  13	  30	  20	  50	 514	1227868	1228306	   0	 330	
 505	 505	  30	   2	 635	   1	   1	  29	   6	  13	  30	  20	  50	 502	1230119	1230754	   0	 320	
 506	 506	  20	   4	 763	   2	   2	  29	   7	  13	  30	  20	  50	 462	1232519	1233282	   0	 320	
 507	 507	  50	   3	 617	   3	   2	  29	   7	  14	  30	  20	  50	 374	1234953	1235570	   0	 320	
 508	 508	  20	   2	 350	   2	   1	  29	   8	  14	  30	  20	  50	 318	1237204	1237554	   0	 310	
 509	 509	  50	   2	 344	   3	   1	  29	   8	  15	  30	  20	  50	 473	1239338	1239682	   0	 300	
 510	 510	  30	   4	 322	   1	   2	  30	   8	  15	  30	  20	  50	 484	1241472	1241794	   0	 300	
 511	 511	  50	   2	 220	   3	   1	  30	   8	  16	  30	  20	  50	 495	1243606	1243826	   0	 290	
 512	 512	  30	   2	 358	   1	   1	  31	   8	  16	  30	  20	  50	 607	1245740	1246098	   0	 280	
 513	 513	  20	   4	 575	   2	   2	  31	   9	  16	  30	  20	  50	 510	1247907	1248482	   0	 280	
 514	 514	  30	   4	 620	   1	   2	  32	   9	  16	  30	  20	  50	 567	1250358	1250978	   0	 280	
 515	 515	  50	   1	 631	   3	   1	  32	   9	  17	  30	  20	  50	 568	1252859	1253490	   0	 290	
 516	 516	  30	   2	 424	   1	   1	  33	   9	  17	  30	  20	  50	 416	1255226	1255650	   0	 280	
 517	 517	  20	   4	 394	   2	   2	  33	  10	  17	  30	  20	  50	 593	1257544	1257938	   0	 280	
 518	 518	  50	   4	 286	   3	   2	  33	  10	  18	  30	  20	  50	 607	1259844	1260130	   0	 280	
 519	 519	  20	   2	 432	   2	   1	  33	  11	  18	  30	  20	  50	 318	1261762	1262194	   0	 270	
 520	 520	  80	   2	 558	   1	   1	   1	  11	  18	  80	  20	  50	 658	1264196	1264754	   1	 260	
 521	 521	  20	   4	 348	   2	   2	   1	  12	  18	  80	  20	  50	 570	1266646	1266994	   0	 260	
 522	 522	  50	   3	 332	   3	   2	   1	  12	  19	  80	  20	  50	 328	1268630	1268962	   0	 260	
 523	 523	  80	   1	 293	   1	   1	   2	  12	  19	  80	  20	  50	 508	1270781	1271074	   0	 270	
 524	 524	  50	   4	 669	   3	   2	   2	  12	  20	  80	  20	  50	 586	1272965	1273634	   0	 270	
 525	 525	  80	   1	 762	   1	   1	   3	  12	  20	  80	  20	  50	 468	1275416	1276178	   0	 280	
 526	 526	  50	   2	 541	   3	   1	   3	  12	  21	  80	  20	  50	 653	1278133	1278674	   0	 270	
 527	 527	  80	   2	 654	   1	   1	   4	  12	  21	  80	  20	  50	 527	1280500	1281154	   0	 260	
 528	 528	  50	   4	 788	   3	   2	   4	  12	  22	  80	  20	  50	 663	1283118	1283906	   0	 260	
 529	 529	  80	   3	 618	   1	   2	   5	  12	  22	  80	  20	  50	 547	1285752	1286370	   0	 260	
 530	 530	  50	   3	1268	   3	   2	   5	  12	  23	  80	  20	  50	 600	1288286	1289554	   0	 260	
 531	 531	  80	   3	 470	   1	   2	   6	  12	  23	  80	  20	  50	 540	1291420	1291890	   0	 260	
 532	 532	  50	   1	 380	   3	   1	   6	  12	  24	  80	  20	  50	 435	1293638	1294018	   0	 270	
 533	 533	  80	   1	 349	   1	   1	   7	  12	  24	  80	  20	  50	 693	1296005	1296354	   0	 280	
 534	 534	  20	   2	 548	   2	   1	   7	  13	  24	  80	  20	  50	 541	1298206	1298754	   0	 270	
 535	 535	  50	   1	 441	   3	   1	   7	  13	  25	  80	  20	  50	 408	1300473	1300914	   0	 280	
 536	 536	  20	   3	 592	   2	   2	   7	  14	  25	  80	  20	  50	 444	1302657	1303249	   0	 280	
 537	 537	  80	   1	 686	   1	   1	   8	  14	  25	  80	  20	  50	 526	1305075	1305761	   0	 290	
 538	 538	  50	   1	1127	   3	   1	   8	  14	  26	  80	  20	  50	 577	1307642	1308769	   0	 300	
 539	 539	  20	   4	 584	   2	   2	   8	  15	  26	  80	  20	  50	 346	1310409	1310993	   0	 300	
 540	 540	  50	   2	 727	   3	   1	   8	  15	  27	  80	  20	  50	 506	1312810	1313537	   0	 290	
 541	 541	  20	   3	 803	   2	   2	   8	  16	  27	  80	  20	  50	 435	1315294	1316097	   0	 290	
 542	 542	  50	   2	1725	   3	   1	   8	  16	  28	  80	  20	  50	 420	1317828	1319553	   0	 280	
 543	 543	  20	   2	 258	   2	   1	   8	  17	  28	  80	  20	  50	 428	1321279	1321537	   0	 270	
 544	 544	  80	   3	 314	   1	   2	   9	  17	  28	  80	  20	  50	 619	1323463	1323777	   0	 270	
 545	 545	  20	   4	 518	   2	   2	   9	  18	  28	  80	  20	  50	 460	1325547	1326065	   0	 270	
 546	 546	  50	   3	 492	   3	   2	   9	  18	  29	  80	  20	  50	 408	1327781	1328273	   0	 270	
 547	 547	  20	   4	 564	   2	   2	   9	  19	  29	  80	  20	  50	 384	1329965	1330529	   0	 270	
 548	 548	  80	   1	 307	   1	   1	  10	  19	  29	  80	  20	  50	 520	1332366	1332673	   0	 280	
 549	 549	  50	   2	 589	   3	   1	  10	  19	  30	  80	  20	  50	 523	1334500	1335089	   0	 270	
 550	 550	  20	   4	 433	   2	   2	  10	  20	  30	  80	  20	  50	 396	1336784	1337217	   0	 270	
 551	 551	  80	   1	 489	   1	   1	  11	  20	  30	  80	  20	  50	 423	1338968	1339457	   0	 280	
 552	 552	  20	   4	 525	   2	   2	  11	  21	  30	  80	  20	  50	 487	1341252	1341777	   0	 280	
 553	 553	  80	   1	 501	   1	   1	  12	  21	  30	  80	  20	  50	 356	1343436	1343937	   0	 290	
 554	 554	  50	   3	 583	   3	   2	  12	  21	  31	  80	  20	  50	 526	1345770	1346353	   0	 290	
 555	 555	  20	   1	 440	   2	   1	  12	  22	  31	  80	  20	  50	 462	1348121	1348561	   0	 300	
 556	 556	  50	   4	 618	   3	   2	  12	  22	  32	  80	  20	  50	 604	1350471	1351089	   0	 300	
 557	 557	  80	   1	 481	   1	   1	  13	  22	  32	  80	  20	  50	 665	1353072	1353553	   0	 310	
 558	 558	  50	   2	 567	   3	   1	  13	  22	  33	  80	  20	  50	 415	1355290	1355857	   0	 300	
 559	 559	  80	   4	 415	   1	   2	  14	  22	  33	  80	  20	  50	 318	1357490	1357905	   0	 300	
 560	 560	  30	   4	 394	   3	   2	  14	  22	   1	  80	  20	  30	 331	1359591	1359985	   3	 300	
 561	 561	  80	   1	 231	   1	   1	  15	  22	   1	  80	  20	  30	 337	1361642	1361873	   0	 310	
 562	 562	  20	   4	 605	   2	   2	  15	  23	   1	  80	  20	  30	 688	1363876	1364481	   0	 310	
 563	 563	  30	   4	 701	   3	   2	  15	  23	   2	  80	  20	  30	 489	1366276	1366977	   0	 310	
 564	 564	  20	   2	 751	   2	   1	  15	  24	   2	  80	  20	  30	 305	1368594	1369345	   0	 300	
 565	 565	  80	   2	 855	   1	   1	  16	  24	   2	  80	  20	  30	 542	1371194	1372049	   0	 290	
 566	 566	  20	   4	 484	   2	   2	  16	  25	   2	  80	  20	  30	 697	1374045	1374529	   0	 290	
 567	 567	  80	   1	 559	   1	   1	  17	  25	   2	  80	  20	  30	 303	1376146	1376705	   0	 300	
 568	 568	  30	   2	 874	   3	   1	  17	  25	   3	  80	  20	  30	 650	1378663	1379537	   0	 290	
 569	 569	  20	   4	 653	   2	   2	  17	  26	   3	  80	  20	  30	 525	1381364	1382017	   0	 290	
 570	 570	  80	   1	 572	   1	   1	  18	  26	   3	  80	  20	  30	 456	1383781	1384353	   0	 300	
 571	 571	  20	   4	 614	   2	   2	  18	  27	   3	  80	  20	  30	 665	1386682	1387296	   0	 300	
 572	 572	  80	   3	 568	   1	   2	  19	  27	   3	  80	  20	  30	 399	1389016	1389584	   0	 300	
 573	 573	  30	   4	 441	   3	   2	  19	  27	   4	  80	  20	  30	 479	1391367	1391808	   0	 300	
 574	 574	  20	   3	 618	   2	   2	  19	  28	   4	  80	  20	  30	 611	1393718	1394336	   0	 300	
 575	 575	  30	   1	 369	   3	   1	  19	  28	   5	  80	  20	  30	 676	1396319	1396688	   0	 310	
 576	 576	  20	   4	 566	   2	   2	  19	  29	   5	  80	  20	  30	 595	1398586	1399152	   0	 310	
 577	 577	  80	   1	 576	   1	   1	  20	  29	   5	  80	  20	  30	 648	1401120	1401696	   0	 320	
 578	 578	  20	   4	 488	   2	   2	  20	  30	   5	  80	  20	  30	 303	1403304	1403792	   0	 320	
 579	 579	  30	   2	 855	   3	   1	  20	  30	   6	  80	  20	  30	 609	1405705	1406560	   0	 310	
 580	 580	  20	   4	 611	   2	   2	  20	  31	   6	  80	  20	  30	 322	1408189	1408800	   0	 310	
 581	 581	  80	   1	 774	   1	   1	  21	  31	   6	  80	  20	  30	 394	1410506	1411280	   0	 320	
 582	 582	  20	   4	 486	   2	   2	  21	  32	   6	  80	  20	  30	 688	1413274	1413760	   0	 320	
 583	 583	  30	   3	 824	   3	   2	  21	  32	   7	  80	  20	  30	 564	1415624	1416448	   0	 320	
 584	 584	  20	   2	 810	   2	   1	  21	  33	   7	  80	  20	  30	 588	1418342	1419152	   0	 310	
 585	 585	  30	   4	 846	   3	   2	  21	  33	   8	  80	  20	  30	 572	1421026	1421872	   0	 310	
 586	 586	  80	   2	 707	   1	   1	  22	  33	   8	  80	  20	  30	 522	1423693	1424400	   0	 300	
 587	 587	  30	   4	 853	   3	   2	  22	  33	   9	  80	  20	  30	 310	1426011	1426864	   0	 300	
 588	 588	  80	   1	 458	   1	   1	  23	  33	   9	  80	  20	  30	 512	1428678	1429136	   0	 310	
 589	 589	  20	   4	 454	   2	   2	  23	  34	   9	  80	  20	  30	 313	1430746	1431200	   0	 310	
 590	 590	  30	   3	 790	   3	   2	  23	  34	  10	  80	  20	  30	 640	1433146	1433936	   0	 310	
 591	 591	  80	   1	 584	   1	   1	  24	  34	  10	  80	  20	  30	 611	1435864	1436448	   0	 320	
 592	 592	  20	   4	 853	   2	   2	  24	  35	  10	  80	  20	  30	 552	1438315	1439168	   0	 320	
 593	 593	  80	   1	1341	   1	   1	  25	  35	  10	  80	  20	  30	 415	1440899	1442240	   0	 330	
 594	 594	  70	   1	 809	   2	   1	  25	   1	  10	  80	  70	  30	 617	1444183	1444992	   2	 340	
 595	 595	  80	   3	 415	   1	   2	  26	   1	  10	  80	  70	  30	 520	1446817	1447232	   0	 340	
 596	 596	  30	   4	 630	   3	   2	  26	   1	  11	  80	  70	  30	 490	1449034	1449664	   0	 340	
 597	 597	  80	   1	 360	   1	   1	  27	   1	  11	  80	  70	  30	 402	1451368	1451728	   0	 350	
 598	 598	  70	   1	 410	   2	   1	  27	   2	  11	  80	  70	  30	 676	1453702	1454112	   0	 360	
 599	 599	  80	   2	 455	   1	   1	  28	   2	  11	  80	  70	  30	 343	1455753	1456208	   0	 350	
 600	 600	  30	   4	 650	   3	   2	  28	   2	  12	  80	  70	  30	 532	1458054	1458704	   0	 350	
 601	 601	  80	   1	 635	   1	   1	  29	   2	  12	  80	  70	  30	 375	1460405	1461040	   0	 360	
 602	 602	  70	   3	 646	   2	   2	  29	   3	  12	  80	  70	  30	 570	1462922	1463568	   0	 360	
 603	 603	  30	   4	 616	   3	   2	  29	   3	  13	  80	  70	  30	 394	1465256	1465872	   0	 360	
 604	 604	  70	   1	 577	   2	   1	  29	   4	  13	  80	  70	  30	 618	1467807	1468384	   0	 370	
 605	 605	  30	   2	 570	   3	   1	  29	   4	  14	  80	  70	  30	 678	1470357	1470927	   0	 360	
 606	 606	  70	   2	 641	   2	   1	  29	   5	  14	  80	  70	  30	 321	1472558	1473199	   0	 350	
 607	 607	  30	   1	 627	   3	   1	  29	   5	  15	  80	  70	  30	 371	1474876	1475503	   0	 360	
 608	 608	  70	   3	 883	   2	   2	  29	   6	  15	  80	  70	  30	 457	1477260	1478143	   0	 360	
 609	 609	  30	   4	 383	   3	   2	  29	   6	  16	  80	  70	  30	 695	1480144	1480527	   0	 360	
 610	 610	  80	   1	 515	   1	   1	  30	   6	  16	  80	  70	  30	 601	1482444	1482959	   0	 370	
 611	 611	  70	   2	 604	   2	   1	  30	   7	  16	  80	  70	  30	 687	1484979	1485583	   0	 360	
 612	 612	  30	   4	 974	   3	   2	  30	   7	  17	  80	  70	  30	 419	1487313	1488287	   0	 360	
 613	 613	  70	   3	 930	   2	   2	  30	   8	  17	  80	  70	  30	 408	1489997	1490927	   0	 360	
 614	 614	  50	   2	 413	   1	   1	   1	   8	  17	  50	  70	  30	 643	1492898	1493311	   1	 350	
 615	 615	  70	   3	1107	   2	   2	   1	   9	  17	  50	  70	  30	 519	1495148	1496255	   0	 350	
 616	 616	  30	   2	1234	   3	   1	   1	   9	  18	  50	  70	  30	 390	1497949	1499183	   0	 340	
 617	 617	  50	   2	 440	   1	   1	   2	   9	  18	  50	  70	  30	 493	1500983	1501423	   0	 330	
 618	 618	  30	   3	 828	   3	   2	   2	   9	  19	  50	  70	  30	 524	1503251	1504079	   0	 330	
 619	 619	  70	   2	1176	   2	   1	   2	  10	  19	  50	  70	  30	 366	1505751	1506927	   0	 320	
 620	 620	  30	   3	 614	   3	   2	   2	  10	  20	  50	  70	  30	 337	1508569	1509183	   0	 320	
 621	 621	  70	   3	 447	   2	   2	   2	  11	  20	  50	  70	  30	 624	1511136	1511583	   0	 320	
 622	 622	  50	   4	 519	   1	   2	   3	  11	  20	  50	  70	  30	 418	1513304	1513823	   0	 320	
 623	 623	  70	   1	 623	   2	   1	   3	  12	  20	  50	  70	  30	 366	1515504	1516127	   0	 330	
 624	 624	  50	   3	 579	   1	   2	   4	  12	  20	  50	  70	  30	 337	1517772	1518351	   0	 330	
 625	 625	  30	   3	 700	   3	   2	   4	  12	  21	  50	  70	  30	 693	1520339	1521039	   0	 330	
 626	 626	  70	   1	 679	   2	   1	   4	  13	  21	  50	  70	  30	 492	1522840	1523519	   0	 340	
 627	 627	  50	   3	 774	   1	   2	   5	  13	  21	  50	  70	  30	 447	1525257	1526031	   0	 340	
 628	 628	  30	   4	 594	   3	   2	   5	  13	  22	  50	  70	  30	 382	1527725	1528319	   0	 340	
 629	 629	  50	   2	 394	   1	   1	   6	  13	  22	  50	  70	  30	 682	1530309	1530703	   0	 330	
 630	 630	  70	   1	 709	   2	   1	   6	  14	  22	  50	  70	  30	 419	1532426	1533135	   0	 340	
 631	 631	  30	   4	 480	   3	   2	   6	  14	  23	  50	  70	  30	 434	1536127	1536607	   0	 340	
 632	 632	  50	   1	 350	   1	   1	   7	  14	  23	  50	  70	  30	 651	1538561	1538911	   0	 350	
 633	 633	  70	   4	1234	   2	   2	   7	  15	  23	  50	  70	  30	 623	1540845	1542079	   0	 350	
 634	 634	  30	   2	 605	   3	   1	   7	  15	  24	  50	  70	  30	 357	1543746	1544351	   0	 340	
 635	 635	  50	   3	 789	   1	   2	   8	  15	  24	  50	  70	  30	 664	1546314	1547103	   0	 340	
 636	 636	  30	   4	 755	   3	   2	   8	  15	  25	  50	  70	  30	 339	1548748	1549503	   0	 340	
 637	 637	  50	   1	 933	   1	   1	   9	  15	  25	  50	  70	  30	 668	1551482	1552415	   0	 350	
 638	 638	  30	   4	 699	   3	   2	   9	  15	  26	  50	  70	  30	 375	1554099	1554798	   0	 350	
 639	 639	  70	   1	 677	   2	   1	   9	  16	  26	  50	  70	  30	 508	1556617	1557294	   0	 360	
 640	 640	  50	   4	 777	   1	   2	  10	  16	  26	  50	  70	  30	 303	1558901	1559678	   0	 360	
 641	 641	  70	   1	 422	   2	   1	  10	  17	  26	  50	  70	  30	 365	1561368	1561790	   0	 370	
 642	 642	  30	   3	 623	   3	   2	  10	  17	  27	  50	  70	  30	 446	1563535	1564158	   0	 370	
 643	 643	  50	   1	 425	   1	   1	  11	  17	  27	  50	  70	  30	 594	1566053	1566478	   0	 380	
 644	 644	  70	   3	 832	   2	   2	  11	  18	  27	  50	  70	  30	 465	1568254	1569086	   0	 380	
 645	 645	  30	   2	 568	   3	   1	  11	  18	  28	  50	  70	  30	 452	1570854	1571422	   0	 370	
 646	 646	  70	   4	1056	   2	   2	  11	  19	  28	  50	  70	  30	 687	1573422	1574478	   0	 370	
 647	 647	  50	   4	 745	   1	   2	  12	  19	  28	  50	  70	  30	 601	1576389	1577134	   0	 370	
 648	 648	  30	   2	1116	   3	   1	  12	  19	  29	  50	  70	  30	 649	1579090	1580206	   0	 360	
 649	 649	  50	   4	 917	   1	   2	  13	  19	  29	  50	  70	  30	 524	1582041	1582958	   0	 360	
 650	 650	  30	   1	 383	   3	   1	  13	  19	  30	  50	  70	  30	 682	1584959	1585342	   0	 370	
 651	 651	  70	   2	 723	   2	   1	  13	  20	  30	  50	  70	  30	 567	1587243	1587966	   0	 360	
 652	 652	  30	   4	 563	   3	   2	  13	  20	   1	  50	  70	  30	 370	1589643	1590206	   0	 360	
 653	 653	  50	   3	 669	   1	   2	  14	  20	   1	  50	  70	  30	 652	1592161	1592830	   0	 360	
 654	 654	  70	   2	 424	   2	   1	  14	  21	   1	  50	  70	  30	 538	1594678	1595102	   0	 350	
 655	 655	  50	   3	 719	   1	   2	  15	  21	   1	  50	  70	  30	 472	1596879	1597598	   0	 350	
 656	 656	  70	   1	 562	   2	   1	  15	  22	   1	  50	  70	  30	 687	1599596	1600158	   0	 360	
 657	 657	  30	   2	 458	   3	   1	  15	  22	   2	  50	  70	  30	 319	1601780	1602238	   0	 350	
 658	 658	  50	   2	 521	   1	   1	  16	  22	   2	  50	  70	  30	 646	1604181	1604702	   0	 340	
 659	 659	  30	   4	 688	   3	   2	  16	  22	   3	  50	  70	  30	 372	1606382	1607070	   0	 340	
 660	 660	  70	   1	 804	   2	   1	  16	  23	   3	  50	  70	  30	 681	1609066	1609870	   0	 350	
 661	 661	  30	   4	 609	   3	   2	  16	  23	   4	  50	  70	  30	 335	1611533	1612142	   0	 350	
 662	 662	  70	   1	 402	   2	   1	  16	  24	   4	  50	  70	  30	 442	1613884	1614286	   0	 360	
 663	 663	  30	   1	 635	   3	   1	  16	  24	   5	  50	  70	  30	 456	1616051	1616686	   0	 370	
 664	 664	  70	   3	 355	   2	   2	  16	  25	   5	  50	  70	  30	 636	1618635	1618990	   0	 370	
 665	 665	  50	   1	 707	   1	   1	  17	  25	   5	  50	  70	  30	 307	1620603	1621310	   0	 380	
 666	 666	  30	   2	 971	   3	   1	  17	  25	   6	  50	  70	  30	 581	1623203	1624174	   0	 370	
 667	 667	  70	   3	 580	   2	   2	  17	  26	   6	  50	  70	  30	 670	1626154	1626734	   0	 370	
 668	 668	  30	   1	 515	   3	   1	  17	  26	   7	  50	  70	  30	 521	1628555	1629070	   0	 380	
 669	 669	  50	   4	 784	   1	   2	  18	  26	   7	  50	  70	  30	 641	1631022	1631806	   0	 380	
 670	 670	  70	   2	 725	   2	   1	  18	  27	   7	  50	  70	  30	 538	1633657	1634382	   0	 370	
 671	 671	  50	   3	1123	   1	   2	  19	  27	   7	  50	  70	  30	 381	1636091	1637214	   0	 370	
 672	 672	  30	   4	 728	   3	   2	  19	  27	   8	  50	  70	  30	 607	1639125	1639853	   0	 370	
 673	 673	  70	   3	1382	   2	   2	  19	  28	   8	  50	  70	  30	 413	1641559	1642941	   0	 370	
 674	 674	  30	   4	 560	   3	   2	  19	  28	   9	  50	  70	  30	 618	1644877	1645437	   0	 370	
 675	 675	  50	   2	1496	   1	   1	  20	  28	   9	  50	  70	  30	 317	1647061	1648557	   0	 360	
 676	 676	  70	   3	 554	   2	   2	  20	  29	   9	  50	  70	  30	 334	1650195	1650749	   0	 360	
 677	 677	  30	   3	 548	   3	   2	  20	  29	  10	  50	  70	  30	 675	1652729	1653277	   0	 360	
 678	 678	  50	   1	1329	   1	   1	  21	  29	  10	  50	  70	  30	 600	1655196	1656525	   0	 370	
 679	 679	  70	   2	 474	   2	   1	  21	  30	  10	  50	  70	  30	 313	1658131	1658605	   0	 360	
 680	 680	  50	   3	 120	   1	   2	  22	  30	  10	  50	  70	  30	 662	1660565	1660685	   0	 360	
 681	 681	  30	   4	 761	   3	   2	  22	  30	  11	  50	  70	  30	 518	1662532	1663293	   0	 360	
 682	 682	  50	   1	1595	   1	   1	  23	  30	  11	  50	  70	  30	 675	1665266	1666861	   0	 370	
 683	 683	  30	   4	 783	   3	   2	  23	  30	  12	  50	  70	  30	 597	1668750	1669533	   0	 370	
 684	 684	  50	   2	1138	   1	   1	  24	  30	  12	  50	  70	  30	 605	1671451	1672589	   0	 360	
 685	 685	  70	   1	 554	   2	   1	  24	  31	  12	  50	  70	  30	 542	1674435	1674989	   0	 370	
 686	 686	  50	   2	1545	   1	   1	  25	  31	  12	  50	  70	  30	 535	1676836	1678381	   0	 360	
 687	 687	  70	   1	 835	   2	   1	  25	  32	  12	  50	  70	  30	 471	1680154	1680989	   0	 370	
 688	 688	  50	   4	 644	   1	   2	  26	  32	  12	  50	  70	  30	 621	1682921	1683565	   0	 370	
 689	 689	  30	   4	 615	   3	   2	  26	  32	  13	  50	  70	  30	 348	1685222	1685837	   0	 370	
 690	 690	  50	   4	 704	   1	   2	  27	  32	  13	  50	  70	  30	 615	1687773	1688477	   0	 370	
 691	 691	  30	   4	 783	   3	   2	  27	  32	  14	  50	  70	  30	 393	1690190	1690973	   0	 370	
 692	 692	  70	   1	1469	   2	   1	  27	  33	  14	  50	  70	  30	 343	1692624	1694093	   0	 380	
 693	 693	  30	   3	 628	   3	   2	  27	  33	  15	  50	  70	  30	 624	1696025	1696653	   0	 380	
 694	 694	  50	   1	1057	   1	   1	  28	  33	  15	  50	  70	  30	 523	1698476	1699533	   0	 390	
NaN	 695	  70	NaN	NaN	   2	   3	  28	  33	  15	  50	  70	  30	 307	1698476	NaN	   0	 390	
 695	 696	  30	   2	 388	   3	   1	  28	  33	  16	  50	  70	  30	 333	1704761	1705149	   0	 380	
 696	 697	  50	   4	 284	   1	   2	  29	  33	  16	  50	  70	  30	 496	1706945	1707229	   0	 380	
 697	 698	  30	   2	 224	   3	   1	  29	  33	  17	  50	  70	  30	 692	1709229	1709453	   0	 370	
 698	 699	  50	   3	  92	   1	   2	  30	  33	  17	  50	  70	  30	 531	1711297	1711389	   0	 370	
 699	 700	  30	   4	 427	   3	   2	  30	  33	  18	  50	  70	  30	 630	1713314	1713741	   0	 370	
 700	 701	  70	   2	 583	   2	   1	  30	  34	  18	  50	  70	  30	 370	1715414	1715997	   0	 360	
 701	 702	  30	   3	 439	   3	   2	  30	  34	  19	  50	  70	  30	 466	1717798	1718237	   0	 360	
 702	 703	  50	   4	 599	   1	   2	  31	  34	  19	  50	  70	  30	 614	1720149	1720748	   0	 360	
 703	 704	  30	   3	 575	   3	   2	  31	  34	  20	  50	  70	  30	 655	1722717	1723292	   0	 360	
 704	 705	  50	   4	 641	   1	   2	  32	  34	  20	  50	  70	  30	 462	1725051	1725692	   0	 360	
 705	 706	  70	   1	 413	   2	   1	  32	  35	  20	  50	  70	  30	 536	1727535	1727948	   0	 370	
 706	 707	  50	   3	 625	   1	   2	  33	  35	  20	  50	  70	  30	 578	1729835	1730460	   0	 370	
 707	 708	  30	   1	 912	   3	   1	  33	  35	  21	  50	  70	  30	 471	1732236	1733148	   0	 380	
 708	 709	  50	   4	 660	   1	   2	   1	  35	  21	  50	  70	  30	 470	1734920	1735580	   0	 380	
 709	 710	  30	   4	 656	   3	   2	   1	  35	  22	  50	  70	  30	 520	1737404	1738060	   0	 380	
 710	 711	  70	   1	 609	   2	   1	   1	   1	  22	  50	  70	  30	 385	1739755	1740364	   0	 390	
