Version: 1	Number of symbols: 3	Pictures exchange: true	Response Deadline: 2000
Trial_No	Virt_Trial_No	Prob_Shown	Feedback	RT	Stimulus_No	Resp	SymbolA_Stage	SymbolB_Stage	SymbolC_Stage	Prob_A	Prob_B	Prob_C	Jitter	StimOnset	RespOnset	Symbol_Changes	Bonus_sum
   1	   1	  30	   4	1248	   1	   2	   1	   0	   0	  30	  70	  50	 328	1546	2794	   0	   0	
   2	   2	  50	   4	1200	   3	   2	   1	   0	   1	  30	  70	  50	 598	4666	5866	   0	   0	
   3	   3	  30	   4	1688	   1	   2	   2	   0	   1	  30	  70	  50	 592	7746	9434	   0	   0	
   4	   4	  50	   3	1187	   3	   2	   2	   0	   2	  30	  70	  50	 529	11239	12426	   0	   0	
   5	   5	  70	   3	1182	   2	   2	   2	   1	   2	  30	  70	  50	 696	14412	15594	   0	   0	
   6	   6	  30	   4	 950	   1	   2	   3	   1	   2	  30	  70	  50	 382	17252	18202	   0	   0	
   7	   7	  50	   2	 640	   3	   1	   3	   1	   3	  30	  70	  50	 538	20026	20666	   0	 -10	
   8	   8	  70	   1	1590	   2	   1	   3	   2	   3	  30	  70	  50	 336	22292	23882	   0	   0	
NaN	   9	  50	NaN	NaN	   3	   3	   3	   2	   3	  30	  70	  50	 628	22292	NaN	   0	   0	
   9	  10	  30	   3	 653	   1	   2	   4	   2	   3	  30	  70	  50	 400	29452	30105	   0	   0	
  10	  11	  50	   4	 781	   3	   2	   4	   2	   4	  30	  70	  50	 624	32012	32793	   0	   0	
  11	  12	  70	   1	 413	   2	   1	   4	   3	   4	  30	  70	  50	 489	34572	34985	   0	  10	
  12	  13	  50	   1	 776	   3	   1	   4	   3	   5	  30	  70	  50	 433	36705	37481	   0	  20	
  13	  14	  70	   2	 757	   2	   1	   4	   4	   5	  30	  70	  50	 412	39172	39929	   0	  10	
  14	  15	  50	   4	1427	   3	   2	   4	   4	   6	  30	  70	  50	 435	41638	43065	   0	  10	
  15	  16	  30	   3	 416	   1	   2	   5	   4	   6	  30	  70	  50	 552	44905	45321	   0	  10	
  16	  17	  70	   2	 720	   2	   1	   5	   5	   6	  30	  70	  50	 460	47065	47785	   0	   0	
  17	  18	  50	   1	 734	   3	   1	   5	   5	   7	  30	  70	  50	 617	49691	50425	   0	  10	
  18	  19	  70	   1	 718	   2	   1	   5	   6	   7	  30	  70	  50	 621	52331	53049	   0	  20	
  19	  20	  30	   4	 614	   1	   2	   6	   6	   7	  30	  70	  50	 526	54851	55465	   0	  20	
  20	  21	  50	   3	 699	   3	   2	   6	   6	   8	  30	  70	  50	 612	57358	58057	   0	  20	
  21	  22	  30	   4	 603	   1	   2	   7	   6	   8	  30	  70	  50	 652	59998	60601	   0	  20	
  22	  23	  50	   2	 886	   3	   1	   7	   6	   9	  30	  70	  50	 483	62371	63257	   0	  10	
  23	  24	  30	   4	 600	   1	   2	   8	   6	   9	  30	  70	  50	 563	65104	65704	   0	  10	
  24	  25	  70	   1	 626	   2	   1	   8	   7	   9	  30	  70	  50	 407	67398	68024	   0	  20	
  25	  26	  50	   1	 840	   3	   1	   8	   7	  10	  30	  70	  50	 668	69984	70824	   0	  30	
  26	  27	  30	   4	 419	   1	   2	   9	   7	  10	  30	  70	  50	 650	72757	73176	   0	  30	
  27	  28	  50	   3	 765	   3	   2	   9	   7	  11	  30	  70	  50	 589	75051	75816	   0	  30	
  28	  29	  70	   1	 483	   2	   1	   9	   8	  11	  30	  70	  50	 541	77637	78120	   0	  40	
  29	  30	  50	   4	 605	   3	   2	   9	   8	  12	  30	  70	  50	 521	79931	80536	   0	  40	
  30	  31	  70	   1	 728	   2	   1	   9	   9	  12	  30	  70	  50	 331	82144	82872	   0	  50	
  31	  32	  50	   3	 853	   3	   2	   9	   9	  13	  30	  70	  50	 529	84691	85544	   0	  50	
  32	  33	  30	   3	 443	   1	   2	  10	   9	  13	  30	  70	  50	 365	87197	87640	   0	  50	
  33	  34	  70	   2	 403	   2	   1	  10	  10	  13	  30	  70	  50	 637	89557	89960	   0	  40	
  34	  35	  30	   4	 475	   1	   2	  11	  10	  13	  30	  70	  50	 510	91757	92232	   0	  40	
  35	  36	  70	   1	 558	   2	   1	  11	  11	  13	  30	  70	  50	 584	94090	94648	   0	  50	
  36	  37	  50	   3	 555	   3	   2	  11	  11	  14	  30	  70	  50	 396	96317	96872	   0	  50	
  37	  38	  30	   3	 486	   1	   2	  12	  11	  14	  30	  70	  50	 384	98530	99016	   0	  50	
  38	  39	  70	   2	 418	   2	   1	  12	  12	  14	  30	  70	  50	 696	100997	101415	   0	  40	
  39	  40	  30	   4	 664	   1	   2	  13	  12	  14	  30	  70	  50	 490	103183	103847	   0	  40	
  40	  41	  50	   2	 504	   3	   1	  13	  12	  15	  30	  70	  50	 699	105823	106327	   0	  30	
  41	  42	  70	   1	 400	   2	   1	  13	  13	  15	  30	  70	  50	 490	108103	108503	   0	  40	
  42	  43	  30	   4	 491	   1	   2	  14	  13	  15	  30	  70	  50	 607	110396	110887	   0	  40	
  43	  44	  70	   1	 523	   2	   1	  14	  14	  15	  30	  70	  50	 627	112796	113319	   0	  50	
  44	  45	  50	   1	 579	   3	   1	  14	  14	  16	  30	  70	  50	 632	115236	115815	   0	  60	
  45	  46	  30	   4	 389	   1	   2	  15	  14	  16	  30	  70	  50	 389	117490	117879	   0	  60	
  46	  47	  70	   1	 451	   2	   1	  15	  15	  16	  30	  70	  50	 553	119716	120167	   0	  70	
  47	  48	  30	   3	 536	   1	   2	  16	  15	  16	  30	  70	  50	 614	122063	122599	   0	  70	
  48	  49	  70	   2	 611	   2	   1	  16	  16	  16	  30	  70	  50	 394	124276	124887	   0	  60	
  49	  50	  30	   4	 526	   1	   2	  17	  16	  16	  30	  70	  50	 566	126729	127255	   0	  60	
  50	  51	  70	   1	 654	   2	   1	  17	  17	  16	  30	  70	  50	 592	129129	129783	   0	  70	
  51	  52	  30	   4	 606	   1	   2	  18	  17	  16	  30	  70	  50	 521	131609	132215	   0	  70	
  52	  53	  70	   1	 501	   2	   1	  18	  18	  16	  30	  70	  50	 627	134129	134630	   0	  80	
  53	  54	  30	   3	 512	   1	   2	  19	  18	  16	  30	  70	  50	 352	136262	136774	   0	  80	
  54	  55	  70	   2	 464	   2	   1	  19	  19	  16	  30	  70	  50	 681	138742	139206	   0	  70	
  55	  56	  50	   4	 749	   3	   2	  19	  19	  17	  30	  70	  50	 408	140889	141638	   0	  70	
  56	  57	  30	   4	 522	   1	   2	  20	  19	  17	  30	  70	  50	 667	143596	144118	   0	  70	
  57	  58	  70	   1	 419	   2	   1	  20	  20	  17	  30	  70	  50	 474	145875	146294	   0	  80	
  58	  59	  50	   4	 581	   3	   2	  20	  20	  18	  30	  70	  50	 315	147889	148470	   0	  80	
  59	  60	  30	   4	 405	   1	   2	  21	  20	  18	  30	  70	  50	 464	150209	150614	   0	  80	
  60	  61	  50	   3	 592	   3	   2	  21	  20	  19	  30	  70	  50	 606	152502	153094	   0	  80	
  61	  62	  70	   1	 507	   2	   1	  21	  21	  19	  30	  70	  50	 643	155035	155542	   0	  90	
  62	  63	  50	   4	 627	   3	   2	  21	  21	  20	  30	  70	  50	 563	157395	158022	   0	  90	
  63	  64	  70	   2	 635	   2	   1	  21	  22	  20	  30	  70	  50	 520	159835	160470	   0	  80	
  64	  65	  50	   4	 568	   3	   2	  21	  22	  21	  30	  70	  50	 471	162222	162790	   0	  80	
  65	  66	  30	   3	 411	   1	   2	  22	  22	  21	  30	  70	  50	 648	164715	165126	   0	  80	
  66	  67	  70	   1	 486	   2	   1	  22	  23	  21	  30	  70	  50	 526	166928	167414	   0	  90	
  67	  68	  30	   4	 539	   1	   2	  23	  23	  21	  30	  70	  50	 502	169195	169734	   0	  90	
  68	  69	  50	   3	 432	   3	   2	  23	  23	  22	  30	  70	  50	 532	171541	171973	   0	  90	
  69	  70	  70	   1	 501	   2	   1	  23	  24	  22	  30	  70	  50	 635	173888	174389	   0	 100	
  70	  71	  50	   2	 802	   3	   1	  23	  24	  23	  30	  70	  50	 601	176275	177077	   0	  90	
  71	  72	  70	   3	 426	   2	   2	  23	  25	  23	  30	  70	  50	 493	178875	179301	   0	  90	
  72	  73	  50	   4	1464	   3	   2	  23	  25	  24	  30	  70	  50	 431	181021	182485	   0	  90	
  73	  74	  70	   2	 560	   2	   1	  23	  26	  24	  30	  70	  50	 337	184101	184661	   0	  80	
  74	  75	  50	   1	 944	   3	   1	  23	  26	  25	  30	  70	  50	 318	186261	187205	   0	  90	
  75	  76	  70	   1	 552	   2	   1	  23	  27	  25	  30	  70	  50	 696	189181	189733	   0	 100	
  76	  77	  50	   4	 707	   3	   2	  23	  27	  26	  30	  70	  50	 699	191714	192421	   0	 100	
  77	  78	  70	   1	 544	   2	   1	  23	  28	  26	  30	  70	  50	 387	194101	194645	   0	 110	
  78	  79	  50	   3	 627	   3	   2	  23	  28	  27	  30	  70	  50	 591	196514	197141	   0	 110	
  79	  80	  30	   4	 528	   1	   2	  24	  28	  27	  30	  70	  50	 314	198741	199269	   0	 110	
  80	  81	  70	   2	 475	   2	   1	  24	  29	  27	  30	  70	  50	 642	201194	201669	   0	 100	
  81	  82	  30	   4	 584	   1	   2	  25	  29	  27	  30	  70	  50	 693	203661	204245	   0	 100	
  82	  83	  50	   3	 683	   3	   2	  25	  29	  28	  30	  70	  50	 470	205994	206677	   0	 100	
  83	  84	  30	   3	 512	   1	   2	  26	  29	  28	  30	  70	  50	 460	208420	208932	   0	 100	
  84	  85	  70	   1	 626	   2	   1	  26	  30	  28	  30	  70	  50	 625	210834	211460	   0	 110	
  85	  86	  50	   4	 696	   3	   2	  26	  30	  29	  30	  70	  50	 666	213420	214116	   0	 110	
  86	  87	  70	   1	 544	   2	   1	  26	  31	  29	  30	  70	  50	 698	216100	216644	   0	 120	
  87	  88	  50	   3	 608	   3	   2	  26	  31	  30	  30	  70	  50	 342	218260	218868	   0	 120	
  88	  89	  30	   4	 592	   1	   2	  27	  31	  30	  30	  70	  50	 508	220660	221252	   0	 120	
  89	  90	  70	   2	 416	   2	   1	  27	  32	  30	  30	  70	  50	 366	222900	223316	   0	 110	
  90	  91	  30	   4	1133	   3	   2	  27	  32	   1	  30	  70	  30	 493	225127	226260	   3	 110	
  91	  92	  70	   1	 643	   2	   1	  27	  33	   1	  30	  70	  30	 392	227953	228596	   0	 120	
  92	  93	  30	   4	 520	   1	   2	  28	  33	   1	  30	  70	  30	 493	230380	230900	   0	 120	
  93	  94	  30	   3	 822	   3	   2	  28	  33	   2	  30	  70	  30	 502	232686	233508	   0	 120	
  94	  95	  30	   3	 766	   1	   2	  29	  33	   2	  30	  70	  30	 343	235126	235892	   0	 120	
  95	  96	  20	   4	 934	   2	   2	  29	   1	   2	  30	  20	  30	 359	237566	238500	   2	 120	
  96	  97	  30	   4	 568	   1	   2	  30	   1	   2	  30	  20	  30	 666	240460	241028	   0	 120	
  97	  98	  30	   4	1560	   3	   2	  30	   1	   3	  30	  20	  30	 318	242619	244179	   0	 120	
  98	  99	  30	   4	1274	   1	   2	  31	   1	   3	  30	  20	  30	 441	245913	247187	   0	 120	
  99	 100	  30	   4	 840	   3	   2	  31	   1	   4	  30	  20	  30	 308	248779	249619	   0	 120	
 100	 101	  20	   4	 912	   2	   2	  31	   2	   4	  30	  20	  30	 392	251299	252211	   0	 120	
 101	 102	  30	   3	 477	   1	   2	  32	   2	   4	  30	  20	  30	 580	254086	254563	   0	 120	
 102	 103	  20	   3	 720	   2	   2	  32	   3	   4	  30	  20	  30	 417	256259	256979	   0	 120	
 103	 104	  30	   4	 552	   3	   2	  32	   3	   5	  30	  20	  30	 594	258859	259411	   0	 120	
 104	 105	  20	   4	 907	   2	   2	  32	   4	   5	  30	  20	  30	 653	261352	262259	   0	 120	
 105	 106	  30	   3	 677	   3	   2	  32	   4	   6	  30	  20	  30	 504	264046	264723	   0	 120	
 106	 107	  20	   4	 488	   2	   2	  32	   5	   6	  30	  20	  30	 543	266539	267027	   0	 120	
 107	 108	  30	   4	 803	   3	   2	  32	   5	   7	  30	  20	  30	 367	268672	269475	   0	 120	
 108	 109	  20	   3	 595	   2	   2	  32	   6	   7	  30	  20	  30	 394	271152	271747	   0	 120	
 109	 110	  30	   4	 510	   1	   2	  33	   6	   7	  30	  20	  30	 413	273445	273955	   0	 120	
 110	 111	  30	   4	 478	   3	   2	  33	   6	   8	  30	  20	  30	 681	275925	276403	   0	 120	
 111	 112	  20	   4	 384	   2	   2	  33	   7	   8	  30	  20	  30	 482	278178	278562	   0	 120	
 112	 113	  30	   4	 482	   3	   2	  33	   7	   9	  30	  20	  30	 516	280352	280834	   0	 120	
 113	 114	  30	   4	 418	   1	   2	  34	   7	   9	  30	  20	  30	 548	282672	283090	   0	 120	
 114	 115	  30	   3	 448	   3	   2	  34	   7	  10	  30	  20	  30	 441	284818	285266	   0	 120	
 115	 116	  30	   4	 405	   1	   2	  35	   7	  10	  30	  20	  30	 379	286925	287330	   0	 120	
 116	 117	  30	   3	 424	   3	   2	  35	   7	  11	  30	  20	  30	 650	289258	289682	   0	 120	
 117	 118	  80	   3	 957	   1	   2	   1	   7	  11	  80	  20	  30	 532	291525	292482	   1	 120	
 118	 119	  30	   4	 648	   3	   2	   1	   7	  12	  80	  20	  30	 545	294298	294946	   0	 120	
 119	 120	  20	   4	 539	   2	   2	   1	   8	  12	  80	  20	  30	 406	296631	297170	   0	 120	
 120	 121	  80	   1	 480	   1	   1	   2	   8	  12	  80	  20	  30	 529	298978	299458	   0	 130	
 121	 122	  30	   4	 606	   3	   2	   2	   8	  13	  80	  20	  30	 689	301444	302050	   0	 130	
 122	 123	  80	   2	 678	   1	   1	   3	   8	  13	  80	  20	  30	 627	303964	304642	   0	 120	
 123	 124	  30	   4	 662	   3	   2	   3	   8	  14	  80	  20	  30	 684	306604	307266	   0	 120	
 124	 125	  80	   1	 438	   1	   1	   4	   8	  14	  80	  20	  30	 697	309244	309682	   0	 130	
 125	 126	  30	   3	 598	   3	   2	   4	   8	  15	  80	  20	  30	 690	311644	312242	   0	 130	
 126	 127	  80	   1	 594	   1	   1	   5	   8	  15	  80	  20	  30	 674	314191	314785	   0	 140	
 127	 128	  30	   4	 469	   3	   2	   5	   8	  16	  80	  20	  30	 464	316524	316993	   0	 140	
 128	 129	  20	   2	 400	   2	   1	   5	   9	  16	  80	  20	  30	 622	318897	319297	   0	 130	
 129	 130	  80	   2	 440	   1	   1	   6	   9	  16	  80	  20	  30	 351	320937	321377	   0	 120	
 130	 131	  30	   4	 589	   3	   2	   6	   9	  17	  80	  20	  30	 380	323044	323633	   0	 120	
 131	 132	  80	   1	 525	   1	   1	   7	   9	  17	  80	  20	  30	 433	325364	325889	   0	 130	
 132	 133	  30	   4	 544	   3	   2	   7	   9	  18	  80	  20	  30	 443	327617	328161	   0	 130	
 133	 134	  80	   1	 520	   1	   1	   8	   9	  18	  80	  20	  30	 698	330137	330657	   0	 140	
 134	 135	  20	   4	 659	   2	   2	   8	  10	  18	  80	  20	  30	 331	332270	332929	   0	 140	
 135	 136	  80	   1	 621	   1	   1	   9	  10	  18	  80	  20	  30	 506	334724	335345	   0	 150	
 136	 137	  20	   3	 678	   2	   2	   9	  11	  18	  80	  20	  30	 700	337323	338001	   0	 150	
 137	 138	  80	   1	 598	   1	   1	  10	  11	  18	  80	  20	  30	 522	339803	340401	   0	 160	
 138	 139	  20	   4	 622	   2	   2	  10	  12	  18	  80	  20	  30	 329	342003	342625	   0	 160	
 139	 140	  30	   3	 558	   3	   2	  10	  12	  19	  80	  20	  30	 342	344243	344801	   0	 160	
 140	 141	  80	   2	 494	   1	   1	  11	  12	  19	  80	  20	  30	 649	346723	347217	   0	 150	
 141	 142	  30	   4	 529	   3	   2	  11	  12	  20	  80	  20	  30	 456	348976	349505	   0	 150	
 142	 143	  20	   4	 520	   2	   2	  11	  13	  20	  80	  20	  30	 313	351096	351616	   0	 150	
 143	 144	  80	   1	 557	   1	   1	  12	  13	  20	  80	  20	  30	 540	353443	354000	   0	 160	
 144	 145	  30	   3	 480	   3	   2	  12	  13	  21	  80	  20	  30	 336	355616	356096	   0	 160	
 145	 146	  20	   4	 509	   2	   2	  12	  14	  21	  80	  20	  30	 693	358083	358592	   0	 160	
 146	 147	  30	   4	 997	   3	   2	  12	  14	  22	  80	  20	  30	 569	360443	361440	   0	 160	
 147	 148	  20	   4	 477	   2	   2	  12	  15	  22	  80	  20	  30	 572	363283	363760	   0	 160	
 148	 149	  80	   1	 448	   1	   1	  13	  15	  22	  80	  20	  30	 662	365696	366144	   0	 170	
 149	 150	  20	   4	 496	   2	   2	  13	  16	  22	  80	  20	  30	 347	367776	368272	   0	 170	
 150	 151	  80	   1	 640	   1	   1	  14	  16	  22	  80	  20	  30	 381	369936	370576	   0	 180	
 151	 152	  20	   4	 672	   2	   2	  14	  17	  22	  80	  20	  30	 612	372496	373168	   0	 180	
 152	 153	  30	   4	 408	   3	   2	  14	  17	  23	  80	  20	  30	 563	375016	375424	   0	 180	
 153	 154	  20	   3	 795	   2	   2	  14	  18	  23	  80	  20	  30	 482	377189	377984	   0	 180	
 154	 155	  80	   1	 472	   1	   1	  15	  18	  23	  80	  20	  30	 306	379576	380048	   0	 190	
 155	 156	  30	   4	 467	   3	   2	  15	  18	  24	  80	  20	  30	 462	381789	382256	   0	 190	
 156	 157	  80	   1	 675	   1	   1	  16	  18	  24	  80	  20	  30	 411	383949	384624	   0	 200	
 157	 158	  20	   4	 466	   2	   2	  16	  19	  24	  80	  20	  30	 606	386509	386975	   0	 200	
 158	 159	  30	   4	 506	   3	   2	  16	  19	  25	  80	  20	  30	 371	388629	389135	   0	 200	
 159	 160	  80	   1	 418	   1	   1	  17	  19	  25	  80	  20	  30	 320	390749	391167	   0	 210	
 160	 161	  20	   4	 552	   2	   2	  17	  20	  25	  80	  20	  30	 652	393095	393647	   0	 210	
 161	 162	  30	   4	 504	   3	   2	  17	  20	  26	  80	  20	  30	 536	395495	395999	   0	 210	
 162	 163	  80	   2	 437	   1	   1	  18	  20	  26	  80	  20	  30	 523	397802	398239	   0	 200	
 163	 164	  30	   3	 469	   3	   2	  18	  20	  27	  80	  20	  30	 612	400122	400591	   0	 200	
 164	 165	  20	   4	 477	   2	   2	  18	  21	  27	  80	  20	  30	 443	402322	402799	   0	 200	
 165	 166	  30	   4	 701	   3	   2	  18	  21	  28	  80	  20	  30	 332	404402	405103	   0	 200	
 166	 167	  80	   1	 456	   1	   1	  19	  21	  28	  80	  20	  30	 310	406695	407151	   0	 210	
 167	 168	  30	   4	 563	   3	   2	  19	  21	  29	  80	  20	  30	 397	408828	409391	   0	 210	
 168	 169	  20	   4	 544	   2	   2	  19	  22	  29	  80	  20	  30	 378	411055	411599	   0	 210	
 169	 170	  30	   3	 571	   3	   2	  19	  22	  30	  80	  20	  30	 629	413508	414079	   0	 210	
 170	 171	  80	   1	 542	   1	   1	  20	  22	  30	  80	  20	  30	 407	415761	416303	   0	 220	
 171	 172	  30	   4	 640	   3	   2	  20	  22	  31	  80	  20	  30	 565	418175	418815	   0	 220	
 172	 173	  20	   3	 579	   2	   2	  20	  23	  31	  80	  20	  30	 481	420588	421167	   0	 220	
 173	 174	  80	   1	 501	   1	   1	  21	  23	  31	  80	  20	  30	 551	423001	423502	   0	 230	
 174	 175	  30	   4	 485	   3	   2	  21	  23	  32	  80	  20	  30	 376	425161	425646	   0	 230	
 175	 176	  80	   1	 482	   1	   1	  22	  23	  32	  80	  20	  30	 533	427468	427950	   0	 240	
 176	 177	  30	   4	 560	   3	   2	  22	  23	  33	  80	  20	  30	 384	429614	430174	   0	 240	
 177	 178	  80	   2	 594	   1	   1	  23	  23	  33	  80	  20	  30	 489	431948	432542	   0	 230	
 178	 179	  30	   3	 645	   3	   2	  23	  23	  34	  80	  20	  30	 621	434441	435086	   0	 230	
 179	 180	  20	   4	 819	   2	   2	  23	  24	  34	  80	  20	  30	 544	436907	437726	   0	 230	
 180	 181	  30	   4	 613	   3	   2	  23	  24	  35	  80	  20	  30	 473	439481	440094	   0	 230	
 181	 182	  20	   3	 541	   2	   2	  23	  25	  35	  80	  20	  30	 430	441841	442382	   0	 230	
 182	 183	  80	   1	 480	   1	   1	  24	  25	  35	  80	  20	  30	 517	444174	444654	   0	 240	
 183	 184	  70	   3	 920	   3	   2	  24	  25	   1	  80	  20	  70	 479	446454	447374	   3	 240	
 184	 185	  20	   4	 598	   2	   2	  24	  26	   1	  80	  20	  70	 418	449080	449678	   0	 240	
 185	 186	  70	   2	 640	   3	   1	  24	  26	   2	  80	  20	  70	 334	451294	451934	   0	 230	
 186	 187	  20	   4	 622	   2	   2	  24	  27	   2	  80	  20	  70	 697	453920	454542	   0	 230	
 187	 188	  70	   3	 678	   3	   2	  24	  27	   3	  80	  20	  70	 305	456120	456798	   0	 230	
 188	 189	  20	   4	 762	   2	   2	  24	  28	   3	  80	  20	  70	 470	458547	459309	   0	 230	
 189	 190	  80	   2	 861	   1	   1	  25	  28	   3	  80	  20	  70	 522	461120	461981	   0	 220	
 190	 191	  70	   2	 570	   3	   1	  25	  28	   4	  80	  20	  70	 646	463907	464477	   0	 210	
 191	 192	  80	   1	 658	   1	   1	  26	  28	   4	  80	  20	  70	 402	466187	466845	   0	 220	
 192	 193	  20	   4	 514	   2	   2	  26	  29	   4	  80	  20	  70	 302	468427	468941	   0	 220	
 193	 194	  70	   3	 507	   3	   2	  26	  29	   5	  80	  20	  70	 402	470626	471133	   0	 220	
 194	 195	  20	   4	 693	   2	   2	  26	  30	   5	  80	  20	  70	 581	473000	473693	   0	 220	
 195	 196	  70	   3	 480	   3	   2	  26	  30	   6	  80	  20	  70	 557	475533	476013	   0	 220	
 196	 197	  80	   1	 792	   1	   1	  27	  30	   6	  80	  20	  70	 346	477653	478445	   0	 230	
 197	 198	  50	   3	 800	   2	   2	  27	   1	   6	  80	  50	  70	 417	480173	480973	   2	 230	
 198	 199	  70	   3	1019	   3	   2	  27	   1	   7	  80	  50	  70	 612	482866	483885	   0	 230	
 199	 200	  50	   2	 888	   2	   1	  27	   2	   7	  80	  50	  70	 652	485813	486701	   0	 220	
 200	 201	  80	   1	 643	   1	   1	  28	   2	   7	  80	  50	  70	 370	488346	488989	   0	 230	
 201	 202	  70	   2	 512	   3	   1	  28	   2	   8	  80	  50	  70	 351	490653	491165	   0	 220	
 202	 203	  50	   3	1829	   2	   2	  28	   3	   8	  80	  50	  70	 315	492759	494588	   0	 220	
 203	 204	  70	   1	 728	   3	   1	  28	   3	   9	  80	  50	  70	 417	496292	497020	   0	 230	
 204	 205	  50	   2	 845	   2	   1	  28	   4	   9	  80	  50	  70	 336	498639	499484	   0	 220	
 205	 206	  70	   1	 970	   3	   1	  28	   4	  10	  80	  50	  70	 504	501266	502236	   0	 230	
 206	 207	  50	   4	 696	   2	   2	  28	   5	  10	  80	  50	  70	 618	504132	504828	   0	 230	
 207	 208	  80	   1	 693	   1	   1	  29	   5	  10	  80	  50	  70	 485	506599	507292	   0	 240	
 208	 209	  50	   3	 837	   2	   2	  29	   6	  10	  80	  50	  70	 653	509239	510076	   0	 240	
 209	 210	  80	   1	 664	   1	   1	  30	   6	  10	  80	  50	  70	 542	511892	512556	   0	 250	
 210	 211	  70	   2	 520	   3	   1	  30	   6	  11	  80	  50	  70	 540	514372	514892	   0	 240	
 211	 212	  50	   3	 523	   2	   2	  30	   7	  11	  80	  50	  70	 421	516625	517148	   0	 240	
 212	 213	  80	   1	 731	   1	   1	  31	   7	  11	  80	  50	  70	 346	518785	519516	   0	 250	
 213	 214	  70	   2	 739	   3	   1	  31	   7	  12	  80	  50	  70	 518	521305	522044	   0	 240	
 214	 215	  80	   1	 576	   1	   1	  32	   7	  12	  80	  50	  70	 609	523932	524508	   0	 250	
 215	 216	  70	   1	 686	   3	   1	  32	   7	  13	  80	  50	  70	 532	526318	527004	   0	 260	
 216	 217	  50	   4	1781	   2	   2	  32	   8	  13	  80	  50	  70	 388	528678	530459	   0	 260	
 217	 218	  80	   1	 568	   1	   1	  33	   8	  13	  80	  50	  70	 308	532051	532619	   0	 270	
 218	 219	  50	   4	 688	   2	   2	  33	   9	  13	  80	  50	  70	 511	534411	535099	   0	 270	
 219	 220	  20	   4	 837	   1	   2	   1	   9	  13	  20	  50	  70	 431	536838	537675	   1	 270	
 220	 221	  70	   1	 658	   3	   1	   1	   9	  14	  20	  50	  70	 593	539545	540203	   0	 280	
 221	 222	  50	   3	1157	   2	   2	   1	  10	  14	  20	  50	  70	 362	541878	543035	   0	 280	
 222	 223	  70	   3	 749	   3	   2	   1	  10	  15	  20	  50	  70	 492	544798	545547	   0	 280	
 223	 224	  20	   4	 819	   1	   2	   2	  10	  15	  20	  50	  70	 554	547384	548203	   0	 280	
 224	 225	  50	   4	 795	   2	   2	   2	  11	  15	  20	  50	  70	 665	550144	550939	   0	 280	
 225	 226	  70	   1	 403	   3	   1	   2	  11	  16	  20	  50	  70	 681	552904	553307	   0	 290	
 226	 227	  20	   4	 560	   1	   2	   3	  11	  16	  20	  50	  70	 545	555131	555691	   0	 290	
 227	 228	  70	   2	1379	   3	   1	   3	  11	  17	  20	  50	  70	 563	557544	558923	   0	 280	
 228	 229	  20	   3	 590	   1	   2	   4	  11	  17	  20	  50	  70	 509	560717	561307	   0	 280	
 229	 230	  50	   3	 846	   2	   2	   4	  12	  17	  20	  50	  70	 362	562957	563803	   0	 280	
 230	 231	  70	   1	 602	   3	   1	   4	  12	  18	  20	  50	  70	 499	565584	566186	   0	 290	
 231	 232	  50	   4	 712	   2	   2	   4	  13	  18	  20	  50	  70	 627	568130	568842	   0	 290	
 232	 233	  70	   1	 760	   3	   1	   4	  13	  19	  20	  50	  70	 407	570530	571290	   0	 300	
 233	 234	  20	   4	 578	   1	   2	   5	  13	  19	  20	  50	  70	 646	573224	573802	   0	 300	
 234	 235	  70	   1	 621	   3	   1	   5	  13	  20	  20	  50	  70	 586	575677	576298	   0	 310	
 235	 236	  20	   4	 533	   1	   2	   6	  13	  20	  20	  50	  70	 543	578117	578650	   0	 310	
 236	 237	  50	   4	1336	   2	   2	   6	  14	  20	  20	  50	  70	 346	580290	581626	   0	 310	
 237	 238	  70	   2	 405	   3	   1	   6	  14	  21	  20	  50	  70	 643	583557	583962	   0	 300	
 238	 239	  50	   3	 515	   2	   2	   6	  15	  21	  20	  50	  70	 378	585623	586138	   0	 300	
 239	 240	  70	   3	 387	   3	   2	   6	  15	  22	  20	  50	  70	 521	587943	588330	   0	 300	
 240	 241	  50	   3	 696	   2	   2	   6	  16	  22	  20	  50	  70	 670	590290	590986	   0	 300	
 241	 242	  20	   3	 504	   1	   2	   7	  16	  22	  20	  50	  70	 314	592610	593114	   0	 300	
 242	 243	  50	   4	1294	   2	   2	   7	  17	  22	  20	  50	  70	 568	594956	596250	   0	 300	
 243	 244	  20	   4	 526	   1	   2	   8	  17	  22	  20	  50	  70	 373	597916	598442	   0	 300	
 244	 245	  70	   1	 507	   3	   1	   8	  17	  23	  20	  50	  70	 653	600383	600890	   0	 310	
 245	 246	  50	   3	 613	   2	   2	   8	  18	  23	  20	  50	  70	 585	602756	603369	   0	 310	
 246	 247	  20	   4	 474	   1	   2	   9	  18	  23	  20	  50	  70	 682	605343	605817	   0	 310	
 247	 248	  50	   4	 565	   2	   2	   9	  19	  23	  20	  50	  70	 300	607396	607961	   0	 310	
 248	 249	  70	   1	 464	   3	   1	   9	  19	  24	  20	  50	  70	 361	609609	610073	   0	 320	
 249	 250	  20	   4	 437	   1	   2	  10	  19	  24	  20	  50	  70	 603	611956	612393	   0	 320	
 250	 251	  70	   1	 560	   3	   1	  10	  19	  25	  20	  50	  70	 344	614009	614569	   0	 330	
 251	 252	  50	   3	 608	   2	   2	  10	  20	  25	  20	  50	  70	 689	616569	617177	   0	 330	
 252	 253	  20	   4	 499	   1	   2	  11	  20	  25	  20	  50	  70	 608	619062	619561	   0	 330	
 253	 254	  70	   2	 464	   3	   1	  11	  20	  26	  20	  50	  70	 608	621449	621913	   0	 320	
 254	 255	  50	   3	 523	   2	   2	  11	  21	  26	  20	  50	  70	 638	623822	624345	   0	 320	
 255	 256	  70	   1	 627	   3	   1	  11	  21	  27	  20	  50	  70	 546	626182	626809	   0	 330	
 256	 257	  50	   4	 507	   2	   2	  11	  22	  27	  20	  50	  70	 443	628542	629049	   0	 330	
 257	 258	  70	   1	 507	   3	   1	  11	  22	  28	  20	  50	  70	 360	630702	631209	   0	 340	
 258	 259	  50	   4	 528	   2	   2	  11	  23	  28	  20	  50	  70	 473	632969	633497	   0	 340	
 259	 260	  70	   2	 542	   3	   1	  11	  23	  29	  20	  50	  70	 415	635195	635737	   0	 330	
 260	 261	  20	   4	 544	   1	   2	  12	  23	  29	  20	  50	  70	 587	637608	638152	   0	 330	
 261	 262	  70	   1	 541	   3	   1	  12	  23	  30	  20	  50	  70	 620	640075	640616	   0	 340	
 262	 263	  50	   4	 805	   2	   2	  12	  24	  30	  20	  50	  70	 613	642515	643320	   0	 340	
 263	 264	  20	   4	 821	   1	   2	  13	  24	  30	  20	  50	  70	 551	645155	645976	   0	 340	
 264	 265	  50	   4	 818	   3	   2	  13	  24	   1	  20	  50	  50	 655	647942	648760	   3	 340	
 265	 266	  50	   3	 621	   2	   2	  13	  25	   1	  20	  50	  50	 598	650635	651256	   0	 340	
 266	 267	  50	   4	 552	   3	   2	  13	  25	   2	  20	  50	  50	 474	653008	653560	   0	 340	
 267	 268	  50	   3	 464	   2	   2	  13	  26	   2	  20	  50	  50	 691	655528	655992	   0	 340	
 268	 269	  20	   3	 584	   1	   2	  14	  26	   2	  20	  50	  50	 301	657568	658152	   0	 340	
 269	 270	  50	   4	 469	   2	   2	  14	  27	   2	  20	  50	  50	 524	659955	660424	   0	 340	
 270	 271	  50	   3	 384	   3	   2	  14	  27	   3	  20	  50	  50	 379	662088	662472	   0	 340	
 271	 272	  50	   3	 542	   2	   2	  14	  28	   3	  20	  50	  50	 462	664234	664776	   0	 340	
 272	 273	  50	   4	 312	   3	   2	  14	  28	   4	  20	  50	  50	 627	666688	667000	   0	 340	
 273	 274	  50	   4	 459	   2	   2	  14	  29	   4	  20	  50	  50	 416	668701	669160	   0	 340	
 274	 275	  20	   4	 382	   1	   2	  15	  29	   4	  20	  50	  50	 675	671114	671496	   0	 340	
 275	 276	  50	   3	 294	   3	   2	  15	  29	   5	  20	  50	  50	 463	673234	673528	   0	 340	
 276	 277	  50	   3	 290	   2	   2	  15	  30	   5	  20	  50	  50	 649	675461	675751	   0	 340	
 277	 278	  20	   3	 381	   1	   2	  16	  30	   5	  20	  50	  50	 329	677354	677735	   0	 340	
 278	 279	  50	   3	 365	   3	   2	  16	  30	   6	  20	  50	  50	 421	679434	679799	   0	 340	
 279	 280	  20	   4	 442	   1	   2	  17	  30	   6	  20	  50	  50	 418	681501	681943	   0	 340	
 280	 281	  50	   4	 501	   3	   2	  17	  30	   7	  20	  50	  50	 412	683634	684135	   0	 340	
 281	 282	  20	   4	 400	   1	   2	  18	  30	   7	  20	  50	  50	 399	685847	686247	   0	 340	
 282	 283	  50	   4	 360	   3	   2	  18	  30	   8	  20	  50	  50	 350	687887	688247	   0	 340	
 283	 284	  50	   3	 480	   2	   2	  18	  31	   8	  20	  50	  50	 306	689847	690327	   0	 340	
 284	 285	  20	   4	 363	   1	   2	  19	  31	   8	  20	  50	  50	 602	692220	692583	   0	 340	
 285	 286	  50	   4	 381	   2	   2	  19	  32	   8	  20	  50	  50	 680	694554	694935	   0	 340	
 286	 287	  20	   4	 350	   1	   2	  20	  32	   8	  20	  50	  50	 505	696713	697063	   0	 340	
 287	 288	  50	   3	 483	   3	   2	  20	  32	   9	  20	  50	  50	 468	698820	699303	   0	 340	
 288	 289	  20	   4	 368	   1	   2	  21	  32	   9	  20	  50	  50	 615	701207	701575	   0	 340	
 289	 290	  50	   3	 339	   3	   2	  21	  32	  10	  20	  50	  50	 524	703380	703719	   0	 340	
 290	 291	  50	   3	 427	   2	   2	  21	  33	  10	  20	  50	  50	 339	705340	705767	   0	 340	
 291	 292	  50	   3	 408	   3	   2	  21	  33	  11	  20	  50	  50	 400	707487	707895	   0	 340	
 292	 293	  20	   4	 949	   2	   2	  21	   1	  11	  20	  20	  50	 352	709553	710502	   2	 340	
 293	 294	  50	   1	 794	   3	   1	  21	   1	  12	  20	  20	  50	 438	712220	713014	   0	 350	
 294	 295	  20	   3	 568	   1	   2	  22	   1	  12	  20	  20	  50	 314	714606	715174	   0	 350	
 295	 296	  20	   4	 634	   2	   2	  22	   2	  12	  20	  20	  50	 324	716780	717414	   0	 350	
 296	 297	  20	   4	 501	   1	   2	  23	   2	  12	  20	  20	  50	 379	719073	719574	   0	 350	
 297	 298	  20	   4	 701	   2	   2	  23	   3	  12	  20	  20	  50	 336	721193	721894	   0	 350	
 298	 299	  20	   4	 485	   1	   2	  24	   3	  12	  20	  20	  50	 300	723473	723958	   0	 350	
 299	 300	  20	   4	 472	   2	   2	  24	   4	  12	  20	  20	  50	 405	725646	726118	   0	 350	
 300	 301	  50	   2	 837	   3	   1	  24	   4	  13	  20	  20	  50	 393	727793	728630	   0	 340	
 301	 302	  20	   3	 723	   2	   2	  24	   5	  13	  20	  20	  50	 570	730499	731222	   0	 340	
 302	 303	  50	   1	 920	   3	   1	  24	   5	  14	  20	  20	  50	 496	733006	733926	   0	 350	
 303	 304	  20	   4	 606	   2	   2	  24	   6	  14	  20	  20	  50	 622	735832	736438	   0	 350	
 304	 305	  20	   4	 443	   1	   2	  25	   6	  14	  20	  20	  50	 660	738379	738822	   0	 350	
 305	 306	  50	   1	 534	   3	   1	  25	   6	  15	  20	  20	  50	 569	740672	741206	   0	 360	
 306	 307	  20	   4	 408	   1	   2	  26	   6	  15	  20	  20	  50	 676	743166	743574	   0	 360	
 307	 308	  50	   2	 494	   3	   1	  26	   6	  16	  20	  20	  50	 505	745352	745846	   0	 350	
 308	 309	  20	   4	 992	   1	   2	  27	   6	  16	  20	  20	  50	 628	747765	748757	   0	 350	
 309	 310	  50	   2	 544	   3	   1	  27	   6	  17	  20	  20	  50	 690	750725	751269	   0	 340	
 310	 311	  20	   3	 370	   1	   2	  28	   6	  17	  20	  20	  50	 516	753059	753429	   0	 340	
 311	 312	  50	   1	 421	   3	   1	  28	   6	  18	  20	  20	  50	 493	755232	755653	   0	 350	
 312	 313	  20	   4	 536	   2	   2	  28	   7	  18	  20	  20	  50	 386	757325	757861	   0	 350	
 313	 314	  50	   2	 421	   3	   1	  28	   7	  19	  20	  20	  50	 331	759472	759893	   0	 340	
 314	 315	  20	   4	 368	   2	   2	  28	   8	  19	  20	  20	  50	 506	761685	762053	   0	 340	
 315	 316	  20	   4	 429	   1	   2	  29	   8	  19	  20	  20	  50	 495	763832	764261	   0	 340	
 316	 317	  20	   3	 363	   2	   2	  29	   9	  19	  20	  20	  50	 587	766138	766501	   0	 340	
 317	 318	  50	   2	 469	   3	   1	  29	   9	  20	  20	  20	  50	 479	768272	768741	   0	 330	
 318	 319	  20	   4	 392	   2	   2	  29	  10	  20	  20	  20	  50	 336	770365	770757	   0	 330	
 319	 320	  20	   4	 379	   1	   2	  30	  10	  20	  20	  20	  50	 583	772618	772997	   0	 330	
 320	 321	  50	   2	 467	   3	   1	  30	  10	  21	  20	  20	  50	 378	774658	775125	   0	 320	
 321	 322	  20	   4	 398	   1	   2	  31	  10	  21	  20	  20	  50	 517	776951	777349	   0	 320	
 322	 323	  50	   1	 475	   3	   1	  31	  10	  22	  20	  20	  50	 476	779098	779573	   0	 330	
 323	 324	  20	   4	 473	   1	   2	  32	  10	  22	  20	  20	  50	 392	781244	781717	   0	 330	
 324	 325	  20	   4	 461	   2	   2	  32	  11	  22	  20	  20	  50	 434	783431	783892	   0	 330	
 325	 326	  20	   3	 512	   1	   2	  33	  11	  22	  20	  20	  50	 426	785604	786116	   0	 330	
 326	 327	  50	   2	 354	   3	   1	  33	  11	  23	  20	  20	  50	 619	788018	788372	   0	 320	
 327	 328	  20	   4	 392	   2	   2	  33	  12	  23	  20	  20	  50	 551	790204	790596	   0	 320	
 328	 329	  50	   1	 509	   3	   1	  33	  12	  24	  20	  20	  50	 436	792311	792820	   0	 330	
 329	 330	  20	   4	 440	   2	   2	  33	  13	  24	  20	  20	  50	 337	794444	794884	   0	 330	
 330	 331	  20	   4	 480	   1	   2	  34	  13	  24	  20	  20	  50	 629	796804	797284	   0	 330	
 331	 332	  20	   4	 448	   2	   2	  34	  14	  24	  20	  20	  50	 679	799284	799732	   0	 330	
 332	 333	  50	   1	 456	   3	   1	  34	  14	  25	  20	  20	  50	 314	801324	801780	   0	 340	
 333	 334	  20	   4	 384	   1	   2	  35	  14	  25	  20	  20	  50	 696	803764	804148	   0	 340	
 334	 335	  20	   4	 419	   2	   2	  35	  15	  25	  20	  20	  50	 598	806017	806436	   0	 340	
 335	 336	  50	   4	 555	   3	   2	  35	  15	  26	  20	  20	  50	 500	808217	808772	   0	 340	
 336	 337	  80	   3	 760	   1	   2	   1	  15	  26	  80	  20	  50	 442	810524	811284	   1	 340	
 337	 338	  20	   4	 395	   2	   2	   1	  16	  26	  80	  20	  50	 363	812937	813332	   0	 340	
 338	 339	  80	   1	 443	   1	   1	   2	  16	  26	  80	  20	  50	 408	815017	815460	   0	 350	
 339	 340	  20	   4	 369	   2	   2	   2	  17	  26	  80	  20	  50	 542	817283	817652	   0	 350	
 340	 341	  80	   1	 429	   1	   1	   3	  17	  26	  80	  20	  50	 573	819510	819939	   0	 360	
 341	 342	  50	   3	 642	   3	   2	   3	  17	  27	  80	  20	  50	 684	821937	822579	   0	 360	
 342	 343	  80	   1	 586	   1	   1	   4	  17	  27	  80	  20	  50	 348	824217	824803	   0	 370	
 343	 344	  20	   3	 496	   2	   2	   4	  18	  27	  80	  20	  50	 551	826643	827139	   0	 370	
 344	 345	  50	   1	 528	   3	   1	   4	  18	  28	  80	  20	  50	 465	828883	829411	   0	 380	
 345	 346	  20	   3	 493	   2	   2	   4	  19	  28	  80	  20	  50	 499	831190	831683	   0	 380	
 346	 347	  80	   2	 395	   1	   1	   5	  19	  28	  80	  20	  50	 451	833416	833811	   0	 370	
 347	 348	  20	   4	 427	   2	   2	   5	  20	  28	  80	  20	  50	 642	835736	836163	   0	 370	
 348	 349	  50	   4	 565	   3	   2	   5	  20	  29	  80	  20	  50	 339	837790	838355	   0	 370	
 349	 350	  80	   1	 371	   1	   1	   6	  20	  29	  80	  20	  50	 696	840336	840707	   0	 380	
 350	 351	  50	   4	 742	   3	   2	   6	  20	  30	  80	  20	  50	 690	842669	843411	   0	 380	
 351	 352	  80	   1	 534	   1	   1	   7	  20	  30	  80	  20	  50	 348	845069	845603	   0	 390	
 352	 353	  50	   4	 579	   3	   2	   7	  20	  31	  80	  20	  50	 487	847376	847955	   0	 390	
 353	 354	  80	   1	 648	   1	   1	   8	  20	  31	  80	  20	  50	 561	849803	850451	   0	 400	
 354	 355	  20	   3	 464	   2	   2	   8	  21	  31	  80	  20	  50	 515	852243	852707	   0	 400	
 355	 356	  80	   2	 563	   1	   1	   9	  21	  31	  80	  20	  50	 672	854656	855219	   0	 390	
 356	 357	  50	   4	 586	   3	   2	   9	  21	  32	  80	  20	  50	 588	857096	857682	   0	 390	
 357	 358	  20	   4	 546	   2	   2	   9	  22	  32	  80	  20	  50	 330	859296	859842	   0	 390	
 358	 359	  50	   3	 586	   3	   2	   9	  22	  33	  80	  20	  50	 360	861496	862082	   0	 390	
 359	 360	  20	   4	 581	   2	   2	   9	  23	  33	  80	  20	  50	 340	863709	864290	   0	 390	
 360	 361	  80	   1	 416	   1	   1	  10	  23	  33	  80	  20	  50	 675	866242	866658	   0	 400	
 361	 362	  20	   4	 459	   2	   2	  10	  24	  33	  80	  20	  50	 409	868375	868834	   0	 400	
 362	 363	  70	   3	 741	   3	   2	  10	  24	   1	  80	  20	  70	 600	870749	871490	   3	 400	
 363	 364	  80	   1	 584	   1	   1	  11	  24	   1	  80	  20	  70	 626	873402	873986	   0	 410	
 364	 365	  70	   2	 501	   3	   1	  11	  24	   2	  80	  20	  70	 531	875789	876290	   0	 400	
 365	 366	  20	   4	 518	   2	   2	  11	  25	   2	  80	  20	  70	 385	877948	878466	   0	 400	
 366	 367	  70	   4	 574	   3	   2	  11	  25	   3	  80	  20	  70	 646	880388	880962	   0	 400	
 367	 368	  20	   4	 531	   2	   2	  11	  26	   3	  80	  20	  70	 412	882655	883186	   0	 400	
 368	 369	  80	   1	 448	   1	   1	  12	  26	   3	  80	  20	  70	 494	884962	885410	   0	 410	
 369	 370	  70	   3	 403	   3	   2	  12	  26	   4	  80	  20	  70	 441	887135	887538	   0	 410	
 370	 371	  20	   3	 403	   2	   2	  12	  27	   4	  80	  20	  70	 630	889455	889858	   0	 410	
 371	 372	  70	   3	 514	   3	   2	  12	  27	   5	  80	  20	  70	 370	891535	892049	   0	 410	
 372	 373	  80	   1	 597	   1	   1	  13	  27	   5	  80	  20	  70	 538	893868	894465	   0	 420	
 373	 374	  70	   1	 858	   3	   1	  13	  27	   6	  80	  20	  70	 312	896055	896913	   0	 430	
 374	 375	  80	   1	 928	   1	   1	  14	  27	   6	  80	  20	  70	 689	898881	899809	   0	 440	
 375	 376	  70	   2	 533	   3	   1	  14	  27	   7	  80	  20	  70	 542	901628	902161	   0	 430	
 376	 377	  20	   4	 477	   2	   2	  14	  28	   7	  80	  20	  70	 697	904148	904625	   0	 430	
 377	 378	  80	   1	 552	   1	   1	  15	  28	   7	  80	  20	  70	 453	906361	906913	   0	 440	
 378	 379	  70	   1	 408	   3	   1	  15	  28	   8	  80	  20	  70	 640	908841	909249	   0	 450	
 379	 380	  80	   1	 488	   1	   1	  16	  28	   8	  80	  20	  70	 635	911161	911649	   0	 460	
 380	 381	  70	   1	 395	   3	   1	  16	  28	   9	  80	  20	  70	 323	913254	913649	   0	 470	
 381	 382	  80	   3	 432	   1	   2	  17	  28	   9	  80	  20	  70	 644	915601	916033	   0	 470	
 382	 383	  20	   4	 502	   2	   2	  17	  29	   9	  80	  20	  70	 474	917787	918289	   0	 470	
 383	 384	  80	   2	 451	   1	   1	  18	  29	   9	  80	  20	  70	 529	920094	920545	   0	 460	
 384	 385	  70	   1	 470	   3	   1	  18	  29	  10	  80	  20	  70	 687	922507	922977	   0	 470	
 385	 386	  80	   2	 441	   1	   1	  19	  29	  10	  80	  20	  70	 418	924680	925121	   0	 460	
 386	 387	  20	   4	 469	   2	   2	  19	  30	  10	  80	  20	  70	 578	926987	927456	   0	 460	
 387	 388	  70	   2	 437	   3	   1	  19	  30	  11	  80	  20	  70	 643	929387	929824	   0	 450	
 388	 389	  20	   4	 573	   2	   2	  19	  31	  11	  80	  20	  70	 642	931747	932320	   0	 450	
 389	 390	  70	   1	 536	   3	   1	  19	  31	  12	  80	  20	  70	 353	933960	934496	   0	 460	
 390	 391	  80	   1	 458	   1	   1	  20	  31	  12	  80	  20	  70	 587	936374	936832	   0	 470	
 391	 392	  70	   1	 563	   3	   1	  20	  31	  13	  80	  20	  70	 672	938813	939376	   0	 480	
 392	 393	  20	   4	 445	   2	   2	  20	  32	  13	  80	  20	  70	 529	941187	941632	   0	 480	
 393	 394	  70	   2	 480	   3	   1	  20	  32	  14	  80	  20	  70	 361	943280	943760	   0	 470	
 394	 395	  20	   3	 507	   2	   2	  20	  33	  14	  80	  20	  70	 521	945573	946080	   0	 470	
 395	 396	  70	   3	 496	   3	   2	  20	  33	  15	  80	  20	  70	 638	948000	948496	   0	 470	
 396	 397	  80	   2	 344	   1	   1	  21	  33	  15	  80	  20	  70	 495	950280	950624	   0	 460	
 397	 398	  70	   1	 419	   3	   1	  21	  33	  16	  80	  20	  70	 433	952333	952752	   0	 470	
 398	 399	  20	   4	 462	   2	   2	  21	  34	  16	  80	  20	  70	 592	954626	955088	   0	 470	
 399	 400	  80	   1	 451	   1	   1	  22	  34	  16	  80	  20	  70	 525	956893	957344	   0	 480	
 400	 401	  20	   4	 531	   2	   2	  22	  35	  16	  80	  20	  70	 350	958973	959504	   0	 480	
 401	 402	  80	   1	 459	   1	   1	  23	  35	  16	  80	  20	  70	 606	961413	961872	   0	 490	
 402	 403	  80	   3	 752	   2	   2	  23	   1	  16	  80	  80	  70	 425	963599	964351	   2	 490	
 403	 404	  80	   1	 626	   1	   1	  24	   1	  16	  80	  80	  70	 465	966093	966719	   0	 500	
 404	 405	  80	   1	 424	   2	   1	  24	   2	  16	  80	  80	  70	 593	968599	969023	   0	 510	
 405	 406	  80	   1	 640	   1	   1	  25	   2	  16	  80	  80	  70	 344	970639	971279	   0	 520	
 406	 407	  80	   1	 408	   2	   1	  25	   3	  16	  80	  80	  70	 586	973159	973567	   0	 530	
 407	 408	  80	   1	 531	   1	   1	  26	   3	  16	  80	  80	  70	 688	975532	976063	   0	 540	
 408	 409	  80	   2	 435	   2	   1	  26	   4	  16	  80	  80	  70	 433	977772	978207	   0	 530	
 409	 410	  80	   2	 405	   1	   1	  27	   4	  16	  80	  80	  70	 455	979946	980351	   0	 520	
 410	 411	  80	   1	 395	   2	   1	  27	   5	  16	  80	  80	  70	 336	981972	982367	   0	 530	
 411	 412	  80	   1	 397	   1	   1	  28	   5	  16	  80	  80	  70	 316	983986	984383	   0	 540	
 412	 413	  80	   1	 403	   2	   1	  28	   6	  16	  80	  80	  70	 596	986252	986655	   0	 550	
 413	 414	  80	   1	 488	   1	   1	  29	   6	  16	  80	  80	  70	 337	988279	988767	   0	 560	
 414	 415	  80	   1	 483	   2	   1	  29	   7	  16	  80	  80	  70	 441	990492	990975	   0	 570	
 415	 416	  80	   1	 406	   1	   1	  30	   7	  16	  80	  80	  70	 412	992665	993071	   0	 580	
 416	 417	  70	   2	 691	   3	   1	  30	   7	  17	  80	  80	  70	 617	994972	995663	   0	 570	
 417	 418	  80	   1	 506	   2	   1	  30	   8	  17	  80	  80	  70	 475	997412	997918	   0	 580	
 418	 419	  30	   4	 824	   1	   2	   1	   8	  17	  30	  80	  70	 330	999558	1000382	   1	 580	
 419	 420	  80	   2	 520	   2	   1	   1	   9	  17	  30	  80	  70	 542	1002198	1002718	   0	 570	
 420	 421	  70	   1	 400	   3	   1	   1	   9	  18	  30	  80	  70	 558	1004558	1004958	   0	 580	
 421	 422	  80	   1	 381	   2	   1	   1	  10	  18	  30	  80	  70	 429	1006705	1007086	   0	 590	
 422	 423	  30	   3	 440	   1	   2	   2	  10	  18	  30	  80	  70	 635	1008998	1009438	   0	 590	
 423	 424	  70	   1	 491	   3	   1	   2	  10	  19	  30	  80	  70	 530	1011251	1011742	   0	 600	
 424	 425	  80	   2	 568	   2	   1	   2	  11	  19	  30	  80	  70	 459	1013478	1014046	   0	 590	
 425	 426	  30	   3	 640	   1	   2	   3	  11	  19	  30	  80	  70	 589	1015918	1016558	   0	 590	
 426	 427	  70	   1	 560	   3	   1	   3	  11	  20	  30	  80	  70	 386	1018238	1018798	   0	 600	
 427	 428	  80	   1	 456	   2	   1	   3	  12	  20	  30	  80	  70	 512	1020598	1021054	   0	 610	
 428	 429	  30	   2	 430	   1	   1	   4	  12	  20	  30	  80	  70	 601	1022944	1023374	   0	 600	
 429	 430	  70	   1	 640	   3	   1	   4	  12	  21	  30	  80	  70	 454	1025118	1025758	   0	 610	
 430	 431	  80	   1	 483	   2	   1	   4	  13	  21	  30	  80	  70	 408	1027451	1027934	   0	 620	
 431	 432	  70	   2	 590	   3	   1	   4	  13	  22	  30	  80	  70	 425	1029664	1030254	   0	 610	
 432	 433	  80	   1	 470	   2	   1	   4	  14	  22	  30	  80	  70	 482	1032024	1032494	   0	 620	
 433	 434	  70	   2	 634	   3	   1	   4	  14	  23	  30	  80	  70	 510	1034291	1034925	   0	 610	
 434	 435	  80	   1	 498	   2	   1	   4	  15	  23	  30	  80	  70	 679	1036891	1037389	   0	 620	
 435	 436	  70	   1	 589	   3	   1	   4	  15	  24	  30	  80	  70	 509	1039184	1039773	   0	 630	
 436	 437	  30	   2	 552	   1	   1	   5	  15	  24	  30	  80	  70	 583	1041637	1042189	   0	 620	
 437	 438	  70	   1	 496	   3	   1	   5	  15	  25	  30	  80	  70	 602	1044077	1044573	   0	 630	
 438	 439	  30	   4	 699	   1	   2	   6	  15	  25	  30	  80	  70	 506	1046370	1047069	   0	 630	
 439	 440	  70	   1	 491	   3	   1	   6	  15	  26	  30	  80	  70	 416	1048770	1049261	   0	 640	
 440	 441	  80	   1	 523	   2	   1	   6	  16	  26	  30	  80	  70	 387	1050930	1051453	   0	 650	
 441	 442	  70	   1	 493	   3	   1	   6	  16	  27	  30	  80	  70	 424	1053184	1053677	   0	 660	
 442	 443	  30	   3	 416	   1	   2	   7	  16	  27	  30	  80	  70	 555	1055517	1055933	   0	 660	
 443	 444	  80	   1	 438	   2	   1	   7	  17	  27	  30	  80	  70	 321	1057543	1057981	   0	 670	
 444	 445	  30	   4	 888	   1	   2	   8	  17	  27	  30	  80	  70	 384	1059637	1060525	   0	 670	
 445	 446	  80	   2	 488	   2	   1	   8	  18	  27	  30	  80	  70	 551	1062357	1062845	   0	 660	
 446	 447	  30	   4	 443	   1	   2	   9	  18	  27	  30	  80	  70	 401	1064530	1064973	   0	 660	
 447	 448	  80	   1	 579	   2	   1	   9	  19	  27	  30	  80	  70	 317	1066570	1067149	   0	 670	
 448	 449	  30	   4	 643	   1	   2	  10	  19	  27	  30	  80	  70	 374	1068810	1069453	   0	 670	
 449	 450	  70	   2	 581	   3	   1	  10	  19	  28	  30	  80	  70	 486	1071223	1071804	   0	 660	
 450	 451	  30	   3	 738	   1	   2	  11	  19	  28	  30	  80	  70	 679	1073770	1074508	   0	 660	
 451	 452	  80	   1	 512	   2	   1	  11	  20	  28	  30	  80	  70	 332	1076156	1076668	   0	 670	
 452	 453	  70	   1	 576	   3	   1	  11	  20	  29	  30	  80	  70	 526	1078476	1079052	   0	 680	
 453	 454	  80	   1	 733	   2	   1	  11	  21	  29	  30	  80	  70	 526	1080863	1081596	   0	 690	
 454	 455	  30	   4	 560	   1	   2	  12	  21	  29	  30	  80	  70	 389	1083276	1083836	   0	 690	
 455	 456	  80	   1	 467	   2	   1	  12	  22	  29	  30	  80	  70	 409	1085529	1085996	   0	 700	
 456	 457	  70	   1	 525	   3	   1	  12	  22	  30	  30	  80	  70	 463	1087743	1088268	   0	 710	
 457	 458	  30	   4	 491	   1	   2	  13	  22	  30	  30	  80	  70	 574	1090129	1090620	   0	 710	
 458	 459	  70	   1	 624	   3	   1	  13	  22	  31	  30	  80	  70	 503	1092396	1093020	   0	 720	
 459	 460	  30	   3	 568	   1	   2	  14	  22	  31	  30	  80	  70	 540	1094836	1095404	   0	 720	
 460	 461	  80	   1	 475	   2	   1	  14	  23	  31	  30	  80	  70	 647	1097329	1097804	   0	 730	
 461	 462	  70	   1	 459	   3	   1	  14	  23	  32	  30	  80	  70	 607	1099729	1100188	   0	 740	
 462	 463	  30	   4	 603	   1	   2	  15	  23	  32	  30	  80	  70	 415	1101889	1102492	   0	 740	
 463	 464	  80	   1	 430	   2	   1	  15	  24	  32	  30	  80	  70	 370	1104142	1104572	   0	 750	
 464	 465	  30	   4	 578	   1	   2	  16	  24	  32	  30	  80	  70	 636	1106489	1107067	   0	 750	
 465	 466	  70	   1	 456	   3	   1	  16	  24	  33	  30	  80	  70	 572	1108915	1109371	   0	 760	
 466	 467	  80	   2	 557	   2	   1	  16	  25	  33	  30	  80	  70	 519	1111182	1111739	   0	 750	
 467	 468	  70	   2	 424	   3	   1	  16	  25	  34	  30	  80	  70	 454	1113475	1113899	   0	 740	
 468	 469	  30	   3	 557	   1	   2	  17	  25	  34	  30	  80	  70	 648	1115822	1116379	   0	 740	
 469	 470	  80	   1	 416	   2	   1	  17	  26	  34	  30	  80	  70	 658	1118315	1118731	   0	 750	
 470	 471	  30	   4	 493	   1	   2	  18	  26	  34	  30	  80	  70	 600	1120622	1121115	   0	 750	
 471	 472	  70	   1	 429	   3	   1	  18	  26	  35	  30	  80	  70	 500	1122942	1123371	   0	 760	
 472	 473	  30	   4	 576	   1	   2	  19	  26	  35	  30	  80	  70	 304	1124955	1125531	   0	 760	
 473	 474	  80	   1	 483	   2	   1	  19	  27	  35	  30	  80	  70	 551	1127368	1127851	   0	 770	
 474	 475	  30	   4	 515	   1	   2	  20	  27	  35	  30	  80	  70	 391	1129528	1130043	   0	 770	
 475	 476	  50	   4	 830	   3	   2	  20	  27	   1	  30	  80	  50	 314	1131661	1132491	   3	 770	
 476	 477	  80	   1	 630	   2	   1	  20	  28	   1	  30	  80	  50	 568	1134341	1134971	   0	 780	
 477	 478	  50	   3	 816	   3	   2	  20	  28	   2	  30	  80	  50	 374	1136635	1137451	   0	 780	
 478	 479	  80	   2	 798	   2	   1	  20	  29	   2	  30	  80	  50	 360	1139101	1139899	   0	 770	
 479	 480	  30	   4	 888	   1	   2	  21	  29	   2	  30	  80	  50	 621	1141794	1142682	   0	 770	
 480	 481	  50	   4	 533	   3	   2	  21	  29	   3	  30	  80	  50	 459	1144421	1144954	   0	 770	
 481	 482	  80	   1	 554	   2	   1	  21	  30	   3	  30	  80	  50	 658	1146928	1147482	   0	 780	
 482	 483	  50	   4	 674	   3	   2	  21	  30	   4	  30	  80	  50	 439	1149208	1149882	   0	 780	
 483	 484	  20	   3	 912	   2	   2	  21	   1	   4	  30	  20	  50	 400	1151594	1152506	   2	 780	
 484	 485	  30	   3	 528	   1	   2	  22	   1	   4	  30	  20	  50	 366	1154154	1154682	   0	 780	
 485	 486	  20	   2	 747	   2	   1	  22	   2	   4	  30	  20	  50	 487	1156447	1157194	   0	 770	
 486	 487	  50	   3	 485	   3	   2	  22	   2	   5	  30	  20	  50	 655	1159141	1159626	   0	 770	
 487	 488	  20	   4	 848	   2	   2	  22	   3	   5	  30	  20	  50	 606	1161514	1162362	   0	 770	
 488	 489	  30	   3	 501	   1	   2	  23	   3	   5	  30	  20	  50	 453	1164101	1164602	   0	 770	
 489	 490	  50	   3	 491	   3	   2	  23	   3	   6	  30	  20	  50	 640	1166527	1167018	   0	 770	
 490	 491	  30	   4	 606	   1	   2	  24	   3	   6	  30	  20	  50	 485	1168780	1169386	   0	 770	
 491	 492	  50	   3	 488	   3	   2	  24	   3	   7	  30	  20	  50	 369	1171074	1171562	   0	 770	
 492	 493	  20	   3	 670	   2	   2	  24	   4	   7	  30	  20	  50	 576	1173420	1174090	   0	 770	
 493	 494	  50	   1	 806	   3	   1	  24	   4	   8	  30	  20	  50	 647	1176020	1176826	   0	 780	
 494	 495	  30	   4	 653	   1	   2	  25	   4	   8	  30	  20	  50	 357	1178460	1179113	   0	 780	
 495	 496	  20	   2	 688	   2	   1	  25	   5	   8	  30	  20	  50	 549	1180953	1181641	   0	 770	
 496	 497	  50	   2	 498	   3	   1	  25	   5	   9	  30	  20	  50	 519	1183447	1183945	   0	 760	
 497	 498	  30	   4	 973	   1	   2	  26	   5	   9	  30	  20	  50	 595	1185820	1186793	   0	 760	
 498	 499	  50	   2	 419	   3	   1	  26	   5	  10	  30	  20	  50	 642	1188726	1189145	   0	 750	
 499	 500	  30	   4	 611	   1	   2	  27	   5	  10	  30	  20	  50	 620	1191046	1191657	   0	 750	
 500	 501	  50	   3	 984	   3	   2	  27	   5	  11	  30	  20	  50	 302	1193233	1194217	   0	 750	
 501	 502	  20	   2	 965	   2	   1	  27	   6	  11	  30	  20	  50	 641	1196180	1197145	   0	 740	
 502	 503	  30	   3	 464	   1	   2	  28	   6	  11	  30	  20	  50	 692	1199113	1199577	   0	 740	
 503	 504	  50	   2	 427	   3	   1	  28	   6	  12	  30	  20	  50	 638	1201486	1201913	   0	 730	
 504	 505	  30	   4	 587	   1	   2	  29	   6	  12	  30	  20	  50	 452	1203646	1204233	   0	 730	
 505	 506	  20	   2	 534	   2	   1	  29	   7	  12	  30	  20	  50	 422	1205939	1206473	   0	 720	
 506	 507	  50	   3	 523	   3	   2	  29	   7	  13	  30	  20	  50	 445	1208206	1208729	   0	 720	
 507	 508	  20	   4	 368	   2	   2	  29	   8	  13	  30	  20	  50	 544	1210553	1210921	   0	 720	
 508	 509	  50	   3	 438	   3	   2	  29	   8	  14	  30	  20	  50	 695	1212899	1213337	   0	 720	
 509	 510	  30	   4	 357	   1	   2	  30	   8	  14	  30	  20	  50	 521	1215139	1215496	   0	 720	
 510	 511	  50	   4	 464	   3	   2	  30	   8	  15	  30	  20	  50	 585	1217352	1217816	   0	 720	
 511	 512	  30	   4	 464	   1	   2	  31	   8	  15	  30	  20	  50	 624	1219752	1220216	   0	 720	
 512	 513	  20	   4	 586	   2	   2	  31	   9	  15	  30	  20	  50	 474	1221966	1222552	   0	 720	
 513	 514	  30	   4	 427	   1	   2	  32	   9	  15	  30	  20	  50	 441	1224285	1224712	   0	 720	
 514	 515	  50	   4	 387	   3	   2	  32	   9	  16	  30	  20	  50	 479	1226485	1226872	   0	 720	
 515	 516	  30	   4	 427	   1	   2	  33	   9	  16	  30	  20	  50	 364	1228525	1228952	   0	 720	
 516	 517	  20	   4	 451	   2	   2	  33	  10	  16	  30	  20	  50	 321	1230565	1231016	   0	 720	
 517	 518	  50	   3	 387	   3	   2	  33	  10	  17	  30	  20	  50	 586	1232885	1233272	   0	 720	
 518	 519	  20	   4	 525	   2	   2	  33	  11	  17	  30	  20	  50	 385	1234939	1235464	   0	 720	
 519	 520	  80	   4	 787	   1	   2	   1	  11	  17	  80	  20	  50	 594	1237365	1238152	   1	 720	
 520	 521	  20	   4	 440	   2	   2	   1	  12	  17	  80	  20	  50	 352	1239792	1240232	   0	 720	
 521	 522	  50	   4	 435	   3	   2	   1	  12	  18	  80	  20	  50	 600	1242165	1242600	   0	 720	
 522	 523	  80	   3	 363	   1	   2	   2	  12	  18	  80	  20	  50	 482	1244365	1244728	   0	 720	
 523	 524	  50	   3	 358	   3	   2	   2	  12	  19	  80	  20	  50	 650	1246658	1247016	   0	 720	
 524	 525	  80	   3	 611	   1	   2	   3	  12	  19	  80	  20	  50	 437	1248725	1249336	   0	 720	
 525	 526	  50	   4	 461	   3	   2	   3	  12	  20	  80	  20	  50	 329	1250938	1251399	   0	 720	
 526	 527	  80	   2	 410	   1	   1	   4	  12	  20	  80	  20	  50	 567	1253245	1253655	   0	 710	
 527	 528	  50	   4	 472	   3	   2	   4	  12	  21	  80	  20	  50	 305	1255231	1255703	   0	 710	
 528	 529	  80	   3	 837	   1	   2	   5	  12	  21	  80	  20	  50	 554	1257538	1258375	   0	 710	
 529	 530	  50	   4	 410	   3	   2	   5	  12	  22	  80	  20	  50	 392	1260045	1260455	   0	 710	
 530	 531	  80	   1	 397	   1	   1	   6	  12	  22	  80	  20	  50	 400	1262138	1262535	   0	 720	
 531	 532	  50	   3	 389	   3	   2	   6	  12	  23	  80	  20	  50	 489	1264338	1264727	   0	 720	
 532	 533	  80	   1	 392	   1	   1	   7	  12	  23	  80	  20	  50	 420	1266431	1266823	   0	 730	
 533	 534	  20	   4	 576	   2	   2	   7	  13	  23	  80	  20	  50	 440	1268551	1269127	   0	 730	
 534	 535	  50	   3	 461	   3	   2	   7	  13	  24	  80	  20	  50	 439	1270858	1271319	   0	 730	
 535	 536	  20	   3	 667	   2	   2	   7	  14	  24	  80	  20	  50	 488	1273084	1273751	   0	 730	
 536	 537	  80	   1	 443	   1	   1	   8	  14	  24	  80	  20	  50	 366	1275404	1275847	   0	 740	
 537	 538	  50	   3	 611	   3	   2	   8	  14	  25	  80	  20	  50	 398	1277524	1278135	   0	 740	
 538	 539	  20	   4	 430	   2	   2	   8	  15	  25	  80	  20	  50	 320	1279737	1280167	   0	 740	
 539	 540	  50	   1	1016	   3	   1	   8	  15	  26	  80	  20	  50	 574	1282031	1283047	   0	 750	
 540	 541	  20	   3	 616	   2	   2	   8	  16	  26	  80	  20	  50	 663	1284990	1285606	   0	 750	
 541	 542	  50	   4	 562	   3	   2	   8	  16	  27	  80	  20	  50	 351	1287284	1287846	   0	 750	
 542	 543	  20	   4	 504	   2	   2	   8	  17	  27	  80	  20	  50	 576	1289710	1290214	   0	 750	
 543	 544	  80	   1	 437	   1	   1	   9	  17	  27	  80	  20	  50	 609	1292097	1292534	   0	 760	
 544	 545	  20	   4	 581	   2	   2	   9	  18	  27	  80	  20	  50	 686	1294497	1295078	   0	 760	
 545	 546	  50	   2	 443	   3	   1	   9	  18	  28	  80	  20	  50	 319	1296683	1297126	   0	 750	
 546	 547	  20	   4	 541	   2	   2	   9	  19	  28	  80	  20	  50	 532	1298937	1299478	   0	 750	
 547	 548	  80	   1	 419	   1	   1	  10	  19	  28	  80	  20	  50	 530	1301283	1301702	   0	 760	
 548	 549	  50	   1	 792	   3	   1	  10	  19	  29	  80	  20	  50	 328	1303310	1304102	   0	 770	
 549	 550	  20	   4	 600	   2	   2	  10	  20	  29	  80	  20	  50	 321	1305710	1306310	   0	 770	
 550	 551	  80	   1	 448	   1	   1	  11	  20	  29	  80	  20	  50	 393	1307990	1308438	   0	 780	
 551	 552	  20	   4	 422	   2	   2	  11	  21	  29	  80	  20	  50	 585	1310336	1310758	   0	 780	
 552	 553	  80	   1	 667	   1	   1	  12	  21	  29	  80	  20	  50	 319	1312363	1313030	   0	 790	
 553	 554	  50	   2	 496	   3	   1	  12	  21	  30	  80	  20	  50	 317	1314630	1315126	   0	 780	
 554	 555	  20	   3	 579	   2	   2	  12	  22	  30	  80	  20	  50	 638	1317043	1317622	   0	 780	
 555	 556	  50	   1	 443	   3	   1	  12	  22	  31	  80	  20	  50	 423	1319323	1319766	   0	 790	
 556	 557	  80	   1	 617	   1	   1	  13	  22	  31	  80	  20	  50	 574	1321629	1322246	   0	 800	
 557	 558	  50	   2	 538	   3	   1	  13	  22	  32	  80	  20	  50	 595	1324123	1324661	   0	 790	
 558	 559	  80	   2	 637	   1	   1	  14	  22	  32	  80	  20	  50	 347	1326296	1326933	   0	 780	
 559	 560	  50	   2	 616	   3	   1	  14	  22	  33	  80	  20	  50	 615	1328829	1329445	   0	 770	
 560	 561	  80	   1	 602	   1	   1	  15	  22	  33	  80	  20	  50	 426	1331163	1331765	   0	 780	
 561	 562	  20	   4	 507	   2	   2	  15	  23	  33	  80	  20	  50	 629	1333722	1334229	   0	 780	
 562	 563	  30	   4	 701	   3	   2	  15	  23	   1	  80	  20	  30	 591	1336136	1336837	   3	 780	
 563	 564	  20	   4	 589	   2	   2	  15	  24	   1	  80	  20	  30	 423	1338536	1339125	   0	 780	
 564	 565	  80	   2	 795	   1	   1	  16	  24	   1	  80	  20	  30	 351	1340762	1341557	   0	 770	
 565	 566	  20	   4	 632	   2	   2	  16	  25	   1	  80	  20	  30	 556	1343389	1344021	   0	 770	
 566	 567	  80	   1	 774	   1	   1	  17	  25	   1	  80	  20	  30	 392	1345695	1346469	   0	 780	
 567	 568	  30	   4	 816	   3	   2	  17	  25	   2	  80	  20	  30	 476	1348229	1349045	   0	 780	
 568	 569	  20	   4	 566	   2	   2	  17	  26	   2	  80	  20	  30	 490	1350815	1351381	   0	 780	
 569	 570	  80	   1	 691	   1	   1	  18	  26	   2	  80	  20	  30	 301	1352962	1353653	   0	 790	
 570	 571	  20	   4	 504	   2	   2	  18	  27	   2	  80	  20	  30	 540	1355469	1355973	   0	 790	
 571	 572	  80	   1	 557	   1	   1	  19	  27	   2	  80	  20	  30	 604	1357895	1358452	   0	 800	
 572	 573	  30	   4	 680	   3	   2	  19	  27	   3	  80	  20	  30	 619	1360348	1361028	   0	 800	
 573	 574	  20	   3	 504	   2	   2	  19	  28	   3	  80	  20	  30	 437	1362748	1363252	   0	 800	
 574	 575	  30	   4	 800	   3	   2	  19	  28	   4	  80	  20	  30	 335	1364868	1365668	   0	 800	
 575	 576	  20	   4	 669	   2	   2	  19	  29	   4	  80	  20	  30	 617	1367575	1368244	   0	 800	
 576	 577	  80	   1	 520	   1	   1	  20	  29	   4	  80	  20	  30	 339	1369868	1370388	   0	 810	
 577	 578	  20	   4	 645	   2	   2	  20	  30	   4	  80	  20	  30	 342	1372015	1372660	   0	 810	
 578	 579	  30	   3	 811	   3	   2	  20	  30	   5	  80	  20	  30	 425	1374361	1375172	   0	 810	
 579	 580	  20	   4	 549	   2	   2	  20	  31	   5	  80	  20	  30	 688	1377135	1377684	   0	 810	
 580	 581	  80	   1	 491	   1	   1	  21	  31	   5	  80	  20	  30	 434	1379401	1379892	   0	 820	
 581	 582	  20	   4	 534	   2	   2	  21	  32	   5	  80	  20	  30	 563	1381774	1382308	   0	 820	
 582	 583	  30	   4	 563	   3	   2	  21	  32	   6	  80	  20	  30	 562	1384161	1384724	   0	 820	
 583	 584	  20	   4	 526	   2	   2	  21	  33	   6	  80	  20	  30	 359	1386374	1386900	   0	 820	
 584	 585	  30	   3	 646	   3	   2	  21	  33	   7	  80	  20	  30	 476	1388654	1389300	   0	 820	
 585	 586	  80	   2	 531	   1	   1	  22	  33	   7	  80	  20	  30	 533	1391121	1391652	   0	 810	
 586	 587	  30	   4	 763	   3	   2	  22	  33	   8	  80	  20	  30	 466	1393401	1394164	   0	 810	
 587	 588	  80	   1	 544	   1	   1	  23	  33	   8	  80	  20	  30	 302	1395747	1396291	   0	 820	
 588	 589	  20	   4	 514	   2	   2	  23	  34	   8	  80	  20	  30	 668	1398241	1398755	   0	 820	
 589	 590	  30	   4	 416	   3	   2	  23	  34	   9	  80	  20	  30	 669	1400707	1401123	   0	 820	
 590	 591	  80	   1	 461	   1	   1	  24	  34	   9	  80	  20	  30	 611	1403014	1403475	   0	 830	
 591	 592	  20	   4	 469	   2	   2	  24	  35	   9	  80	  20	  30	 579	1405374	1405843	   0	 830	
 592	 593	  80	   1	 589	   1	   1	  25	  35	   9	  80	  20	  30	 525	1407654	1408243	   0	 840	
 593	 594	  70	   3	 811	   2	   2	  25	   1	   9	  80	  70	  30	 485	1410040	1410851	   2	 840	
 594	 595	  80	   1	 549	   1	   1	  26	   1	   9	  80	  70	  30	 691	1412814	1413363	   0	 850	
 595	 596	  30	   3	 472	   3	   2	  26	   1	  10	  80	  70	  30	 501	1415147	1415619	   0	 850	
 596	 597	  80	   1	 667	   1	   1	  27	   1	  10	  80	  70	  30	 497	1417400	1418067	   0	 860	
 597	 598	  70	   1	 574	   2	   1	  27	   2	  10	  80	  70	  30	 457	1419813	1420387	   0	 870	
 598	 599	  80	   2	 611	   1	   1	  28	   2	  10	  80	  70	  30	 329	1422000	1422611	   0	 860	
 599	 600	  30	   4	 416	   3	   2	  28	   2	  11	  80	  70	  30	 658	1424547	1424963	   0	 860	
 600	 601	  80	   1	 416	   1	   1	  29	   2	  11	  80	  70	  30	 375	1426627	1427043	   0	 870	
 601	 602	  70	   1	 419	   2	   1	  29	   3	  11	  80	  70	  30	 592	1428960	1429379	   0	 880	
 602	 603	  30	   4	 485	   3	   2	  29	   3	  12	  80	  70	  30	 631	1431293	1431778	   0	 880	
 603	 604	  70	   1	 536	   2	   1	  29	   4	  12	  80	  70	  30	 332	1433386	1433922	   0	 890	
 604	 605	  30	   4	 570	   3	   2	  29	   4	  13	  80	  70	  30	 594	1435800	1436370	   0	 890	
 605	 606	  70	   2	 224	   2	   1	  29	   5	  13	  80	  70	  30	 337	1437986	1438210	   0	 880	
 606	 607	  30	   4	 362	   3	   2	  29	   5	  14	  80	  70	  30	 396	1439880	1440242	   0	 880	
 607	 608	  70	   1	 349	   2	   1	  29	   6	  14	  80	  70	  30	 610	1442133	1442482	   0	 890	
 608	 609	  30	   3	 459	   3	   2	  29	   6	  15	  80	  70	  30	 357	1444119	1444578	   0	 890	
 609	 610	  80	   1	 499	   1	   1	  30	   6	  15	  80	  70	  30	 463	1446319	1446818	   0	 900	
 610	 611	  70	   2	 531	   2	   1	  30	   7	  15	  80	  70	  30	 374	1448479	1449010	   0	 890	
 611	 612	  30	   4	 477	   3	   2	  30	   7	  16	  80	  70	  30	 524	1450853	1451330	   0	 890	
 612	 613	  70	   1	 424	   2	   1	  30	   8	  16	  80	  70	  30	 300	1452906	1453330	   0	 900	
 613	 614	  50	   4	 771	   1	   2	   1	   8	  16	  50	  70	  30	 332	1454959	1455730	   1	 900	
 614	 615	  70	   1	 704	   2	   1	   1	   9	  16	  50	  70	  30	 425	1457426	1458130	   0	 910	
 615	 616	  30	   4	 571	   3	   2	   1	   9	  17	  50	  70	  30	 547	1459959	1460530	   0	 910	
 616	 617	  50	   4	 387	   1	   2	   2	   9	  17	  50	  70	  30	 352	1462159	1462546	   0	 910	
 617	 618	  30	   4	 489	   3	   2	   2	   9	  18	  50	  70	  30	 514	1464345	1464834	   0	 910	
 618	 619	  70	   2	 837	   2	   1	   2	  10	  18	  50	  70	  30	 625	1466732	1467569	   0	 900	
 619	 620	  30	   3	 597	   3	   2	   2	  10	  19	  50	  70	  30	 532	1469372	1469969	   0	 900	
 620	 621	  70	   1	1424	   2	   1	   2	  11	  19	  50	  70	  30	 339	1471585	1473009	   0	 910	
 621	 622	  50	   4	 514	   1	   2	   3	  11	  19	  50	  70	  30	 467	1474799	1475313	   0	 910	
 622	 623	  70	   1	 589	   2	   1	   3	  12	  19	  50	  70	  30	 343	1476932	1477521	   0	 920	
 623	 624	  50	   3	 488	   1	   2	   4	  12	  19	  50	  70	  30	 505	1479305	1479793	   0	 920	
 624	 625	  30	   3	 467	   3	   2	   4	  12	  20	  50	  70	  30	 685	1481758	1482225	   0	 920	
 625	 626	  70	   1	 480	   2	   1	   4	  13	  20	  50	  70	  30	 315	1483825	1484305	   0	 930	
 626	 627	  50	   3	 373	   1	   2	   5	  13	  20	  50	  70	  30	 575	1486172	1486545	   0	 930	
 627	 628	  30	   3	 427	   3	   2	   5	  13	  21	  50	  70	  30	 686	1488518	1488945	   0	 930	
 628	 629	  50	   2	 704	   1	   1	   6	  13	  21	  50	  70	  30	 468	1490705	1491409	   0	 920	
 629	 630	  70	   1	 454	   2	   1	   6	  14	  21	  50	  70	  30	 527	1493211	1493665	   0	 930	
 630	 631	  30	   4	 571	   3	   2	   6	  14	  22	  50	  70	  30	 690	1495638	1496209	   0	 930	
 631	 632	  50	   3	 355	   1	   2	   7	  14	  22	  50	  70	  30	 554	1498078	1498433	   0	 930	
 632	 633	  70	   2	 497	   2	   1	   7	  15	  22	  50	  70	  30	 594	1500304	1500801	   0	 920	
 633	 634	  30	   4	 506	   3	   2	   7	  15	  23	  50	  70	  30	 594	1502678	1503184	   0	 920	
 634	 635	  50	   1	 450	   1	   1	   8	  15	  23	  50	  70	  30	 403	1504878	1505328	   0	 930	
 635	 636	  30	   4	 552	   3	   2	   8	  15	  24	  50	  70	  30	 305	1506904	1507456	   0	 930	
 636	 637	  50	   1	 344	   1	   1	   9	  15	  24	  50	  70	  30	 320	1509064	1509408	   0	 940	
 637	 638	  30	   4	 378	   3	   2	   9	  15	  25	  50	  70	  30	 468	1511158	1511536	   0	 940	
 638	 639	  70	   1	 483	   2	   1	   9	  16	  25	  50	  70	  30	 537	1513357	1513840	   0	 950	
 639	 640	  50	   2	 552	   1	   1	  10	  16	  25	  50	  70	  30	 580	1515704	1516256	   0	 940	
 640	 641	  70	   1	 552	   2	   1	  10	  17	  25	  50	  70	  30	 562	1518104	1518656	   0	 950	
 641	 642	  30	   4	 485	   3	   2	  10	  17	  26	  50	  70	  30	 357	1520331	1520816	   0	 950	
 642	 643	  50	   1	 381	   1	   1	  11	  17	  26	  50	  70	  30	 669	1522771	1523152	   0	 960	
 643	 644	  70	   1	 432	   2	   1	  11	  18	  26	  50	  70	  30	 678	1525104	1525536	   0	 970	
 644	 645	  30	   3	 560	   3	   2	  11	  18	  27	  50	  70	  30	 605	1527424	1527984	   0	 970	
 645	 646	  70	   2	 504	   2	   1	  11	  19	  27	  50	  70	  30	 433	1529704	1530208	   0	 960	
 646	 647	  50	   2	 438	   1	   1	  12	  19	  27	  50	  70	  30	 369	1531850	1532288	   0	 950	
 647	 648	  30	   4	 568	   3	   2	  12	  19	  28	  50	  70	  30	 457	1534024	1534592	   0	 950	
 648	 649	  50	   2	 481	   1	   1	  13	  19	  28	  50	  70	  30	 671	1536543	1537024	   0	 940	
 649	 650	  30	   4	 506	   3	   2	  13	  19	  29	  50	  70	  30	 441	1538757	1539263	   0	 940	
 650	 651	  70	   2	 360	   2	   1	  13	  20	  29	  50	  70	  30	 514	1541063	1541423	   0	 930	
 651	 652	  30	   3	 464	   3	   2	  13	  20	  30	  50	  70	  30	 671	1543423	1543887	   0	 930	
 652	 653	  50	   1	 381	   1	   1	  14	  20	  30	  50	  70	  30	 569	1545730	1546111	   0	 940	
 653	 654	  70	   2	 445	   2	   1	  14	  21	  30	  50	  70	  30	 579	1547970	1548415	   0	 930	
 654	 655	  50	   1	 581	   1	   1	  15	  21	  30	  50	  70	  30	 397	1550090	1550671	   0	 940	
 655	 656	  70	   1	 565	   2	   1	  15	  22	  30	  50	  70	  30	 461	1552410	1552975	   0	 950	
 656	 657	  30	   4	 547	   3	   2	  15	  22	   1	  50	  70	  30	 460	1554716	1555263	   0	 950	
 657	 658	  50	   2	 512	   1	   1	  16	  22	   1	  50	  70	  30	 310	1556863	1557375	   0	 940	
 658	 659	  30	   4	 597	   3	   2	  16	  22	   2	  50	  70	  30	 557	1559210	1559807	   0	 940	
 659	 660	  70	   1	 350	   2	   1	  16	  23	   2	  50	  70	  30	 567	1561649	1561999	   0	 950	
 660	 661	  30	   4	 478	   3	   2	  16	  23	   3	  50	  70	  30	 691	1563969	1564447	   0	 950	
 661	 662	  70	   1	 483	   2	   1	  16	  24	   3	  50	  70	  30	 311	1566076	1566559	   0	 960	
 662	 663	  30	   4	 403	   3	   2	  16	  24	   4	  50	  70	  30	 626	1568476	1568879	   0	 960	
 663	 664	  70	   1	 550	   2	   1	  16	  25	   4	  50	  70	  30	 408	1570569	1571119	   0	 970	
 664	 665	  50	   1	 561	   1	   1	  17	  25	   4	  50	  70	  30	 302	1572702	1573263	   0	 980	
 665	 666	  30	   3	 557	   3	   2	  17	  25	   5	  50	  70	  30	 459	1575009	1575566	   0	 980	
 666	 667	  70	   1	 461	   2	   1	  17	  26	   5	  50	  70	  30	 405	1577249	1577710	   0	 990	
 667	 668	  30	   4	 450	   3	   2	  17	  26	   6	  50	  70	  30	 363	1579356	1579806	   0	 990	
 668	 669	  50	   2	 432	   1	   1	  18	  26	   6	  50	  70	  30	 338	1581422	1581854	   0	 980	
 669	 670	  70	   2	 440	   2	   1	  18	  27	   6	  50	  70	  30	 408	1583542	1583982	   0	 970	
 670	 671	  50	   1	 456	   1	   1	  19	  27	   6	  50	  70	  30	 428	1585702	1586158	   0	 980	
 671	 672	  30	   3	 549	   3	   2	  19	  27	   7	  50	  70	  30	 692	1588169	1588718	   0	 980	
 672	 673	  70	   1	 205	   2	   1	  19	  28	   7	  50	  70	  30	 519	1590529	1590734	   0	 990	
 673	 674	  30	   4	 437	   3	   2	  19	  28	   8	  50	  70	  30	 397	1592409	1592846	   0	 990	
 674	 675	  50	   2	 237	   1	   1	  20	  28	   8	  50	  70	  30	 484	1594609	1594846	   0	 980	
 675	 676	  70	   1	 408	   2	   1	  20	  29	   8	  50	  70	  30	 456	1596582	1596990	   0	 990	
 676	 677	  30	   4	 510	   3	   2	  20	  29	   9	  50	  70	  30	 585	1598848	1599358	   0	 990	
 677	 678	  50	   1	 483	   1	   1	  21	  29	   9	  50	  70	  30	 392	1601035	1601518	   0	1000	
 678	 679	  70	   2	 568	   2	   1	  21	  30	   9	  50	  70	  30	 496	1603302	1603870	   0	 990	
 679	 680	  50	   1	 486	   1	   1	  22	  30	   9	  50	  70	  30	 459	1605608	1606094	   0	1000	
 680	 681	  30	   3	 488	   3	   2	  22	  30	  10	  50	  70	  30	 484	1607862	1608350	   0	1000	
 681	 682	  50	   1	 414	   1	   1	  23	  30	  10	  50	  70	  30	 373	1610048	1610462	   0	1010	
 682	 683	  30	   4	 509	   3	   2	  23	  30	  11	  50	  70	  30	 460	1612208	1612717	   0	1010	
 683	 684	  50	   2	 557	   1	   1	  24	  30	  11	  50	  70	  30	 364	1614368	1614925	   0	1000	
 684	 685	  70	   1	 362	   2	   1	  24	  31	  11	  50	  70	  30	 553	1616755	1617117	   0	1010	
 685	 686	  50	   2	 594	   1	   1	  25	  31	  11	  50	  70	  30	 387	1618795	1619389	   0	1000	
 686	 687	  70	   1	 536	   2	   1	  25	  32	  11	  50	  70	  30	 477	1621141	1621677	   0	1010	
 687	 688	  50	   2	 869	   1	   1	  26	  32	  11	  50	  70	  30	 325	1623288	1624157	   0	1000	
 688	 689	  30	   4	 688	   3	   2	  26	  32	  12	  50	  70	  30	 465	1625901	1626589	   0	1000	
 689	 690	  50	   2	 571	   1	   1	  27	  32	  12	  50	  70	  30	 652	1628514	1629085	   0	 990	
 690	 691	  30	   4	 568	   3	   2	  27	  32	  13	  50	  70	  30	 543	1630901	1631469	   0	 990	
 691	 692	  70	   1	 387	   2	   1	  27	  33	  13	  50	  70	  30	 644	1633434	1633821	   0	1000	
 692	 693	  30	   4	 491	   3	   2	  27	  33	  14	  50	  70	  30	 526	1635634	1636125	   0	1000	
 693	 694	  50	   1	 672	   1	   1	  28	  33	  14	  50	  70	  30	 338	1637741	1638413	   0	1010	
 694	 695	  70	   2	 627	   2	   1	  28	  34	  14	  50	  70	  30	 456	1640154	1640781	   0	1000	
 695	 696	  30	   3	 550	   3	   2	  28	  34	  15	  50	  70	  30	 579	1642647	1643197	   0	1000	
 696	 697	  50	   2	 507	   1	   1	  29	  34	  15	  50	  70	  30	 517	1644994	1645501	   0	 990	
 697	 698	  30	   4	 498	   3	   2	  29	  34	  16	  50	  70	  30	 643	1647434	1647932	   0	 990	
 698	 699	  50	   1	 384	   1	   1	  30	  34	  16	  50	  70	  30	 599	1649820	1650204	   0	1000	
 699	 700	  30	   4	 546	   3	   2	  30	  34	  17	  50	  70	  30	 346	1651834	1652380	   0	1000	
 700	 701	  70	   1	 573	   2	   1	  30	  35	  17	  50	  70	  30	 459	1654127	1654700	   0	1010	
 701	 702	  30	   4	 451	   3	   2	  30	  35	  18	  50	  70	  30	 530	1656553	1657004	   0	1010	
 702	 703	  50	   4	 307	   1	   2	  31	  35	  18	  50	  70	  30	 513	1658793	1659100	   0	1010	
 703	 704	  30	   3	 421	   3	   2	  31	  35	  19	  50	  70	  30	 665	1661047	1661468	   0	1010	
 704	 705	  50	   4	 405	   1	   2	  32	  35	  19	  50	  70	  30	 620	1663367	1663772	   0	1010	
 705	 706	  70	   1	 459	   2	   1	  32	   1	  19	  50	  70	  30	 338	1665393	1665852	   0	1020	
 706	 707	  50	   3	 491	   1	   2	  33	   1	  19	  50	  70	  30	 417	1667553	1668044	   0	1020	
 707	 708	  30	   3	 387	   3	   2	  33	   1	  20	  50	  70	  30	 589	1669913	1670300	   0	1020	
 708	 709	  50	   4	 459	   1	   2	   1	   1	  20	  50	  70	  30	 609	1672193	1672652	   0	1020	
