Version: 1	Number of symbols: 3	Pictures exchange: true	Response Deadline: 2000
Trial_No	Virt_Trial_No	Prob_Shown	Feedback	RT	Stimulus_No	Resp	SymbolA_Stage	SymbolB_Stage	SymbolC_Stage	Prob_A	Prob_B	Prob_C	Jitter	StimOnset	RespOnset	Symbol_Changes	Bonus_sum
   1	   1	  30	   4	1718	   1	   2	   1	   0	   0	  30	  70	  50	 633	1849	3567	   0	   0	
   2	   2	  50	   4	1394	   3	   2	   1	   0	   1	  30	  70	  50	 698	5581	6975	   0	   0	
   3	   3	  30	   4	 995	   1	   2	   2	   0	   1	  30	  70	  50	 508	8780	9775	   0	   0	
   4	   4	  50	   3	1031	   3	   2	   2	   0	   2	  30	  70	  50	 425	11496	12527	   0	   0	
   5	   5	  70	   3	1349	   2	   2	   2	   1	   2	  30	  70	  50	 544	14378	15727	   0	   0	
   6	   6	  30	   4	 677	   1	   2	   3	   1	   2	  30	  70	  50	 580	17610	18287	   0	   0	
   7	   7	  50	   4	 554	   3	   2	   3	   1	   3	  30	  70	  50	 700	20293	20847	   0	   0	
   8	   8	  70	   3	 766	   2	   2	   3	   2	   3	  30	  70	  50	 449	22609	23375	   0	   0	
   9	   9	  50	   4	 843	   3	   2	   3	   2	   4	  30	  70	  50	 427	25108	25951	   0	   0	
  10	  10	  30	   3	 803	   1	   2	   4	   2	   4	  30	  70	  50	 497	27740	28543	   0	   0	
  11	  11	  50	   3	1109	   3	   2	   4	   2	   5	  30	  70	  50	 640	30506	31615	   0	   0	
  12	  12	  70	   1	 802	   2	   1	   4	   3	   5	  30	  70	  50	 484	33405	34207	   0	  10	
  13	  13	  50	   4	1684	   3	   2	   4	   3	   6	  30	  70	  50	 655	36171	37855	   0	  10	
  14	  14	  70	   2	 706	   2	   1	   4	   4	   6	  30	  70	  50	 684	39853	40559	   0	   0	
  15	  15	  50	   3	 688	   3	   2	   4	   4	   7	  30	  70	  50	 449	42319	43007	   0	   0	
  16	  16	  30	   3	 837	   1	   2	   5	   4	   7	  30	  70	  50	 301	44618	45455	   0	   0	
  17	  17	  70	   2	1107	   2	   1	   5	   5	   7	  30	  70	  50	 334	47100	48207	   0	 -10	
  18	  18	  50	   3	 748	   3	   2	   5	   5	   8	  30	  70	  50	 566	50083	50831	   0	 -10	
  19	  19	  70	   1	 885	   2	   1	   5	   6	   8	  30	  70	  50	 564	52698	53583	   0	   0	
  20	  20	  30	   4	 626	   1	   2	   6	   6	   8	  30	  70	  50	 685	55581	56207	   0	   0	
  21	  21	  50	   2	 944	   3	   1	   6	   6	   9	  30	  70	  50	 521	58047	58991	   0	 -10	
  22	  22	  30	   4	 691	   1	   2	   7	   6	   9	  30	  70	  50	 501	60796	61487	   0	 -10	
  23	  23	  50	   3	 807	   3	   2	   7	   6	  10	  30	  70	  50	 334	63128	63935	   0	 -10	
  24	  24	  30	   4	 683	   1	   2	   8	   6	  10	  30	  70	  50	 609	65844	66527	   0	 -10	
  25	  25	  70	   1	 609	   2	   1	   8	   7	  10	  30	  70	  50	 691	68526	69135	   0	   0	
  26	  26	  50	   1	 582	   3	   1	   8	   7	  11	  30	  70	  50	 379	70809	71391	   0	  10	
  27	  27	  30	   4	 596	   1	   2	   9	   7	  11	  30	  70	  50	 585	73291	73887	   0	  10	
  28	  28	  50	   2	1039	   3	   1	   9	   7	  12	  30	  70	  50	 620	75807	76846	   0	   0	
  29	  29	  70	   1	 604	   2	   1	   9	   8	  12	  30	  70	  50	 556	78706	79310	   0	  10	
  30	  30	  50	   1	1744	   3	   1	   9	   8	  13	  30	  70	  50	 411	81022	82766	   0	  20	
  31	  31	  70	   1	 698	   2	   1	   9	   9	  13	  30	  70	  50	 300	84388	85086	   0	  30	
  32	  32	  50	   1	1411	   3	   1	   9	   9	  14	  30	  70	  50	 599	87003	88414	   0	  40	
  33	  33	  30	   3	 782	   1	   2	  10	   9	  14	  30	  70	  50	 640	90352	91134	   0	  40	
  34	  34	  70	   2	 677	   2	   1	  10	  10	  14	  30	  70	  50	 551	93001	93678	   0	  30	
  35	  35	  30	   4	 769	   1	   2	  11	  10	  14	  30	  70	  50	 531	95517	96286	   0	  30	
  36	  36	  70	   1	 632	   2	   1	  11	  11	  14	  30	  70	  50	 553	98150	98782	   0	  40	
  37	  37	  50	   2	 939	   3	   1	  11	  11	  15	  30	  70	  50	 408	100499	101438	   0	  30	
  38	  38	  30	   3	 535	   1	   2	  12	  11	  15	  30	  70	  50	 686	103431	103966	   0	  30	
  39	  39	  70	   2	 545	   2	   1	  12	  12	  15	  30	  70	  50	 324	105597	106142	   0	  20	
  40	  40	  30	   4	 776	   1	   2	  13	  12	  15	  30	  70	  50	 398	107846	108622	   0	  20	
  41	  41	  50	   3	 795	   3	   2	  13	  12	  16	  30	  70	  50	 660	110595	111390	   0	  20	
  42	  42	  70	   1	 696	   2	   1	  13	  13	  16	  30	  70	  50	 395	113078	113774	   0	  30	
  43	  43	  30	   4	 634	   1	   2	  14	  13	  16	  30	  70	  50	 351	115444	116078	   0	  30	
  44	  44	  70	   1	 567	   2	   1	  14	  14	  16	  30	  70	  50	 560	117943	118510	   0	  40	
  45	  45	  50	   2	 510	   3	   1	  14	  14	  17	  30	  70	  50	 372	120192	120702	   0	  30	
  46	  46	  30	   4	 598	   1	   2	  15	  14	  17	  30	  70	  50	 398	122408	123006	   0	  30	
  47	  47	  70	   1	 621	   2	   1	  15	  15	  17	  30	  70	  50	 343	124657	125278	   0	  40	
  48	  48	  30	   3	 626	   1	   2	  16	  15	  17	  30	  70	  50	 370	126956	127582	   0	  40	
  49	  49	  70	   2	 661	   2	   1	  16	  16	  17	  30	  70	  50	 413	129289	129950	   0	  30	
  50	  50	  30	   4	 831	   1	   2	  17	  16	  17	  30	  70	  50	 630	131871	132702	   0	  30	
  51	  51	  70	   1	 623	   2	   1	  17	  17	  17	  30	  70	  50	 654	134687	135310	   0	  40	
  52	  52	  30	   4	 647	   1	   2	  18	  17	  17	  30	  70	  50	 686	137303	137950	   0	  40	
  53	  53	  70	   1	 641	   2	   1	  18	  18	  17	  30	  70	  50	 625	139885	140526	   0	  50	
  54	  54	  30	   3	 665	   1	   2	  19	  18	  17	  30	  70	  50	 675	142501	143166	   0	  50	
  55	  55	  70	   2	 668	   2	   1	  19	  19	  17	  30	  70	  50	 369	144850	145518	   0	  40	
  56	  56	  50	   2	1228	   3	   1	  19	  19	  18	  30	  70	  50	 446	147266	148494	   0	  30	
  57	  57	  30	   4	 530	   1	   2	  20	  19	  18	  30	  70	  50	 543	150332	150862	   0	  30	
  58	  58	  70	   1	 400	   2	   1	  20	  20	  18	  30	  70	  50	 644	152814	153214	   0	  40	
  59	  59	  50	   1	1225	   3	   1	  20	  20	  19	  30	  70	  50	 478	154997	156222	   0	  50	
  60	  60	  30	   4	 614	   1	   2	  21	  20	  19	  30	  70	  50	 338	157863	158477	   0	  50	
NaN	  61	  50	NaN	NaN	   3	   3	  21	  20	  19	  30	  70	  50	 586	157863	NaN	   0	  50	
  61	  62	  70	   1	 426	   2	   1	  21	  21	  19	  30	  70	  50	 554	164227	164653	   0	  60	
  62	  63	  50	   4	 602	   3	   2	  21	  21	  20	  30	  70	  50	 681	166643	167245	   0	  60	
  63	  64	  70	   2	 549	   2	   1	  21	  22	  20	  30	  70	  50	 644	169192	169741	   0	  50	
  64	  65	  50	   2	 788	   3	   1	  21	  22	  21	  30	  70	  50	 570	171625	172413	   0	  40	
  65	  66	  30	   3	 589	   1	   2	  22	  22	  21	  30	  70	  50	 527	174240	174829	   0	  40	
  66	  67	  70	   1	 628	   2	   1	  22	  23	  21	  30	  70	  50	 336	176473	177101	   0	  50	
  67	  68	  30	   4	 462	   1	   2	  23	  23	  21	  30	  70	  50	 652	179055	179517	   0	  50	
  68	  69	  50	   3	 588	   3	   2	  23	  23	  22	  30	  70	  50	 313	181121	181709	   0	  50	
  69	  70	  70	   1	 413	   2	   1	  23	  24	  22	  30	  70	  50	 507	183520	183933	   0	  60	
  70	  71	  50	   4	 519	   3	   2	  23	  24	  23	  30	  70	  50	 462	185686	186205	   0	  60	
  71	  72	  70	   1	 523	   2	   1	  23	  25	  23	  30	  70	  50	 475	188002	188525	   0	  70	
  72	  73	  50	   4	1048	   3	   2	  23	  25	  24	  30	  70	  50	 673	190501	191549	   0	  70	
  73	  74	  70	   2	 593	   2	   1	  23	  26	  24	  30	  70	  50	 621	193484	194077	   0	  60	
  74	  75	  50	   3	 616	   3	   2	  23	  26	  25	  30	  70	  50	 348	195733	196349	   0	  60	
  75	  76	  70	   1	 546	   2	   1	  23	  27	  25	  30	  70	  50	 653	198315	198861	   0	  70	
  76	  77	  50	   4	 706	   3	   2	  23	  27	  26	  30	  70	  50	 552	200715	201421	   0	  70	
  77	  78	  70	   1	 541	   2	   1	  23	  28	  26	  30	  70	  50	 540	203264	203805	   0	  80	
  78	  79	  50	   3	 579	   3	   2	  23	  28	  27	  30	  70	  50	 428	205530	206109	   0	  80	
  79	  80	  30	   4	 435	   1	   2	  24	  28	  27	  30	  70	  50	 536	207962	208397	   0	  80	
  80	  81	  70	   2	 434	   2	   1	  24	  29	  27	  30	  70	  50	 692	210395	210829	   0	  70	
  81	  82	  30	   4	 595	   1	   2	  25	  29	  27	  30	  70	  50	 631	212794	213389	   0	  70	
  82	  83	  50	   3	 459	   3	   2	  25	  29	  28	  30	  70	  50	 321	215010	215469	   0	  70	
  83	  84	  30	   3	 551	   1	   2	  26	  29	  28	  30	  70	  50	 351	217126	217677	   0	  70	
  84	  85	  70	   1	 470	   2	   1	  26	  30	  28	  30	  70	  50	 611	219591	220061	   0	  80	
  85	  86	  50	   4	 598	   3	   2	  26	  30	  29	  30	  70	  50	 627	221991	222589	   0	  80	
  86	  87	  70	   1	 448	   2	   1	  26	  31	  29	  30	  70	  50	 666	224573	225021	   0	  90	
  87	  88	  50	   3	 817	   3	   2	  26	  31	  30	  30	  70	  50	 624	226956	227773	   0	  90	
  88	  89	  30	   4	 425	   1	   2	  27	  31	  30	  30	  70	  50	 503	229588	230013	   0	  90	
  89	  90	  70	   2	 412	   2	   1	  27	  32	  30	  30	  70	  50	 621	231937	232349	   0	  80	
  90	  91	  30	   4	1899	   3	   2	  27	  32	   1	  30	  70	  30	 693	234353	236252	   3	  80	
  91	  92	  70	   1	 697	   2	   1	  27	  33	   1	  30	  70	  30	 442	238019	238716	   0	  90	
  92	  93	  30	   4	 614	   1	   2	  28	  33	   1	  30	  70	  30	 484	240518	241132	   0	  90	
  93	  94	  30	   3	1029	   3	   2	  28	  33	   2	  30	  70	  30	 541	242983	244012	   0	  90	
  94	  95	  30	   3	 582	   1	   2	  29	  33	   2	  30	  70	  30	 452	245766	246348	   0	  90	
  95	  96	  20	   4	1081	   2	   2	  29	   1	   2	  30	  20	  30	 421	248115	249196	   2	  90	
  96	  97	  30	   4	 587	   1	   2	  30	   1	   2	  30	  20	  30	 382	250897	251484	   0	  90	
  97	  98	  30	   4	 791	   3	   2	  30	   1	   3	  30	  20	  30	 629	253413	254204	   0	  90	
  98	  99	  30	   4	 618	   1	   2	  31	   1	   3	  30	  20	  30	 654	256162	256780	   0	  90	
  99	 100	  30	   4	 821	   3	   2	  31	   1	   4	  30	  20	  30	 603	258695	259516	   0	  90	
 100	 101	  20	   4	1039	   2	   2	  31	   2	   4	  30	  20	  30	 449	261277	262316	   0	  90	
 101	 102	  30	   3	 688	   1	   2	  32	   2	   4	  30	  20	  30	 442	264076	264764	   0	  90	
 102	 103	  20	   3	 751	   2	   2	  32	   3	   4	  30	  20	  30	 438	266509	267260	   0	  90	
 103	 104	  30	   4	 641	   3	   2	  32	   3	   5	  30	  20	  30	 309	268875	269516	   0	  90	
 104	 105	  20	   4	 729	   2	   2	  32	   4	   5	  30	  20	  30	 692	271507	272236	   0	  90	
 105	 106	  30	   3	 894	   3	   2	  32	   4	   6	  30	  20	  30	 661	274190	275084	   0	  90	
 106	 107	  20	   4	 691	   2	   2	  32	   5	   6	  30	  20	  30	 521	276905	277596	   0	  90	
 107	 108	  30	   4	 860	   3	   2	  32	   5	   7	  30	  20	  30	 597	279488	280348	   0	  90	
 108	 109	  20	   1	1293	   2	   1	  32	   6	   7	  30	  20	  30	 661	282303	283596	   0	 100	
 109	 110	  30	   4	 699	   1	   2	  33	   6	   7	  30	  20	  30	 675	285569	286268	   0	 100	
 110	 111	  30	   4	 625	   3	   2	  33	   6	   8	  30	  20	  30	 652	288235	288860	   0	 100	
 111	 112	  20	   4	 799	   2	   2	  33	   7	   8	  30	  20	  30	 515	290701	291500	   0	 100	
 112	 113	  30	   4	 630	   3	   2	  33	   7	   9	  30	  20	  30	 562	293366	293996	   0	 100	
 113	 114	  30	   4	 595	   1	   2	  34	   7	   9	  30	  20	  30	 537	295849	296444	   0	 100	
 114	 115	  30	   3	 540	   3	   2	  34	   7	  10	  30	  20	  30	 309	298048	298588	   0	 100	
 115	 116	  30	   4	 579	   1	   2	  35	   7	  10	  30	  20	  30	 396	300281	300860	   0	 100	
 116	 117	  30	   3	 488	   3	   2	  35	   7	  11	  30	  20	  30	 447	302596	303084	   0	 100	
 117	 118	  80	   3	1278	   1	   2	   1	   7	  11	  80	  20	  30	 415	304846	306124	   1	 100	
 118	 119	  30	   4	 604	   3	   2	   1	   7	  12	  80	  20	  30	 698	308128	308732	   0	 100	
 119	 120	  20	   4	 594	   2	   2	   1	   8	  12	  80	  20	  30	 375	310410	311004	   0	 100	
 120	 121	  80	   1	 559	   1	   1	   2	   8	  12	  80	  20	  30	 586	312893	313452	   0	 110	
 121	 122	  30	   4	 538	   3	   2	   2	   8	  13	  80	  20	  30	 675	315442	315980	   0	 110	
 122	 123	  80	   2	 736	   1	   1	   3	   8	  13	  80	  20	  30	 409	317691	318427	   0	 100	
 123	 124	  30	   4	 482	   3	   2	   3	   8	  14	  80	  20	  30	 329	320057	320539	   0	 100	
 124	 125	  80	   3	 676	   1	   2	   4	   8	  14	  80	  20	  30	 576	322423	323099	   0	 100	
 125	 126	  30	   3	 559	   3	   2	   4	   8	  15	  80	  20	  30	 565	324972	325531	   0	 100	
 126	 127	  80	   1	 558	   1	   1	   5	   8	  15	  80	  20	  30	 578	327405	327963	   0	 110	
 127	 128	  30	   4	 594	   3	   2	   5	   8	  16	  80	  20	  30	 478	329737	330331	   0	 110	
 128	 129	  20	   4	 811	   2	   2	   5	   9	  16	  80	  20	  30	 691	332320	333131	   0	 110	
 129	 130	  80	   2	 400	   1	   1	   6	   9	  16	  80	  20	  30	 608	335035	335435	   0	 100	
 130	 131	  30	   4	 483	   3	   2	   6	   9	  17	  80	  20	  30	 622	337368	337851	   0	 100	
 131	 132	  80	   1	 667	   1	   1	   7	   9	  17	  80	  20	  30	 399	339584	340251	   0	 110	
 132	 133	  30	   4	 521	   3	   2	   7	   9	  18	  80	  20	  30	 499	342066	342587	   0	 110	
 133	 134	  80	   1	 457	   1	   1	   8	   9	  18	  80	  20	  30	 593	344482	344939	   0	 120	
 134	 135	  20	   4	 836	   2	   2	   8	  10	  18	  80	  20	  30	 366	346615	347451	   0	 120	
 135	 136	  80	   1	 456	   1	   1	   9	  10	  18	  80	  20	  30	 585	349347	349803	   0	 130	
 136	 137	  20	   3	 882	   2	   2	   9	  11	  18	  80	  20	  30	 413	351513	352395	   0	 130	
 137	 138	  80	   1	 636	   1	   1	  10	  11	  18	  80	  20	  30	 374	354079	354715	   0	 140	
 138	 139	  20	   4	 849	   2	   2	  10	  12	  18	  80	  20	  30	 363	356378	357227	   0	 140	
 139	 140	  30	   3	 601	   3	   2	  10	  12	  19	  80	  20	  30	 459	358994	359595	   0	 140	
 140	 141	  80	   2	 454	   1	   1	  11	  12	  19	  80	  20	  30	 584	361493	361947	   0	 130	
 141	 142	  30	   4	 501	   3	   2	  11	  12	  20	  80	  20	  30	 678	363942	364443	   0	 130	
 142	 143	  20	   4	 735	   2	   2	  11	  13	  20	  80	  20	  30	 351	366108	366843	   0	 130	
 143	 144	  80	   1	 460	   1	   1	  12	  13	  20	  80	  20	  30	 442	368591	369051	   0	 140	
 144	 145	  30	   3	 470	   3	   2	  12	  13	  21	  80	  20	  30	 405	370757	371227	   0	 140	
 145	 146	  20	   4	 416	   2	   2	  12	  14	  21	  80	  20	  30	 412	372939	373355	   0	 140	
 146	 147	  30	   4	 451	   3	   2	  12	  14	  22	  80	  20	  30	 629	375288	375739	   0	 140	
 147	 148	  20	   4	 657	   2	   2	  12	  15	  22	  80	  20	  30	 314	377354	378011	   0	 140	
 148	 149	  80	   1	 620	   1	   1	  13	  15	  22	  80	  20	  30	 581	379903	380523	   0	 150	
 149	 150	  20	   4	 786	   2	   2	  13	  16	  22	  80	  20	  30	 333	382169	382955	   0	 150	
 150	 151	  80	   1	 617	   1	   1	  14	  16	  22	  80	  20	  30	 558	384818	385435	   0	 160	
 151	 152	  20	   4	 732	   2	   2	  14	  17	  22	  80	  20	  30	 381	387151	387883	   0	 160	
 152	 153	  30	   4	 496	   3	   2	  14	  17	  23	  80	  20	  30	 692	389883	390379	   0	 160	
 153	 154	  20	   3	 824	   2	   2	  14	  18	  23	  80	  20	  30	 408	392083	392907	   0	 160	
 154	 155	  80	   1	 475	   1	   1	  15	  18	  23	  80	  20	  30	 622	394832	395307	   0	 170	
 155	 156	  30	   4	 553	   3	   2	  15	  18	  24	  80	  20	  30	 665	397281	397834	   0	 170	
 156	 157	  80	   1	 617	   1	   1	  16	  18	  24	  80	  20	  30	 559	399697	400314	   0	 180	
 157	 158	  20	   4	 458	   2	   2	  16	  19	  24	  80	  20	  30	 496	402112	402570	   0	 180	
 158	 159	  30	   4	 469	   3	   2	  16	  19	  25	  80	  20	  30	 367	404245	404714	   0	 180	
 159	 160	  80	   1	 480	   1	   1	  17	  19	  25	  80	  20	  30	 372	406394	406874	   0	 190	
 160	 161	  20	   4	 458	   2	   2	  17	  20	  25	  80	  20	  30	 372	408560	409018	   0	 190	
 161	 162	  30	   4	 416	   3	   2	  17	  20	  26	  80	  20	  30	 473	410810	411226	   0	 190	
 162	 163	  80	   2	 432	   1	   1	  18	  20	  26	  80	  20	  30	 303	412842	413274	   0	 180	
 163	 164	  30	   3	 527	   3	   2	  18	  20	  27	  80	  20	  30	 686	415275	415802	   0	 180	
 164	 165	  20	   4	 489	   2	   2	  18	  21	  27	  80	  20	  30	 348	417457	417946	   0	 180	
 165	 166	  30	   4	 496	   3	   2	  18	  21	  28	  80	  20	  30	 448	419706	420202	   0	 180	
 166	 167	  80	   1	 552	   1	   1	  19	  21	  28	  80	  20	  30	 424	421922	422474	   0	 190	
 167	 168	  30	   4	 490	   3	   2	  19	  21	  29	  80	  20	  30	 481	424272	424762	   0	 190	
 168	 169	  20	   4	 582	   2	   2	  19	  22	  29	  80	  20	  30	 324	426388	426970	   0	 190	
 169	 170	  30	   3	 531	   3	   2	  19	  22	  30	  80	  20	  30	 601	428887	429418	   0	 190	
 170	 171	  80	   1	 451	   1	   1	  20	  22	  30	  80	  20	  30	 574	431303	431754	   0	 200	
 171	 172	  30	   4	 509	   3	   2	  20	  22	  31	  80	  20	  30	 399	433485	433994	   0	 200	
 172	 173	  20	   3	 460	   2	   2	  20	  23	  31	  80	  20	  30	 645	435934	436394	   0	 200	
 173	 174	  80	   1	 443	   1	   1	  21	  23	  31	  80	  20	  30	 697	438383	438826	   0	 210	
 174	 175	  30	   4	 499	   3	   2	  21	  23	  32	  80	  20	  30	 451	440583	441082	   0	 210	
 175	 176	  80	   1	 588	   1	   1	  22	  23	  32	  80	  20	  30	 392	442782	443370	   0	 220	
 176	 177	  30	   4	 535	   3	   2	  22	  23	  33	  80	  20	  30	 658	445331	445866	   0	 220	
 177	 178	  80	   2	 614	   1	   1	  23	  23	  33	  80	  20	  30	 614	447780	448394	   0	 210	
 178	 179	  30	   3	 489	   3	   2	  23	  23	  34	  80	  20	  30	 406	450113	450602	   0	 210	
 179	 180	  20	   4	 766	   2	   2	  23	  24	  34	  80	  20	  30	 506	452412	453178	   0	 210	
 180	 181	  30	   4	 540	   3	   2	  23	  24	  35	  80	  20	  30	 413	454894	455434	   0	 210	
 181	 182	  20	   3	 544	   2	   2	  23	  25	  35	  80	  20	  30	 459	457210	457754	   0	 210	
 182	 183	  80	   1	 445	   1	   1	  24	  25	  35	  80	  20	  30	 645	459693	460138	   0	 220	
 183	 184	  70	   3	1189	   3	   2	  24	  25	   1	  80	  20	  70	 436	461909	463098	   3	 220	
 184	 185	  20	   4	 676	   2	   2	  24	  26	   1	  80	  20	  70	 361	464758	465434	   0	 220	
 185	 186	  70	   4	 542	   3	   2	  24	  26	   2	  80	  20	  70	 581	467324	467866	   0	 220	
 186	 187	  20	   4	 615	   2	   2	  24	  27	   2	  80	  20	  70	 369	469539	470154	   0	 220	
 187	 188	  70	   3	 506	   3	   2	  24	  27	   3	  80	  20	  70	 399	471872	472378	   0	 220	
 188	 189	  20	   4	 495	   2	   2	  24	  28	   3	  80	  20	  70	 456	474138	474633	   0	 220	
 189	 190	  80	   2	 768	   1	   1	  25	  28	   3	  80	  20	  70	 610	476537	477305	   0	 210	
 190	 191	  70	   4	 646	   3	   2	  25	  28	   4	  80	  20	  70	 605	479219	479865	   0	 210	
 191	 192	  80	   1	 572	   1	   1	  26	  28	   4	  80	  20	  70	 688	481885	482457	   0	 220	
 192	 193	  20	   4	 528	   2	   2	  26	  29	   4	  80	  20	  70	 433	484201	484729	   0	 220	
 193	 194	  70	   3	 445	   3	   2	  26	  29	   5	  80	  20	  70	 648	486684	487129	   0	 220	
 194	 195	  20	   4	 603	   2	   2	  26	  30	   5	  80	  20	  70	 339	488766	489369	   0	 220	
 195	 196	  70	   1	 608	   3	   1	  26	  30	   6	  80	  20	  70	 388	491065	491673	   0	 230	
 196	 197	  80	   1	 666	   1	   1	  27	  30	   6	  80	  20	  70	 661	493631	494297	   0	 240	
 197	 198	  50	   3	1062	   2	   2	  27	   1	   6	  80	  50	  70	 502	496147	497209	   2	 240	
 198	 199	  70	   1	 858	   3	   1	  27	   1	   7	  80	  50	  70	 373	498879	499737	   0	 250	
 199	 200	  50	   4	 459	   2	   2	  27	   2	   7	  80	  50	  70	 623	501662	502121	   0	 250	
 200	 201	  80	   1	 557	   1	   1	  28	   2	   7	  80	  50	  70	 601	504028	504585	   0	 260	
 201	 202	  70	   2	 412	   3	   1	  28	   2	   8	  80	  50	  70	 569	506477	506889	   0	 250	
 202	 203	  50	   3	 534	   2	   2	  28	   3	   8	  80	  50	  70	 457	508643	509177	   0	 250	
 203	 204	  70	   1	 701	   3	   1	  28	   3	   9	  80	  50	  70	 406	510892	511593	   0	 260	
 204	 205	  50	   2	 465	   2	   1	  28	   4	   9	  80	  50	  70	 313	513208	513673	   0	 250	
 205	 206	  70	   1	 647	   3	   1	  28	   4	  10	  80	  50	  70	 484	515474	516121	   0	 260	
 206	 207	  50	   4	1073	   2	   2	  28	   5	  10	  80	  50	  70	 627	518056	519129	   0	 260	
 207	 208	  80	   1	 628	   1	   1	  29	   5	  10	  80	  50	  70	 359	520789	521417	   0	 270	
 208	 209	  50	   3	 673	   2	   2	  29	   6	  10	  80	  50	  70	 596	523304	523977	   0	 270	
 209	 210	  80	   1	 563	   1	   1	  30	   6	  10	  80	  50	  70	 392	525670	526233	   0	 280	
 210	 211	  70	   2	 524	   3	   1	  30	   6	  11	  80	  50	  70	 307	527853	528377	   0	 270	
 211	 212	  50	   3	 966	   2	   2	  30	   7	  11	  80	  50	  70	 326	530019	530985	   0	 270	
 212	 213	  80	   1	 553	   1	   1	  31	   7	  11	  80	  50	  70	 466	532768	533321	   0	 280	
 213	 214	  70	   4	1092	   3	   2	  31	   7	  12	  80	  50	  70	 688	535317	536409	   0	 280	
 214	 215	  80	   1	 590	   1	   1	  32	   7	  12	  80	  50	  70	 590	538299	538889	   0	 290	
 215	 216	  70	   3	 970	   3	   2	  32	   7	  13	  80	  50	  70	 626	540815	541785	   0	 290	
 216	 217	  50	   2	 451	   2	   1	  32	   8	  13	  80	  50	  70	 321	543414	543865	   0	 280	
 217	 218	  80	   1	 422	   1	   1	  33	   8	  13	  80	  50	  70	 582	545763	546185	   0	 290	
 218	 219	  50	   2	1936	   2	   1	  33	   9	  13	  80	  50	  70	 431	547929	549865	   0	 280	
 219	 220	  20	   4	1004	   1	   2	   1	   9	  13	  20	  50	  70	 467	551661	552665	   1	 280	
 220	 221	  70	   3	1397	   3	   2	   1	   9	  14	  20	  50	  70	 667	554644	556041	   0	 280	
 221	 222	  50	   3	 827	   2	   2	   1	  10	  14	  20	  50	  70	 336	557709	558536	   0	 280	
 222	 223	  70	   1	1195	   3	   1	   1	  10	  15	  20	  50	  70	 684	560525	561720	   0	 290	
 223	 224	  20	   4	 793	   1	   2	   2	  10	  15	  20	  50	  70	 391	563407	564200	   0	 290	
 224	 225	  50	   4	1284	   2	   2	   2	  11	  15	  20	  50	  70	 443	565940	567224	   0	 290	
 225	 226	  70	   1	1120	   3	   1	   2	  11	  16	  20	  50	  70	 317	568856	569976	   0	 300	
 226	 227	  20	   4	 572	   1	   2	   3	  11	  16	  20	  50	  70	 499	571788	572360	   0	 300	
 227	 228	  70	   2	1102	   3	   1	   3	  11	  17	  20	  50	  70	 512	574170	575272	   0	 290	
 228	 229	  20	   3	 556	   1	   2	   4	  11	  17	  20	  50	  70	 460	577036	577592	   0	 290	
 229	 230	  50	   3	1104	   2	   2	   4	  12	  17	  20	  50	  70	 462	579352	580456	   0	 290	
 230	 231	  70	   1	 589	   3	   1	   4	  12	  18	  20	  50	  70	 483	582251	582840	   0	 300	
 231	 232	  50	   4	1412	   2	   2	   4	  13	  18	  20	  50	  70	 615	584900	586312	   0	 300	
 232	 233	  70	   1	 686	   3	   1	   4	  13	  19	  20	  50	  70	 648	588266	588952	   0	 310	
 233	 234	  20	   4	 596	   1	   2	   5	  13	  19	  20	  50	  70	 687	590948	591544	   0	 310	
 234	 235	  70	   1	 634	   3	   1	   5	  13	  20	  20	  50	  70	 361	593214	593848	   0	 320	
 235	 236	  20	   4	 615	   1	   2	   6	  13	  20	  20	  50	  70	 550	595713	596328	   0	 320	
 236	 237	  50	   4	 781	   2	   2	   6	  14	  20	  20	  50	  70	 341	597979	598760	   0	 320	
 237	 238	  70	   2	 470	   3	   1	   6	  14	  21	  20	  50	  70	 510	600578	601048	   0	 310	
 238	 239	  50	   3	 730	   2	   2	   6	  15	  21	  20	  50	  70	 536	602894	603624	   0	 310	
 239	 240	  70	   1	 813	   3	   1	   6	  15	  22	  20	  50	  70	 301	605243	606056	   0	 320	
 240	 241	  50	   3	1153	   2	   2	   6	  16	  22	  20	  50	  70	 582	607959	609112	   0	 320	
 241	 242	  20	   3	 460	   1	   2	   7	  16	  22	  20	  50	  70	 488	610924	611384	   0	 320	
 242	 243	  50	   4	 720	   2	   2	   7	  17	  22	  20	  50	  70	 544	613224	613944	   0	 320	
 243	 244	  20	   4	 537	   1	   2	   8	  17	  22	  20	  50	  70	 597	615839	616376	   0	 320	
 244	 245	  70	   1	 441	   3	   1	   8	  17	  23	  20	  50	  70	 572	618255	618696	   0	 330	
 245	 246	  50	   3	 747	   2	   2	   8	  18	  23	  20	  50	  70	 608	620605	621352	   0	 330	
 246	 247	  20	   4	 580	   1	   2	   9	  18	  23	  20	  50	  70	 538	623204	623784	   0	 330	
 247	 248	  50	   4	 791	   2	   2	   9	  19	  23	  20	  50	  70	 451	625553	626344	   0	 330	
 248	 249	  70	   1	 374	   3	   1	   9	  19	  24	  20	  50	  70	 350	628002	628376	   0	 340	
 249	 250	  20	   4	 575	   1	   2	  10	  19	  24	  20	  50	  70	 522	630201	630776	   0	 340	
 250	 251	  70	   1	 699	   3	   1	  10	  19	  25	  20	  50	  70	 645	632717	633416	   0	 350	
 251	 252	  50	   3	 602	   2	   2	  10	  20	  25	  20	  50	  70	 387	635133	635735	   0	 350	
 252	 253	  20	   4	 446	   1	   2	  11	  20	  25	  20	  50	  70	 430	637465	637911	   0	 350	
 253	 254	  70	   2	 504	   3	   1	  11	  20	  26	  20	  50	  70	 394	639615	640119	   0	 340	
 254	 255	  50	   3	 770	   2	   2	  11	  21	  26	  20	  50	  70	 363	641781	642551	   0	 340	
 255	 256	  70	   1	 566	   3	   1	  11	  21	  27	  20	  50	  70	 649	644513	645079	   0	 350	
 256	 257	  50	   4	1200	   2	   2	  11	  22	  27	  20	  50	  70	 683	647079	648279	   0	 350	
 257	 258	  70	   1	 669	   3	   1	  11	  22	  28	  20	  50	  70	 385	649978	650647	   0	 360	
 258	 259	  50	   4	1331	   2	   2	  11	  23	  28	  20	  50	  70	 686	652644	653975	   0	 360	
 259	 260	  70	   2	 562	   3	   1	  11	  23	  29	  20	  50	  70	 628	655909	656471	   0	 350	
 260	 261	  20	   4	 445	   1	   2	  12	  23	  29	  20	  50	  70	 684	658458	658903	   0	 350	
 261	 262	  70	   1	 481	   3	   1	  12	  23	  30	  20	  50	  70	 553	660774	661255	   0	 360	
 262	 263	  50	   4	 613	   2	   2	  12	  24	  30	  20	  50	  70	 529	663090	663703	   0	 360	
 263	 264	  20	   4	 531	   1	   2	  13	  24	  30	  20	  50	  70	 536	665556	666087	   0	 360	
 264	 265	  50	   4	1192	   3	   2	  13	  24	   1	  20	  50	  50	 444	667855	669047	   3	 360	
 265	 266	  50	   3	 892	   2	   2	  13	  25	   1	  20	  50	  50	 627	670971	671863	   0	 360	
 266	 267	  50	   4	 573	   3	   2	  13	  25	   2	  20	  50	  50	 629	673786	674359	   0	 360	
 267	 268	  50	   3	1083	   2	   2	  13	  26	   2	  20	  50	  50	 593	676252	677335	   0	 360	
 268	 269	  20	   3	 600	   1	   2	  14	  26	   2	  20	  50	  50	 499	679151	679751	   0	 360	
 269	 270	  50	   4	1183	   2	   2	  14	  27	   2	  20	  50	  50	 327	681384	682567	   0	 360	
 270	 271	  50	   3	 366	   3	   2	  14	  27	   3	  20	  50	  50	 367	684249	684615	   0	 360	
 271	 272	  50	   3	 874	   2	   2	  14	  28	   3	  20	  50	  50	 403	686349	687223	   0	 360	
 272	 273	  50	   4	 660	   3	   2	  14	  28	   4	  20	  50	  50	 409	688931	689591	   0	 360	
 273	 274	  50	   4	1014	   2	   2	  14	  29	   4	  20	  50	  50	 405	691297	692311	   0	 360	
 274	 275	  20	   4	 516	   1	   2	  15	  29	   4	  20	  50	  50	 537	694163	694679	   0	 360	
 275	 276	  50	   3	 406	   3	   2	  15	  29	   5	  20	  50	  50	 561	696545	696951	   0	 360	
 276	 277	  50	   3	 731	   2	   2	  15	  30	   5	  20	  50	  50	 587	698844	699575	   0	 360	
 277	 278	  20	   3	 449	   1	   2	  16	  30	   5	  20	  50	  50	 619	701510	701959	   0	 360	
 278	 279	  50	   3	 701	   3	   2	  16	  30	   6	  20	  50	  50	 331	703610	704311	   0	 360	
 279	 280	  20	   4	 676	   1	   2	  17	  30	   6	  20	  50	  50	 653	706275	706951	   0	 360	
 280	 281	  50	   2	 517	   3	   1	  17	  30	   7	  20	  50	  50	 427	708674	709191	   0	 350	
 281	 282	  20	   4	 567	   1	   2	  18	  30	   7	  20	  50	  50	 520	711040	711607	   0	 350	
 282	 283	  50	   4	1129	   3	   2	  18	  30	   8	  20	  50	  50	 469	713390	714519	   0	 350	
 283	 284	  50	   1	1614	   2	   1	  18	  31	   8	  20	  50	  50	 635	716472	718086	   0	 360	
 284	 285	  20	   4	 493	   1	   2	  19	  31	   8	  20	  50	  50	 343	719737	720230	   0	 360	
 285	 286	  50	   2	 840	   2	   1	  19	  32	   8	  20	  50	  50	 343	721870	722710	   0	 350	
 286	 287	  20	   4	 554	   1	   2	  20	  32	   8	  20	  50	  50	 626	724636	725190	   0	 350	
 287	 288	  50	   3	 738	   3	   2	  20	  32	   9	  20	  50	  50	 378	726868	727606	   0	 350	
 288	 289	  20	   4	 644	   1	   2	  21	  32	   9	  20	  50	  50	 325	729234	729878	   0	 350	
 289	 290	  50	   3	 770	   3	   2	  21	  32	  10	  20	  50	  50	 524	731700	732470	   0	 350	
 290	 291	  50	   3	 631	   2	   2	  21	  33	  10	  20	  50	  50	 627	734399	735030	   0	 350	
 291	 292	  50	   3	1262	   3	   2	  21	  33	  11	  20	  50	  50	 685	737048	738310	   0	 350	
 292	 293	  20	   4	 973	   2	   2	  21	   1	  11	  20	  20	  50	 641	740297	741270	   2	 350	
 293	 294	  50	   1	 752	   3	   1	  21	   1	  12	  20	  20	  50	 476	743046	743798	   0	 360	
 294	 295	  20	   3	 637	   1	   2	  22	   1	  12	  20	  20	  50	 438	745545	746182	   0	 360	
 295	 296	  20	   4	 477	   2	   2	  22	   2	  12	  20	  20	  50	 468	747961	748438	   0	 360	
 296	 297	  20	   4	 854	   1	   2	  23	   2	  12	  20	  20	  50	 419	750160	751014	   0	 360	
 297	 298	  20	   4	 661	   2	   2	  23	   3	  12	  20	  20	  50	 673	752993	753654	   0	 360	
 298	 299	  20	   4	 690	   1	   2	  24	   3	  12	  20	  20	  50	 552	755508	756198	   0	 360	
 299	 300	  20	   4	 692	   2	   2	  24	   4	  12	  20	  20	  50	 361	757858	758550	   0	 360	
 300	 301	  50	   2	 685	   3	   1	  24	   4	  13	  20	  20	  50	 609	760457	761142	   0	 350	
 301	 302	  20	   3	 674	   2	   2	  24	   5	  13	  20	  20	  50	 686	763156	763830	   0	 350	
 302	 303	  50	   3	1302	   3	   2	  24	   5	  14	  20	  20	  50	 337	765472	766774	   0	 350	
 303	 304	  20	   4	 915	   2	   2	  24	   6	  14	  20	  20	  50	 681	768771	769686	   0	 350	
 304	 305	  20	   4	 533	   1	   2	  25	   6	  14	  20	  20	  50	 552	771553	772086	   0	 350	
 305	 306	  50	   1	 433	   3	   1	  25	   6	  15	  20	  20	  50	 687	774085	774518	   0	 360	
 306	 307	  20	   4	 657	   1	   2	  26	   6	  15	  20	  20	  50	 648	776485	777142	   0	 360	
 307	 308	  50	   2	 868	   3	   1	  26	   6	  16	  20	  20	  50	 394	778834	779702	   0	 350	
 308	 309	  20	   4	 621	   1	   2	  27	   6	  16	  20	  20	  50	 427	781433	782054	   0	 350	
 309	 310	  50	   2	 865	   3	   1	  27	   6	  17	  20	  20	  50	 414	783765	784630	   0	 340	
 310	 311	  20	   3	 626	   1	   2	  28	   6	  17	  20	  20	  50	 599	786548	787174	   0	 340	
 311	 312	  50	   1	 993	   3	   1	  28	   6	  18	  20	  20	  50	 502	788997	789990	   0	 350	
 312	 313	  20	   4	 535	   2	   2	  28	   7	  18	  20	  20	  50	 365	791663	792198	   0	 350	
 313	 314	  50	   2	 941	   3	   1	  28	   7	  19	  20	  20	  50	 418	793929	794870	   0	 340	
 314	 315	  20	   4	 679	   2	   2	  28	   8	  19	  20	  20	  50	 304	796478	797157	   0	 340	
 315	 316	  20	   4	 496	   1	   2	  29	   8	  19	  20	  20	  50	 611	799077	799573	   0	 340	
 316	 317	  20	   3	 661	   2	   2	  29	   9	  19	  20	  20	  50	 483	801376	802037	   0	 340	
 317	 318	  50	   2	 495	   3	   1	  29	   9	  20	  20	  20	  50	 608	803942	804437	   0	 330	
 318	 319	  20	   4	 583	   2	   2	  29	  10	  20	  20	  20	  50	 428	806158	806741	   0	 330	
 319	 320	  20	   4	 610	   1	   2	  30	  10	  20	  20	  20	  50	 648	808707	809317	   0	 330	
 320	 321	  50	   2	 828	   3	   1	  30	  10	  21	  20	  20	  50	 649	811273	812101	   0	 320	
 321	 322	  20	   4	 570	   1	   2	  31	  10	  21	  20	  20	  50	 332	813755	814325	   0	 320	
 322	 323	  50	   1	 857	   3	   1	  31	  10	  22	  20	  20	  50	 570	816204	817061	   0	 330	
 323	 324	  20	   4	 553	   1	   2	  32	  10	  22	  20	  20	  50	 662	819020	819573	   0	 330	
 324	 325	  20	   4	 459	   2	   2	  32	  11	  22	  20	  20	  50	 507	821386	821845	   0	 330	
 325	 326	  20	   3	 615	   1	   2	  33	  11	  22	  20	  20	  50	 364	823502	824117	   0	 330	
 326	 327	  50	   2	 851	   3	   1	  33	  11	  23	  20	  20	  50	 605	826034	826885	   0	 320	
 327	 328	  20	   4	 529	   2	   2	  33	  12	  23	  20	  20	  50	 311	828500	829029	   0	 320	
 328	 329	  50	   3	 577	   3	   2	  33	  12	  24	  20	  20	  50	 590	830916	831493	   0	 320	
 329	 330	  20	   4	 498	   2	   2	  33	  13	  24	  20	  20	  50	 501	833299	833797	   0	 320	
 330	 331	  20	   4	 706	   1	   2	  34	  13	  24	  20	  20	  50	 618	835731	836437	   0	 320	
 331	 332	  20	   4	 523	   2	   2	  34	  14	  24	  20	  20	  50	 564	838314	838837	   0	 320	
 332	 333	  50	   1	 860	   3	   1	  34	  14	  25	  20	  20	  50	 578	840713	841573	   0	 330	
 333	 334	  20	   4	 437	   1	   2	  35	  14	  25	  20	  20	  50	 435	843312	843749	   0	 330	
 334	 335	  20	   4	 463	   2	   2	  35	  15	  25	  20	  20	  50	 415	845478	845941	   0	 330	
 335	 336	  50	   2	 589	   3	   1	  35	  15	  26	  20	  20	  50	 685	847944	848533	   0	 320	
 336	 337	  80	   3	 883	   1	   2	   1	  15	  26	  80	  20	  50	 345	850226	851109	   1	 320	
 337	 338	  20	   4	 550	   2	   2	   1	  16	  26	  80	  20	  50	 554	852975	853525	   0	 320	
 338	 339	  80	   3	 843	   1	   2	   2	  16	  26	  80	  20	  50	 422	855258	856101	   0	 320	
 339	 340	  20	   4	 510	   2	   2	   2	  17	  26	  80	  20	  50	 626	858023	858533	   0	 320	
 340	 341	  80	   1	 392	   1	   1	   3	  17	  26	  80	  20	  50	 351	860189	860581	   0	 330	
 341	 342	  50	   3	 801	   3	   2	   3	  17	  27	  80	  20	  50	 467	862372	863173	   0	 330	
 342	 343	  80	   1	 434	   1	   1	   4	  17	  27	  80	  20	  50	 692	865171	865605	   0	 340	
 343	 344	  20	   3	 434	   2	   2	   4	  18	  27	  80	  20	  50	 669	867587	868021	   0	 340	
 344	 345	  50	   3	 805	   3	   2	   4	  18	  28	  80	  20	  50	 601	869936	870741	   0	 340	
 345	 346	  20	   3	 489	   2	   2	   4	  19	  28	  80	  20	  50	 612	872652	873141	   0	 340	
 346	 347	  80	   2	 478	   1	   1	   5	  19	  28	  80	  20	  50	 478	874918	875396	   0	 330	
 347	 348	  20	   4	 530	   2	   2	   5	  20	  28	  80	  20	  50	 532	877234	877764	   0	 330	
 348	 349	  50	   4	 876	   3	   2	   5	  20	  29	  80	  20	  50	 343	879416	880292	   0	 330	
 349	 350	  80	   1	 573	   1	   1	   6	  20	  29	  80	  20	  50	 605	882199	882772	   0	 340	
 350	 351	  50	   4	 886	   3	   2	   6	  20	  30	  80	  20	  50	 330	884398	885284	   0	 340	
 351	 352	  80	   1	 405	   1	   1	   7	  20	  30	  80	  20	  50	 661	887263	887668	   0	 350	
 352	 353	  50	   4	 601	   3	   2	   7	  20	  31	  80	  20	  50	 582	889563	890164	   0	 350	
 353	 354	  80	   1	 539	   1	   1	   8	  20	  31	  80	  20	  50	 453	891929	892468	   0	 360	
 354	 355	  20	   3	 492	   2	   2	   8	  21	  31	  80	  20	  50	 565	894344	894836	   0	 360	
 355	 356	  80	   2	 452	   1	   1	   9	  21	  31	  80	  20	  50	 398	896544	896996	   0	 350	
 356	 357	  50	   4	 585	   3	   2	   9	  21	  32	  80	  20	  50	 535	898843	899428	   0	 350	
 357	 358	  20	   4	 536	   2	   2	   9	  22	  32	  80	  20	  50	 561	901292	901828	   0	 350	
 358	 359	  50	   3	 745	   3	   2	   9	  22	  33	  80	  20	  50	 536	903675	904420	   0	 350	
 359	 360	  20	   4	 551	   2	   2	   9	  23	  33	  80	  20	  50	 432	906157	906708	   0	 350	
 360	 361	  80	   1	 476	   1	   1	  10	  23	  33	  80	  20	  50	 433	908456	908932	   0	 360	
 361	 362	  20	   4	 569	   2	   2	  10	  24	  33	  80	  20	  50	 687	910939	911508	   0	 360	
 362	 363	  70	   3	 992	   3	   2	  10	  24	   1	  80	  20	  70	 360	913188	914180	   3	 360	
 363	 364	  80	   1	 628	   1	   1	  11	  24	   1	  80	  20	  70	 417	915904	916532	   0	 370	
 364	 365	  70	   4	 522	   3	   2	  11	  24	   2	  80	  20	  70	 347	918170	918692	   0	 370	
 365	 366	  20	   4	 590	   2	   2	  11	  25	   2	  80	  20	  70	 501	920502	921092	   0	 370	
 366	 367	  70	   4	 648	   3	   2	  11	  25	   3	  80	  20	  70	 671	923068	923716	   0	 370	
 367	 368	  20	   4	 565	   2	   2	  11	  26	   3	  80	  20	  70	 546	925567	926132	   0	 370	
 368	 369	  80	   1	 402	   1	   1	  12	  26	   3	  80	  20	  70	 619	928066	928468	   0	 380	
 369	 370	  70	   3	 380	   3	   2	  12	  26	   4	  80	  20	  70	 453	930232	930612	   0	 380	
 370	 371	  20	   3	 503	   2	   2	  12	  27	   4	  80	  20	  70	 444	932365	932868	   0	 380	
 371	 372	  70	   3	 519	   3	   2	  12	  27	   5	  80	  20	  70	 597	934781	935300	   0	 380	
 372	 373	  80	   1	 471	   1	   1	  13	  27	   5	  80	  20	  70	 611	937213	937684	   0	 390	
 373	 374	  70	   1	 510	   3	   1	  13	  27	   6	  80	  20	  70	 449	939446	939956	   0	 400	
 374	 375	  80	   1	 625	   1	   1	  14	  27	   6	  80	  20	  70	 548	941811	942436	   0	 410	
 375	 376	  70	   2	 699	   3	   1	  14	  27	   7	  80	  20	  70	 638	944377	945076	   0	 400	
 376	 377	  20	   4	 512	   2	   2	  14	  28	   7	  80	  20	  70	 670	947060	947572	   0	 400	
 377	 378	  80	   1	 571	   1	   1	  15	  28	   7	  80	  20	  70	 336	949209	949780	   0	 410	
 378	 379	  70	   3	 482	   3	   2	  15	  28	   8	  80	  20	  70	 360	951442	951924	   0	 410	
 379	 380	  80	   1	 631	   1	   1	  16	  28	   8	  80	  20	  70	 501	953741	954372	   0	 420	
 380	 381	  70	   3	1440	   3	   2	  16	  28	   9	  80	  20	  70	 623	956307	957747	   0	 420	
 381	 382	  80	   1	 648	   1	   1	  17	  28	   9	  80	  20	  70	 666	959739	960387	   0	 430	
 382	 383	  20	   4	 584	   2	   2	  17	  29	   9	  80	  20	  70	 455	962155	962739	   0	 430	
 383	 384	  80	   2	 569	   1	   1	  18	  29	   9	  80	  20	  70	 515	964570	965139	   0	 420	
 384	 385	  70	   1	 516	   3	   1	  18	  29	  10	  80	  20	  70	 655	967103	967619	   0	 430	
 385	 386	  80	   2	 467	   1	   1	  19	  29	  10	  80	  20	  70	 614	969552	970019	   0	 420	
 386	 387	  20	   4	 514	   2	   2	  19	  30	  10	  80	  20	  70	 660	971985	972499	   0	 420	
 387	 388	  70	   2	 722	   3	   1	  19	  30	  11	  80	  20	  70	 612	974417	975139	   0	 410	
 388	 389	  20	   4	 506	   2	   2	  19	  31	  11	  80	  20	  70	 592	977033	977539	   0	 410	
 389	 390	  70	   3	 788	   3	   2	  19	  31	  12	  80	  20	  70	 356	979199	979987	   0	 410	
 390	 391	  80	   1	 538	   1	   1	  20	  31	  12	  80	  20	  70	 584	981881	982419	   0	 420	
 391	 392	  70	   3	 528	   3	   2	  20	  31	  13	  80	  20	  70	 409	984147	984675	   0	 420	
 392	 393	  20	   4	 433	   2	   2	  20	  32	  13	  80	  20	  70	 577	986546	986979	   0	 420	
 393	 394	  70	   2	 856	   3	   1	  20	  32	  14	  80	  20	  70	 508	988795	989651	   0	 410	
 394	 395	  20	   3	 519	   2	   2	  20	  33	  14	  80	  20	  70	 696	991644	992163	   0	 410	
 395	 396	  70	   3	 495	   3	   2	  20	  33	  15	  80	  20	  70	 366	993844	994339	   0	 410	
 396	 397	  80	   2	 395	   1	   1	  21	  33	  15	  80	  20	  70	 340	995976	996371	   0	 400	
 397	 398	  70	   3	 485	   3	   2	  21	  33	  16	  80	  20	  70	 474	998142	998627	   0	 400	
 398	 399	  20	   4	 431	   2	   2	  21	  34	  16	  80	  20	  70	 373	1000308	1000739	   0	 400	
 399	 400	  80	   1	 556	   1	   1	  22	  34	  16	  80	  20	  70	 353	1002407	1002963	   0	 410	
 400	 401	  20	   4	 575	   2	   2	  22	  35	  16	  80	  20	  70	 477	1004740	1005315	   0	 410	
 401	 402	  80	   1	 672	   1	   1	  23	  35	  16	  80	  20	  70	 503	1007139	1007811	   0	 420	
 402	 403	  80	   3	 953	   2	   2	  23	   1	  16	  80	  80	  70	 583	1009722	1010675	   2	 420	
 403	 404	  80	   1	 556	   1	   1	  24	   1	  16	  80	  80	  70	 491	1012471	1013027	   0	 430	
 404	 405	  80	   3	 556	   2	   2	  24	   2	  16	  80	  80	  70	 552	1014887	1015443	   0	 430	
 405	 406	  80	   1	 449	   1	   1	  25	   2	  16	  80	  80	  70	 452	1017202	1017651	   0	 440	
 406	 407	  80	   1	 505	   2	   1	  25	   3	  16	  80	  80	  70	 443	1019402	1019907	   0	 450	
 407	 408	  80	   1	 580	   1	   1	  26	   3	  16	  80	  80	  70	 331	1021551	1022131	   0	 460	
 408	 409	  80	   2	 575	   2	   1	  26	   4	  16	  80	  80	  70	 660	1024100	1024675	   0	 450	
 409	 410	  80	   2	 611	   1	   1	  27	   4	  16	  80	  80	  70	 439	1026416	1027027	   0	 440	
 410	 411	  80	   3	 524	   2	   2	  27	   5	  16	  80	  80	  70	 687	1029015	1029539	   0	 440	
 411	 412	  80	   1	 404	   1	   1	  28	   5	  16	  80	  80	  70	 379	1031231	1031635	   0	 450	
 412	 413	  80	   1	 649	   2	   1	  28	   6	  16	  80	  80	  70	 585	1033530	1034179	   0	 460	
 413	 414	  80	   1	 455	   1	   1	  29	   6	  16	  80	  80	  70	 495	1035979	1036434	   0	 470	
 414	 415	  80	   1	 575	   2	   1	  29	   7	  16	  80	  80	  70	 435	1038179	1038754	   0	 480	
 415	 416	  80	   1	 481	   1	   1	  30	   7	  16	  80	  80	  70	 517	1040578	1041059	   0	 490	
 416	 417	  70	   4	1100	   3	   2	  30	   7	  17	  80	  80	  70	 326	1042694	1043794	   0	 490	
 417	 418	  80	   1	 483	   2	   1	  30	   8	  17	  80	  80	  70	 634	1045743	1046226	   0	 500	
 418	 419	  30	   4	 821	   1	   2	   1	   8	  17	  30	  80	  70	 564	1048109	1048930	   1	 500	
 419	 420	  80	   2	1227	   2	   1	   1	   9	  17	  30	  80	  70	 557	1050791	1052018	   0	 490	
 420	 421	  70	   3	 685	   3	   2	   1	   9	  18	  30	  80	  70	 638	1053957	1054642	   0	 490	
 421	 422	  80	   1	 489	   2	   1	   1	  10	  18	  30	  80	  70	 530	1056489	1056978	   0	 500	
 422	 423	  30	   3	 644	   1	   2	   2	  10	  18	  30	  80	  70	 357	1058638	1059282	   0	 500	
 423	 424	  70	   3	 495	   3	   2	   2	  10	  19	  30	  80	  70	 589	1061171	1061666	   0	 500	
 424	 425	  80	   2	 417	   2	   1	   2	  11	  19	  30	  80	  70	 595	1063553	1063970	   0	 490	
 425	 426	  30	   3	 618	   1	   2	   3	  11	  19	  30	  80	  70	 459	1065736	1066354	   0	 490	
 426	 427	  70	   3	 684	   3	   2	   3	  11	  20	  30	  80	  70	 446	1068102	1068786	   0	 490	
 427	 428	  80	   1	 430	   2	   1	   3	  12	  20	  30	  80	  70	 396	1070484	1070914	   0	 500	
 428	 429	  30	   4	 494	   1	   2	   4	  12	  20	  30	  80	  70	 676	1072900	1073394	   0	 500	
 429	 430	  70	   3	 633	   3	   2	   4	  12	  21	  30	  80	  70	 354	1075049	1075682	   0	 500	
 430	 431	  80	   1	 491	   2	   1	   4	  13	  21	  30	  80	  70	 418	1077415	1077906	   0	 510	
 431	 432	  70	   4	 671	   3	   2	   4	  13	  22	  30	  80	  70	 501	1079731	1080402	   0	 510	
 432	 433	  80	   1	 613	   2	   1	   4	  14	  22	  30	  80	  70	 682	1082397	1083010	   0	 520	
 433	 434	  70	   4	 631	   3	   2	   4	  14	  23	  30	  80	  70	 434	1084763	1085394	   0	 520	
 434	 435	  80	   1	 802	   2	   1	   4	  15	  23	  30	  80	  70	 606	1087312	1088114	   0	 530	
 435	 436	  70	   3	 577	   3	   2	   4	  15	  24	  30	  80	  70	 342	1089761	1090338	   0	 530	
 436	 437	  30	   4	 459	   1	   2	   5	  15	  24	  30	  80	  70	 690	1092327	1092786	   0	 530	
 437	 438	  70	   3	 605	   3	   2	   5	  15	  25	  30	  80	  70	 615	1094709	1095314	   0	 530	
 438	 439	  30	   4	 459	   1	   2	   6	  15	  25	  30	  80	  70	 563	1097175	1097634	   0	 530	
 439	 440	  70	   3	 637	   3	   2	   6	  15	  26	  30	  80	  70	 601	1099541	1100178	   0	 530	
 440	 441	  80	   1	 394	   2	   1	   6	  16	  26	  30	  80	  70	 563	1102040	1102434	   0	 540	
 441	 442	  70	   3	 381	   3	   2	   6	  16	  27	  30	  80	  70	 617	1104373	1104754	   0	 540	
 442	 443	  30	   3	 419	   1	   2	   7	  16	  27	  30	  80	  70	 565	1106639	1107058	   0	 540	
 443	 444	  80	   1	 513	   2	   1	   7	  17	  27	  30	  80	  70	 358	1108721	1109234	   0	 550	
 444	 445	  30	   4	 530	   1	   2	   8	  17	  27	  30	  80	  70	 597	1111120	1111650	   0	 550	
 445	 446	  80	   2	 432	   2	   1	   8	  18	  27	  30	  80	  70	 602	1113553	1113985	   0	 540	
 446	 447	  30	   4	 476	   1	   2	   9	  18	  27	  30	  80	  70	 377	1115669	1116145	   0	 540	
 447	 448	  80	   1	 472	   2	   1	   9	  19	  27	  30	  80	  70	 343	1117785	1118257	   0	 550	
 448	 449	  30	   4	 526	   1	   2	  10	  19	  27	  30	  80	  70	 498	1120067	1120593	   0	 550	
 449	 450	  70	   4	 557	   3	   2	  10	  19	  28	  30	  80	  70	 614	1122500	1123057	   0	 550	
 450	 451	  30	   3	 487	   1	   2	  11	  19	  28	  30	  80	  70	 314	1124666	1125153	   0	 550	
 451	 452	  80	   1	 490	   2	   1	  11	  20	  28	  30	  80	  70	 544	1127015	1127505	   0	 560	
 452	 453	  70	   3	 391	   3	   2	  11	  20	  29	  30	  80	  70	 700	1129514	1129905	   0	 560	
 453	 454	  80	   1	 650	   2	   1	  11	  21	  29	  30	  80	  70	 656	1131863	1132513	   0	 570	
 454	 455	  30	   4	 467	   1	   2	  12	  21	  29	  30	  80	  70	 646	1134462	1134929	   0	 570	
 455	 456	  80	   1	 561	   2	   1	  12	  22	  29	  30	  80	  70	 669	1136912	1137473	   0	 580	
 456	 457	  70	   3	 480	   3	   2	  12	  22	  30	  30	  80	  70	 610	1139377	1139857	   0	 580	
 457	 458	  30	   4	 472	   1	   2	  13	  22	  30	  30	  80	  70	 401	1141577	1142049	   0	 580	
 458	 459	  70	   3	 669	   3	   2	  13	  22	  31	  30	  80	  70	 531	1143892	1144561	   0	 580	
 459	 460	  30	   3	 533	   1	   2	  14	  22	  31	  30	  80	  70	 645	1146508	1147041	   0	 580	
 460	 461	  80	   1	 409	   2	   1	  14	  23	  31	  30	  80	  70	 467	1148824	1149233	   0	 590	
 461	 462	  70	   3	 496	   3	   2	  14	  23	  32	  30	  80	  70	 522	1151073	1151569	   0	 590	
 462	 463	  30	   4	 419	   1	   2	  15	  23	  32	  30	  80	  70	 538	1153406	1153825	   0	 590	
 463	 464	  80	   1	 441	   2	   1	  15	  24	  32	  30	  80	  70	 531	1155672	1156113	   0	 600	
 464	 465	  30	   4	 542	   1	   2	  16	  24	  32	  30	  80	  70	 551	1157971	1158513	   0	 600	
 465	 466	  70	   3	 473	   3	   2	  16	  24	  33	  30	  80	  70	 307	1160120	1160593	   0	 600	
 466	 467	  80	   2	 584	   2	   1	  16	  25	  33	  30	  80	  70	 668	1162569	1163153	   0	 590	
 467	 468	  70	   2	 377	   3	   1	  16	  25	  34	  30	  80	  70	 487	1164952	1165329	   0	 580	
 468	 469	  30	   3	 569	   1	   2	  17	  25	  34	  30	  80	  70	 345	1166968	1167537	   0	 580	
 469	 470	  80	   1	 525	   2	   1	  17	  26	  34	  30	  80	  70	 463	1169300	1169825	   0	 590	
 470	 471	  30	   4	 551	   1	   2	  18	  26	  34	  30	  80	  70	 318	1171450	1172001	   0	 590	
 471	 472	  70	   3	 475	   3	   2	  18	  26	  35	  30	  80	  70	 440	1174182	1174657	   0	 590	
 472	 473	  30	   4	 449	   1	   2	  19	  26	  35	  30	  80	  70	 495	1176448	1176897	   0	 590	
 473	 474	  80	   1	 402	   2	   1	  19	  27	  35	  30	  80	  70	 641	1178847	1179249	   0	 600	
 474	 475	  30	   4	 496	   1	   2	  20	  27	  35	  30	  80	  70	 352	1180913	1181409	   0	 600	
 475	 476	  50	   4	 986	   3	   2	  20	  27	   1	  30	  80	  50	 346	1183079	1184065	   3	 600	
 476	 477	  80	   1	 625	   2	   1	  20	  28	   1	  30	  80	  50	 362	1185728	1186353	   0	 610	
 477	 478	  50	   3	 458	   3	   2	  20	  28	   2	  30	  80	  50	 666	1188327	1188785	   0	 610	
 478	 479	  80	   2	 677	   2	   1	  20	  29	   2	  30	  80	  50	 376	1190460	1191137	   0	 600	
 479	 480	  30	   4	 643	   1	   2	  21	  29	   2	  30	  80	  50	 474	1192909	1193552	   0	 600	
 480	 481	  50	   4	 423	   3	   2	  21	  29	   3	  30	  80	  50	 376	1195225	1195648	   0	 600	
 481	 482	  80	   1	 449	   2	   1	  21	  30	   3	  30	  80	  50	 416	1197391	1197840	   0	 610	
 482	 483	  50	   4	 419	   3	   2	  21	  30	   4	  30	  80	  50	 626	1199773	1200192	   0	 610	
 483	 484	  20	   3	 905	   2	   2	  21	   1	   4	  30	  20	  50	 508	1202023	1202928	   2	 610	
 484	 485	  30	   3	 536	   1	   2	  22	   1	   4	  30	  20	  50	 640	1204872	1205408	   0	 610	
 485	 486	  20	   2	 888	   2	   1	  22	   2	   4	  30	  20	  50	 589	1207304	1208192	   0	 600	
 486	 487	  50	   3	 678	   3	   2	  22	   2	   5	  30	  20	  50	 675	1210170	1210848	   0	 600	
 487	 488	  20	   4	 430	   2	   2	  22	   3	   5	  30	  20	  50	 656	1212802	1213232	   0	 600	
 488	 489	  30	   3	 595	   1	   2	  23	   3	   5	  30	  20	  50	 545	1215085	1215680	   0	 600	
 489	 490	  50	   3	 699	   3	   2	  23	   3	   6	  30	  20	  50	 337	1217317	1218016	   0	 600	
 490	 491	  30	   4	 680	   1	   2	  24	   3	   6	  30	  20	  50	 469	1219800	1220480	   0	 600	
 491	 492	  50	   3	 598	   3	   2	  24	   3	   7	  30	  20	  50	 476	1222282	1222880	   0	 600	
 492	 493	  20	   3	 372	   2	   2	  24	   4	   7	  30	  20	  50	 554	1224748	1225120	   0	 600	
 493	 494	  50	   3	 570	   3	   2	  24	   4	   8	  30	  20	  50	 592	1227014	1227584	   0	 600	
 494	 495	  30	   4	 545	   1	   2	  25	   4	   8	  30	  20	  50	 371	1229263	1229808	   0	 600	
 495	 496	  20	   4	 426	   2	   2	  25	   5	   8	  30	  20	  50	 346	1231446	1231872	   0	 600	
 496	 497	  50	   4	 468	   3	   2	  25	   5	   9	  30	  20	  50	 435	1233612	1234080	   0	 600	
 497	 498	  30	   4	 503	   1	   2	  26	   5	   9	  30	  20	  50	 578	1235961	1236464	   0	 600	
 498	 499	  50	   4	 446	   3	   2	  26	   5	  10	  30	  20	  50	 437	1238210	1238656	   0	 600	
 499	 500	  30	   4	 502	   1	   2	  27	   5	  10	  30	  20	  50	 457	1240410	1240912	   0	 600	
 500	 501	  50	   3	 589	   3	   2	  27	   5	  11	  30	  20	  50	 455	1242675	1243264	   0	 600	
 501	 502	  20	   2	 469	   2	   1	  27	   6	  11	  30	  20	  50	 309	1244891	1245360	   0	 590	
 502	 503	  30	   3	 569	   1	   2	  28	   6	  11	  30	  20	  50	 536	1247207	1247776	   0	 590	
 503	 504	  50	   4	 418	   3	   2	  28	   6	  12	  30	  20	  50	 318	1249406	1249824	   0	 590	
 504	 505	  30	   4	 449	   1	   2	  29	   6	  12	  30	  20	  50	 314	1251439	1251888	   0	 590	
 505	 506	  20	   4	 372	   2	   2	  29	   7	  12	  30	  20	  50	 567	1253772	1254144	   0	 590	
 506	 507	  50	   3	 462	   3	   2	  29	   7	  13	  30	  20	  50	 512	1255954	1256416	   0	 590	
 507	 508	  20	   4	 454	   2	   2	  29	   8	  13	  30	  20	  50	 455	1258170	1258624	   0	 590	
 508	 509	  50	   1	 514	   3	   1	  29	   8	  14	  30	  20	  50	 348	1260286	1260800	   0	 600	
 509	 510	  30	   4	 485	   1	   2	  30	   8	  14	  30	  20	  50	 524	1262635	1263120	   0	 600	
 510	 511	  50	   2	 391	   3	   1	  30	   8	  15	  30	  20	  50	 580	1265001	1265392	   0	 590	
 511	 512	  30	   4	 526	   1	   2	  31	   8	  15	  30	  20	  50	 543	1267250	1267776	   0	 590	
 512	 513	  20	   4	 393	   2	   2	  31	   9	  15	  30	  20	  50	 314	1269383	1269776	   0	 590	
 513	 514	  30	   4	 464	   1	   2	  32	   9	  15	  30	  20	  50	 539	1271616	1272080	   0	 590	
 514	 515	  50	   2	 551	   3	   1	  32	   9	  16	  30	  20	  50	 461	1273848	1274399	   0	 580	
 515	 516	  30	   4	 462	   1	   2	  33	   9	  16	  30	  20	  50	 384	1276097	1276559	   0	 580	
 516	 517	  20	   4	 383	   2	   2	  33	  10	  16	  30	  20	  50	 639	1278496	1278879	   0	 580	
 517	 518	  50	   3	 289	   3	   2	  33	  10	  17	  30	  20	  50	 652	1280846	1281135	   0	 580	
 518	 519	  20	   4	 305	   2	   2	  33	  11	  17	  30	  20	  50	 428	1282862	1283167	   0	 580	
 519	 520	  80	   4	 858	   1	   2	   1	  11	  17	  80	  20	  50	 563	1285061	1285919	   1	 580	
 520	 521	  20	   4	 562	   2	   2	   1	  12	  17	  80	  20	  50	 469	1287693	1288255	   0	 580	
 521	 522	  50	   4	 503	   3	   2	   1	  12	  18	  80	  20	  50	 392	1289976	1290479	   0	 580	
 522	 523	  80	   3	 525	   1	   2	   2	  12	  18	  80	  20	  50	 460	1292242	1292767	   0	 580	
 523	 524	  50	   3	 391	   3	   2	   2	  12	  19	  80	  20	  50	 352	1294424	1294815	   0	 580	
 524	 525	  80	   3	 265	   1	   2	   3	  12	  19	  80	  20	  50	 658	1296774	1297039	   0	 580	
 525	 526	  50	   4	 630	   3	   2	   3	  12	  20	  80	  20	  50	 517	1298873	1299503	   0	 580	
 526	 527	  80	   2	 430	   1	   1	   4	  12	  20	  80	  20	  50	 674	1301489	1301919	   0	 570	
 527	 528	  50	   4	 562	   3	   2	   4	  12	  21	  80	  20	  50	 597	1303821	1304383	   0	 570	
 528	 529	  80	   1	 375	   1	   1	   5	  12	  21	  80	  20	  50	 443	1306120	1306495	   0	 580	
 529	 530	  50	   4	 491	   3	   2	   5	  12	  22	  80	  20	  50	 615	1308420	1308911	   0	 580	
 530	 531	  80	   1	 466	   1	   1	   6	  12	  22	  80	  20	  50	 452	1310669	1311135	   0	 590	
 531	 532	  50	   3	 630	   3	   2	   6	  12	  23	  80	  20	  50	 528	1313001	1313631	   0	 590	
 532	 533	  80	   1	 403	   1	   1	   7	  12	  23	  80	  20	  50	 540	1315484	1315887	   0	 600	
 533	 534	  20	   4	 531	   2	   2	   7	  13	  23	  80	  20	  50	 315	1317516	1318047	   0	 600	
 534	 535	  50	   3	 717	   3	   2	   7	  13	  24	  80	  20	  50	 305	1319666	1320383	   0	 600	
 535	 536	  20	   3	 528	   2	   2	   7	  14	  24	  80	  20	  50	 324	1322015	1322543	   0	 600	
 536	 537	  80	   1	1149	   1	   1	   8	  14	  24	  80	  20	  50	 675	1324514	1325663	   0	 610	
 537	 538	  50	   3	 431	   3	   2	   8	  14	  25	  80	  20	  50	 311	1327280	1327711	   0	 610	
 538	 539	  20	   4	 408	   2	   2	   8	  15	  25	  80	  20	  50	 457	1329479	1329887	   0	 610	
 539	 540	  50	   3	 493	   3	   2	   8	  15	  26	  80	  20	  50	 570	1331762	1332255	   0	 610	
 540	 541	  20	   3	 497	   2	   2	   8	  16	  26	  80	  20	  50	 532	1334094	1334591	   0	 610	
 541	 542	  50	   4	 500	   3	   2	   8	  16	  27	  80	  20	  50	 500	1336427	1336927	   0	 610	
 542	 543	  20	   4	 480	   2	   2	   8	  17	  27	  80	  20	  50	 316	1338559	1339039	   0	 610	
 543	 544	  80	   1	 426	   1	   1	   9	  17	  27	  80	  20	  50	 377	1340725	1341151	   0	 620	
 544	 545	  20	   4	 525	   2	   2	   9	  18	  27	  80	  20	  50	 627	1343074	1343599	   0	 620	
 545	 546	  50	   4	 570	   3	   2	   9	  18	  28	  80	  20	  50	 660	1345557	1346127	   0	 620	
 546	 547	  20	   4	 488	   2	   2	   9	  19	  28	  80	  20	  50	 596	1348023	1348511	   0	 620	
 547	 548	  80	   1	 460	   1	   1	  10	  19	  28	  80	  20	  50	 537	1350355	1350815	   0	 630	
 548	 549	  50	   3	 399	   3	   2	  10	  19	  29	  80	  20	  50	 586	1352704	1353103	   0	 630	
 549	 550	  20	   4	 444	   2	   2	  10	  20	  29	  80	  20	  50	 358	1354770	1355214	   0	 630	
 550	 551	  80	   1	 415	   1	   1	  11	  20	  29	  80	  20	  50	 590	1357103	1357518	   0	 640	
 551	 552	  20	   4	 380	   2	   2	  11	  21	  29	  80	  20	  50	 332	1359202	1359582	   0	 640	
 552	 553	  80	   1	 492	   1	   1	  12	  21	  29	  80	  20	  50	 314	1361202	1361694	   0	 650	
 553	 554	  50	   4	 473	   3	   2	  12	  21	  30	  80	  20	  50	 301	1363301	1363774	   0	 650	
 554	 555	  20	   3	 500	   2	   2	  12	  22	  30	  80	  20	  50	 368	1365450	1365950	   0	 650	
 555	 556	  50	   3	 428	   3	   2	  12	  22	  31	  80	  20	  50	 400	1367666	1368094	   0	 650	
 556	 557	  80	   1	 345	   1	   1	  13	  22	  31	  80	  20	  50	 350	1369749	1370094	   0	 660	
 557	 558	  50	   4	 377	   3	   2	  13	  22	  32	  80	  20	  50	 384	1371781	1372158	   0	 660	
 558	 559	  80	   2	 533	   1	   1	  14	  22	  32	  80	  20	  50	 444	1373897	1374430	   0	 650	
 559	 560	  50	   4	 435	   3	   2	  14	  22	  33	  80	  20	  50	 618	1376363	1376798	   0	 650	
 560	 561	  80	   1	 506	   1	   1	  15	  22	  33	  80	  20	  50	 486	1378596	1379102	   0	 660	
 561	 562	  20	   4	 468	   2	   2	  15	  23	  33	  80	  20	  50	 322	1380762	1381230	   0	 660	
 562	 563	  30	   4	 912	   3	   2	  15	  23	   1	  80	  20	  30	 313	1382878	1383790	   3	 660	
 563	 564	  20	   4	 672	   2	   2	  15	  24	   1	  80	  20	  30	 608	1385710	1386382	   0	 660	
 564	 565	  80	   2	 483	   1	   1	  16	  24	   1	  80	  20	  30	 375	1388059	1388542	   0	 650	
 565	 566	  20	   4	 474	   2	   2	  16	  25	   1	  80	  20	  30	 444	1390292	1390766	   0	 650	
 566	 567	  80	   1	 420	   1	   1	  17	  25	   1	  80	  20	  30	 394	1392458	1392878	   0	 660	
 567	 568	  30	   4	 417	   3	   2	  17	  25	   2	  80	  20	  30	 366	1394557	1394974	   0	 660	
 568	 569	  20	   4	 502	   2	   2	  17	  26	   2	  80	  20	  30	 571	1396856	1397358	   0	 660	
 569	 570	  80	   1	 380	   1	   1	  18	  26	   2	  80	  20	  30	 457	1399122	1399502	   0	 670	
 570	 571	  20	   4	 548	   2	   2	  18	  27	   2	  80	  20	  30	 517	1401338	1401886	   0	 670	
 571	 572	  80	   1	 651	   1	   1	  19	  27	   2	  80	  20	  30	 355	1403587	1404238	   0	 680	
 572	 573	  30	   4	 422	   3	   2	  19	  27	   3	  80	  20	  30	 593	1406136	1406558	   0	 680	
 573	 574	  20	   3	 516	   2	   2	  19	  28	   3	  80	  20	  30	 329	1408186	1408702	   0	 680	
 574	 575	  30	   4	 457	   3	   2	  19	  28	   4	  80	  20	  30	 478	1410485	1410942	   0	 680	
 575	 576	  20	   4	 587	   2	   2	  19	  29	   4	  80	  20	  30	 608	1412851	1413438	   0	 680	
 576	 577	  80	   1	 399	   1	   1	  20	  29	   4	  80	  20	  30	 434	1415183	1415582	   0	 690	
 577	 578	  20	   4	 526	   2	   2	  20	  30	   4	  80	  20	  30	 342	1417232	1417758	   0	 690	
 578	 579	  30	   3	 441	   3	   2	  20	  30	   5	  80	  20	  30	 307	1419365	1419806	   0	 690	
 579	 580	  20	   4	 509	   2	   2	  20	  31	   5	  80	  20	  30	 573	1421681	1422190	   0	 690	
 580	 581	  80	   1	 635	   1	   1	  21	  31	   5	  80	  20	  30	 674	1424163	1424798	   0	 700	
 581	 582	  20	   4	 617	   2	   2	  21	  32	   5	  80	  20	  30	 483	1426629	1427246	   0	 700	
 582	 583	  30	   4	 447	   3	   2	  21	  32	   6	  80	  20	  30	 338	1428895	1429342	   0	 700	
 583	 584	  20	   4	 485	   2	   2	  21	  33	   6	  80	  20	  30	 511	1431161	1431646	   0	 700	
 584	 585	  30	   3	 504	   3	   2	  21	  33	   7	  80	  20	  30	 521	1433477	1433981	   0	 700	
 585	 586	  80	   2	 405	   1	   1	  22	  33	   7	  80	  20	  30	 682	1435976	1436381	   0	 690	
 586	 587	  30	   4	 535	   3	   2	  22	  33	   8	  80	  20	  30	 662	1438342	1438877	   0	 690	
 587	 588	  80	   1	 554	   1	   1	  23	  33	   8	  80	  20	  30	 499	1440691	1441245	   0	 700	
 588	 589	  20	   4	 493	   2	   2	  23	  34	   8	  80	  20	  30	 475	1443024	1443517	   0	 700	
 589	 590	  30	   4	 421	   3	   2	  23	  34	   9	  80	  20	  30	 436	1445256	1445677	   0	 700	
 590	 591	  80	   1	 408	   1	   1	  24	  34	   9	  80	  20	  30	 624	1447605	1448013	   0	 710	
 591	 592	  20	   4	 489	   2	   2	  24	  35	   9	  80	  20	  30	 633	1449988	1450477	   0	 710	
 592	 593	  80	   1	 747	   1	   1	  25	  35	   9	  80	  20	  30	 576	1452354	1453101	   0	 720	
 593	 594	  70	   3	1171	   2	   2	  25	   1	   9	  80	  70	  30	 540	1454986	1456157	   2	 720	
 594	 595	  80	   1	 687	   1	   1	  26	   1	   9	  80	  70	  30	 433	1457902	1458589	   0	 730	
 595	 596	  30	   3	 575	   3	   2	  26	   1	  10	  80	  70	  30	 446	1460334	1460909	   0	 730	
 596	 597	  80	   1	 722	   1	   1	  27	   1	  10	  80	  70	  30	 460	1462667	1463389	   0	 740	
 597	 598	  70	   3	 468	   2	   2	  27	   2	  10	  80	  70	  30	 342	1465033	1465501	   0	 740	
 598	 599	  80	   2	 538	   1	   1	  28	   2	  10	  80	  70	  30	 501	1467315	1467853	   0	 730	
 599	 600	  30	   4	 567	   3	   2	  28	   2	  11	  80	  70	  30	 638	1469798	1470365	   0	 730	
 600	 601	  80	   1	 521	   1	   1	  29	   2	  11	  80	  70	  30	 504	1472180	1472701	   0	 740	
 601	 602	  70	   3	 454	   2	   2	  29	   3	  11	  80	  70	  30	 629	1474663	1475117	   0	 740	
 602	 603	  30	   4	 942	   3	   2	  29	   3	  12	  80	  70	  30	 450	1476879	1477821	   0	 740	
 603	 604	  70	   1	 599	   2	   1	  29	   4	  12	  80	  70	  30	 363	1479478	1480077	   0	 750	
 604	 605	  30	   4	 667	   3	   2	  29	   4	  13	  80	  70	  30	 411	1481794	1482461	   0	 750	
 605	 606	  70	   2	 543	   2	   1	  29	   5	  13	  80	  70	  30	 338	1484110	1484653	   0	 740	
 606	 607	  30	   4	 565	   3	   2	  29	   5	  14	  80	  70	  30	 439	1486392	1486957	   0	 740	
 607	 608	  70	   1	 761	   2	   1	  29	   6	  14	  80	  70	  30	 435	1488708	1489469	   0	 750	
 608	 609	  30	   3	 553	   3	   2	  29	   6	  15	  80	  70	  30	 364	1491124	1491677	   0	 750	
 609	 610	  80	   1	 642	   1	   1	  30	   6	  15	  80	  70	  30	 343	1493323	1493965	   0	 760	
 610	 611	  70	   2	 461	   2	   1	  30	   7	  15	  80	  70	  30	 605	1495872	1496333	   0	 750	
 611	 612	  30	   4	 576	   3	   2	  30	   7	  16	  80	  70	  30	 550	1498221	1498797	   0	 750	
 612	 613	  70	   1	 655	   2	   1	  30	   8	  16	  80	  70	  30	 554	1500654	1501309	   0	 760	
 613	 614	  50	   4	 785	   1	   2	   1	   8	  16	  50	  70	  30	 392	1503020	1503805	   1	 760	
 614	 615	  70	   1	 435	   2	   1	   1	   9	  16	  50	  70	  30	 685	1505802	1506237	   0	 770	
 615	 616	  30	   4	 476	   3	   2	   1	   9	  17	  50	  70	  30	 432	1507985	1508461	   0	 770	
 616	 617	  50	   4	 702	   1	   2	   2	   9	  17	  50	  70	  30	 609	1510367	1511069	   0	 770	
 617	 618	  30	   4	 600	   3	   2	   2	   9	  18	  50	  70	  30	 545	1512916	1513516	   0	 770	
 618	 619	  70	   2	 408	   2	   1	   2	  10	  18	  50	  70	  30	 514	1515332	1515740	   0	 760	
 619	 620	  30	   3	 664	   3	   2	   2	  10	  19	  50	  70	  30	 308	1517348	1518012	   0	 760	
 620	 621	  70	   1	 564	   2	   1	   2	  11	  19	  50	  70	  30	 532	1519864	1520428	   0	 770	
 621	 622	  50	   4	 532	   1	   2	   3	  11	  19	  50	  70	  30	 505	1522280	1522812	   0	 770	
 622	 623	  70	   1	 648	   2	   1	   3	  12	  19	  50	  70	  30	 477	1524596	1525244	   0	 780	
 623	 624	  50	   3	 474	   1	   2	   4	  12	  19	  50	  70	  30	 414	1526962	1527436	   0	 780	
 624	 625	  30	   3	 489	   3	   2	   4	  12	  20	  50	  70	  30	 668	1529411	1529900	   0	 780	
 625	 626	  70	   1	 402	   2	   1	   4	  13	  20	  50	  70	  30	 414	1531610	1532012	   0	 790	
 626	 627	  50	   3	 429	   1	   2	   5	  13	  20	  50	  70	  30	 428	1533743	1534172	   0	 790	
 627	 628	  30	   3	 481	   3	   2	   5	  13	  21	  50	  70	  30	 581	1536075	1536556	   0	 790	
 628	 629	  50	   4	 695	   1	   2	   6	  13	  21	  50	  70	  30	 475	1538341	1539036	   0	 790	
 629	 630	  70	   1	 454	   2	   1	   6	  14	  21	  50	  70	  30	 450	1540790	1541244	   0	 800	
 630	 631	  30	   4	 450	   3	   2	   6	  14	  22	  50	  70	  30	 331	1542890	1543340	   0	 800	
 631	 632	  50	   3	 419	   1	   2	   7	  14	  22	  50	  70	  30	 602	1545289	1545708	   0	 800	
 632	 633	  70	   2	 411	   2	   1	   7	  15	  22	  50	  70	  30	 487	1547505	1547916	   0	 790	
 633	 634	  30	   4	 539	   3	   2	   7	  15	  23	  50	  70	  30	 310	1549521	1550060	   0	 790	
 634	 635	  50	   3	 466	   1	   2	   8	  15	  23	  50	  70	  30	 402	1551770	1552236	   0	 790	
 635	 636	  30	   4	 528	   3	   2	   8	  15	  24	  50	  70	  30	 305	1553852	1554380	   0	 790	
 636	 637	  50	   3	 600	   1	   2	   9	  15	  24	  50	  70	  30	 367	1556052	1556652	   0	 790	
 637	 638	  30	   4	 602	   3	   2	   9	  15	  25	  50	  70	  30	 470	1558434	1559036	   0	 790	
 638	 639	  70	   1	 407	   2	   1	   9	  16	  25	  50	  70	  30	 578	1560917	1561324	   0	 800	
 639	 640	  50	   4	 442	   1	   2	  10	  16	  25	  50	  70	  30	 637	1563266	1563708	   0	 800	
 640	 641	  70	   1	 551	   2	   1	  10	  17	  25	  50	  70	  30	 362	1565365	1565916	   0	 810	
 641	 642	  30	   4	 410	   3	   2	  10	  17	  26	  50	  70	  30	 462	1567714	1568124	   0	 810	
 642	 643	  50	   3	 505	   1	   2	  11	  17	  26	  50	  70	  30	 319	1569747	1570252	   0	 810	
 643	 644	  70	   1	 510	   2	   1	  11	  18	  26	  50	  70	  30	 485	1572046	1572556	   0	 820	
 644	 645	  30	   3	 507	   3	   2	  11	  18	  27	  50	  70	  30	 675	1574529	1575036	   0	 820	
 645	 646	  70	   2	 472	   2	   1	  11	  19	  27	  50	  70	  30	 694	1577028	1577500	   0	 810	
 646	 647	  50	   4	 468	   1	   2	  12	  19	  27	  50	  70	  30	 332	1579144	1579612	   0	 810	
 647	 648	  30	   4	 570	   3	   2	  12	  19	  28	  50	  70	  30	 488	1581410	1581980	   0	 810	
 648	 649	  50	   4	 505	   1	   2	  13	  19	  28	  50	  70	  30	 574	1583859	1584364	   0	 810	
 649	 650	  30	   4	 534	   3	   2	  13	  19	  29	  50	  70	  30	 693	1586358	1586892	   0	 810	
 650	 651	  70	   2	 502	   2	   1	  13	  20	  29	  50	  70	  30	 578	1588774	1589276	   0	 800	
 651	 652	  30	   3	 796	   3	   2	  13	  20	  30	  50	  70	  30	 440	1591056	1591852	   0	 800	
 652	 653	  50	   3	 456	   1	   2	  14	  20	  30	  50	  70	  30	 389	1593539	1593995	   0	 800	
 653	 654	  70	   2	 528	   2	   1	  14	  21	  30	  50	  70	  30	 471	1595771	1596299	   0	 790	
 654	 655	  50	   3	 751	   1	   2	  15	  21	  30	  50	  70	  30	 614	1598204	1598955	   0	 790	
 655	 656	  70	   1	 567	   2	   1	  15	  22	  30	  50	  70	  30	 579	1600836	1601403	   0	 800	
 656	 657	  30	   4	 516	   3	   2	  15	  22	   1	  50	  70	  30	 600	1603319	1603835	   0	 800	
 657	 658	  50	   4	 480	   1	   2	  16	  22	   1	  50	  70	  30	 302	1605451	1605931	   0	 800	
 658	 659	  30	   4	 471	   3	   2	  16	  22	   2	  50	  70	  30	 439	1607684	1608155	   0	 800	
 659	 660	  70	   1	 469	   2	   1	  16	  23	   2	  50	  70	  30	 684	1610150	1610619	   0	 810	
 660	 661	  30	   4	 466	   3	   2	  16	  23	   3	  50	  70	  30	 324	1612249	1612715	   0	 810	
 661	 662	  70	   1	 483	   2	   1	  16	  24	   3	  50	  70	  30	 567	1614632	1615115	   0	 820	
 662	 663	  30	   4	 441	   3	   2	  16	  24	   4	  50	  70	  30	 465	1616898	1617339	   0	 820	
 663	 664	  70	   1	 501	   2	   1	  16	  25	   4	  50	  70	  30	 391	1619030	1619531	   0	 830	
 664	 665	  50	   3	 511	   1	   2	  17	  25	   4	  50	  70	  30	 361	1621196	1621707	   0	 830	
 665	 666	  30	   3	 399	   3	   2	  17	  25	   5	  50	  70	  30	 598	1623612	1624011	   0	 830	
 666	 667	  70	   1	 474	   2	   1	  17	  26	   5	  50	  70	  30	 418	1625745	1626219	   0	 840	
 667	 668	  30	   4	 579	   3	   2	  17	  26	   6	  50	  70	  30	 425	1627944	1628523	   0	 840	
 668	 669	  50	   4	 693	   1	   2	  18	  26	   6	  50	  70	  30	 489	1630326	1631019	   0	 840	
 669	 670	  70	   2	 443	   2	   1	  18	  27	   6	  50	  70	  30	 676	1632992	1633435	   0	 830	
 670	 671	  50	   3	 435	   1	   2	  19	  27	   6	  50	  70	  30	 480	1635208	1635643	   0	 830	
 671	 672	  30	   3	 467	   3	   2	  19	  27	   7	  50	  70	  30	 640	1637624	1638091	   0	 830	
 672	 673	  70	   1	 433	   2	   1	  19	  28	   7	  50	  70	  30	 695	1640090	1640523	   0	 840	
 673	 674	  30	   4	 392	   3	   2	  19	  28	   8	  50	  70	  30	 507	1642339	1642731	   0	 840	
 674	 675	  50	   4	 436	   1	   2	  20	  28	   8	  50	  70	  30	 425	1644455	1644891	   0	 840	
 675	 676	  70	   1	 458	   2	   1	  20	  29	   8	  50	  70	  30	 537	1646737	1647195	   0	 850	
 676	 677	  30	   4	 657	   3	   2	  20	  29	   9	  50	  70	  30	 480	1648970	1649627	   0	 850	
 677	 678	  50	   3	 482	   1	   2	  21	  29	   9	  50	  70	  30	 439	1651369	1651851	   0	 850	
 678	 679	  70	   2	 533	   2	   1	  21	  30	   9	  50	  70	  30	 537	1653702	1654235	   0	 840	
 679	 680	  50	   3	 511	   1	   2	  22	  30	   9	  50	  70	  30	 345	1655884	1656395	   0	 840	
 680	 681	  30	   3	 413	   3	   2	  22	  30	  10	  50	  70	  30	 662	1658350	1658763	   0	 840	
 681	 682	  50	   3	 530	   1	   2	  23	  30	  10	  50	  70	  30	 529	1660633	1661163	   0	 840	
 682	 683	  30	   4	 454	   3	   2	  23	  30	  11	  50	  70	  30	 491	1662965	1663419	   0	 840	
 683	 684	  50	   4	 491	   1	   2	  24	  30	  11	  50	  70	  30	 534	1665264	1665755	   0	 840	
 684	 685	  70	   1	 428	   2	   1	  24	  31	  11	  50	  70	  30	 597	1667647	1668075	   0	 850	
 685	 686	  50	   4	 459	   1	   2	  25	  31	  11	  50	  70	  30	 317	1669696	1670155	   0	 850	
 686	 687	  70	   1	 466	   2	   1	  25	  32	  11	  50	  70	  30	 479	1671929	1672395	   0	 860	
 687	 688	  50	   4	 557	   1	   2	  26	  32	  11	  50	  70	  30	 331	1674045	1674602	   0	 860	
 688	 689	  30	   4	 587	   3	   2	  26	  32	  12	  50	  70	  30	 615	1676527	1677114	   0	 860	
 689	 690	  50	   4	 535	   1	   2	  27	  32	  12	  50	  70	  30	 629	1679043	1679578	   0	 860	
 690	 691	  30	   4	 474	   3	   2	  27	  32	  13	  50	  70	  30	 494	1681376	1681850	   0	 860	
 691	 692	  70	   1	 502	   2	   1	  27	  33	  13	  50	  70	  30	 318	1683508	1684010	   0	 870	
 692	 693	  30	   4	 443	   3	   2	  27	  33	  14	  50	  70	  30	 485	1685807	1686250	   0	 870	
 693	 694	  50	   3	 453	   1	   2	  28	  33	  14	  50	  70	  30	 412	1687957	1688410	   0	 870	
 694	 695	  70	   2	 445	   2	   1	  28	  34	  14	  50	  70	  30	 470	1690189	1690634	   0	 860	
 695	 696	  30	   3	 399	   3	   2	  28	  34	  15	  50	  70	  30	 621	1692555	1692954	   0	 860	
 696	 697	  50	   4	 454	   1	   2	  29	  34	  15	  50	  70	  30	 524	1694788	1695242	   0	 860	
 697	 698	  30	   4	 412	   3	   2	  29	  34	  16	  50	  70	  30	 527	1697070	1697482	   0	 860	
 698	 699	  50	   3	 529	   1	   2	  30	  34	  16	  50	  70	  30	 593	1699369	1699898	   0	 860	
 699	 700	  30	   4	 453	   3	   2	  30	  34	  17	  50	  70	  30	 474	1701669	1702122	   0	 860	
 700	 701	  70	   1	 444	   2	   1	  30	  35	  17	  50	  70	  30	 489	1703918	1704362	   0	 870	
 701	 702	  30	   4	 472	   3	   2	  30	  35	  18	  50	  70	  30	 345	1706034	1706506	   0	 870	
 702	 703	  50	   4	 470	   1	   2	  31	  35	  18	  50	  70	  30	 690	1708500	1708970	   0	 870	
 703	 704	  30	   3	 453	   3	   2	  31	  35	  19	  50	  70	  30	 671	1710949	1711402	   0	 870	
 704	 705	  50	   4	 500	   1	   2	  32	  35	  19	  50	  70	  30	 693	1713398	1713898	   0	 870	
 705	 706	  70	   1	 482	   2	   1	  32	   1	  19	  50	  70	  30	 654	1715864	1716346	   0	 880	
 706	 707	  50	   3	 554	   1	   2	  33	   1	  19	  50	  70	  30	 440	1718096	1718650	   0	 880	
 707	 708	  30	   3	 468	   3	   2	  33	   1	  20	  50	  70	  30	 700	1720662	1721130	   0	 880	
 708	 709	  50	   4	 509	   1	   2	   1	   1	  20	  50	  70	  30	 429	1722861	1723370	   0	 880	
