Version: 1	Number of symbols: 3	Pictures exchange: true	Response Deadline: 2000
Trial_No	Virt_Trial_No	Prob_Shown	Feedback	RT	Stimulus_No	Resp	SymbolA_Stage	SymbolB_Stage	SymbolC_Stage	Prob_A	Prob_B	Prob_C	Jitter	StimOnset	RespOnset	Symbol_Changes	Bonus_sum
   1	   1	  30	   4	1171	   1	   2	   1	   0	   0	  30	  70	  50	 609	1816	2987	   0	   0	
   2	   2	  50	   2	 736	   3	   1	   1	   0	   1	  30	  70	  50	 373	4667	5403	   0	 -10	
   3	   3	  30	   4	 756	   1	   2	   2	   0	   1	  30	  70	  50	 622	7335	8091	   0	 -10	
   4	   4	  50	   3	 815	   3	   2	   2	   0	   2	  30	  70	  50	 454	9852	10667	   0	 -10	
   5	   5	  70	   1	 584	   2	   1	   2	   1	   2	  30	  70	  50	 434	12419	13003	   0	   0	
   6	   6	  30	   4	 523	   1	   2	   3	   1	   2	  30	  70	  50	 410	14720	15243	   0	   0	
   7	   7	  50	   2	 870	   3	   1	   3	   1	   3	  30	  70	  50	 633	17188	18058	   0	 -10	
   8	   8	  70	   1	 741	   2	   1	   3	   2	   3	  30	  70	  50	 637	20005	20746	   0	   0	
   9	   9	  50	   4	 696	   3	   2	   3	   2	   4	  30	  70	  50	 655	22706	23402	   0	   0	
  10	  10	  30	   3	 566	   1	   2	   4	   2	   4	  30	  70	  50	 434	25140	25706	   0	   0	
  11	  11	  50	   1	 773	   3	   1	   4	   2	   5	  30	  70	  50	 527	27557	28330	   0	  10	
  12	  12	  70	   1	 676	   2	   1	   4	   3	   5	  30	  70	  50	 322	29958	30634	   0	  20	
  13	  13	  50	   2	1111	   3	   1	   4	   3	   6	  30	  70	  50	 334	32275	33386	   0	  10	
  14	  14	  70	   2	 554	   2	   1	   4	   4	   6	  30	  70	  50	 694	35376	35930	   0	   0	
  15	  15	  50	   3	 565	   3	   2	   4	   4	   7	  30	  70	  50	 633	37877	38442	   0	   0	
  16	  16	  30	   3	 649	   1	   2	   5	   4	   7	  30	  70	  50	 409	40161	40810	   0	   0	
  17	  17	  70	   2	 545	   2	   1	   5	   5	   7	  30	  70	  50	 619	42745	43290	   0	 -10	
  18	  18	  50	   3	 713	   3	   2	   5	   5	   8	  30	  70	  50	 341	44929	45642	   0	 -10	
  19	  19	  70	   1	 576	   2	   1	   5	   6	   8	  30	  70	  50	 581	47530	48106	   0	   0	
  20	  20	  30	   4	 668	   1	   2	   6	   6	   8	  30	  70	  50	 619	50030	50698	   0	   0	
  21	  21	  50	   2	 667	   3	   1	   6	   6	   9	  30	  70	  50	 408	52431	53098	   0	 -10	
  22	  22	  30	   4	 741	   1	   2	   7	   6	   9	  30	  70	  50	 548	54965	55706	   0	 -10	
  23	  23	  50	   1	 685	   3	   1	   7	   6	  10	  30	  70	  50	 519	57533	58218	   0	   0	
  24	  24	  30	   4	 580	   1	   2	   8	   6	  10	  30	  70	  50	 625	60150	60730	   0	   0	
  25	  25	  70	   1	 647	   2	   1	   8	   7	  10	  30	  70	  50	 447	62467	63114	   0	  10	
  26	  26	  50	   3	 622	   3	   2	   8	   7	  11	  30	  70	  50	 640	65052	65674	   0	  10	
  27	  27	  30	   4	 614	   1	   2	   9	   7	  11	  30	  70	  50	 640	67619	68233	   0	  10	
  28	  28	  50	   2	 708	   3	   1	   9	   7	  12	  30	  70	  50	 506	70053	70761	   0	   0	
  29	  29	  70	   1	 529	   2	   1	   9	   8	  12	  30	  70	  50	 454	72520	73049	   0	  10	
  30	  30	  50	   1	 831	   3	   1	   9	   8	  13	  30	  70	  50	 585	74938	75769	   0	  20	
  31	  31	  70	   1	 543	   2	   1	   9	   9	  13	  30	  70	  50	 620	77722	78265	   0	  30	
  32	  32	  50	   3	 739	   3	   2	   9	   9	  14	  30	  70	  50	 446	80006	80745	   0	  30	
  33	  33	  30	   3	 634	   1	   2	  10	   9	  14	  30	  70	  50	 576	82623	83257	   0	  30	
  34	  34	  70	   2	 546	   2	   1	  10	  10	  14	  30	  70	  50	 634	85207	85753	   0	  20	
  35	  35	  30	   4	 759	   1	   2	  11	  10	  14	  30	  70	  50	 400	87458	88217	   0	  20	
  36	  36	  70	   1	 454	   2	   1	  11	  11	  14	  30	  70	  50	 341	89859	90313	   0	  30	
  37	  37	  50	   4	 671	   3	   2	  11	  11	  15	  30	  70	  50	 412	92026	92697	   0	  30	
  38	  38	  30	   3	 995	   1	   2	  12	  11	  15	  30	  70	  50	 311	94310	95305	   0	  30	
  39	  39	  70	   2	 472	   2	   1	  12	  12	  15	  30	  70	  50	 358	96961	97433	   0	  20	
  40	  40	  30	   4	 933	   1	   2	  13	  12	  15	  30	  70	  50	 696	99428	100361	   0	  20	
  41	  41	  50	   1	 805	   3	   1	  13	  12	  16	  30	  70	  50	 521	102212	103017	   0	  30	
  42	  42	  70	   1	 719	   2	   1	  13	  13	  16	  30	  70	  50	 414	104730	105449	   0	  40	
  43	  43	  30	   4	 675	   1	   2	  14	  13	  16	  30	  70	  50	 661	107414	108089	   0	  40	
  44	  44	  70	   1	 585	   2	   1	  14	  14	  16	  30	  70	  50	 657	110048	110633	   0	  50	
  45	  45	  50	   4	1275	   3	   2	  14	  14	  17	  30	  70	  50	 436	112382	113657	   0	  50	
  46	  46	  30	   4	 745	   1	   2	  15	  14	  17	  30	  70	  50	 627	115583	116328	   0	  50	
  47	  47	  70	   1	 664	   2	   1	  15	  15	  17	  30	  70	  50	 375	118000	118664	   0	  60	
  48	  48	  30	   3	 658	   1	   2	  16	  15	  17	  30	  70	  50	 556	120534	121192	   0	  60	
  49	  49	  70	   2	 486	   2	   1	  16	  16	  17	  30	  70	  50	 312	122802	123288	   0	  50	
  50	  50	  30	   4	 620	   1	   2	  17	  16	  17	  30	  70	  50	 447	125036	125656	   0	  50	
  51	  51	  70	   1	 596	   2	   1	  17	  17	  17	  30	  70	  50	 656	127636	128232	   0	  60	
  52	  52	  30	   4	 571	   1	   2	  18	  17	  17	  30	  70	  50	 681	130221	130792	   0	  60	
  53	  53	  70	   1	 547	   2	   1	  18	  18	  17	  30	  70	  50	 330	132421	132968	   0	  70	
  54	  54	  30	   3	 590	   1	   2	  19	  18	  17	  30	  70	  50	 632	134922	135512	   0	  70	
  55	  55	  70	   4	 421	   2	   2	  19	  19	  17	  30	  70	  50	 329	137139	137560	   0	  70	
  56	  56	  50	   2	 968	   3	   1	  19	  19	  18	  30	  70	  50	 566	139440	140408	   0	  60	
  57	  57	  30	   4	 722	   1	   2	  20	  19	  18	  30	  70	  50	 661	142374	143096	   0	  60	
  58	  58	  70	   1	1011	   2	   1	  20	  20	  18	  30	  70	  50	 339	144741	145752	   0	  70	
  59	  59	  50	   3	 964	   3	   2	  20	  20	  19	  30	  70	  50	 419	147476	148440	   0	  70	
  60	  60	  30	   4	 718	   1	   2	  21	  20	  19	  30	  70	  50	 673	150426	151144	   0	  70	
  61	  61	  50	   2	 685	   3	   1	  21	  20	  20	  30	  70	  50	 354	152827	153512	   0	  60	
  62	  62	  70	   1	 573	   2	   1	  21	  21	  20	  30	  70	  50	 397	155211	155784	   0	  70	
  63	  63	  50	   2	 645	   3	   1	  21	  21	  21	  30	  70	  50	 694	157779	158424	   0	  60	
  64	  64	  70	   2	 571	   2	   1	  21	  22	  21	  30	  70	  50	 310	160029	160600	   0	  50	
  65	  65	  50	   3	 621	   3	   2	  21	  22	  22	  30	  70	  50	 451	162363	162984	   0	  50	
  66	  66	  30	   3	 545	   1	   2	  22	  22	  22	  30	  70	  50	 354	164647	165192	   0	  50	
  67	  67	  70	   3	 470	   2	   2	  22	  23	  22	  30	  70	  50	 391	166881	167351	   0	  50	
  68	  68	  30	   4	 851	   1	   2	  23	  23	  22	  30	  70	  50	 678	169332	170183	   0	  50	
  69	  69	  50	   2	 682	   3	   1	  23	  23	  23	  30	  70	  50	 460	171949	172631	   0	  40	
  70	  70	  70	   1	 586	   2	   1	  23	  24	  23	  30	  70	  50	 392	174333	174919	   0	  50	
  71	  71	  50	   2	 636	   3	   1	  23	  24	  24	  30	  70	  50	 402	176651	177287	   0	  40	
  72	  72	  70	   1	 768	   2	   1	  23	  25	  24	  30	  70	  50	 349	178951	179719	   0	  50	
  73	  73	  50	   3	 693	   3	   2	  23	  25	  25	  30	  70	  50	 559	181586	182279	   0	  50	
  74	  74	  70	   2	 810	   2	   1	  23	  26	  25	  30	  70	  50	 668	184253	185063	   0	  40	
  75	  75	  50	   4	1305	   3	   2	  23	  26	  26	  30	  70	  50	 307	186670	187975	   0	  40	
  76	  76	  70	   1	 867	   2	   1	  23	  27	  26	  30	  70	  50	 306	189588	190455	   0	  50	
  77	  77	  50	   1	1478	   3	   1	  23	  27	  27	  30	  70	  50	 527	192289	193767	   0	  60	
  78	  78	  70	   1	1692	   2	   1	  23	  28	  27	  30	  70	  50	 650	195723	197415	   0	  70	
  79	  79	  50	   3	 563	   3	   2	  23	  28	  28	  30	  70	  50	 403	199124	199687	   0	  70	
  80	  80	  30	   4	 475	   1	   2	  24	  28	  28	  30	  70	  50	 318	201308	201783	   0	  70	
  81	  81	  70	   2	 338	   2	   1	  24	  29	  28	  30	  70	  50	 414	203509	203847	   0	  60	
  82	  82	  30	   4	 686	   1	   2	  25	  29	  28	  30	  70	  50	 454	205609	206295	   0	  60	
  83	  83	  50	   2	1028	   3	   1	  25	  29	  29	  30	  70	  50	 641	208243	209271	   0	  50	
  84	  84	  30	   3	 573	   1	   2	  26	  29	  29	  30	  70	  50	 615	211194	211767	   0	  50	
  85	  85	  70	   1	 593	   2	   1	  26	  30	  29	  30	  70	  50	 389	213461	214054	   0	  60	
  86	  86	  50	   3	1224	   3	   2	  26	  30	  30	  30	  70	  50	 312	215662	216886	   0	  60	
  87	  87	  70	   1	 826	   2	   1	  26	  31	  30	  30	  70	  50	 610	218796	219622	   0	  70	
  88	  88	  30	   4	1474	   3	   2	  26	  31	   1	  30	  70	  30	 423	221380	222854	   3	  70	
  89	  89	  30	   4	 651	   1	   2	  27	  31	   1	  30	  70	  30	 579	224731	225382	   0	  70	
  90	  90	  70	   2	1563	   2	   1	  27	  32	   1	  30	  70	  30	 429	227115	228678	   0	  60	
  91	  91	  30	   1	 639	   3	   1	  27	  32	   2	  30	  70	  30	 582	230583	231222	   0	  70	
  92	  92	  70	   1	 975	   2	   1	  27	  33	   2	  30	  70	  30	 440	232967	233942	   0	  80	
  93	  93	  30	   4	 405	   1	   2	  28	  33	   2	  30	  70	  30	 338	235585	235990	   0	  80	
  94	  94	  30	   2	 681	   3	   1	  28	  33	   3	  30	  70	  30	 567	237869	238550	   0	  70	
  95	  95	  30	   3	 571	   1	   2	  29	  33	   3	  30	  70	  30	 336	240203	240774	   0	  70	
  96	  96	  20	   2	 771	   2	   1	  29	   1	   3	  30	  20	  30	 688	242787	243558	   2	  60	
  97	  97	  30	   4	1985	   1	   2	  30	   1	   3	  30	  20	  30	 371	245237	247222	   0	  60	
  98	  98	  30	   2	 691	   3	   1	  30	   1	   4	  30	  20	  30	 599	249139	249830	   0	  50	
  99	  99	  30	   4	 596	   1	   2	  31	   1	   4	  30	  20	  30	 374	251506	252102	   0	  50	
 100	 100	  30	   2	 625	   3	   1	  31	   1	   5	  30	  20	  30	 552	253957	254582	   0	  40	
 101	 101	  20	   2	1133	   2	   1	  31	   2	   5	  30	  20	  30	 532	256441	257574	   0	  30	
 102	 102	  30	   3	 883	   1	   2	  32	   2	   5	  30	  20	  30	 583	259475	260358	   0	  30	
 103	 103	  20	   1	 552	   2	   1	  32	   3	   5	  30	  20	  30	 434	262109	262661	   0	  40	
 104	 104	  30	   1	 755	   3	   1	  32	   3	   6	  30	  20	  30	 642	264610	265365	   0	  50	
 105	 105	  20	   2	1004	   2	   1	  32	   4	   6	  30	  20	  30	 510	267177	268181	   0	  40	
 106	 106	  30	   4	1146	   3	   2	  32	   4	   7	  30	  20	  30	 507	269995	271141	   0	  40	
 107	 107	  20	   2	 643	   2	   1	  32	   5	   7	  30	  20	  30	 503	272946	273589	   0	  30	
 108	 108	  30	   2	 879	   3	   1	  32	   5	   8	  30	  20	  30	 539	275430	276309	   0	  20	
 109	 109	  20	   1	 821	   2	   1	  32	   6	   8	  30	  20	  30	 471	278080	278901	   0	  30	
 110	 110	  30	   4	 509	   1	   2	  33	   6	   8	  30	  20	  30	 445	280648	281157	   0	  30	
 111	 111	  30	   4	1055	   3	   2	  33	   6	   9	  30	  20	  30	 517	282998	284053	   0	  30	
 112	 112	  20	   2	 516	   2	   1	  33	   7	   9	  30	  20	  30	 677	286033	286549	   0	  20	
 113	 113	  30	   1	 701	   3	   1	  33	   7	  10	  30	  20	  30	 340	288200	288901	   0	  30	
 114	 114	  30	   4	 942	   1	   2	  34	   7	  10	  30	  20	  30	 357	290567	291509	   0	  30	
 115	 115	  30	   1	 706	   3	   1	  34	   7	  11	  30	  20	  30	 424	293235	293941	   0	  40	
 116	 116	  30	   4	 601	   1	   2	  35	   7	  11	  30	  20	  30	 601	295852	296453	   0	  40	
 117	 117	  30	   2	 592	   3	   1	  35	   7	  12	  30	  20	  30	 688	298453	299045	   0	  30	
 118	 118	  80	   1	1427	   1	   1	   1	   7	  12	  80	  20	  30	 402	300770	302197	   1	  40	
 119	 119	  30	   2	1153	   3	   1	   1	   7	  13	  80	  20	  30	 495	303988	305141	   0	  30	
 120	 120	  20	   2	 682	   2	   1	   1	   8	  13	  80	  20	  30	 508	306955	307637	   0	  20	
 121	 121	  80	   1	 667	   1	   1	   2	   8	  13	  80	  20	  30	 312	309273	309940	   0	  30	
 122	 122	  30	   4	 917	   3	   2	   2	   8	  14	  80	  20	  30	 562	311807	312724	   0	  30	
 123	 123	  80	   2	 476	   1	   1	   3	   8	  14	  80	  20	  30	 391	314424	314900	   0	  20	
 124	 124	  30	   1	 620	   3	   1	   3	   8	  15	  80	  20	  30	 608	316808	317428	   0	  30	
 125	 125	  80	   1	 584	   1	   1	   4	   8	  15	  80	  20	  30	 553	319292	319876	   0	  40	
 126	 126	  30	   4	 758	   3	   2	   4	   8	  16	  80	  20	  30	 515	321710	322468	   0	  40	
 127	 127	  80	   1	 576	   1	   1	   5	   8	  16	  80	  20	  30	 496	324260	324836	   0	  50	
 128	 128	  30	   2	 731	   3	   1	   5	   8	  17	  80	  20	  30	 598	326745	327476	   0	  40	
 129	 129	  20	   2	 833	   2	   1	   5	   9	  17	  80	  20	  30	 603	329395	330228	   0	  30	
 130	 130	  80	   2	 489	   1	   1	   6	   9	  17	  80	  20	  30	 432	331979	332468	   0	  20	
 131	 131	  30	   4	 726	   3	   2	   6	   9	  18	  80	  20	  30	 646	334430	335156	   0	  20	
 132	 132	  80	   1	 454	   1	   1	   7	   9	  18	  80	  20	  30	 360	336814	337268	   0	  30	
 133	 133	  30	   3	 612	   3	   2	   7	   9	  19	  80	  20	  30	 658	339232	339844	   0	  30	
 134	 134	  80	   1	 524	   1	   1	   8	   9	  19	  80	  20	  30	 692	341832	342356	   0	  40	
 135	 135	  20	   2	 714	   2	   1	   8	  10	  19	  80	  20	  30	 587	344250	344964	   0	  30	
 136	 136	  80	   1	 634	   1	   1	   9	  10	  19	  80	  20	  30	 350	346634	347268	   0	  40	
 137	 137	  20	   3	 654	   2	   2	   9	  11	  19	  80	  20	  30	 331	348918	349572	   0	  40	
 138	 138	  80	   1	 758	   1	   1	  10	  11	  19	  80	  20	  30	 624	351502	352260	   0	  50	
 139	 139	  20	   2	 936	   2	   1	  10	  12	  19	  80	  20	  30	 665	354236	355172	   0	  40	
 140	 140	  30	   2	 679	   3	   1	  10	  12	  20	  80	  20	  30	 540	357020	357699	   0	  30	
 141	 141	  80	   2	 503	   1	   1	  11	  12	  20	  80	  20	  30	 387	359404	359907	   0	  20	
 142	 142	  30	   3	 812	   3	   2	  11	  12	  21	  80	  20	  30	 464	361671	362483	   0	  20	
 143	 143	  20	   2	 591	   2	   1	  11	  13	  21	  80	  20	  30	 591	364372	364963	   0	  10	
 144	 144	  80	   1	 351	   1	   1	  12	  13	  21	  80	  20	  30	 482	366756	367107	   0	  20	
 145	 145	  30	   4	 558	   3	   2	  12	  13	  22	  80	  20	  30	 351	368773	369331	   0	  20	
 146	 146	  20	   2	 606	   2	   1	  12	  14	  22	  80	  20	  30	 525	371157	371763	   0	  10	
 147	 147	  30	   4	 621	   3	   2	  12	  14	  23	  80	  20	  30	 494	373558	374179	   0	  10	
 148	 148	  20	   2	 541	   2	   1	  12	  15	  23	  80	  20	  30	 432	375926	376467	   0	   0	
 149	 149	  80	   1	 517	   1	   1	  13	  15	  23	  80	  20	  30	 347	378110	378627	   0	  10	
 150	 150	  20	   2	 613	   2	   1	  13	  16	  23	  80	  20	  30	 554	380494	381107	   0	   0	
 151	 151	  80	   1	 540	   1	   1	  14	  16	  23	  80	  20	  30	 691	383111	383651	   0	  10	
 152	 152	  20	   4	 595	   2	   2	  14	  17	  23	  80	  20	  30	 354	385312	385907	   0	  10	
 153	 153	  30	   2	 791	   3	   1	  14	  17	  24	  80	  20	  30	 387	387596	388387	   0	   0	
 154	 154	  20	   3	 683	   2	   2	  14	  18	  24	  80	  20	  30	 604	390296	390979	   0	   0	
 155	 155	  80	   1	 476	   1	   1	  15	  18	  24	  80	  20	  30	 358	392647	393123	   0	  10	
 156	 156	  30	   4	 571	   3	   2	  15	  18	  25	  80	  20	  30	 618	395048	395619	   0	  10	
 157	 157	  80	   1	 557	   1	   1	  16	  18	  25	  80	  20	  30	 475	397398	397955	   0	  20	
 158	 158	  20	   4	 630	   2	   2	  16	  19	  25	  80	  20	  30	 674	399933	400563	   0	  20	
 159	 159	  30	   4	 877	   3	   2	  16	  19	  26	  80	  20	  30	 695	402550	403427	   0	  20	
 160	 160	  80	   1	 440	   1	   1	  17	  19	  26	  80	  20	  30	 335	405067	405507	   0	  30	
 161	 161	  20	   4	1058	   2	   2	  17	  20	  26	  80	  20	  30	 335	407168	408226	   0	  30	
 162	 162	  30	   3	 667	   3	   2	  17	  20	  27	  80	  20	  30	 597	410119	410786	   0	  30	
 163	 163	  80	   2	 360	   1	   1	  18	  20	  27	  80	  20	  30	 497	412586	412946	   0	  20	
 164	 164	  30	   4	 456	   3	   2	  18	  20	  28	  80	  20	  30	 325	414570	415026	   0	  20	
 165	 165	  20	   4	 735	   2	   2	  18	  21	  28	  80	  20	  30	 443	416771	417506	   0	  20	
 166	 166	  30	   4	 610	   3	   2	  18	  21	  29	  80	  20	  30	 679	419488	420098	   0	  20	
 167	 167	  80	   1	 488	   1	   1	  19	  21	  29	  80	  20	  30	 301	421706	422194	   0	  30	
 168	 168	  30	   3	 704	   3	   2	  19	  21	  30	  80	  20	  30	 409	423906	424610	   0	  30	
 169	 169	  20	   4	 352	   2	   2	  19	  22	  30	  80	  20	  30	 378	426290	426642	   0	  30	
 170	 170	  30	   2	 926	   3	   1	  19	  22	  31	  80	  20	  30	 376	428324	429250	   0	  20	
 171	 171	  80	   1	 508	   1	   1	  20	  22	  31	  80	  20	  30	 577	431142	431650	   0	  30	
 172	 172	  30	   2	1022	   3	   1	  20	  22	  32	  80	  20	  30	 538	433492	434514	   0	  20	
 173	 173	  20	   3	 932	   2	   2	  20	  23	  32	  80	  20	  30	 691	436510	437442	   0	  20	
 174	 174	  80	   1	 478	   1	   1	  21	  23	  32	  80	  20	  30	 681	439444	439922	   0	  30	
 175	 175	  30	   4	 627	   3	   2	  21	  23	  33	  80	  20	  30	 467	441695	442322	   0	  30	
 176	 176	  80	   1	 540	   1	   1	  22	  23	  33	  80	  20	  30	 642	444262	444802	   0	  40	
 177	 177	  30	   1	 724	   3	   1	  22	  23	  34	  80	  20	  30	 336	446446	447170	   0	  50	
 178	 178	  80	   2	 518	   1	   1	  23	  23	  34	  80	  20	  30	 302	448780	449298	   0	  40	
 179	 179	  30	   4	 548	   3	   2	  23	  23	  35	  80	  20	  30	 592	451198	451746	   0	  40	
 180	 180	  20	   2	 495	   2	   1	  23	  24	  35	  80	  20	  30	 633	453698	454193	   0	  30	
 181	 181	  70	   1	 889	   3	   1	  23	  24	   1	  80	  20	  70	 691	456232	457121	   3	  40	
 182	 182	  20	   3	 628	   2	   2	  23	  25	   1	  80	  20	  70	 303	458733	459361	   0	  40	
 183	 183	  80	   1	 535	   1	   1	  24	  25	   1	  80	  20	  70	 375	461034	461569	   0	  50	
 184	 184	  70	   2	 755	   3	   1	  24	  25	   2	  80	  20	  70	 643	463518	464273	   0	  40	
 185	 185	  20	   4	 632	   2	   2	  24	  26	   2	  80	  20	  70	 585	466169	466801	   0	  40	
 186	 186	  70	   1	 702	   3	   1	  24	  26	   3	  80	  20	  70	 695	468803	469505	   0	  50	
 187	 187	  20	   4	 569	   2	   2	  24	  27	   3	  80	  20	  70	 499	471320	471889	   0	  50	
 188	 188	  70	   2	 550	   3	   1	  24	  27	   4	  80	  20	  70	 567	473771	474321	   0	  40	
 189	 189	  20	   4	 520	   2	   2	  24	  28	   4	  80	  20	  70	 474	476105	476625	   0	  40	
 190	 190	  80	   2	 674	   1	   1	  25	  28	   4	  80	  20	  70	 315	478255	478929	   0	  30	
 191	 191	  70	   1	 807	   3	   1	  25	  28	   5	  80	  20	  70	 649	480906	481713	   0	  40	
 192	 192	  80	   1	 856	   1	   1	  26	  28	   5	  80	  20	  70	 644	483657	484513	   0	  50	
 193	 193	  20	   4	 647	   2	   2	  26	  29	   5	  80	  20	  70	 632	486458	487105	   0	  50	
 194	 194	  70	   3	 775	   3	   2	  26	  29	   6	  80	  20	  70	 423	488842	489617	   0	  50	
 195	 195	  20	   2	 575	   2	   1	  26	  30	   6	  80	  20	  70	 500	491426	492001	   0	  40	
 196	 196	  70	   3	 682	   3	   2	  26	  30	   7	  80	  20	  70	 621	493927	494609	   0	  40	
 197	 197	  80	   1	1524	   1	   1	  27	  30	   7	  80	  20	  70	 553	496477	498001	   0	  50	
 198	 198	  50	   1	1006	   2	   1	  27	   1	   7	  80	  50	  70	 449	499795	500801	   2	  60	
 199	 199	  70	   4	1386	   3	   2	  27	   1	   8	  80	  50	  70	 546	502646	504032	   0	  60	
 200	 200	  50	   4	 765	   2	   2	  27	   2	   8	  80	  50	  70	 438	505780	506545	   0	  60	
 201	 201	  80	   1	 588	   1	   1	  28	   2	   8	  80	  50	  70	 695	508564	509152	   0	  70	
 202	 202	  70	   1	1587	   3	   1	  28	   2	   9	  80	  50	  70	 311	510765	512352	   0	  80	
 203	 203	  50	   3	 538	   2	   2	  28	   3	   9	  80	  50	  70	 512	514166	514704	   0	  80	
 204	 204	  70	   1	 408	   3	   1	  28	   3	  10	  80	  50	  70	 590	516600	517008	   0	  90	
 205	 205	  50	   4	 543	   2	   2	  28	   4	  10	  80	  50	  70	 495	518801	519344	   0	  90	
 206	 206	  70	   2	 897	   3	   1	  28	   4	  11	  80	  50	  70	 508	521151	522048	   0	  80	
 207	 207	  50	   4	 644	   2	   2	  28	   5	  11	  80	  50	  70	 507	523852	524496	   0	  80	
 208	 208	  80	   1	1305	   1	   1	  29	   5	  11	  80	  50	  70	 307	526103	527408	   0	  90	
 209	 209	  50	   3	 633	   2	   2	  29	   6	  11	  80	  50	  70	 574	529287	529920	   0	  90	
 210	 210	  80	   1	1329	   1	   1	  30	   6	  11	  80	  50	  70	 631	531871	533200	   0	 100	
 211	 211	  70	   4	1909	   3	   2	  30	   6	  12	  80	  50	  70	 416	534939	536848	   0	 100	
 212	 212	  50	   1	1310	   2	   1	  30	   7	  12	  80	  50	  70	 547	538690	540000	   0	 110	
 213	 213	  80	   1	 836	   1	   1	  31	   7	  12	  80	  50	  70	 430	541724	542560	   0	 120	
 214	 214	  70	   3	 747	   3	   2	  31	   7	  13	  80	  50	  70	 460	544325	545072	   0	 120	
 215	 215	  80	   1	 454	   1	   1	  32	   7	  13	  80	  50	  70	 459	546842	547296	   0	 130	
 216	 216	  70	   3	 522	   3	   2	  32	   7	  14	  80	  50	  70	 530	549126	549648	   0	 130	
 217	 217	  50	   2	1234	   2	   1	  32	   8	  14	  80	  50	  70	 316	551277	552511	   0	 120	
NaN	 218	  80	NaN	NaN	   1	   3	  32	   8	  14	  80	  50	  70	 482	551277	NaN	   0	 120	
 218	 219	  50	   2	 467	   2	   1	  32	   9	  14	  80	  50	  70	 430	558012	558479	   0	 110	
 219	 220	  80	   1	 538	   1	   1	  33	   9	  14	  80	  50	  70	 436	560229	560767	   0	 120	
 220	 221	  70	   3	 875	   3	   2	  33	   9	  15	  80	  50	  70	 510	562580	563455	   0	 120	
 221	 222	  50	   1	1311	   2	   1	  33	  10	  15	  80	  50	  70	 494	565264	566575	   0	 130	
 222	 223	  70	   1	 928	   3	   1	  33	  10	  16	  80	  50	  70	 544	568415	569343	   0	 140	
 223	 224	  20	   4	1279	   1	   2	   1	  10	  16	  20	  50	  70	 549	571216	572495	   1	 140	
 224	 225	  50	   4	 750	   2	   2	   1	  11	  16	  20	  50	  70	 647	574433	575183	   0	 140	
 225	 226	  70	   2	1342	   3	   1	   1	  11	  17	  20	  50	  70	 304	576801	578143	   0	 130	
 226	 227	  20	   4	1431	   1	   2	   2	  11	  17	  20	  50	  70	 321	579768	581199	   0	 130	
 227	 228	  70	   1	1307	   3	   1	   2	  11	  18	  20	  50	  70	 321	582836	584143	   0	 140	
 228	 229	  20	   4	 506	   1	   2	   3	  11	  18	  20	  50	  70	 589	586037	586543	   0	 140	
 229	 230	  50	   1	1170	   2	   1	   3	  12	  18	  20	  50	  70	 372	588221	589391	   0	 150	
 230	 231	  70	   1	 703	   3	   1	   3	  12	  19	  20	  50	  70	 376	591072	591775	   0	 160	
 231	 232	  50	   4	 914	   2	   2	   3	  13	  19	  20	  50	  70	 689	593789	594703	   0	 160	
 232	 233	  70	   1	 753	   3	   1	   3	  13	  20	  20	  50	  70	 596	596590	597343	   0	 170	
 233	 234	  20	   3	 692	   1	   2	   4	  13	  20	  20	  50	  70	 649	599307	599999	   0	 170	
 234	 235	  70	   2	 863	   3	   1	   4	  13	  21	  20	  50	  70	 496	601791	602654	   0	 160	
NaN	 236	  20	NaN	NaN	   1	   3	   4	  13	  21	  20	  50	  70	 573	601791	NaN	   0	 160	
 235	 237	  50	   2	 982	   2	   1	   4	  14	  21	  20	  50	  70	 563	608360	609342	   0	 150	
 236	 238	  70	   3	 506	   3	   2	   4	  14	  22	  20	  50	  70	 393	611044	611550	   0	 150	
 237	 239	  50	   1	 864	   2	   1	   4	  15	  22	  20	  50	  70	 429	613278	614142	   0	 160	
 238	 240	  70	   3	 918	   3	   2	   4	  15	  23	  20	  50	  70	 462	615912	616830	   0	 160	
 239	 241	  50	   1	 588	   2	   1	   4	  16	  23	  20	  50	  70	 402	618546	619134	   0	 170	
 240	 242	  20	   4	 510	   1	   2	   5	  16	  23	  20	  50	  70	 436	620880	621390	   0	 170	
 241	 243	  50	   4	 996	   2	   2	   5	  17	  23	  20	  50	  70	 405	623114	624110	   0	 170	
 242	 244	  20	   4	1091	   1	   2	   6	  17	  23	  20	  50	  70	 499	625915	627006	   0	 170	
 243	 245	  70	   1	 856	   3	   1	   6	  17	  24	  20	  50	  70	 663	628966	629822	   0	 180	
 244	 246	  50	   1	1146	   2	   1	   6	  18	  24	  20	  50	  70	 567	631700	632846	   0	 190	
 245	 247	  20	   3	 609	   1	   2	   7	  18	  24	  20	  50	  70	 558	634701	635310	   0	 190	
 246	 248	  50	   2	1108	   2	   1	   7	  19	  24	  20	  50	  70	 387	637002	638110	   0	 180	
NaN	 249	  70	NaN	NaN	   3	   3	   7	  19	  24	  20	  50	  70	 658	637002	NaN	   0	 180	
 247	 250	  20	   4	 562	   1	   2	   8	  19	  24	  20	  50	  70	 461	643804	644366	   0	 180	
 248	 251	  70	   1	 484	   3	   1	   8	  19	  25	  20	  50	  70	 489	646154	646638	   0	 190	
 249	 252	  50	   3	1071	   2	   2	   8	  20	  25	  20	  50	  70	 687	648638	649709	   0	 190	
 250	 253	  20	   4	 697	   1	   2	   9	  20	  25	  20	  50	  70	 535	651556	652253	   0	 190	
 251	 254	  70	   2	 565	   3	   1	   9	  20	  26	  20	  50	  70	 453	654040	654605	   0	 180	
 252	 255	  50	   3	 884	   2	   2	   9	  21	  26	  20	  50	  70	 535	656457	657341	   0	 180	
 253	 256	  70	   1	1017	   3	   1	   9	  21	  27	  20	  50	  70	 457	659108	660125	   0	 190	
 254	 257	  50	   2	1172	   2	   1	   9	  22	  27	  20	  50	  70	 580	662009	663181	   0	 180	
 255	 258	  70	   1	 707	   3	   1	   9	  22	  28	  20	  50	  70	 318	664810	665517	   0	 190	
 256	 259	  50	   4	 519	   2	   2	   9	  23	  28	  20	  50	  70	 667	667494	668013	   0	 190	
 257	 260	  70	   2	 494	   3	   1	   9	  23	  29	  20	  50	  70	 377	669695	670189	   0	 180	
 258	 261	  20	   4	 600	   1	   2	  10	  23	  29	  20	  50	  70	 352	671845	672445	   0	 180	
 259	 262	  70	   1	1220	   3	   1	  10	  23	  30	  20	  50	  70	 555	674313	675533	   0	 190	
 260	 263	  50	   4	 556	   2	   2	  10	  24	  30	  20	  50	  70	 455	677297	677853	   0	 190	
 261	 264	  20	   4	 431	   1	   2	  11	  24	  30	  20	  50	  70	 438	679614	680045	   0	 190	
 262	 265	  50	   2	 749	   3	   1	  11	  24	   1	  20	  50	  50	 661	682032	682781	   3	 180	
 263	 266	  50	   3	 670	   2	   2	  11	  25	   1	  20	  50	  50	 312	684399	685069	   0	 180	
 264	 267	  50	   2	 645	   3	   1	  11	  25	   2	  20	  50	  50	 645	687016	687661	   0	 170	
 265	 268	  50	   3	 553	   2	   2	  11	  26	   2	  20	  50	  50	 331	689300	689853	   0	 170	
 266	 269	  20	   4	 665	   1	   2	  12	  26	   2	  20	  50	  50	 518	691684	692349	   0	 170	
 267	 270	  50	   4	1081	   2	   2	  12	  27	   2	  20	  50	  50	 405	694068	695149	   0	 170	
 268	 271	  50	   3	 772	   3	   2	  12	  27	   3	  20	  50	  50	 497	696936	697708	   0	 170	
 269	 272	  50	   3	 787	   2	   2	  12	  28	   3	  20	  50	  50	 331	699353	700140	   0	 170	
 270	 273	  50	   4	 814	   3	   2	  12	  28	   4	  20	  50	  50	 402	701854	702668	   0	 170	
 271	 274	  50	   2	 603	   2	   1	  12	  29	   4	  20	  50	  50	 321	704321	704924	   0	 160	
 272	 275	  20	   4	 583	   1	   2	  13	  29	   4	  20	  50	  50	 559	706789	707372	   0	 160	
 273	 276	  50	   3	 775	   3	   2	  13	  29	   5	  20	  50	  50	 508	709189	709964	   0	 160	
 274	 277	  50	   1	 904	   2	   1	  13	  30	   5	  20	  50	  50	 662	711924	712828	   0	 170	
 275	 278	  20	   3	 590	   1	   2	  14	  30	   5	  20	  50	  50	 436	714574	715164	   0	 170	
 276	 279	  50	   3	 700	   3	   2	  14	  30	   6	  20	  50	  50	 520	716992	717692	   0	 170	
 277	 280	  20	   4	 624	   1	   2	  15	  30	   6	  20	  50	  50	 666	719676	720300	   0	 170	
 278	 281	  50	   4	1159	   3	   2	  15	  30	   7	  20	  50	  50	 667	722277	723436	   0	 170	
 279	 282	  20	   3	 690	   1	   2	  16	  30	   7	  20	  50	  50	 450	725194	725884	   0	 170	
 280	 283	  50	   2	 682	   3	   1	  16	  30	   8	  20	  50	  50	 594	727778	728460	   0	 160	
 281	 284	  50	   3	 805	   2	   2	  16	  31	   8	  20	  50	  50	 496	730279	731084	   0	 160	
 282	 285	  20	   2	 614	   1	   1	  17	  31	   8	  20	  50	  50	 654	733046	733660	   0	 150	
 283	 286	  50	   2	 784	   2	   1	  17	  32	   8	  20	  50	  50	 602	735564	736348	   0	 140	
 284	 287	  20	   4	 532	   1	   2	  18	  32	   8	  20	  50	  50	 594	738248	738780	   0	 140	
 285	 288	  50	   3	 603	   3	   2	  18	  32	   9	  20	  50	  50	 365	740465	741068	   0	 140	
 286	 289	  20	   4	 564	   1	   2	  19	  32	   9	  20	  50	  50	 641	743016	743580	   0	 140	
 287	 290	  50	   3	 805	   3	   2	  19	  32	  10	  20	  50	  50	 487	745367	746172	   0	 140	
 288	 291	  50	   3	 921	   2	   2	  19	  33	  10	  20	  50	  50	 561	748034	748955	   0	 140	
 289	 292	  50	   1	 377	   3	   1	  19	  33	  11	  20	  50	  50	 554	750818	751195	   0	 150	
 290	 293	  20	   4	1038	   2	   2	  19	   1	  11	  20	  20	  50	 536	753069	754107	   2	 150	
 291	 294	  50	   1	 517	   3	   1	  19	   1	  12	  20	  20	  50	 657	756086	756603	   0	 160	
 292	 295	  20	   4	 521	   1	   2	  20	   1	  12	  20	  20	  50	 441	758354	758875	   0	 160	
 293	 296	  20	   4	 620	   2	   2	  20	   2	  12	  20	  20	  50	 486	760671	761291	   0	 160	
 294	 297	  20	   4	 564	   1	   2	  21	   2	  12	  20	  20	  50	 663	763255	763819	   0	 160	
 295	 298	  20	   4	 735	   2	   2	  21	   3	  12	  20	  20	  50	 620	765756	766491	   0	 160	
 296	 299	  20	   3	 564	   1	   2	  22	   3	  12	  20	  20	  50	 607	768407	768971	   0	 160	
 297	 300	  20	   4	 821	   2	   2	  22	   4	  12	  20	  20	  50	 482	770774	771595	   0	 160	
 298	 301	  50	   2	 725	   3	   1	  22	   4	  13	  20	  20	  50	 657	773558	774283	   0	 150	
 299	 302	  20	   3	 563	   2	   2	  22	   5	  13	  20	  20	  50	 396	775976	776539	   0	 150	
 300	 303	  50	   1	 666	   3	   1	  22	   5	  14	  20	  20	  50	 362	778193	778859	   0	 160	
 301	 304	  20	   4	 679	   2	   2	  22	   6	  14	  20	  20	  50	 466	780660	781339	   0	 160	
 302	 305	  20	   4	 575	   1	   2	  23	   6	  14	  20	  20	  50	 590	783228	783803	   0	 160	
 303	 306	  50	   3	 788	   3	   2	  23	   6	  15	  20	  20	  50	 391	785495	786283	   0	 160	
 304	 307	  20	   4	 550	   1	   2	  24	   6	  15	  20	  20	  50	 625	788213	788763	   0	 160	
 305	 308	  50	   2	 423	   3	   1	  24	   6	  16	  20	  20	  50	 503	790580	791003	   0	 150	
 306	 309	  20	   4	 474	   1	   2	  25	   6	  16	  20	  20	  50	 590	792897	793371	   0	 150	
 307	 310	  50	   2	1608	   3	   1	  25	   6	  17	  20	  20	  50	 625	795298	796906	   0	 140	
 308	 311	  20	   4	1509	   1	   2	  26	   6	  17	  20	  20	  50	 340	798549	800058	   0	 140	
 309	 312	  50	   1	 556	   3	   1	  26	   6	  18	  20	  20	  50	 590	801950	802506	   0	 150	
 310	 313	  20	   4	 495	   2	   2	  26	   7	  18	  20	  20	  50	 451	804267	804762	   0	 150	
 311	 314	  50	   4	1017	   3	   2	  26	   7	  19	  20	  20	  50	 304	806385	807402	   0	 150	
 312	 315	  20	   2	 785	   2	   1	  26	   8	  19	  20	  20	  50	 656	809369	810154	   0	 140	
NaN	 316	  20	NaN	NaN	   1	   3	  26	   8	  19	  20	  20	  50	 496	809369	NaN	   0	 140	
 313	 317	  20	   1	 636	   2	   1	  26	   9	  19	  20	  20	  50	 620	815854	816490	   0	 150	
 314	 318	  50	   2	 709	   3	   1	  26	   9	  20	  20	  20	  50	 619	818421	819130	   0	 140	
 315	 319	  20	   4	 555	   2	   2	  26	  10	  20	  20	  20	  50	 623	821055	821610	   0	 140	
 316	 320	  20	   4	 511	   1	   2	  27	  10	  20	  20	  20	  50	 399	823323	823834	   0	 140	
 317	 321	  50	   2	 977	   3	   1	  27	  10	  21	  20	  20	  50	 515	825657	826634	   0	 130	
 318	 322	  20	   3	 710	   1	   2	  28	  10	  21	  20	  20	  50	 382	828324	829034	   0	 130	
 319	 323	  50	   1	 730	   3	   1	  28	  10	  22	  20	  20	  50	 671	831008	831738	   0	 140	
 320	 324	  20	   4	 611	   1	   2	  29	  10	  22	  20	  20	  50	 518	833559	834170	   0	 140	
 321	 325	  20	   4	 773	   2	   2	  29	  11	  22	  20	  20	  50	 408	835893	836666	   0	 140	
 322	 326	  20	   2	 505	   1	   1	  30	  11	  22	  20	  20	  50	 582	838561	839066	   0	 130	
 323	 327	  50	   2	 627	   3	   1	  30	  11	  23	  20	  20	  50	 346	840711	841338	   0	 120	
 324	 328	  20	   4	 680	   2	   2	  30	  12	  23	  20	  20	  50	 306	842945	843625	   0	 120	
 325	 329	  50	   1	 647	   3	   1	  30	  12	  24	  20	  20	  50	 414	845346	845993	   0	 130	
 326	 330	  20	   4	 614	   2	   2	  30	  13	  24	  20	  20	  50	 450	847763	848377	   0	 130	
 327	 331	  20	   4	 558	   1	   2	  31	  13	  24	  20	  20	  50	 655	850347	850905	   0	 130	
 328	 332	  20	   4	 568	   2	   2	  31	  14	  24	  20	  20	  50	 648	852865	853433	   0	 130	
 329	 333	  50	   1	 742	   3	   1	  31	  14	  25	  20	  20	  50	 567	855315	856057	   0	 140	
 330	 334	  20	   4	 478	   1	   2	  32	  14	  25	  20	  20	  50	 518	857883	858361	   0	 140	
 331	 335	  20	   4	 607	   2	   2	  32	  15	  25	  20	  20	  50	 571	860250	860857	   0	 140	
 332	 336	  50	   2	 646	   3	   1	  32	  15	  26	  20	  20	  50	 693	862851	863497	   0	 130	
 333	 337	  20	   3	 556	   1	   2	  33	  15	  26	  20	  20	  50	 692	865485	866041	   0	 130	
 334	 338	  20	   4	 581	   2	   2	  33	  16	  26	  20	  20	  50	 693	868036	868617	   0	 130	
 335	 339	  20	   4	 714	   1	   2	  34	  16	  26	  20	  20	  50	 379	870303	871017	   0	 130	
 336	 340	  20	   4	 568	   2	   2	  34	  17	  26	  20	  20	  50	 414	872737	873305	   0	 130	
 337	 341	  20	   4	 650	   1	   2	  35	  17	  26	  20	  20	  50	 456	875071	875721	   0	 130	
 338	 342	  50	   1	 939	   3	   1	  35	  17	  27	  20	  20	  50	 393	877422	878361	   0	 140	
 339	 343	  80	   3	1275	   1	   2	   1	  17	  27	  80	  20	  50	 520	880206	881481	   1	 140	
 340	 344	  20	   3	 501	   2	   2	   1	  18	  27	  80	  20	  50	 349	883140	883641	   0	 140	
 341	 345	  50	   1	 693	   3	   1	   1	  18	  28	  80	  20	  50	 534	885508	886201	   0	 150	
 342	 346	  20	   3	 440	   2	   2	   1	  19	  28	  80	  20	  50	 328	887825	888265	   0	 150	
 343	 347	  80	   1	 631	   1	   1	   2	  19	  28	  80	  20	  50	 666	890242	890873	   0	 160	
 344	 348	  20	   4	 437	   2	   2	   2	  20	  28	  80	  20	  50	 475	892643	893080	   0	 160	
 345	 349	  50	   2	 662	   3	   1	   2	  20	  29	  80	  20	  50	 617	895010	895672	   0	 150	
 346	 350	  80	   1	 648	   1	   1	   3	  20	  29	  80	  20	  50	 359	897328	897976	   0	 160	
 347	 351	  50	   4	 540	   3	   2	   3	  20	  30	  80	  20	  50	 316	899612	900152	   0	 160	
 348	 352	  80	   1	 624	   1	   1	   4	  20	  30	  80	  20	  50	 460	901912	902536	   0	 170	
 349	 353	  50	   2	 764	   3	   1	   4	  20	  31	  80	  20	  50	 537	904380	905144	   0	 160	
 350	 354	  80	   2	 551	   1	   1	   5	  20	  31	  80	  20	  50	 441	906897	907448	   0	 150	
 351	 355	  20	   3	 468	   2	   2	   5	  21	  31	  80	  20	  50	 580	909348	909816	   0	 150	
 352	 356	  80	   1	 573	   1	   1	   6	  21	  31	  80	  20	  50	 365	911499	912072	   0	 160	
 353	 357	  50	   4	 664	   3	   2	   6	  21	  32	  80	  20	  50	 645	914016	914680	   0	 160	
 354	 358	  20	   4	1081	   2	   2	   6	  22	  32	  80	  20	  50	 379	916367	917448	   0	 160	
 355	 359	  50	   1	 918	   3	   1	   6	  22	  33	  80	  20	  50	 474	919234	920152	   0	 170	
 356	 360	  20	   4	 551	   2	   2	   6	  23	  33	  80	  20	  50	 518	921985	922536	   0	 170	
 357	 361	  80	   1	 564	   1	   1	   7	  23	  33	  80	  20	  50	 598	924452	925016	   0	 180	
 358	 362	  20	   4	 514	   2	   2	   7	  24	  33	  80	  20	  50	 570	926886	927400	   0	 180	
 359	 363	  70	   3	 904	   3	   2	   7	  24	   1	  80	  20	  70	 365	929104	930008	   3	 180	
 360	 364	  80	   1	 495	   1	   1	   8	  24	   1	  80	  20	  70	 413	931721	932216	   0	 190	
 361	 365	  70	   2	 563	   3	   1	   8	  24	   2	  80	  20	  70	 471	934005	934568	   0	 180	
 362	 366	  20	   4	 520	   2	   2	   8	  25	   2	  80	  20	  70	 385	936256	936776	   0	 180	
 363	 367	  70	   2	 536	   3	   1	   8	  25	   3	  80	  20	  70	 556	938640	939176	   0	 170	
 364	 368	  20	   4	 394	   2	   2	   8	  26	   3	  80	  20	  70	 466	940957	941351	   0	 170	
 365	 369	  80	   2	 603	   1	   1	   9	  26	   3	  80	  20	  70	 665	943324	943927	   0	 160	
 366	 370	  70	   3	 479	   3	   2	   9	  26	   4	  80	  20	  70	 352	945592	946071	   0	 160	
 367	 371	  20	   3	 534	   2	   2	   9	  27	   4	  80	  20	  70	 446	947809	948343	   0	 160	
 368	 372	  70	   3	 741	   3	   2	   9	  27	   5	  80	  20	  70	 562	950210	950951	   0	 160	
 369	 373	  80	   1	 516	   1	   1	  10	  27	   5	  80	  20	  70	 351	952611	953127	   0	 170	
 370	 374	  70	   1	 387	   3	   1	  10	  27	   6	  80	  20	  70	 595	955028	955415	   0	 180	
 371	 375	  80	   1	 598	   1	   1	  11	  27	   6	  80	  20	  70	 594	957329	957927	   0	 190	
 372	 376	  70	   4	 978	   3	   2	  11	  27	   7	  80	  20	  70	 593	959829	960807	   0	 190	
 373	 377	  20	   4	 604	   2	   2	  11	  28	   7	  80	  20	  70	 650	962763	963367	   0	 190	
NaN	 378	  80	NaN	NaN	   1	   3	  11	  28	   7	  80	  20	  70	 523	962763	NaN	   0	 190	
 374	 379	  70	   1	1924	   3	   1	  11	  28	   8	  80	  20	  70	 417	968899	970823	   0	 200	
 375	 380	  80	   3	 682	   1	   2	  12	  28	   8	  80	  20	  70	 598	972733	973415	   0	 200	
 376	 381	  70	   1	 632	   3	   1	  12	  28	   9	  80	  20	  70	 433	975167	975799	   0	 210	
 377	 382	  80	   1	 827	   1	   1	  13	  28	   9	  80	  20	  70	 353	977468	978295	   0	 220	
 378	 383	  20	   4	 528	   2	   2	  13	  29	   9	  80	  20	  70	 516	980119	980647	   0	 220	
 379	 384	  80	   1	 587	   1	   1	  14	  29	   9	  80	  20	  70	 304	982252	982839	   0	 230	
 380	 385	  70	   3	 502	   3	   2	  14	  29	  10	  80	  20	  70	 594	984737	985239	   0	 230	
 381	 386	  80	   1	 682	   1	   1	  15	  29	  10	  80	  20	  70	 449	987021	987703	   0	 240	
 382	 387	  20	   4	 448	   2	   2	  15	  30	  10	  80	  20	  70	 622	989638	990086	   0	 240	
 383	 388	  70	   2	 585	   3	   1	  15	  30	  11	  80	  20	  70	 385	991789	992374	   0	 230	
 384	 389	  20	   4	 539	   2	   2	  15	  31	  11	  80	  20	  70	 439	994123	994662	   0	 230	
 385	 390	  70	   1	 569	   3	   1	  15	  31	  12	  80	  20	  70	 606	996573	997142	   0	 240	
 386	 391	  80	   1	 644	   1	   1	  16	  31	  12	  80	  20	  70	 615	999074	999718	   0	 250	
 387	 392	  70	   1	 574	   3	   1	  16	  31	  13	  80	  20	  70	 593	1001608	1002182	   0	 260	
 388	 393	  20	   4	 530	   2	   2	  16	  32	  13	  80	  20	  70	 402	1003892	1004422	   0	 260	
 389	 394	  70	   4	 801	   3	   2	  16	  32	  14	  80	  20	  70	 576	1006293	1007094	   0	 260	
 390	 395	  20	   3	 640	   2	   2	  16	  33	  14	  80	  20	  70	 310	1008710	1009350	   0	 260	
 391	 396	  70	   1	 780	   3	   1	  16	  33	  15	  80	  20	  70	 519	1011194	1011974	   0	 270	
 392	 397	  80	   1	 864	   1	   1	  17	  33	  15	  80	  20	  70	 581	1013862	1014726	   0	 280	
 393	 398	  70	   1	 996	   3	   1	  17	  33	  16	  80	  20	  70	 498	1016546	1017542	   0	 290	
 394	 399	  20	   4	 637	   2	   2	  17	  34	  16	  80	  20	  70	 656	1019497	1020134	   0	 290	
 395	 400	  80	   2	1005	   1	   1	  18	  34	  16	  80	  20	  70	 454	1021897	1022902	   0	 280	
 396	 401	  20	   4	 996	   2	   2	  18	  35	  16	  80	  20	  70	 695	1024898	1025894	   0	 280	
 397	 402	  80	   2	 901	   1	   1	  19	  35	  16	  80	  20	  70	 455	1027649	1028550	   0	 270	
 398	 403	  80	   1	1156	   2	   1	  19	   1	  16	  80	  80	  70	 548	1030450	1031606	   2	 280	
 399	 404	  80	   1	 621	   1	   1	  20	   1	  16	  80	  80	  70	 489	1033401	1034022	   0	 290	
 400	 405	  80	   1	 647	   2	   1	  20	   2	  16	  80	  80	  70	 599	1035935	1036582	   0	 300	
NaN	 406	  80	NaN	NaN	   1	   3	  20	   2	  16	  80	  80	  70	 515	1035935	NaN	   0	 300	
 401	 407	  80	   3	 677	   2	   2	  20	   3	  16	  80	  80	  70	 627	1042320	1042997	   0	 300	
 402	 408	  80	   2	 645	   1	   1	  21	   3	  16	  80	  80	  70	 398	1044704	1045349	   0	 290	
 403	 409	  80	   2	 960	   2	   1	  21	   4	  16	  80	  80	  70	 568	1047221	1048181	   0	 280	
 404	 410	  80	   1	 745	   1	   1	  22	   4	  16	  80	  80	  70	 690	1050172	1050917	   0	 290	
 405	 411	  80	   1	1127	   2	   1	  22	   5	  16	  80	  80	  70	 381	1052606	1053733	   0	 300	
 406	 412	  80	   3	 842	   1	   2	  23	   5	  16	  80	  80	  70	 652	1055691	1056533	   0	 300	
 407	 413	  80	   1	1110	   2	   1	  23	   6	  16	  80	  80	  70	 354	1058191	1059301	   0	 310	
 408	 414	  80	   1	1941	   1	   1	  24	   6	  16	  80	  80	  70	 397	1060992	1062933	   0	 320	
 409	 415	  80	   1	 710	   2	   1	  24	   7	  16	  80	  80	  70	 300	1064543	1065253	   0	 330	
 410	 416	  80	   1	 558	   1	   1	  25	   7	  16	  80	  80	  70	 565	1067127	1067685	   0	 340	
 411	 417	  70	   2	1510	   3	   1	  25	   7	  17	  80	  80	  70	 306	1069311	1070821	   0	 330	
 412	 418	  80	   1	1894	   2	   1	  25	   8	  17	  80	  80	  70	 376	1072495	1074389	   0	 340	
 413	 419	  80	   1	 701	   1	   1	  26	   8	  17	  80	  80	  70	 597	1076280	1076981	   0	 350	
 414	 420	  80	   2	1381	   2	   1	  26	   9	  17	  80	  80	  70	 566	1078864	1080245	   0	 340	
 415	 421	  70	   1	 815	   3	   1	  26	   9	  18	  80	  80	  70	 625	1082182	1082997	   0	 350	
 416	 422	  80	   1	 805	   2	   1	  26	  10	  18	  80	  80	  70	 524	1084832	1085637	   0	 360	
 417	 423	  80	   2	 853	   1	   1	  27	  10	  18	  80	  80	  70	 620	1087567	1088420	   0	 350	
 418	 424	  70	   3	1126	   3	   2	  27	  10	  19	  80	  80	  70	 601	1090334	1091460	   0	 350	
 419	 425	  80	   2	1084	   2	   1	  27	  11	  19	  80	  80	  70	 581	1093352	1094436	   0	 340	
 420	 426	  80	   3	1696	   1	   2	  28	  11	  19	  80	  80	  70	 301	1096052	1097748	   0	 340	
 421	 427	  70	   1	1012	   3	   1	  28	  11	  20	  80	  80	  70	 458	1099520	1100532	   0	 350	
 422	 428	  80	   1	1049	   2	   1	  28	  12	  20	  80	  80	  70	 355	1102187	1103236	   0	 360	
 423	 429	  80	   1	 977	   1	   1	  29	  12	  20	  80	  80	  70	 604	1105155	1106132	   0	 370	
 424	 430	  70	   1	1246	   3	   1	  29	  12	  21	  80	  80	  70	 575	1108006	1109252	   0	 380	
 425	 431	  80	   1	1236	   2	   1	  29	  13	  21	  80	  80	  70	 497	1111040	1112276	   0	 390	
 426	 432	  70	   2	1472	   3	   1	  29	  13	  22	  80	  80	  70	 342	1113924	1115396	   0	 380	
 427	 433	  80	   1	 965	   2	   1	  29	  14	  22	  80	  80	  70	 662	1117359	1118324	   0	 390	
 428	 434	  70	   2	 808	   3	   1	  29	  14	  23	  80	  80	  70	 441	1120076	1120884	   0	 380	
 429	 435	  80	   1	 948	   2	   1	  29	  15	  23	  80	  80	  70	 376	1122560	1123508	   0	 390	
 430	 436	  70	   1	1033	   3	   1	  29	  15	  24	  80	  80	  70	 388	1125211	1126244	   0	 400	
 431	 437	  80	   1	 692	   1	   1	  30	  15	  24	  80	  80	  70	 555	1128128	1128820	   0	 410	
 432	 438	  70	   1	 656	   3	   1	  30	  15	  25	  80	  80	  70	 475	1130596	1131252	   0	 420	
 433	 439	  30	   2	1291	   1	   1	   1	  15	  25	  30	  80	  70	 532	1133113	1134404	   1	 410	
 434	 440	  70	   1	 657	   3	   1	   1	  15	  26	  30	  80	  70	 404	1136114	1136771	   0	 420	
 435	 441	  80	   1	1456	   2	   1	   1	  16	  26	  30	  80	  70	 434	1138515	1139971	   0	 430	
 436	 442	  70	   1	 949	   3	   1	   1	  16	  27	  30	  80	  70	 682	1141966	1142915	   0	 440	
 437	 443	  30	   1	1440	   1	   1	   2	  16	  27	  30	  80	  70	 663	1144883	1146323	   0	 450	
 438	 444	  80	   1	1113	   2	   1	   2	  17	  27	  30	  80	  70	 603	1148234	1149347	   0	 460	
 439	 445	  30	   1	1355	   1	   1	   3	  17	  27	  30	  80	  70	 312	1150952	1152307	   0	 470	
 440	 446	  80	   2	 575	   2	   1	   3	  18	  27	  30	  80	  70	 429	1154036	1154611	   0	 460	
 441	 447	  30	   2	 812	   1	   1	   4	  18	  27	  30	  80	  70	 565	1156503	1157315	   0	 450	
 442	 448	  80	   1	 571	   2	   1	   4	  19	  27	  30	  80	  70	 687	1159304	1159875	   0	 460	
 443	 449	  30	   4	 713	   1	   2	   5	  19	  27	  30	  80	  70	 543	1161722	1162435	   0	 460	
 444	 450	  70	   2	 607	   3	   1	   5	  19	  28	  30	  80	  70	 619	1164356	1164963	   0	 450	
 445	 451	  30	   2	 743	   1	   1	   6	  19	  28	  30	  80	  70	 683	1166956	1167699	   0	 440	
 446	 452	  80	   1	 732	   2	   1	   6	  20	  28	  30	  80	  70	 609	1169607	1170339	   0	 450	
 447	 453	  70	   1	 734	   3	   1	   6	  20	  29	  30	  80	  70	 670	1172325	1173059	   0	 460	
 448	 454	  80	   1	 548	   2	   1	   6	  21	  29	  30	  80	  70	 612	1174975	1175523	   0	 470	
 449	 455	  30	   3	 527	   1	   2	   7	  21	  29	  30	  80	  70	 633	1177476	1178003	   0	 470	
 450	 456	  80	   1	1017	   2	   1	   7	  22	  29	  30	  80	  70	 691	1179994	1181011	   0	 480	
 451	 457	  70	   1	1111	   3	   1	   7	  22	  30	  30	  80	  70	 483	1182828	1183939	   0	 490	
 452	 458	  30	   2	1978	   1	   1	   8	  22	  30	  30	  80	  70	 665	1185912	1187890	   0	 480	
 453	 459	  70	   1	1093	   3	   1	   8	  22	  31	  30	  80	  70	 414	1189613	1190706	   0	 490	
 454	 460	  30	   2	1174	   1	   1	   9	  22	  31	  30	  80	  70	 364	1192364	1193538	   0	 480	
 455	 461	  80	   1	 747	   2	   1	   9	  23	  31	  30	  80	  70	 578	1195415	1196162	   0	 490	
 456	 462	  70	   1	 964	   3	   1	   9	  23	  32	  30	  80	  70	 513	1197982	1198946	   0	 500	
 457	 463	  30	   4	 962	   1	   2	  10	  23	  32	  30	  80	  70	 554	1200816	1201778	   0	 500	
 458	 464	  80	   1	1509	   2	   1	  10	  24	  32	  30	  80	  70	 441	1203517	1205026	   0	 510	
 459	 465	  30	   1	 733	   1	   1	  11	  24	  32	  30	  80	  70	 550	1206885	1207618	   0	 520	
 460	 466	  70	   1	 760	   3	   1	  11	  24	  33	  30	  80	  70	 466	1209402	1210162	   0	 530	
NaN	 467	  80	NaN	NaN	   2	   3	  11	  24	  33	  30	  80	  70	 397	1209402	NaN	   0	 530	
 461	 468	  70	   2	 646	   3	   1	  11	  24	  34	  30	  80	  70	 654	1215804	1216450	   0	 520	
 462	 469	  30	   2	1104	   1	   1	  12	  24	  34	  30	  80	  70	 592	1218338	1219442	   0	 510	
 463	 470	  80	   2	1099	   2	   1	  12	  25	  34	  30	  80	  70	 488	1221239	1222338	   0	 500	
 464	 471	  30	   2	 781	   1	   1	  13	  25	  34	  30	  80	  70	 322	1223973	1224754	   0	 490	
 465	 472	  70	   1	 784	   3	   1	  13	  25	  35	  30	  80	  70	 628	1226690	1227474	   0	 500	
 466	 473	  30	   1	1211	   1	   1	  14	  25	  35	  30	  80	  70	 382	1229175	1230386	   0	 510	
 467	 474	  80	   1	1008	   2	   1	  14	  26	  35	  30	  80	  70	 546	1232225	1233233	   0	 520	
 468	 475	  30	   4	1231	   1	   2	  15	  26	  35	  30	  80	  70	 487	1235026	1236257	   0	 520	
 469	 476	  50	   2	1412	   3	   1	  15	  26	   1	  30	  80	  50	 488	1238077	1239489	   3	 510	
 470	 477	  80	   1	1418	   2	   1	  15	  27	   1	  30	  80	  50	 305	1241095	1242513	   0	 520	
 471	 478	  50	   3	1337	   3	   2	  15	  27	   2	  30	  80	  50	 455	1244296	1245633	   0	 520	
 472	 479	  80	   1	1139	   2	   1	  15	  28	   2	  30	  80	  50	 307	1247246	1248385	   0	 530	
 473	 480	  30	   2	 987	   1	   1	  16	  28	   2	  30	  80	  50	 515	1250214	1251201	   0	 520	
 474	 481	  50	   4	 727	   3	   2	  16	  28	   3	  30	  80	  50	 568	1253082	1253809	   0	 520	
 475	 482	  80	   4	1349	   2	   2	  16	  29	   3	  30	  80	  50	 411	1255516	1256865	   0	 520	
 476	 483	  50	   4	 950	   3	   2	  16	  29	   4	  30	  80	  50	 505	1258683	1259633	   0	 520	
 477	 484	  80	   1	1028	   2	   1	  16	  30	   4	  30	  80	  50	 559	1261501	1262529	   0	 530	
 478	 485	  30	   3	1014	   1	   2	  17	  30	   4	  30	  80	  50	 413	1264235	1265249	   0	 530	
 479	 486	  20	   3	1517	   2	   2	  17	   1	   4	  30	  20	  50	 677	1267252	1268769	   2	 530	
 480	 487	  50	   3	 960	   3	   2	  17	   1	   5	  30	  20	  50	 653	1270737	1271697	   0	 530	
 481	 488	  20	   4	 829	   2	   2	  17	   2	   5	  30	  20	  50	 583	1273604	1274433	   0	 530	
 482	 489	  30	   4	 629	   1	   2	  18	   2	   5	  30	  20	  50	 449	1276188	1276817	   0	 530	
 483	 490	  50	   1	 435	   3	   1	  18	   2	   6	  30	  20	  50	 487	1278606	1279041	   0	 540	
 484	 491	  30	   4	1313	   1	   2	  19	   2	   6	  30	  20	  50	 311	1280656	1281969	   0	 540	
 485	 492	  50	   1	 749	   3	   1	  19	   2	   7	  30	  20	  50	 631	1283907	1284656	   0	 550	
 486	 493	  20	   2	1362	   2	   1	  19	   3	   7	  30	  20	  50	 588	1286558	1287920	   0	 540	
 487	 494	  50	   1	1362	   3	   1	  19	   3	   8	  30	  20	  50	 499	1289726	1291088	   0	 550	
 488	 495	  30	   4	 775	   1	   2	  20	   3	   8	  30	  20	  50	 410	1292793	1293568	   0	 550	
 489	 496	  20	   3	1319	   2	   2	  20	   4	   8	  30	  20	  50	 700	1295577	1296896	   0	 550	
 490	 497	  50	   2	 533	   3	   1	  20	   4	   9	  30	  20	  50	 589	1298795	1299328	   0	 540	
 491	 498	  30	   4	 839	   1	   2	  21	   4	   9	  30	  20	  50	 466	1301129	1301968	   0	 540	
 492	 499	  50	   4	1988	   3	   2	  21	   4	  10	  30	  20	  50	 328	1303596	1305584	   0	 540	
 493	 500	  30	   3	1513	   1	   2	  22	   4	  10	  30	  20	  50	 564	1307447	1308960	   0	 540	
 494	 501	  50	   1	1726	   3	   1	  22	   4	  11	  30	  20	  50	 637	1310898	1312624	   0	 550	
 495	 502	  20	   4	 881	   2	   2	  22	   5	  11	  30	  20	  50	 452	1314383	1315264	   0	 550	
 496	 503	  30	   1	1597	   1	   1	  23	   5	  11	  30	  20	  50	 307	1316883	1318480	   0	 560	
 497	 504	  50	   2	1176	   3	   1	  23	   5	  12	  30	  20	  50	 407	1320184	1321360	   0	 550	
 498	 505	  30	   4	 698	   1	   2	  24	   5	  12	  30	  20	  50	 636	1323302	1324000	   0	 550	
 499	 506	  20	   4	 645	   2	   2	  24	   6	  12	  30	  20	  50	 510	1325819	1326464	   0	 550	
 500	 507	  50	   1	 534	   3	   1	  24	   6	  13	  30	  20	  50	 403	1328170	1328704	   0	 560	
 501	 508	  20	   2	1895	   2	   1	  24	   7	  13	  30	  20	  50	 476	1330504	1332399	   0	 550	
 502	 509	  50	   1	1959	   3	   1	  24	   7	  14	  30	  20	  50	 387	1334088	1336047	   0	 560	
 503	 510	  30	   4	 551	   1	   2	  25	   7	  14	  30	  20	  50	 686	1338040	1338591	   0	 560	
 504	 511	  50	   2	1115	   3	   1	  25	   7	  15	  30	  20	  50	 425	1340324	1341439	   0	 550	
 505	 512	  30	   4	 770	   1	   2	  26	   7	  15	  30	  20	  50	 569	1343325	1344095	   0	 550	
 506	 513	  20	   4	 918	   2	   2	  26	   8	  15	  30	  20	  50	 611	1346009	1346927	   0	 550	
 507	 514	  30	   4	1652	   1	   2	  27	   8	  15	  30	  20	  50	 602	1348843	1350495	   0	 550	
 508	 515	  50	   4	1076	   3	   2	  27	   8	  16	  30	  20	  50	 601	1352411	1353487	   0	 550	
 509	 516	  30	   3	1208	   1	   2	  28	   8	  16	  30	  20	  50	 698	1355495	1356703	   0	 550	
 510	 517	  20	   4	1266	   2	   2	  28	   9	  16	  30	  20	  50	 429	1358429	1359695	   0	 550	
 511	 518	  50	   1	 566	   3	   1	  28	   9	  17	  30	  20	  50	 493	1361513	1362079	   0	 560	
 512	 519	  20	   2	1386	   2	   1	  28	  10	  17	  30	  20	  50	 398	1363797	1365183	   0	 550	
 513	 520	  30	   2	1598	   1	   1	  29	  10	  17	  30	  20	  50	 366	1366865	1368463	   0	 540	
 514	 521	  20	   4	1376	   2	   2	  29	  11	  17	  30	  20	  50	 616	1370399	1371775	   0	 540	
 515	 522	  50	   2	 600	   3	   1	  29	  11	  18	  30	  20	  50	 311	1373383	1373983	   0	 530	
 516	 523	  30	   4	 949	   1	   2	  30	  11	  18	  30	  20	  50	 542	1375834	1376783	   0	 530	
 517	 524	  50	   1	1305	   3	   1	  30	  11	  19	  30	  20	  50	 398	1378501	1379806	   0	 540	
 518	 525	  30	   2	 977	   1	   1	  31	  11	  19	  30	  20	  50	 349	1381469	1382446	   0	 530	
NaN	 526	  50	NaN	NaN	   3	   3	  31	  11	  19	  30	  20	  50	 566	1381469	NaN	   0	 530	
 519	 527	  30	   2	 614	   1	   1	  32	  11	  19	  30	  20	  50	 509	1388104	1388718	   0	 520	
 520	 528	  50	   2	1057	   3	   1	  32	  11	  20	  30	  20	  50	 569	1390605	1391662	   0	 510	
 521	 529	  30	   4	1157	   1	   2	  33	  11	  20	  30	  20	  50	 683	1393673	1394830	   0	 510	
 522	 530	  50	   2	1039	   3	   1	  33	  11	  21	  30	  20	  50	 493	1396623	1397662	   0	 500	
 523	 531	  80	   2	1025	   1	   1	   1	  11	  21	  80	  20	  50	 363	1399341	1400366	   1	 490	
 524	 532	  50	   4	 946	   3	   2	   1	  11	  22	  80	  20	  50	 418	1402092	1403038	   0	 490	
 525	 533	  80	   1	 649	   1	   1	   2	  11	  22	  80	  20	  50	 366	1404709	1405358	   0	 500	
 526	 534	  20	   4	1118	   2	   2	   2	  12	  22	  80	  20	  50	 685	1407360	1408478	   0	 500	
 527	 535	  50	   1	 971	   3	   1	   2	  12	  23	  80	  20	  50	 436	1410227	1411198	   0	 510	
 528	 536	  20	   2	 735	   2	   1	   2	  13	  23	  80	  20	  50	 393	1412895	1413630	   0	 500	
 529	 537	  80	   1	1782	   1	   1	   3	  13	  23	  80	  20	  50	 566	1415512	1417294	   0	 510	
 530	 538	  50	   1	1222	   3	   1	   3	  13	  24	  80	  20	  50	 468	1419080	1420302	   0	 520	
 531	 539	  20	   1	 509	   2	   1	   3	  14	  24	  80	  20	  50	 451	1422081	1422590	   0	 530	
 532	 540	  50	   1	 842	   3	   1	   3	  14	  25	  80	  20	  50	 639	1424532	1425374	   0	 540	
 533	 541	  20	   4	1483	   2	   2	   3	  15	  25	  80	  20	  50	 601	1427282	1428765	   0	 540	
 534	 542	  50	   3	1876	   3	   2	   3	  15	  26	  80	  20	  50	 558	1430633	1432509	   0	 540	
 535	 543	  20	   3	 835	   2	   2	   3	  16	  26	  80	  20	  50	 428	1434234	1435069	   0	 540	
 536	 544	  80	   4	1060	   1	   2	   4	  16	  26	  80	  20	  50	 599	1436985	1438045	   0	 540	
 537	 545	  20	   4	1020	   2	   2	   4	  17	  26	  80	  20	  50	 600	1439953	1440973	   0	 540	
 538	 546	  50	   2	 623	   3	   1	   4	  17	  27	  80	  20	  50	 391	1442670	1443293	   0	 530	
 539	 547	  20	   4	 746	   2	   2	   4	  18	  27	  80	  20	  50	 579	1445171	1445917	   0	 530	
 540	 548	  80	   1	1009	   1	   1	   5	  18	  27	  80	  20	  50	 558	1447772	1448781	   0	 540	
 541	 549	  50	   4	 503	   3	   2	   5	  18	  28	  80	  20	  50	 303	1450406	1450909	   0	 540	
 542	 550	  20	   4	1937	   2	   2	   5	  19	  28	  80	  20	  50	 326	1452540	1454477	   0	 540	
 543	 551	  80	   3	1112	   1	   2	   6	  19	  28	  80	  20	  50	 549	1456341	1457453	   0	 540	
 544	 552	  20	   4	 617	   2	   2	   6	  20	  28	  80	  20	  50	 361	1459108	1459725	   0	 540	
 545	 553	  80	   1	1157	   1	   1	   7	  20	  28	  80	  20	  50	 538	1461576	1462733	   0	 550	
 546	 554	  50	   1	 815	   3	   1	   7	  20	  29	  80	  20	  50	 480	1464510	1465325	   0	 560	
 547	 555	  20	   4	 894	   2	   2	   7	  21	  29	  80	  20	  50	 665	1467311	1468205	   0	 560	
 548	 556	  50	   2	 546	   3	   1	   7	  21	  30	  80	  20	  50	 500	1470011	1470557	   0	 550	
 549	 557	  80	   1	1809	   1	   1	   8	  21	  30	  80	  20	  50	 545	1472396	1474205	   0	 560	
 550	 558	  50	   1	 901	   3	   1	   8	  21	  31	  80	  20	  50	 359	1475863	1476764	   0	 570	
 551	 559	  80	   1	1053	   1	   1	   9	  21	  31	  80	  20	  50	 352	1478447	1479500	   0	 580	
 552	 560	  50	   2	1332	   3	   1	   9	  21	  32	  80	  20	  50	 639	1481448	1482780	   0	 570	
 553	 561	  80	   1	 574	   1	   1	  10	  21	  32	  80	  20	  50	 690	1484782	1485356	   0	 580	
 554	 562	  20	   3	 662	   2	   2	  10	  22	  32	  80	  20	  50	 681	1487350	1488012	   0	 580	
 555	 563	  50	   2	1181	   3	   1	  10	  22	  33	  80	  20	  50	 664	1489967	1491148	   0	 570	
 556	 564	  20	   4	 606	   2	   2	  10	  23	  33	  80	  20	  50	 631	1493102	1493708	   0	 570	
 557	 565	  80	   1	1051	   1	   1	  11	  23	  33	  80	  20	  50	 559	1495569	1496620	   0	 580	
 558	 566	  20	   4	 900	   2	   2	  11	  24	  33	  80	  20	  50	 614	1498536	1499436	   0	 580	
 559	 567	  80	   1	 756	   1	   1	  12	  24	  33	  80	  20	  50	 554	1501304	1502060	   0	 590	
 560	 568	  30	   4	 844	   3	   2	  12	  24	   1	  80	  20	  30	 503	1503888	1504732	   3	 590	
 561	 569	  20	   2	 980	   2	   1	  12	  25	   1	  80	  20	  30	 418	1506472	1507452	   0	 580	
 562	 570	  80	   1	 574	   1	   1	  13	  25	   1	  80	  20	  30	 646	1509390	1509964	   0	 590	
 563	 571	  20	   4	 516	   2	   2	  13	  26	   1	  80	  20	  30	 352	1511624	1512140	   0	 590	
 564	 572	  80	   2	 641	   1	   1	  14	  26	   1	  80	  20	  30	 639	1514091	1514732	   0	 580	
 565	 573	  30	   2	1133	   3	   1	  14	  26	   2	  80	  20	  30	 532	1516575	1517708	   0	 570	
 566	 574	  20	   4	 625	   2	   2	  14	  27	   2	  80	  20	  30	 634	1519659	1520284	   0	 570	
 567	 575	  30	   2	 463	   3	   1	  14	  27	   3	  80	  20	  30	 493	1522077	1522540	   0	 560	
 568	 576	  20	   3	 540	   2	   2	  14	  28	   3	  80	  20	  30	 698	1524544	1525084	   0	 560	
 569	 577	  80	   1	 712	   1	   1	  15	  28	   3	  80	  20	  30	 628	1527011	1527723	   0	 570	
 570	 578	  20	   2	1098	   2	   1	  15	  29	   3	  80	  20	  30	 323	1529345	1530443	   0	 560	
 571	 579	  30	   4	 748	   3	   2	  15	  29	   4	  80	  20	  30	 686	1532463	1533211	   0	 560	
 572	 580	  20	   4	 654	   2	   2	  15	  30	   4	  80	  20	  30	 660	1535181	1535835	   0	 560	
 573	 581	  80	   2	 930	   1	   1	  16	  30	   4	  80	  20	  30	 325	1537465	1538395	   0	 550	
NaN	 582	  20	NaN	NaN	   2	   3	  16	  30	   4	  80	  20	  30	 588	1537465	NaN	   0	 550	
 574	 583	  30	   3	 628	   3	   2	  16	  30	   5	  80	  20	  30	 610	1544183	1544811	   0	 550	
 575	 584	  20	   4	 906	   2	   2	  16	  31	   5	  80	  20	  30	 693	1546801	1547707	   0	 550	
 576	 585	  30	   4	 560	   3	   2	  16	  31	   6	  80	  20	  30	 434	1549451	1550011	   0	 550	
 577	 586	  80	   1	 597	   1	   1	  17	  31	   6	  80	  20	  30	 389	1551702	1552299	   0	 560	
 578	 587	  30	   3	1019	   3	   2	  17	  31	   7	  80	  20	  30	 337	1553936	1554955	   0	 560	
 579	 588	  80	   1	 637	   1	   1	  18	  31	   7	  80	  20	  30	 401	1556670	1557307	   0	 570	
 580	 589	  20	   4	 776	   2	   2	  18	  32	   7	  80	  20	  30	 549	1559171	1559947	   0	 570	
 581	 590	  30	   4	 613	   3	   2	  18	  32	   8	  80	  20	  30	 364	1561622	1562235	   0	 570	
 582	 591	  80	   1	 687	   1	   1	  19	  32	   8	  80	  20	  30	 636	1564172	1564859	   0	 580	
 583	 592	  20	   4	 767	   2	   2	  19	  33	   8	  80	  20	  30	 366	1566540	1567307	   0	 580	
 584	 593	  80	   1	 578	   1	   1	  20	  33	   8	  80	  20	  30	 640	1569257	1569835	   0	 590	
 585	 594	  20	   4	 582	   2	   2	  20	  34	   8	  80	  20	  30	 404	1571541	1572123	   0	 590	
 586	 595	  80	   1	1031	   1	   1	  21	  34	   8	  80	  20	  30	 443	1573875	1574906	   0	 600	
 587	 596	  30	   4	 770	   3	   2	  21	  34	   9	  80	  20	  30	 552	1576776	1577546	   0	 600	
 588	 597	  80	   4	1359	   1	   2	  22	  34	   9	  80	  20	  30	 382	1579243	1580602	   0	 600	
 589	 598	  20	   2	 542	   2	   1	  22	  35	   9	  80	  20	  30	 535	1582444	1582986	   0	 590	
 590	 599	  80	   1	 666	   1	   1	  23	  35	   9	  80	  20	  30	 633	1584928	1585594	   0	 600	
 591	 600	  30	   3	 793	   3	   2	  23	  35	  10	  80	  20	  30	 409	1587329	1588122	   0	 600	
 592	 601	  80	   1	 478	   1	   1	  24	  35	  10	  80	  20	  30	 555	1589980	1590458	   0	 610	
 593	 602	  70	   3	 875	   2	   2	  24	   1	  10	  80	  70	  30	 642	1592431	1593306	   2	 610	
 594	 603	  30	   4	 572	   3	   2	  24	   1	  11	  80	  70	  30	 594	1595198	1595770	   0	 610	
 595	 604	  70	   1	 701	   2	   1	  24	   2	  11	  80	  70	  30	 471	1597549	1598250	   0	 620	
 596	 605	  30	   4	 544	   3	   2	  24	   2	  12	  80	  70	  30	 308	1599866	1600410	   0	 620	
 597	 606	  70	   1	 533	   2	   1	  24	   3	  12	  80	  70	  30	 430	1602133	1602666	   0	 630	
 598	 607	  30	   4	 527	   3	   2	  24	   3	  13	  80	  70	  30	 697	1604667	1605194	   0	 630	
 599	 608	  70	   1	 409	   2	   1	  24	   4	  13	  80	  70	  30	 695	1607185	1607594	   0	 640	
 600	 609	  30	   4	 495	   3	   2	  24	   4	  14	  80	  70	  30	 518	1609419	1609914	   0	 640	
 601	 610	  80	   1	 656	   1	   1	  25	   4	  14	  80	  70	  30	 562	1611786	1612442	   0	 650	
 602	 611	  70	   2	 567	   2	   1	  25	   5	  14	  80	  70	  30	 645	1614387	1614954	   0	 640	
 603	 612	  30	   3	 460	   3	   2	  25	   5	  15	  80	  70	  30	 378	1616638	1617098	   0	 640	
 604	 613	  70	   1	 522	   2	   1	  25	   6	  15	  80	  70	  30	 688	1619088	1619610	   0	 650	
 605	 614	  80	   1	 574	   1	   1	  26	   6	  15	  80	  70	  30	 421	1621339	1621913	   0	 660	
 606	 615	  70	   2	 689	   2	   1	  26	   7	  15	  80	  70	  30	 420	1623640	1624329	   0	 650	
 607	 616	  30	   4	 607	   3	   2	  26	   7	  16	  80	  70	  30	 451	1626090	1626697	   0	 650	
 608	 617	  80	   1	 461	   1	   1	  27	   7	  16	  80	  70	  30	 524	1628524	1628985	   0	 660	
 609	 618	  30	   4	 507	   3	   2	  27	   7	  17	  80	  70	  30	 649	1630942	1631449	   0	 660	
 610	 619	  70	   1	1266	   2	   1	  27	   8	  17	  80	  70	  30	 409	1633159	1634425	   0	 670	
 611	 620	  30	   4	1023	   3	   2	  27	   8	  18	  80	  70	  30	 658	1636410	1637433	   0	 670	
 612	 621	  70	   1	 610	   2	   1	  27	   9	  18	  80	  70	  30	 367	1639111	1639721	   0	 680	
 613	 622	  80	   4	1324	   1	   2	  28	   9	  18	  80	  70	  30	 630	1641645	1642969	   0	 680	
 614	 623	  70	   2	 572	   2	   1	  28	  10	  18	  80	  70	  30	 534	1644813	1645385	   0	 670	
 615	 624	  80	   1	 801	   1	   1	  29	  10	  18	  80	  70	  30	 394	1647080	1647881	   0	 680	
 616	 625	  30	   3	 602	   3	   2	  29	  10	  19	  80	  70	  30	 446	1649631	1650233	   0	 680	
 617	 626	  70	   1	 564	   2	   1	  29	  11	  19	  80	  70	  30	 646	1652181	1652745	   0	 690	
 618	 627	  80	   1	 513	   1	   1	  30	  11	  19	  80	  70	  30	 583	1654632	1655145	   0	 700	
 619	 628	  30	   3	 804	   3	   2	  30	  11	  20	  80	  70	  30	 509	1656949	1657753	   0	 700	
 620	 629	  50	   4	1074	   1	   2	   1	  11	  20	  50	  70	  30	 684	1659767	1660841	   1	 700	
 621	 630	  70	   1	 445	   2	   1	   1	  12	  20	  50	  70	  30	 518	1662684	1663129	   0	 710	
 622	 631	  30	   3	 604	   3	   2	   1	  12	  21	  50	  70	  30	 653	1665085	1665689	   0	 710	
 623	 632	  50	   2	 655	   1	   1	   2	  12	  21	  50	  70	  30	 411	1667402	1668057	   0	 700	
 624	 633	  70	   1	 645	   2	   1	   2	  13	  21	  50	  70	  30	 643	1670003	1670648	   0	 710	
 625	 634	  30	   4	 583	   3	   2	   2	  13	  22	  50	  70	  30	 393	1672337	1672920	   0	 710	
 626	 635	  50	   4	 653	   1	   2	   3	  13	  22	  50	  70	  30	 346	1674571	1675224	   0	 710	
 627	 636	  30	   4	 671	   3	   2	   3	  13	  23	  50	  70	  30	 379	1676905	1677576	   0	 710	
 628	 637	  50	   3	 471	   1	   2	   4	  13	  23	  50	  70	  30	 587	1679473	1679944	   0	 710	
 629	 638	  30	   4	 529	   3	   2	   4	  13	  24	  50	  70	  30	 355	1681607	1682136	   0	 710	
 630	 639	  70	   1	 491	   2	   1	   4	  14	  24	  50	  70	  30	 316	1683757	1684248	   0	 720	
 631	 640	  50	   3	 550	   1	   2	   5	  14	  24	  50	  70	  30	 314	1685874	1686424	   0	 720	
 632	 641	  70	   2	 527	   2	   1	   5	  15	  24	  50	  70	  30	 680	1688409	1688936	   0	 710	
 633	 642	  30	   4	 555	   3	   2	   5	  15	  25	  50	  70	  30	 655	1690893	1691448	   0	 710	
 634	 643	  50	   4	1098	   1	   2	   6	  15	  25	  50	  70	  30	 557	1693310	1694408	   0	 710	
 635	 644	  70	   1	 592	   2	   1	   6	  16	  25	  50	  70	  30	 619	1696344	1696936	   0	 720	
 636	 645	  30	   4	 577	   3	   2	   6	  16	  26	  50	  70	  30	 455	1698695	1699272	   0	 720	
 637	 646	  70	   1	 631	   2	   1	   6	  17	  26	  50	  70	  30	 357	1700929	1701560	   0	 730	
 638	 647	  50	   3	 592	   1	   2	   7	  17	  26	  50	  70	  30	 603	1703480	1704072	   0	 730	
 639	 648	  30	   3	 573	   3	   2	   7	  17	  27	  50	  70	  30	 576	1705947	1706520	   0	 730	
 640	 649	  50	   1	 558	   1	   1	   8	  17	  27	  50	  70	  30	 494	1708314	1708872	   0	 740	
 641	 650	  30	   4	 584	   3	   2	   8	  17	  28	  50	  70	  30	 660	1710848	1711432	   0	 740	
 642	 651	  70	   1	 714	   2	   1	   8	  18	  28	  50	  70	  30	 418	1713166	1713880	   0	 750	
 643	 652	  30	   4	 588	   3	   2	   8	  18	  29	  50	  70	  30	 316	1715516	1716104	   0	 750	
 644	 653	  50	   3	 601	   1	   2	   9	  18	  29	  50	  70	  30	 525	1717934	1718535	   0	 750	
 645	 654	  70	   2	 459	   2	   1	   9	  19	  29	  50	  70	  30	 430	1720268	1720727	   0	 740	
 646	 655	  50	   4	 492	   1	   2	  10	  19	  29	  50	  70	  30	 586	1722619	1723111	   0	 740	
 647	 656	  70	   2	 542	   2	   1	  10	  20	  29	  50	  70	  30	 545	1724953	1725495	   0	 730	
 648	 657	  30	   3	 437	   3	   2	  10	  20	  30	  50	  70	  30	 379	1727170	1727607	   0	 730	
 649	 658	  50	   3	 632	   1	   2	  11	  20	  30	  50	  70	  30	 558	1729471	1730103	   0	 730	
 650	 659	  30	   4	 593	   3	   2	  11	  20	   1	  50	  70	  30	 630	1732038	1732631	   0	 730	
 651	 660	  70	   2	 424	   2	   1	  11	  21	   1	  50	  70	  30	 309	1734255	1734679	   0	 720	
 652	 661	  30	   4	 622	   3	   2	  11	  21	   2	  50	  70	  30	 494	1736473	1737095	   0	 720	
 653	 662	  70	   1	 546	   2	   1	  11	  22	   2	  50	  70	  30	 373	1738773	1739319	   0	 730	
 654	 663	  30	   4	 543	   3	   2	  11	  22	   3	  50	  70	  30	 599	1741224	1741767	   0	 730	
 655	 664	  70	   1	 624	   2	   1	  11	  23	   3	  50	  70	  30	 520	1743591	1744215	   0	 740	
 656	 665	  50	   2	 664	   1	   1	  12	  23	   3	  50	  70	  30	 645	1746159	1746823	   0	 730	
 657	 666	  30	   4	 520	   3	   2	  12	  23	   4	  50	  70	  30	 417	1748559	1749079	   0	 730	
 658	 667	  70	   1	 504	   2	   1	  12	  24	   4	  50	  70	  30	 559	1750943	1751447	   0	 740	
 659	 668	  30	   3	 585	   3	   2	  12	  24	   5	  50	  70	  30	 536	1753294	1753879	   0	 740	
 660	 669	  50	   2	1303	   1	   1	  13	  24	   5	  50	  70	  30	 546	1755728	1757031	   0	 730	
 661	 670	  70	   3	 441	   2	   2	  13	  25	   5	  50	  70	  30	 484	1758846	1759287	   0	 730	
 662	 671	  50	   3	 717	   1	   2	  14	  25	   5	  50	  70	  30	 554	1761146	1761863	   0	 730	
 663	 672	  30	   4	 631	   3	   2	  14	  25	   6	  50	  70	  30	 495	1763664	1764295	   0	 730	
 664	 673	  70	   1	 886	   2	   1	  14	  26	   6	  50	  70	  30	 434	1766048	1766934	   0	 740	
 665	 674	  30	   3	 712	   3	   2	  14	  26	   7	  50	  70	  30	 531	1768782	1769494	   0	 740	
 666	 675	  50	   1	 645	   1	   1	  15	  26	   7	  50	  70	  30	 442	1771233	1771878	   0	 750	
 667	 676	  70	   2	 653	   2	   1	  15	  27	   7	  50	  70	  30	 634	1773817	1774470	   0	 740	
 668	 677	  30	   4	 604	   3	   2	  15	  27	   8	  50	  70	  30	 446	1776218	1776822	   0	 740	
 669	 678	  50	   4	 668	   1	   2	  16	  27	   8	  50	  70	  30	 465	1778602	1779270	   0	 740	
 670	 679	  70	   1	 459	   2	   1	  16	  28	   8	  50	  70	  30	 442	1781019	1781478	   0	 750	
 671	 680	  50	   3	 761	   1	   2	  17	  28	   8	  50	  70	  30	 655	1783453	1784214	   0	 750	
 672	 681	  30	   4	 550	   3	   2	  17	  28	   9	  50	  70	  30	 384	1785904	1786454	   0	 750	
 673	 682	  50	   2	 593	   1	   1	  18	  28	   9	  50	  70	  30	 650	1788421	1789014	   0	 740	
 674	 683	  30	   3	 644	   3	   2	  18	  28	  10	  50	  70	  30	 414	1790722	1791366	   0	 740	
 675	 684	  50	   1	 480	   1	   1	  19	  28	  10	  50	  70	  30	 533	1793206	1793686	   0	 750	
 676	 685	  70	   1	 566	   2	   1	  19	  29	  10	  50	  70	  30	 450	1795440	1796006	   0	 760	
 677	 686	  50	   2	 736	   1	   1	  20	  29	  10	  50	  70	  30	 653	1797974	1798710	   0	 750	
 678	 687	  70	   2	 597	   2	   1	  20	  30	  10	  50	  70	  30	 618	1800641	1801238	   0	 740	
 679	 688	  50	   3	 596	   1	   2	  21	  30	  10	  50	  70	  30	 513	1803042	1803638	   0	 740	
 680	 689	  30	   4	 607	   3	   2	  21	  30	  11	  50	  70	  30	 611	1805543	1806150	   0	 740	
 681	 690	  50	   1	 681	   1	   1	  22	  30	  11	  50	  70	  30	 630	1808093	1808774	   0	 750	
 682	 691	  30	   4	 701	   3	   2	  22	  30	  12	  50	  70	  30	 309	1810377	1811078	   0	 750	
 683	 692	  70	   1	 576	   2	   1	  22	  31	  12	  50	  70	  30	 667	1813062	1813638	   0	 760	
 684	 693	  30	   4	 557	   3	   2	  22	  31	  13	  50	  70	  30	 548	1815496	1816053	   0	 760	
 685	 694	  50	   1	 734	   1	   1	  23	  31	  13	  50	  70	  30	 498	1817863	1818597	   0	 770	
 686	 695	  70	   1	 607	   2	   1	  23	  32	  13	  50	  70	  30	 699	1820614	1821221	   0	 780	
 687	 696	  30	   4	 595	   3	   2	  23	  32	  14	  50	  70	  30	 373	1822898	1823493	   0	 780	
 688	 697	  50	   4	 448	   1	   2	  24	  32	  14	  50	  70	  30	 575	1825365	1825813	   0	 780	
 689	 698	  30	   3	 598	   3	   2	  24	  32	  15	  50	  70	  30	 454	1827583	1828181	   0	 780	
 690	 699	  50	   2	 636	   1	   1	  25	  32	  15	  50	  70	  30	 334	1829833	1830469	   0	 770	
 691	 700	  30	   4	 505	   3	   2	  25	  32	  16	  50	  70	  30	 496	1832284	1832789	   0	 770	
 692	 701	  70	   1	 611	   2	   1	  25	  33	  16	  50	  70	  30	 316	1834418	1835029	   0	 780	
 693	 702	  30	   4	 606	   3	   2	  25	  33	  17	  50	  70	  30	 601	1836935	1837541	   0	 780	
 694	 703	  50	   2	 719	   1	   1	  26	  33	  17	  50	  70	  30	 443	1839286	1840005	   0	 770	
 695	 704	  30	   4	 674	   3	   2	  26	  33	  18	  50	  70	  30	 686	1842003	1842677	   0	 770	
 696	 705	  50	   2	 676	   1	   1	  27	  33	  18	  50	  70	  30	 334	1844321	1844997	   0	 760	
 697	 706	  70	   2	 898	   2	   1	  27	  34	  18	  50	  70	  30	 459	1846755	1847653	   0	 750	
 698	 707	  50	   3	1133	   1	   2	  28	  34	  18	  50	  70	  30	 314	1849272	1850405	   0	 750	
 699	 708	  30	   3	 919	   3	   2	  28	  34	  19	  50	  70	  30	 496	1852206	1853125	   0	 750	
 700	 709	  50	   2	 782	   1	   1	  29	  34	  19	  50	  70	  30	 367	1854807	1855589	   0	 740	
 701	 710	  30	   3	1000	   3	   2	  29	  34	  20	  50	  70	  30	 414	1857325	1858325	   0	 740	
 702	 711	  70	   1	 524	   2	   1	  29	  35	  20	  50	  70	  30	 380	1860009	1860533	   0	 750	
 703	 712	  50	   1	 651	   1	   1	  30	  35	  20	  50	  70	  30	 589	1862426	1863077	   0	 760	
 704	 713	  70	   1	1730	   2	   1	  30	   1	  20	  50	  70	  30	 616	1865010	1866740	   0	 770	
 705	 714	  50	   4	1172	   1	   2	  31	   1	  20	  50	  70	  30	 510	1868544	1869716	   0	 770	
 706	 715	  30	   3	1121	   3	   2	  31	   1	  21	  50	  70	  30	 360	1871379	1872500	   0	 770	
 707	 716	  50	   2	 827	   1	   1	  32	   1	  21	  50	  70	  30	 511	1874313	1875140	   0	 760	
 708	 717	  30	   4	 939	   3	   2	  32	   1	  22	  50	  70	  30	 654	1877097	1878036	   0	 760	
 709	 718	  50	   1	1079	   1	   1	  33	   1	  22	  50	  70	  30	 640	1879981	1881060	   0	 770	
 710	 719	  70	   1	1069	   2	   1	  33	   2	  22	  50	  70	  30	 652	1883015	1884084	   0	 780	
 711	 720	  50	   2	 648	   1	   1	   1	   2	  22	  50	  70	  30	 502	1885916	1886564	   0	 770	
