Version: 1	Number of symbols: 3	Pictures exchange: true	Response Deadline: 2000
Trial_No	Virt_Trial_No	Prob_Shown	Feedback	RT	Stimulus_No	Resp	SymbolA_Stage	SymbolB_Stage	SymbolC_Stage	Prob_A	Prob_B	Prob_C	Jitter	StimOnset	RespOnset	Symbol_Changes	Bonus_sum
   1	   1	  30	   2	 931	   1	   1	   1	   0	   0	  30	  70	  50	 585	1749	2680	   0	 -10	
   2	   2	  50	   2	 918	   3	   1	   1	   0	   1	  30	  70	  50	 494	4482	5400	   0	 -20	
   3	   3	  30	   2	 470	   1	   1	   2	   0	   1	  30	  70	  50	 610	7314	7784	   0	 -30	
   4	   4	  50	   3	 861	   3	   2	   2	   0	   2	  30	  70	  50	 477	9563	10424	   0	 -30	
   5	   5	  70	   1	 831	   2	   1	   2	   1	   2	  30	  70	  50	 628	12345	13176	   0	 -20	
   6	   6	  30	   4	 462	   1	   2	   3	   1	   2	  30	  70	  50	 698	15194	15656	   0	 -20	
   7	   7	  50	   2	 790	   3	   1	   3	   1	   3	  30	  70	  50	 452	17410	18200	   0	 -30	
   8	   8	  70	   1	 359	   2	   1	   3	   2	   3	  30	  70	  50	 697	20193	20552	   0	 -20	
   9	   9	  50	   2	 699	   3	   1	   3	   2	   4	  30	  70	  50	 655	22509	23208	   0	 -30	
  10	  10	  30	   1	 767	   1	   1	   4	   2	   4	  30	  70	  50	 317	24841	25608	   0	 -20	
  11	  11	  50	   1	 624	   3	   1	   4	   2	   5	  30	  70	  50	 307	27240	27864	   0	 -10	
  12	  12	  70	   1	 691	   2	   1	   4	   3	   5	  30	  70	  50	 417	29589	30280	   0	   0	
  13	  13	  50	   2	 982	   3	   1	   4	   3	   6	  30	  70	  50	 335	31922	32904	   0	 -10	
  14	  14	  70	   2	 574	   2	   1	   4	   4	   6	  30	  70	  50	 325	34538	35112	   0	 -20	
  15	  15	  50	   1	 546	   3	   1	   4	   4	   7	  30	  70	  50	 415	36837	37383	   0	 -10	
  16	  16	  30	   3	 444	   1	   2	   5	   4	   7	  30	  70	  50	 699	39403	39847	   0	 -10	
  17	  17	  70	   2	 526	   2	   1	   5	   5	   7	  30	  70	  50	 631	41785	42311	   0	 -20	
  18	  18	  50	   1	 481	   3	   1	   5	   5	   8	  30	  70	  50	 527	44134	44615	   0	 -10	
  19	  19	  70	   1	 666	   2	   1	   5	   6	   8	  30	  70	  50	 392	46317	46983	   0	   0	
  20	  20	  30	   4	1051	   1	   2	   6	   6	   8	  30	  70	  50	 423	48716	49767	   0	   0	
  21	  21	  50	   2	 587	   3	   1	   6	   6	   9	  30	  70	  50	 445	51532	52119	   0	 -10	
  22	  22	  30	   4	 673	   1	   2	   7	   6	   9	  30	  70	  50	 389	53814	54487	   0	 -10	
  23	  23	  50	   1	 846	   3	   1	   7	   6	  10	  30	  70	  50	 498	56297	57143	   0	   0	
  24	  24	  30	   2	 881	   1	   1	   8	   6	  10	  30	  70	  50	 602	59062	59943	   0	 -10	
  25	  25	  70	   1	 459	   2	   1	   8	   7	  10	  30	  70	  50	 364	61628	62087	   0	   0	
  26	  26	  50	   1	 524	   3	   1	   8	   7	  11	  30	  70	  50	 645	64027	64551	   0	  10	
  27	  27	  30	   4	 641	   1	   2	   9	   7	  11	  30	  70	  50	 467	66326	66967	   0	  10	
  28	  28	  50	   2	 622	   3	   1	   9	   7	  12	  30	  70	  50	 531	68809	69431	   0	   0	
  29	  29	  70	   1	 440	   2	   1	   9	   8	  12	  30	  70	  50	 635	71375	71815	   0	  10	
  30	  30	  50	   1	 520	   3	   1	   9	   8	  13	  30	  70	  50	 695	73807	74327	   0	  20	
  31	  31	  70	   1	 618	   2	   1	   9	   9	  13	  30	  70	  50	 494	76140	76758	   0	  30	
  32	  32	  50	   1	 533	   3	   1	   9	   9	  14	  30	  70	  50	 619	78689	79222	   0	  40	
  33	  33	  30	   3	 793	   1	   2	  10	   9	  14	  30	  70	  50	 489	81021	81814	   0	  40	
  34	  34	  70	   2	 584	   2	   1	  10	  10	  14	  30	  70	  50	 335	83454	84038	   0	  30	
  35	  35	  30	   2	 451	   1	   1	  11	  10	  14	  30	  70	  50	 664	86019	86470	   0	  20	
  36	  36	  70	   1	 555	   2	   1	  11	  11	  14	  30	  70	  50	 457	88235	88790	   0	  30	
  37	  37	  50	   2	 562	   3	   1	  11	  11	  15	  30	  70	  50	 369	90468	91030	   0	  20	
  38	  38	  30	   3	 445	   1	   2	  12	  11	  15	  30	  70	  50	 683	93017	93462	   0	  20	
  39	  39	  70	   2	 535	   2	   1	  12	  12	  15	  30	  70	  50	 422	95183	95718	   0	  10	
  40	  40	  30	   4	 675	   1	   2	  13	  12	  15	  30	  70	  50	 690	97715	98390	   0	  10	
  41	  41	  50	   1	 500	   3	   1	  13	  12	  16	  30	  70	  50	 387	100098	100598	   0	  20	
  42	  42	  70	   1	 686	   2	   1	  13	  13	  16	  30	  70	  50	 376	102280	102966	   0	  30	
  43	  43	  30	   2	 587	   1	   1	  14	  13	  16	  30	  70	  50	 500	104779	105366	   0	  20	
  44	  44	  70	   1	 499	   2	   1	  14	  14	  16	  30	  70	  50	 323	106995	107494	   0	  30	
  45	  45	  50	   2	 506	   3	   1	  14	  14	  17	  30	  70	  50	 419	109228	109734	   0	  20	
  46	  46	  30	   4	 423	   1	   2	  15	  14	  17	  30	  70	  50	 695	111727	112150	   0	  20	
  47	  47	  70	   1	 591	   2	   1	  15	  15	  17	  30	  70	  50	 503	113959	114550	   0	  30	
  48	  48	  30	   3	 536	   1	   2	  16	  15	  17	  30	  70	  50	 661	116509	117045	   0	  30	
  49	  49	  70	   2	 519	   2	   1	  16	  16	  17	  30	  70	  50	 628	118974	119493	   0	  20	
  50	  50	  30	   4	 530	   1	   2	  17	  16	  17	  30	  70	  50	 307	121107	121637	   0	  20	
  51	  51	  70	   1	 534	   2	   1	  17	  17	  17	  30	  70	  50	 455	123423	123957	   0	  30	
  52	  52	  30	   4	 932	   1	   2	  18	  17	  17	  30	  70	  50	 646	125905	126837	   0	  30	
  53	  53	  70	   1	 597	   2	   1	  18	  18	  17	  30	  70	  50	 543	128688	129285	   0	  40	
  54	  54	  30	   3	 464	   1	   2	  19	  18	  17	  30	  70	  50	 634	131237	131701	   0	  40	
  55	  55	  70	   2	 648	   2	   1	  19	  19	  17	  30	  70	  50	 447	133453	134101	   0	  30	
  56	  56	  50	   2	 587	   3	   1	  19	  19	  18	  30	  70	  50	 391	135802	136389	   0	  20	
  57	  57	  30	   4	 523	   1	   2	  20	  19	  18	  30	  70	  50	 514	138218	138741	   0	  20	
  58	  58	  70	   1	 432	   2	   1	  20	  20	  18	  30	  70	  50	 496	140533	140965	   0	  30	
  59	  59	  50	   1	 780	   3	   1	  20	  20	  19	  30	  70	  50	 354	142633	143413	   0	  40	
  60	  60	  30	   2	 525	   1	   1	  21	  20	  19	  30	  70	  50	 699	145432	145957	   0	  30	
  61	  61	  50	   2	 737	   3	   1	  21	  20	  20	  30	  70	  50	 467	147748	148485	   0	  20	
  62	  62	  70	   1	 682	   2	   1	  21	  21	  20	  30	  70	  50	 559	150347	151029	   0	  30	
  63	  63	  50	   2	 650	   3	   1	  21	  21	  21	  30	  70	  50	 433	152779	153429	   0	  20	
  64	  64	  70	   2	 516	   2	   1	  21	  22	  21	  30	  70	  50	 616	155361	155877	   0	  10	
  65	  65	  50	   1	 514	   3	   1	  21	  22	  22	  30	  70	  50	 613	157794	158308	   0	  20	
  66	  66	  30	   3	 622	   1	   2	  22	  22	  22	  30	  70	  50	 692	160310	160932	   0	  20	
  67	  67	  70	   1	 514	   2	   1	  22	  23	  22	  30	  70	  50	 410	162642	163156	   0	  30	
  68	  68	  30	   4	 621	   1	   2	  23	  23	  22	  30	  70	  50	 312	164775	165396	   0	  30	
  69	  69	  50	   2	 585	   3	   1	  23	  23	  23	  30	  70	  50	 597	167291	167876	   0	  20	
  70	  70	  70	   1	 446	   2	   1	  23	  24	  23	  30	  70	  50	 420	169606	170052	   0	  30	
  71	  71	  50	   2	 578	   3	   1	  23	  24	  24	  30	  70	  50	 550	171922	172500	   0	  20	
  72	  72	  70	   1	 513	   2	   1	  23	  25	  24	  30	  70	  50	 563	174355	174868	   0	  30	
  73	  73	  50	   1	 511	   3	   1	  23	  25	  25	  30	  70	  50	 657	176837	177348	   0	  40	
  74	  74	  70	   2	 524	   2	   1	  23	  26	  25	  30	  70	  50	 683	179336	179860	   0	  30	
  75	  75	  50	   2	 473	   3	   1	  23	  26	  26	  30	  70	  50	 659	181819	182292	   0	  20	
  76	  76	  70	   1	 519	   2	   1	  23	  27	  26	  30	  70	  50	 301	183901	184420	   0	  30	
  77	  77	  50	   1	 573	   3	   1	  23	  27	  27	  30	  70	  50	 431	186167	186740	   0	  40	
  78	  78	  70	   1	 481	   2	   1	  23	  28	  27	  30	  70	  50	 446	188483	188964	   0	  50	
  79	  79	  50	   1	 505	   3	   1	  23	  28	  28	  30	  70	  50	 424	190699	191204	   0	  60	
  80	  80	  30	   4	 633	   1	   2	  24	  28	  28	  30	  70	  50	 603	193115	193748	   0	  60	
  81	  81	  70	   2	 577	   2	   1	  24	  29	  28	  30	  70	  50	 679	195747	196324	   0	  50	
  82	  82	  30	   4	 681	   1	   2	  25	  29	  28	  30	  70	  50	 323	197946	198627	   0	  50	
  83	  83	  50	   2	 518	   3	   1	  25	  29	  29	  30	  70	  50	 496	200429	200947	   0	  40	
  84	  84	  30	   3	 664	   1	   2	  26	  29	  29	  30	  70	  50	 536	202795	203459	   0	  40	
  85	  85	  70	   1	 505	   2	   1	  26	  30	  29	  30	  70	  50	 423	205194	205699	   0	  50	
  86	  86	  50	   1	 684	   3	   1	  26	  30	  30	  30	  70	  50	 539	207543	208227	   0	  60	
  87	  87	  70	   1	 566	   2	   1	  26	  31	  30	  30	  70	  50	 579	210109	210675	   0	  70	
  88	  88	  30	   2	 867	   3	   1	  26	  31	   1	  30	  70	  30	 581	212608	213475	   3	  60	
  89	  89	  30	   4	 717	   1	   2	  27	  31	   1	  30	  70	  30	 407	215190	215907	   0	  60	
  90	  90	  70	   2	 555	   2	   1	  27	  32	   1	  30	  70	  30	 440	217656	218211	   0	  50	
  91	  91	  30	   3	 632	   3	   2	  27	  32	   2	  30	  70	  30	 629	220155	220787	   0	  50	
  92	  92	  70	   1	 485	   2	   1	  27	  33	   2	  30	  70	  30	 534	222638	223123	   0	  60	
  93	  93	  30	   4	 757	   1	   2	  28	  33	   2	  30	  70	  30	 631	225070	225827	   0	  60	
  94	  94	  30	   2	 475	   3	   1	  28	  33	   3	  30	  70	  30	 600	227736	228211	   0	  50	
  95	  95	  30	   3	 686	   1	   2	  29	  33	   3	  30	  70	  30	 567	230085	230771	   0	  50	
  96	  96	  20	   2	 719	   2	   1	  29	   1	   3	  30	  20	  30	 360	232468	233187	   2	  40	
  97	  97	  30	   4	 618	   1	   2	  30	   1	   3	  30	  20	  30	 525	235017	235635	   0	  40	
  98	  98	  30	   4	 830	   3	   2	  30	   1	   4	  30	  20	  30	 380	237316	238146	   0	  40	
  99	  99	  30	   4	 712	   1	   2	  31	   1	   4	  30	  20	  30	 434	239898	240610	   0	  40	
 100	 100	  30	   4	 647	   3	   2	  31	   1	   5	  30	  20	  30	 443	242347	242994	   0	  40	
 101	 101	  20	   2	 779	   2	   1	  31	   2	   5	  30	  20	  30	 328	244647	245426	   0	  30	
 102	 102	  30	   3	 520	   1	   2	  32	   2	   5	  30	  20	  30	 412	247146	247666	   0	  30	
 103	 103	  20	   3	 648	   2	   2	  32	   3	   5	  30	  20	  30	 601	249578	250226	   0	  30	
 104	 104	  30	   3	 561	   3	   2	  32	   3	   6	  30	  20	  30	 638	252177	252738	   0	  30	
 105	 105	  20	   4	1036	   2	   2	  32	   4	   6	  30	  20	  30	 688	254726	255762	   0	  30	
 106	 106	  30	   2	 705	   3	   1	  32	   4	   7	  30	  20	  30	 334	257409	258114	   0	  20	
 107	 107	  20	   4	 557	   2	   2	  32	   5	   7	  30	  20	  30	 521	259941	260498	   0	  20	
 108	 108	  30	   4	 553	   3	   2	  32	   5	   8	  30	  20	  30	 650	262457	263010	   0	  20	
 109	 109	  20	   3	 524	   2	   2	  32	   6	   8	  30	  20	  30	 483	264806	265330	   0	  20	
 110	 110	  30	   4	 585	   1	   2	  33	   6	   8	  30	  20	  30	 658	267289	267874	   0	  20	
 111	 111	  30	   4	 391	   3	   2	  33	   6	   9	  30	  20	  30	 567	269771	270162	   0	  20	
 112	 112	  20	   4	 508	   2	   2	  33	   7	   9	  30	  20	  30	 594	272054	272562	   0	  20	
 113	 113	  30	   3	 547	   3	   2	  33	   7	  10	  30	  20	  30	 437	274303	274850	   0	  20	
 114	 114	  30	   4	 522	   1	   2	  34	   7	  10	  30	  20	  30	 366	276535	277057	   0	  20	
 115	 115	  30	   3	 581	   3	   2	  34	   7	  11	  30	  20	  30	 314	278684	279265	   0	  20	
 116	 116	  30	   4	 435	   1	   2	  35	   7	  11	  30	  20	  30	 568	281150	281585	   0	  20	
 117	 117	  30	   4	 463	   3	   2	  35	   7	  12	  30	  20	  30	 369	283266	283729	   0	  20	
 118	 118	  80	   1	 848	   1	   1	   1	   7	  12	  80	  20	  30	 594	285649	286497	   1	  30	
 119	 119	  30	   4	 670	   3	   2	   1	   7	  13	  80	  20	  30	 315	288131	288801	   0	  30	
 120	 120	  20	   4	 603	   2	   2	   1	   8	  13	  80	  20	  30	 512	290614	291217	   0	  30	
 121	 121	  80	   1	 586	   1	   1	   2	   8	  13	  80	  20	  30	 520	293063	293649	   0	  40	
 122	 122	  30	   4	 498	   3	   2	   2	   8	  14	  80	  20	  30	 346	295295	295793	   0	  40	
 123	 123	  80	   2	 588	   1	   1	   3	   8	  14	  80	  20	  30	 340	297445	298033	   0	  30	
 124	 124	  30	   3	 502	   3	   2	   3	   8	  15	  80	  20	  30	 683	300027	300529	   0	  30	
 125	 125	  80	   1	 541	   1	   1	   4	   8	  15	  80	  20	  30	 446	302276	302817	   0	  40	
 126	 126	  30	   4	 514	   3	   2	   4	   8	  16	  80	  20	  30	 455	304575	305089	   0	  40	
 127	 127	  80	   1	 613	   1	   1	   5	   8	  16	  80	  20	  30	 518	306924	307537	   0	  50	
 128	 128	  30	   4	 776	   3	   2	   5	   8	  17	  80	  20	  30	 419	309257	310033	   0	  50	
 129	 129	  20	   4	 559	   2	   2	   5	   9	  17	  80	  20	  30	 570	311906	312465	   0	  50	
 130	 130	  80	   2	 488	   1	   1	   6	   9	  17	  80	  20	  30	 328	314089	314577	   0	  40	
 131	 131	  30	   4	 534	   3	   2	   6	   9	  18	  80	  20	  30	 657	316554	317088	   0	  40	
 132	 132	  80	   1	 508	   1	   1	   7	   9	  18	  80	  20	  30	 430	318820	319328	   0	  50	
 133	 133	  30	   3	 566	   3	   2	   7	   9	  19	  80	  20	  30	 358	320986	321552	   0	  50	
 134	 134	  80	   1	 535	   1	   1	   8	   9	  19	  80	  20	  30	 526	323385	323920	   0	  60	
 135	 135	  20	   4	 529	   2	   2	   8	  10	  19	  80	  20	  30	 314	325551	326080	   0	  60	
 136	 136	  80	   1	 385	   1	   1	   9	  10	  19	  80	  20	  30	 581	327967	328352	   0	  70	
 137	 137	  20	   3	 452	   2	   2	   9	  11	  19	  80	  20	  30	 653	330316	330768	   0	  70	
 138	 138	  80	   1	 298	   1	   1	  10	  11	  19	  80	  20	  30	 498	332582	332880	   0	  80	
 139	 139	  20	   4	 278	   2	   2	  10	  12	  19	  80	  20	  30	 508	334698	334976	   0	  80	
 140	 140	  30	   2	 364	   3	   1	  10	  12	  20	  80	  20	  30	 684	336964	337328	   0	  70	
 141	 141	  80	   2	 523	   1	   1	  11	  12	  20	  80	  20	  30	 352	339013	339536	   0	  60	
 142	 142	  30	   3	 542	   3	   2	  11	  12	  21	  80	  20	  30	 522	341362	341904	   0	  60	
 143	 143	  20	   4	 493	   2	   2	  11	  13	  21	  80	  20	  30	 594	343795	344288	   0	  60	
 144	 144	  80	   1	 621	   1	   1	  12	  13	  21	  80	  20	  30	 638	346227	346848	   0	  70	
 145	 145	  30	   4	 434	   3	   2	  12	  13	  22	  80	  20	  30	 377	348526	348960	   0	  70	
 146	 146	  20	   4	 444	   2	   2	  12	  14	  22	  80	  20	  30	 399	350676	351120	   0	  70	
 147	 147	  30	   4	 598	   3	   2	  12	  14	  23	  80	  20	  30	 439	352858	353456	   0	  70	
 148	 148	  20	   4	 872	   2	   2	  12	  15	  23	  80	  20	  30	 422	355191	356063	   0	  70	
 149	 149	  80	   1	 483	   1	   1	  13	  15	  23	  80	  20	  30	 376	357740	358223	   0	  80	
 150	 150	  20	   4	 471	   2	   2	  13	  16	  23	  80	  20	  30	 530	360056	360527	   0	  80	
 151	 151	  80	   1	 601	   1	   1	  14	  16	  23	  80	  20	  30	 564	362422	363023	   0	  90	
 152	 152	  20	   4	 576	   2	   2	  14	  17	  23	  80	  20	  30	 344	364671	365247	   0	  90	
 153	 153	  30	   4	 483	   3	   2	  14	  17	  24	  80	  20	  30	 474	367020	367503	   0	  90	
 154	 154	  20	   3	 466	   2	   2	  14	  18	  24	  80	  20	  30	 655	369469	369935	   0	  90	
 155	 155	  80	   1	 590	   1	   1	  15	  18	  24	  80	  20	  30	 335	371585	372175	   0	 100	
 156	 156	  30	   4	 466	   3	   2	  15	  18	  25	  80	  20	  30	 438	373917	374383	   0	 100	
 157	 157	  80	   1	 536	   1	   1	  16	  18	  25	  80	  20	  30	 495	376183	376719	   0	 110	
 158	 158	  20	   4	 493	   2	   2	  16	  19	  25	  80	  20	  30	 445	378466	378959	   0	 110	
 159	 159	  30	   4	 535	   3	   2	  16	  19	  26	  80	  20	  30	 369	380632	381167	   0	 110	
 160	 160	  80	   1	 503	   1	   1	  17	  19	  26	  80	  20	  30	 587	383064	383567	   0	 120	
 161	 161	  20	   4	 370	   2	   2	  17	  20	  26	  80	  20	  30	 699	385597	385967	   0	 120	
 162	 162	  30	   3	 389	   3	   2	  17	  20	  27	  80	  20	  30	 687	387962	388351	   0	 120	
 163	 163	  80	   2	 554	   1	   1	  18	  20	  27	  80	  20	  30	 595	390245	390799	   0	 110	
 164	 164	  30	   4	 582	   3	   2	  18	  20	  28	  80	  20	  30	 670	392777	393359	   0	 110	
 165	 165	  20	   4	 520	   2	   2	  18	  21	  28	  80	  20	  30	 466	395143	395663	   0	 110	
 166	 166	  30	   4	 543	   3	   2	  18	  21	  29	  80	  20	  30	 383	397359	397902	   0	 110	
 167	 167	  80	   1	 565	   1	   1	  19	  21	  29	  80	  20	  30	 417	399625	400190	   0	 120	
 168	 168	  30	   3	 371	   3	   2	  19	  21	  30	  80	  20	  30	 586	402091	402462	   0	 120	
 169	 169	  20	   4	 612	   2	   2	  19	  22	  30	  80	  20	  30	 321	404090	404702	   0	 120	
 170	 170	  30	   4	 562	   3	   2	  19	  22	  31	  80	  20	  30	 558	406556	407118	   0	 120	
 171	 171	  80	   1	 529	   1	   1	  20	  22	  31	  80	  20	  30	 572	409005	409534	   0	 130	
 172	 172	  30	   4	 469	   3	   2	  20	  22	  32	  80	  20	  30	 495	411321	411790	   0	 130	
 173	 173	  20	   3	 496	   2	   2	  20	  23	  32	  80	  20	  30	 370	413470	413966	   0	 130	
 174	 174	  80	   1	 405	   1	   1	  21	  23	  32	  80	  20	  30	 501	415769	416174	   0	 140	
 175	 175	  30	   4	 504	   3	   2	  21	  23	  33	  80	  20	  30	 637	418118	418622	   0	 140	
 176	 176	  80	   1	 578	   1	   1	  22	  23	  33	  80	  20	  30	 353	420284	420862	   0	 150	
 177	 177	  30	   3	 512	   3	   2	  22	  23	  34	  80	  20	  30	 593	422750	423262	   0	 150	
 178	 178	  80	   2	 665	   1	   1	  23	  23	  34	  80	  20	  30	 379	424933	425598	   0	 140	
 179	 179	  30	   4	 468	   3	   2	  23	  23	  35	  80	  20	  30	 597	427498	427966	   0	 140	
 180	 180	  20	   4	 508	   2	   2	  23	  24	  35	  80	  20	  30	 440	429714	430222	   0	 140	
 181	 181	  70	   1	 689	   3	   1	  23	  24	   1	  80	  20	  70	 422	431997	432686	   3	 150	
 182	 182	  20	   3	 674	   2	   2	  23	  25	   1	  80	  20	  70	 398	434396	435070	   0	 150	
 183	 183	  80	   1	 480	   1	   1	  24	  25	   1	  80	  20	  70	 450	436829	437309	   0	 160	
 184	 184	  70	   2	 583	   3	   1	  24	  25	   2	  80	  20	  70	 471	439094	439677	   0	 150	
 185	 185	  20	   4	 405	   2	   2	  24	  26	   2	  80	  20	  70	 553	441544	441949	   0	 150	
 186	 186	  70	   1	 584	   3	   1	  24	  26	   3	  80	  20	  70	 634	443893	444477	   0	 160	
 187	 187	  20	   4	 696	   2	   2	  24	  27	   3	  80	  20	  70	 542	446325	447021	   0	 160	
 188	 188	  70	   2	 491	   3	   1	  24	  27	   4	  80	  20	  70	 338	448674	449165	   0	 150	
 189	 189	  20	   4	 498	   2	   2	  24	  28	   4	  80	  20	  70	 444	450907	451405	   0	 150	
 190	 190	  80	   2	 370	   1	   1	  25	  28	   4	  80	  20	  70	 605	453323	453693	   0	 140	
 191	 191	  70	   1	 438	   3	   1	  25	  28	   5	  80	  20	  70	 629	455639	456077	   0	 150	
 192	 192	  80	   1	 536	   1	   1	  26	  28	   5	  80	  20	  70	 644	458021	458557	   0	 160	
 193	 193	  20	   4	 647	   2	   2	  26	  29	   5	  80	  20	  70	 600	460470	461117	   0	 160	
 194	 194	  70	   1	 477	   3	   1	  26	  29	   6	  80	  20	  70	 311	462736	463213	   0	 170	
 195	 195	  20	   4	 557	   2	   2	  26	  30	   6	  80	  20	  70	 647	465152	465709	   0	 170	
 196	 196	  70	   1	 475	   3	   1	  26	  30	   7	  80	  20	  70	 617	467634	468109	   0	 180	
 197	 197	  80	   1	 594	   1	   1	  27	  30	   7	  80	  20	  70	 451	469867	470461	   0	 190	
 198	 198	  50	   1	 763	   2	   1	  27	   1	   7	  80	  50	  70	 687	472466	473229	   2	 200	
 199	 199	  70	   2	 422	   3	   1	  27	   1	   8	  80	  50	  70	 433	474982	475404	   0	 190	
 200	 200	  50	   2	 519	   2	   1	  27	   2	   8	  80	  50	  70	 683	477397	477916	   0	 180	
 201	 201	  80	   1	 467	   1	   1	  28	   2	   8	  80	  50	  70	 674	479913	480380	   0	 190	
 202	 202	  70	   1	 424	   3	   1	  28	   2	   9	  80	  50	  70	 512	482196	482620	   0	 200	
 203	 203	  50	   1	 396	   2	   1	  28	   3	   9	  80	  50	  70	 599	484528	484924	   0	 210	
 204	 204	  70	   1	 367	   3	   1	  28	   3	  10	  80	  50	  70	 645	486861	487228	   0	 220	
 205	 205	  50	   2	 388	   2	   1	  28	   4	  10	  80	  50	  70	 615	489160	489548	   0	 210	
 206	 206	  70	   2	 349	   3	   1	  28	   4	  11	  80	  50	  70	 490	491343	491692	   0	 200	
 207	 207	  50	   2	 338	   2	   1	  28	   5	  11	  80	  50	  70	 632	493642	493980	   0	 190	
 208	 208	  80	   1	 506	   1	   1	  29	   5	  11	  80	  50	  70	 587	495874	496380	   0	 200	
 209	 209	  50	   3	 421	   2	   2	  29	   6	  11	  80	  50	  70	 316	498007	498428	   0	 200	
 210	 210	  80	   1	 423	   1	   1	  30	   6	  11	  80	  50	  70	 651	500389	500812	   0	 210	
 211	 211	  70	   2	 534	   3	   1	  30	   6	  12	  80	  50	  70	 694	502822	503356	   0	 200	
 212	 212	  50	   1	 412	   2	   1	  30	   7	  12	  80	  50	  70	 426	505088	505500	   0	 210	
 213	 213	  80	   1	 474	   1	   1	  31	   7	  12	  80	  50	  70	 362	507154	507628	   0	 220	
 214	 214	  70	   1	 511	   3	   1	  31	   7	  13	  80	  50	  70	 543	509469	509980	   0	 230	
 215	 215	  80	   1	 472	   1	   1	  32	   7	  13	  80	  50	  70	 380	511652	512124	   0	 240	
 216	 216	  70	   1	 400	   3	   1	  32	   7	  14	  80	  50	  70	 435	513868	514268	   0	 250	
 217	 217	  50	   2	 394	   2	   1	  32	   8	  14	  80	  50	  70	 473	516050	516444	   0	 240	
 218	 218	  80	   1	 365	   1	   1	  33	   8	  14	  80	  50	  70	 628	518366	518731	   0	 250	
 219	 219	  50	   2	 345	   2	   1	  33	   9	  14	  80	  50	  70	 447	520482	520827	   0	 240	
 220	 220	  20	   2	 522	   1	   1	   1	   9	  14	  20	  50	  70	 315	522465	522987	   1	 230	
 221	 221	  70	   1	 488	   3	   1	   1	   9	  15	  20	  50	  70	 635	524947	525435	   0	 240	
 222	 222	  50	   3	 630	   2	   2	   1	  10	  15	  20	  50	  70	 676	527413	528043	   0	 240	
 223	 223	  70	   1	 596	   3	   1	   1	  10	  16	  20	  50	  70	 527	529879	530475	   0	 250	
 224	 224	  20	   4	 650	   1	   2	   2	  10	  16	  20	  50	  70	 361	532145	532795	   0	 250	
 225	 225	  50	   2	 411	   2	   1	   2	  11	  16	  20	  50	  70	 432	534544	534955	   0	 240	
 226	 226	  70	   2	 420	   3	   1	   2	  11	  17	  20	  50	  70	 486	536743	537163	   0	 230	
 227	 227	  20	   4	 471	   1	   2	   3	  11	  17	  20	  50	  70	 598	539076	539547	   0	 230	
 228	 228	  70	   1	 431	   3	   1	   3	  11	  18	  20	  50	  70	 435	541292	541723	   0	 240	
 229	 229	  20	   1	 570	   1	   1	   4	  11	  18	  20	  50	  70	 404	543441	544011	   0	 250	
 230	 230	  50	   3	 626	   2	   2	   4	  12	  18	  20	  50	  70	 362	545673	546299	   0	 250	
 231	 231	  70	   1	 423	   3	   1	   4	  12	  19	  20	  50	  70	 352	547972	548395	   0	 260	
 232	 232	  50	   2	 766	   2	   1	   4	  13	  19	  20	  50	  70	 505	550205	550971	   0	 250	
 233	 233	  70	   1	 536	   3	   1	   4	  13	  20	  20	  50	  70	 502	552787	553323	   0	 260	
 234	 234	  20	   4	 571	   1	   2	   5	  13	  20	  20	  50	  70	 497	555120	555691	   0	 260	
 235	 235	  70	   2	 458	   3	   1	   5	  13	  21	  20	  50	  70	 559	557552	558010	   0	 250	
 236	 236	  20	   4	 644	   1	   2	   6	  13	  21	  20	  50	  70	 385	559702	560346	   0	 250	
 237	 237	  50	   2	 616	   2	   1	   6	  14	  21	  20	  50	  70	 383	562034	562650	   0	 240	
 238	 238	  70	   1	 443	   3	   1	   6	  14	  22	  20	  50	  70	 398	564367	564810	   0	 250	
 239	 239	  50	   1	 422	   2	   1	   6	  15	  22	  20	  50	  70	 410	566516	566938	   0	 260	
 240	 240	  70	   1	 544	   3	   1	   6	  15	  23	  20	  50	  70	 457	568698	569242	   0	 270	
 241	 241	  50	   1	 418	   2	   1	   6	  16	  23	  20	  50	  70	 498	571064	571482	   0	 280	
 242	 242	  20	   3	 538	   1	   2	   7	  16	  23	  20	  50	  70	 472	573264	573802	   0	 280	
 243	 243	  50	   2	 396	   2	   1	   7	  17	  23	  20	  50	  70	 542	575646	576042	   0	 270	
 244	 244	  20	   2	 376	   1	   1	   8	  17	  23	  20	  50	  70	 419	577762	578138	   0	 260	
 245	 245	  70	   1	 537	   3	   1	   8	  17	  24	  20	  50	  70	 316	579761	580298	   0	 270	
 246	 246	  50	   1	 458	   2	   1	   8	  18	  24	  20	  50	  70	 546	582144	582602	   0	 280	
 247	 247	  20	   4	 420	   1	   2	   9	  18	  24	  20	  50	  70	 430	584326	584746	   0	 280	
 248	 248	  50	   2	 536	   2	   1	   9	  19	  24	  20	  50	  70	 596	586642	587178	   0	 270	
 249	 249	  70	   1	 557	   3	   1	   9	  19	  25	  20	  50	  70	 437	588925	589482	   0	 280	
 250	 250	  20	   4	 692	   1	   2	  10	  19	  25	  20	  50	  70	 396	591174	591866	   0	 280	
 251	 251	  70	   2	 523	   3	   1	  10	  19	  26	  20	  50	  70	 637	593823	594346	   0	 270	
 252	 252	  50	   1	 730	   2	   1	  10	  20	  26	  20	  50	  70	 613	596255	596985	   0	 280	
 253	 253	  20	   4	 428	   1	   2	  11	  20	  26	  20	  50	  70	 322	598621	599049	   0	 280	
 254	 254	  70	   1	 599	   3	   1	  11	  20	  27	  20	  50	  70	 427	600770	601369	   0	 290	
 255	 255	  50	   1	 661	   2	   1	  11	  21	  27	  20	  50	  70	 542	603220	603881	   0	 300	
 256	 256	  70	   1	 557	   3	   1	  11	  21	  28	  20	  50	  70	 677	605852	606409	   0	 310	
 257	 257	  50	   2	 399	   2	   1	  11	  22	  28	  20	  50	  70	 530	608234	608633	   0	 300	
 258	 258	  70	   2	 537	   3	   1	  11	  22	  29	  20	  50	  70	 448	610400	610937	   0	 290	
 259	 259	  50	   2	 483	   2	   1	  11	  23	  29	  20	  50	  70	 304	612550	613033	   0	 280	
 260	 260	  70	   1	 496	   3	   1	  11	  23	  30	  20	  50	  70	 305	614649	615145	   0	 290	
 261	 261	  20	   4	 614	   1	   2	  12	  23	  30	  20	  50	  70	 440	616915	617529	   0	 290	
 262	 262	  50	   2	 683	   3	   1	  12	  23	   1	  20	  50	  50	 338	619214	619897	   3	 280	
 263	 263	  50	   2	 578	   2	   1	  12	  24	   1	  20	  50	  50	 659	621863	622441	   0	 270	
 264	 264	  20	   4	 561	   1	   2	  13	  24	   1	  20	  50	  50	 574	624312	624873	   0	 270	
 265	 265	  50	   2	 436	   3	   1	  13	  24	   2	  20	  50	  50	 464	626645	627081	   0	 260	
 266	 266	  50	   1	 514	   2	   1	  13	  25	   2	  20	  50	  50	 329	628711	629225	   0	 270	
 267	 267	  50	   3	 635	   3	   2	  13	  25	   3	  20	  50	  50	 388	630926	631561	   0	 270	
 268	 268	  50	   1	 495	   2	   1	  13	  26	   3	  20	  50	  50	 375	633242	633737	   0	 280	
 269	 269	  20	   3	 439	   1	   2	  14	  26	   3	  20	  50	  50	 417	635458	635897	   0	 280	
 270	 270	  50	   2	 403	   2	   1	  14	  27	   3	  20	  50	  50	 338	637541	637944	   0	 270	
 271	 271	  50	   2	 571	   3	   1	  14	  27	   4	  20	  50	  50	 485	639757	640328	   0	 260	
 272	 272	  50	   1	 552	   2	   1	  14	  28	   4	  20	  50	  50	 632	642272	642824	   0	 270	
 273	 273	  50	   3	 626	   3	   2	  14	  28	   5	  20	  50	  50	 313	644438	645064	   0	 270	
 274	 274	  50	   2	 451	   2	   1	  14	  29	   5	  20	  50	  50	 464	646837	647288	   0	 260	
 275	 275	  20	   4	 597	   1	   2	  15	  29	   5	  20	  50	  50	 583	649187	649784	   0	 260	
 276	 276	  50	   3	 601	   3	   2	  15	  29	   6	  20	  50	  50	 423	651519	652120	   0	 260	
 277	 277	  50	   1	 444	   2	   1	  15	  30	   6	  20	  50	  50	 416	653852	654296	   0	 270	
 278	 278	  20	   3	 597	   1	   2	  16	  30	   6	  20	  50	  50	 456	656051	656648	   0	 270	
 279	 279	  50	   4	 543	   3	   2	  16	  30	   7	  20	  50	  50	 672	658633	659176	   0	 270	
 280	 280	  20	   4	 576	   1	   2	  17	  30	   7	  20	  50	  50	 551	661032	661608	   0	 270	
 281	 281	  50	   4	 490	   3	   2	  17	  30	   8	  20	  50	  50	 656	663582	664072	   0	 270	
 282	 282	  20	   4	 575	   1	   2	  18	  30	   8	  20	  50	  50	 503	665881	666456	   0	 270	
 283	 283	  50	   3	 559	   3	   2	  18	  30	   9	  20	  50	  50	 555	668313	668872	   0	 270	
 284	 284	  50	   1	 620	   2	   1	  18	  31	   9	  20	  50	  50	 614	670796	671416	   0	 280	
 285	 285	  20	   4	 406	   1	   2	  19	  31	   9	  20	  50	  50	 654	673378	673784	   0	 280	
 286	 286	  50	   2	 640	   2	   1	  19	  32	   9	  20	  50	  50	 441	675527	676167	   0	 270	
 287	 287	  20	   4	 525	   1	   2	  20	  32	   9	  20	  50	  50	 563	678026	678551	   0	 270	
 288	 288	  50	   1	 446	   3	   1	  20	  32	  10	  20	  50	  50	 563	680409	680855	   0	 280	
 289	 289	  20	   4	 414	   1	   2	  21	  32	  10	  20	  50	  50	 659	682825	683239	   0	 280	
 290	 290	  50	   1	 835	   3	   1	  21	  32	  11	  20	  50	  50	 578	685124	685959	   0	 290	
 291	 291	  50	   1	 674	   2	   1	  21	  33	  11	  20	  50	  50	 684	687973	688647	   0	 300	
 292	 292	  50	   1	 600	   3	   1	  21	  33	  12	  20	  50	  50	 312	690255	690855	   0	 310	
 293	 293	  20	   2	 787	   2	   1	  21	   1	  12	  20	  20	  50	 608	692788	693575	   2	 300	
 294	 294	  50	   2	 461	   3	   1	  21	   1	  13	  20	  20	  50	 477	695354	695815	   0	 290	
 295	 295	  20	   1	 640	   1	   1	  22	   1	  13	  20	  20	  50	 581	697703	698343	   0	 300	
 296	 296	  20	   2	 598	   2	   1	  22	   2	  13	  20	  20	  50	 333	699985	700583	   0	 290	
 297	 297	  20	   2	 743	   1	   1	  23	   2	  13	  20	  20	  50	 466	702368	703111	   0	 280	
 298	 298	  20	   4	 654	   2	   2	  23	   3	  13	  20	  20	  50	 602	705017	705671	   0	 280	
 299	 299	  20	   4	 510	   1	   2	  24	   3	  13	  20	  20	  50	 469	707449	707959	   0	 280	
 300	 300	  20	   2	 699	   2	   1	  24	   4	  13	  20	  20	  50	 679	709932	710631	   0	 270	
 301	 301	  50	   1	 657	   3	   1	  24	   4	  14	  20	  20	  50	 641	712598	713255	   0	 280	
 302	 302	  20	   3	 709	   2	   2	  24	   5	  14	  20	  20	  50	 345	714897	715606	   0	 280	
 303	 303	  50	   1	 909	   3	   1	  24	   5	  15	  20	  20	  50	 618	717529	718438	   0	 290	
 304	 304	  20	   2	 670	   2	   1	  24	   6	  15	  20	  20	  50	 581	720328	720998	   0	 280	
 305	 305	  20	   4	 611	   1	   2	  25	   6	  15	  20	  20	  50	 313	722611	723222	   0	 280	
 306	 306	  50	   2	 575	   3	   1	  25	   6	  16	  20	  20	  50	 616	725143	725718	   0	 270	
 307	 307	  20	   4	 520	   1	   2	  26	   6	  16	  20	  20	  50	 316	727342	727862	   0	 270	
 308	 308	  50	   2	 682	   3	   1	  26	   6	  17	  20	  20	  50	 532	729708	730390	   0	 260	
 309	 309	  20	   4	 479	   1	   2	  27	   6	  17	  20	  20	  50	 683	732391	732870	   0	 260	
 310	 310	  50	   1	 633	   3	   1	  27	   6	  18	  20	  20	  50	 381	734573	735206	   0	 270	
 311	 311	  20	   3	 552	   1	   2	  28	   6	  18	  20	  20	  50	 471	737006	737558	   0	 270	
 312	 312	  50	   2	 563	   3	   1	  28	   6	  19	  20	  20	  50	 309	739171	739734	   0	 260	
 313	 313	  20	   4	 467	   2	   2	  28	   7	  19	  20	  20	  50	 559	741587	742054	   0	 260	
 314	 314	  50	   2	 723	   3	   1	  28	   7	  20	  20	  20	  50	 633	744003	744726	   0	 250	
 315	 315	  20	   4	 556	   2	   2	  28	   8	  20	  20	  20	  50	 549	746586	747142	   0	 250	
 316	 316	  20	   4	 596	   1	   2	  29	   8	  20	  20	  20	  50	 366	748818	749414	   0	 250	
 317	 317	  20	   3	 546	   2	   2	  29	   9	  20	  20	  20	  50	 573	751284	751830	   0	 250	
 318	 318	  50	   2	 851	   3	   1	  29	   9	  21	  20	  20	  50	 533	753666	754517	   0	 240	
 319	 319	  20	   4	 509	   2	   2	  29	  10	  21	  20	  20	  50	 411	756232	756741	   0	 240	
 320	 320	  20	   4	 519	   1	   2	  30	  10	  21	  20	  20	  50	 354	758398	758917	   0	 240	
 321	 321	  50	   1	 491	   3	   1	  30	  10	  22	  20	  20	  50	 483	760730	761221	   0	 250	
 322	 322	  20	   4	 481	   1	   2	  31	  10	  22	  20	  20	  50	 449	762980	763461	   0	 250	
 323	 323	  50	   2	 537	   3	   1	  31	  10	  23	  20	  20	  50	 425	765196	765733	   0	 240	
 324	 324	  20	   4	 449	   1	   2	  32	  10	  23	  20	  20	  50	 393	767428	767877	   0	 240	
 325	 325	  20	   4	 434	   2	   2	  32	  11	  23	  20	  20	  50	 642	769827	770261	   0	 240	
 326	 326	  20	   3	 524	   1	   2	  33	  11	  23	  20	  20	  50	 422	771993	772517	   0	 240	
 327	 327	  50	   1	 441	   3	   1	  33	  11	  24	  20	  20	  50	 652	774476	774917	   0	 250	
 328	 328	  20	   4	 451	   2	   2	  33	  12	  24	  20	  20	  50	 447	776658	777109	   0	 250	
 329	 329	  50	   1	 442	   3	   1	  33	  12	  25	  20	  20	  50	 481	778907	779349	   0	 260	
 330	 330	  20	   4	 407	   2	   2	  33	  13	  25	  20	  20	  50	 333	780990	781397	   0	 260	
 331	 331	  20	   4	 529	   1	   2	  34	  13	  25	  20	  20	  50	 439	783156	783685	   0	 260	
 332	 332	  20	   4	 514	   2	   2	  34	  14	  25	  20	  20	  50	 578	785555	786069	   0	 260	
 333	 333	  50	   2	 544	   3	   1	  34	  14	  26	  20	  20	  50	 640	788021	788565	   0	 250	
 334	 334	  20	   4	 456	   1	   2	  35	  14	  26	  20	  20	  50	 369	790237	790693	   0	 250	
 335	 335	  20	   4	 482	   2	   2	  35	  15	  26	  20	  20	  50	 409	792403	792885	   0	 250	
 336	 336	  50	   1	 521	   3	   1	  35	  15	  27	  20	  20	  50	 465	794668	795189	   0	 260	
 337	 337	  80	   1	 695	   1	   1	   1	  15	  27	  80	  20	  50	 581	797101	797796	   1	 270	
 338	 338	  20	   4	 547	   2	   2	   1	  16	  27	  80	  20	  50	 544	799633	800180	   0	 270	
 339	 339	  80	   1	 523	   1	   1	   2	  16	  27	  80	  20	  50	 331	801833	802356	   0	 280	
 340	 340	  20	   4	 543	   2	   2	   2	  17	  27	  80	  20	  50	 511	804165	804708	   0	 280	
 341	 341	  80	   1	 536	   1	   1	   3	  17	  27	  80	  20	  50	 342	806364	806900	   0	 290	
 342	 342	  50	   1	 537	   3	   1	   3	  17	  28	  80	  20	  50	 555	808763	809300	   0	 300	
 343	 343	  80	   1	 559	   1	   1	   4	  17	  28	  80	  20	  50	 403	811013	811572	   0	 310	
 344	 344	  20	   3	 567	   2	   2	   4	  18	  28	  80	  20	  50	 350	813229	813796	   0	 310	
 345	 345	  50	   2	 423	   3	   1	   4	  18	  29	  80	  20	  50	 554	815661	816084	   0	 300	
 346	 346	  20	   3	 515	   2	   2	   4	  19	  29	  80	  20	  50	 388	817777	818292	   0	 300	
 347	 347	  80	   2	 439	   1	   1	   5	  19	  29	  80	  20	  50	 494	820093	820532	   0	 290	
 348	 348	  20	   4	 390	   2	   2	   5	  20	  29	  80	  20	  50	 700	822542	822932	   0	 290	
 349	 349	  50	   2	 318	   3	   1	   5	  20	  30	  80	  20	  50	 516	824758	825076	   0	 280	
 350	 350	  80	   1	 524	   1	   1	   6	  20	  30	  80	  20	  50	 440	826824	827348	   0	 290	
 351	 351	  50	   2	 660	   3	   1	   6	  20	  31	  80	  20	  50	 369	829040	829700	   0	 280	
 352	 352	  80	   1	 555	   1	   1	   7	  20	  31	  80	  20	  50	 685	831689	832244	   0	 290	
 353	 353	  50	   2	 531	   3	   1	   7	  20	  32	  80	  20	  50	 361	833905	834436	   0	 280	
 354	 354	  80	   1	 451	   1	   1	   8	  20	  32	  80	  20	  50	 568	836320	836771	   0	 290	
 355	 355	  20	   3	 533	   2	   2	   8	  21	  32	  80	  20	  50	 589	838670	839203	   0	 290	
 356	 356	  80	   2	 512	   1	   1	   9	  21	  32	  80	  20	  50	 698	841219	841731	   0	 280	
 357	 357	  50	   1	 552	   3	   1	   9	  21	  33	  80	  20	  50	 400	843451	844003	   0	 290	
 358	 358	  20	   4	 652	   2	   2	   9	  22	  33	  80	  20	  50	 450	845767	846419	   0	 290	
 359	 359	  70	   1	 708	   3	   1	   9	  22	   1	  80	  20	  70	 601	848399	849107	   3	 300	
 360	 360	  20	   4	 574	   2	   2	   9	  23	   1	  80	  20	  70	 534	850949	851523	   0	 300	
 361	 361	  80	   1	 461	   1	   1	  10	  23	   1	  80	  20	  70	 551	853398	853859	   0	 310	
 362	 362	  20	   4	 551	   2	   2	  10	  24	   1	  80	  20	  70	 413	855564	856115	   0	 310	
 363	 363	  70	   2	 488	   3	   1	  10	  24	   2	  80	  20	  70	 543	857963	858451	   0	 300	
 364	 364	  80	   1	 486	   1	   1	  11	  24	   2	  80	  20	  70	 688	860445	860931	   0	 310	
 365	 365	  70	   2	 452	   3	   1	  11	  24	   3	  80	  20	  70	 677	862911	863363	   0	 300	
 366	 366	  20	   4	 655	   2	   2	  11	  25	   3	  80	  20	  70	 381	865060	865715	   0	 300	
 367	 367	  70	   3	 408	   3	   2	  11	  25	   4	  80	  20	  70	 619	867643	868051	   0	 300	
 368	 368	  20	   4	 612	   2	   2	  11	  26	   4	  80	  20	  70	 409	869759	870371	   0	 300	
 369	 369	  80	   1	 502	   1	   1	  12	  26	   4	  80	  20	  70	 464	872141	872643	   0	 310	
 370	 370	  70	   1	 448	   3	   1	  12	  26	   5	  80	  20	  70	 337	874290	874738	   0	 320	
 371	 371	  20	   3	 481	   2	   2	  12	  27	   5	  80	  20	  70	 609	876673	877154	   0	 320	
 372	 372	  70	   1	 575	   3	   1	  12	  27	   6	  80	  20	  70	 677	879139	879714	   0	 330	
 373	 373	  80	   1	 699	   1	   1	  13	  27	   6	  80	  20	  70	 662	881671	882370	   0	 340	
 374	 374	  70	   2	 556	   3	   1	  13	  27	   7	  80	  20	  70	 381	884070	884626	   0	 330	
 375	 375	  80	   1	 594	   1	   1	  14	  27	   7	  80	  20	  70	 401	886336	886930	   0	 340	
 376	 376	  70	   1	 567	   3	   1	  14	  27	   8	  80	  20	  70	 399	888635	889202	   0	 350	
 377	 377	  20	   4	 562	   2	   2	  14	  28	   8	  80	  20	  70	 660	891168	891730	   0	 350	
 378	 378	  80	   1	 432	   1	   1	  15	  28	   8	  80	  20	  70	 629	893650	894082	   0	 360	
 379	 379	  70	   1	 564	   3	   1	  15	  28	   9	  80	  20	  70	 573	895966	896530	   0	 370	
 380	 380	  80	   1	 482	   1	   1	  16	  28	   9	  80	  20	  70	 607	898448	898930	   0	 380	
 381	 381	  70	   1	 555	   3	   1	  16	  28	  10	  80	  20	  70	 365	900631	901186	   0	 390	
 382	 382	  80	   1	 508	   1	   1	  17	  28	  10	  80	  20	  70	 531	903030	903538	   0	 400	
 383	 383	  20	   4	 644	   2	   2	  17	  29	  10	  80	  20	  70	 398	905246	905890	   0	 400	
 384	 384	  80	   2	 491	   1	   1	  18	  29	  10	  80	  20	  70	 300	907495	907986	   0	 390	
 385	 385	  70	   2	 475	   3	   1	  18	  29	  11	  80	  20	  70	 616	909911	910386	   0	 380	
 386	 386	  80	   2	 517	   1	   1	  19	  29	  11	  80	  20	  70	 392	912077	912594	   0	 370	
 387	 387	  20	   4	 706	   2	   2	  19	  30	  11	  80	  20	  70	 671	914576	915282	   0	 370	
 388	 388	  70	   1	 429	   3	   1	  19	  30	  12	  80	  20	  70	 509	917092	917521	   0	 380	
 389	 389	  20	   4	 574	   2	   2	  19	  31	  12	  80	  20	  70	 652	919491	920065	   0	 380	
 390	 390	  70	   1	 470	   3	   1	  19	  31	  13	  80	  20	  70	 345	921707	922177	   0	 390	
 391	 391	  80	   1	 578	   1	   1	  20	  31	  13	  80	  20	  70	 343	923839	924417	   0	 400	
 392	 392	  70	   2	 610	   3	   1	  20	  31	  14	  80	  20	  70	 544	926255	926865	   0	 390	
 393	 393	  20	   4	 589	   2	   2	  20	  32	  14	  80	  20	  70	 644	928804	929393	   0	 390	
 394	 394	  70	   1	 467	   3	   1	  20	  32	  15	  80	  20	  70	 364	931070	931537	   0	 400	
 395	 395	  20	   3	 628	   2	   2	  20	  33	  15	  80	  20	  70	 609	933453	934081	   0	 400	
 396	 396	  70	   1	 557	   3	   1	  20	  33	  16	  80	  20	  70	 683	936068	936625	   0	 410	
 397	 397	  80	   2	 623	   1	   1	  21	  33	  16	  80	  20	  70	 512	938434	939057	   0	 400	
 398	 398	  70	   2	 413	   3	   1	  21	  33	  17	  80	  20	  70	 534	940900	941313	   0	 390	
 399	 399	  20	   4	 612	   2	   2	  21	  34	  17	  80	  20	  70	 501	943133	943745	   0	 390	
 400	 400	  80	   1	 429	   1	   1	  22	  34	  17	  80	  20	  70	 684	945732	946161	   0	 400	
 401	 401	  20	   4	 622	   2	   2	  22	  35	  17	  80	  20	  70	 676	948147	948769	   0	 400	
 402	 402	  80	   1	 554	   1	   1	  23	  35	  17	  80	  20	  70	 594	950663	951217	   0	 410	
 403	 403	  80	   1	 664	   2	   1	  23	   1	  17	  80	  80	  70	 565	953129	953793	   2	 420	
 404	 404	  80	   1	 538	   1	   1	  24	   1	  17	  80	  80	  70	 349	955462	956000	   0	 430	
 405	 405	  80	   1	 493	   2	   1	  24	   2	  17	  80	  80	  70	 512	957811	958304	   0	 440	
 406	 406	  80	   1	 450	   1	   1	  25	   2	  17	  80	  80	  70	 499	960110	960560	   0	 450	
 407	 407	  80	   1	 421	   2	   1	  25	   3	  17	  80	  80	  70	 582	962459	962880	   0	 460	
 408	 408	  80	   1	 478	   1	   1	  26	   3	  17	  80	  80	  70	 475	964658	965136	   0	 470	
 409	 409	  80	   2	 400	   2	   1	  26	   4	  17	  80	  80	  70	 587	967024	967424	   0	 460	
 410	 410	  80	   2	 387	   1	   1	  27	   4	  17	  80	  80	  70	 631	969373	969760	   0	 450	
 411	 411	  80	   1	 397	   2	   1	  27	   5	  17	  80	  80	  70	 444	971523	971920	   0	 460	
 412	 412	  80	   1	 430	   1	   1	  28	   5	  17	  80	  80	  70	 300	973538	973968	   0	 470	
 413	 413	  80	   1	 474	   2	   1	  28	   6	  17	  80	  80	  70	 349	975638	976112	   0	 480	
 414	 414	  80	   1	 451	   1	   1	  29	   6	  17	  80	  80	  70	 426	977837	978288	   0	 490	
 415	 415	  80	   1	 423	   2	   1	  29	   7	  17	  80	  80	  70	 580	980169	980592	   0	 500	
 416	 416	  80	   1	 411	   1	   1	  30	   7	  17	  80	  80	  70	 573	982469	982880	   0	 510	
 417	 417	  70	   1	 387	   3	   1	  30	   7	  18	  80	  80	  70	 511	984685	985072	   0	 520	
 418	 418	  80	   1	 509	   2	   1	  30	   8	  18	  80	  80	  70	 492	986867	987376	   0	 530	
 419	 419	  30	   4	 888	   1	   2	   1	   8	  18	  30	  80	  70	 326	989016	989904	   1	 530	
 420	 420	  80	   2	 406	   2	   1	   1	   9	  18	  30	  80	  70	 680	991882	992288	   0	 520	
 421	 421	  70	   1	 424	   3	   1	   1	   9	  19	  30	  80	  70	 654	994264	994688	   0	 530	
 422	 422	  80	   1	 416	   2	   1	   1	  10	  19	  30	  80	  70	 461	996447	996863	   0	 540	
 423	 423	  30	   3	 485	   1	   2	   2	  10	  19	  30	  80	  70	 564	998746	999231	   0	 540	
 424	 424	  70	   1	 437	   3	   1	   2	  10	  20	  30	  80	  70	 616	1001162	1001599	   0	 550	
 425	 425	  80	   2	 351	   2	   1	   2	  11	  20	  30	  80	  70	 414	1003328	1003679	   0	 540	
 426	 426	  30	   3	 671	   1	   2	   3	  11	  20	  30	  80	  70	 355	1005344	1006015	   0	 540	
 427	 427	  70	   1	 459	   3	   1	   3	  11	  21	  30	  80	  70	 553	1007876	1008335	   0	 550	
 428	 428	  80	   1	 499	   2	   1	   3	  12	  21	  30	  80	  70	 448	1010092	1010591	   0	 560	
 429	 429	  30	   2	 593	   1	   1	   4	  12	  21	  30	  80	  70	 661	1012558	1013151	   0	 550	
 430	 430	  70	   2	 450	   3	   1	   4	  12	  22	  30	  80	  70	 512	1014957	1015407	   0	 540	
 431	 431	  80	   1	 421	   2	   1	   4	  13	  22	  30	  80	  70	 550	1017290	1017711	   0	 550	
 432	 432	  70	   2	 552	   3	   1	   4	  13	  23	  30	  80	  70	 647	1019655	1020207	   0	 540	
 433	 433	  80	   1	 415	   2	   1	   4	  14	  23	  30	  80	  70	 378	1021888	1022303	   0	 550	
 434	 434	  70	   1	 514	   3	   1	   4	  14	  24	  30	  80	  70	 610	1024221	1024735	   0	 560	
 435	 435	  80	   1	 420	   2	   1	   4	  15	  24	  30	  80	  70	 552	1026603	1027023	   0	 570	
 436	 436	  70	   1	 487	   3	   1	   4	  15	  25	  30	  80	  70	 608	1028936	1029423	   0	 580	
 437	 437	  30	   2	 601	   1	   1	   5	  15	  25	  30	  80	  70	 587	1031318	1031919	   0	 570	
 438	 438	  70	   1	 413	   3	   1	   5	  15	  26	  30	  80	  70	 406	1033634	1034047	   0	 580	
 439	 439	  30	   4	 760	   1	   2	   6	  15	  26	  30	  80	  70	 399	1035750	1036510	   0	 580	
 440	 440	  70	   1	 523	   3	   1	   6	  15	  27	  30	  80	  70	 681	1038499	1039022	   0	 590	
 441	 441	  80	   1	 532	   2	   1	   6	  16	  27	  30	  80	  70	 351	1040698	1041230	   0	 600	
 442	 442	  70	   2	 481	   3	   1	   6	  16	  28	  30	  80	  70	 660	1043197	1043678	   0	 590	
 443	 443	  30	   3	 642	   1	   2	   7	  16	  28	  30	  80	  70	 595	1045580	1046222	   0	 590	
 444	 444	  80	   1	 439	   2	   1	   7	  17	  28	  30	  80	  70	 374	1047895	1048334	   0	 600	
 445	 445	  30	   4	 501	   1	   2	   8	  17	  28	  30	  80	  70	 699	1050345	1050846	   0	 600	
 446	 446	  80	   2	 506	   2	   1	   8	  18	  28	  30	  80	  70	 505	1052660	1053166	   0	 590	
 447	 447	  30	   4	 539	   1	   2	   9	  18	  28	  30	  80	  70	 566	1055043	1055582	   0	 590	
 448	 448	  80	   1	 449	   2	   1	   9	  19	  28	  30	  80	  70	 447	1057325	1057774	   0	 600	
 449	 449	  30	   4	 416	   1	   2	  10	  19	  28	  30	  80	  70	 666	1059758	1060174	   0	 600	
 450	 450	  70	   1	 516	   3	   1	  10	  19	  29	  30	  80	  70	 603	1062090	1062606	   0	 610	
 451	 451	  30	   3	 518	   1	   2	  11	  19	  29	  30	  80	  70	 507	1064440	1064958	   0	 610	
 452	 452	  80	   1	 384	   2	   1	  11	  20	  29	  30	  80	  70	 336	1066606	1066990	   0	 620	
 453	 453	  70	   1	 531	   3	   1	  11	  20	  30	  30	  80	  70	 659	1068955	1069486	   0	 630	
 454	 454	  80	   1	 473	   2	   1	  11	  21	  30	  30	  80	  70	 431	1071237	1071710	   0	 640	
 455	 455	  30	   4	 681	   1	   2	  12	  21	  30	  30	  80	  70	 647	1073653	1074334	   0	 640	
 456	 456	  80	   1	 475	   2	   1	  12	  22	  30	  30	  80	  70	 361	1076002	1076477	   0	 650	
 457	 457	  70	   1	 502	   3	   1	  12	  22	  31	  30	  80	  70	 351	1078135	1078637	   0	 660	
 458	 458	  30	   4	 626	   1	   2	  13	  22	  31	  30	  80	  70	 322	1080267	1080893	   0	 660	
 459	 459	  70	   1	 399	   3	   1	  13	  22	  32	  30	  80	  70	 549	1082750	1083149	   0	 670	
 460	 460	  30	   3	 580	   1	   2	  14	  22	  32	  30	  80	  70	 589	1085049	1085629	   0	 670	
 461	 461	  80	   1	 352	   2	   1	  14	  23	  32	  30	  80	  70	 605	1087565	1087917	   0	 680	
 462	 462	  70	   1	 500	   3	   1	  14	  23	  33	  30	  80	  70	 655	1089881	1090381	   0	 690	
 463	 463	  30	   4	 471	   1	   2	  15	  23	  33	  30	  80	  70	 545	1092230	1092701	   0	 690	
 464	 464	  80	   1	 482	   2	   1	  15	  24	  33	  30	  80	  70	 380	1094379	1094861	   0	 700	
 465	 465	  30	   4	 633	   1	   2	  16	  24	  33	  30	  80	  70	 446	1096612	1097245	   0	 700	
 466	 466	  70	   2	 505	   3	   1	  16	  24	  34	  30	  80	  70	 492	1099044	1099549	   0	 690	
 467	 467	  80	   2	 387	   2	   1	  16	  25	  34	  30	  80	  70	 355	1101210	1101597	   0	 680	
 468	 468	  70	   1	 422	   3	   1	  16	  25	  35	  30	  80	  70	 658	1103559	1103981	   0	 690	
 469	 469	  30	   3	 637	   1	   2	  17	  25	  35	  30	  80	  70	 512	1105792	1106429	   0	 690	
 470	 470	  80	   1	 359	   2	   1	  17	  26	  35	  30	  80	  70	 638	1108374	1108733	   0	 700	
 471	 471	  30	   4	 628	   1	   2	  18	  26	  35	  30	  80	  70	 417	1110473	1111101	   0	 700	
 472	 472	  50	   2	 705	   3	   1	  18	  26	   1	  30	  80	  50	 541	1112956	1113661	   3	 690	
 473	 473	  30	   4	 615	   1	   2	  19	  26	   1	  30	  80	  50	 631	1115605	1116220	   0	 690	
 474	 474	  80	   1	 591	   2	   1	  19	  27	   1	  30	  80	  50	 692	1118221	1118812	   0	 700	
 475	 475	  30	   4	 619	   1	   2	  20	  27	   1	  30	  80	  50	 631	1120753	1121372	   0	 700	
 476	 476	  50	   3	 846	   3	   2	  20	  27	   2	  30	  80	  50	 401	1123086	1123932	   0	 700	
 477	 477	  80	   1	 508	   2	   1	  20	  28	   2	  30	  80	  50	 327	1125568	1126076	   0	 710	
 478	 478	  50	   2	 622	   3	   1	  20	  28	   3	  30	  80	  50	 579	1127950	1128572	   0	 700	
 479	 479	  80	   2	 496	   2	   1	  20	  29	   3	  30	  80	  50	 430	1130300	1130796	   0	 690	
 480	 480	  30	   4	 431	   1	   2	  21	  29	   3	  30	  80	  50	 647	1132749	1133180	   0	 690	
 481	 481	  50	   2	 440	   3	   1	  21	  29	   4	  30	  80	  50	 434	1134948	1135388	   0	 680	
 482	 482	  80	   1	 463	   2	   1	  21	  30	   4	  30	  80	  50	 483	1137181	1137644	   0	 690	
 483	 483	  50	   3	 488	   3	   2	  21	  30	   5	  30	  80	  50	 432	1139396	1139884	   0	 690	
 484	 484	  20	   1	 811	   2	   1	  21	   1	   5	  30	  20	  50	 530	1141729	1142540	   2	 700	
 485	 485	  30	   3	 611	   1	   2	  22	   1	   5	  30	  20	  50	 515	1144361	1144972	   0	 700	
 486	 486	  20	   2	 684	   2	   1	  22	   2	   5	  30	  20	  50	 671	1146944	1147628	   0	 690	
 487	 487	  50	   3	 888	   3	   2	  22	   2	   6	  30	  20	  50	 540	1149476	1150364	   0	 690	
 488	 488	  20	   2	 631	   2	   1	  22	   3	   6	  30	  20	  50	 656	1152325	1152956	   0	 680	
 489	 489	  30	   3	 642	   1	   2	  23	   3	   6	  30	  20	  50	 565	1154841	1155483	   0	 680	
 490	 490	  50	   1	 798	   3	   1	  23	   3	   7	  30	  20	  50	 583	1157373	1158171	   0	 690	
 491	 491	  30	   4	 727	   1	   2	  24	   3	   7	  30	  20	  50	 448	1159956	1160683	   0	 690	
 492	 492	  50	   1	 829	   3	   1	  24	   3	   8	  30	  20	  50	 659	1162638	1163467	   0	 700	
 493	 493	  20	   1	 676	   2	   1	  24	   4	   8	  30	  20	  50	 506	1165271	1165947	   0	 710	
 494	 494	  50	   2	 605	   3	   1	  24	   4	   9	  30	  20	  50	 642	1167886	1168491	   0	 700	
 495	 495	  30	   2	 455	   1	   1	  25	   4	   9	  30	  20	  50	 653	1170452	1170907	   0	 690	
 496	 496	  20	   2	 594	   2	   1	  25	   5	   9	  30	  20	  50	 383	1172601	1173195	   0	 680	
 497	 497	  50	   2	 598	   3	   1	  25	   5	  10	  30	  20	  50	 414	1174917	1175515	   0	 670	
 498	 498	  30	   4	 878	   1	   2	  26	   5	  10	  30	  20	  50	 305	1177133	1178011	   0	 670	
 499	 499	  50	   1	 616	   3	   1	  26	   5	  11	  30	  20	  50	 403	1179715	1180331	   0	 680	
 500	 500	  30	   4	 596	   1	   2	  27	   5	  11	  30	  20	  50	 590	1182231	1182827	   0	 680	
 501	 501	  50	   2	 667	   3	   1	  27	   5	  12	  30	  20	  50	 324	1184464	1185131	   0	 670	
 502	 502	  20	   2	 604	   2	   1	  27	   6	  12	  30	  20	  50	 420	1186863	1187467	   0	 660	
 503	 503	  30	   3	 507	   1	   2	  28	   6	  12	  30	  20	  50	 533	1189312	1189819	   0	 660	
 504	 504	  50	   3	 520	   3	   2	  28	   6	  13	  30	  20	  50	 692	1191811	1192331	   0	 660	
 505	 505	  30	   4	 721	   1	   2	  29	   6	  13	  30	  20	  50	 353	1193994	1194715	   0	 660	
 506	 506	  20	   2	 589	   2	   1	  29	   7	  13	  30	  20	  50	 469	1196493	1197082	   0	 650	
 507	 507	  50	   1	 567	   3	   1	  29	   7	  14	  30	  20	  50	 694	1199075	1199642	   0	 660	
 508	 508	  20	   4	 772	   2	   2	  29	   8	  14	  30	  20	  50	 599	1201558	1202330	   0	 660	
 509	 509	  50	   2	 669	   3	   1	  29	   8	  15	  30	  20	  50	 541	1204173	1204842	   0	 650	
 510	 510	  30	   4	 497	   1	   2	  30	   8	  15	  30	  20	  50	 340	1206489	1206986	   0	 650	
 511	 511	  50	   4	 521	   3	   2	  30	   8	  16	  30	  20	  50	 380	1208689	1209210	   0	 650	
 512	 512	  30	   4	 606	   1	   2	  31	   8	  16	  30	  20	  50	 490	1211004	1211610	   0	 650	
 513	 513	  20	   4	 549	   2	   2	  31	   9	  16	  30	  20	  50	 329	1213237	1213786	   0	 650	
 514	 514	  30	   4	 462	   1	   2	  32	   9	  16	  30	  20	  50	 334	1215436	1215898	   0	 650	
 515	 515	  50	   3	 667	   3	   2	  32	   9	  17	  30	  20	  50	 346	1217535	1218202	   0	 650	
 516	 516	  30	   4	 520	   1	   2	  33	   9	  17	  30	  20	  50	 511	1220018	1220538	   0	 650	
 517	 517	  20	   4	 562	   2	   2	  33	  10	  17	  30	  20	  50	 348	1222200	1222762	   0	 650	
 518	 518	  50	   4	 470	   3	   2	  33	  10	  18	  30	  20	  50	 434	1224500	1224970	   0	 650	
 519	 519	  20	   4	 455	   2	   2	  33	  11	  18	  30	  20	  50	 635	1226915	1227370	   0	 650	
 520	 520	  80	   2	 586	   1	   1	   1	  11	  18	  80	  20	  50	 532	1229248	1229834	   1	 640	
 521	 521	  20	   4	 799	   2	   2	   1	  12	  18	  80	  20	  50	 397	1231547	1232346	   0	 640	
 522	 522	  50	   3	 855	   3	   2	   1	  12	  19	  80	  20	  50	 464	1234130	1234985	   0	 640	
 523	 523	  80	   1	 612	   1	   1	   2	  12	  19	  80	  20	  50	 359	1236645	1237257	   0	 650	
 524	 524	  50	   4	 513	   3	   2	   2	  12	  20	  80	  20	  50	 585	1239144	1239657	   0	 650	
 525	 525	  80	   1	 625	   1	   1	   3	  12	  20	  80	  20	  50	 594	1241560	1242185	   0	 660	
 526	 526	  50	   4	 506	   3	   2	   3	  12	  21	  80	  20	  50	 657	1244143	1244649	   0	 660	
 527	 527	  80	   2	 666	   1	   1	   4	  12	  21	  80	  20	  50	 626	1246575	1247241	   0	 650	
 528	 528	  50	   4	 561	   3	   2	   4	  12	  22	  80	  20	  50	 651	1249208	1249769	   0	 650	
 529	 529	  80	   1	 528	   1	   1	   5	  12	  22	  80	  20	  50	 610	1251673	1252201	   0	 660	
 530	 530	  50	   3	 496	   3	   2	   5	  12	  23	  80	  20	  50	 595	1254089	1254585	   0	 660	
 531	 531	  80	   1	 493	   1	   1	   6	  12	  23	  80	  20	  50	 686	1256588	1257081	   0	 670	
 532	 532	  50	   3	 516	   3	   2	   6	  12	  24	  80	  20	  50	 461	1258837	1259353	   0	 670	
 533	 533	  80	   1	 419	   1	   1	   7	  12	  24	  80	  20	  50	 599	1261270	1261689	   0	 680	
 534	 534	  20	   4	 588	   2	   2	   7	  13	  24	  80	  20	  50	 471	1263469	1264057	   0	 680	
 535	 535	  50	   3	 612	   3	   2	   7	  13	  25	  80	  20	  50	 317	1265685	1266297	   0	 680	
 536	 536	  20	   3	 646	   2	   2	   7	  14	  25	  80	  20	  50	 462	1268051	1268697	   0	 680	
 537	 537	  80	   1	 419	   1	   1	   8	  14	  25	  80	  20	  50	 563	1270550	1270969	   0	 690	
 538	 538	  50	   3	 459	   3	   2	   8	  14	  26	  80	  20	  50	 489	1272766	1273225	   0	 690	
 539	 539	  20	   4	 709	   2	   2	   8	  15	  26	  80	  20	  50	 389	1274915	1275624	   0	 690	
 540	 540	  50	   4	 584	   3	   2	   8	  15	  27	  80	  20	  50	 339	1277264	1277848	   0	 690	
 541	 541	  20	   3	 494	   2	   2	   8	  16	  27	  80	  20	  50	 351	1279530	1280024	   0	 690	
 542	 542	  50	   4	 582	   3	   2	   8	  16	  28	  80	  20	  50	 429	1281746	1282328	   0	 690	
 543	 543	  20	   4	 448	   2	   2	   8	  17	  28	  80	  20	  50	 680	1284312	1284760	   0	 690	
 544	 544	  80	   1	 495	   1	   1	   9	  17	  28	  80	  20	  50	 690	1286761	1287256	   0	 700	
 545	 545	  20	   4	 479	   2	   2	   9	  18	  28	  80	  20	  50	 622	1289177	1289656	   0	 700	
 546	 546	  50	   3	 577	   3	   2	   9	  18	  29	  80	  20	  50	 579	1291543	1292120	   0	 700	
 547	 547	  20	   4	 529	   2	   2	   9	  19	  29	  80	  20	  50	 550	1293975	1294504	   0	 700	
 548	 548	  80	   1	 567	   1	   1	  10	  19	  29	  80	  20	  50	 444	1296241	1296808	   0	 710	
 549	 549	  50	   4	 571	   3	   2	  10	  19	  30	  80	  20	  50	 442	1298557	1299128	   0	 710	
 550	 550	  20	   4	 515	   2	   2	  10	  20	  30	  80	  20	  50	 332	1300773	1301288	   0	 710	
 551	 551	  80	   1	 487	   1	   1	  11	  20	  30	  80	  20	  50	 488	1303105	1303592	   0	 720	
 552	 552	  20	   4	 491	   2	   2	  11	  21	  30	  80	  20	  50	 515	1305421	1305912	   0	 720	
 553	 553	  80	   3	 468	   1	   2	  12	  21	  30	  80	  20	  50	 384	1307604	1308072	   0	 720	
 554	 554	  50	   3	 573	   3	   2	  12	  21	  31	  80	  20	  50	 440	1309819	1310392	   0	 720	
 555	 555	  20	   3	 535	   2	   2	  12	  22	  31	  80	  20	  50	 682	1312385	1312920	   0	 720	
 556	 556	  50	   4	 611	   3	   2	  12	  22	  32	  80	  20	  50	 635	1314868	1315479	   0	 720	
 557	 557	  80	   1	 501	   1	   1	  13	  22	  32	  80	  20	  50	 470	1317250	1317751	   0	 730	
 558	 558	  50	   4	 558	   3	   2	  13	  22	  33	  80	  20	  50	 395	1319449	1320007	   0	 730	
 559	 559	  80	   2	 531	   1	   1	  14	  22	  33	  80	  20	  50	 415	1321732	1322263	   0	 720	
 560	 560	  30	   2	 817	   3	   1	  14	  22	   1	  80	  20	  30	 609	1324214	1325031	   3	 710	
 561	 561	  80	   1	 563	   1	   1	  15	  22	   1	  80	  20	  30	 626	1326980	1327543	   0	 720	
 562	 562	  20	   4	 702	   2	   2	  15	  23	   1	  80	  20	  30	 665	1329529	1330231	   0	 720	
 563	 563	  30	   2	 392	   3	   1	  15	  23	   2	  80	  20	  30	 550	1332095	1332487	   0	 710	
 564	 564	  20	   4	 522	   2	   2	  15	  24	   2	  80	  20	  30	 672	1334461	1334983	   0	 710	
 565	 565	  80	   2	 801	   1	   1	  16	  24	   2	  80	  20	  30	 417	1336710	1337511	   0	 700	
 566	 566	  20	   4	 691	   2	   2	  16	  25	   2	  80	  20	  30	 651	1339476	1340167	   0	 700	
 567	 567	  80	   1	 463	   1	   1	  17	  25	   2	  80	  20	  30	 545	1342008	1342471	   0	 710	
 568	 568	  30	   4	 715	   3	   2	  17	  25	   3	  80	  20	  30	 335	1344124	1344839	   0	 710	
 569	 569	  20	   4	 545	   2	   2	  17	  26	   3	  80	  20	  30	 662	1346806	1347351	   0	 710	
 570	 570	  80	   1	 489	   1	   1	  18	  26	   3	  80	  20	  30	 360	1349006	1349495	   0	 720	
 571	 571	  20	   4	 622	   2	   2	  18	  27	   3	  80	  20	  30	 493	1351305	1351927	   0	 720	
 572	 572	  80	   1	 655	   1	   1	  19	  27	   3	  80	  20	  30	 478	1353704	1354359	   0	 730	
 573	 573	  30	   4	 508	   3	   2	  19	  27	   4	  80	  20	  30	 529	1356186	1356694	   0	 730	
 574	 574	  20	   3	 590	   2	   2	  19	  28	   4	  80	  20	  30	 562	1358552	1359142	   0	 730	
 575	 575	  30	   3	 587	   3	   2	  19	  28	   5	  80	  20	  30	 606	1361051	1361638	   0	 730	
 576	 576	  20	   4	 657	   2	   2	  19	  29	   5	  80	  20	  30	 367	1363317	1363974	   0	 730	
 577	 577	  80	   1	 432	   1	   1	  20	  29	   5	  80	  20	  30	 489	1365766	1366198	   0	 740	
 578	 578	  20	   4	 641	   2	   2	  20	  30	   5	  80	  20	  30	 661	1368165	1368806	   0	 740	
 579	 579	  30	   4	 511	   3	   2	  20	  30	   6	  80	  20	  30	 507	1370615	1371126	   0	 740	
 580	 580	  20	   4	 551	   2	   2	  20	  31	   6	  80	  20	  30	 415	1372847	1373398	   0	 740	
 581	 581	  80	   1	 450	   1	   1	  21	  31	   6	  80	  20	  30	 662	1375380	1375830	   0	 750	
 582	 582	  20	   4	 465	   2	   2	  21	  32	   6	  80	  20	  30	 691	1377829	1378294	   0	 750	
 583	 583	  30	   3	 583	   3	   2	  21	  32	   7	  80	  20	  30	 504	1380111	1380694	   0	 750	
 584	 584	  20	   4	 552	   2	   2	  21	  33	   7	  80	  20	  30	 499	1382510	1383062	   0	 750	
 585	 585	  30	   4	 581	   3	   2	  21	  33	   8	  80	  20	  30	 642	1385009	1385590	   0	 750	
 586	 586	  80	   2	 577	   1	   1	  22	  33	   8	  80	  20	  30	 625	1387525	1388102	   0	 740	
 587	 587	  30	   4	 496	   3	   2	  22	  33	   9	  80	  20	  30	 561	1389958	1390454	   0	 740	
 588	 588	  80	   1	 452	   1	   1	  23	  33	   9	  80	  20	  30	 545	1392290	1392742	   0	 750	
 589	 589	  20	   4	 511	   2	   2	  23	  34	   9	  80	  20	  30	 359	1394406	1394917	   0	 750	
 590	 590	  30	   3	 695	   3	   2	  23	  34	  10	  80	  20	  30	 405	1396622	1397317	   0	 750	
 591	 591	  80	   1	 533	   1	   1	  24	  34	  10	  80	  20	  30	 472	1399104	1399637	   0	 760	
 592	 592	  20	   4	 585	   2	   2	  24	  35	  10	  80	  20	  30	 452	1401404	1401989	   0	 760	
 593	 593	  80	   1	 612	   1	   1	  25	  35	  10	  80	  20	  30	 671	1403969	1404581	   0	 770	
 594	 594	  70	   1	 762	   2	   1	  25	   1	  10	  80	  70	  30	 306	1406219	1406981	   2	 780	
 595	 595	  80	   1	 783	   1	   1	  26	   1	  10	  80	  70	  30	 643	1408934	1409717	   0	 790	
 596	 596	  30	   4	 634	   3	   2	  26	   1	  11	  80	  70	  30	 437	1411467	1412101	   0	 790	
 597	 597	  80	   1	 465	   1	   1	  27	   1	  11	  80	  70	  30	 300	1413716	1414181	   0	 800	
 598	 598	  70	   1	 608	   2	   1	  27	   2	  11	  80	  70	  30	 678	1416165	1416773	   0	 810	
 599	 599	  80	   2	 590	   1	   1	  28	   2	  11	  80	  70	  30	 548	1418631	1419221	   0	 800	
 600	 600	  30	   4	 740	   3	   2	  28	   2	  12	  80	  70	  30	 369	1420897	1421637	   0	 800	
 601	 601	  80	   1	 564	   1	   1	  29	   2	  12	  80	  70	  30	 375	1423329	1423893	   0	 810	
 602	 602	  70	   1	 527	   2	   1	  29	   3	  12	  80	  70	  30	 678	1425878	1426405	   0	 820	
 603	 603	  30	   4	 574	   3	   2	  29	   3	  13	  80	  70	  30	 604	1428311	1428885	   0	 820	
 604	 604	  70	   1	 532	   2	   1	  29	   4	  13	  80	  70	  30	 403	1430593	1431125	   0	 830	
 605	 605	  30	   4	 624	   3	   2	  29	   4	  14	  80	  70	  30	 664	1433109	1433733	   0	 830	
 606	 606	  70	   2	 551	   2	   1	  29	   5	  14	  80	  70	  30	 695	1435725	1436276	   0	 820	
 607	 607	  30	   3	 655	   3	   2	  29	   5	  15	  80	  70	  30	 372	1437957	1438612	   0	 820	
 608	 608	  70	   1	 550	   2	   1	  29	   6	  15	  80	  70	  30	 680	1440590	1441140	   0	 830	
 609	 609	  30	   4	 670	   3	   2	  29	   6	  16	  80	  70	  30	 369	1442822	1443492	   0	 830	
 610	 610	  80	   1	 558	   1	   1	  30	   6	  16	  80	  70	  30	 443	1445238	1445796	   0	 840	
 611	 611	  70	   2	 585	   2	   1	  30	   7	  16	  80	  70	  30	 670	1447787	1448372	   0	 830	
 612	 612	  30	   4	 565	   3	   2	  30	   7	  17	  80	  70	  30	 624	1450303	1450868	   0	 830	
 613	 613	  70	   1	 600	   2	   1	  30	   8	  17	  80	  70	  30	 450	1452636	1453236	   0	 840	
 614	 614	  50	   2	 716	   1	   1	   1	   8	  17	  50	  70	  30	 413	1454968	1455684	   1	 830	
 615	 615	  70	   1	 531	   2	   1	   1	   9	  17	  50	  70	  30	 625	1457617	1458148	   0	 840	
 616	 616	  30	   4	 608	   3	   2	   1	   9	  18	  50	  70	  30	 634	1460100	1460708	   0	 840	
 617	 617	  50	   4	 363	   1	   2	   2	   9	  18	  50	  70	  30	 637	1462649	1463012	   0	 840	
 618	 618	  30	   3	 657	   3	   2	   2	   9	  19	  50	  70	  30	 581	1464915	1465572	   0	 840	
 619	 619	  70	   2	 618	   2	   1	   2	  10	  19	  50	  70	  30	 642	1467514	1468132	   0	 830	
 620	 620	  30	   3	 629	   3	   2	   2	  10	  20	  50	  70	  30	 632	1470079	1470708	   0	 830	
 621	 621	  70	   1	 532	   2	   1	   2	  11	  20	  50	  70	  30	 482	1472512	1473044	   0	 840	
 622	 622	  50	   4	 807	   1	   2	   3	  11	  20	  50	  70	  30	 465	1474828	1475635	   0	 840	
 623	 623	  70	   1	 532	   2	   1	   3	  12	  20	  50	  70	  30	 393	1477327	1477859	   0	 850	
 624	 624	  50	   3	 452	   1	   2	   4	  12	  20	  50	  70	  30	 591	1479759	1480211	   0	 850	
 625	 625	  30	   3	 607	   3	   2	   4	  12	  21	  50	  70	  30	 371	1481892	1482499	   0	 850	
 626	 626	  70	   1	 516	   2	   1	   4	  13	  21	  50	  70	  30	 390	1484191	1484707	   0	 860	
 627	 627	  50	   1	 840	   1	   1	   5	  13	  21	  50	  70	  30	 485	1486507	1487347	   0	 870	
 628	 628	  30	   4	 594	   3	   2	   5	  13	  22	  50	  70	  30	 436	1489089	1489683	   0	 870	
 629	 629	  50	   2	 674	   1	   1	   6	  13	  22	  50	  70	  30	 527	1491505	1492179	   0	 860	
 630	 630	  70	   1	 509	   2	   1	   6	  14	  22	  50	  70	  30	 548	1494038	1494547	   0	 870	
 631	 631	  30	   4	 571	   3	   2	   6	  14	  23	  50	  70	  30	 653	1496520	1497091	   0	 870	
 632	 632	  50	   3	 486	   1	   2	   7	  14	  23	  50	  70	  30	 671	1499069	1499555	   0	 870	
 633	 633	  70	   2	 531	   2	   1	   7	  15	  23	  50	  70	  30	 306	1501168	1501699	   0	 860	
 634	 634	  30	   4	 483	   3	   2	   7	  15	  24	  50	  70	  30	 571	1503584	1504067	   0	 860	
 635	 635	  50	   1	 490	   1	   1	   8	  15	  24	  50	  70	  30	 460	1505833	1506323	   0	 870	
 636	 636	  30	   4	 497	   3	   2	   8	  15	  25	  50	  70	  30	 433	1508066	1508563	   0	 870	
 637	 637	  50	   1	 614	   1	   1	   9	  15	  25	  50	  70	  30	 495	1510365	1510979	   0	 880	
 638	 638	  30	   4	 561	   3	   2	   9	  15	  26	  50	  70	  30	 611	1512898	1513459	   0	 880	
 639	 639	  70	   1	 500	   2	   1	   9	  16	  26	  50	  70	  30	 475	1515230	1515730	   0	 890	
 640	 640	  50	   2	 591	   1	   1	  10	  16	  26	  50	  70	  30	 325	1517363	1517954	   0	 880	
 641	 641	  70	   1	 546	   2	   1	  10	  17	  26	  50	  70	  30	 442	1519712	1520258	   0	 890	
 642	 642	  30	   3	 506	   3	   2	  10	  17	  27	  50	  70	  30	 373	1521944	1522450	   0	 890	
 643	 643	  50	   1	 426	   1	   1	  11	  17	  27	  50	  70	  30	 612	1524360	1524786	   0	 900	
 644	 644	  70	   1	 595	   2	   1	  11	  18	  27	  50	  70	  30	 460	1526543	1527138	   0	 910	
 645	 645	  30	   4	 590	   3	   2	  11	  18	  28	  50	  70	  30	 680	1529108	1529698	   0	 910	
 646	 646	  70	   2	 490	   2	   1	  11	  19	  28	  50	  70	  30	 603	1531608	1532098	   0	 900	
 647	 647	  50	   2	 535	   1	   1	  12	  19	  28	  50	  70	  30	 318	1533723	1534258	   0	 890	
 648	 648	  30	   4	 670	   3	   2	  12	  19	  29	  50	  70	  30	 389	1535956	1536626	   0	 890	
 649	 649	  50	   2	 478	   1	   1	  13	  19	  29	  50	  70	  30	 436	1538372	1538850	   0	 880	
 650	 650	  30	   3	 673	   3	   2	  13	  19	  30	  50	  70	  30	 566	1540721	1541394	   0	 880	
 651	 651	  70	   2	 500	   2	   1	  13	  20	  30	  50	  70	  30	 356	1543070	1543570	   0	 870	
 652	 652	  30	   4	 530	   3	   2	  13	  20	   1	  50	  70	  30	 656	1545536	1546066	   0	 870	
 653	 653	  50	   1	 438	   1	   1	  14	  20	   1	  50	  70	  30	 476	1547852	1548290	   0	 880	
 654	 654	  70	   2	 504	   2	   1	  14	  21	   1	  50	  70	  30	 623	1550218	1550722	   0	 870	
 655	 655	  50	   1	 424	   1	   1	  15	  21	   1	  50	  70	  30	 630	1552650	1553074	   0	 880	
 656	 656	  70	   1	 403	   2	   1	  15	  22	   1	  50	  70	  30	 394	1554766	1555169	   0	 890	
 657	 657	  30	   4	 579	   3	   2	  15	  22	   2	  50	  70	  30	 300	1556782	1557361	   0	 890	
 658	 658	  50	   2	 386	   1	   1	  16	  22	   2	  50	  70	  30	 555	1559231	1559617	   0	 880	
 659	 659	  30	   4	 581	   3	   2	  16	  22	   3	  50	  70	  30	 644	1561564	1562145	   0	 880	
 660	 660	  70	   1	 523	   2	   1	  16	  23	   3	  50	  70	  30	 397	1563846	1564369	   0	 890	
 661	 661	  30	   4	 511	   3	   2	  16	  23	   4	  50	  70	  30	 478	1566162	1566673	   0	 890	
 662	 662	  70	   1	 498	   2	   1	  16	  24	   4	  50	  70	  30	 529	1568495	1568993	   0	 900	
 663	 663	  30	   3	 573	   3	   2	  16	  24	   5	  50	  70	  30	 331	1570644	1571217	   0	 900	
 664	 664	  70	   1	 494	   2	   1	  16	  25	   5	  50	  70	  30	 522	1573043	1573537	   0	 910	
 665	 665	  50	   1	 655	   1	   1	  17	  25	   5	  50	  70	  30	 612	1575442	1576097	   0	 920	
 666	 666	  30	   4	 478	   3	   2	  17	  25	   6	  50	  70	  30	 490	1577891	1578369	   0	 920	
 667	 667	  70	   1	 479	   2	   1	  17	  26	   6	  50	  70	  30	 599	1580274	1580753	   0	 930	
 668	 668	  30	   3	 555	   3	   2	  17	  26	   7	  50	  70	  30	 353	1582406	1582961	   0	 930	
 669	 669	  50	   2	 403	   1	   1	  18	  26	   7	  50	  70	  30	 361	1584622	1585025	   0	 920	
 670	 670	  70	   2	 477	   2	   1	  18	  27	   7	  50	  70	  30	 450	1586788	1587265	   0	 910	
 671	 671	  50	   1	 516	   1	   1	  19	  27	   7	  50	  70	  30	 459	1589037	1589553	   0	 920	
 672	 672	  30	   4	 619	   3	   2	  19	  27	   8	  50	  70	  30	 403	1591270	1591889	   0	 920	
 673	 673	  70	   1	 402	   2	   1	  19	  28	   8	  50	  70	  30	 683	1593886	1594288	   0	 930	
 674	 674	  30	   4	 557	   3	   2	  19	  28	   9	  50	  70	  30	 440	1596035	1596592	   0	 930	
 675	 675	  50	   2	 453	   1	   1	  20	  28	   9	  50	  70	  30	 364	1598267	1598720	   0	 920	
 676	 676	  70	   3	 436	   2	   2	  20	  29	   9	  50	  70	  30	 666	1600700	1601136	   0	 920	
 677	 677	  30	   3	 568	   3	   2	  20	  29	  10	  50	  70	  30	 583	1603032	1603600	   0	 920	
 678	 678	  50	   1	 412	   1	   1	  21	  29	  10	  50	  70	  30	 442	1605348	1605760	   0	 930	
 679	 679	  70	   2	 439	   2	   1	  21	  30	  10	  50	  70	  30	 427	1607481	1607920	   0	 920	
 680	 680	  50	   1	 699	   1	   1	  22	  30	  10	  50	  70	  30	 567	1609797	1610496	   0	 930	
 681	 681	  30	   4	 579	   3	   2	  22	  30	  11	  50	  70	  30	 602	1612429	1613008	   0	 930	
 682	 682	  50	   1	 446	   1	   1	  23	  30	  11	  50	  70	  30	 677	1614978	1615424	   0	 940	
 683	 683	  30	   4	 502	   3	   2	  23	  30	  12	  50	  70	  30	 475	1617194	1617696	   0	 940	
 684	 684	  50	   2	 620	   1	   1	  24	  30	  12	  50	  70	  30	 470	1619476	1620096	   0	 930	
 685	 685	  70	   1	 358	   2	   1	  24	  31	  12	  50	  70	  30	 619	1622026	1622384	   0	 940	
 686	 686	  50	   2	 497	   1	   1	  25	  31	  12	  50	  70	  30	 501	1624191	1624688	   0	 930	
 687	 687	  70	   1	 657	   2	   1	  25	  32	  12	  50	  70	  30	 611	1626607	1627264	   0	 940	
 688	 688	  50	   2	 499	   1	   1	  26	  32	  12	  50	  70	  30	 404	1628973	1629472	   0	 930	
 689	 689	  30	   4	 553	   3	   2	  26	  32	  13	  50	  70	  30	 461	1631239	1631792	   0	 930	
 690	 690	  50	   2	 447	   1	   1	  27	  32	  13	  50	  70	  30	 391	1633488	1633935	   0	 920	
 691	 691	  30	   4	 582	   3	   2	  27	  32	  14	  50	  70	  30	 448	1635721	1636303	   0	 920	
 692	 692	  70	   1	 436	   2	   1	  27	  33	  14	  50	  70	  30	 586	1638203	1638639	   0	 930	
 693	 693	  30	   3	 578	   3	   2	  27	  33	  15	  50	  70	  30	 318	1640269	1640847	   0	 930	
 694	 694	  50	   1	 387	   1	   1	  28	  33	  15	  50	  70	  30	 511	1642652	1643039	   0	 940	
 695	 695	  70	   2	 410	   2	   1	  28	  34	  15	  50	  70	  30	 579	1644917	1645327	   0	 930	
 696	 696	  30	   4	 587	   3	   2	  28	  34	  16	  50	  70	  30	 664	1647300	1647887	   0	 930	
 697	 697	  50	   2	 410	   1	   1	  29	  34	  16	  50	  70	  30	 555	1649749	1650159	   0	 920	
 698	 698	  30	   4	 569	   3	   2	  29	  34	  17	  50	  70	  30	 335	1651798	1652367	   0	 920	
 699	 699	  50	   1	 667	   1	   1	  30	  34	  17	  50	  70	  30	 492	1654164	1654831	   0	 930	
 700	 700	  30	   4	 547	   3	   2	  30	  34	  18	  50	  70	  30	 642	1656780	1657327	   0	 930	
 701	 701	  70	   1	 443	   2	   1	  30	  35	  18	  50	  70	  30	 334	1658996	1659439	   0	 940	
 702	 702	  30	   3	 625	   3	   2	  30	  35	  19	  50	  70	  30	 528	1661262	1661887	   0	 940	
 703	 703	  50	   4	 452	   1	   2	  31	  35	  19	  50	  70	  30	 442	1663627	1664079	   0	 940	
 704	 704	  30	   3	 518	   3	   2	  31	  35	  20	  50	  70	  30	 603	1665993	1666511	   0	 940	
 705	 705	  50	   4	 444	   1	   2	  32	  35	  20	  50	  70	  30	 425	1668243	1668687	   0	 940	
 706	 706	  70	   1	 684	   2	   1	  32	   1	  20	  50	  70	  30	 688	1670675	1671359	   0	 950	
 707	 707	  50	   3	 446	   1	   2	  33	   1	  20	  50	  70	  30	 337	1673008	1673454	   0	 950	
 708	 708	  30	   3	 562	   3	   2	  33	   1	  21	  50	  70	  30	 566	1675340	1675902	   0	 950	
 709	 709	  50	   4	 601	   1	   2	   1	   1	  21	  50	  70	  30	 392	1677589	1678190	   0	 950	
