Version: 1	Number of symbols: 3	Pictures exchange: true	Response Deadline: 2000
Trial_No	Virt_Trial_No	Prob_Shown	Feedback	RT	Stimulus_No	Resp	SymbolA_Stage	SymbolB_Stage	SymbolC_Stage	Prob_A	Prob_B	Prob_C	Jitter	StimOnset	RespOnset	Symbol_Changes	Bonus_sum
   1	   1	  30	   2	 865	   1	   1	   1	   0	   0	  30	  70	  50	 605	1800	2665	   0	 -10	
   2	   2	  50	   2	 638	   3	   1	   1	   0	   1	  30	  70	  50	 676	4651	5289	   0	 -20	
   3	   3	  30	   2	 458	   1	   1	   2	   0	   1	  30	  70	  50	 548	7151	7609	   0	 -30	
   4	   4	  50	   3	 432	   3	   2	   2	   0	   2	  30	  70	  50	 462	9369	9801	   0	 -30	
   5	   5	  70	   1	 945	   2	   1	   2	   1	   2	  30	  70	  50	 624	11736	12681	   0	 -20	
   6	   6	  30	   4	 584	   1	   2	   3	   1	   2	  30	  70	  50	 372	14353	14937	   0	 -20	
   7	   7	  50	   2	 602	   3	   1	   3	   1	   3	  30	  70	  50	 420	16671	17273	   0	 -30	
   8	   8	  70	   1	 749	   2	   1	   3	   2	   3	  30	  70	  50	 387	18972	19721	   0	 -20	
   9	   9	  50	   2	 791	   3	   1	   3	   2	   4	  30	  70	  50	 491	21522	22313	   0	 -30	
  10	  10	  30	   3	 593	   1	   2	   4	   2	   4	  30	  70	  50	 439	24056	24649	   0	 -30	
  11	  11	  50	   1	 823	   3	   1	   4	   2	   5	  30	  70	  50	 320	26290	27113	   0	 -20	
  12	  12	  70	   1	1598	   2	   1	   4	   3	   5	  30	  70	  50	 454	28875	30473	   0	 -10	
  13	  13	  50	   2	 881	   3	   1	   4	   3	   6	  30	  70	  50	 602	32392	33273	   0	 -20	
  14	  14	  70	   2	 660	   2	   1	   4	   4	   6	  30	  70	  50	 504	35093	35753	   0	 -30	
  15	  15	  50	   1	1283	   3	   1	   4	   4	   7	  30	  70	  50	 445	37494	38777	   0	 -20	
  16	  16	  30	   3	 611	   1	   2	   5	   4	   7	  30	  70	  50	 591	40678	41289	   0	 -20	
  17	  17	  70	   2	 984	   2	   1	   5	   5	   7	  30	  70	  50	 344	42929	43913	   0	 -30	
  18	  18	  50	   1	 591	   3	   1	   5	   5	   8	  30	  70	  50	 326	45546	46137	   0	 -20	
  19	  19	  70	   1	 793	   2	   1	   5	   6	   8	  30	  70	  50	 631	48080	48873	   0	 -10	
  20	  20	  30	   4	1820	   1	   2	   6	   6	   8	  30	  70	  50	 599	50781	52601	   0	 -10	
  21	  21	  50	   2	 619	   3	   1	   6	   6	   9	  30	  70	  50	 442	54366	54985	   0	 -20	
  22	  22	  30	   4	 643	   1	   2	   7	   6	   9	  30	  70	  50	 653	56950	57593	   0	 -20	
  23	  23	  50	   3	 547	   3	   2	   7	   6	  10	  30	  70	  50	 449	59350	59897	   0	 -20	
  24	  24	  30	   4	 744	   1	   2	   8	   6	  10	  30	  70	  50	 408	61601	62345	   0	 -20	
  25	  25	  70	   1	 404	   2	   1	   8	   7	  10	  30	  70	  50	 431	64085	64489	   0	 -10	
  26	  26	  50	   1	 477	   3	   1	   8	   7	  11	  30	  70	  50	 447	66236	66713	   0	   0	
  27	  27	  30	   4	1025	   1	   2	   9	   7	  11	  30	  70	  50	 502	68520	69545	   0	   0	
  28	  28	  50	   2	 622	   3	   1	   9	   7	  12	  30	  70	  50	 542	71387	72009	   0	 -10	
  29	  29	  70	   1	 637	   2	   1	   9	   8	  12	  30	  70	  50	 479	73788	74425	   0	   0	
  30	  30	  50	   3	1102	   3	   2	   9	   8	  13	  30	  70	  50	 406	76139	77241	   0	   0	
  31	  31	  70	   1	 675	   2	   1	   9	   9	  13	  30	  70	  50	 637	79206	79881	   0	  10	
  32	  32	  50	   1	1566	   3	   1	   9	   9	  14	  30	  70	  50	 492	81674	83240	   0	  20	
  33	  33	  30	   3	 635	   1	   2	  10	   9	  14	  30	  70	  50	 368	84925	85560	   0	  20	
  34	  34	  70	   2	 577	   2	   1	  10	  10	  14	  30	  70	  50	 311	87175	87752	   0	  10	
  35	  35	  30	   4	1089	   1	   2	  11	  10	  14	  30	  70	  50	 483	89543	90632	   0	  10	
  36	  36	  70	   1	 537	   2	   1	  11	  11	  14	  30	  70	  50	 583	92527	93064	   0	  20	
  37	  37	  50	   2	 699	   3	   1	  11	  11	  15	  30	  70	  50	 485	94861	95560	   0	  10	
  38	  38	  30	   3	 958	   1	   2	  12	  11	  15	  30	  70	  50	 303	97178	98136	   0	  10	
  39	  39	  70	   2	 400	   2	   1	  12	  12	  15	  30	  70	  50	 463	99896	100296	   0	   0	
  40	  40	  30	   2	 788	   1	   1	  13	  12	  15	  30	  70	  50	 577	102180	102968	   0	 -10	
  41	  41	  50	   1	 580	   3	   1	  13	  12	  16	  30	  70	  50	 674	104964	105544	   0	   0	
  42	  42	  70	   1	 697	   2	   1	  13	  13	  16	  30	  70	  50	 387	107231	107928	   0	  10	
  43	  43	  30	   4	 777	   1	   2	  14	  13	  16	  30	  70	  50	 349	109599	110376	   0	  10	
  44	  44	  70	   1	 590	   2	   1	  14	  14	  16	  30	  70	  50	 579	112250	112840	   0	  20	
  45	  45	  50	   2	 588	   3	   1	  14	  14	  17	  30	  70	  50	 538	114684	115272	   0	  10	
  46	  46	  30	   2	 951	   1	   1	  15	  14	  17	  30	  70	  50	 626	117201	118152	   0	   0	
  47	  47	  70	   1	 722	   2	   1	  15	  15	  17	  30	  70	  50	 641	120102	120824	   0	  10	
NaN	  48	  30	NaN	NaN	   1	   3	  15	  15	  17	  30	  70	  50	 469	120102	NaN	   0	  10	
  48	  49	  70	   2	 562	   2	   1	  15	  16	  17	  30	  70	  50	 579	126454	127016	   0	   0	
  49	  50	  30	   3	 495	   1	   2	  16	  16	  17	  30	  70	  50	 591	128905	129400	   0	   0	
  50	  51	  70	   1	 459	   2	   1	  16	  17	  17	  30	  70	  50	 309	131005	131464	   0	  10	
  51	  52	  30	   4	 548	   1	   2	  17	  17	  17	  30	  70	  50	 371	133156	133704	   0	  10	
  52	  53	  70	   1	 515	   2	   1	  17	  18	  17	  30	  70	  50	 559	135573	136088	   0	  20	
  53	  54	  30	   4	 531	   1	   2	  18	  18	  17	  30	  70	  50	 556	137957	138488	   0	  20	
  54	  55	  70	   2	 771	   2	   1	  18	  19	  17	  30	  70	  50	 532	140341	141112	   0	  10	
  55	  56	  50	   2	 577	   3	   1	  18	  19	  18	  30	  70	  50	 335	142759	143336	   0	   0	
  56	  57	  30	   3	 483	   1	   2	  19	  19	  18	  30	  70	  50	 456	145093	145576	   0	   0	
  57	  58	  70	   1	 422	   2	   1	  19	  20	  18	  30	  70	  50	 517	147410	147832	   0	  10	
  58	  59	  50	   3	 632	   3	   2	  19	  20	  19	  30	  70	  50	 604	149744	150376	   0	  10	
  59	  60	  30	   4	 706	   1	   2	  20	  20	  19	  30	  70	  50	 584	152278	152984	   0	  10	
  60	  61	  50	   2	 590	   3	   1	  20	  20	  20	  30	  70	  50	 454	154746	155336	   0	   0	
  61	  62	  70	   1	 498	   2	   1	  20	  21	  20	  30	  70	  50	 392	157046	157544	   0	  10	
  62	  63	  50	   2	 706	   3	   1	  20	  21	  21	  30	  70	  50	 572	159430	160136	   0	   0	
  63	  64	  70	   2	 622	   2	   1	  20	  22	  21	  30	  70	  50	 470	161914	162536	   0	 -10	
  64	  65	  50	   1	 650	   3	   1	  20	  22	  22	  30	  70	  50	 528	164365	165015	   0	   0	
  65	  66	  30	   4	 487	   1	   2	  21	  22	  22	  30	  70	  50	 495	166816	167303	   0	   0	
  66	  67	  70	   1	 614	   2	   1	  21	  23	  22	  30	  70	  50	 599	169217	169831	   0	  10	
  67	  68	  30	   3	 717	   1	   2	  22	  23	  22	  30	  70	  50	 682	171834	172551	   0	  10	
  68	  69	  50	   2	 599	   3	   1	  22	  23	  23	  30	  70	  50	 490	174352	174951	   0	   0	
  69	  70	  70	   1	 480	   2	   1	  22	  24	  23	  30	  70	  50	 664	176919	177399	   0	  10	
  70	  71	  50	   4	 693	   3	   2	  22	  24	  24	  30	  70	  50	 469	179186	179879	   0	  10	
  71	  72	  70	   1	1024	   2	   1	  22	  25	  24	  30	  70	  50	 489	181687	182711	   0	  20	
  72	  73	  50	   3	 608	   3	   2	  22	  25	  25	  30	  70	  50	 449	184471	185079	   0	  20	
  73	  74	  70	   2	 635	   2	   1	  22	  26	  25	  30	  70	  50	 592	186972	187607	   0	  10	
  74	  75	  50	   2	 577	   3	   1	  22	  26	  26	  30	  70	  50	 681	189606	190183	   0	   0	
  75	  76	  70	   1	 701	   2	   1	  22	  27	  26	  30	  70	  50	 601	192090	192791	   0	  10	
  76	  77	  50	   1	 647	   3	   1	  22	  27	  27	  30	  70	  50	 509	194608	195255	   0	  20	
  77	  78	  70	   1	 731	   2	   1	  22	  28	  27	  30	  70	  50	 324	196892	197623	   0	  30	
  78	  79	  50	   3	 663	   3	   2	  22	  28	  28	  30	  70	  50	 443	199376	200039	   0	  30	
  79	  80	  30	   2	 396	   1	   1	  23	  28	  28	  30	  70	  50	 681	202027	202423	   0	  20	
  80	  81	  70	   2	 385	   2	   1	  23	  29	  28	  30	  70	  50	 577	204294	204679	   0	  10	
  81	  82	  30	   2	 678	   1	   1	  24	  29	  28	  30	  70	  50	 553	206561	207239	   0	   0	
  82	  83	  50	   2	 434	   3	   1	  24	  29	  29	  30	  70	  50	 504	209045	209479	   0	 -10	
  83	  84	  30	   4	 545	   1	   2	  25	  29	  29	  30	  70	  50	 649	211446	211991	   0	 -10	
  84	  85	  70	   1	 488	   2	   1	  25	  30	  29	  30	  70	  50	 369	213663	214151	   0	   0	
  85	  86	  50	   3	 470	   3	   2	  25	  30	  30	  30	  70	  50	 617	216081	216551	   0	   0	
  86	  87	  70	   1	 672	   2	   1	  25	  31	  30	  30	  70	  50	 376	218231	218903	   0	  10	
  87	  88	  30	   2	 929	   3	   1	  25	  31	   1	  30	  70	  30	 335	220582	221511	   3	   0	
  88	  89	  30	   3	 773	   1	   2	  26	  31	   1	  30	  70	  30	 460	223266	224039	   0	   0	
  89	  90	  70	   2	 421	   2	   1	  26	  32	   1	  30	  70	  30	 684	226034	226455	   0	 -10	
  90	  91	  30	   1	 541	   3	   1	  26	  32	   2	  30	  70	  30	 449	228218	228759	   0	   0	
  91	  92	  70	   3	 599	   2	   2	  26	  33	   2	  30	  70	  30	 679	230752	231351	   0	   0	
  92	  93	  30	   4	 548	   1	   2	  27	  33	   2	  30	  70	  30	 538	233203	233751	   0	   0	
  93	  94	  30	   2	 623	   3	   1	  27	  33	   3	  30	  70	  30	 661	235720	236343	   0	 -10	
  94	  95	  30	   4	 690	   1	   2	  28	  33	   3	  30	  70	  30	 387	238037	238727	   0	 -10	
  95	  96	  20	   2	 601	   2	   1	  28	   1	   3	  30	  20	  30	 597	240638	241239	   2	 -20	
  96	  97	  30	   3	 572	   1	   2	  29	   1	   3	  30	  20	  30	 388	242939	243511	   0	 -20	
  97	  98	  30	   2	 844	   3	   1	  29	   1	   4	  30	  20	  30	 500	245323	246167	   0	 -30	
  98	  99	  30	   4	 588	   1	   2	  30	   1	   4	  30	  20	  30	 603	248074	248662	   0	 -30	
  99	 100	  30	   2	 573	   3	   1	  30	   1	   5	  30	  20	  30	 469	250441	251014	   0	 -40	
 100	 101	  20	   2	 768	   2	   1	  30	   2	   5	  30	  20	  30	 425	252742	253510	   0	 -50	
 101	 102	  30	   4	 888	   1	   2	  31	   2	   5	  30	  20	  30	 488	255326	256214	   0	 -50	
 102	 103	  20	   3	 558	   2	   2	  31	   3	   5	  30	  20	  30	 439	257960	258518	   0	 -50	
 103	 104	  30	   3	 423	   3	   2	  31	   3	   6	  30	  20	  30	 696	260511	260934	   0	 -50	
 104	 105	  20	   4	 572	   2	   2	  31	   4	   6	  30	  20	  30	 533	262778	263350	   0	 -50	
 105	 106	  30	   2	 802	   3	   1	  31	   4	   7	  30	  20	  30	 353	265012	265814	   0	 -60	
 106	 107	  20	   2	 544	   2	   1	  31	   5	   7	  30	  20	  30	 311	267430	267974	   0	 -70	
 107	 108	  30	   4	 468	   3	   2	  31	   5	   8	  30	  20	  30	 464	269730	270198	   0	 -70	
 108	 109	  20	   3	 671	   2	   2	  31	   6	   8	  30	  20	  30	 330	271831	272502	   0	 -70	
 109	 110	  30	   3	 840	   1	   2	  32	   6	   8	  30	  20	  30	 570	274382	275222	   0	 -70	
 110	 111	  30	   2	 574	   3	   1	  32	   6	   9	  30	  20	  30	 485	277016	277590	   0	 -80	
 111	 112	  20	   2	 580	   2	   1	  32	   7	   9	  30	  20	  30	 344	279250	279830	   0	 -90	
 112	 113	  30	   1	 722	   3	   1	  32	   7	  10	  30	  20	  30	 531	281684	282406	   0	 -80	
 113	 114	  30	   4	 778	   1	   2	  33	   7	  10	  30	  20	  30	 553	284268	285046	   0	 -80	
 114	 115	  30	   1	 659	   3	   1	  33	   7	  11	  30	  20	  30	 472	286819	287478	   0	 -70	
 115	 116	  30	   4	 685	   1	   2	  34	   7	  11	  30	  20	  30	 581	289369	290054	   0	 -70	
 116	 117	  30	   4	 591	   3	   2	  34	   7	  12	  30	  20	  30	 320	291687	292278	   0	 -70	
 117	 118	  30	   2	 549	   1	   1	  35	   7	  12	  30	  20	  30	 333	293921	294470	   0	 -80	
 118	 119	  30	   2	 551	   3	   1	  35	   7	  13	  30	  20	  30	 477	296255	296806	   0	 -90	
 119	 120	  20	   2	 691	   2	   1	  35	   8	  13	  30	  20	  30	 630	298739	299430	   0	-100	
 120	 121	  80	   1	 805	   1	   1	   1	   8	  13	  80	  20	  30	 328	301073	301878	   1	 -90	
 121	 122	  30	   2	1380	   3	   1	   1	   8	  14	  80	  20	  30	 680	303874	305254	   0	-100	
 122	 123	  80	   1	 975	   1	   1	   2	   8	  14	  80	  20	  30	 635	307191	308166	   0	 -90	
 123	 124	  30	   3	 680	   3	   2	   2	   8	  15	  80	  20	  30	 679	310142	310822	   0	 -90	
 124	 125	  80	   2	 774	   1	   1	   3	   8	  15	  80	  20	  30	 452	312576	313350	   0	-100	
 125	 126	  30	   2	 500	   3	   1	   3	   8	  16	  80	  20	  30	 351	315010	315510	   0	-110	
 126	 127	  80	   1	 675	   1	   1	   4	   8	  16	  80	  20	  30	 572	317395	318070	   0	-100	
 127	 128	  30	   2	 617	   3	   1	   4	   8	  17	  80	  20	  30	 678	320045	320662	   0	-110	
 128	 129	  20	   2	 490	   2	   1	   4	   9	  17	  80	  20	  30	 427	322396	322886	   0	-120	
 129	 130	  80	   1	 575	   1	   1	   5	   9	  17	  80	  20	  30	 473	324663	325238	   0	-110	
 130	 131	  30	   4	 553	   3	   2	   5	   9	  18	  80	  20	  30	 655	327197	327750	   0	-110	
 131	 132	  80	   2	 537	   1	   1	   6	   9	  18	  80	  20	  30	 469	329548	330085	   0	-120	
 132	 133	  30	   3	 742	   3	   2	   6	   9	  19	  80	  20	  30	 608	331999	332741	   0	-120	
 133	 134	  80	   1	 587	   1	   1	   7	   9	  19	  80	  20	  30	 613	334650	335237	   0	-110	
 134	 135	  20	   4	 873	   2	   2	   7	  10	  19	  80	  20	  30	 538	337084	337957	   0	-110	
 135	 136	  80	   3	1004	   1	   2	   8	  10	  19	  80	  20	  30	 518	339785	340789	   0	-110	
 136	 137	  20	   1	 461	   2	   1	   8	  11	  19	  80	  20	  30	 456	342552	343013	   0	-100	
 137	 138	  80	   1	 644	   1	   1	   9	  11	  19	  80	  20	  30	 464	344769	345413	   0	 -90	
 138	 139	  20	   2	 745	   2	   1	   9	  12	  19	  80	  20	  30	 692	347404	348149	   0	-100	
 139	 140	  30	   4	 603	   3	   2	   9	  12	  20	  80	  20	  30	 310	349754	350357	   0	-100	
 140	 141	  80	   1	 715	   1	   1	  10	  12	  20	  80	  20	  30	 479	352138	352853	   0	 -90	
 141	 142	  30	   1	 525	   3	   1	  10	  12	  21	  80	  20	  30	 680	354856	355381	   0	 -80	
 142	 143	  20	   2	 490	   2	   1	  10	  13	  21	  80	  20	  30	 619	357307	357797	   0	 -90	
 143	 144	  80	   2	 756	   1	   1	  11	  13	  21	  80	  20	  30	 351	359457	360213	   0	-100	
 144	 145	  30	   2	 542	   3	   1	  11	  13	  22	  80	  20	  30	 452	361975	362517	   0	-110	
 145	 146	  20	   2	 409	   2	   1	  11	  14	  22	  80	  20	  30	 669	364492	364901	   0	-120	
 146	 147	  30	   2	 484	   3	   1	  11	  14	  23	  80	  20	  30	 382	366593	367077	   0	-130	
 147	 148	  20	   2	 428	   2	   1	  11	  15	  23	  80	  20	  30	 390	368777	369205	   0	-140	
 148	 149	  80	   1	 638	   1	   1	  12	  15	  23	  80	  20	  30	 607	371111	371749	   0	-130	
 149	 150	  20	   2	 569	   2	   1	  12	  16	  23	  80	  20	  30	 566	373628	374197	   0	-140	
 150	 151	  80	   1	 904	   1	   1	  13	  16	  23	  80	  20	  30	 522	376029	376933	   0	-130	
 151	 152	  20	   2	 975	   2	   1	  13	  17	  23	  80	  20	  30	 377	378630	379605	   0	-140	
 152	 153	  30	   4	 560	   3	   2	  13	  17	  24	  80	  20	  30	 497	381397	381957	   0	-140	
 153	 154	  20	   1	 559	   2	   1	  13	  18	  24	  80	  20	  30	 531	383798	384357	   0	-130	
 154	 155	  80	   1	 640	   1	   1	  14	  18	  24	  80	  20	  30	 506	386165	386805	   0	-120	
 155	 156	  30	   2	 783	   3	   1	  14	  18	  25	  80	  20	  30	 461	388566	389349	   0	-130	
 156	 157	  80	   3	 742	   1	   2	  15	  18	  25	  80	  20	  30	 501	391167	391909	   0	-130	
 157	 158	  20	   2	 512	   2	   1	  15	  19	  25	  80	  20	  30	 496	393701	394213	   0	-140	
 158	 159	  30	   2	 539	   3	   1	  15	  19	  26	  80	  20	  30	 303	395818	396357	   0	-150	
 159	 160	  80	   1	 747	   1	   1	  16	  19	  26	  80	  20	  30	 534	398202	398949	   0	-140	
 160	 161	  20	   2	 715	   2	   1	  16	  20	  26	  80	  20	  30	 335	400586	401301	   0	-150	
 161	 162	  30	   1	 604	   3	   1	  16	  20	  27	  80	  20	  30	 312	402937	403541	   0	-140	
 162	 163	  80	   1	 704	   1	   1	  17	  20	  27	  80	  20	  30	 367	405221	405925	   0	-130	
 163	 164	  30	   2	 725	   3	   1	  17	  20	  28	  80	  20	  30	 656	407888	408613	   0	-140	
 164	 165	  20	   2	 668	   2	   1	  17	  21	  28	  80	  20	  30	 539	410456	411124	   0	-150	
 165	 166	  30	   2	 587	   3	   1	  17	  21	  29	  80	  20	  30	 443	412873	413460	   0	-160	
 166	 167	  80	   2	 502	   1	   1	  18	  21	  29	  80	  20	  30	 598	415374	415876	   0	-170	
 167	 168	  30	   1	 595	   3	   1	  18	  21	  30	  80	  20	  30	 643	417825	418420	   0	-160	
 168	 169	  20	   2	 557	   2	   1	  18	  22	  30	  80	  20	  30	 653	420375	420932	   0	-170	
 169	 170	  30	   4	 511	   3	   2	  18	  22	  31	  80	  20	  30	 464	422693	423204	   0	-170	
 170	 171	  80	   1	 402	   1	   1	  19	  22	  31	  80	  20	  30	 508	425010	425412	   0	-160	
 171	 172	  30	   2	 577	   3	   1	  19	  22	  32	  80	  20	  30	 672	427411	427988	   0	-170	
 172	 173	  20	   1	 606	   2	   1	  19	  23	  32	  80	  20	  30	 575	429862	430468	   0	-160	
 173	 174	  80	   3	 624	   1	   2	  20	  23	  32	  80	  20	  30	 419	432196	432820	   0	-160	
 174	 175	  30	   2	 530	   3	   1	  20	  23	  33	  80	  20	  30	 428	434546	435076	   0	-170	
 175	 176	  80	   1	 572	   1	   1	  21	  23	  33	  80	  20	  30	 686	437064	437636	   0	-160	
 176	 177	  30	   1	 496	   3	   1	  21	  23	  34	  80	  20	  30	 414	439348	439844	   0	-150	
 177	 178	  80	   1	 655	   1	   1	  22	  23	  34	  80	  20	  30	 617	441765	442420	   0	-140	
 178	 179	  30	   2	 602	   3	   1	  22	  23	  35	  80	  20	  30	 546	444266	444868	   0	-150	
 179	 180	  20	   2	 907	   2	   1	  22	  24	  35	  80	  20	  30	 460	446633	447540	   0	-160	
 180	 181	  70	   1	 563	   3	   1	  22	  24	   1	  80	  20	  70	 349	449217	449780	   3	-150	
 181	 182	  20	   1	 597	   2	   1	  22	  25	   1	  80	  20	  70	 448	451551	452148	   0	-140	
 182	 183	  80	   2	 483	   1	   1	  23	  25	   1	  80	  20	  70	 526	453969	454452	   0	-150	
 183	 184	  70	   2	 468	   3	   1	  23	  25	   2	  80	  20	  70	 553	456320	456788	   0	-160	
 184	 185	  20	   2	 532	   2	   1	  23	  26	   2	  80	  20	  70	 617	458720	459252	   0	-170	
 185	 186	  70	   1	 620	   3	   1	  23	  26	   3	  80	  20	  70	 347	460904	461524	   0	-160	
 186	 187	  20	   2	 493	   2	   1	  23	  27	   3	  80	  20	  70	 418	463255	463748	   0	-170	
 187	 188	  70	   2	 711	   3	   1	  23	  27	   4	  80	  20	  70	 338	465389	466100	   0	-180	
 188	 189	  20	   2	 654	   2	   1	  23	  28	   4	  80	  20	  70	 595	467990	468644	   0	-190	
 189	 190	  80	   1	 630	   1	   1	  24	  28	   4	  80	  20	  70	 624	470574	471204	   0	-180	
 190	 191	  70	   1	 627	   3	   1	  24	  28	   5	  80	  20	  70	 545	473041	473668	   0	-170	
 191	 192	  80	   2	 577	   1	   1	  25	  28	   5	  80	  20	  70	 493	475475	476052	   0	-180	
 192	 193	  20	   2	 459	   2	   1	  25	  29	   5	  80	  20	  70	 659	478009	478468	   0	-190	
 193	 194	  70	   1	 408	   3	   1	  25	  29	   6	  80	  20	  70	 694	480460	480868	   0	-180	
 194	 195	  20	   2	 586	   2	   1	  25	  30	   6	  80	  20	  70	 602	482778	483364	   0	-190	
 195	 196	  70	   1	 628	   3	   1	  25	  30	   7	  80	  20	  70	 633	485312	485940	   0	-180	
 196	 197	  80	   1	 491	   1	   1	  26	  30	   7	  80	  20	  70	 683	487929	488420	   0	-170	
 197	 198	  50	   1	 320	   2	   1	  26	   1	   7	  80	  50	  70	 410	490163	490483	   2	-160	
 198	 199	  70	   2	 442	   3	   1	  26	   1	   8	  80	  50	  70	 516	492314	492756	   0	-170	
 199	 200	  50	   2	 389	   2	   1	  26	   2	   8	  80	  50	  70	 345	494398	494787	   0	-180	
 200	 201	  80	   1	 332	   1	   1	  27	   2	   8	  80	  50	  70	 521	496615	496947	   0	-170	
 201	 202	  70	   1	 371	   3	   1	  27	   2	   9	  80	  50	  70	 543	498816	499187	   0	-160	
 202	 203	  50	   1	 448	   2	   1	  27	   3	   9	  80	  50	  70	 386	500883	501331	   0	-150	
 203	 204	  70	   1	 396	   3	   1	  27	   3	  10	  80	  50	  70	 319	502967	503363	   0	-140	
 204	 205	  50	   2	 480	   2	   1	  27	   4	  10	  80	  50	  70	 591	505251	505731	   0	-150	
 205	 206	  70	   2	 403	   3	   1	  27	   4	  11	  80	  50	  70	 498	507552	507955	   0	-160	
 206	 207	  50	   2	 397	   2	   1	  27	   5	  11	  80	  50	  70	 416	509686	510083	   0	-170	
 207	 208	  80	   1	 716	   1	   1	  28	   5	  11	  80	  50	  70	 311	511703	512419	   0	-160	
 208	 209	  50	   1	 501	   2	   1	  28	   6	  11	  80	  50	  70	 547	514270	514771	   0	-150	
 209	 210	  80	   1	 479	   1	   1	  29	   6	  11	  80	  50	  70	 325	516404	516883	   0	-140	
 210	 211	  70	   2	 450	   3	   1	  29	   6	  12	  80	  50	  70	 526	518705	519155	   0	-150	
 211	 212	  50	   1	 401	   2	   1	  29	   7	  12	  80	  50	  70	 627	521106	521507	   0	-140	
 212	 213	  80	   1	 433	   1	   1	  30	   7	  12	  80	  50	  70	 693	523506	523939	   0	-130	
 213	 214	  70	   1	 541	   3	   1	  30	   7	  13	  80	  50	  70	 325	525574	526115	   0	-120	
 214	 215	  80	   1	 385	   1	   1	  31	   7	  13	  80	  50	  70	 454	527874	528259	   0	-110	
 215	 216	  70	   1	 595	   3	   1	  31	   7	  14	  80	  50	  70	 635	530208	530803	   0	-100	
 216	 217	  50	   2	 581	   2	   1	  31	   8	  14	  80	  50	  70	 433	532542	533123	   0	-110	
 217	 218	  80	   1	 307	   1	   1	  32	   8	  14	  80	  50	  70	 521	534960	535267	   0	-100	
 218	 219	  50	   2	 389	   2	   1	  32	   9	  14	  80	  50	  70	 326	536894	537283	   0	-110	
 219	 220	  80	   1	 356	   1	   1	  33	   9	  14	  80	  50	  70	 329	538911	539267	   0	-100	
 220	 221	  70	   1	 707	   3	   1	  33	   9	  15	  80	  50	  70	 356	540928	541635	   0	 -90	
 221	 222	  50	   3	 453	   2	   2	  33	  10	  15	  80	  50	  70	 690	543646	544099	   0	 -90	
 222	 223	  70	   1	 433	   3	   1	  33	  10	  16	  80	  50	  70	 316	545730	546163	   0	 -80	
 223	 224	  20	   4	 764	   1	   2	   1	  10	  16	  20	  50	  70	 357	547847	548611	   1	 -80	
 224	 225	  50	   2	 491	   2	   1	   1	  11	  16	  20	  50	  70	 319	550248	550739	   0	 -90	
 225	 226	  70	   2	 363	   3	   1	   1	  11	  17	  20	  50	  70	 592	552632	552995	   0	-100	
 226	 227	  20	   4	 595	   1	   2	   2	  11	  17	  20	  50	  70	 522	554816	555411	   0	-100	
 227	 228	  70	   3	 764	   3	   2	   2	  11	  18	  20	  50	  70	 651	557367	558131	   0	-100	
 228	 229	  20	   4	 274	   1	   2	   3	  11	  18	  20	  50	  70	 577	560017	560291	   0	-100	
 229	 230	  50	   1	 440	   2	   1	   3	  12	  18	  20	  50	  70	 652	562251	562691	   0	 -90	
 230	 231	  70	   1	 556	   3	   1	   3	  12	  19	  20	  50	  70	 526	564519	565075	   0	 -80	
 231	 232	  50	   4	 779	   2	   2	   3	  13	  19	  20	  50	  70	 541	566936	567715	   0	 -80	
 232	 233	  70	   1	 595	   3	   1	   3	  13	  20	  20	  50	  70	 490	569504	570099	   0	 -70	
 233	 234	  20	   3	 557	   1	   2	   4	  13	  20	  20	  50	  70	 634	572038	572595	   0	 -70	
 234	 235	  70	   2	 566	   3	   1	   4	  13	  21	  20	  50	  70	 300	574205	574771	   0	 -80	
 235	 236	  20	   2	1033	   1	   1	   5	  13	  21	  20	  50	  70	 435	576522	577555	   0	 -90	
 236	 237	  50	   2	 658	   2	   1	   5	  14	  21	  20	  50	  70	 576	579440	580098	   0	-100	
 237	 238	  70	   1	 546	   3	   1	   5	  14	  22	  20	  50	  70	 421	581824	582370	   0	 -90	
 238	 239	  50	   1	 643	   2	   1	   5	  15	  22	  20	  50	  70	 497	584175	584818	   0	 -80	
 239	 240	  70	   1	 687	   3	   1	   5	  15	  23	  20	  50	  70	 540	586659	587346	   0	 -70	
 240	 241	  50	   1	 683	   2	   1	   5	  16	  23	  20	  50	  70	 510	589159	589842	   0	 -60	
 241	 242	  20	   4	 545	   1	   2	   6	  16	  23	  20	  50	  70	 598	591777	592322	   0	 -60	
 242	 243	  50	   2	 507	   2	   1	   6	  17	  23	  20	  50	  70	 692	594311	594818	   0	 -70	
 243	 244	  20	   1	 540	   1	   1	   7	  17	  23	  20	  50	  70	 561	596678	597218	   0	 -60	
 244	 245	  70	   1	 565	   3	   1	   7	  17	  24	  20	  50	  70	 313	598829	599394	   0	 -50	
 245	 246	  50	   1	 745	   2	   1	   7	  18	  24	  20	  50	  70	 409	601113	601858	   0	 -40	
 246	 247	  20	   4	 576	   1	   2	   8	  18	  24	  20	  50	  70	 554	603714	604290	   0	 -40	
 247	 248	  50	   2	 721	   2	   1	   8	  19	  24	  20	  50	  70	 477	606065	606786	   0	 -50	
 248	 249	  70	   1	 532	   3	   1	   8	  19	  25	  20	  50	  70	 691	608782	609314	   0	 -40	
 249	 250	  20	   4	 779	   1	   2	   9	  19	  25	  20	  50	  70	 350	610983	611762	   0	 -40	
 250	 251	  70	   2	 470	   3	   1	   9	  19	  26	  20	  50	  70	 432	613500	613970	   0	 -50	
 251	 252	  50	   1	 486	   2	   1	   9	  20	  26	  20	  50	  70	 574	615868	616354	   0	 -40	
 252	 253	  20	   4	 709	   1	   2	  10	  20	  26	  20	  50	  70	 619	618285	618994	   0	 -40	
 253	 254	  70	   1	 604	   3	   1	  10	  20	  27	  20	  50	  70	 607	620902	621506	   0	 -30	
 254	 255	  50	   1	 648	   2	   1	  10	  21	  27	  20	  50	  70	 568	623386	624034	   0	 -20	
 255	 256	  70	   1	 644	   3	   1	  10	  21	  28	  20	  50	  70	 512	625854	626498	   0	 -10	
 256	 257	  50	   2	 669	   2	   1	  10	  22	  28	  20	  50	  70	 602	628405	629074	   0	 -20	
 257	 258	  70	   2	 521	   3	   1	  10	  22	  29	  20	  50	  70	 520	630905	631426	   0	 -30	
 258	 259	  50	   2	 456	   2	   1	  10	  23	  29	  20	  50	  70	 580	633306	633762	   0	 -40	
 259	 260	  70	   1	 600	   3	   1	  10	  23	  30	  20	  50	  70	 619	635690	636290	   0	 -30	
 260	 261	  20	   4	 585	   1	   2	  11	  23	  30	  20	  50	  70	 455	638057	638642	   0	 -30	
 261	 262	  50	   2	 690	   3	   1	  11	  23	   1	  20	  50	  50	 630	640608	641298	   3	 -40	
 262	 263	  50	   2	 475	   2	   1	  11	  24	   1	  20	  50	  50	 552	643159	643634	   0	 -50	
 263	 264	  20	   2	 909	   1	   1	  12	  24	   1	  20	  50	  50	 563	645493	646402	   0	 -60	
 264	 265	  50	   2	 779	   3	   1	  12	  24	   2	  20	  50	  50	 615	648327	649106	   0	 -70	
 265	 266	  50	   1	 716	   2	   1	  12	  25	   2	  20	  50	  50	 672	651078	651794	   0	 -60	
 266	 267	  50	   3	 980	   3	   2	  12	  25	   3	  20	  50	  50	 533	653646	654626	   0	 -60	
 267	 268	  50	   1	 560	   2	   1	  12	  26	   3	  20	  50	  50	 611	656530	657090	   0	 -50	
 268	 269	  20	   4	 776	   1	   2	  13	  26	   3	  20	  50	  50	 340	658730	659506	   0	 -50	
 269	 270	  50	   2	 572	   2	   1	  13	  27	   3	  20	  50	  50	 591	661398	661970	   0	 -60	
 270	 271	  50	   4	 986	   3	   2	  13	  27	   4	  20	  50	  50	 525	663799	664785	   0	 -60	
 271	 272	  50	   1	 504	   2	   1	  13	  28	   4	  20	  50	  50	 521	666633	667137	   0	 -50	
 272	 273	  50	   3	 682	   3	   2	  13	  28	   5	  20	  50	  50	 533	668983	669665	   0	 -50	
 273	 274	  50	   2	 569	   2	   1	  13	  29	   5	  20	  50	  50	 408	671384	671953	   0	 -60	
 274	 275	  20	   1	 478	   1	   1	  14	  29	   5	  20	  50	  50	 365	673635	674113	   0	 -50	
 275	 276	  50	   1	 857	   3	   1	  14	  29	   6	  20	  50	  50	 339	675752	676609	   0	 -40	
 276	 277	  50	   1	 448	   2	   1	  14	  30	   6	  20	  50	  50	 444	678353	678801	   0	 -30	
 277	 278	  20	   4	 638	   1	   2	  15	  30	   6	  20	  50	  50	 675	680787	681425	   0	 -30	
 278	 279	  50	   2	 535	   3	   1	  15	  30	   7	  20	  50	  50	 621	683354	683889	   0	 -40	
 279	 280	  20	   1	 605	   1	   1	  16	  30	   7	  20	  50	  50	 396	685588	686193	   0	 -30	
 280	 281	  50	   2	 688	   3	   1	  16	  30	   8	  20	  50	  50	 384	687889	688577	   0	 -40	
 281	 282	  20	   4	 572	   1	   2	  17	  30	   8	  20	  50	  50	 473	690373	690945	   0	 -40	
 282	 283	  50	   1	 517	   3	   1	  17	  30	   9	  20	  50	  50	 669	692924	693441	   0	 -30	
 283	 284	  50	   1	 622	   2	   1	  17	  31	   9	  20	  50	  50	 322	695075	695697	   0	 -20	
 284	 285	  20	   2	 650	   1	   1	  18	  31	   9	  20	  50	  50	 573	697575	698225	   0	 -30	
 285	 286	  50	   2	 700	   2	   1	  18	  32	   9	  20	  50	  50	 353	699893	700593	   0	 -40	
 286	 287	  20	   4	 686	   1	   2	  19	  32	   9	  20	  50	  50	 330	702227	702913	   0	 -40	
 287	 288	  50	   1	 471	   3	   1	  19	  32	  10	  20	  50	  50	 555	704778	705249	   0	 -30	
 288	 289	  20	   2	 664	   1	   1	  20	  32	  10	  20	  50	  50	 588	707145	707809	   0	 -40	
 289	 290	  50	   1	 615	   3	   1	  20	  32	  11	  20	  50	  50	 415	709546	710161	   0	 -30	
 290	 291	  50	   1	 593	   2	   1	  20	  33	  11	  20	  50	  50	 615	712096	712689	   0	 -20	
 291	 292	  50	   1	 650	   3	   1	  20	  33	  12	  20	  50	  50	 643	714647	715297	   0	 -10	
 292	 293	  20	   2	 674	   2	   1	  20	   1	  12	  20	  20	  50	 582	717215	717889	   2	 -20	
 293	 294	  50	   2	 529	   3	   1	  20	   1	  13	  20	  20	  50	 434	719632	720161	   0	 -30	
 294	 295	  20	   2	 891	   1	   1	  21	   1	  13	  20	  20	  50	 311	721766	722657	   0	 -40	
 295	 296	  20	   2	 455	   2	   1	  21	   2	  13	  20	  20	  50	 683	724650	725105	   0	 -50	
 296	 297	  20	   1	 496	   1	   1	  22	   2	  13	  20	  20	  50	 393	726801	727297	   0	 -40	
 297	 298	  20	   2	 488	   2	   1	  22	   3	  13	  20	  20	  50	 389	728985	729473	   0	 -50	
 298	 299	  20	   2	 591	   1	   1	  23	   3	  13	  20	  20	  50	 428	731202	731793	   0	 -60	
 299	 300	  20	   2	 941	   2	   1	  23	   4	  13	  20	  20	  50	 541	733636	734577	   0	 -70	
 300	 301	  50	   1	 657	   3	   1	  23	   4	  14	  20	  20	  50	 425	736304	736961	   0	 -60	
 301	 302	  20	   3	 487	   2	   2	  23	   5	  14	  20	  20	  50	 673	738954	739441	   0	 -60	
 302	 303	  50	   1	 587	   3	   1	  23	   5	  15	  20	  20	  50	 492	741238	741825	   0	 -50	
 303	 304	  20	   4	 508	   2	   2	  23	   6	  15	  20	  20	  50	 420	743556	744064	   0	 -50	
 304	 305	  20	   4	1162	   1	   2	  24	   6	  15	  20	  20	  50	 623	745990	747152	   0	 -50	
 305	 306	  50	   2	 381	   3	   1	  24	   6	  16	  20	  20	  50	 633	749091	749472	   0	 -60	
 306	 307	  20	   4	 626	   1	   2	  25	   6	  16	  20	  20	  50	 556	751342	751968	   0	 -60	
 307	 308	  50	   2	 590	   3	   1	  25	   6	  17	  20	  20	  50	 562	753826	754416	   0	 -70	
 308	 309	  20	   4	 743	   1	   2	  26	   6	  17	  20	  20	  50	 678	756393	757136	   0	 -70	
 309	 310	  50	   1	 564	   3	   1	  26	   6	  18	  20	  20	  50	 426	758860	759424	   0	 -60	
 310	 311	  20	   4	 594	   1	   2	  27	   6	  18	  20	  20	  50	 538	761278	761872	   0	 -60	
 311	 312	  50	   2	 557	   3	   1	  27	   6	  19	  20	  20	  50	 604	763795	764352	   0	 -70	
 312	 313	  20	   2	1208	   2	   1	  27	   7	  19	  20	  20	  50	 637	766296	767504	   0	 -80	
 313	 314	  50	   2	 764	   3	   1	  27	   7	  20	  20	  20	  50	 559	769364	770128	   0	 -90	
 314	 315	  20	   4	 833	   2	   2	  27	   8	  20	  20	  20	  50	 597	772031	772864	   0	 -90	
 315	 316	  20	   1	 759	   1	   1	  28	   8	  20	  20	  20	  50	 470	774649	775408	   0	 -80	
 316	 317	  20	   1	 730	   2	   1	  28	   9	  20	  20	  20	  50	 657	777366	778096	   0	 -70	
 317	 318	  50	   4	 451	   3	   2	  28	   9	  21	  20	  20	  50	 543	779933	780384	   0	 -70	
 318	 319	  20	   4	 740	   2	   2	  28	  10	  21	  20	  20	  50	 591	782284	783024	   0	 -70	
 319	 320	  20	   2	 891	   1	   1	  29	  10	  21	  20	  20	  50	 557	784885	785776	   0	 -80	
 320	 321	  50	   1	 562	   3	   1	  29	  10	  22	  20	  20	  50	 423	787502	788064	   0	 -70	
 321	 322	  20	   4	 636	   1	   2	  30	  10	  22	  20	  20	  50	 653	790036	790672	   0	 -70	
 322	 323	  50	   2	 631	   3	   1	  30	  10	  23	  20	  20	  50	 562	792537	793168	   0	 -80	
 323	 324	  20	   4	 589	   1	   2	  31	  10	  23	  20	  20	  50	 683	795171	795760	   0	 -80	
 324	 325	  20	   4	1033	   2	   2	  31	  11	  23	  20	  20	  50	 570	797639	798672	   0	 -80	
 325	 326	  20	   4	 550	   1	   2	  32	  11	  23	  20	  20	  50	 513	800490	801040	   0	 -80	
 326	 327	  50	   1	 586	   3	   1	  32	  11	  24	  20	  20	  50	 444	802790	803376	   0	 -70	
 327	 328	  20	   4	 522	   2	   2	  32	  12	  24	  20	  20	  50	 468	805158	805680	   0	 -70	
 328	 329	  50	   1	 586	   3	   1	  32	  12	  25	  20	  20	  50	 568	807558	808144	   0	 -60	
 329	 330	  20	   4	 565	   2	   2	  32	  13	  25	  20	  20	  50	 608	810059	810624	   0	 -60	
 330	 331	  20	   3	 631	   1	   2	  33	  13	  25	  20	  20	  50	 436	812377	813008	   0	 -60	
 331	 332	  20	   4	 821	   2	   2	  33	  14	  25	  20	  20	  50	 494	814827	815648	   0	 -60	
 332	 333	  50	   2	 671	   3	   1	  33	  14	  26	  20	  20	  50	 408	817361	818032	   0	 -70	
 333	 334	  20	   4	 613	   1	   2	  34	  14	  26	  20	  20	  50	 637	819979	820592	   0	 -70	
 334	 335	  20	   4	 847	   2	   2	  34	  15	  26	  20	  20	  50	 625	822513	823360	   0	 -70	
 335	 336	  50	   1	 599	   3	   1	  34	  15	  27	  20	  20	  50	 405	825064	825663	   0	 -60	
 336	 337	  20	   4	 627	   1	   2	  35	  15	  27	  20	  20	  50	 614	827581	828208	   0	 -60	
 337	 338	  20	   4	 611	   2	   2	  35	  16	  27	  20	  20	  50	 446	829948	830559	   0	 -60	
 338	 339	  80	   1	1049	   1	   1	   1	  16	  27	  80	  20	  50	 672	832566	833615	   1	 -50	
 339	 340	  20	   4	 502	   2	   2	   1	  17	  27	  80	  20	  50	 489	835417	835919	   0	 -50	
 340	 341	  80	   1	 602	   1	   1	   2	  17	  27	  80	  20	  50	 484	837717	838319	   0	 -40	
 341	 342	  50	   1	 904	   3	   1	   2	  17	  28	  80	  20	  50	 489	840135	841039	   0	 -30	
 342	 343	  80	   1	 803	   1	   1	   3	  17	  28	  80	  20	  50	 303	842652	843455	   0	 -20	
 343	 344	  20	   3	 561	   2	   2	   3	  18	  28	  80	  20	  50	 303	845070	845631	   0	 -20	
 344	 345	  50	   2	 539	   3	   1	   3	  18	  29	  80	  20	  50	 666	847604	848143	   0	 -30	
 345	 346	  20	   3	 543	   2	   2	   3	  19	  29	  80	  20	  50	 446	849888	850431	   0	 -30	
 346	 347	  80	   1	 484	   1	   1	   4	  19	  29	  80	  20	  50	 422	852155	852639	   0	 -20	
 347	 348	  20	   4	 860	   2	   2	   4	  20	  29	  80	  20	  50	 388	854339	855199	   0	 -20	
 348	 349	  50	   2	 470	   3	   1	   4	  20	  30	  80	  20	  50	 372	856873	857343	   0	 -30	
 349	 350	  80	   2	 560	   1	   1	   5	  20	  30	  80	  20	  50	 356	859007	859567	   0	 -40	
 350	 351	  50	   2	 538	   3	   1	   5	  20	  31	  80	  20	  50	 654	861525	862063	   0	 -50	
 351	 352	  80	   1	 804	   1	   1	   6	  20	  31	  80	  20	  50	 674	864059	864863	   0	 -40	
 352	 353	  50	   2	 636	   3	   1	   6	  20	  32	  80	  20	  50	 472	866643	867279	   0	 -50	
 353	 354	  80	   1	 643	   1	   1	   7	  20	  32	  80	  20	  50	 678	869260	869903	   0	 -40	
 354	 355	  20	   1	 691	   2	   1	   7	  21	  32	  80	  20	  50	 428	871628	872319	   0	 -30	
 355	 356	  80	   1	 562	   1	   1	   8	  21	  32	  80	  20	  50	 426	874045	874607	   0	 -20	
 356	 357	  50	   1	 569	   3	   1	   8	  21	  33	  80	  20	  50	 334	876246	876815	   0	 -10	
 357	 358	  20	   2	 548	   2	   1	   8	  22	  33	  80	  20	  50	 640	878763	879311	   0	 -20	
 358	 359	  70	   1	 656	   3	   1	   8	  22	   1	  80	  20	  70	 592	881231	881887	   3	 -10	
 359	 360	  20	   4	 550	   2	   2	   8	  23	   1	  80	  20	  70	 686	883881	884431	   0	 -10	
 360	 361	  80	   2	 559	   1	   1	   9	  23	   1	  80	  20	  70	 688	886432	886991	   0	 -20	
 361	 362	  20	   4	1140	   2	   2	   9	  24	   1	  80	  20	  70	 376	888683	889823	   0	 -20	
 362	 363	  70	   2	 884	   3	   1	   9	  24	   2	  80	  20	  70	 333	891467	892351	   0	 -30	
 363	 364	  80	   1	 679	   1	   1	  10	  24	   2	  80	  20	  70	 522	894184	894863	   0	 -20	
 364	 365	  70	   2	 919	   3	   1	  10	  24	   3	  80	  20	  70	 382	896552	897471	   0	 -30	
 365	 366	  20	   4	 672	   2	   2	  10	  25	   3	  80	  20	  70	 324	899103	899775	   0	 -30	
 366	 367	  70	   1	 655	   3	   1	  10	  25	   4	  80	  20	  70	 439	901520	902175	   0	 -20	
 367	 368	  20	   4	 552	   2	   2	  10	  26	   4	  80	  20	  70	 581	904071	904623	   0	 -20	
 368	 369	  80	   1	 632	   1	   1	  11	  26	   4	  80	  20	  70	 534	906471	907103	   0	 -10	
 369	 370	  70	   1	 609	   3	   1	  11	  26	   5	  80	  20	  70	 590	909006	909615	   0	   0	
 370	 371	  20	   3	 444	   2	   2	  11	  27	   5	  80	  20	  70	 594	911506	911950	   0	   0	
 371	 372	  70	   1	 462	   3	   1	  11	  27	   6	  80	  20	  70	 557	913824	914286	   0	  10	
 372	 373	  80	   1	 833	   1	   1	  12	  27	   6	  80	  20	  70	 560	916141	916974	   0	  20	
 373	 374	  70	   2	 740	   3	   1	  12	  27	   7	  80	  20	  70	 555	918842	919582	   0	  10	
 374	 375	  80	   1	 518	   1	   1	  13	  27	   7	  80	  20	  70	 689	921576	922094	   0	  20	
 375	 376	  70	   1	 814	   3	   1	  13	  27	   8	  80	  20	  70	 349	923760	924574	   0	  30	
 376	 377	  20	   2	 851	   2	   1	  13	  28	   8	  80	  20	  70	 519	926411	927262	   0	  20	
 377	 378	  80	   1	 549	   1	   1	  14	  28	   8	  80	  20	  70	 566	929145	929694	   0	  30	
 378	 379	  70	   1	 498	   3	   1	  14	  28	   9	  80	  20	  70	 603	931612	932110	   0	  40	
 379	 380	  80	   1	 497	   1	   1	  15	  28	   9	  80	  20	  70	 591	934013	934510	   0	  50	
 380	 381	  70	   1	 482	   3	   1	  15	  28	  10	  80	  20	  70	 551	936380	936862	   0	  60	
 381	 382	  80	   1	 474	   1	   1	  16	  28	  10	  80	  20	  70	 361	938548	939022	   0	  70	
 382	 383	  20	   4	 583	   2	   2	  16	  29	  10	  80	  20	  70	 691	941015	941598	   0	  70	
 383	 384	  80	   1	 453	   1	   1	  17	  29	  10	  80	  20	  70	 539	943449	943902	   0	  80	
 384	 385	  70	   2	 542	   3	   1	  17	  29	  11	  80	  20	  70	 387	945600	946142	   0	  70	
 385	 386	  80	   2	 504	   1	   1	  18	  29	  11	  80	  20	  70	 689	948134	948638	   0	  60	
 386	 387	  20	   2	 687	   2	   1	  18	  30	  11	  80	  20	  70	 389	950335	951022	   0	  50	
 387	 388	  70	   1	 482	   3	   1	  18	  30	  12	  80	  20	  70	 316	952652	953134	   0	  60	
 388	 389	  20	   2	 633	   2	   1	  18	  31	  12	  80	  20	  70	 414	954853	955486	   0	  50	
 389	 390	  70	   1	 500	   3	   1	  18	  31	  13	  80	  20	  70	 566	957370	957870	   0	  60	
 390	 391	  80	   2	 515	   1	   1	  19	  31	  13	  80	  20	  70	 607	959787	960302	   0	  50	
 391	 392	  70	   2	 610	   3	   1	  19	  31	  14	  80	  20	  70	 531	962172	962782	   0	  40	
 392	 393	  20	   2	 580	   2	   1	  19	  32	  14	  80	  20	  70	 442	964522	965102	   0	  30	
 393	 394	  70	   1	 613	   3	   1	  19	  32	  15	  80	  20	  70	 475	966873	967486	   0	  40	
 394	 395	  20	   1	1095	   2	   1	  19	  33	  15	  80	  20	  70	 417	969207	970302	   0	  50	
 395	 396	  70	   1	 528	   3	   1	  19	  33	  16	  80	  20	  70	 555	972158	972686	   0	  60	
 396	 397	  80	   3	 905	   1	   2	  20	  33	  16	  80	  20	  70	 341	974325	975230	   0	  60	
 397	 398	  70	   2	 503	   3	   1	  20	  33	  17	  80	  20	  70	 626	977159	977662	   0	  50	
 398	 399	  20	   2	 601	   2	   1	  20	  34	  17	  80	  20	  70	 528	979493	980094	   0	  40	
 399	 400	  80	   2	 463	   1	   1	  21	  34	  17	  80	  20	  70	 320	981727	982190	   0	  30	
 400	 401	  20	   2	 403	   2	   1	  21	  35	  17	  80	  20	  70	 527	984011	984414	   0	  20	
 401	 402	  80	   1	 560	   1	   1	  22	  35	  17	  80	  20	  70	 315	986062	986622	   0	  30	
 402	 403	  80	   1	 607	   2	   1	  22	   1	  17	  80	  80	  70	 542	988479	989086	   2	  40	
 403	 404	  80	   1	 565	   1	   1	  23	   1	  17	  80	  80	  70	 302	990697	991262	   0	  50	
 404	 405	  80	   3	 621	   2	   2	  23	   2	  17	  80	  80	  70	 314	992881	993502	   0	  50	
 405	 406	  80	   1	 568	   1	   1	  24	   2	  17	  80	  80	  70	 562	995365	995933	   0	  60	
 406	 407	  80	   1	 411	   2	   1	  24	   3	  17	  80	  80	  70	 419	997666	998077	   0	  70	
 407	 408	  80	   1	 552	   1	   1	  25	   3	  17	  80	  80	  70	 356	999733	1000285	   0	  80	
 408	 409	  80	   2	 570	   2	   1	  25	   4	  17	  80	  80	  70	 477	1002067	1002637	   0	  70	
 409	 410	  80	   1	 485	   1	   1	  26	   4	  17	  80	  80	  70	 619	1004568	1005053	   0	  80	
 410	 411	  80	   1	 638	   2	   1	  26	   5	  17	  80	  80	  70	 379	1006735	1007373	   0	  90	
 411	 412	  80	   2	 572	   1	   1	  27	   5	  17	  80	  80	  70	 466	1009169	1009741	   0	  80	
 412	 413	  80	   1	 563	   2	   1	  27	   6	  17	  80	  80	  70	 338	1011386	1011949	   0	  90	
 413	 414	  80	   1	 500	   1	   1	  28	   6	  17	  80	  80	  70	 493	1013737	1014237	   0	 100	
 414	 415	  80	   1	 429	   2	   1	  28	   7	  17	  80	  80	  70	 341	1015888	1016317	   0	 110	
 415	 416	  80	   1	 573	   1	   1	  29	   7	  17	  80	  80	  70	 672	1018288	1018861	   0	 120	
 416	 417	  70	   1	1015	   3	   1	  29	   7	  18	  80	  80	  70	 653	1020822	1021837	   0	 130	
 417	 418	  80	   1	 604	   2	   1	  29	   8	  18	  80	  80	  70	 325	1023473	1024077	   0	 140	
 418	 419	  80	   1	 655	   1	   1	  30	   8	  18	  80	  80	  70	 390	1025774	1026429	   0	 150	
 419	 420	  80	   2	 500	   2	   1	  30	   9	  18	  80	  80	  70	 305	1028041	1028541	   0	 140	
 420	 421	  70	   1	 434	   3	   1	  30	   9	  19	  80	  80	  70	 622	1030475	1030909	   0	 150	
 421	 422	  80	   1	 517	   2	   1	  30	  10	  19	  80	  80	  70	 547	1032776	1033293	   0	 160	
 422	 423	  30	   2	 706	   1	   1	   1	  10	  19	  30	  80	  70	 569	1035243	1035949	   1	 150	
 423	 424	  70	   1	 457	   3	   1	   1	  10	  20	  30	  80	  70	 593	1037844	1038301	   0	 160	
 424	 425	  80	   2	 605	   2	   1	   1	  11	  20	  30	  80	  70	 516	1040128	1040733	   0	 150	
 425	 426	  30	   1	 525	   1	   1	   2	  11	  20	  30	  80	  70	 474	1042512	1043037	   0	 160	
 426	 427	  70	   1	 823	   3	   1	   2	  11	  21	  30	  80	  70	 699	1045046	1045869	   0	 170	
 427	 428	  80	   3	 845	   2	   2	   2	  12	  21	  30	  80	  70	 497	1047664	1048509	   0	 170	
 428	 429	  30	   1	 383	   1	   1	   3	  12	  21	  30	  80	  70	 582	1050398	1050781	   0	 180	
 429	 430	  70	   2	 418	   3	   1	   3	  12	  22	  30	  80	  70	 600	1052699	1053117	   0	 170	
 430	 431	  80	   1	 340	   2	   1	   3	  13	  22	  30	  80	  70	 620	1055049	1055389	   0	 180	
 431	 432	  70	   2	 348	   3	   1	   3	  13	  23	  30	  80	  70	 499	1057217	1057565	   0	 170	
 432	 433	  80	   1	 435	   2	   1	   3	  14	  23	  30	  80	  70	 559	1059434	1059869	   0	 180	
 433	 434	  70	   3	 448	   3	   2	   3	  14	  24	  30	  80	  70	 699	1061885	1062333	   0	 180	
 434	 435	  80	   1	 372	   2	   1	   3	  15	  24	  30	  80	  70	 527	1064169	1064541	   0	 190	
 435	 436	  70	   1	 442	   3	   1	   3	  15	  25	  30	  80	  70	 563	1066403	1066845	   0	 200	
 436	 437	  30	   2	 589	   1	   1	   4	  15	  25	  30	  80	  70	 552	1068704	1069293	   0	 190	
 437	 438	  70	   1	 681	   3	   1	   4	  15	  26	  30	  80	  70	 581	1071188	1071869	   0	 200	
 438	 439	  30	   2	 487	   1	   1	   5	  15	  26	  30	  80	  70	 464	1073638	1074125	   0	 190	
 439	 440	  70	   1	 409	   3	   1	   5	  15	  27	  30	  80	  70	 545	1075972	1076381	   0	 200	
 440	 441	  80	   1	 399	   2	   1	   5	  16	  27	  30	  80	  70	 497	1078173	1078572	   0	 210	
 441	 442	  70	   2	 728	   3	   1	   5	  16	  28	  30	  80	  70	 429	1080324	1081052	   0	 200	
 442	 443	  30	   2	 688	   1	   1	   6	  16	  28	  30	  80	  70	 550	1082908	1083596	   0	 190	
 443	 444	  80	   1	 504	   2	   1	   6	  17	  28	  30	  80	  70	 597	1085492	1085996	   0	 200	
 444	 445	  30	   1	 684	   1	   1	   7	  17	  28	  30	  80	  70	 468	1087776	1088460	   0	 210	
 445	 446	  80	   2	 404	   2	   1	   7	  18	  28	  30	  80	  70	 587	1090360	1090764	   0	 200	
 446	 447	  30	   2	 556	   1	   1	   8	  18	  28	  30	  80	  70	 465	1092544	1093100	   0	 190	
 447	 448	  80	   3	 909	   2	   2	   8	  19	  28	  30	  80	  70	 481	1094895	1095804	   0	 190	
 448	 449	  30	   2	 576	   1	   1	   9	  19	  28	  30	  80	  70	 490	1097596	1098172	   0	 180	
 449	 450	  70	   1	 534	   3	   1	   9	  19	  29	  30	  80	  70	 377	1099846	1100380	   0	 190	
 450	 451	  30	   2	 500	   1	   1	  10	  19	  29	  30	  80	  70	 571	1102264	1102764	   0	 180	
 451	 452	  80	   1	 590	   2	   1	  10	  20	  29	  30	  80	  70	 321	1104414	1105004	   0	 190	
 452	 453	  70	   1	 553	   3	   1	  10	  20	  30	  30	  80	  70	 612	1106915	1107468	   0	 200	
 453	 454	  80	   3	1428	   2	   2	  10	  21	  30	  30	  80	  70	 664	1109432	1110860	   0	 200	
 454	 455	  30	   1	 578	   1	   1	  11	  21	  30	  30	  80	  70	 487	1112650	1113228	   0	 210	
 455	 456	  80	   1	 876	   2	   1	  11	  22	  30	  30	  80	  70	 652	1115184	1116060	   0	 220	
 456	 457	  70	   1	 684	   3	   1	  11	  22	  31	  30	  80	  70	 589	1117952	1118636	   0	 230	
 457	 458	  30	   2	 572	   1	   1	  12	  22	  31	  30	  80	  70	 390	1120336	1120908	   0	 220	
 458	 459	  70	   1	 614	   3	   1	  12	  22	  32	  30	  80	  70	 673	1122886	1123500	   0	 230	
 459	 460	  30	   2	 772	   1	   1	  13	  22	  32	  30	  80	  70	 500	1125304	1126076	   0	 220	
 460	 461	  80	   3	 676	   2	   2	  13	  23	  32	  30	  80	  70	 313	1127688	1128364	   0	 220	
 461	 462	  70	   1	 461	   3	   1	  13	  23	  33	  30	  80	  70	 556	1130239	1130700	   0	 230	
 462	 463	  30	   1	 554	   1	   1	  14	  23	  33	  30	  80	  70	 301	1132306	1132860	   0	 240	
 463	 464	  80	   1	 396	   2	   1	  14	  24	  33	  30	  80	  70	 480	1134640	1135036	   0	 250	
 464	 465	  30	   2	 638	   1	   1	  15	  24	  33	  30	  80	  70	 632	1136974	1137612	   0	 240	
 465	 466	  70	   2	 579	   3	   1	  15	  24	  34	  30	  80	  70	 699	1139625	1140204	   0	 230	
 466	 467	  80	   2	 352	   2	   1	  15	  25	  34	  30	  80	  70	 584	1142092	1142444	   0	 220	
 467	 468	  70	   1	 511	   3	   1	  15	  25	  35	  30	  80	  70	 333	1144093	1144604	   0	 230	
 468	 469	  30	   2	 538	   1	   1	  16	  25	  35	  30	  80	  70	 310	1146210	1146748	   0	 220	
 469	 470	  80	   1	 328	   2	   1	  16	  26	  35	  30	  80	  70	 570	1148628	1148956	   0	 230	
 470	 471	  30	   3	 607	   1	   2	  17	  26	  35	  30	  80	  70	 582	1150845	1151452	   0	 230	
 471	 472	  50	   2	 838	   3	   1	  17	  26	   1	  30	  80	  50	 653	1153446	1154284	   3	 220	
 472	 473	  30	   2	 528	   1	   1	  18	  26	   1	  30	  80	  50	 408	1155996	1156524	   0	 210	
 473	 474	  80	   1	 639	   2	   1	  18	  27	   1	  30	  80	  50	 541	1158364	1159003	   0	 220	
 474	 475	  30	   2	 937	   1	   1	  19	  27	   1	  30	  80	  50	 587	1160898	1161835	   0	 210	
 475	 476	  50	   3	 838	   3	   2	  19	  27	   2	  30	  80	  50	 628	1163765	1164603	   0	 210	
 476	 477	  80	   1	 739	   2	   1	  19	  28	   2	  30	  80	  50	 303	1166216	1166955	   0	 220	
 477	 478	  50	   2	 589	   3	   1	  19	  28	   3	  30	  80	  50	 492	1168750	1169339	   0	 210	
 478	 479	  80	   2	 981	   2	   1	  19	  29	   3	  30	  80	  50	 696	1171334	1172315	   0	 200	
 479	 480	  30	   2	 684	   1	   1	  20	  29	   3	  30	  80	  50	 686	1174319	1175003	   0	 190	
 480	 481	  50	   2	 702	   3	   1	  20	  29	   4	  30	  80	  50	 344	1176653	1177355	   0	 180	
 481	 482	  80	   1	 568	   2	   1	  20	  30	   4	  30	  80	  50	 511	1179187	1179755	   0	 190	
 482	 483	  50	   3	 766	   3	   2	  20	  30	   5	  30	  80	  50	 360	1181421	1182187	   0	 190	
 483	 484	  20	   1	 581	   2	   1	  20	   1	   5	  30	  20	  50	 500	1184038	1184619	   2	 200	
 484	 485	  30	   2	 449	   1	   1	  21	   1	   5	  30	  20	  50	 584	1186522	1186971	   0	 190	
 485	 486	  20	   2	 330	   2	   1	  21	   2	   5	  30	  20	  50	 389	1188673	1189003	   0	 180	
 486	 487	  50	   1	 449	   3	   1	  21	   2	   6	  30	  20	  50	 578	1190890	1191339	   0	 190	
 487	 488	  20	   2	 575	   2	   1	  21	   3	   6	  30	  20	  50	 659	1193308	1193883	   0	 180	
 488	 489	  30	   1	 490	   1	   1	  22	   3	   6	  30	  20	  50	 645	1195825	1196315	   0	 190	
 489	 490	  50	   1	 407	   3	   1	  22	   3	   7	  30	  20	  50	 666	1198292	1198699	   0	 200	
 490	 491	  30	   1	 515	   1	   1	  23	   3	   7	  30	  20	  50	 363	1200360	1200875	   0	 210	
 491	 492	  50	   1	 440	   3	   1	  23	   3	   8	  30	  20	  50	 417	1202627	1203067	   0	 220	
 492	 493	  20	   1	 478	   2	   1	  23	   4	   8	  30	  20	  50	 485	1204861	1205339	   0	 230	
 493	 494	  50	   2	 485	   3	   1	  23	   4	   9	  30	  20	  50	 447	1207078	1207563	   0	 220	
 494	 495	  30	   2	 512	   1	   1	  24	   4	   9	  30	  20	  50	 700	1209579	1210091	   0	 210	
 495	 496	  20	   2	 553	   2	   1	  24	   5	   9	  30	  20	  50	 341	1211730	1212283	   0	 200	
 496	 497	  50	   2	 396	   3	   1	  24	   5	  10	  30	  20	  50	 448	1214047	1214443	   0	 190	
 497	 498	  30	   2	 805	   1	   1	  25	   5	  10	  30	  20	  50	 454	1216198	1217003	   0	 180	
 498	 499	  50	   1	 499	   3	   1	  25	   5	  11	  30	  20	  50	 321	1218632	1219131	   0	 190	
 499	 500	  30	   2	 466	   1	   1	  26	   5	  11	  30	  20	  50	 614	1221049	1221515	   0	 180	
 500	 501	  50	   2	 843	   3	   1	  26	   5	  12	  30	  20	  50	 376	1223200	1224043	   0	 170	
 501	 502	  20	   2	 655	   2	   1	  26	   6	  12	  30	  20	  50	 519	1225884	1226539	   0	 160	
 502	 503	  30	   2	 468	   1	   1	  27	   6	  12	  30	  20	  50	 306	1228151	1228619	   0	 150	
 503	 504	  50	   1	 519	   3	   1	  27	   6	  13	  30	  20	  50	 518	1230452	1230971	   0	 160	
 504	 505	  30	   3	 452	   1	   2	  28	   6	  13	  30	  20	  50	 618	1232903	1233355	   0	 160	
 505	 506	  20	   4	 549	   2	   2	  28	   7	  13	  30	  20	  50	 605	1235270	1235819	   0	 160	
 506	 507	  50	   1	 477	   3	   1	  28	   7	  14	  30	  20	  50	 311	1237438	1237915	   0	 170	
 507	 508	  20	   2	 664	   2	   1	  28	   8	  14	  30	  20	  50	 342	1239555	1240219	   0	 160	
 508	 509	  50	   2	 573	   3	   1	  28	   8	  15	  30	  20	  50	 655	1242189	1242762	   0	 150	
 509	 510	  30	   2	 614	   1	   1	  29	   8	  15	  30	  20	  50	 685	1244756	1245370	   0	 140	
 510	 511	  50	   2	 534	   3	   1	  29	   8	  16	  30	  20	  50	 459	1247140	1247674	   0	 130	
 511	 512	  30	   2	 481	   1	   1	  30	   8	  16	  30	  20	  50	 646	1249641	1250122	   0	 120	
 512	 513	  20	   2	 485	   2	   1	  30	   9	  16	  30	  20	  50	 469	1251909	1252394	   0	 110	
 513	 514	  30	   2	 419	   1	   1	  31	   9	  16	  30	  20	  50	 632	1254343	1254762	   0	 100	
 514	 515	  50	   1	 645	   3	   1	  31	   9	  17	  30	  20	  50	 624	1256693	1257338	   0	 110	
 515	 516	  30	   4	 623	   1	   2	  32	   9	  17	  30	  20	  50	 568	1259211	1259834	   0	 110	
 516	 517	  20	   4	 513	   2	   2	  32	  10	  17	  30	  20	  50	 408	1261545	1262058	   0	 110	
 517	 518	  50	   2	 398	   3	   1	  32	  10	  18	  30	  20	  50	 652	1264012	1264410	   0	 100	
 518	 519	  20	   4	 484	   2	   2	  32	  11	  18	  30	  20	  50	 509	1266230	1266714	   0	 100	
 519	 520	  30	   4	 402	   1	   2	  33	  11	  18	  30	  20	  50	 664	1268680	1269082	   0	 100	
 520	 521	  20	   2	 932	   2	   1	  33	  12	  18	  30	  20	  50	 598	1270998	1271930	   0	  90	
 521	 522	  50	   1	 859	   3	   1	  33	  12	  19	  30	  20	  50	 348	1273615	1274474	   0	 100	
 522	 523	  80	   2	 791	   1	   1	   1	  12	  19	  80	  20	  50	 694	1276499	1277290	   1	  90	
 523	 524	  50	   2	 654	   3	   1	   1	  12	  20	  80	  20	  50	 504	1279100	1279754	   0	  80	
 524	 525	  80	   1	 669	   1	   1	   2	  12	  20	  80	  20	  50	 452	1281517	1282186	   0	  90	
 525	 526	  50	   2	 748	   3	   1	   2	  12	  21	  80	  20	  50	 425	1283918	1284666	   0	  80	
 526	 527	  80	   3	 764	   1	   2	   3	  12	  21	  80	  20	  50	 310	1286286	1287050	   0	  80	
 527	 528	  50	   2	 416	   3	   1	   3	  12	  22	  80	  20	  50	 615	1288986	1289402	   0	  70	
 528	 529	  80	   2	 313	   1	   1	   4	  12	  22	  80	  20	  50	 418	1291137	1291450	   0	  60	
 529	 530	  50	   1	 483	   3	   1	   4	  12	  23	  80	  20	  50	 530	1293271	1293754	   0	  70	
 530	 531	  80	   1	 585	   1	   1	   5	  12	  23	  80	  20	  50	 443	1295505	1296090	   0	  80	
 531	 532	  50	   1	 543	   3	   1	   5	  12	  24	  80	  20	  50	 327	1297739	1298282	   0	  90	
 532	 533	  80	   3	 574	   1	   2	   6	  12	  24	  80	  20	  50	 564	1300140	1300714	   0	  90	
 533	 534	  20	   2	 525	   2	   1	   6	  13	  24	  80	  20	  50	 534	1302557	1303082	   0	  80	
 534	 535	  50	   1	 526	   3	   1	   6	  13	  25	  80	  20	  50	 518	1304908	1305434	   0	  90	
 535	 536	  20	   3	1041	   2	   2	   6	  14	  25	  80	  20	  50	 487	1307225	1308266	   0	  90	
 536	 537	  80	   1	 733	   1	   1	   7	  14	  25	  80	  20	  50	 531	1310109	1310842	   0	 100	
 537	 538	  50	   1	 611	   3	   1	   7	  14	  26	  80	  20	  50	 570	1312727	1313338	   0	 110	
 538	 539	  20	   2	 838	   2	   1	   7	  15	  26	  80	  20	  50	 403	1315044	1315882	   0	 100	
 539	 540	  50	   2	 522	   3	   1	   7	  15	  27	  80	  20	  50	 519	1317712	1318234	   0	  90	
 540	 541	  20	   3	 654	   2	   2	   7	  16	  27	  80	  20	  50	 469	1320012	1320666	   0	  90	
 541	 542	  50	   2	 699	   3	   1	   7	  16	  28	  80	  20	  50	 474	1322463	1323162	   0	  80	
 542	 543	  20	   2	 635	   2	   1	   7	  17	  28	  80	  20	  50	 371	1324847	1325482	   0	  70	
 543	 544	  80	   1	 587	   1	   1	   8	  17	  28	  80	  20	  50	 405	1327198	1327785	   0	  80	
 544	 545	  20	   2	1012	   2	   1	   8	  18	  28	  80	  20	  50	 652	1329749	1330761	   0	  70	
 545	 546	  50	   3	 905	   3	   2	   8	  18	  29	  80	  20	  50	 352	1332416	1333321	   0	  70	
 546	 547	  20	   2	 508	   2	   1	   8	  19	  29	  80	  20	  50	 484	1335117	1335625	   0	  60	
 547	 548	  80	   1	 597	   1	   1	   9	  19	  29	  80	  20	  50	 335	1337268	1337865	   0	  70	
 548	 549	  50	   2	 857	   3	   1	   9	  19	  30	  80	  20	  50	 386	1339568	1340425	   0	  60	
 549	 550	  20	   4	 367	   2	   2	   9	  20	  30	  80	  20	  50	 458	1342186	1342553	   0	  60	
 550	 551	  80	   1	 362	   1	   1	  10	  20	  30	  80	  20	  50	 447	1344303	1344665	   0	  70	
 551	 552	  20	   2	 822	   2	   1	  10	  21	  30	  80	  20	  50	 411	1346387	1347209	   0	  60	
 552	 553	  80	   1	 518	   1	   1	  11	  21	  30	  80	  20	  50	 652	1349171	1349689	   0	  70	
 553	 554	  50	   3	 388	   3	   2	  11	  21	  31	  80	  20	  50	 600	1351605	1351993	   0	  70	
 554	 555	  20	   1	 390	   2	   1	  11	  22	  31	  80	  20	  50	 640	1353939	1354329	   0	  80	
 555	 556	  50	   4	 837	   3	   2	  11	  22	  32	  80	  20	  50	 316	1355956	1356793	   0	  80	
 556	 557	  80	   1	 356	   1	   1	  12	  22	  32	  80	  20	  50	 639	1358741	1359097	   0	  90	
 557	 558	  50	   2	 871	   3	   1	  12	  22	  33	  80	  20	  50	 653	1361058	1361929	   0	  80	
 558	 559	  80	   1	 608	   1	   1	  13	  22	  33	  80	  20	  50	 371	1363609	1364217	   0	  90	
 559	 560	  30	   2	 679	   3	   1	  13	  22	   1	  80	  20	  30	 677	1366210	1366889	   3	  80	
 560	 561	  80	   4	 525	   1	   2	  14	  22	   1	  80	  20	  30	 679	1368860	1369385	   0	  80	
 561	 562	  20	   4	 760	   2	   2	  14	  23	   1	  80	  20	  30	 649	1371361	1372121	   0	  80	
 562	 563	  30	   2	 692	   3	   1	  14	  23	   2	  80	  20	  30	 424	1373845	1374537	   0	  70	
 563	 564	  20	   4	 587	   2	   2	  14	  24	   2	  80	  20	  30	 603	1376446	1377033	   0	  70	
 564	 565	  80	   3	 658	   1	   2	  15	  24	   2	  80	  20	  30	 330	1378663	1379321	   0	  70	
 565	 566	  20	   4	 834	   2	   2	  15	  25	   2	  80	  20	  30	 430	1381047	1381881	   0	  70	
 566	 567	  80	   2	 448	   1	   1	  16	  25	   2	  80	  20	  30	 680	1383865	1384313	   0	  60	
 567	 568	  30	   2	 554	   3	   1	  16	  25	   3	  80	  20	  30	 368	1385999	1386553	   0	  50	
 568	 569	  20	   4	 700	   2	   2	  16	  26	   3	  80	  20	  30	 476	1388333	1389033	   0	  50	
 569	 570	  80	   1	 431	   1	   1	  17	  26	   3	  80	  20	  30	 695	1391034	1391465	   0	  60	
 570	 571	  20	   4	 567	   2	   2	  17	  27	   3	  80	  20	  30	 440	1393218	1393785	   0	  60	
 571	 572	  80	   1	 795	   1	   1	  18	  27	   3	  80	  20	  30	 387	1395502	1396297	   0	  70	
 572	 573	  30	   4	 755	   3	   2	  18	  27	   4	  80	  20	  30	 483	1398086	1398841	   0	  70	
 573	 574	  20	   3	 540	   2	   2	  18	  28	   4	  80	  20	  30	 503	1400653	1401193	   0	  70	
 574	 575	  30	   3	 646	   3	   2	  18	  28	   5	  80	  20	  30	 676	1403171	1403817	   0	  70	
 575	 576	  20	   4	 972	   2	   2	  18	  29	   5	  80	  20	  30	 691	1405805	1406777	   0	  70	
 576	 577	  80	   1	 578	   1	   1	  19	  29	   5	  80	  20	  30	 330	1408406	1408984	   0	  80	
 577	 578	  20	   4	 522	   2	   2	  19	  30	   5	  80	  20	  30	 307	1410590	1411112	   0	  80	
 578	 579	  30	   4	 382	   3	   2	  19	  30	   6	  80	  20	  30	 453	1412874	1413256	   0	  80	
 579	 580	  20	   4	 551	   2	   2	  19	  31	   6	  80	  20	  30	 474	1415041	1415592	   0	  80	
 580	 581	  80	   1	 558	   1	   1	  20	  31	   6	  80	  20	  30	 359	1417258	1417816	   0	  90	
 581	 582	  20	   4	 646	   2	   2	  20	  32	   6	  80	  20	  30	 312	1419442	1420088	   0	  90	
 582	 583	  30	   1	 745	   3	   1	  20	  32	   7	  80	  20	  30	 354	1421743	1422488	   0	 100	
 583	 584	  20	   2	 906	   2	   1	  20	  33	   7	  80	  20	  30	 323	1424110	1425016	   0	  90	
 584	 585	  30	   4	 550	   3	   2	  20	  33	   8	  80	  20	  30	 677	1426994	1427544	   0	  90	
 585	 586	  80	   1	 375	   1	   1	  21	  33	   8	  80	  20	  30	 486	1429345	1429720	   0	 100	
 586	 587	  30	   2	 595	   3	   1	  21	  33	   9	  80	  20	  30	 406	1431429	1432024	   0	  90	
 587	 588	  80	   2	 588	   1	   1	  22	  33	   9	  80	  20	  30	 658	1433980	1434568	   0	  80	
 588	 589	  20	   2	 475	   2	   1	  22	  34	   9	  80	  20	  30	 511	1436381	1436856	   0	  70	
 589	 590	  30	   3	 583	   3	   2	  22	  34	  10	  80	  20	  30	 330	1438481	1439064	   0	  70	
 590	 591	  80	   1	 417	   1	   1	  23	  34	  10	  80	  20	  30	 643	1441015	1441432	   0	  80	
 591	 592	  20	   4	 632	   2	   2	  23	  35	  10	  80	  20	  30	 449	1443216	1443848	   0	  80	
 592	 593	  80	   1	 503	   1	   1	  24	  35	  10	  80	  20	  30	 460	1445617	1446120	   0	  90	
 593	 594	  70	   1	 738	   2	   1	  24	   1	  10	  80	  70	  30	 694	1448134	1448872	   2	 100	
 594	 595	  80	   1	 573	   1	   1	  25	   1	  10	  80	  70	  30	 461	1450635	1451208	   0	 110	
 595	 596	  30	   4	 659	   3	   2	  25	   1	  11	  80	  70	  30	 361	1452869	1453528	   0	 110	
 596	 597	  80	   1	 515	   1	   1	  26	   1	  11	  80	  70	  30	 428	1455253	1455768	   0	 120	
 597	 598	  70	   1	 561	   2	   1	  26	   2	  11	  80	  70	  30	 608	1457687	1458248	   0	 130	
 598	 599	  80	   1	 661	   1	   1	  27	   2	  11	  80	  70	  30	 418	1459971	1460632	   0	 140	
 599	 600	  30	   4	 663	   3	   2	  27	   2	  12	  80	  70	  30	 365	1462305	1462968	   0	 140	
 600	 601	  80	   2	 636	   1	   1	  28	   2	  12	  80	  70	  30	 307	1464572	1465208	   0	 130	
 601	 602	  70	   1	 582	   2	   1	  28	   3	  12	  80	  70	  30	 557	1467090	1467672	   0	 140	
 602	 603	  30	   2	 715	   3	   1	  28	   3	  13	  80	  70	  30	 361	1469341	1470056	   0	 130	
 603	 604	  70	   1	 631	   2	   1	  28	   4	  13	  80	  70	  30	 461	1471825	1472456	   0	 140	
 604	 605	  30	   2	 737	   3	   1	  28	   4	  14	  80	  70	  30	 600	1474375	1475112	   0	 130	
 605	 606	  70	   2	 647	   2	   1	  28	   5	  14	  80	  70	  30	 585	1477009	1477656	   0	 120	
 606	 607	  30	   3	 988	   3	   2	  28	   5	  15	  80	  70	  30	 699	1479660	1480648	   0	 120	
 607	 608	  70	   1	 606	   2	   1	  28	   6	  15	  80	  70	  30	 434	1482394	1483000	   0	 130	
 608	 609	  30	   4	 903	   3	   2	  28	   6	  16	  80	  70	  30	 618	1484929	1485832	   0	 130	
 609	 610	  80	   1	 503	   1	   1	  29	   6	  16	  80	  70	  30	 581	1487729	1488232	   0	 140	
 610	 611	  70	   2	 503	   2	   1	  29	   7	  16	  80	  70	  30	 550	1490097	1490600	   0	 130	
 611	 612	  30	   2	 609	   3	   1	  29	   7	  17	  80	  70	  30	 694	1492614	1493223	   0	 120	
 612	 613	  70	   1	 773	   2	   1	  29	   8	  17	  80	  70	  30	 349	1494882	1495655	   0	 130	
 613	 614	  80	   1	 739	   1	   1	  30	   8	  17	  80	  70	  30	 369	1497332	1498071	   0	 140	
 614	 615	  70	   1	 503	   2	   1	  30	   9	  17	  80	  70	  30	 645	1500016	1500519	   0	 150	
 615	 616	  30	   2	 544	   3	   1	  30	   9	  18	  80	  70	  30	 344	1502167	1502711	   0	 140	
 616	 617	  50	   2	 753	   1	   1	   1	   9	  18	  50	  70	  30	 485	1504518	1505271	   1	 130	
 617	 618	  30	   1	 665	   3	   1	   1	   9	  19	  50	  70	  30	 516	1507102	1507767	   0	 140	
 618	 619	  70	   2	 776	   2	   1	   1	  10	  19	  50	  70	  30	 422	1509503	1510279	   0	 130	
 619	 620	  30	   1	1142	   3	   1	   1	  10	  20	  50	  70	  30	 378	1511953	1513095	   0	 140	
 620	 621	  70	   3	 645	   2	   2	   1	  11	  20	  50	  70	  30	 354	1514754	1515399	   0	 140	
 621	 622	  50	   4	 617	   1	   2	   2	  11	  20	  50	  70	  30	 328	1517038	1517655	   0	 140	
 622	 623	  70	   1	 543	   2	   1	   2	  12	  20	  50	  70	  30	 687	1519656	1520199	   0	 150	
 623	 624	  50	   2	 589	   1	   1	   3	  12	  20	  50	  70	  30	 608	1522106	1522695	   0	 140	
 624	 625	  30	   1	 762	   3	   1	   3	  12	  21	  50	  70	  30	 564	1524557	1525319	   0	 150	
 625	 626	  70	   1	 475	   2	   1	   3	  13	  21	  50	  70	  30	 693	1527308	1527783	   0	 160	
 626	 627	  50	   3	 802	   1	   2	   4	  13	  21	  50	  70	  30	 443	1529525	1530327	   0	 160	
 627	 628	  30	   2	 788	   3	   1	   4	  13	  22	  50	  70	  30	 623	1532259	1533047	   0	 150	
 628	 629	  50	   3	 735	   1	   2	   5	  13	  22	  50	  70	  30	 403	1534760	1535495	   0	 150	
 629	 630	  70	   1	 697	   2	   1	   5	  14	  22	  50	  70	  30	 466	1537278	1537975	   0	 160	
 630	 631	  30	   2	 627	   3	   1	   5	  14	  23	  50	  70	  30	 522	1539812	1540439	   0	 150	
 631	 632	  50	   4	 548	   1	   2	   6	  14	  23	  50	  70	  30	 427	1542179	1542727	   0	 150	
 632	 633	  70	   2	 520	   2	   1	   6	  15	  23	  50	  70	  30	 418	1544463	1544983	   0	 140	
 633	 634	  30	   2	 554	   3	   1	   6	  15	  24	  50	  70	  30	 510	1546797	1547351	   0	 130	
 634	 635	  50	   3	 831	   1	   2	   7	  15	  24	  50	  70	  30	 388	1549048	1549879	   0	 130	
 635	 636	  30	   2	 628	   3	   1	   7	  15	  25	  50	  70	  30	 515	1551715	1552343	   0	 120	
 636	 637	  50	   1	 746	   1	   1	   8	  15	  25	  50	  70	  30	 303	1553949	1554695	   0	 130	
 637	 638	  30	   4	 631	   3	   2	   8	  15	  26	  50	  70	  30	 400	1556400	1557031	   0	 130	
 638	 639	  70	   1	 510	   2	   1	   8	  16	  26	  50	  70	  30	 671	1559017	1559527	   0	 140	
 639	 640	  50	   1	 400	   1	   1	   9	  16	  26	  50	  70	  30	 512	1561335	1561735	   0	 150	
 640	 641	  70	   1	 795	   2	   1	   9	  17	  26	  50	  70	  30	 408	1563452	1564247	   0	 160	
 641	 642	  30	   3	1063	   3	   2	   9	  17	  27	  50	  70	  30	 351	1565936	1566999	   0	 160	
 642	 643	  50	   2	 710	   1	   1	  10	  17	  27	  50	  70	  30	 440	1568737	1569447	   0	 150	
 643	 644	  70	   1	 688	   2	   1	  10	  18	  27	  50	  70	  30	 519	1571271	1571959	   0	 160	
 644	 645	  30	   4	 689	   3	   2	  10	  18	  28	  50	  70	  30	 322	1573589	1574278	   0	 160	
 645	 646	  70	   2	 665	   2	   1	  10	  19	  28	  50	  70	  30	 597	1576173	1576838	   0	 150	
 646	 647	  50	   3	 581	   1	   2	  11	  19	  28	  50	  70	  30	 516	1578673	1579254	   0	 150	
 647	 648	  30	   4	 697	   3	   2	  11	  19	  29	  50	  70	  30	 393	1580957	1581654	   0	 150	
 648	 649	  50	   2	 563	   1	   1	  12	  19	  29	  50	  70	  30	 521	1583491	1584054	   0	 140	
 649	 650	  30	   3	 684	   3	   2	  12	  19	  30	  50	  70	  30	 691	1586042	1586726	   0	 140	
 650	 651	  70	   2	 730	   2	   1	  12	  20	  30	  50	  70	  30	 439	1588476	1589206	   0	 130	
 651	 652	  30	   4	 859	   3	   2	  12	  20	   1	  50	  70	  30	 312	1590827	1591686	   0	 130	
 652	 653	  50	   2	 739	   1	   1	  13	  20	   1	  50	  70	  30	 422	1593411	1594150	   0	 120	
 653	 654	  70	   2	 684	   2	   1	  13	  21	   1	  50	  70	  30	 499	1595962	1596646	   0	 110	
 654	 655	  50	   1	 690	   1	   1	  14	  21	   1	  50	  70	  30	 639	1598596	1599286	   0	 120	
 655	 656	  70	   1	1031	   2	   1	  14	  22	   1	  50	  70	  30	 660	1601247	1602278	   0	 130	
 656	 657	  30	   4	 672	   3	   2	  14	  22	   2	  50	  70	  30	 625	1604214	1604886	   0	 130	
 657	 658	  50	   1	 581	   1	   1	  15	  22	   2	  50	  70	  30	 668	1606865	1607446	   0	 140	
 658	 659	  30	   4	 695	   3	   2	  15	  22	   3	  50	  70	  30	 430	1609183	1609878	   0	 140	
 659	 660	  70	   1	 467	   2	   1	  15	  23	   3	  50	  70	  30	 507	1611683	1612150	   0	 150	
 660	 661	  30	   2	 620	   3	   1	  15	  23	   4	  50	  70	  30	 373	1613834	1614454	   0	 140	
 661	 662	  70	   1	 503	   2	   1	  15	  24	   4	  50	  70	  30	 576	1616351	1616854	   0	 150	
 662	 663	  30	   3	 493	   3	   2	  15	  24	   5	  50	  70	  30	 401	1618569	1619062	   0	 150	
 663	 664	  70	   3	 667	   2	   2	  15	  25	   5	  50	  70	  30	 649	1621019	1621686	   0	 150	
 664	 665	  50	   2	 696	   1	   1	  16	  25	   5	  50	  70	  30	 474	1623470	1624166	   0	 140	
 665	 666	  30	   2	 514	   3	   1	  16	  25	   6	  50	  70	  30	 542	1626004	1626518	   0	 130	
 666	 667	  70	   1	 714	   2	   1	  16	  26	   6	  50	  70	  30	 333	1628172	1628886	   0	 140	
 667	 668	  30	   3	 632	   3	   2	  16	  26	   7	  50	  70	  30	 411	1630606	1631238	   0	 140	
 668	 669	  50	   3	 960	   1	   2	  17	  26	   7	  50	  70	  30	 633	1633190	1634150	   0	 140	
 669	 670	  70	   2	 571	   2	   1	  17	  27	   7	  50	  70	  30	 661	1636107	1636678	   0	 130	
 670	 671	  50	   2	 581	   1	   1	  18	  27	   7	  50	  70	  30	 647	1638625	1639206	   0	 120	
 671	 672	  30	   4	 773	   3	   2	  18	  27	   8	  50	  70	  30	 495	1641025	1641798	   0	 120	
 672	 673	  70	   1	 544	   2	   1	  18	  28	   8	  50	  70	  30	 400	1643510	1644054	   0	 130	
 673	 674	  30	   4	 549	   3	   2	  18	  28	   9	  50	  70	  30	 418	1645777	1646326	   0	 130	
 674	 675	  50	   3	 554	   1	   2	  19	  28	   9	  50	  70	  30	 407	1648044	1648598	   0	 130	
 675	 676	  70	   1	 518	   2	   1	  19	  29	   9	  50	  70	  30	 617	1650528	1651046	   0	 140	
 676	 677	  30	   3	 438	   3	   2	  19	  29	  10	  50	  70	  30	 537	1652896	1653334	   0	 140	
 677	 678	  50	   2	1128	   1	   1	  20	  29	  10	  50	  70	  30	 598	1655246	1656374	   0	 130	
 678	 679	  70	   2	 489	   2	   1	  20	  30	  10	  50	  70	  30	 315	1657997	1658486	   0	 120	
 679	 680	  50	   3	 639	   1	   2	  21	  30	  10	  50	  70	  30	 402	1660198	1660837	   0	 120	
 680	 681	  30	   2	 868	   3	   1	  21	  30	  11	  50	  70	  30	 309	1662449	1663317	   0	 110	
 681	 682	  50	   1	1492	   1	   1	  22	  30	  11	  50	  70	  30	 589	1665233	1666725	   0	 120	
 682	 683	  30	   4	 655	   3	   2	  22	  30	  12	  50	  70	  30	 526	1668550	1669205	   0	 120	
 683	 684	  50	   1	 673	   1	   1	  23	  30	  12	  50	  70	  30	 370	1670884	1671557	   0	 130	
 684	 685	  70	   1	 571	   2	   1	  23	  31	  12	  50	  70	  30	 558	1673418	1673989	   0	 140	
 685	 686	  50	   2	 536	   1	   1	  24	  31	  12	  50	  70	  30	 579	1675869	1676405	   0	 130	
 686	 687	  70	   1	 450	   2	   1	  24	  32	  12	  50	  70	  30	 682	1678403	1678853	   0	 140	
 687	 688	  50	   2	 386	   1	   1	  25	  32	  12	  50	  70	  30	 620	1680787	1681173	   0	 130	
 688	 689	  30	   2	 504	   3	   1	  25	  32	  13	  50	  70	  30	 531	1683021	1683525	   0	 120	
 689	 690	  50	   2	 836	   1	   1	  26	  32	  13	  50	  70	  30	 669	1685505	1686341	   0	 110	
 690	 691	  30	   4	 673	   3	   2	  26	  32	  14	  50	  70	  30	 692	1688340	1689013	   0	 110	
 691	 692	  70	   1	 489	   2	   1	  26	  33	  14	  50	  70	  30	 607	1690940	1691429	   0	 120	
 692	 693	  30	   3	 806	   3	   2	  26	  33	  15	  50	  70	  30	 649	1693391	1694197	   0	 120	
 693	 694	  50	   2	 522	   1	   1	  27	  33	  15	  50	  70	  30	 576	1696075	1696597	   0	 110	
 694	 695	  70	   2	 441	   2	   1	  27	  34	  15	  50	  70	  30	 572	1698476	1698917	   0	 100	
 695	 696	  30	   4	 880	   3	   2	  27	  34	  16	  50	  70	  30	 478	1700693	1701573	   0	 100	
 696	 697	  50	   1	 525	   1	   1	  28	  34	  16	  50	  70	  30	 649	1703528	1704053	   0	 110	
 697	 698	  30	   2	 571	   3	   1	  28	  34	  17	  50	  70	  30	 604	1705962	1706533	   0	 100	
 698	 699	  50	   2	1030	   1	   1	  29	  34	  17	  50	  70	  30	 646	1708479	1709509	   0	  90	
 699	 700	  30	   4	 789	   3	   2	  29	  34	  18	  50	  70	  30	 470	1711280	1712069	   0	  90	
 700	 701	  70	   1	 532	   2	   1	  29	  35	  18	  50	  70	  30	 319	1713697	1714229	   0	 100	
 701	 702	  30	   1	 626	   3	   1	  29	  35	  19	  50	  70	  30	 573	1716131	1716757	   0	 110	
 702	 703	  50	   1	 730	   1	   1	  30	  35	  19	  50	  70	  30	 662	1718715	1719445	   0	 120	
 703	 704	  30	   1	 618	   3	   1	  30	  35	  20	  50	  70	  30	 355	1721099	1721717	   0	 130	
 704	 705	  50	   2	 471	   1	   1	  31	  35	  20	  50	  70	  30	 526	1723550	1724021	   0	 120	
 705	 706	  70	   1	 581	   2	   1	  31	   1	  20	  50	  70	  30	 658	1725984	1726565	   0	 130	
 706	 707	  50	   2	 673	   1	   1	  32	   1	  20	  50	  70	  30	 591	1728468	1729141	   0	 120	
 707	 708	  30	   1	 737	   3	   1	  32	   1	  21	  50	  70	  30	 382	1730836	1731573	   0	 130	
 708	 709	  50	   1	 685	   1	   1	  33	   1	  21	  50	  70	  30	 462	1733336	1734021	   0	 140	
 709	 710	  30	   2	 549	   3	   1	  33	   1	  22	  50	  70	  30	 576	1735904	1736453	   0	 130	
 710	 711	  70	   1	 627	   2	   1	  33	   2	  22	  50	  70	  30	 534	1738305	1738932	   0	 140	
 711	 712	  50	   2	1001	   1	   1	   1	   2	  22	  50	  70	  30	 311	1740555	1741556	   0	 130	
