Version: 1	Number of symbols: 3	Pictures exchange: true	Response Deadline: 2000
Trial_No	Virt_Trial_No	Prob_Shown	Feedback	RT	Stimulus_No	Resp	SymbolA_Stage	SymbolB_Stage	SymbolC_Stage	Prob_A	Prob_B	Prob_C	Jitter	StimOnset	RespOnset	Symbol_Changes	Bonus_sum
   1	   1	  30	   2	1362	   1	   1	   1	   0	   0	  30	  70	  50	 596	1783	3145	   0	 -10	
   2	   2	  50	   2	1944	   3	   1	   1	   0	   1	  30	  70	  50	 358	4801	6745	   0	 -20	
   3	   3	  30	   4	1073	   1	   2	   2	   0	   1	  30	  70	  50	 526	8568	9641	   0	 -20	
NaN	   4	  50	NaN	NaN	   3	   3	   2	   0	   1	  30	  70	  50	 530	8568	NaN	   0	 -20	
   4	   5	  70	   1	 861	   2	   1	   2	   1	   1	  30	  70	  50	 679	15420	16281	   0	 -10	
   5	   6	  30	   4	 754	   1	   2	   3	   1	   1	  30	  70	  50	 473	18054	18808	   0	 -10	
   6	   7	  50	   1	 609	   3	   1	   3	   1	   2	  30	  70	  50	 335	20455	21064	   0	   0	
   7	   8	  70	   1	 727	   2	   1	   3	   2	   2	  30	  70	  50	 321	22689	23416	   0	  10	
   8	   9	  50	   2	 553	   3	   1	   3	   2	   3	  30	  70	  50	 697	25407	25960	   0	   0	
   9	  10	  30	   3	 637	   1	   2	   4	   2	   3	  30	  70	  50	 443	27707	28344	   0	   0	
  10	  11	  50	   2	1081	   3	   1	   4	   2	   4	  30	  70	  50	 517	30175	31256	   0	 -10	
  11	  12	  70	   1	 654	   2	   1	   4	   3	   4	  30	  70	  50	 618	33226	33880	   0	   0	
  12	  13	  50	   1	 908	   3	   1	   4	   3	   5	  30	  70	  50	 484	35676	36584	   0	  10	
  13	  14	  70	   2	 872	   2	   1	   4	   4	   5	  30	  70	  50	 660	38544	39416	   0	   0	
  14	  15	  50	   4	 900	   3	   2	   4	   4	   6	  30	  70	  50	 315	41044	41944	   0	   0	
  15	  16	  30	   3	1021	   1	   2	   5	   4	   6	  30	  70	  50	 319	43579	44600	   0	   0	
  16	  17	  70	   2	 679	   2	   1	   5	   5	   6	  30	  70	  50	 611	46513	47192	   0	 -10	
  17	  18	  50	   1	 707	   3	   1	   5	   5	   7	  30	  70	  50	 508	48997	49704	   0	   0	
  18	  19	  70	   1	 766	   2	   1	   5	   6	   7	  30	  70	  50	 490	51498	52264	   0	  10	
  19	  20	  30	   2	 972	   1	   1	   6	   6	   7	  30	  70	  50	 365	53948	54920	   0	   0	
  20	  21	  50	   1	 634	   3	   1	   6	   6	   8	  30	  70	  50	 534	56766	57400	   0	  10	
  21	  22	  30	   4	 586	   1	   2	   7	   6	   8	  30	  70	  50	 434	59166	59752	   0	  10	
  22	  23	  50	   2	 905	   3	   1	   7	   6	   9	  30	  70	  50	 508	61567	62472	   0	   0	
  23	  24	  30	   4	 737	   1	   2	   8	   6	   9	  30	  70	  50	 373	64151	64888	   0	   0	
  24	  25	  70	   1	 569	   2	   1	   8	   7	   9	  30	  70	  50	 509	66702	67271	   0	  10	
  25	  26	  50	   1	 820	   3	   1	   8	   7	  10	  30	  70	  50	 625	69203	70023	   0	  20	
  26	  27	  30	   4	1246	   1	   2	   9	   7	  10	  30	  70	  50	 411	71737	72983	   0	  20	
  27	  28	  50	   1	 498	   3	   1	   9	   7	  11	  30	  70	  50	 535	74821	75319	   0	  30	
  28	  29	  70	   1	 575	   2	   1	   9	   8	  11	  30	  70	  50	 646	77272	77847	   0	  40	
  29	  30	  50	   2	 745	   3	   1	   9	   8	  12	  30	  70	  50	 674	79822	80567	   0	  30	
  30	  31	  70	   1	 686	   2	   1	   9	   9	  12	  30	  70	  50	 597	82457	83143	   0	  40	
  31	  32	  50	   1	 954	   3	   1	   9	   9	  13	  30	  70	  50	 497	84957	85911	   0	  50	
  32	  33	  30	   3	 636	   1	   2	  10	   9	  13	  30	  70	  50	 479	87691	88327	   0	  50	
  33	  34	  70	   2	 754	   2	   1	  10	  10	  13	  30	  70	  50	 670	90309	91063	   0	  40	
  34	  35	  30	   4	 979	   1	   2	  11	  10	  13	  30	  70	  50	 302	92676	93655	   0	  40	
  35	  36	  70	   1	 623	   2	   1	  11	  11	  13	  30	  70	  50	 609	95560	96183	   0	  50	
  36	  37	  50	   1	 656	   3	   1	  11	  11	  14	  30	  70	  50	 420	97911	98567	   0	  60	
  37	  38	  30	   3	1063	   1	   2	  12	  11	  14	  30	  70	  50	 631	100512	101575	   0	  60	
  38	  39	  70	   2	 522	   2	   1	  12	  12	  14	  30	  70	  50	 358	103229	103751	   0	  50	
  39	  40	  30	   2	 746	   1	   1	  13	  12	  14	  30	  70	  50	 532	105597	106343	   0	  40	
  40	  41	  50	   2	 712	   3	   1	  13	  12	  15	  30	  70	  50	 403	108047	108759	   0	  30	
  41	  42	  70	   1	 936	   2	   1	  13	  13	  15	  30	  70	  50	 332	110415	111351	   0	  40	
  42	  43	  30	   4	 665	   1	   2	  14	  13	  15	  30	  70	  50	 502	113166	113831	   0	  40	
  43	  44	  70	   1	 557	   2	   1	  14	  14	  15	  30	  70	  50	 690	115833	116390	   0	  50	
  44	  45	  50	   1	 488	   3	   1	  14	  14	  16	  30	  70	  50	 649	118350	118838	   0	  60	
  45	  46	  30	   4	 436	   1	   2	  15	  14	  16	  30	  70	  50	 684	120834	121270	   0	  60	
  46	  47	  70	   1	 522	   2	   1	  15	  15	  16	  30	  70	  50	 468	123052	123574	   0	  70	
  47	  48	  30	   3	 582	   1	   2	  16	  15	  16	  30	  70	  50	 679	125552	126134	   0	  70	
  48	  49	  70	   2	 525	   2	   1	  16	  16	  16	  30	  70	  50	 687	128137	128662	   0	  60	
  49	  50	  30	   4	1291	   1	   2	  17	  16	  16	  30	  70	  50	 609	130571	131862	   0	  60	
  50	  51	  70	   1	 645	   2	   1	  17	  17	  16	  30	  70	  50	 341	133505	134150	   0	  70	
  51	  52	  30	   4	 630	   1	   2	  18	  17	  16	  30	  70	  50	 408	135872	136502	   0	  70	
  52	  53	  70	   1	 423	   2	   1	  18	  18	  16	  30	  70	  50	 427	138223	138646	   0	  80	
  53	  54	  30	   3	 625	   1	   2	  19	  18	  16	  30	  70	  50	 404	140357	140982	   0	  80	
  54	  55	  70	   4	 501	   2	   2	  19	  19	  16	  30	  70	  50	 348	142641	143142	   0	  80	
  55	  56	  50	   2	 839	   3	   1	  19	  19	  17	  30	  70	  50	 524	144975	145814	   0	  70	
  56	  57	  30	   4	 944	   1	   2	  20	  19	  17	  30	  70	  50	 414	147526	148470	   0	  70	
  57	  58	  70	   1	 609	   2	   1	  20	  20	  17	  30	  70	  50	 529	150293	150902	   0	  80	
  58	  59	  50	   2	 785	   3	   1	  20	  20	  18	  30	  70	  50	 475	152677	153462	   0	  70	
  59	  60	  30	   4	 833	   1	   2	  21	  20	  18	  30	  70	  50	 677	155445	156278	   0	  70	
  60	  61	  50	   1	 742	   3	   1	  21	  20	  19	  30	  70	  50	 527	158112	158854	   0	  80	
  61	  62	  70	   1	 554	   2	   1	  21	  21	  19	  30	  70	  50	 617	160796	161350	   0	  90	
  62	  63	  50	   2	 925	   3	   1	  21	  21	  20	  30	  70	  50	 435	163097	164022	   0	  80	
  63	  64	  70	   2	 680	   2	   1	  21	  22	  20	  30	  70	  50	 652	165981	166661	   0	  70	
  64	  65	  50	   4	1054	   3	   2	  21	  22	  21	  30	  70	  50	 633	168615	169669	   0	  70	
  65	  66	  30	   3	 812	   1	   2	  22	  22	  21	  30	  70	  50	 465	171449	172261	   0	  70	
  66	  67	  70	   3	 560	   2	   2	  22	  23	  21	  30	  70	  50	 580	174133	174693	   0	  70	
  67	  68	  30	   2	 850	   1	   1	  23	  23	  21	  30	  70	  50	 460	176451	177301	   0	  60	
  68	  69	  50	   1	 741	   3	   1	  23	  23	  22	  30	  70	  50	 556	179168	179909	   0	  70	
  69	  70	  70	   1	 959	   2	   1	  23	  24	  22	  30	  70	  50	 474	181686	182645	   0	  80	
  70	  71	  50	   4	 699	   3	   2	  23	  24	  23	  30	  70	  50	 622	184570	185269	   0	  80	
  71	  72	  70	   1	 569	   2	   1	  23	  25	  23	  30	  70	  50	 407	187004	187573	   0	  90	
  72	  73	  50	   2	 921	   3	   1	  23	  25	  24	  30	  70	  50	 509	189388	190309	   0	  80	
  73	  74	  70	   2	 668	   2	   1	  23	  26	  24	  30	  70	  50	 474	192089	192757	   0	  70	
  74	  75	  50	   1	 492	   3	   1	  23	  26	  25	  30	  70	  50	 399	194473	194965	   0	  80	
  75	  76	  70	   1	 477	   2	   1	  23	  27	  25	  30	  70	  50	 577	196840	197317	   0	  90	
  76	  77	  50	   2	 718	   3	   1	  23	  27	  26	  30	  70	  50	 587	199207	199925	   0	  80	
  77	  78	  70	   1	 527	   2	   1	  23	  28	  26	  30	  70	  50	 321	201558	202085	   0	  90	
  78	  79	  50	   3	 687	   3	   2	  23	  28	  27	  30	  70	  50	 559	203942	204629	   0	  90	
  79	  80	  30	   4	 784	   1	   2	  24	  28	  27	  30	  70	  50	 358	206293	207077	   0	  90	
  80	  81	  70	   2	 479	   2	   1	  24	  29	  27	  30	  70	  50	 319	208710	209189	   0	  80	
  81	  82	  30	   2	 746	   1	   1	  25	  29	  27	  30	  70	  50	 315	210827	211573	   0	  70	
  82	  83	  50	   1	 692	   3	   1	  25	  29	  28	  30	  70	  50	 458	213328	214020	   0	  80	
  83	  84	  30	   3	 686	   1	   2	  26	  29	  28	  30	  70	  50	 529	215846	216532	   0	  80	
  84	  85	  70	   3	 589	   2	   2	  26	  30	  28	  30	  70	  50	 418	218263	218852	   0	  80	
  85	  86	  50	   2	1039	   3	   1	  26	  30	  29	  30	  70	  50	 434	220597	221636	   0	  70	
  86	  87	  70	   1	 738	   2	   1	  26	  31	  29	  30	  70	  50	 366	223314	224052	   0	  80	
  87	  88	  50	   3	 801	   3	   2	  26	  31	  30	  30	  70	  50	 358	225715	226516	   0	  80	
  88	  89	  30	   4	 780	   1	   2	  27	  31	  30	  30	  70	  50	 406	228232	229012	   0	  80	
  89	  90	  70	   2	 525	   2	   1	  27	  32	  30	  30	  70	  50	 677	230983	231508	   0	  70	
  90	  91	  30	   2	1013	   3	   1	  27	  32	   1	  30	  70	  30	 340	233167	234180	   3	  60	
  91	  92	  70	   1	 713	   2	   1	  27	  33	   1	  30	  70	  30	 351	235851	236564	   0	  70	
  92	  93	  30	   4	 712	   1	   2	  28	  33	   1	  30	  70	  30	 384	238252	238964	   0	  70	
  93	  94	  30	   1	 829	   3	   1	  28	  33	   2	  30	  70	  30	 647	240903	241732	   0	  80	
  94	  95	  30	   3	 660	   1	   2	  29	  33	   2	  30	  70	  30	 491	243520	244180	   0	  80	
  95	  96	  20	   2	1172	   2	   1	  29	   1	   2	  30	  20	  30	 393	245904	247076	   2	  70	
  96	  97	  30	   4	 759	   1	   2	  30	   1	   2	  30	  20	  30	 625	249005	249764	   0	  70	
  97	  98	  30	   2	 787	   3	   1	  30	   1	   3	  30	  20	  30	 417	251489	252276	   0	  60	
  98	  99	  30	   4	 678	   1	   2	  31	   1	   3	  30	  20	  30	 598	254190	254868	   0	  60	
  99	 100	  30	   2	 637	   3	   1	  31	   1	   4	  30	  20	  30	 616	256791	257428	   0	  50	
 100	 101	  20	   2	 598	   2	   1	  31	   2	   4	  30	  20	  30	 603	259342	259940	   0	  40	
 101	 102	  30	   3	1343	   1	   2	  32	   2	   4	  30	  20	  30	 611	261876	263219	   0	  40	
 102	 103	  20	   3	1365	   2	   2	  32	   3	   4	  30	  20	  30	 406	264926	266291	   0	  40	
 103	 104	  30	   4	 808	   3	   2	  32	   3	   5	  30	  20	  30	 421	268027	268835	   0	  40	
 104	 105	  20	   2	 695	   2	   1	  32	   4	   5	  30	  20	  30	 667	270812	271507	   0	  30	
 105	 106	  30	   1	 641	   3	   1	  32	   4	   6	  30	  20	  30	 557	273362	274003	   0	  40	
 106	 107	  20	   2	 587	   2	   1	  32	   5	   6	  30	  20	  30	 570	275880	276467	   0	  30	
 107	 108	  30	   2	 634	   3	   1	  32	   5	   7	  30	  20	  30	 515	278297	278931	   0	  20	
 108	 109	  20	   3	 705	   2	   2	  32	   6	   7	  30	  20	  30	 653	280898	281603	   0	  20	
 109	 110	  30	   4	 744	   1	   2	  33	   6	   7	  30	  20	  30	 584	283499	284243	   0	  20	
 110	 111	  30	   2	 880	   3	   1	  33	   6	   8	  30	  20	  30	 545	286083	286963	   0	  10	
 111	 112	  20	   2	1128	   2	   1	  33	   7	   8	  30	  20	  30	 398	288683	289811	   0	   0	
 112	 113	  30	   2	1295	   3	   1	  33	   7	   9	  30	  20	  30	 564	291668	292963	   0	 -10	
 113	 114	  30	   4	 722	   1	   2	  34	   7	   9	  30	  20	  30	 518	294785	295507	   0	 -10	
 114	 115	  30	   3	1028	   3	   2	  34	   7	  10	  30	  20	  30	 302	297119	298147	   0	 -10	
 115	 116	  30	   4	 560	   1	   2	  35	   7	  10	  30	  20	  30	 550	300003	300563	   0	 -10	
 116	 117	  30	   1	 517	   3	   1	  35	   7	  11	  30	  20	  30	 382	302254	302771	   0	   0	
 117	 118	  80	   1	 983	   1	   1	   1	   7	  11	  80	  20	  30	 489	304588	305571	   1	  10	
 118	 119	  30	   2	 737	   3	   1	   1	   7	  12	  80	  20	  30	 626	307506	308243	   0	   0	
 119	 120	  20	   2	 687	   2	   1	   1	   8	  12	  80	  20	  30	 370	309923	310610	   0	 -10	
 120	 121	  80	   1	 774	   1	   1	   2	   8	  12	  80	  20	  30	 616	312540	313314	   0	   0	
 121	 122	  30	   4	 824	   3	   2	   2	   8	  13	  80	  20	  30	 619	315258	316082	   0	   0	
 122	 123	  80	   2	 525	   1	   1	   3	   8	  13	  80	  20	  30	 518	317909	318434	   0	 -10	
 123	 124	  30	   2	 771	   3	   1	   3	   8	  14	  80	  20	  30	 402	320143	320914	   0	 -20	
 124	 125	  80	   1	 570	   1	   1	   4	   8	  14	  80	  20	  30	 546	322760	323330	   0	 -10	
 125	 126	  30	   3	 693	   3	   2	   4	   8	  15	  80	  20	  30	 639	325277	325970	   0	 -10	
 126	 127	  80	   1	 572	   1	   1	   5	   8	  15	  80	  20	  30	 586	327862	328434	   0	   0	
 127	 128	  30	   2	 526	   3	   1	   5	   8	  16	  80	  20	  30	 459	330196	330722	   0	 -10	
 128	 129	  20	   2	 691	   2	   1	   5	   9	  16	  80	  20	  30	 431	332463	333154	   0	 -20	
 129	 130	  80	   4	 689	   1	   2	   6	   9	  16	  80	  20	  30	 431	334897	335586	   0	 -20	
 130	 131	  30	   2	 574	   3	   1	   6	   9	  17	  80	  20	  30	 476	337364	337938	   0	 -30	
 131	 132	  80	   1	 606	   1	   1	   7	   9	  17	  80	  20	  30	 469	339732	340338	   0	 -20	
 132	 133	  30	   2	 387	   3	   1	   7	   9	  18	  80	  20	  30	 352	341999	342386	   0	 -30	
 133	 134	  80	   1	 470	   1	   1	   8	   9	  18	  80	  20	  30	 599	344300	344770	   0	 -20	
 134	 135	  20	   4	 772	   2	   2	   8	  10	  18	  80	  20	  30	 651	346734	347506	   0	 -20	
 135	 136	  80	   1	 555	   1	   1	   9	  10	  18	  80	  20	  30	 535	349351	349906	   0	 -10	
 136	 137	  20	   1	 709	   2	   1	   9	  11	  18	  80	  20	  30	 665	351885	352594	   0	   0	
 137	 138	  80	   3	 937	   1	   2	  10	  11	  18	  80	  20	  30	 658	354553	355490	   0	   0	
 138	 139	  20	   4	 986	   2	   2	  10	  12	  18	  80	  20	  30	 488	357287	358273	   0	   0	
 139	 140	  30	   1	 517	   3	   1	  10	  12	  19	  80	  20	  30	 627	360204	360721	   0	  10	
 140	 141	  80	   2	 701	   1	   1	  11	  12	  19	  80	  20	  30	 357	362388	363089	   0	   0	
 141	 142	  30	   2	 865	   3	   1	  11	  12	  20	  80	  20	  30	 631	365056	365921	   0	 -10	
 142	 143	  20	   2	1326	   2	   1	  11	  13	  20	  80	  20	  30	 673	367907	369233	   0	 -20	
 143	 144	  80	   1	 598	   1	   1	  12	  13	  20	  80	  20	  30	 356	370891	371489	   0	 -10	
 144	 145	  30	   3	 689	   3	   2	  12	  13	  21	  80	  20	  30	 610	373408	374097	   0	 -10	
 145	 146	  20	   4	1123	   2	   2	  12	  14	  21	  80	  20	  30	 343	375742	376865	   0	 -10	
 146	 147	  30	   2	 647	   3	   1	  12	  14	  22	  80	  20	  30	 645	378810	379457	   0	 -20	
 147	 148	  20	   4	 743	   2	   2	  12	  15	  22	  80	  20	  30	 438	381210	381953	   0	 -20	
 148	 149	  80	   1	 440	   1	   1	  13	  15	  22	  80	  20	  30	 699	383961	384401	   0	 -10	
 149	 150	  20	   2	 698	   2	   1	  13	  16	  22	  80	  20	  30	 592	386295	386993	   0	 -20	
 150	 151	  80	   1	 542	   1	   1	  14	  16	  22	  80	  20	  30	 671	388979	389521	   0	 -10	
 151	 152	  20	   2	 519	   2	   1	  14	  17	  22	  80	  20	  30	 685	391530	392049	   0	 -20	
 152	 153	  30	   2	 491	   3	   1	  14	  17	  23	  80	  20	  30	 455	393814	394305	   0	 -30	
 153	 154	  20	   1	 567	   2	   1	  14	  18	  23	  80	  20	  30	 685	396298	396865	   0	 -20	
 154	 155	  80	   1	 892	   1	   1	  15	  18	  23	  80	  20	  30	 393	398565	399457	   0	 -10	
 155	 156	  30	   4	 611	   3	   2	  15	  18	  24	  80	  20	  30	 382	401150	401761	   0	 -10	
 156	 157	  80	   1	 449	   1	   1	  16	  18	  24	  80	  20	  30	 520	403584	404033	   0	   0	
 157	 158	  20	   2	 443	   2	   1	  16	  19	  24	  80	  20	  30	 358	405701	406144	   0	 -10	
 158	 159	  30	   2	 446	   3	   1	  16	  19	  25	  80	  20	  30	 562	408002	408448	   0	 -20	
 159	 160	  80	   3	 547	   1	   2	  17	  19	  25	  80	  20	  30	 502	410269	410816	   0	 -20	
 160	 161	  20	   4	 852	   2	   2	  17	  20	  25	  80	  20	  30	 498	412636	413488	   0	 -20	
 161	 162	  30	   2	 415	   3	   1	  17	  20	  26	  80	  20	  30	 325	415137	415552	   0	 -30	
 162	 163	  80	   2	 793	   1	   1	  18	  20	  26	  80	  20	  30	 408	417271	418064	   0	 -40	
 163	 164	  30	   1	 524	   3	   1	  18	  20	  27	  80	  20	  30	 603	419972	420496	   0	 -30	
 164	 165	  20	   4	 791	   2	   2	  18	  21	  27	  80	  20	  30	 687	422489	423280	   0	 -30	
 165	 166	  30	   2	 370	   3	   1	  18	  21	  28	  80	  20	  30	 409	424990	425360	   0	 -40	
 166	 167	  80	   1	 308	   1	   1	  19	  21	  28	  80	  20	  30	 649	427324	427632	   0	 -30	
 167	 168	  30	   4	 460	   3	   2	  19	  21	  29	  80	  20	  30	 565	429508	429968	   0	 -30	
 168	 169	  20	   2	1033	   2	   1	  19	  22	  29	  80	  20	  30	 682	431959	432992	   0	 -40	
 169	 170	  30	   1	 625	   3	   1	  19	  22	  30	  80	  20	  30	 632	434943	435568	   0	 -30	
 170	 171	  80	   1	 502	   1	   1	  20	  22	  30	  80	  20	  30	 338	437210	437712	   0	 -20	
 171	 172	  30	   4	 593	   3	   2	  20	  22	  31	  80	  20	  30	 679	439711	440304	   0	 -20	
 172	 173	  20	   1	 667	   2	   1	  20	  23	  31	  80	  20	  30	 642	442245	442912	   0	 -10	
 173	 174	  80	   1	 525	   1	   1	  21	  23	  31	  80	  20	  30	 354	444579	445104	   0	   0	
 174	 175	  30	   4	 852	   3	   2	  21	  23	  32	  80	  20	  30	 386	446796	447648	   0	   0	
 175	 176	  80	   1	 608	   1	   1	  22	  23	  32	  80	  20	  30	 328	449280	449888	   0	  10	
 176	 177	  30	   2	 664	   3	   1	  22	  23	  33	  80	  20	  30	 672	451864	452528	   0	   0	
 177	 178	  80	   4	 841	   1	   2	  23	  23	  33	  80	  20	  30	 381	454215	455056	   0	   0	
 178	 179	  30	   1	 477	   3	   1	  23	  23	  34	  80	  20	  30	 498	456866	457343	   0	  10	
 179	 180	  20	   4	 910	   2	   2	  23	  24	  34	  80	  20	  30	 577	459217	460127	   0	  10	
 180	 181	  30	   2	 517	   3	   1	  23	  24	  35	  80	  20	  30	 408	461834	462351	   0	   0	
 181	 182	  20	   1	 565	   2	   1	  23	  25	  35	  80	  20	  30	 535	464218	464783	   0	  10	
 182	 183	  80	   1	 555	   1	   1	  24	  25	  35	  80	  20	  30	 354	466452	467007	   0	  20	
 183	 184	  70	   3	1020	   3	   2	  24	  25	   1	  80	  20	  70	 476	468803	469823	   3	  20	
 184	 185	  20	   4	 754	   2	   2	  24	  26	   1	  80	  20	  70	 316	471453	472207	   0	  20	
 185	 186	  70	   2	 820	   3	   1	  24	  26	   2	  80	  20	  70	 661	474171	474991	   0	  10	
 186	 187	  20	   4	 782	   2	   2	  24	  27	   2	  80	  20	  70	 405	476705	477487	   0	  10	
 187	 188	  70	   1	 701	   3	   1	  24	  27	   3	  80	  20	  70	 307	479106	479807	   0	  20	
 188	 189	  20	   2	 569	   2	   1	  24	  28	   3	  80	  20	  70	 477	481590	482159	   0	  10	
 189	 190	  80	   2	 401	   1	   1	  25	  28	   3	  80	  20	  70	 318	483790	484191	   0	   0	
 190	 191	  70	   2	 439	   3	   1	  25	  28	   4	  80	  20	  70	 529	486024	486463	   0	 -10	
 191	 192	  80	   1	 853	   1	   1	  26	  28	   4	  80	  20	  70	 651	488442	489295	   0	   0	
 192	 193	  20	   4	 589	   2	   2	  26	  29	   4	  80	  20	  70	 436	491042	491631	   0	   0	
 193	 194	  70	   3	1028	   3	   2	  26	  29	   5	  80	  20	  70	 681	493627	494655	   0	   0	
 194	 195	  20	   2	1214	   2	   1	  26	  30	   5	  80	  20	  70	 623	496577	497791	   0	 -10	
 195	 196	  70	   1	 656	   3	   1	  26	  30	   6	  80	  20	  70	 600	499695	500351	   0	   0	
 196	 197	  80	   1	 692	   1	   1	  27	  30	   6	  80	  20	  70	 319	501979	502671	   0	  10	
 197	 198	  50	   3	 958	   2	   2	  27	   1	   6	  80	  50	  70	 492	504480	505438	   2	  10	
 198	 199	  70	   1	 831	   3	   1	  27	   1	   7	  80	  50	  70	 485	507231	508062	   0	  20	
 199	 200	  50	   4	 753	   2	   2	  27	   2	   7	  80	  50	  70	 612	509981	510734	   0	  20	
 200	 201	  80	   1	 609	   1	   1	  28	   2	   7	  80	  50	  70	 320	512365	512974	   0	  30	
 201	 202	  70	   2	 657	   3	   1	  28	   2	   8	  80	  50	  70	 459	514749	515406	   0	  20	
 202	 203	  50	   1	 422	   2	   1	  28	   3	   8	  80	  50	  70	 696	517400	517822	   0	  30	
 203	 204	  70	   1	 724	   3	   1	  28	   3	   9	  80	  50	  70	 309	519434	520158	   0	  40	
 204	 205	  50	   2	 568	   2	   1	  28	   4	   9	  80	  50	  70	 632	522102	522670	   0	  30	
 205	 206	  70	   1	 630	   3	   1	  28	   4	  10	  80	  50	  70	 577	524552	525182	   0	  40	
 206	 207	  50	   2	 699	   2	   1	  28	   5	  10	  80	  50	  70	 321	526803	527502	   0	  30	
 207	 208	  80	   1	 518	   1	   1	  29	   5	  10	  80	  50	  70	 505	529320	529838	   0	  40	
 208	 209	  50	   3	 410	   2	   2	  29	   6	  10	  80	  50	  70	 452	531604	532014	   0	  40	
 209	 210	  80	   1	 754	   1	   1	  30	   6	  10	  80	  50	  70	 462	533772	534526	   0	  50	
 210	 211	  70	   2	 638	   3	   1	  30	   6	  11	  80	  50	  70	 438	536272	536910	   0	  40	
 211	 212	  50	   3	 824	   2	   2	  30	   7	  11	  80	  50	  70	 569	538806	539630	   0	  40	
 212	 213	  80	   1	 683	   1	   1	  31	   7	  11	  80	  50	  70	 552	541491	542174	   0	  50	
 213	 214	  70	   2	 851	   3	   1	  31	   7	  12	  80	  50	  70	 593	544075	544926	   0	  40	
 214	 215	  80	   1	 709	   1	   1	  32	   7	  12	  80	  50	  70	 565	546809	547518	   0	  50	
 215	 216	  70	   1	 535	   3	   1	  32	   7	  13	  80	  50	  70	 323	549143	549678	   0	  60	
 216	 217	  50	   4	 424	   2	   2	  32	   8	  13	  80	  50	  70	 513	551493	551917	   0	  60	
 217	 218	  80	   1	 647	   1	   1	  33	   8	  13	  80	  50	  70	 667	553894	554541	   0	  70	
 218	 219	  50	   4	1017	   2	   2	  33	   9	  13	  80	  50	  70	 361	556212	557229	   0	  70	
 219	 220	  20	   2	 931	   1	   1	   1	   9	  13	  20	  50	  70	 589	559146	560077	   1	  60	
 220	 221	  70	   1	 782	   3	   1	   1	   9	  14	  20	  50	  70	 668	562063	562845	   0	  70	
 221	 222	  50	   1	 902	   2	   1	   1	  10	  14	  20	  50	  70	 458	564631	565533	   0	  80	
 222	 223	  70	   1	 962	   3	   1	   1	  10	  15	  20	  50	  70	 673	567515	568477	   0	  90	
 223	 224	  20	   4	1399	   1	   2	   2	  10	  15	  20	  50	  70	 395	570166	571565	   0	  90	
 224	 225	  50	   4	1174	   2	   2	   2	  11	  15	  20	  50	  70	 496	573367	574541	   0	  90	
 225	 226	  70	   1	 664	   3	   1	   2	  11	  16	  20	  50	  70	 649	576501	577165	   0	 100	
 226	 227	  20	   2	 922	   1	   1	   3	  11	  16	  20	  50	  70	 353	578835	579757	   0	  90	
 227	 228	  70	   2	 699	   3	   1	   3	  11	  17	  20	  50	  70	 519	581586	582285	   0	  80	
 228	 229	  20	   1	 515	   1	   1	   4	  11	  17	  20	  50	  70	 597	584186	584701	   0	  90	
 229	 230	  50	   3	 801	   2	   2	   4	  12	  17	  20	  50	  70	 600	586620	587421	   0	  90	
 230	 231	  70	   1	 605	   3	   1	   4	  12	  18	  20	  50	  70	 362	589088	589693	   0	 100	
 231	 232	  50	   4	 797	   2	   2	   4	  13	  18	  20	  50	  70	 461	591472	592269	   0	 100	
 232	 233	  70	   1	 534	   3	   1	   4	  13	  19	  20	  50	  70	 452	594023	594557	   0	 110	
 233	 234	  20	   2	 714	   1	   1	   5	  13	  19	  20	  50	  70	 441	596307	597021	   0	 100	
 234	 235	  70	   1	 723	   3	   1	   5	  13	  20	  20	  50	  70	 547	598874	599597	   0	 110	
 235	 236	  20	   4	1251	   1	   2	   6	  13	  20	  20	  50	  70	 330	601225	602476	   0	 110	
 236	 237	  50	   4	 840	   2	   2	   6	  14	  20	  20	  50	  70	 482	604276	605116	   0	 110	
 237	 238	  70	   2	 684	   3	   1	   6	  14	  21	  20	  50	  70	 552	606976	607660	   0	 100	
 238	 239	  50	   3	 719	   2	   2	   6	  15	  21	  20	  50	  70	 307	609277	609996	   0	 100	
 239	 240	  70	   1	 594	   3	   1	   6	  15	  22	  20	  50	  70	 672	611978	612572	   0	 110	
 240	 241	  50	   3	1182	   2	   2	   6	  16	  22	  20	  50	  70	 583	614462	615644	   0	 110	
 241	 242	  20	   3	1353	   1	   2	   7	  16	  22	  20	  50	  70	 391	617363	618716	   0	 110	
 242	 243	  50	   4	 753	   2	   2	   7	  17	  22	  20	  50	  70	 323	620347	621100	   0	 110	
 243	 244	  20	   2	 657	   1	   1	   8	  17	  22	  20	  50	  70	 317	622731	623388	   0	 100	
 244	 245	  70	   1	 595	   3	   1	   8	  17	  23	  20	  50	  70	 378	625065	625660	   0	 110	
 245	 246	  50	   3	 856	   2	   2	   8	  18	  23	  20	  50	  70	 379	627332	628188	   0	 110	
 246	 247	  20	   4	 927	   1	   2	   9	  18	  23	  20	  50	  70	 445	629933	630860	   0	 110	
 247	 248	  50	   2	 633	   2	   1	   9	  19	  23	  20	  50	  70	 300	632467	633100	   0	 100	
 248	 249	  70	   1	 724	   3	   1	   9	  19	  24	  20	  50	  70	 580	634984	635708	   0	 110	
 249	 250	  20	   4	 701	   1	   2	  10	  19	  24	  20	  50	  70	 530	637535	638236	   0	 110	
 250	 251	  70	   1	 555	   3	   1	  10	  19	  25	  20	  50	  70	 415	639969	640524	   0	 120	
 251	 252	  50	   3	 691	   2	   2	  10	  20	  25	  20	  50	  70	 690	642537	643228	   0	 120	
 252	 253	  20	   4	1183	   1	   2	  11	  20	  25	  20	  50	  70	 491	645021	646204	   0	 120	
 253	 254	  70	   2	 592	   3	   1	  11	  20	  26	  20	  50	  70	 671	648188	648780	   0	 110	
 254	 255	  50	   3	 679	   2	   2	  11	  21	  26	  20	  50	  70	 667	650756	651435	   0	 110	
 255	 256	  70	   1	 935	   3	   1	  11	  21	  27	  20	  50	  70	 405	653140	654075	   0	 120	
 256	 257	  50	   2	 663	   2	   1	  11	  22	  27	  20	  50	  70	 533	655924	656587	   0	 110	
 257	 258	  70	   1	 572	   3	   1	  11	  22	  28	  20	  50	  70	 685	658575	659147	   0	 120	
 258	 259	  50	   4	 404	   2	   2	  11	  23	  28	  20	  50	  70	 698	661159	661563	   0	 120	
 259	 260	  70	   2	 494	   3	   1	  11	  23	  29	  20	  50	  70	 437	663309	663803	   0	 110	
 260	 261	  20	   4	1229	   1	   2	  12	  23	  29	  20	  50	  70	 605	665710	666939	   0	 110	
 261	 262	  70	   1	 696	   3	   1	  12	  23	  30	  20	  50	  70	 337	668611	669307	   0	 120	
 262	 263	  50	   4	1059	   2	   2	  12	  24	  30	  20	  50	  70	 515	671128	672187	   0	 120	
 263	 264	  20	   4	 798	   1	   2	  13	  24	  30	  20	  50	  70	 543	674029	674827	   0	 120	
 264	 265	  50	   2	 864	   3	   1	  13	  24	   1	  20	  50	  50	 607	676763	677627	   3	 110	
 265	 266	  50	   3	 889	   2	   2	  13	  25	   1	  20	  50	  50	 394	679314	680203	   0	 110	
 266	 267	  50	   2	 710	   3	   1	  13	  25	   2	  20	  50	  50	 658	682165	682875	   0	 100	
 267	 268	  50	   3	 771	   2	   2	  13	  26	   2	  20	  50	  50	 438	684616	685387	   0	 100	
 268	 269	  20	   3	1247	   1	   2	  14	  26	   2	  20	  50	  50	 402	687100	688347	   0	 100	
 269	 270	  50	   4	 918	   2	   2	  14	  27	   2	  20	  50	  50	 470	690117	691035	   0	 100	
 270	 271	  50	   3	 862	   3	   2	  14	  27	   3	  20	  50	  50	 340	692685	693547	   0	 100	
 271	 272	  50	   3	1046	   2	   2	  14	  28	   3	  20	  50	  50	 404	695269	696315	   0	 100	
 272	 273	  50	   2	 750	   3	   1	  14	  28	   4	  20	  50	  50	 610	698220	698970	   0	  90	
 273	 274	  50	   2	2006	   2	   1	  14	  29	   4	  20	  50	  50	 547	700820	702826	   0	  80	
 274	 275	  20	   4	 757	   1	   2	  15	  29	   4	  20	  50	  50	 662	704805	705562	   0	  80	
 275	 276	  50	   3	 943	   3	   2	  15	  29	   5	  20	  50	  50	 473	707339	708282	   0	  80	
 276	 277	  50	   3	 945	   2	   2	  15	  30	   5	  20	  50	  50	 497	710073	711018	   0	  80	
 277	 278	  20	   3	1046	   1	   2	  16	  30	   5	  20	  50	  50	 408	712724	713770	   0	  80	
 278	 279	  50	   1	1095	   3	   1	  16	  30	   6	  20	  50	  50	 402	715475	716570	   0	  90	
 279	 280	  20	   4	 949	   1	   2	  17	  30	   6	  20	  50	  50	 436	718309	719258	   0	  90	
 280	 281	  50	   2	 610	   3	   1	  17	  30	   7	  20	  50	  50	 610	721176	721786	   0	  80	
 281	 282	  20	   4	1176	   1	   2	  18	  30	   7	  20	  50	  50	 689	723794	724970	   0	  80	
 282	 283	  50	   4	 723	   3	   2	  18	  30	   8	  20	  50	  50	 445	726711	727434	   0	  80	
 283	 284	  50	   1	 772	   2	   1	  18	  31	   8	  20	  50	  50	 316	729062	729834	   0	  90	
 284	 285	  20	   4	 649	   1	   2	  19	  31	   8	  20	  50	  50	 565	731713	732362	   0	  90	
 285	 286	  50	   2	 839	   2	   1	  19	  32	   8	  20	  50	  50	 474	734147	734986	   0	  80	
 286	 287	  20	   4	1114	   1	   2	  20	  32	   8	  20	  50	  50	 550	736848	737962	   0	  80	
 287	 288	  50	   1	 626	   3	   1	  20	  32	   9	  20	  50	  50	 560	739832	740458	   0	  90	
 288	 289	  20	   4	 608	   1	   2	  21	  32	   9	  20	  50	  50	 500	742266	742874	   0	  90	
 289	 290	  50	   1	 639	   3	   1	  21	  32	  10	  20	  50	  50	 511	744683	745322	   0	 100	
 290	 291	  50	   3	 873	   2	   2	  21	  33	  10	  20	  50	  50	 549	747184	748057	   0	 100	
 291	 292	  50	   3	 530	   3	   2	  21	  33	  11	  20	  50	  50	 358	749735	750265	   0	 100	
 292	 293	  20	   2	 948	   2	   1	  21	   1	  11	  20	  20	  50	 484	752085	753033	   2	  90	
 293	 294	  50	   1	 727	   3	   1	  21	   1	  12	  20	  20	  50	 440	754786	755513	   0	 100	
 294	 295	  20	   3	 681	   1	   2	  22	   1	  12	  20	  20	  50	 695	757504	758185	   0	 100	
 295	 296	  20	   2	 622	   2	   1	  22	   2	  12	  20	  20	  50	 673	760171	760793	   0	  90	
 296	 297	  20	   4	 615	   1	   2	  23	   2	  12	  20	  20	  50	 638	762738	763353	   0	  90	
 297	 298	  20	   2	 623	   2	   1	  23	   3	  12	  20	  20	  50	 637	765306	765929	   0	  80	
 298	 299	  20	   4	1092	   1	   2	  24	   3	  12	  20	  20	  50	 333	767573	768665	   0	  80	
 299	 300	  20	   4	 624	   2	   2	  24	   4	  12	  20	  20	  50	 474	770441	771065	   0	  80	
 300	 301	  50	   2	 626	   3	   1	  24	   4	  13	  20	  20	  50	 413	772775	773401	   0	  70	
 301	 302	  20	   3	 632	   2	   2	  24	   5	  13	  20	  20	  50	 685	775409	776041	   0	  70	
 302	 303	  50	   1	 741	   3	   1	  24	   5	  14	  20	  20	  50	 514	777860	778601	   0	  80	
 303	 304	  20	   4	 627	   2	   2	  24	   6	  14	  20	  20	  50	 393	780294	780921	   0	  80	
 304	 305	  20	   2	1010	   1	   1	  25	   6	  14	  20	  20	  50	 495	782711	783721	   0	  70	
 305	 306	  50	   1	 541	   3	   1	  25	   6	  15	  20	  20	  50	 583	785612	786153	   0	  80	
 306	 307	  20	   4	 691	   1	   2	  26	   6	  15	  20	  20	  50	 389	787846	788537	   0	  80	
 307	 308	  50	   4	 782	   3	   2	  26	   6	  16	  20	  20	  50	 526	790363	791145	   0	  80	
 308	 309	  20	   2	 961	   1	   1	  27	   6	  16	  20	  20	  50	 607	793064	794025	   0	  70	
 309	 310	  50	   2	 513	   3	   1	  27	   6	  17	  20	  20	  50	 485	795815	796328	   0	  60	
 310	 311	  20	   1	 768	   1	   1	  28	   6	  17	  20	  20	  50	 590	798232	799000	   0	  70	
 311	 312	  50	   1	 773	   3	   1	  28	   6	  18	  20	  20	  50	 558	800883	801656	   0	  80	
 312	 313	  20	   4	 640	   2	   2	  28	   7	  18	  20	  20	  50	 431	803400	804040	   0	  80	
 313	 314	  50	   2	 594	   3	   1	  28	   7	  19	  20	  20	  50	 369	805718	806312	   0	  70	
 314	 315	  20	   4	 879	   2	   2	  28	   8	  19	  20	  20	  50	 577	808185	809064	   0	  70	
 315	 316	  20	   2	 667	   1	   1	  29	   8	  19	  20	  20	  50	 302	810669	811336	   0	  60	
 316	 317	  20	   3	 654	   2	   2	  29	   9	  19	  20	  20	  50	 329	812970	813624	   0	  60	
 317	 318	  50	   2	 824	   3	   1	  29	   9	  20	  20	  20	  50	 574	815504	816328	   0	  50	
 318	 319	  20	   4	 779	   2	   2	  29	  10	  20	  20	  20	  50	 591	818221	819000	   0	  50	
 319	 320	  20	   2	 744	   1	   1	  30	  10	  20	  20	  20	  50	 368	820672	821416	   0	  40	
 320	 321	  50	   2	 683	   3	   1	  30	  10	  21	  20	  20	  50	 673	823389	824072	   0	  30	
 321	 322	  20	   4	 741	   1	   2	  31	  10	  21	  20	  20	  50	 510	825907	826648	   0	  30	
 322	 323	  50	   1	 620	   3	   1	  31	  10	  22	  20	  20	  50	 579	828524	829144	   0	  40	
 323	 324	  20	   4	 668	   1	   2	  32	  10	  22	  20	  20	  50	 447	830892	831560	   0	  40	
 324	 325	  20	   4	 954	   2	   2	  32	  11	  22	  20	  20	  50	 474	833342	834296	   0	  40	
 325	 326	  20	   1	 798	   1	   1	  33	  11	  22	  20	  20	  50	 417	836026	836824	   0	  50	
 326	 327	  50	   2	1152	   3	   1	  33	  11	  23	  20	  20	  50	 605	838744	839896	   0	  40	
 327	 328	  20	   4	 693	   2	   2	  33	  12	  23	  20	  20	  50	 590	841795	842488	   0	  40	
 328	 329	  50	   1	 657	   3	   1	  33	  12	  24	  20	  20	  50	 472	844262	844919	   0	  50	
 329	 330	  20	   2	 715	   2	   1	  33	  13	  24	  20	  20	  50	 560	846780	847495	   0	  40	
 330	 331	  20	   2	 660	   1	   1	  34	  13	  24	  20	  20	  50	 545	849347	850007	   0	  30	
 331	 332	  20	   4	 329	   2	   2	  34	  14	  24	  20	  20	  50	 690	852014	852343	   0	  30	
 332	 333	  50	   1	 591	   3	   1	  34	  14	  25	  20	  20	  50	 595	854232	854823	   0	  40	
 333	 334	  20	   4	 638	   1	   2	  35	  14	  25	  20	  20	  50	 503	856633	857271	   0	  40	
 334	 335	  20	   4	 745	   2	   2	  35	  15	  25	  20	  20	  50	 576	859150	859895	   0	  40	
 335	 336	  50	   2	 664	   3	   1	  35	  15	  26	  20	  20	  50	 351	861551	862215	   0	  30	
 336	 337	  80	   1	 994	   1	   1	   1	  15	  26	  80	  20	  50	 533	864085	865079	   1	  40	
 337	 338	  20	   4	 568	   2	   2	   1	  16	  26	  80	  20	  50	 347	866719	867287	   0	  40	
 338	 339	  80	   1	 680	   1	   1	   2	  16	  26	  80	  20	  50	 513	869103	869783	   0	  50	
 339	 340	  20	   4	 518	   2	   2	   2	  17	  26	  80	  20	  50	 451	871537	872055	   0	  50	
 340	 341	  80	   1	 385	   1	   1	   3	  17	  26	  80	  20	  50	 693	874054	874439	   0	  60	
 341	 342	  50	   1	1209	   3	   1	   3	  17	  27	  80	  20	  50	 480	876238	877447	   0	  70	
 342	 343	  80	   1	 696	   1	   1	   4	  17	  27	  80	  20	  50	 688	879439	880135	   0	  80	
 343	 344	  20	   3	 732	   2	   2	   4	  18	  27	  80	  20	  50	 688	882123	882855	   0	  80	
 344	 345	  50	   1	 521	   3	   1	   4	  18	  28	  80	  20	  50	 400	884574	885095	   0	  90	
 345	 346	  20	   3	 704	   2	   2	   4	  19	  28	  80	  20	  50	 368	886775	887479	   0	  90	
 346	 347	  80	   2	 699	   1	   1	   5	  19	  28	  80	  20	  50	 505	889292	889991	   0	  80	
 347	 348	  20	   4	 906	   2	   2	   5	  20	  28	  80	  20	  50	 391	891693	892599	   0	  80	
 348	 349	  50	   2	 880	   3	   1	   5	  20	  29	  80	  20	  50	 413	894310	895190	   0	  70	
 349	 350	  80	   1	1014	   1	   1	   6	  20	  29	  80	  20	  50	 439	896944	897958	   0	  80	
 350	 351	  50	   4	 872	   3	   2	   6	  20	  30	  80	  20	  50	 382	899662	900534	   0	  80	
 351	 352	  80	   1	 555	   1	   1	   7	  20	  30	  80	  20	  50	 511	902363	902918	   0	  90	
 352	 353	  50	   2	 617	   3	   1	   7	  20	  31	  80	  20	  50	 592	904813	905430	   0	  80	
 353	 354	  80	   1	 545	   1	   1	   8	  20	  31	  80	  20	  50	 658	907397	907942	   0	  90	
 354	 355	  20	   3	 705	   2	   2	   8	  21	  31	  80	  20	  50	 528	909765	910470	   0	  90	
 355	 356	  80	   2	 616	   1	   1	   9	  21	  31	  80	  20	  50	 604	912382	912998	   0	  80	
 356	 357	  50	   2	 591	   3	   1	   9	  21	  32	  80	  20	  50	 667	914983	915574	   0	  70	
 357	 358	  20	   2	 634	   2	   1	   9	  22	  32	  80	  20	  50	 605	917484	918118	   0	  60	
 358	 359	  50	   1	 930	   3	   1	   9	  22	  33	  80	  20	  50	 640	920068	920998	   0	  70	
 359	 360	  20	   4	 482	   2	   2	   9	  23	  33	  80	  20	  50	 550	922852	923334	   0	  70	
 360	 361	  80	   1	 698	   1	   1	  10	  23	  33	  80	  20	  50	 402	925052	925750	   0	  80	
 361	 362	  20	   4	 641	   2	   2	  10	  24	  33	  80	  20	  50	 555	927637	928278	   0	  80	
 362	 363	  70	   1	 895	   3	   1	  10	  24	   1	  80	  20	  70	 467	930071	930966	   3	  90	
 363	 364	  80	   1	 884	   1	   1	  11	  24	   1	  80	  20	  70	 469	932738	933622	   0	 100	
 364	 365	  70	   2	 535	   3	   1	  11	  24	   2	  80	  20	  70	 501	935439	935974	   0	  90	
 365	 366	  20	   4	 790	   2	   2	  11	  25	   2	  80	  20	  70	 561	937840	938630	   0	  90	
 366	 367	  70	   2	 673	   3	   1	  11	  25	   3	  80	  20	  70	 405	940340	941013	   0	  80	
 367	 368	  20	   4	 861	   2	   2	  11	  26	   3	  80	  20	  70	 489	942808	943669	   0	  80	
 368	 369	  80	   1	 793	   1	   1	  12	  26	   3	  80	  20	  70	 334	945308	946101	   0	  90	
 369	 370	  70	   1	 711	   3	   1	  12	  26	   4	  80	  20	  70	 347	947742	948453	   0	 100	
 370	 371	  20	   3	1364	   2	   2	  12	  27	   4	  80	  20	  70	 432	950193	951557	   0	 100	
 371	 372	  70	   1	 678	   3	   1	  12	  27	   5	  80	  20	  70	 429	953311	953989	   0	 110	
 372	 373	  80	   1	 604	   1	   1	  13	  27	   5	  80	  20	  70	 675	955961	956565	   0	 120	
 373	 374	  70	   1	 441	   3	   1	  13	  27	   6	  80	  20	  70	 528	958396	958837	   0	 130	
 374	 375	  80	   1	 566	   1	   1	  14	  27	   6	  80	  20	  70	 318	960463	961029	   0	 140	
 375	 376	  70	   2	 463	   3	   1	  14	  27	   7	  80	  20	  70	 682	963030	963493	   0	 130	
 376	 377	  20	   4	 669	   2	   2	  14	  28	   7	  80	  20	  70	 654	965448	966117	   0	 130	
 377	 378	  80	   1	 843	   1	   1	  15	  28	   7	  80	  20	  70	 475	967898	968741	   0	 140	
 378	 379	  70	   1	 473	   3	   1	  15	  28	   8	  80	  20	  70	 680	970716	971189	   0	 150	
 379	 380	  80	   1	 719	   1	   1	  16	  28	   8	  80	  20	  70	 450	972950	973669	   0	 160	
 380	 381	  70	   1	 503	   3	   1	  16	  28	   9	  80	  20	  70	 551	975534	976037	   0	 170	
 381	 382	  80	   1	 578	   1	   1	  17	  28	   9	  80	  20	  70	 688	978051	978629	   0	 180	
 382	 383	  20	   4	 544	   2	   2	  17	  29	   9	  80	  20	  70	 535	980469	981013	   0	 180	
 383	 384	  80	   2	 608	   1	   1	  18	  29	   9	  80	  20	  70	 542	982853	983461	   0	 170	
 384	 385	  70	   1	 530	   3	   1	  18	  29	  10	  80	  20	  70	 427	985187	985717	   0	 180	
 385	 386	  80	   2	 454	   1	   1	  19	  29	  10	  80	  20	  70	 453	987471	987925	   0	 170	
 386	 387	  20	   4	 794	   2	   2	  19	  30	  10	  80	  20	  70	 504	989738	990532	   0	 170	
 387	 388	  70	   2	 552	   3	   1	  19	  30	  11	  80	  20	  70	 337	992172	992724	   0	 160	
 388	 389	  20	   4	 886	   2	   2	  19	  31	  11	  80	  20	  70	 569	994606	995492	   0	 160	
 389	 390	  70	   1	 506	   3	   1	  19	  31	  12	  80	  20	  70	 483	997290	997796	   0	 170	
 390	 391	  80	   1	 478	   1	   1	  20	  31	  12	  80	  20	  70	 476	999574	1000052	   0	 180	
 391	 392	  70	   1	 464	   3	   1	  20	  31	  13	  80	  20	  70	 547	1001908	1002372	   0	 190	
 392	 393	  20	   4	 650	   2	   2	  20	  32	  13	  80	  20	  70	 334	1004026	1004676	   0	 190	
 393	 394	  70	   2	 562	   3	   1	  20	  32	  14	  80	  20	  70	 616	1006610	1007172	   0	 180	
 394	 395	  20	   3	 687	   2	   2	  20	  33	  14	  80	  20	  70	 599	1009077	1009764	   0	 180	
 395	 396	  70	   1	 590	   3	   1	  20	  33	  15	  80	  20	  70	 408	1011478	1012068	   0	 190	
 396	 397	  80	   2	 632	   1	   1	  21	  33	  15	  80	  20	  70	 659	1014028	1014660	   0	 180	
 397	 398	  70	   1	 535	   3	   1	  21	  33	  16	  80	  20	  70	 449	1016429	1016964	   0	 190	
 398	 399	  20	   4	 656	   2	   2	  21	  34	  16	  80	  20	  70	 698	1018980	1019636	   0	 190	
 399	 400	  80	   1	 493	   1	   1	  22	  34	  16	  80	  20	  70	 498	1021447	1021940	   0	 200	
 400	 401	  20	   2	 409	   2	   1	  22	  35	  16	  80	  20	  70	 686	1023931	1024340	   0	 190	
 401	 402	  80	   1	 543	   1	   1	  23	  35	  16	  80	  20	  70	 502	1026165	1026708	   0	 200	
 402	 403	  80	   1	 975	   2	   1	  23	   1	  16	  80	  80	  70	 516	1028549	1029524	   2	 210	
 403	 404	  80	   1	 619	   1	   1	  24	   1	  16	  80	  80	  70	 595	1031417	1032036	   0	 220	
 404	 405	  80	   1	 612	   2	   1	  24	   2	  16	  80	  80	  70	 623	1033968	1034580	   0	 230	
 405	 406	  80	   1	 662	   1	   1	  25	   2	  16	  80	  80	  70	 444	1036318	1036980	   0	 240	
 406	 407	  80	   1	 638	   2	   1	  25	   3	  16	  80	  80	  70	 595	1038869	1039507	   0	 250	
 407	 408	  80	   1	 662	   1	   1	  26	   3	  16	  80	  80	  70	 632	1041453	1042115	   0	 260	
 408	 409	  80	   2	 452	   2	   1	  26	   4	  16	  80	  80	  70	 474	1043887	1044339	   0	 250	
 409	 410	  80	   2	 525	   1	   1	  27	   4	  16	  80	  80	  70	 410	1046054	1046579	   0	 240	
 410	 411	  80	   1	 478	   2	   1	  27	   5	  16	  80	  80	  70	 515	1048405	1048883	   0	 250	
 411	 412	  80	   1	 401	   1	   1	  28	   5	  16	  80	  80	  70	 505	1050706	1051107	   0	 260	
 412	 413	  80	   1	 545	   2	   1	  28	   6	  16	  80	  80	  70	 666	1053090	1053635	   0	 270	
 413	 414	  80	   1	 326	   1	   1	  29	   6	  16	  80	  80	  70	 418	1055357	1055683	   0	 280	
 414	 415	  80	   1	 421	   2	   1	  29	   7	  16	  80	  80	  70	 365	1057358	1057779	   0	 290	
 415	 416	  80	   1	 382	   1	   1	  30	   7	  16	  80	  80	  70	 431	1059525	1059907	   0	 300	
 416	 417	  70	   2	 634	   3	   1	  30	   7	  17	  80	  80	  70	 387	1061609	1062243	   0	 290	
 417	 418	  80	   1	 574	   2	   1	  30	   8	  17	  80	  80	  70	 335	1063893	1064467	   0	 300	
 418	 419	  30	   4	1165	   1	   2	   1	   8	  17	  30	  80	  70	 502	1066294	1067459	   1	 300	
 419	 420	  80	   2	 515	   2	   1	   1	   9	  17	  30	  80	  70	 555	1069328	1069843	   0	 290	
 420	 421	  70	   1	 749	   3	   1	   1	   9	  18	  30	  80	  70	 303	1071462	1072211	   0	 300	
 421	 422	  80	   1	 664	   2	   1	   1	  10	  18	  30	  80	  70	 447	1073979	1074643	   0	 310	
 422	 423	  30	   1	 575	   1	   1	   2	  10	  18	  30	  80	  70	 642	1076580	1077155	   0	 320	
 423	 424	  70	   1	 585	   3	   1	   2	  10	  19	  30	  80	  70	 651	1079114	1079699	   0	 330	
 424	 425	  80	   2	 600	   2	   1	   2	  11	  19	  30	  80	  70	 499	1081515	1082115	   0	 320	
 425	 426	  30	   1	 764	   1	   1	   3	  11	  19	  30	  80	  70	 388	1083815	1084579	   0	 330	
 426	 427	  70	   1	 581	   3	   1	   3	  11	  20	  30	  80	  70	 480	1086350	1086931	   0	 340	
 427	 428	  80	   1	 584	   2	   1	   3	  12	  20	  30	  80	  70	 403	1088650	1089234	   0	 350	
 428	 429	  30	   2	 648	   1	   1	   4	  12	  20	  30	  80	  70	 477	1091018	1091666	   0	 340	
 429	 430	  70	   1	 581	   3	   1	   4	  12	  21	  30	  80	  70	 500	1093485	1094066	   0	 350	
 430	 431	  80	   3	 742	   2	   2	   4	  13	  21	  30	  80	  70	 476	1095852	1096594	   0	 350	
 431	 432	  70	   2	1011	   3	   1	   4	  13	  22	  30	  80	  70	 384	1098303	1099314	   0	 340	
 432	 433	  80	   1	 375	   2	   1	   4	  14	  22	  30	  80	  70	 371	1100987	1101362	   0	 350	
 433	 434	  70	   2	 602	   3	   1	   4	  14	  23	  30	  80	  70	 633	1103304	1103906	   0	 340	
 434	 435	  80	   1	 488	   2	   1	   4	  15	  23	  30	  80	  70	 499	1105722	1106210	   0	 350	
 435	 436	  70	   3	 862	   3	   2	   4	  15	  24	  30	  80	  70	 444	1107956	1108818	   0	 350	
 436	 437	  30	   2	 721	   1	   1	   5	  15	  24	  30	  80	  70	 559	1110673	1111394	   0	 340	
 437	 438	  70	   1	 487	   3	   1	   5	  15	  25	  30	  80	  70	 591	1113291	1113778	   0	 350	
 438	 439	  30	   2	 543	   1	   1	   6	  15	  25	  30	  80	  70	 398	1115491	1116034	   0	 340	
 439	 440	  70	   1	 382	   3	   1	   6	  15	  26	  30	  80	  70	 556	1117892	1118274	   0	 350	
 440	 441	  80	   1	 502	   2	   1	   6	  16	  26	  30	  80	  70	 497	1120076	1120578	   0	 360	
 441	 442	  70	   1	 514	   3	   1	   6	  16	  27	  30	  80	  70	 648	1122560	1123074	   0	 370	
 442	 443	  30	   1	 727	   1	   1	   7	  16	  27	  30	  80	  70	 428	1124811	1125538	   0	 380	
 443	 444	  80	   1	 511	   2	   1	   7	  17	  27	  30	  80	  70	 552	1127395	1127906	   0	 390	
 444	 445	  30	   2	 671	   1	   1	   8	  17	  27	  30	  80	  70	 574	1129779	1130450	   0	 380	
 445	 446	  80	   2	 510	   2	   1	   8	  18	  27	  30	  80	  70	 433	1132196	1132706	   0	 370	
 446	 447	  30	   2	 252	   1	   1	   9	  18	  27	  30	  80	  70	 590	1134597	1134849	   0	 360	
 447	 448	  80	   1	 359	   2	   1	   9	  19	  27	  30	  80	  70	 549	1136714	1137073	   0	 370	
 448	 449	  30	   4	 604	   1	   2	  10	  19	  27	  30	  80	  70	 588	1138965	1139569	   0	 370	
 449	 450	  70	   2	 599	   3	   1	  10	  19	  28	  30	  80	  70	 609	1141482	1142081	   0	 360	
 450	 451	  30	   1	 568	   1	   1	  11	  19	  28	  30	  80	  70	 436	1143833	1144401	   0	 370	
 451	 452	  80	   1	 559	   2	   1	  11	  20	  28	  30	  80	  70	 314	1146034	1146593	   0	 380	
 452	 453	  70	   1	 559	   3	   1	  11	  20	  29	  30	  80	  70	 532	1148434	1148993	   0	 390	
 453	 454	  80	   1	 813	   2	   1	  11	  21	  29	  30	  80	  70	 561	1150852	1151665	   0	 400	
 454	 455	  30	   4	 729	   1	   2	  12	  21	  29	  30	  80	  70	 372	1153336	1154065	   0	 400	
 455	 456	  80	   1	 626	   2	   1	  12	  22	  29	  30	  80	  70	 541	1155903	1156529	   0	 410	
 456	 457	  70	   1	 644	   3	   1	  12	  22	  30	  30	  80	  70	 394	1158221	1158865	   0	 420	
 457	 458	  30	   2	 644	   1	   1	  13	  22	  30	  30	  80	  70	 453	1160621	1161265	   0	 410	
 458	 459	  70	   1	 551	   3	   1	  13	  22	  31	  30	  80	  70	 349	1162922	1163473	   0	 420	
 459	 460	  30	   1	 592	   1	   1	  14	  22	  31	  30	  80	  70	 690	1165473	1166065	   0	 430	
 460	 461	  80	   1	 662	   2	   1	  14	  23	  31	  30	  80	  70	 364	1167723	1168385	   0	 440	
 461	 462	  70	   1	 700	   3	   1	  14	  23	  32	  30	  80	  70	 659	1170357	1171057	   0	 450	
 462	 463	  30	   2	 420	   1	   1	  15	  23	  32	  30	  80	  70	 580	1172941	1173361	   0	 440	
 463	 464	  80	   1	 563	   2	   1	  15	  24	  32	  30	  80	  70	 668	1175342	1175905	   0	 450	
 464	 465	  30	   4	 560	   1	   2	  16	  24	  32	  30	  80	  70	 588	1177793	1178353	   0	 450	
 465	 466	  70	   1	 500	   3	   1	  16	  24	  33	  30	  80	  70	 422	1180077	1180577	   0	 460	
 466	 467	  80	   2	 411	   2	   1	  16	  25	  33	  30	  80	  70	 381	1182278	1182689	   0	 450	
 467	 468	  70	   2	 510	   3	   1	  16	  25	  34	  30	  80	  70	 581	1184578	1185088	   0	 440	
 468	 469	  30	   3	 764	   1	   2	  17	  25	  34	  30	  80	  70	 610	1186996	1187760	   0	 440	
 469	 470	  80	   1	 674	   2	   1	  17	  26	  34	  30	  80	  70	 557	1189630	1190304	   0	 450	
 470	 471	  30	   4	 923	   1	   2	  18	  26	  34	  30	  80	  70	 586	1192197	1193120	   0	 450	
 471	 472	  70	   1	 548	   3	   1	  18	  26	  35	  30	  80	  70	 696	1195148	1195696	   0	 460	
 472	 473	  30	   4	 878	   1	   2	  19	  26	  35	  30	  80	  70	 678	1197682	1198560	   0	 460	
 473	 474	  80	   1	 447	   2	   1	  19	  27	  35	  30	  80	  70	 585	1200449	1200896	   0	 470	
 474	 475	  30	   2	 597	   1	   1	  20	  27	  35	  30	  80	  70	 466	1202683	1203280	   0	 460	
 475	 476	  50	   2	 839	   3	   1	  20	  27	   1	  30	  80	  50	 413	1205001	1205840	   3	 450	
 476	 477	  80	   1	 578	   2	   1	  20	  28	   1	  30	  80	  50	 358	1207502	1208080	   0	 460	
 477	 478	  50	   1	 633	   3	   1	  20	  28	   2	  30	  80	  50	 343	1209719	1210352	   0	 470	
 478	 479	  80	   2	 535	   2	   1	  20	  29	   2	  30	  80	  50	 495	1212153	1212688	   0	 460	
 479	 480	  30	   4	 839	   1	   2	  21	  29	   2	  30	  80	  50	 546	1214537	1215376	   0	 460	
 480	 481	  50	   2	 509	   3	   1	  21	  29	   3	  30	  80	  50	 497	1217171	1217680	   0	 450	
 481	 482	  80	   1	 507	   2	   1	  21	  30	   3	  30	  80	  50	 599	1219605	1220112	   0	 460	
 482	 483	  50	   4	 575	   3	   2	  21	  30	   4	  30	  80	  50	 465	1221889	1222464	   0	 460	
 483	 484	  20	   1	1051	   2	   1	  21	   1	   4	  30	  20	  50	 585	1224373	1225424	   2	 470	
 484	 485	  30	   3	 783	   1	   2	  22	   1	   4	  30	  20	  50	 300	1227041	1227824	   0	 470	
 485	 486	  20	   4	1061	   2	   2	  22	   2	   4	  30	  20	  50	 542	1229675	1230736	   0	 470	
 486	 487	  50	   3	 893	   3	   2	  22	   2	   5	  30	  20	  50	 600	1232642	1233535	   0	 470	
 487	 488	  20	   4	1112	   2	   2	  22	   3	   5	  30	  20	  50	 309	1235143	1236255	   0	 470	
 488	 489	  30	   3	1159	   1	   2	  23	   3	   5	  30	  20	  50	 387	1237944	1239103	   0	 470	
 489	 490	  50	   1	1639	   3	   1	  23	   3	   6	  30	  20	  50	 328	1240728	1242367	   0	 480	
 490	 491	  30	   4	 906	   1	   2	  24	   3	   6	  30	  20	  50	 550	1244229	1245135	   0	 480	
 491	 492	  50	   3	1223	   3	   2	  24	   3	   7	  30	  20	  50	 606	1247080	1248303	   0	 480	
 492	 493	  20	   3	1493	   2	   2	  24	   4	   7	  30	  20	  50	 302	1249914	1251407	   0	 480	
 493	 494	  50	   3	1019	   3	   2	  24	   4	   8	  30	  20	  50	 640	1253348	1254367	   0	 480	
 494	 495	  30	   2	 737	   1	   1	  25	   4	   8	  30	  20	  50	 699	1256382	1257119	   0	 470	
 495	 496	  20	   4	 854	   2	   2	  25	   5	   8	  30	  20	  50	 602	1259033	1259887	   0	 470	
 496	 497	  50	   2	 766	   3	   1	  25	   5	   9	  30	  20	  50	 425	1261617	1262383	   0	 460	
 497	 498	  30	   4	 701	   1	   2	  26	   5	   9	  30	  20	  50	 320	1264018	1264719	   0	 460	
 498	 499	  50	   4	 678	   3	   2	  26	   5	  10	  30	  20	  50	 550	1266585	1267263	   0	 460	
 499	 500	  30	   4	 774	   1	   2	  27	   5	  10	  30	  20	  50	 403	1268969	1269743	   0	 460	
 500	 501	  50	   3	 691	   3	   2	  27	   5	  11	  30	  20	  50	 373	1271420	1272111	   0	 460	
 501	 502	  20	   4	 667	   2	   2	  27	   6	  11	  30	  20	  50	 570	1274004	1274671	   0	 460	
 502	 503	  30	   1	1603	   1	   1	  28	   6	  11	  30	  20	  50	 585	1276572	1278175	   0	 470	
 503	 504	  50	   4	 552	   3	   2	  28	   6	  12	  30	  20	  50	 557	1280039	1280591	   0	 470	
 504	 505	  30	   4	1178	   1	   2	  29	   6	  12	  30	  20	  50	 439	1282340	1283518	   0	 470	
 505	 506	  20	   2	 974	   2	   1	  29	   7	  12	  30	  20	  50	 599	1285424	1286398	   0	 460	
NaN	 507	  50	NaN	NaN	   3	   3	  29	   7	  12	  30	  20	  50	 487	1285424	NaN	   0	 460	
 506	 508	  20	   2	 695	   2	   1	  29	   8	  12	  30	  20	  50	 476	1291943	1292638	   0	 450	
 507	 509	  50	   3	 552	   3	   2	  29	   8	  13	  30	  20	  50	 375	1294310	1294862	   0	 450	
 508	 510	  30	   2	 610	   1	   1	  30	   8	  13	  30	  20	  50	 665	1296844	1297454	   0	 440	
 509	 511	  50	   1	 603	   3	   1	  30	   8	  14	  30	  20	  50	 631	1299395	1299998	   0	 450	
 510	 512	  30	   4	 603	   1	   2	  31	   8	  14	  30	  20	  50	 473	1301779	1302382	   0	 450	
 511	 513	  20	   4	1014	   2	   2	  31	   9	  14	  30	  20	  50	 574	1304280	1305294	   0	 450	
 512	 514	  30	   4	 531	   1	   2	  32	   9	  14	  30	  20	  50	 539	1307147	1307678	   0	 450	
 513	 515	  50	   4	 573	   3	   2	  32	   9	  15	  30	  20	  50	 674	1309665	1310238	   0	 450	
 514	 516	  30	   4	 601	   1	   2	  33	   9	  15	  30	  20	  50	 624	1312165	1312766	   0	 450	
 515	 517	  20	   4	 592	   2	   2	  33	  10	  15	  30	  20	  50	 686	1314766	1315358	   0	 450	
 516	 518	  50	   4	 478	   3	   2	  33	  10	  16	  30	  20	  50	 543	1317200	1317678	   0	 450	
 517	 519	  20	   4	 455	   2	   2	  33	  11	  16	  30	  20	  50	 367	1319351	1319806	   0	 450	
 518	 520	  80	   2	 852	   1	   1	   1	  11	  16	  80	  20	  50	 681	1321818	1322670	   1	 440	
 519	 521	  20	   4	 496	   2	   2	   1	  12	  16	  80	  20	  50	 326	1324302	1324798	   0	 440	
 520	 522	  50	   3	 792	   3	   2	   1	  12	  17	  80	  20	  50	 393	1326486	1327278	   0	 440	
 521	 523	  80	   1	 627	   1	   1	   2	  12	  17	  80	  20	  50	 378	1328970	1329597	   0	 450	
 522	 524	  50	   4	 739	   3	   2	   2	  12	  18	  80	  20	  50	 464	1331354	1332093	   0	 450	
 523	 525	  80	   1	 744	   1	   1	   3	  12	  18	  80	  20	  50	 604	1334005	1334749	   0	 460	
 524	 526	  50	   3	 672	   3	   2	   3	  12	  19	  80	  20	  50	 522	1336573	1337245	   0	 460	
 525	 527	  80	   2	 684	   1	   1	   4	  12	  19	  80	  20	  50	 524	1339073	1339757	   0	 450	
 526	 528	  50	   4	1202	   3	   2	   4	  12	  20	  80	  20	  50	 644	1341707	1342909	   0	 450	
 527	 529	  80	   1	 513	   1	   1	   5	  12	  20	  80	  20	  50	 680	1344892	1345405	   0	 460	
 528	 530	  50	   4	 657	   3	   2	   5	  12	  21	  80	  20	  50	 573	1347276	1347933	   0	 460	
 529	 531	  80	   1	 502	   1	   1	   6	  12	  21	  80	  20	  50	 700	1349943	1350445	   0	 470	
 530	 532	  50	   4	 661	   3	   2	   6	  12	  22	  80	  20	  50	 608	1352360	1353021	   0	 470	
 531	 533	  80	   1	 499	   1	   1	   7	  12	  22	  80	  20	  50	 431	1354778	1355277	   0	 480	
 532	 534	  20	   4	 624	   2	   2	   7	  13	  22	  80	  20	  50	 663	1357245	1357869	   0	 480	
 533	 535	  50	   3	 600	   3	   2	   7	  13	  23	  80	  20	  50	 658	1359829	1360429	   0	 480	
 534	 536	  20	   3	 560	   2	   2	   7	  14	  23	  80	  20	  50	 657	1362397	1362957	   0	 480	
 535	 537	  80	   1	 681	   1	   1	   8	  14	  23	  80	  20	  50	 691	1364948	1365629	   0	 490	
 536	 538	  50	   3	 643	   3	   2	   8	  14	  24	  80	  20	  50	 542	1367482	1368125	   0	 490	
 537	 539	  20	   4	 543	   2	   2	   8	  15	  24	  80	  20	  50	 544	1369966	1370509	   0	 490	
 538	 540	  50	   3	 672	   3	   2	   8	  15	  25	  80	  20	  50	 526	1372333	1373005	   0	 490	
 539	 541	  20	   3	 503	   2	   2	   8	  16	  25	  80	  20	  50	 636	1374950	1375453	   0	 490	
 540	 542	  50	   3	 583	   3	   2	   8	  16	  26	  80	  20	  50	 578	1377334	1377917	   0	 490	
 541	 543	  20	   4	 759	   2	   2	   8	  17	  26	  80	  20	  50	 440	1379685	1380444	   0	 490	
 542	 544	  80	   1	 440	   1	   1	   9	  17	  26	  80	  20	  50	 306	1382052	1382492	   0	 500	
 543	 545	  20	   4	 990	   2	   2	   9	  18	  26	  80	  20	  50	 495	1384286	1385276	   0	 500	
 544	 546	  50	   2	 711	   3	   1	   9	  18	  27	  80	  20	  50	 655	1387237	1387948	   0	 490	
 545	 547	  20	   4	 680	   2	   2	   9	  19	  27	  80	  20	  50	 331	1389588	1390268	   0	 490	
 546	 548	  80	   1	 605	   1	   1	  10	  19	  27	  80	  20	  50	 671	1392239	1392844	   0	 500	
 547	 549	  50	   4	 862	   3	   2	  10	  19	  28	  80	  20	  50	 456	1394606	1395468	   0	 500	
 548	 550	  20	   4	 936	   2	   2	  10	  20	  28	  80	  20	  50	 369	1397140	1398076	   0	 500	
 549	 551	  80	   1	 641	   1	   1	  11	  20	  28	  80	  20	  50	 310	1399691	1400332	   0	 510	
 550	 552	  20	   4	1252	   2	   2	  11	  21	  28	  80	  20	  50	 372	1402008	1403260	   0	 510	
 551	 553	  80	   1	 609	   1	   1	  12	  21	  28	  80	  20	  50	 653	1405243	1405852	   0	 520	
 552	 554	  50	   3	1000	   3	   2	  12	  21	  29	  80	  20	  50	 310	1407460	1408460	   0	 520	
 553	 555	  20	   3	 588	   2	   2	  12	  22	  29	  80	  20	  50	 367	1410144	1410732	   0	 520	
 554	 556	  50	   2	 755	   3	   1	  12	  22	  30	  80	  20	  50	 309	1412345	1413100	   0	 510	
 555	 557	  80	   1	 543	   1	   1	  13	  22	  30	  80	  20	  50	 415	1414829	1415372	   0	 520	
 556	 558	  50	   1	1030	   3	   1	  13	  22	  31	  80	  20	  50	 377	1417046	1418076	   0	 530	
 557	 559	  80	   4	 955	   1	   2	  14	  22	  31	  80	  20	  50	 334	1419713	1420668	   0	 530	
 558	 560	  50	   2	 961	   3	   1	  14	  22	  32	  80	  20	  50	 355	1422331	1423292	   0	 520	
 559	 561	  80	   1	 690	   1	   1	  15	  22	  32	  80	  20	  50	 500	1425098	1425788	   0	 530	
 560	 562	  20	   2	 695	   2	   1	  15	  23	  32	  80	  20	  50	 638	1427732	1428427	   0	 520	
 561	 563	  50	   2	1027	   3	   1	  15	  23	  33	  80	  20	  50	 456	1430200	1431227	   0	 510	
 562	 564	  20	   2	 838	   2	   1	  15	  24	  33	  80	  20	  50	 373	1432901	1433739	   0	 500	
 563	 565	  80	   2	 592	   1	   1	  16	  24	  33	  80	  20	  50	 402	1435451	1436043	   0	 490	
 564	 566	  20	   4	 616	   2	   2	  16	  25	  33	  80	  20	  50	 678	1438019	1438635	   0	 490	
 565	 567	  80	   1	 663	   1	   1	  17	  25	  33	  80	  20	  50	 473	1440420	1441083	   0	 500	
 566	 568	  30	   2	 842	   3	   1	  17	  25	   1	  80	  20	  30	 330	1442737	1443579	   3	 490	
 567	 569	  20	   4	 631	   2	   2	  17	  26	   1	  80	  20	  30	 698	1445588	1446219	   0	 490	
 568	 570	  80	   1	 528	   1	   1	  18	  26	   1	  80	  20	  30	 629	1448155	1448683	   0	 500	
 569	 571	  20	   4	 720	   2	   2	  18	  27	   1	  80	  20	  30	 552	1450539	1451259	   0	 500	
 570	 572	  80	   1	 550	   1	   1	  19	  27	   1	  80	  20	  30	 582	1453157	1453707	   0	 510	
 571	 573	  30	   2	 900	   3	   1	  19	  27	   2	  80	  20	  30	 576	1455607	1456507	   0	 500	
 572	 574	  20	   3	 830	   2	   2	  19	  28	   2	  80	  20	  30	 326	1458141	1458971	   0	 500	
 573	 575	  30	   4	 599	   3	   2	  19	  28	   3	  80	  20	  30	 415	1460692	1461291	   0	 500	
 574	 576	  20	   4	 769	   2	   2	  19	  29	   3	  80	  20	  30	 621	1463226	1463995	   0	 500	
 575	 577	  80	   1	 754	   1	   1	  20	  29	   3	  80	  20	  30	 677	1465977	1466731	   0	 510	
 576	 578	  20	   4	 774	   2	   2	  20	  30	   3	  80	  20	  30	 627	1468661	1469435	   0	 510	
 577	 579	  30	   4	1035	   3	   2	  20	  30	   4	  80	  20	  30	 580	1471312	1472347	   0	 510	
 578	 580	  20	   4	 841	   2	   2	  20	  31	   4	  80	  20	  30	 452	1474113	1474954	   0	 510	
 579	 581	  80	   1	 597	   1	   1	  21	  31	   4	  80	  20	  30	 345	1476597	1477194	   0	 520	
 580	 582	  20	   4	 539	   2	   2	  21	  32	   4	  80	  20	  30	 344	1478847	1479386	   0	 520	
 581	 583	  30	   3	 697	   3	   2	  21	  32	   5	  80	  20	  30	 566	1481281	1481978	   0	 520	
 582	 584	  20	   4	 597	   2	   2	  21	  33	   5	  80	  20	  30	 479	1483749	1484346	   0	 520	
 583	 585	  30	   4	 786	   3	   2	  21	  33	   6	  80	  20	  30	 532	1486200	1486986	   0	 520	
 584	 586	  80	   2	 620	   1	   1	  22	  33	   6	  80	  20	  30	 435	1488734	1489354	   0	 510	
 585	 587	  30	   3	1070	   3	   2	  22	  33	   7	  80	  20	  30	 422	1491084	1492154	   0	 510	
 586	 588	  80	   3	 474	   1	   2	  23	  33	   7	  80	  20	  30	 485	1493952	1494426	   0	 510	
 587	 589	  20	   4	 632	   2	   2	  23	  34	   7	  80	  20	  30	 656	1496386	1497018	   0	 510	
 588	 590	  30	   4	 750	   3	   2	  23	  34	   8	  80	  20	  30	 685	1499020	1499770	   0	 510	
 589	 591	  80	   1	 562	   1	   1	  24	  34	   8	  80	  20	  30	 630	1501704	1502266	   0	 520	
 590	 592	  20	   4	 856	   2	   2	  24	  35	   8	  80	  20	  30	 380	1503938	1504794	   0	 520	
 591	 593	  80	   1	 788	   1	   1	  25	  35	   8	  80	  20	  30	 301	1506422	1507210	   0	 530	
 592	 594	  70	   1	1348	   2	   1	  25	   1	   8	  80	  70	  30	 671	1509206	1510554	   2	 540	
 593	 595	  80	   1	 975	   1	   1	  26	   1	   8	  80	  70	  30	 618	1512491	1513466	   0	 550	
 594	 596	  30	   4	 825	   3	   2	  26	   1	   9	  80	  70	  30	 663	1515425	1516250	   0	 550	
 595	 597	  80	   1	 921	   1	   1	  27	   1	   9	  80	  70	  30	 651	1518209	1519130	   0	 560	
 596	 598	  70	   3	1260	   2	   2	  27	   2	   9	  80	  70	  30	 487	1520926	1522186	   0	 560	
 597	 599	  80	   2	 535	   1	   1	  28	   2	   9	  80	  70	  30	 700	1524194	1524729	   0	 550	
 598	 600	  30	   3	 934	   3	   2	  28	   2	  10	  80	  70	  30	 569	1526611	1527545	   0	 550	
 599	 601	  80	   1	 554	   1	   1	  29	   2	  10	  80	  70	  30	 436	1529295	1529849	   0	 560	
 600	 602	  70	   1	 597	   2	   1	  29	   3	  10	  80	  70	  30	 623	1531780	1532377	   0	 570	
 601	 603	  30	   4	 593	   3	   2	  29	   3	  11	  80	  70	  30	 568	1534280	1534873	   0	 570	
 602	 604	  70	   1	 752	   2	   1	  29	   4	  11	  80	  70	  30	 499	1536681	1537433	   0	 580	
 603	 605	  30	   4	1075	   3	   2	  29	   4	  12	  80	  70	  30	 657	1539398	1540473	   0	 580	
 604	 606	  70	   2	 753	   2	   1	  29	   5	  12	  80	  70	  30	 440	1542216	1542969	   0	 570	
 605	 607	  30	   4	 769	   3	   2	  29	   5	  13	  80	  70	  30	 324	1544600	1545369	   0	 570	
 606	 608	  70	   1	 839	   2	   1	  29	   6	  13	  80	  70	  30	 563	1547234	1548073	   0	 580	
 607	 609	  30	   4	 613	   3	   2	  29	   6	  14	  80	  70	  30	 679	1550052	1550665	   0	 580	
 608	 610	  80	   1	 867	   1	   1	  30	   6	  14	  80	  70	  30	 539	1552502	1553369	   0	 590	
 609	 611	  70	   2	 826	   2	   1	  30	   7	  14	  80	  70	  30	 417	1555103	1555929	   0	 580	
 610	 612	  30	   3	 659	   3	   2	  30	   7	  15	  80	  70	  30	 445	1557670	1558329	   0	 580	
 611	 613	  70	   1	 563	   2	   1	  30	   8	  15	  80	  70	  30	 385	1560038	1560601	   0	 590	
 612	 614	  50	   2	 999	   1	   1	   1	   8	  15	  50	  70	  30	 404	1562322	1563321	   1	 580	
 613	 615	  70	   1	 664	   2	   1	   1	   9	  15	  50	  70	  30	 460	1565089	1565753	   0	 590	
 614	 616	  30	   4	1231	   3	   2	   1	   9	  16	  50	  70	  30	 641	1567690	1568921	   0	 590	
 615	 617	  50	   4	1042	   1	   2	   2	   9	  16	  50	  70	  30	 517	1570758	1571800	   0	 590	
 616	 618	  30	   4	 606	   3	   2	   2	   9	  17	  50	  70	  30	 554	1573658	1574264	   0	 590	
 617	 619	  70	   2	 780	   2	   1	   2	  10	  17	  50	  70	  30	 530	1576092	1576872	   0	 580	
 618	 620	  30	   4	 632	   3	   2	   2	  10	  18	  50	  70	  30	 384	1578560	1579192	   0	 580	
 619	 621	  70	   1	 533	   2	   1	   2	  11	  18	  50	  70	  30	 517	1581027	1581560	   0	 590	
 620	 622	  50	   4	 698	   1	   2	   3	  11	  18	  50	  70	  30	 411	1583278	1583976	   0	 590	
 621	 623	  70	   1	 599	   2	   1	   3	  12	  18	  50	  70	  30	 435	1585745	1586344	   0	 600	
 622	 624	  50	   3	 672	   1	   2	   4	  12	  18	  50	  70	  30	 639	1588296	1588968	   0	 600	
 623	 625	  30	   3	1044	   3	   2	   4	  12	  19	  50	  70	  30	 309	1590580	1591624	   0	 600	
 624	 626	  70	   1	 809	   2	   1	   4	  13	  19	  50	  70	  30	 325	1593247	1594056	   0	 610	
 625	 627	  50	   3	 643	   1	   2	   5	  13	  19	  50	  70	  30	 402	1595765	1596408	   0	 610	
 626	 628	  30	   1	 764	   3	   1	   5	  13	  20	  50	  70	  30	 611	1598316	1599080	   0	 620	
 627	 629	  50	   2	 848	   1	   1	   6	  13	  20	  50	  70	  30	 628	1601016	1601864	   0	 610	
 628	 630	  70	   3	 547	   2	   2	   6	  14	  20	  50	  70	  30	 522	1603701	1604248	   0	 610	
 629	 631	  30	   3	 554	   3	   2	   6	  14	  21	  50	  70	  30	 367	1605934	1606488	   0	 610	
 630	 632	  50	   3	 761	   1	   2	   7	  14	  21	  50	  70	  30	 535	1608335	1609096	   0	 610	
 631	 633	  70	   2	 623	   2	   1	   7	  15	  21	  50	  70	  30	 561	1610969	1611592	   0	 600	
 632	 634	  30	   4	 807	   3	   2	   7	  15	  22	  50	  70	  30	 651	1613553	1614360	   0	 600	
 633	 635	  50	   3	 648	   1	   2	   8	  15	  22	  50	  70	  30	 630	1616288	1616936	   0	 600	
 634	 636	  30	   4	 882	   3	   2	   8	  15	  23	  50	  70	  30	 558	1618805	1619687	   0	 600	
 635	 637	  50	   3	 694	   1	   2	   9	  15	  23	  50	  70	  30	 496	1621489	1622183	   0	 600	
 636	 638	  30	   4	 627	   3	   2	   9	  15	  24	  50	  70	  30	 471	1623956	1624583	   0	 600	
 637	 639	  70	   1	1871	   2	   1	   9	  16	  24	  50	  70	  30	 541	1626424	1628295	   0	 610	
 638	 640	  50	   4	 669	   1	   2	  10	  16	  24	  50	  70	  30	 437	1630042	1630711	   0	 610	
 639	 641	  70	   1	 654	   2	   1	  10	  17	  24	  50	  70	  30	 385	1632409	1633063	   0	 620	
 640	 642	  30	   4	 819	   3	   2	  10	  17	  25	  50	  70	  30	 700	1635076	1635895	   0	 620	
 641	 643	  50	   3	 747	   1	   2	  11	  17	  25	  50	  70	  30	 416	1637644	1638391	   0	 620	
 642	 644	  70	   1	1047	   2	   1	  11	  18	  25	  50	  70	  30	 428	1640128	1641175	   0	 630	
 643	 645	  30	   4	1382	   3	   2	  11	  18	  26	  50	  70	  30	 432	1642929	1644311	   0	 630	
 644	 646	  70	   2	1192	   2	   1	  11	  19	  26	  50	  70	  30	 433	1646063	1647255	   0	 620	
 645	 647	  50	   4	 660	   1	   2	  12	  19	  26	  50	  70	  30	 383	1648947	1649607	   0	 620	
 646	 648	  30	   3	 625	   3	   2	  12	  19	  27	  50	  70	  30	 512	1651414	1652039	   0	 620	
 647	 649	  50	   2	 839	   1	   1	  13	  19	  27	  50	  70	  30	 693	1654032	1654871	   0	 610	
 648	 650	  30	   4	1119	   3	   2	  13	  19	  28	  50	  70	  30	 438	1656616	1657735	   0	 610	
 649	 651	  70	   4	 826	   2	   2	  13	  20	  28	  50	  70	  30	 494	1659533	1660359	   0	 610	
 650	 652	  30	   4	1015	   3	   2	  13	  20	  29	  50	  70	  30	 300	1661968	1662983	   0	 610	
 651	 653	  50	   1	 925	   1	   1	  14	  20	  29	  50	  70	  30	 302	1664618	1665543	   0	 620	
 652	 654	  70	   2	 690	   2	   1	  14	  21	  29	  50	  70	  30	 428	1667269	1667959	   0	 610	
 653	 655	  50	   1	1241	   1	   1	  15	  21	  29	  50	  70	  30	 586	1669853	1671094	   0	 620	
 654	 656	  70	   1	 985	   2	   1	  15	  22	  29	  50	  70	  30	 646	1673037	1674022	   0	 630	
 655	 657	  30	   3	 646	   3	   2	  15	  22	  30	  50	  70	  30	 564	1675888	1676534	   0	 630	
 656	 658	  50	   2	 842	   1	   1	  16	  22	  30	  50	  70	  30	 343	1678172	1679014	   0	 620	
 657	 659	  30	   4	 794	   3	   2	  16	  22	   1	  50	  70	  30	 634	1680956	1681750	   0	 620	
 658	 660	  70	   1	 698	   2	   1	  16	  23	   1	  50	  70	  30	 673	1683724	1684422	   0	 630	
 659	 661	  30	   4	 723	   3	   2	  16	  23	   2	  50	  70	  30	 563	1686291	1687014	   0	 630	
 660	 662	  70	   1	 836	   2	   1	  16	  24	   2	  50	  70	  30	 323	1688642	1689478	   0	 640	
 661	 663	  30	   4	 800	   3	   2	  16	  24	   3	  50	  70	  30	 325	1691126	1691926	   0	 640	
 662	 664	  70	   1	1265	   2	   1	  16	  25	   3	  50	  70	  30	 639	1693877	1695142	   0	 650	
 663	 665	  50	   3	 721	   1	   2	  17	  25	   3	  50	  70	  30	 603	1697061	1697782	   0	 650	
 664	 666	  30	   4	1109	   3	   2	  17	  25	   4	  50	  70	  30	 649	1699745	1700854	   0	 650	
 665	 667	  70	   3	 687	   2	   2	  17	  26	   4	  50	  70	  30	 508	1702663	1703350	   0	 650	
 666	 668	  30	   3	 659	   3	   2	  17	  26	   5	  50	  70	  30	 693	1705347	1706006	   0	 650	
 667	 669	  50	   4	 997	   1	   2	  18	  26	   5	  50	  70	  30	 377	1707681	1708678	   0	 650	
 668	 670	  70	   2	 620	   2	   1	  18	  27	   5	  50	  70	  30	 699	1710682	1711302	   0	 640	
 669	 671	  50	   3	1300	   1	   2	  19	  27	   5	  50	  70	  30	 660	1713266	1714566	   0	 640	
 670	 672	  30	   4	 821	   3	   2	  19	  27	   6	  50	  70	  30	 556	1716433	1717254	   0	 640	
 671	 673	  70	   1	 775	   2	   1	  19	  28	   6	  50	  70	  30	 544	1719118	1719893	   0	 650	
 672	 674	  30	   3	 783	   3	   2	  19	  28	   7	  50	  70	  30	 527	1721718	1722501	   0	 650	
 673	 675	  50	   4	 777	   1	   2	  20	  28	   7	  50	  70	  30	 421	1724236	1725013	   0	 650	
 674	 676	  70	   1	1009	   2	   1	  20	  29	   7	  50	  70	  30	 520	1726836	1727845	   0	 660	
 675	 677	  30	   4	 997	   3	   2	  20	  29	   8	  50	  70	  30	 350	1729504	1730501	   0	 660	
 676	 678	  50	   1	 820	   1	   1	  21	  29	   8	  50	  70	  30	 503	1732321	1733141	   0	 670	
 677	 679	  70	   4	 912	   2	   2	  21	  30	   8	  50	  70	  30	 342	1734789	1735701	   0	 670	
 678	 680	  50	   1	 742	   1	   1	  22	  30	   8	  50	  70	  30	 421	1737423	1738165	   0	 680	
 679	 681	  30	   4	 793	   3	   2	  22	  30	   9	  50	  70	  30	 654	1740124	1740917	   0	 680	
NaN	 682	  50	NaN	NaN	   1	   3	  22	  30	   9	  50	  70	  30	 501	1740124	NaN	   0	 680	
 680	 683	  30	   1	 630	   3	   1	  22	  30	  10	  50	  70	  30	 561	1746559	1747189	   0	 690	
 681	 684	  50	   3	 895	   1	   2	  23	  30	  10	  50	  70	  30	 607	1749110	1750005	   0	 690	
 682	 685	  70	   1	 535	   2	   1	  23	  31	  10	  50	  70	  30	 403	1751710	1752245	   0	 700	
 683	 686	  50	   2	 839	   1	   1	  24	  31	  10	  50	  70	  30	 518	1754078	1754917	   0	 690	
 684	 687	  70	   1	 609	   2	   1	  24	  32	  10	  50	  70	  30	 385	1756612	1757221	   0	 700	
 685	 688	  50	   4	 633	   1	   2	  25	  32	  10	  50	  70	  30	 669	1759196	1759829	   0	 700	
 686	 689	  30	   4	1006	   3	   2	  25	  32	  11	  50	  70	  30	 309	1761447	1762453	   0	 700	
 687	 690	  50	   4	 850	   1	   2	  26	  32	  11	  50	  70	  30	 368	1764131	1764981	   0	 700	
 688	 691	  30	   4	 875	   3	   2	  26	  32	  12	  50	  70	  30	 381	1766681	1767556	   0	 700	
 689	 692	  70	   1	 949	   2	   1	  26	  33	  12	  50	  70	  30	 338	1769199	1770148	   0	 710	
 690	 693	  30	   2	 818	   3	   1	  26	  33	  13	  50	  70	  30	 601	1772066	1772884	   0	 700	
 691	 694	  50	   2	1046	   1	   1	  27	  33	  13	  50	  70	  30	 534	1774750	1775796	   0	 690	
 692	 695	  70	   2	 628	   2	   1	  27	  34	  13	  50	  70	  30	 470	1777568	1778196	   0	 680	
 693	 696	  30	   4	 819	   3	   2	  27	  34	  14	  50	  70	  30	 485	1779985	1780804	   0	 680	
 694	 697	  50	   1	 707	   1	   1	  28	  34	  14	  50	  70	  30	 661	1782769	1783476	   0	 690	
 695	 698	  30	   3	 648	   3	   2	  28	  34	  15	  50	  70	  30	 617	1785404	1786052	   0	 690	
 696	 699	  50	   4	 766	   1	   2	  29	  34	  15	  50	  70	  30	 682	1788054	1788820	   0	 690	
 697	 700	  30	   4	1083	   3	   2	  29	  34	  16	  50	  70	  30	 373	1790505	1791588	   0	 690	
 698	 701	  70	   1	1388	   2	   1	  29	  35	  16	  50	  70	  30	 348	1793256	1794644	   0	 700	
 699	 702	  30	   4	 973	   3	   2	  29	  35	  17	  50	  70	  30	 479	1796423	1797396	   0	 700	
 700	 703	  50	   1	 934	   1	   1	  30	  35	  17	  50	  70	  30	 662	1799358	1800292	   0	 710	
 701	 704	  30	   4	 615	   3	   2	  30	  35	  18	  50	  70	  30	 504	1802125	1802740	   0	 710	
 702	 705	  50	   2	 925	   1	   1	  31	  35	  18	  50	  70	  30	 694	1804743	1805668	   0	 700	
 703	 706	  70	   1	 955	   2	   1	  31	   1	  18	  50	  70	  30	 624	1807593	1808548	   0	 710	
 704	 707	  50	   4	1189	   1	   2	  32	   1	  18	  50	  70	  30	 653	1810511	1811700	   0	 710	
 705	 708	  30	   3	 824	   3	   2	  32	   1	  19	  50	  70	  30	 627	1813628	1814452	   0	 710	
 706	 709	  50	   3	 639	   1	   2	  33	   1	  19	  50	  70	  30	 440	1816196	1816835	   0	 710	
 707	 710	  30	   3	 704	   3	   2	  33	   1	  20	  50	  70	  30	 414	1818547	1819251	   0	 710	
 708	 711	  70	   1	 544	   2	   1	  33	   2	  20	  50	  70	  30	 395	1820947	1821491	   0	 720	
 709	 712	  50	   4	 860	   1	   2	   1	   2	  20	  50	  70	  30	 625	1823415	1824275	   0	 720	
