Version: 1	Number of symbols: 3	Pictures exchange: true	Response Deadline: 2000
Trial_No	Virt_Trial_No	Prob_Shown	Feedback	RT	Stimulus_No	Resp	SymbolA_Stage	SymbolB_Stage	SymbolC_Stage	Prob_A	Prob_B	Prob_C	Jitter	StimOnset	RespOnset	Symbol_Changes	Bonus_sum
   1	   1	  30	   2	 511	   1	   1	   1	   0	   0	  30	  70	  50	 393	-386	 125	   0	 -10	
   2	   2	  50	   4	 459	   3	   2	   1	   0	   1	  30	  70	  50	 498	1906	2365	   0	 -10	
   3	   3	  30	   4	 355	   1	   2	   2	   0	   1	  30	  70	  50	 618	4266	4621	   0	 -10	
   4	   4	  50	   3	 299	   3	   2	   2	   0	   2	  30	  70	  50	 565	6466	6765	   0	 -10	
   5	   5	  70	   3	 530	   2	   2	   2	   1	   2	  30	  70	  50	 580	8626	9156	   0	 -10	
   6	   6	  30	   4	 194	   1	   2	   3	   1	   2	  30	  70	  50	 632	11066	11260	   0	 -10	
   7	   7	  50	   4	 136	   3	   2	   3	   1	   3	  30	  70	  50	 428	12972	13108	   0	 -10	
   8	   8	  70	   3	 616	   2	   2	   3	   2	   3	  30	  70	  50	 538	14932	15548	   0	 -10	
   9	   9	  50	   4	  75	   3	   2	   3	   2	   4	  30	  70	  50	 555	17385	17460	   0	 -10	
  10	  10	  30	   1	1280	   1	   1	   4	   2	   4	  30	  70	  50	 350	19092	20372	   0	   0	
  11	  11	  50	   1	  14	   3	   1	   4	   2	   5	  30	  70	  50	 448	22118	22132	   0	  10	
  12	  12	  70	   1	 886	   2	   1	   4	   3	   5	  30	  70	  50	 336	23758	24644	   0	  20	
  13	  13	  50	   4	 955	   3	   2	   4	   3	   6	  30	  70	  50	 414	26345	27300	   0	  20	
  14	  14	  70	   4	 833	   2	   2	   4	   4	   6	  30	  70	  50	 396	28971	29804	   0	  20	
  15	  15	  50	   3	 742	   3	   2	   4	   4	   7	  30	  70	  50	 628	31718	32460	   0	  20	
  16	  16	  30	   3	 329	   1	   2	   5	   4	   7	  30	  70	  50	 398	34131	34460	   0	  20	
  17	  17	  70	   4	 377	   2	   2	   5	   5	   7	  30	  70	  50	 466	36211	36588	   0	  20	
  18	  18	  50	   3	1044	   3	   2	   5	   5	   8	  30	  70	  50	 307	38184	39228	   0	  20	
  19	  19	  70	   3	 342	   2	   2	   5	   6	   8	  30	  70	  50	 442	40958	41300	   0	  20	
  20	  20	  30	   4	 470	   1	   2	   6	   6	   8	  30	  70	  50	 375	42957	43427	   0	  20	
  21	  21	  50	   4	 568	   3	   2	   6	   6	   9	  30	  70	  50	 610	45331	45899	   0	  20	
  22	  22	  30	   4	 339	   1	   2	   7	   6	   9	  30	  70	  50	 324	47504	47843	   0	  20	
  23	  23	  50	   3	1310	   3	   2	   7	   6	  10	  30	  70	  50	 306	49437	50747	   0	  20	
  24	  24	  30	   4	1859	   1	   2	   8	   6	  10	  30	  70	  50	 508	52544	54403	   0	  20	
  25	  25	  70	   1	 774	   2	   1	   8	   7	  10	  30	  70	  50	 631	56317	57091	   0	  30	
  26	  26	  50	   3	 342	   3	   2	   8	   7	  11	  30	  70	  50	 343	58717	59059	   0	  30	
  27	  27	  30	   4	 310	   1	   2	   9	   7	  11	  30	  70	  50	 500	60837	61147	   0	  30	
  28	  28	  50	   4	 249	   3	   2	   9	   7	  12	  30	  70	  50	 497	62930	63179	   0	  30	
  29	  29	  70	   1	 279	   2	   1	   9	   8	  12	  30	  70	  50	 694	65156	65435	   0	  40	
  30	  30	  50	   3	 439	   3	   2	   9	   8	  13	  30	  70	  50	 326	67036	67475	   0	  40	
  31	  31	  70	   1	 345	   2	   1	   9	   9	  13	  30	  70	  50	 640	69410	69755	   0	  50	
  32	  32	  50	   3	 497	   3	   2	   9	   9	  14	  30	  70	  50	 376	71410	71907	   0	  50	
  33	  33	  30	   1	 412	   1	   1	  10	   9	  14	  30	  70	  50	 427	73623	74035	   0	  60	
  34	  34	  70	   2	 687	   2	   1	  10	  10	  14	  30	  70	  50	 490	75796	76483	   0	  50	
  35	  35	  30	   2	 430	   1	   1	  11	  10	  14	  30	  70	  50	 431	78196	78626	   0	  40	
  36	  36	  70	   3	 380	   2	   2	  11	  11	  14	  30	  70	  50	 506	80422	80802	   0	  40	
  37	  37	  50	   4	 518	   3	   2	  11	  11	  15	  30	  70	  50	 589	82676	83194	   0	  40	
  38	  38	  30	   3	 337	   1	   2	  12	  11	  15	  30	  70	  50	 304	84769	85106	   0	  40	
  39	  39	  70	   4	 967	   2	   2	  12	  12	  15	  30	  70	  50	 412	86795	87762	   0	  40	
  40	  40	  30	   4	 897	   1	   2	  13	  12	  15	  30	  70	  50	 371	89409	90306	   0	  40	
  41	  41	  50	   3	 676	   3	   2	  13	  12	  16	  30	  70	  50	 341	91942	92618	   0	  40	
  42	  42	  70	   1	 820	   2	   1	  13	  13	  16	  30	  70	  50	 563	94462	95282	   0	  50	
  43	  43	  30	   2	 484	   1	   1	  14	  13	  16	  30	  70	  50	 543	97102	97586	   0	  40	
  44	  44	  70	   1	 212	   2	   1	  14	  14	  16	  30	  70	  50	 428	99302	99514	   0	  50	
  45	  45	  50	   4	 514	   3	   2	  14	  14	  17	  30	  70	  50	 448	101248	101762	   0	  50	
  46	  46	  30	   4	 463	   1	   2	  15	  14	  17	  30	  70	  50	 306	103355	103818	   0	  50	
  47	  47	  70	   1	 370	   2	   1	  15	  15	  17	  30	  70	  50	 591	105688	106058	   0	  60	
  48	  48	  30	   3	 383	   1	   2	  16	  15	  17	  30	  70	  50	 543	107875	108258	   0	  60	
  49	  49	  70	   2	 541	   2	   1	  16	  16	  17	  30	  70	  50	 404	109941	110482	   0	  50	
  50	  50	  30	   2	 373	   1	   1	  17	  16	  17	  30	  70	  50	 695	112461	112834	   0	  40	
  51	  51	  70	   1	 399	   2	   1	  17	  17	  17	  30	  70	  50	 545	114674	115073	   0	  50	
  52	  52	  30	   2	 476	   1	   1	  18	  17	  17	  30	  70	  50	 621	116981	117457	   0	  40	
  53	  53	  70	   1	 423	   2	   1	  18	  18	  17	  30	  70	  50	 382	119114	119537	   0	  50	
  54	  54	  30	   1	 428	   1	   1	  19	  18	  17	  30	  70	  50	 449	121261	121689	   0	  60	
  55	  55	  70	   2	 562	   2	   1	  19	  19	  17	  30	  70	  50	 308	123287	123849	   0	  50	
  56	  56	  50	   2	 426	   3	   1	  19	  19	  18	  30	  70	  50	 638	125767	126193	   0	  40	
  57	  57	  30	   2	 335	   1	   1	  20	  19	  18	  30	  70	  50	 317	127794	128129	   0	  30	
  58	  58	  70	   1	 490	   2	   1	  20	  20	  18	  30	  70	  50	 346	129767	130257	   0	  40	
  59	  59	  50	   3	 653	   3	   2	  20	  20	  19	  30	  70	  50	 601	132140	132793	   0	  40	
  60	  60	  30	   2	 618	   1	   1	  21	  20	  19	  30	  70	  50	 484	134567	135185	   0	  30	
  61	  61	  50	   4	 637	   3	   2	  21	  20	  20	  30	  70	  50	 665	137140	137777	   0	  30	
  62	  62	  70	   1	 376	   2	   1	  21	  21	  20	  30	  70	  50	 537	139593	139969	   0	  40	
  63	  63	  50	   4	 701	   3	   2	  21	  21	  21	  30	  70	  50	 444	141700	142401	   0	  40	
  64	  64	  70	   2	 445	   2	   1	  21	  22	  21	  30	  70	  50	 335	144020	144465	   0	  30	
  65	  65	  50	   3	 555	   3	   2	  21	  22	  22	  30	  70	  50	 663	146406	146961	   0	  30	
  66	  66	  30	   1	 525	   1	   1	  22	  22	  22	  30	  70	  50	 621	148859	149384	   0	  40	
  67	  67	  70	   1	 559	   2	   1	  22	  23	  22	  30	  70	  50	 359	151033	151592	   0	  50	
  68	  68	  30	   4	1352	   1	   2	  23	  23	  22	  30	  70	  50	 435	153312	154664	   0	  50	
  69	  69	  50	   4	1373	   3	   2	  23	  23	  23	  30	  70	  50	 352	156299	157672	   0	  50	
  70	  70	  70	   3	1869	   2	   2	  23	  24	  23	  30	  70	  50	 337	159299	161168	   0	  50	
  71	  71	  50	   4	 843	   3	   2	  23	  24	  24	  30	  70	  50	 465	162925	163768	   0	  50	
  72	  72	  70	   3	  83	   2	   2	  23	  25	  24	  30	  70	  50	 517	165565	165648	   0	  50	
  73	  73	  50	   3	 286	   3	   2	  23	  25	  25	  30	  70	  50	 483	167418	167704	   0	  50	
  74	  74	  70	   2	 472	   2	   1	  23	  26	  25	  30	  70	  50	 400	169392	169864	   0	  40	
  75	  75	  50	   2	 515	   3	   1	  23	  26	  26	  30	  70	  50	 575	171725	172240	   0	  30	
  76	  76	  70	   3	1198	   2	   2	  23	  27	  26	  30	  70	  50	 334	173858	175056	   0	  30	
  77	  77	  50	   3	1067	   3	   2	  23	  27	  27	  30	  70	  50	 596	176925	177992	   0	  30	
  78	  78	  70	   3	 310	   2	   2	  23	  28	  27	  30	  70	  50	 381	179658	179968	   0	  30	
  79	  79	  50	   1	 726	   3	   1	  23	  28	  28	  30	  70	  50	 481	181738	182464	   0	  40	
  80	  80	  30	   2	 124	   1	   1	  24	  28	  28	  30	  70	  50	 333	184084	184208	   0	  30	
  81	  81	  70	   4	 488	   2	   2	  24	  29	  28	  30	  70	  50	 561	186071	186559	   0	  30	
  82	  82	  30	   4	 645	   1	   2	  25	  29	  28	  30	  70	  50	 663	188498	189143	   0	  30	
  83	  83	  50	   4	 515	   3	   2	  25	  29	  29	  30	  70	  50	 413	190844	191359	   0	  30	
  84	  84	  30	   3	 382	   1	   2	  26	  29	  29	  30	  70	  50	 494	193137	193519	   0	  30	
  85	  85	  70	   3	 264	   2	   2	  26	  30	  29	  30	  70	  50	 392	195191	195455	   0	  30	
  86	  86	  50	   3	 558	   3	   2	  26	  30	  30	  30	  70	  50	 679	197417	197975	   0	  30	
  87	  87	  70	   3	1331	   2	   2	  26	  31	  30	  30	  70	  50	 476	199724	201055	   0	  30	
  88	  88	  30	   4	1217	   3	   2	  26	  31	   1	  30	  70	  30	 699	203070	204287	   3	  30	
  89	  89	  30	   4	 249	   1	   2	  27	  31	   1	  30	  70	  30	 376	205950	206199	   0	  30	
  90	  90	  70	   4	 614	   2	   2	  27	  32	   1	  30	  70	  30	 664	208137	208751	   0	  30	
  91	  91	  30	   3	 868	   3	   2	  27	  32	   2	  30	  70	  30	 478	210523	211391	   0	  30	
  92	  92	  70	   3	   7	   2	   2	  27	  33	   2	  30	  70	  30	 540	213216	213223	   0	  30	
  93	  93	  30	   4	 164	   1	   2	  28	  33	   2	  30	  70	  30	 700	215203	215367	   0	  30	
  94	  94	  30	   4	 145	   3	   2	  28	  33	   3	  30	  70	  30	 625	217270	217415	   0	  30	
  95	  95	  30	   3	 422	   1	   2	  29	  33	   3	  30	  70	  30	 371	219056	219478	   0	  30	
  96	  96	  20	   4	 355	   2	   2	  29	   1	   3	  30	  20	  30	 533	221323	221678	   2	  30	
  97	  97	  30	   4	 625	   1	   2	  30	   1	   3	  30	  20	  30	 507	223469	224094	   0	  30	
  98	  98	  30	   2	1297	   3	   1	  30	   1	   4	  30	  20	  30	 459	225829	227126	   0	  20	
  99	  99	  30	   4	 966	   1	   2	  31	   1	   4	  30	  20	  30	 479	228896	229862	   0	  20	
 100	 100	  30	   4	1617	   3	   2	  31	   1	   5	  30	  20	  30	 522	231669	233286	   0	  20	
 101	 101	  20	   4	 687	   2	   2	  31	   2	   5	  30	  20	  30	 315	234895	235582	   0	  20	
 102	 102	  30	   3	 177	   1	   2	  32	   2	   5	  30	  20	  30	 527	237389	237566	   0	  20	
 103	 103	  20	   3	 545	   2	   2	  32	   3	   5	  30	  20	  30	 385	239229	239774	   0	  20	
 104	 104	  30	   3	  26	   3	   2	  32	   3	   6	  30	  20	  30	 300	241348	241374	   0	  20	
 105	 105	  20	   4	 100	   2	   2	  32	   4	   6	  30	  20	  30	 430	243082	243182	   0	  20	
 106	 106	  30	   4	 194	   3	   2	  32	   4	   7	  30	  20	  30	 325	244788	244982	   0	  20	
 107	 107	  20	   4	 436	   2	   2	  32	   5	   7	  30	  20	  30	 419	246682	247118	   0	  20	
 108	 108	  30	   4	 325	   3	   2	  32	   5	   8	  30	  20	  30	 401	248801	249126	   0	  20	
 109	 109	  20	   3	 373	   2	   2	  32	   6	   8	  30	  20	  30	 638	251041	251414	   0	  20	
 110	 110	  30	   4	 418	   1	   2	  33	   6	   8	  30	  20	  30	 608	253308	253726	   0	  20	
 111	 111	  30	   4	 281	   3	   2	  33	   6	   9	  30	  20	  30	 639	255668	255949	   0	  20	
 112	 112	  20	   4	 252	   2	   2	  33	   7	   9	  30	  20	  30	 561	257801	258053	   0	  20	
 113	 113	  30	   3	  33	   3	   2	  33	   7	  10	  30	  20	  30	 444	259788	259821	   0	  20	
 114	 114	  30	   4	 236	   1	   2	  34	   7	  10	  30	  20	  30	 653	261761	261997	   0	  20	
 115	 115	  30	   3	  10	   3	   2	  34	   7	  11	  30	  20	  30	 558	263827	263837	   0	  20	
 116	 116	  30	   4	 543	   1	   2	  35	   7	  11	  30	  20	  30	 615	265734	266277	   0	  20	
 117	 117	  30	   4	 100	   3	   2	  35	   7	  12	  30	  20	  30	 322	267881	267981	   0	  20	
 118	 118	  80	   3	 690	   1	   2	   1	   7	  12	  80	  20	  30	 650	269947	270637	   1	  20	
 119	 119	  30	   4	 626	   3	   2	   1	   7	  13	  80	  20	  30	 633	272547	273173	   0	  20	
 120	 120	  20	   4	 397	   2	   2	   1	   8	  13	  80	  20	  30	 455	274920	275317	   0	  20	
 121	 121	  80	   3	 730	   1	   2	   2	   8	  13	  80	  20	  30	 413	277027	277757	   0	  20	
 122	 122	  30	   4	 328	   3	   2	   2	   8	  14	  80	  20	  30	 417	279453	279781	   0	  20	
 123	 123	  80	   4	 176	   1	   2	   3	   8	  14	  80	  20	  30	 667	281733	281909	   0	  20	
 124	 124	  30	   3	  66	   3	   2	   3	   8	  15	  80	  20	  30	 556	283747	283813	   0	  20	
 125	 125	  80	   3	 312	   1	   2	   4	   8	  15	  80	  20	  30	 386	285493	285805	   0	  20	
 126	 126	  30	   4	 208	   3	   2	   4	   8	  16	  80	  20	  30	 643	287733	287941	   0	  20	
 127	 127	  80	   3	 749	   1	   2	   5	   8	  16	  80	  20	  30	 301	289520	290269	   0	  20	
 128	 128	  30	   4	  42	   3	   2	   5	   8	  17	  80	  20	  30	 351	291906	291948	   0	  20	
 129	 129	  20	   4	 477	   2	   2	   5	   9	  17	  80	  20	  30	 492	293719	294196	   0	  20	
 130	 130	  80	   4	1578	   1	   2	   6	   9	  17	  80	  20	  30	 429	295906	297484	   0	  20	
 131	 131	  30	   4	1010	   3	   2	   6	   9	  18	  80	  20	  30	 645	299426	300436	   0	  20	
 132	 132	  80	   3	 613	   1	   2	   7	   9	  18	  80	  20	  30	 450	302159	302772	   0	  20	
 133	 133	  30	   3	 421	   3	   2	   7	   9	  19	  80	  20	  30	 416	304479	304900	   0	  20	
 134	 134	  80	   3	 261	   1	   2	   8	   9	  19	  80	  20	  30	 577	306759	307020	   0	  20	
 135	 135	  20	   4	1027	   2	   2	   8	  10	  19	  80	  20	  30	 685	308985	310012	   0	  20	
 136	 136	  80	   3	1787	   1	   2	   9	  10	  19	  80	  20	  30	 569	311865	313652	   0	  20	
 137	 137	  20	   3	 547	   2	   2	   9	  11	  19	  80	  20	  30	 603	315545	316092	   0	  20	
 138	 138	  80	   3	 331	   1	   2	  10	  11	  19	  80	  20	  30	 411	317785	318116	   0	  20	
 139	 139	  20	   4	  16	   2	   2	  10	  12	  19	  80	  20	  30	 343	319732	319748	   0	  20	
 140	 140	  30	   4	  35	   3	   2	  10	  12	  20	  80	  20	  30	 473	321505	321540	   0	  20	
NaN	 141	  80	NaN	NaN	   1	   3	  10	  12	  20	  80	  20	  30	 552	321505	NaN	   0	  20	
 141	 142	  30	   3	 576	   3	   2	  10	  12	  21	  80	  20	  30	 423	327051	327627	   0	  20	
 142	 143	  20	   4	 627	   2	   2	  10	  13	  21	  80	  20	  30	 389	329304	329931	   0	  20	
 143	 144	  80	   4	 144	   1	   2	  11	  13	  21	  80	  20	  30	 317	331531	331675	   0	  20	
 144	 145	  30	   4	 541	   3	   2	  11	  13	  22	  80	  20	  30	 526	333478	334019	   0	  20	
 145	 146	  20	   4	 243	   2	   2	  11	  14	  22	  80	  20	  30	 319	335624	335867	   0	  20	
 146	 147	  30	   4	 608	   3	   2	  11	  14	  23	  80	  20	  30	 654	337811	338419	   0	  20	
 147	 148	  20	   4	 160	   2	   2	  11	  15	  23	  80	  20	  30	 388	340091	340251	   0	  20	
 148	 149	  80	   3	 987	   1	   2	  12	  15	  23	  80	  20	  30	 365	341904	342891	   0	  20	
 149	 150	  20	   4	 846	   2	   2	  12	  16	  23	  80	  20	  30	 616	344797	345643	   0	  20	
 150	 151	  80	   3	 731	   1	   2	  13	  16	  23	  80	  20	  30	 617	347544	348275	   0	  20	
 151	 152	  20	   4	1596	   2	   2	  13	  17	  23	  80	  20	  30	 454	350023	351619	   0	  20	
NaN	 153	  30	NaN	NaN	   3	   3	  13	  17	  23	  80	  20	  30	 445	350023	NaN	   0	  20	
 152	 154	  20	   3	 636	   2	   2	  13	  18	  23	  80	  20	  30	 433	357023	357659	   0	  20	
 153	 155	  80	   3	 393	   1	   2	  14	  18	  23	  80	  20	  30	 437	359370	359763	   0	  20	
 154	 156	  30	   4	 400	   3	   2	  14	  18	  24	  80	  20	  30	 687	361730	362130	   0	  20	
NaN	 157	  80	NaN	NaN	   1	   3	  14	  18	  24	  80	  20	  30	 408	361730	NaN	   0	  20	
NaN	 158	  20	NaN	NaN	   2	   3	  14	  18	  24	  80	  20	  30	 529	361730	NaN	   0	  20	
 155	 159	  30	   4	 593	   3	   2	  14	  18	  25	  80	  20	  30	 360	371209	371802	   0	  20	
 156	 160	  80	   3	 121	   1	   2	  15	  18	  25	  80	  20	  30	 639	373729	373850	   0	  20	
 157	 161	  20	   4	1342	   2	   2	  15	  19	  25	  80	  20	  30	 535	375676	377018	   0	  20	
 158	 162	  30	   4	1076	   3	   2	  15	  19	  26	  80	  20	  30	 652	378942	380018	   0	  20	
 159	 163	  80	   3	 180	   1	   2	  16	  19	  26	  80	  20	  30	 321	381622	381802	   0	  20	
 160	 164	  30	   3	 881	   3	   2	  16	  19	  27	  80	  20	  30	 329	383409	384290	   0	  20	
 161	 165	  20	   4	  47	   2	   2	  16	  20	  27	  80	  20	  30	 651	386235	386282	   0	  20	
 162	 166	  30	   4	 335	   3	   2	  16	  20	  28	  80	  20	  30	 348	387915	388250	   0	  20	
 163	 167	  80	   3	 623	   1	   2	  17	  20	  28	  80	  20	  30	 574	390115	390738	   0	  20	
 164	 168	  30	   4	 359	   3	   2	  17	  20	  29	  80	  20	  30	 505	392515	392874	   0	  20	
 165	 169	  20	   4	1141	   2	   2	  17	  21	  29	  80	  20	  30	 355	394501	395642	   0	  20	
 166	 170	  30	   3	 476	   3	   2	  17	  21	  30	  80	  20	  30	 661	397581	398057	   0	  20	
 167	 171	  80	   4	 694	   1	   2	  18	  21	  30	  80	  20	  30	 661	399995	400689	   0	  20	
 168	 172	  30	   4	 508	   3	   2	  18	  21	  31	  80	  20	  30	 600	402581	403089	   0	  20	
 169	 173	  20	   4	 740	   2	   2	  18	  22	  31	  80	  20	  30	 331	404701	405441	   0	  20	
 170	 174	  80	   3	 721	   1	   2	  19	  22	  31	  80	  20	  30	 482	407208	407929	   0	  20	
 171	 175	  30	   4	 490	   3	   2	  19	  22	  32	  80	  20	  30	 337	409567	410057	   0	  20	
 172	 176	  80	   3	 738	   1	   2	  20	  22	  32	  80	  20	  30	 387	411727	412465	   0	  20	
 173	 177	  30	   4	  98	   3	   2	  20	  22	  33	  80	  20	  30	 582	414327	414425	   0	  20	
 174	 178	  80	   3	 330	   1	   2	  21	  22	  33	  80	  20	  30	 301	416007	416337	   0	  20	
 175	 179	  30	   3	1045	   3	   2	  21	  22	  34	  80	  20	  30	 532	418140	419185	   0	  20	
 176	 180	  20	   3	 893	   2	   2	  21	  23	  34	  80	  20	  30	 311	420780	421673	   0	  20	
 177	 181	  30	   4	1408	   3	   2	  21	  23	  35	  80	  20	  30	 467	423433	424841	   0	  20	
 178	 182	  20	   4	 261	   2	   2	  21	  24	  35	  80	  20	  30	 379	426500	426761	   0	  20	
 179	 183	  80	   3	 274	   1	   2	  22	  24	  35	  80	  20	  30	 404	428447	428721	   0	  20	
 180	 184	  70	   3	  40	   3	   2	  22	  24	   1	  80	  20	  70	 343	430393	430433	   3	  20	
 181	 185	  20	   3	 954	   2	   2	  22	  25	   1	  80	  20	  70	 512	432246	433200	   0	  20	
 182	 186	  70	   4	 159	   3	   2	  22	  25	   2	  80	  20	  70	 397	434873	435032	   0	  20	
 183	 187	  20	   4	 786	   2	   2	  22	  26	   2	  80	  20	  70	 323	436646	437432	   0	  20	
 184	 188	  70	   3	 399	   3	   2	  22	  26	   3	  80	  20	  70	 350	439073	439472	   0	  20	
 185	 189	  20	   4	 234	   2	   2	  22	  27	   3	  80	  20	  70	 559	441326	441560	   0	  20	
 186	 190	  80	   4	 544	   1	   2	  23	  27	   3	  80	  20	  70	 359	443192	443736	   0	  20	
 187	 191	  70	   4	 632	   3	   2	  23	  27	   4	  80	  20	  70	 699	445712	446344	   0	  20	
 188	 192	  80	   3	 296	   1	   2	  24	  27	   4	  80	  20	  70	 528	448152	448448	   0	  20	
 189	 193	  20	   4	 322	   2	   2	  24	  28	   4	  80	  20	  70	 468	450206	450528	   0	  20	
 190	 194	  70	   3	 267	   3	   2	  24	  28	   5	  80	  20	  70	 476	452285	452552	   0	  20	
 191	 195	  20	   4	 696	   2	   2	  24	  29	   5	  80	  20	  70	 495	454352	455048	   0	  20	
 192	 196	  70	   3	 227	   3	   2	  24	  29	   6	  80	  20	  70	 390	456725	456952	   0	  20	
 193	 197	  80	   4	 821	   1	   2	  25	  29	   6	  80	  20	  70	 498	458739	459560	   0	  20	
 194	 198	  20	   4	1107	   2	   2	  25	  30	   6	  80	  20	  70	 649	461485	462592	   0	  20	
 195	 199	  70	   3	 350	   3	   2	  25	  30	   7	  80	  20	  70	 654	464538	464888	   0	  20	
 196	 200	  50	   3	  99	   2	   2	  25	   1	   7	  80	  50	  70	 619	466845	466944	   2	  20	
 197	 201	  80	   3	 277	   1	   2	  26	   1	   7	  80	  50	  70	 546	468778	469055	   0	  20	
 198	 202	  70	   4	 480	   3	   2	  26	   1	   8	  80	  50	  70	 338	470671	471151	   0	  20	
 199	 203	  50	   4	1064	   2	   2	  26	   2	   8	  80	  50	  70	 593	473031	474095	   0	  20	
 200	 204	  70	   3	 936	   3	   2	  26	   2	   9	  80	  50	  70	 495	475871	476807	   0	  20	
 201	 205	  50	   3	  93	   2	   2	  26	   3	   9	  80	  50	  70	 426	478538	478631	   0	  20	
 202	 206	  70	   3	1712	   3	   2	  26	   3	  10	  80	  50	  70	 436	480351	482063	   0	  20	
 203	 207	  50	   4	 294	   2	   2	  26	   4	  10	  80	  50	  70	 631	483977	484271	   0	  20	
 204	 208	  80	   3	 571	   1	   2	  27	   4	  10	  80	  50	  70	 483	486044	486615	   0	  20	
 205	 209	  50	   4	 110	   2	   2	  27	   5	  10	  80	  50	  70	 681	488577	488687	   0	  20	
 206	 210	  80	   3	1747	   1	   2	  28	   5	  10	  80	  50	  70	 555	490524	492271	   0	  20	
 207	 211	  70	   4	 873	   3	   2	  28	   5	  11	  80	  50	  70	 346	493910	494783	   0	  20	
 208	 212	  50	   3	 449	   2	   2	  28	   6	  11	  80	  50	  70	 443	496510	496959	   0	  20	
 209	 213	  80	   3	1780	   1	   2	  29	   6	  11	  80	  50	  70	 359	498603	500383	   0	  20	
 210	 214	  70	   4	 608	   3	   2	  29	   6	  12	  80	  50	  70	 640	502310	502918	   0	  20	
 211	 215	  80	   3	1107	   1	   2	  30	   6	  12	  80	  50	  70	 670	504883	505990	   0	  20	
 212	 216	  70	   3	  88	   3	   2	  30	   6	  13	  80	  50	  70	 627	507910	507998	   0	  20	
 213	 217	  50	   3	 384	   2	   2	  30	   7	  13	  80	  50	  70	 515	509790	510174	   0	  20	
 214	 218	  80	   3	 830	   1	   2	  31	   7	  13	  80	  50	  70	 326	511776	512606	   0	  20	
 215	 219	  50	   4	 553	   2	   2	  31	   8	  13	  80	  50	  70	 304	514189	514742	   0	  20	
 216	 220	  80	   3	 659	   1	   2	  32	   8	  13	  80	  50	  70	 505	516523	517182	   0	  20	
 217	 221	  70	   3	 852	   3	   2	  32	   8	  14	  80	  50	  70	 694	519162	520014	   0	  20	
 218	 222	  50	   4	 156	   2	   2	  32	   9	  14	  80	  50	  70	 307	521602	521758	   0	  20	
 219	 223	  70	   3	   9	   3	   2	  32	   9	  15	  80	  50	  70	 309	523349	523358	   0	  20	
 220	 224	  80	   3	 668	   1	   2	  33	   9	  15	  80	  50	  70	 449	525082	525750	   0	  20	
 221	 225	  50	   3	 535	   2	   2	  33	  10	  15	  80	  50	  70	 365	527415	527950	   0	  20	
 222	 226	  70	   3	 593	   3	   2	  33	  10	  16	  80	  50	  70	 393	529629	530222	   0	  20	
 223	 227	  20	   4	  49	   1	   2	   1	  10	  16	  20	  50	  70	 573	532109	532158	   1	  20	
 224	 228	  70	   4	 551	   3	   2	   1	  10	  17	  20	  50	  70	 417	533855	534406	   0	  20	
 225	 229	  20	   4	 410	   1	   2	   2	  10	  17	  20	  50	  70	 462	536148	536558	   0	  20	
 226	 230	  50	   4	 291	   2	   2	   2	  11	  17	  20	  50	  70	 647	538482	538773	   0	  20	
 227	 231	  70	   1	 841	   3	   1	   2	  11	  18	  20	  50	  70	 420	540468	541309	   0	  30	
 228	 232	  50	   1	 452	   2	   1	   2	  12	  18	  20	  50	  70	 371	542961	543413	   0	  40	
 229	 233	  70	   1	 532	   3	   1	   2	  12	  19	  20	  50	  70	 637	545321	545853	   0	  50	
 230	 234	  20	   4	 572	   1	   2	   3	  12	  19	  20	  50	  70	 632	547761	548333	   0	  50	
 231	 235	  70	   1	 543	   3	   1	   3	  12	  20	  20	  50	  70	 390	550014	550557	   0	  60	
 232	 236	  20	   3	 449	   1	   2	   4	  12	  20	  20	  50	  70	 514	552348	552797	   0	  60	
 233	 237	  50	   2	 455	   2	   1	   4	  13	  20	  20	  50	  70	 575	554654	555109	   0	  50	
 234	 238	  70	   2	 415	   3	   1	   4	  13	  21	  20	  50	  70	 498	556894	557309	   0	  40	
 235	 239	  50	   2	 642	   2	   1	   4	  14	  21	  20	  50	  70	 593	559187	559829	   0	  30	
 236	 240	  70	   1	 562	   3	   1	   4	  14	  22	  20	  50	  70	 589	561707	562269	   0	  40	
 237	 241	  50	   3	 938	   2	   2	   4	  15	  22	  20	  50	  70	 672	564227	565165	   0	  40	
 238	 242	  20	   4	 594	   1	   2	   5	  15	  22	  20	  50	  70	 582	567027	567621	   0	  40	
 239	 243	  50	   3	 477	   2	   2	   5	  16	  22	  20	  50	  70	 380	569280	569757	   0	  40	
 240	 244	  20	   4	 557	   1	   2	   6	  16	  22	  20	  50	  70	 488	571520	572077	   0	  40	
 241	 245	  70	   1	 465	   3	   1	   6	  16	  23	  20	  50	  70	 579	573947	574412	   0	  50	
 242	 246	  50	   2	 455	   2	   1	   6	  17	  23	  20	  50	  70	 432	576133	576588	   0	  40	
 243	 247	  20	   3	 503	   1	   2	   7	  17	  23	  20	  50	  70	 383	578253	578756	   0	  40	
 244	 248	  50	   1	 447	   2	   1	   7	  18	  23	  20	  50	  70	 574	580613	581060	   0	  50	
 245	 249	  70	   1	 442	   3	   1	   7	  18	  24	  20	  50	  70	 448	582786	583228	   0	  60	
 246	 250	  20	   4	 527	   1	   2	   8	  18	  24	  20	  50	  70	 496	585013	585540	   0	  60	
 247	 251	  70	   1	 725	   3	   1	   8	  18	  25	  20	  50	  70	 463	587279	588004	   0	  70	
 248	 252	  50	   2	 439	   2	   1	   8	  19	  25	  20	  50	  70	 370	589653	590092	   0	  60	
 249	 253	  20	   4	 536	   1	   2	   9	  19	  25	  20	  50	  70	 593	591972	592508	   0	  60	
 250	 254	  70	   2	 472	   3	   1	   9	  19	  26	  20	  50	  70	 505	594292	594764	   0	  50	
 251	 255	  50	   1	 533	   2	   1	   9	  20	  26	  20	  50	  70	 417	596479	597012	   0	  60	
 252	 256	  70	   1	 403	   3	   1	   9	  20	  27	  20	  50	  70	 652	598945	599348	   0	  70	
 253	 257	  50	   1	 467	   2	   1	   9	  21	  27	  20	  50	  70	 308	600945	601412	   0	  80	
 254	 258	  70	   1	 488	   3	   1	   9	  21	  28	  20	  50	  70	 518	603212	603700	   0	  90	
 255	 259	  50	   2	 384	   2	   1	   9	  22	  28	  20	  50	  70	 586	605572	605956	   0	  80	
 256	 260	  70	   2	 350	   3	   1	   9	  22	  29	  20	  50	  70	 562	607798	608148	   0	  70	
 257	 261	  20	   4	 519	   1	   2	  10	  22	  29	  20	  50	  70	 545	609972	610491	   0	  70	
 258	 262	  70	   1	 383	   3	   1	  10	  22	  30	  20	  50	  70	 397	612172	612555	   0	  80	
 259	 263	  50	   2	 386	   2	   1	  10	  23	  30	  20	  50	  70	 669	614505	614891	   0	  70	
 260	 264	  20	   4	 661	   1	   2	  11	  23	  30	  20	  50	  70	 374	616558	617219	   0	  70	
 261	 265	  50	   4	 733	   3	   2	  11	  23	   1	  20	  50	  50	 322	618878	619611	   3	  70	
 262	 266	  50	   2	 531	   2	   1	  11	  24	   1	  20	  50	  50	 328	621224	621755	   0	  60	
 263	 267	  50	   4	 656	   3	   2	  11	  24	   2	  20	  50	  50	 342	623371	624027	   0	  60	
 264	 268	  50	   1	 528	   2	   1	  11	  25	   2	  20	  50	  50	 504	625811	626339	   0	  70	
 265	 269	  20	   4	 499	   1	   2	  12	  25	   2	  20	  50	  50	 452	628064	628563	   0	  70	
 266	 270	  50	   1	 614	   2	   1	  12	  26	   2	  20	  50	  50	 436	630277	630891	   0	  80	
 267	 271	  50	   3	 523	   3	   2	  12	  26	   3	  20	  50	  50	 685	632864	633387	   0	  80	
 268	 272	  50	   2	 531	   2	   1	  12	  27	   3	  20	  50	  50	 349	635024	635555	   0	  70	
 269	 273	  50	   4	 558	   3	   2	  12	  27	   4	  20	  50	  50	 440	637277	637835	   0	  70	
 270	 274	  50	   1	 393	   2	   1	  12	  28	   4	  20	  50	  50	 579	639690	640083	   0	  80	
 271	 275	  20	   4	 737	   1	   2	  13	  28	   4	  20	  50	  50	 427	641810	642547	   0	  80	
 272	 276	  50	   3	 587	   3	   2	  13	  28	   5	  20	  50	  50	 557	644383	644970	   0	  80	
 273	 277	  50	   2	 629	   2	   1	  13	  29	   5	  20	  50	  50	 583	646837	647466	   0	  70	
 274	 278	  20	   3	 469	   1	   2	  14	  29	   5	  20	  50	  50	 643	649397	649866	   0	  70	
 275	 279	  50	   3	 467	   3	   2	  14	  29	   6	  20	  50	  50	 513	651663	652130	   0	  70	
 276	 280	  20	   4	 446	   1	   2	  15	  29	   6	  20	  50	  50	 544	653956	654402	   0	  70	
 277	 281	  50	   4	 718	   3	   2	  15	  29	   7	  20	  50	  50	 548	656236	656954	   0	  70	
 278	 282	  20	   3	 473	   1	   2	  16	  29	   7	  20	  50	  50	 501	658729	659202	   0	  70	
 279	 283	  50	   4	 555	   3	   2	  16	  29	   8	  20	  50	  50	 344	660823	661378	   0	  70	
 280	 284	  50	   1	 625	   2	   1	  16	  30	   8	  20	  50	  50	 472	663129	663754	   0	  80	
 281	 285	  20	   4	 518	   1	   2	  17	  30	   8	  20	  50	  50	 387	665436	665954	   0	  80	
 282	 286	  50	   1	 646	   2	   1	  17	  31	   8	  20	  50	  50	 325	667556	668202	   0	  90	
 283	 287	  20	   4	 516	   1	   2	  18	  31	   8	  20	  50	  50	 494	669982	670498	   0	  90	
 284	 288	  50	   3	 545	   3	   2	  18	  31	   9	  20	  50	  50	 666	672449	672994	   0	  90	
 285	 289	  20	   4	 497	   1	   2	  19	  31	   9	  20	  50	  50	 341	674609	675106	   0	  90	
 286	 290	  50	   3	 425	   3	   2	  19	  31	  10	  20	  50	  50	 616	677009	677434	   0	  90	
 287	 291	  50	   2	 596	   2	   1	  19	  32	  10	  20	  50	  50	 306	679022	679618	   0	  80	
 288	 292	  50	   3	 369	   3	   2	  19	  32	  11	  20	  50	  50	 592	681488	681857	   0	  80	
 289	 293	  50	   3	 393	   2	   2	  19	  33	  11	  20	  50	  50	 508	683648	684041	   0	  80	
 290	 294	  50	   3	 462	   3	   2	  19	  33	  12	  20	  50	  50	 347	685675	686137	   0	  80	
 291	 295	  20	   4	 481	   1	   2	  20	  33	  12	  20	  50	  50	 495	687928	688409	   0	  80	
 292	 296	  20	   4	 614	   2	   2	  20	   1	  12	  20	  20	  50	 430	690155	690769	   2	  80	
 293	 297	  20	   4	 550	   1	   2	  21	   1	  12	  20	  20	  50	 383	692435	692985	   0	  80	
 294	 298	  20	   4	 487	   2	   2	  21	   2	  12	  20	  20	  50	 571	694834	695321	   0	  80	
 295	 299	  20	   3	 409	   1	   2	  22	   2	  12	  20	  20	  50	 327	696928	697337	   0	  80	
 296	 300	  20	   4	 492	   2	   2	  22	   3	  12	  20	  20	  50	 599	699221	699713	   0	  80	
 297	 301	  50	   4	  36	   3	   2	  22	   3	  13	  20	  20	  50	 674	701661	701697	   0	  80	
 298	 302	  20	   4	 103	   2	   2	  22	   4	  13	  20	  20	  50	 536	703514	703617	   0	  80	
 299	 303	  50	   3	 119	   3	   2	  22	   4	  14	  20	  20	  50	 415	705314	705433	   0	  80	
 300	 304	  20	   3	 186	   2	   2	  22	   5	  14	  20	  20	  50	 338	707047	707233	   0	  80	
 301	 305	  20	   4	 306	   1	   2	  23	   5	  14	  20	  20	  50	 565	709087	709393	   0	  80	
 302	 306	  50	   3	 226	   3	   2	  23	   5	  15	  20	  20	  50	 460	711127	711353	   0	  80	
 303	 307	  20	   4	 946	   1	   2	  24	   5	  15	  20	  20	  50	 567	713207	714153	   0	  80	
 304	 308	  50	   4	 113	   3	   2	  24	   5	  16	  20	  20	  50	 605	716047	716160	   0	  80	
 305	 309	  20	   4	 809	   1	   2	  25	   5	  16	  20	  20	  50	 363	717807	718616	   0	  80	
 306	 310	  50	   4	1481	   3	   2	  25	   5	  17	  20	  20	  50	 675	720567	722048	   0	  80	
 307	 311	  20	   4	 604	   1	   2	  26	   5	  17	  20	  20	  50	 492	723820	724424	   0	  80	
 308	 312	  50	   3	 127	   3	   2	  26	   5	  18	  20	  20	  50	 570	726273	726400	   0	  80	
 309	 313	  20	   4	 204	   2	   2	  26	   6	  18	  20	  20	  50	 501	728180	728384	   0	  80	
 310	 314	  50	   4	 698	   3	   2	  26	   6	  19	  20	  20	  50	 375	730046	730744	   0	  80	
 311	 315	  20	   4	 631	   2	   2	  26	   7	  19	  20	  20	  50	 596	732633	733264	   0	  80	
 312	 316	  20	   4	 186	   1	   2	  27	   7	  19	  20	  20	  50	 382	734926	735112	   0	  80	
 313	 317	  20	   4	 589	   2	   2	  27	   8	  19	  20	  20	  50	 424	736819	737408	   0	  80	
 314	 318	  50	   4	 181	   3	   2	  27	   8	  20	  20	  20	  50	 449	739139	739320	   0	  80	
 315	 319	  20	   3	 802	   2	   2	  27	   9	  20	  20	  20	  50	 651	741246	742048	   0	  80	
 316	 320	  20	   3	 485	   1	   2	  28	   9	  20	  20	  20	  50	 319	743659	744144	   0	  80	
 317	 321	  50	   4	  96	   3	   2	  28	   9	  21	  20	  20	  50	 682	746112	746208	   0	  80	
 318	 322	  20	   4	 251	   1	   2	  29	   9	  21	  20	  20	  50	 590	748085	748336	   0	  80	
 319	 323	  50	   3	 588	   3	   2	  29	   9	  22	  20	  20	  50	 525	750139	750727	   0	  80	
 320	 324	  20	   4	 826	   1	   2	  30	   9	  22	  20	  20	  50	 396	752405	753231	   0	  80	
 321	 325	  20	   4	 114	   2	   2	  30	  10	  22	  20	  20	  50	 677	755205	755319	   0	  80	
 322	 326	  20	   4	  93	   1	   2	  31	  10	  22	  20	  20	  50	 333	756938	757031	   0	  80	
 323	 327	  50	   4	 381	   3	   2	  31	  10	  23	  20	  20	  50	 464	758778	759159	   0	  80	
 324	 328	  20	   4	 338	   2	   2	  31	  11	  23	  20	  20	  50	 441	760885	761223	   0	  80	
 325	 329	  50	   3	 384	   3	   2	  31	  11	  24	  20	  20	  50	 409	762911	763295	   0	  80	
 326	 330	  20	   4	 506	   2	   2	  31	  12	  24	  20	  20	  50	 628	765205	765711	   0	  80	
 327	 331	  20	   4	 504	   1	   2	  32	  12	  24	  20	  20	  50	 556	767551	768055	   0	  80	
 328	 332	  20	   4	 229	   2	   2	  32	  13	  24	  20	  20	  50	 401	769738	769967	   0	  80	
 329	 333	  50	   3	 176	   3	   2	  32	  13	  25	  20	  20	  50	 383	771631	771807	   0	  80	
 330	 334	  20	   3	 550	   1	   2	  33	  13	  25	  20	  20	  50	 611	773697	774247	   0	  80	
 331	 335	  20	   4	 406	   2	   2	  33	  14	  25	  20	  20	  50	 638	776177	776583	   0	  80	
 332	 336	  50	   4	 336	   3	   2	  33	  14	  26	  20	  20	  50	 524	778391	778727	   0	  80	
 333	 337	  20	   4	 726	   1	   2	  34	  14	  26	  20	  20	  50	 563	780577	781303	   0	  80	
 334	 338	  20	   4	 446	   2	   2	  34	  15	  26	  20	  20	  50	 358	782937	783383	   0	  80	
 335	 339	  20	   4	  25	   1	   2	  35	  15	  26	  20	  20	  50	 641	785310	785335	   0	  80	
 336	 340	  20	   4	  40	   2	   2	  35	  16	  26	  20	  20	  50	 413	787030	787070	   0	  80	
 337	 341	  80	   3	 219	   1	   2	   1	  16	  26	  80	  20	  50	 382	788883	789102	   1	  80	
 338	 342	  50	   3	 304	   3	   2	   1	  16	  27	  80	  20	  50	 680	791070	791374	   0	  80	
 339	 343	  80	   3	 357	   1	   2	   2	  16	  27	  80	  20	  50	 447	793097	793454	   0	  80	
 340	 344	  20	   4	  27	   2	   2	   2	  17	  27	  80	  20	  50	 349	795083	795110	   0	  80	
 341	 345	  50	   3	 230	   3	   2	   2	  17	  28	  80	  20	  50	 522	796936	797166	   0	  80	
 342	 346	  20	   3	 379	   2	   2	   2	  18	  28	  80	  20	  50	 594	799043	799422	   0	  80	
 343	 347	  80	   3	   0	   1	   2	   3	  18	  28	  80	  20	  50	 689	801390	801390	   0	  80	
 344	 348	  20	   3	 131	   2	   2	   3	  19	  28	  80	  20	  50	 639	803323	803454	   0	  80	
 345	 349	  50	   4	   6	   3	   2	   3	  19	  29	  80	  20	  50	 448	805176	805182	   0	  80	
 346	 350	  80	   3	 313	   1	   2	   4	  19	  29	  80	  20	  50	 365	806829	807142	   0	  80	
 347	 351	  50	   4	  22	   3	   2	   4	  19	  30	  80	  20	  50	 597	809016	809038	   0	  80	
 348	 352	  80	   4	 273	   1	   2	   5	  19	  30	  80	  20	  50	 549	810869	811142	   0	  80	
 349	 353	  50	   4	 366	   3	   2	   5	  19	  31	  80	  20	  50	 557	812976	813342	   0	  80	
 350	 354	  80	   3	   9	   1	   2	   6	  19	  31	  80	  20	  50	 608	815229	815238	   0	  80	
 351	 355	  20	   4	 350	   2	   2	   6	  20	  31	  80	  20	  50	 401	816936	817286	   0	  80	
 352	 356	  80	   3	  79	   1	   2	   7	  20	  31	  80	  20	  50	 446	819015	819094	   0	  80	
 353	 357	  50	   4	  65	   3	   2	   7	  20	  32	  80	  20	  50	 463	820829	820894	   0	  80	
 354	 358	  20	   3	 440	   2	   2	   7	  21	  32	  80	  20	  50	 417	822589	823029	   0	  80	
 355	 359	  50	   3	 406	   3	   2	   7	  21	  33	  80	  20	  50	 662	824975	825381	   0	  80	
 356	 360	  20	   4	 121	   2	   2	   7	  22	  33	  80	  20	  50	 452	827108	827229	   0	  80	
 357	 361	  80	   3	 499	   1	   2	   8	  22	  33	  80	  20	  50	 361	828882	829381	   0	  80	
 358	 362	  20	   4	 211	   2	   2	   8	  23	  33	  80	  20	  50	 418	831082	831293	   0	  80	
 359	 363	  70	   3	 406	   3	   2	   8	  23	   1	  80	  20	  70	 376	832975	833381	   3	  80	
 360	 364	  80	   4	 292	   1	   2	   9	  23	   1	  80	  20	  70	 655	835321	835613	   0	  80	
 361	 365	  70	   4	 377	   3	   2	   9	  23	   2	  80	  20	  70	 686	837588	837965	   0	  80	
 362	 366	  20	   4	 900	   2	   2	   9	  24	   2	  80	  20	  70	 355	839601	840501	   0	  80	
 363	 367	  70	   4	  81	   3	   2	   9	  24	   3	  80	  20	  70	 531	842308	842389	   0	  80	
 364	 368	  20	   4	 721	   2	   2	   9	  25	   3	  80	  20	  70	 388	844068	844789	   0	  80	
 365	 369	  80	   3	 140	   1	   2	  10	  25	   3	  80	  20	  70	 450	846521	846661	   0	  80	
 366	 370	  70	   3	 455	   3	   2	  10	  25	   4	  80	  20	  70	 436	848374	848829	   0	  80	
 367	 371	  20	   4	 383	   2	   2	  10	  26	   4	  80	  20	  70	 534	850654	851037	   0	  80	
 368	 372	  70	   3	 103	   3	   2	  10	  26	   5	  80	  20	  70	 575	852894	852997	   0	  80	
 369	 373	  80	   3	 293	   1	   2	  11	  26	   5	  80	  20	  70	 479	854760	855053	   0	  80	
 370	 374	  70	   3	 441	   3	   2	  11	  26	   6	  80	  20	  70	 335	856667	857108	   0	  80	
 371	 375	  80	   3	 148	   1	   2	  12	  26	   6	  80	  20	  70	 629	859040	859188	   0	  80	
 372	 376	  70	   4	 428	   3	   2	  12	  26	   7	  80	  20	  70	 372	860840	861268	   0	  80	
 373	 377	  20	   3	  81	   2	   2	  12	  27	   7	  80	  20	  70	 394	862947	863028	   0	  80	
 374	 378	  80	   3	 209	   1	   2	  13	  27	   7	  80	  20	  70	 589	864907	865116	   0	  80	
 375	 379	  70	   3	 609	   3	   2	  13	  27	   8	  80	  20	  70	 349	866747	867356	   0	  80	
 376	 380	  80	   3	 911	   1	   2	  14	  27	   8	  80	  20	  70	 617	869253	870164	   0	  80	
 377	 381	  70	   3	  15	   3	   2	  14	  27	   9	  80	  20	  70	 609	872053	872068	   0	  80	
 378	 382	  80	   3	 559	   1	   2	  15	  27	   9	  80	  20	  70	 581	873933	874492	   0	  80	
 379	 383	  20	   4	 831	   2	   2	  15	  28	   9	  80	  20	  70	 588	876373	877204	   0	  80	
 380	 384	  80	   3	 615	   1	   2	  16	  28	   9	  80	  20	  70	 561	879053	879668	   0	  80	
 381	 385	  70	   3	 413	   3	   2	  16	  28	  10	  80	  20	  70	 675	881639	882052	   0	  80	
 382	 386	  80	   1	 386	   1	   1	  17	  28	  10	  80	  20	  70	 448	883786	884172	   0	  90	
 383	 387	  20	   4	 450	   2	   2	  17	  29	  10	  80	  20	  70	 683	886146	886596	   0	  90	
 384	 388	  70	   2	 456	   3	   1	  17	  29	  11	  80	  20	  70	 376	888252	888708	   0	  80	
 385	 389	  20	   2	 829	   2	   1	  17	  30	  11	  80	  20	  70	 399	890399	891228	   0	  70	
 386	 390	  70	   1	 236	   3	   1	  17	  30	  12	  80	  20	  70	 647	893159	893395	   0	  80	
 387	 391	  80	   2	 276	   1	   1	  18	  30	  12	  80	  20	  70	 400	895079	895355	   0	  70	
 388	 392	  70	   1	 666	   3	   1	  18	  30	  13	  80	  20	  70	 390	897025	897691	   0	  80	
 389	 393	  20	   4	1005	   2	   2	  18	  31	  13	  80	  20	  70	 582	899558	900563	   0	  80	
 390	 394	  70	   2	 685	   3	   1	  18	  31	  14	  80	  20	  70	 307	902158	902843	   0	  70	
 391	 395	  20	   4	 493	   2	   2	  18	  32	  14	  80	  20	  70	 377	904518	905011	   0	  70	
 392	 396	  70	   1	 482	   3	   1	  18	  32	  15	  80	  20	  70	 684	906985	907467	   0	  80	
 393	 397	  80	   2	 477	   1	   1	  19	  32	  15	  80	  20	  70	 606	909358	909835	   0	  70	
 394	 398	  70	   1	 829	   3	   1	  19	  32	  16	  80	  20	  70	 441	911558	912387	   0	  80	
 395	 399	  20	   3	 544	   2	   2	  19	  33	  16	  80	  20	  70	 534	914211	914755	   0	  80	
 396	 400	  80	   1	 515	   1	   1	  20	  33	  16	  80	  20	  70	 427	916464	916979	   0	  90	
 397	 401	  20	   4	 517	   2	   2	  20	  34	  16	  80	  20	  70	 453	918718	919235	   0	  90	
 398	 402	  80	   2	 531	   1	   1	  21	  34	  16	  80	  20	  70	 631	921144	921675	   0	  80	
 399	 403	  20	   4	 499	   2	   2	  21	  35	  16	  80	  20	  70	 638	923584	924083	   0	  80	
 400	 404	  80	   1	 526	   1	   1	  22	  35	  16	  80	  20	  70	 558	925917	926443	   0	  90	
 401	 405	  80	   1	 789	   2	   1	  22	   1	  16	  80	  80	  70	 469	928237	929026	   2	 100	
 402	 406	  80	   1	 554	   1	   1	  23	   1	  16	  80	  80	  70	 667	930984	931538	   0	 110	
 403	 407	  80	   1	 789	   2	   1	  23	   2	  16	  80	  80	  70	 665	933477	934266	   0	 120	
 404	 408	  80	   1	 456	   1	   1	  24	   2	  16	  80	  80	  70	 573	936130	936586	   0	 130	
 405	 409	  80	   1	 592	   2	   1	  24	   3	  16	  80	  80	  70	 496	938370	938962	   0	 140	
 406	 410	  80	   1	 483	   1	   1	  25	   3	  16	  80	  80	  70	 460	940703	941186	   0	 150	
 407	 411	  80	   2	 590	   2	   1	  25	   4	  16	  80	  80	  70	 486	942956	943546	   0	 140	
 408	 412	  80	   1	 451	   1	   1	  26	   4	  16	  80	  80	  70	 597	945423	945874	   0	 150	
 409	 413	  80	   1	 451	   2	   1	  26	   5	  16	  80	  80	  70	 427	947583	948034	   0	 160	
 410	 414	  80	   2	 414	   1	   1	  27	   5	  16	  80	  80	  70	 372	949676	950090	   0	 150	
 411	 415	  80	   1	 398	   2	   1	  27	   6	  16	  80	  80	  70	 569	951956	952354	   0	 160	
 412	 416	  80	   1	 425	   1	   1	  28	   6	  16	  80	  80	  70	 335	953969	954394	   0	 170	
 413	 417	  70	   2	 561	   3	   1	  28	   6	  17	  80	  80	  70	 500	956169	956730	   0	 160	
 414	 418	  80	   1	 393	   2	   1	  28	   7	  17	  80	  80	  70	 433	958449	958842	   0	 170	
 415	 419	  80	   1	 497	   1	   1	  29	   7	  17	  80	  80	  70	 647	960769	961266	   0	 180	
 416	 420	  80	   1	 477	   2	   1	  29	   8	  17	  80	  80	  70	 528	963076	963553	   0	 190	
 417	 421	  70	   1	 502	   3	   1	  29	   8	  18	  80	  80	  70	 367	965195	965697	   0	 200	
 418	 422	  80	   2	 451	   2	   1	  29	   9	  18	  80	  80	  70	 490	967462	967913	   0	 190	
 419	 423	  80	   1	 392	   1	   1	  30	   9	  18	  80	  80	  70	 700	969889	970281	   0	 200	
 420	 424	  70	   1	 518	   3	   1	  30	   9	  19	  80	  80	  70	 546	972115	972633	   0	 210	
 421	 425	  80	   1	 467	   2	   1	  30	  10	  19	  80	  80	  70	 699	974622	975089	   0	 220	
 422	 426	  30	   2	1582	   1	   1	   1	  10	  19	  30	  80	  70	 488	976995	978577	   1	 210	
 423	 427	  70	   1	 774	   3	   1	   1	  10	  20	  30	  80	  70	 377	980235	981009	   0	 220	
 424	 428	  80	   2	 548	   2	   1	   1	  11	  20	  30	  80	  70	 449	982741	983289	   0	 210	
 425	 429	  30	   3	 399	   1	   2	   2	  11	  20	  30	  80	  70	 458	985034	985433	   0	 210	
 426	 430	  70	   1	 564	   3	   1	   2	  11	  21	  30	  80	  70	 430	987141	987705	   0	 220	
 427	 431	  80	   1	 449	   2	   1	   2	  12	  21	  30	  80	  70	 613	989608	990057	   0	 230	
 428	 432	  70	   2	 604	   3	   1	   2	  12	  22	  30	  80	  70	 682	992021	992625	   0	 220	
 429	 433	  80	   1	 463	   2	   1	   2	  13	  22	  30	  80	  70	 405	994314	994777	   0	 230	
 430	 434	  70	   2	 554	   3	   1	   2	  13	  23	  30	  80	  70	 387	996447	997001	   0	 220	
 431	 435	  80	   1	 433	   2	   1	   2	  14	  23	  30	  80	  70	 466	998767	999200	   0	 230	
 432	 436	  70	   1	 348	   3	   1	   2	  14	  24	  30	  80	  70	 698	1001180	1001528	   0	 240	
 433	 437	  30	   3	 566	   1	   2	   3	  14	  24	  30	  80	  70	 334	1003154	1003720	   0	 240	
 434	 438	  70	   1	 433	   3	   1	   3	  14	  25	  30	  80	  70	 480	1005487	1005920	   0	 250	
 435	 439	  30	   4	 463	   1	   2	   4	  14	  25	  30	  80	  70	 477	1007673	1008136	   0	 250	
 436	 440	  70	   1	 431	   3	   1	   4	  14	  26	  30	  80	  70	 497	1009913	1010344	   0	 260	
 437	 441	  80	   1	 519	   2	   1	   4	  15	  26	  30	  80	  70	 326	1011953	1012472	   0	 270	
 438	 442	  70	   1	 572	   3	   1	   4	  15	  27	  30	  80	  70	 356	1014100	1014672	   0	 280	
 439	 443	  30	   4	 540	   1	   2	   5	  15	  27	  30	  80	  70	 478	1016420	1016960	   0	 280	
 440	 444	  80	   1	 399	   2	   1	   5	  16	  27	  30	  80	  70	 470	1018713	1019112	   0	 290	
 441	 445	  30	   4	 578	   1	   2	   6	  16	  27	  30	  80	  70	 422	1020846	1021424	   0	 290	
 442	 446	  80	   1	 461	   2	   1	   6	  17	  27	  30	  80	  70	 673	1023379	1023840	   0	 300	
 443	 447	  30	   3	 634	   1	   2	   7	  17	  27	  30	  80	  70	 490	1025606	1026240	   0	 300	
 444	 448	  80	   2	 410	   2	   1	   7	  18	  27	  30	  80	  70	 364	1027886	1028296	   0	 290	
 445	 449	  30	   4	 589	   1	   2	   8	  18	  27	  30	  80	  70	 679	1030259	1030848	   0	 290	
 446	 450	  70	   2	 568	   3	   1	   8	  18	  28	  30	  80	  70	 495	1032632	1033200	   0	 280	
 447	 451	  30	   4	 564	   1	   2	   9	  18	  28	  30	  80	  70	 374	1034859	1035423	   0	 280	
 448	 452	  80	   1	 396	   2	   1	   9	  19	  28	  30	  80	  70	 517	1037219	1037615	   0	 290	
 449	 453	  70	   1	 562	   3	   1	   9	  19	  29	  30	  80	  70	 466	1039365	1039927	   0	 300	
 450	 454	  80	   1	 466	   2	   1	   9	  20	  29	  30	  80	  70	 631	1041845	1042311	   0	 310	
 451	 455	  30	   4	 602	   1	   2	  10	  20	  29	  30	  80	  70	 426	1044045	1044647	   0	 310	
 452	 456	  80	   1	 365	   2	   1	  10	  21	  29	  30	  80	  70	 408	1046338	1046703	   0	 320	
 453	 457	  70	   1	 581	   3	   1	  10	  21	  30	  30	  80	  70	 393	1048378	1048959	   0	 330	
 454	 458	  30	   3	 826	   1	   2	  11	  21	  30	  30	  80	  70	 366	1050605	1051431	   0	 330	
 455	 459	  70	   1	 464	   3	   1	  11	  21	  31	  30	  80	  70	 389	1053111	1053575	   0	 340	
 456	 460	  30	   4	 626	   1	   2	  12	  21	  31	  30	  80	  70	 309	1055165	1055791	   0	 340	
 457	 461	  80	   1	 434	   2	   1	  12	  22	  31	  30	  80	  70	 609	1057685	1058119	   0	 350	
 458	 462	  70	   1	 443	   3	   1	  12	  22	  32	  30	  80	  70	 410	1059804	1060247	   0	 360	
 459	 463	  30	   4	 549	   1	   2	  13	  22	  32	  30	  80	  70	 326	1061858	1062407	   0	 360	
 460	 464	  80	   1	 379	   2	   1	  13	  23	  32	  30	  80	  70	 626	1064324	1064703	   0	 370	
 461	 465	  30	   3	 691	   1	   2	  14	  23	  32	  30	  80	  70	 667	1066684	1067375	   0	 370	
 462	 466	  70	   1	 463	   3	   1	  14	  23	  33	  30	  80	  70	 615	1069271	1069734	   0	 380	
 463	 467	  80	   1	 578	   2	   1	  14	  24	  33	  30	  80	  70	 430	1071444	1072022	   0	 390	
 464	 468	  70	   2	 533	   3	   1	  14	  24	  34	  30	  80	  70	 633	1073937	1074470	   0	 380	
 465	 469	  30	   4	 826	   1	   2	  15	  24	  34	  30	  80	  70	 367	1076124	1076950	   0	 380	
 466	 470	  80	   2	 517	   2	   1	  15	  25	  34	  30	  80	  70	 615	1078857	1079374	   0	 370	
 467	 471	  30	   4	 883	   1	   2	  16	  25	  34	  30	  80	  70	 635	1081283	1082166	   0	 370	
 468	 472	  70	   1	 437	   3	   1	  16	  25	  35	  30	  80	  70	 652	1084097	1084534	   0	 380	
 469	 473	  30	   3	 461	   1	   2	  17	  25	  35	  30	  80	  70	 689	1086497	1086958	   0	 380	
 470	 474	  80	   1	 403	   2	   1	  17	  26	  35	  30	  80	  70	 605	1088843	1089246	   0	 390	
 471	 475	  30	   4	 536	   1	   2	  18	  26	  35	  30	  80	  70	 514	1091070	1091606	   0	 390	
 472	 476	  50	   2	 707	   3	   1	  18	  26	   1	  30	  80	  50	 451	1093403	1094110	   3	 380	
 473	 477	  80	   1	 406	   2	   1	  18	  27	   1	  30	  80	  50	 384	1095776	1096182	   0	 390	
 474	 478	  50	   1	 347	   3	   1	  18	  27	   2	  30	  80	  50	 615	1098083	1098430	   0	 400	
 475	 479	  80	   1	 521	   2	   1	  18	  28	   2	  30	  80	  50	 436	1100149	1100670	   0	 410	
 476	 480	  30	   4	 548	   1	   2	  19	  28	   2	  30	  80	  50	 559	1102522	1103070	   0	 410	
 477	 481	  50	   2	 368	   3	   1	  19	  28	   3	  30	  80	  50	 396	1104749	1105117	   0	 400	
 478	 482	  80	   2	 768	   2	   1	  19	  29	   3	  30	  80	  50	 467	1106869	1107637	   0	 390	
 479	 483	  50	   2	 432	   3	   1	  19	  29	   4	  30	  80	  50	 311	1109229	1109661	   0	 380	
 480	 484	  80	   1	 323	   2	   1	  19	  30	   4	  30	  80	  50	 625	1111562	1111885	   0	 390	
 481	 485	  30	   2	 360	   1	   1	  20	  30	   4	  30	  80	  50	 355	1113549	1113909	   0	 380	
 482	 486	  20	   1	 360	   2	   1	  20	   1	   4	  30	  20	  50	 483	1115709	1116069	   2	 390	
 483	 487	  50	   1	 430	   3	   1	  20	   1	   5	  30	  20	  50	 343	1117695	1118125	   0	 400	
 484	 488	  20	   2	 374	   2	   1	  20	   2	   5	  30	  20	  50	 530	1119935	1120309	   0	 390	
 485	 489	  30	   4	 595	   1	   2	  21	   2	   5	  30	  20	  50	 448	1122042	1122637	   0	 390	
 486	 490	  50	   1	 390	   3	   1	  21	   2	   6	  30	  20	  50	 573	1124495	1124885	   0	 400	
 487	 491	  30	   1	 329	   1	   1	  22	   2	   6	  30	  20	  50	 503	1126668	1126997	   0	 410	
 488	 492	  50	   1	 558	   3	   1	  22	   2	   7	  30	  20	  50	 385	1128655	1129213	   0	 420	
 489	 493	  20	   2	 585	   2	   1	  22	   3	   7	  30	  20	  50	 496	1130988	1131573	   0	 410	
 490	 494	  50	   1	 516	   3	   1	  22	   3	   8	  30	  20	  50	 517	1133361	1133877	   0	 420	
 491	 495	  30	   3	 577	   1	   2	  23	   3	   8	  30	  20	  50	 521	1135708	1136285	   0	 420	
 492	 496	  20	   1	 580	   2	   1	  23	   4	   8	  30	  20	  50	 586	1138161	1138741	   0	 430	
 493	 497	  50	   2	 390	   3	   1	  23	   4	   9	  30	  20	  50	 472	1140494	1140884	   0	 420	
 494	 498	  30	   4	 582	   1	   2	  24	   4	   9	  30	  20	  50	 526	1142694	1143276	   0	 420	
 495	 499	  50	   2	 363	   3	   1	  24	   4	  10	  30	  20	  50	 328	1144881	1145244	   0	 410	
 496	 500	  30	   4	 564	   1	   2	  25	   4	  10	  30	  20	  50	 590	1147120	1147684	   0	 410	
 497	 501	  50	   1	 470	   3	   1	  25	   4	  11	  30	  20	  50	 646	1149614	1150084	   0	 420	
 498	 502	  20	   2	 705	   2	   1	  25	   5	  11	  30	  20	  50	 302	1151667	1152372	   0	 410	
 499	 503	  30	   2	 444	   1	   1	  26	   5	  11	  30	  20	  50	 398	1154040	1154484	   0	 400	
 500	 504	  50	   2	 412	   3	   1	  26	   5	  12	  30	  20	  50	 351	1156120	1156532	   0	 390	
 501	 505	  30	   2	 351	   1	   1	  27	   5	  12	  30	  20	  50	 378	1158213	1158564	   0	 380	
 502	 506	  20	   2	 410	   2	   1	  27	   6	  12	  30	  20	  50	 582	1160426	1160836	   0	 370	
 503	 507	  50	   1	 439	   3	   1	  27	   6	  13	  30	  20	  50	 419	1162533	1162972	   0	 380	
 504	 508	  20	   2	 468	   2	   1	  27	   7	  13	  30	  20	  50	 466	1164720	1165188	   0	 370	
 505	 509	  50	   1	 370	   3	   1	  27	   7	  14	  30	  20	  50	 432	1166906	1167276	   0	 380	
 506	 510	  30	   3	 607	   1	   2	  28	   7	  14	  30	  20	  50	 415	1168973	1169580	   0	 380	
 507	 511	  50	   2	 407	   3	   1	  28	   7	  15	  30	  20	  50	 474	1171333	1171740	   0	 370	
 508	 512	  30	   4	 533	   1	   2	  29	   7	  15	  30	  20	  50	 622	1173639	1174172	   0	 370	
 509	 513	  20	   2	 647	   2	   1	  29	   8	  15	  30	  20	  50	 350	1175812	1176459	   0	 360	
 510	 514	  30	   4	 596	   1	   2	  30	   8	  15	  30	  20	  50	 576	1178319	1178915	   0	 360	
 511	 515	  50	   2	 545	   3	   1	  30	   8	  16	  30	  20	  50	 449	1180666	1181211	   0	 350	
 512	 516	  30	   4	 636	   1	   2	  31	   8	  16	  30	  20	  50	 415	1182919	1183555	   0	 350	
 513	 517	  20	   2	 490	   2	   1	  31	   9	  16	  30	  20	  50	 674	1185505	1185995	   0	 340	
 514	 518	  50	   1	 588	   3	   1	  31	   9	  17	  30	  20	  50	 482	1187759	1188347	   0	 350	
 515	 519	  20	   4	 530	   2	   2	  31	  10	  17	  30	  20	  50	 348	1189985	1190515	   0	 350	
 516	 520	  30	   4	 559	   1	   2	  32	  10	  17	  30	  20	  50	 422	1192212	1192771	   0	 350	
 517	 521	  20	   2	 911	   2	   1	  32	  11	  17	  30	  20	  50	 391	1194452	1195363	   0	 340	
 518	 522	  50	   2	 453	   3	   1	  32	  11	  18	  30	  20	  50	 632	1197278	1197731	   0	 330	
 519	 523	  30	   4	 546	   1	   2	  33	  11	  18	  30	  20	  50	 411	1199425	1199971	   0	 330	
 520	 524	  50	   1	 717	   3	   1	  33	  11	  19	  30	  20	  50	 341	1201598	1202315	   0	 340	
 521	 525	  80	   2	 637	   1	   1	   1	  11	  19	  80	  20	  50	 594	1204278	1204915	   1	 330	
 522	 526	  50	   2	 523	   3	   1	   1	  11	  20	  80	  20	  50	 433	1206624	1207147	   0	 320	
 523	 527	  80	   1	 448	   1	   1	   2	  11	  20	  80	  20	  50	 383	1208811	1209259	   0	 330	
 524	 528	  50	   2	 551	   3	   1	   2	  11	  21	  80	  20	  50	 430	1210971	1211522	   0	 320	
 525	 529	  80	   1	 562	   1	   1	   3	  11	  21	  80	  20	  50	 304	1213104	1213666	   0	 330	
 526	 530	  50	   4	 570	   3	   2	   3	  11	  22	  80	  20	  50	 596	1215544	1216114	   0	 330	
 527	 531	  80	   2	 503	   1	   1	   4	  11	  22	  80	  20	  50	 613	1218011	1218514	   0	 320	
 528	 532	  50	   1	 632	   3	   1	   4	  11	  23	  80	  20	  50	 582	1220370	1221002	   0	 330	
 529	 533	  80	   3	 597	   1	   2	   5	  11	  23	  80	  20	  50	 668	1222957	1223554	   0	 330	
 530	 534	  20	   4	 288	   2	   2	   5	  12	  23	  80	  20	  50	 700	1225530	1225818	   0	 330	
 531	 535	  50	   3	 280	   3	   2	   5	  12	  24	  80	  20	  50	 367	1227490	1227770	   0	 330	
 532	 536	  20	   4	 664	   2	   2	   5	  13	  24	  80	  20	  50	 357	1229410	1230074	   0	 330	
 533	 537	  80	   3	 779	   1	   2	   6	  13	  24	  80	  20	  50	 396	1231743	1232522	   0	 330	
 534	 538	  50	   1	 416	   3	   1	   6	  13	  25	  80	  20	  50	 604	1234410	1234826	   0	 340	
 535	 539	  20	   1	1032	   2	   1	   6	  14	  25	  80	  20	  50	 342	1236450	1237482	   0	 350	
 536	 540	  50	   1	 904	   3	   1	   6	  14	  26	  80	  20	  50	 600	1239370	1240274	   0	 360	
 537	 541	  20	   2	 590	   2	   1	   6	  15	  26	  80	  20	  50	 647	1242196	1242786	   0	 350	
 538	 542	  50	   2	1470	   3	   1	   6	  15	  27	  80	  20	  50	 480	1244556	1246026	   0	 340	
 539	 543	  20	   1	 448	   2	   1	   6	  16	  27	  80	  20	  50	 379	1247689	1248137	   0	 350	
 540	 544	  80	   1	 517	   1	   1	   7	  16	  27	  80	  20	  50	 533	1249956	1250473	   0	 360	
 541	 545	  20	   2	 605	   2	   1	   7	  17	  27	  80	  20	  50	 305	1252076	1252681	   0	 350	
 542	 546	  50	   2	 672	   3	   1	   7	  17	  28	  80	  20	  50	 492	1254449	1255121	   0	 340	
 543	 547	  20	   2	 630	   2	   1	   7	  18	  28	  80	  20	  50	 673	1257075	1257705	   0	 330	
 544	 548	  80	   1	 827	   1	   1	   8	  18	  28	  80	  20	  50	 627	1259622	1260449	   0	 340	
 545	 549	  50	   1	 798	   3	   1	   8	  18	  29	  80	  20	  50	 621	1262355	1263153	   0	 350	
 546	 550	  20	   2	 713	   2	   1	   8	  19	  29	  80	  20	  50	 496	1264928	1265641	   0	 340	
NaN	 551	  80	NaN	NaN	   1	   3	   8	  19	  29	  80	  20	  50	 480	1264928	NaN	   0	 340	
 547	 552	  20	   2	1020	   2	   1	   8	  20	  29	  80	  20	  50	 363	1271021	1272041	   0	 330	
 548	 553	  80	   1	 537	   1	   1	   9	  20	  29	  80	  20	  50	 566	1273888	1274425	   0	 340	
 549	 554	  50	   2	 774	   3	   1	   9	  20	  30	  80	  20	  50	 650	1276355	1277129	   0	 330	
 550	 555	  20	   2	 492	   2	   1	   9	  21	  30	  80	  20	  50	 521	1278941	1279433	   0	 320	
 551	 556	  50	   1	 563	   3	   1	   9	  21	  31	  80	  20	  50	 488	1281221	1281784	   0	 330	
NaN	 557	  80	NaN	NaN	   1	   3	   9	  21	  31	  80	  20	  50	 453	1281221	NaN	   0	 330	
 552	 558	  50	   2	 201	   3	   1	   9	  21	  32	  80	  20	  50	 506	1287287	1287488	   0	 320	
 553	 559	  80	   1	  38	   1	   1	  10	  21	  32	  80	  20	  50	 464	1289234	1289272	   0	 330	
 554	 560	  50	   2	 537	   3	   1	  10	  21	  33	  80	  20	  50	 416	1290967	1291504	   0	 320	
 555	 561	  80	   3	 433	   1	   2	  11	  21	  33	  80	  20	  50	 414	1293207	1293640	   0	 320	
 556	 562	  20	   3	 422	   2	   2	  11	  22	  33	  80	  20	  50	 667	1295594	1296016	   0	 320	
 557	 563	  30	   4	 329	   3	   2	  11	  22	   1	  80	  20	  30	 622	1298007	1298336	   3	 320	
 558	 564	  20	   4	 311	   2	   2	  11	  23	   1	  80	  20	  30	 304	1299913	1300224	   0	 320	
 559	 565	  80	   3	1055	   1	   2	  12	  23	   1	  80	  20	  30	 600	1302113	1303168	   0	 320	
 560	 566	  20	   4	 425	   2	   2	  12	  24	   1	  80	  20	  30	 555	1305007	1305432	   0	 320	
 561	 567	  80	   3	   7	   1	   2	  13	  24	   1	  80	  20	  30	 659	1307393	1307400	   0	 320	
 562	 568	  30	   4	 580	   3	   2	  13	  24	   2	  80	  20	  30	 625	1309300	1309880	   0	 320	
 563	 569	  20	   4	 548	   2	   2	  13	  25	   2	  80	  20	  30	 534	1311700	1312248	   0	 320	
 564	 570	  80	   2	 517	   1	   1	  14	  25	   2	  80	  20	  30	 563	1314099	1314616	   0	 310	
 565	 571	  20	   2	 465	   2	   1	  14	  26	   2	  80	  20	  30	 390	1316286	1316751	   0	 300	
 566	 572	  80	   1	 508	   1	   1	  15	  26	   2	  80	  20	  30	 510	1318539	1319047	   0	 310	
 567	 573	  30	   4	 508	   3	   2	  15	  26	   3	  80	  20	  30	 402	1320739	1321247	   0	 310	
 568	 574	  20	   4	 583	   2	   2	  15	  27	   3	  80	  20	  30	 420	1322952	1323535	   0	 310	
 569	 575	  30	   4	 556	   3	   2	  15	  27	   4	  80	  20	  30	 531	1325339	1325895	   0	 310	
 570	 576	  20	   3	 476	   2	   2	  15	  28	   4	  80	  20	  30	 449	1327619	1328095	   0	 310	
 571	 577	  80	   4	 628	   1	   2	  16	  28	   4	  80	  20	  30	 618	1330019	1330647	   0	 310	
 572	 578	  20	   4	 362	   2	   2	  16	  29	   4	  80	  20	  30	 467	1332405	1332767	   0	 310	
 573	 579	  30	   3	 396	   3	   2	  16	  29	   5	  80	  20	  30	 481	1334539	1334935	   0	 310	
 574	 580	  20	   4	 487	   2	   2	  16	  30	   5	  80	  20	  30	 334	1336552	1337039	   0	 310	
 575	 581	  80	   3	 389	   1	   2	  17	  30	   5	  80	  20	  30	 583	1338898	1339287	   0	 310	
 576	 582	  20	   4	 831	   2	   2	  17	  31	   5	  80	  20	  30	 577	1341152	1341983	   0	 310	
 577	 583	  30	   4	 394	   3	   2	  17	  31	   6	  80	  20	  30	 456	1343725	1344119	   0	 310	
 578	 584	  20	   4	 450	   2	   2	  17	  32	   6	  80	  20	  30	 401	1345805	1346255	   0	 310	
 579	 585	  30	   3	 498	   3	   2	  17	  32	   7	  80	  20	  30	 477	1348005	1348503	   0	 310	
 580	 586	  80	   3	 501	   1	   2	  18	  32	   7	  80	  20	  30	 435	1350218	1350719	   0	 310	
 581	 587	  30	   4	 775	   3	   2	  18	  32	   8	  80	  20	  30	 689	1352711	1353486	   0	 310	
 582	 588	  80	   3	 378	   1	   2	  19	  32	   8	  80	  20	  30	 510	1355284	1355662	   0	 310	
 583	 589	  20	   4	 357	   2	   2	  19	  33	   8	  80	  20	  30	 476	1357417	1357774	   0	 310	
 584	 590	  30	   4	 285	   3	   2	  19	  33	   9	  80	  20	  30	 322	1359377	1359662	   0	 310	
 585	 591	  80	   3	 269	   1	   2	  20	  33	   9	  80	  20	  30	 386	1361337	1361606	   0	 310	
 586	 592	  20	   4	 309	   2	   2	  20	  34	   9	  80	  20	  30	 604	1363497	1363806	   0	 310	
 587	 593	  80	   3	 157	   1	   2	  21	  34	   9	  80	  20	  30	 608	1365697	1365854	   0	 310	
 588	 594	  20	   4	 720	   2	   2	  21	  35	   9	  80	  20	  30	 539	1367670	1368390	   0	 310	
 589	 595	  80	   4	 450	   1	   2	  22	  35	   9	  80	  20	  30	 651	1370324	1370774	   0	 310	
 590	 596	  30	   3	 440	   3	   2	  22	  35	  10	  80	  20	  30	 543	1372590	1373030	   0	 310	
 591	 597	  80	   3	 416	   1	   2	  23	  35	  10	  80	  20	  30	 642	1374990	1375406	   0	 310	
 592	 598	  70	   3	 680	   2	   2	  23	   1	  10	  80	  70	  30	 658	1377390	1378070	   2	 310	
 593	 599	  80	   3	 475	   1	   2	  24	   1	  10	  80	  70	  30	 562	1379923	1380398	   0	 310	
 594	 600	  30	   4	 475	   3	   2	  24	   1	  11	  80	  70	  30	 689	1382363	1382838	   0	 310	
 595	 601	  80	   1	 416	   1	   1	  25	   1	  11	  80	  70	  30	 308	1384430	1384846	   0	 320	
 596	 602	  70	   1	 473	   2	   1	  25	   2	  11	  80	  70	  30	 540	1386669	1387142	   0	 330	
 597	 603	  30	   4	 530	   3	   2	  25	   2	  12	  80	  70	  30	 583	1389003	1389533	   0	 330	
 598	 604	  70	   1	 605	   2	   1	  25	   3	  12	  80	  70	  30	 520	1391336	1391941	   0	 340	
 599	 605	  30	   4	 547	   3	   2	  25	   3	  13	  80	  70	  30	 337	1393562	1394109	   0	 340	
 600	 606	  70	   1	 376	   2	   1	  25	   4	  13	  80	  70	  30	 633	1396029	1396405	   0	 350	
 601	 607	  30	   4	 587	   3	   2	  25	   4	  14	  80	  70	  30	 602	1398322	1398909	   0	 350	
 602	 608	  70	   2	 520	   2	   1	  25	   5	  14	  80	  70	  30	 353	1400549	1401069	   0	 340	
 603	 609	  30	   3	 406	   3	   2	  25	   5	  15	  80	  70	  30	 577	1402935	1403341	   0	 340	
 604	 610	  80	   1	 494	   1	   1	  26	   5	  15	  80	  70	  30	 478	1405095	1405589	   0	 350	
 605	 611	  70	   1	 587	   2	   1	  26	   6	  15	  80	  70	  30	 604	1407482	1408069	   0	 360	
 606	 612	  30	   4	 558	   3	   2	  26	   6	  16	  80	  70	  30	 497	1409855	1410413	   0	 360	
 607	 613	  70	   2	 366	   2	   1	  26	   7	  16	  80	  70	  30	 412	1412095	1412461	   0	 350	
 608	 614	  80	   1	 366	   1	   1	  27	   7	  16	  80	  70	  30	 551	1414295	1414661	   0	 360	
 609	 615	  70	   1	 897	   2	   1	  27	   8	  16	  80	  70	  30	 489	1416428	1417325	   0	 370	
 610	 616	  30	   4	 649	   3	   2	  27	   8	  17	  80	  70	  30	 653	1419268	1419917	   0	 370	
 611	 617	  80	   2	 413	   1	   1	  28	   8	  17	  80	  70	  30	 592	1421815	1422228	   0	 360	
 612	 618	  30	   2	 491	   3	   1	  28	   8	  18	  80	  70	  30	 324	1423841	1424332	   0	 350	
 613	 619	  70	   1	1219	   2	   1	  28	   9	  18	  80	  70	  30	 506	1426121	1427340	   0	 360	
 614	 620	  30	   3	 803	   3	   2	  28	   9	  19	  80	  70	  30	 384	1429001	1429804	   0	 360	
 615	 621	  70	   2	 422	   2	   1	  28	  10	  19	  80	  70	  30	 402	1431494	1431916	   0	 350	
 616	 622	  80	   1	 390	   1	   1	  29	  10	  19	  80	  70	  30	 623	1433814	1434204	   0	 360	
 617	 623	  70	   1	 579	   2	   1	  29	  11	  19	  80	  70	  30	 396	1435881	1436460	   0	 370	
 618	 624	  80	   1	1017	   1	   1	  30	  11	  19	  80	  70	  30	 404	1438147	1439164	   0	 380	
 619	 625	  30	   3	 470	   3	   2	  30	  11	  20	  80	  70	  30	 608	1441054	1441524	   0	 380	
 620	 626	  70	   1	 460	   2	   1	  30	  12	  20	  80	  70	  30	 437	1443240	1443700	   0	 390	
 621	 627	  50	   4	 647	   1	   2	   1	  12	  20	  50	  70	  30	 500	1445533	1446180	   1	 390	
 622	 628	  30	   3	 601	   3	   2	   1	  12	  21	  50	  70	  30	 445	1447907	1448508	   0	 390	
 623	 629	  50	   4	 887	   1	   2	   2	  12	  21	  50	  70	  30	 301	1450093	1450980	   0	 390	
 624	 630	  70	   1	 658	   2	   1	   2	  13	  21	  50	  70	  30	 409	1452666	1453324	   0	 400	
 625	 631	  30	   4	 780	   3	   2	   2	  13	  22	  50	  70	  30	 516	1455120	1455900	   0	 400	
 626	 632	  50	   4	 754	   1	   2	   3	  13	  22	  50	  70	  30	 526	1457706	1458460	   0	 400	
 627	 633	  70	   1	 953	   2	   1	   3	  14	  22	  50	  70	  30	 524	1460266	1461219	   0	 410	
 628	 634	  30	   4	 534	   3	   2	   3	  14	  23	  50	  70	  30	 315	1462813	1463347	   0	 410	
 629	 635	  50	   3	 633	   1	   2	   4	  14	  23	  50	  70	  30	 316	1464946	1465579	   0	 410	
 630	 636	  30	   4	 788	   3	   2	   4	  14	  24	  50	  70	  30	 665	1467519	1468307	   0	 410	
 631	 637	  50	   3	 964	   1	   2	   5	  14	  24	  50	  70	  30	 623	1470239	1471203	   0	 410	
 632	 638	  30	   4	 761	   3	   2	   5	  14	  25	  50	  70	  30	 613	1473106	1473867	   0	 410	
 633	 639	  70	   2	 591	   2	   1	   5	  15	  25	  50	  70	  30	 380	1475532	1476123	   0	 400	
 634	 640	  50	   4	 522	   1	   2	   6	  15	  25	  50	  70	  30	 664	1478065	1478587	   0	 400	
 635	 641	  70	   1	 588	   2	   1	   6	  16	  25	  50	  70	  30	 644	1480519	1481107	   0	 410	
 636	 642	  30	   4	 482	   3	   2	   6	  16	  26	  50	  70	  30	 426	1482825	1483307	   0	 410	
 637	 643	  50	   3	 669	   1	   2	   7	  16	  26	  50	  70	  30	 649	1485238	1485907	   0	 410	
 638	 644	  70	   1	 685	   2	   1	   7	  17	  26	  50	  70	  30	 684	1487878	1488563	   0	 420	
 639	 645	  30	   3	 528	   3	   2	   7	  17	  27	  50	  70	  30	 328	1490171	1490699	   0	 420	
 640	 646	  70	   1	1322	   2	   1	   7	  18	  27	  50	  70	  30	 440	1492425	1493747	   0	 430	
 641	 647	  50	   3	1167	   1	   2	   8	  18	  27	  50	  70	  30	 555	1495611	1496778	   0	 430	
 642	 648	  30	   4	 487	   3	   2	   8	  18	  28	  50	  70	  30	 312	1498371	1498858	   0	 430	
 643	 649	  50	   3	 452	   1	   2	   9	  18	  28	  50	  70	  30	 533	1500678	1501130	   0	 430	
 644	 650	  30	   4	 413	   3	   2	   9	  18	  29	  50	  70	  30	 699	1503117	1503530	   0	 430	
 645	 651	  70	   2	 522	   2	   1	   9	  19	  29	  50	  70	  30	 481	1505304	1505826	   0	 420	
 646	 652	  30	   3	 562	   3	   2	   9	  19	  30	  50	  70	  30	 634	1507744	1508306	   0	 420	
 647	 653	  50	   4	 429	   1	   2	  10	  19	  30	  50	  70	  30	 439	1510037	1510466	   0	 420	
 648	 654	  70	   2	 557	   2	   1	  10	  20	  30	  50	  70	  30	 568	1512317	1512874	   0	 410	
 649	 655	  50	   3	 736	   1	   2	  11	  20	  30	  50	  70	  30	 414	1514570	1515306	   0	 410	
 650	 656	  70	   2	 592	   2	   1	  11	  21	  30	  50	  70	  30	 418	1517010	1517602	   0	 400	
 651	 657	  30	   4	 515	   3	   2	  11	  21	   1	  50	  70	  30	 672	1519583	1520098	   0	 400	
 652	 658	  50	   4	 603	   1	   2	  12	  21	   1	  50	  70	  30	 359	1521743	1522346	   0	 400	
 653	 659	  30	   4	 630	   3	   2	  12	  21	   2	  50	  70	  30	 360	1523996	1524626	   0	 400	
 654	 660	  70	   1	 502	   2	   1	  12	  22	   2	  50	  70	  30	 567	1526476	1526978	   0	 410	
 655	 661	  30	   4	 467	   3	   2	  12	  22	   3	  50	  70	  30	 452	1528703	1529170	   0	 410	
 656	 662	  70	   1	 543	   2	   1	  12	  23	   3	  50	  70	  30	 316	1530770	1531313	   0	 420	
 657	 663	  30	   4	 549	   3	   2	  12	  23	   4	  50	  70	  30	 404	1532996	1533545	   0	 420	
 658	 664	  70	   1	 440	   2	   1	  12	  24	   4	  50	  70	  30	 545	1535369	1535809	   0	 430	
 659	 665	  50	   4	1456	   1	   2	  13	  24	   4	  50	  70	  30	 635	1537729	1539185	   0	 430	
 660	 666	  30	   1	1824	   3	   1	  13	  24	   5	  50	  70	  30	 305	1540769	1542593	   0	 440	
 661	 667	  70	   3	 832	   2	   2	  13	  25	   5	  50	  70	  30	 434	1544329	1545161	   0	 440	
 662	 668	  30	   4	 606	   3	   2	  13	  25	   6	  50	  70	  30	 629	1547075	1547681	   0	 440	
 663	 669	  50	   3	 566	   1	   2	  14	  25	   6	  50	  70	  30	 673	1549635	1550201	   0	 440	
 664	 670	  70	   1	1344	   2	   1	  14	  26	   6	  50	  70	  30	 682	1552169	1553513	   0	 450	
 665	 671	  50	   3	1246	   1	   2	  15	  26	   6	  50	  70	  30	 359	1555155	1556401	   0	 450	
 666	 672	  30	   3	1142	   3	   2	  15	  26	   7	  50	  70	  30	 638	1558315	1559457	   0	 450	
 667	 673	  70	   2	 852	   2	   1	  15	  27	   7	  50	  70	  30	 646	1561381	1562233	   0	 440	
 668	 674	  30	   4	 502	   3	   2	  15	  27	   8	  50	  70	  30	 561	1564075	1564577	   0	 440	
 669	 675	  50	   4	 677	   1	   2	  16	  27	   8	  50	  70	  30	 496	1566355	1567032	   0	 440	
 670	 676	  70	   1	 480	   2	   1	  16	  28	   8	  50	  70	  30	 658	1568968	1569448	   0	 450	
 671	 677	  30	   4	1907	   3	   2	  16	  28	   9	  50	  70	  30	 304	1571061	1572968	   0	 450	
 672	 678	  50	   3	1467	   1	   2	  17	  28	   9	  50	  70	  30	 562	1574821	1576288	   0	 450	
 673	 679	  70	   1	1563	   2	   1	  17	  29	   9	  50	  70	  30	 406	1577981	1579544	   0	 460	
 674	 680	  50	   4	 513	   1	   2	  18	  29	   9	  50	  70	  30	 336	1581167	1581680	   0	 460	
 675	 681	  30	   3	1113	   3	   2	  18	  29	  10	  50	  70	  30	 406	1583367	1584480	   0	 460	
 676	 682	  50	   3	1446	   1	   2	  19	  29	  10	  50	  70	  30	 318	1586074	1587520	   0	 460	
 677	 683	  30	   4	 494	   3	   2	  19	  29	  11	  50	  70	  30	 673	1589474	1589968	   0	 460	
 678	 684	  50	   4	 724	   1	   2	  20	  29	  11	  50	  70	  30	 400	1591660	1592384	   0	 460	
 679	 685	  70	   2	 740	   2	   1	  20	  30	  11	  50	  70	  30	 390	1594060	1594800	   0	 450	
 680	 686	  50	   3	 420	   1	   2	  21	  30	  11	  50	  70	  30	 543	1596620	1597040	   0	 450	
 681	 687	  70	   3	 423	   2	   2	  21	  31	  11	  50	  70	  30	 646	1598993	1599416	   0	 450	
 682	 688	  50	   3	 510	   1	   2	  22	  31	  11	  50	  70	  30	 461	1601153	1601663	   0	 450	
 683	 689	  30	   4	 494	   3	   2	  22	  31	  12	  50	  70	  30	 485	1603433	1603927	   0	 450	
 684	 690	  50	   3	 577	   1	   2	  23	  31	  12	  50	  70	  30	 350	1605566	1606143	   0	 450	
 685	 691	  30	   4	 465	   3	   2	  23	  31	  13	  50	  70	  30	 498	1607926	1608391	   0	 450	
 686	 692	  70	   1	 529	   2	   1	  23	  32	  13	  50	  70	  30	 455	1610126	1610655	   0	 460	
 687	 693	  30	   4	 457	   3	   2	  23	  32	  14	  50	  70	  30	 309	1612246	1612703	   0	 460	
 688	 694	  50	   4	 551	   1	   2	  24	  32	  14	  50	  70	  30	 326	1614312	1614863	   0	 460	
 689	 695	  70	   1	 516	   2	   1	  24	  33	  14	  50	  70	  30	 508	1616659	1617175	   0	 470	
 690	 696	  30	   3	 450	   3	   2	  24	  33	  15	  50	  70	  30	 670	1619125	1619575	   0	 470	
 691	 697	  50	   4	 548	   1	   2	  25	  33	  15	  50	  70	  30	 619	1621499	1622047	   0	 470	
 692	 698	  30	   4	 591	   3	   2	  25	  33	  16	  50	  70	  30	 456	1623792	1624383	   0	 470	
 693	 699	  50	   4	 626	   1	   2	  26	  33	  16	  50	  70	  30	 653	1626325	1626951	   0	 470	
 694	 700	  30	   4	 525	   3	   2	  26	  33	  17	  50	  70	  30	 300	1628538	1629063	   0	 470	
 695	 701	  70	   2	 541	   2	   1	  26	  34	  17	  50	  70	  30	 669	1631018	1631559	   0	 460	
 696	 702	  30	   4	 442	   3	   2	  26	  34	  18	  50	  70	  30	 528	1633365	1633807	   0	 460	
 697	 703	  50	   4	 457	   1	   2	  27	  34	  18	  50	  70	  30	 356	1635445	1635902	   0	 460	
 698	 704	  30	   3	 484	   3	   2	  27	  34	  19	  50	  70	  30	 309	1637498	1637982	   0	 460	
 699	 705	  50	   3	 537	   1	   2	  28	  34	  19	  50	  70	  30	 616	1639885	1640422	   0	 460	
 700	 706	  70	   1	 548	   2	   1	  28	  35	  19	  50	  70	  30	 593	1642298	1642846	   0	 470	
 701	 707	  50	   4	 447	   1	   2	  29	  35	  19	  50	  70	  30	 350	1644511	1644958	   0	 470	
 702	 708	  30	   3	 471	   3	   2	  29	  35	  20	  50	  70	  30	 666	1646911	1647382	   0	 470	
 703	 709	  50	   3	 482	   1	   2	  30	  35	  20	  50	  70	  30	 333	1649004	1649486	   0	 470	
 704	 710	  30	   3	 461	   3	   2	  30	  35	  21	  50	  70	  30	 327	1651097	1651558	   0	 470	
 705	 711	  70	   1	 847	   2	   1	  30	   1	  21	  50	  70	  30	 396	1653231	1654078	   0	 480	
 706	 712	  50	   4	 528	   1	   2	  31	   1	  21	  50	  70	  30	 391	1655750	1656278	   0	 480	
 707	 713	  70	   1	 645	   2	   1	  31	   2	  21	  50	  70	  30	 501	1658057	1658702	   0	 490	
 708	 714	  50	   4	 472	   1	   2	  32	   2	  21	  50	  70	  30	 602	1660590	1661062	   0	 490	
 709	 715	  30	   4	 669	   3	   2	  32	   2	  22	  50	  70	  30	 315	1662657	1663326	   0	 490	
 710	 716	  50	   3	1379	   1	   2	  33	   2	  22	  50	  70	  30	 432	1665043	1666422	   0	 490	
 711	 717	  30	   4	 541	   3	   2	  33	   2	  23	  50	  70	  30	 642	1668377	1668918	   0	 490	
 712	 718	  50	   4	 901	   1	   2	   1	   2	  23	  50	  70	  30	 581	1670776	1671677	   0	 490	
