Version: 1	Number of symbols: 3	Pictures exchange: true	Response Deadline: 2000
Trial_No	Virt_Trial_No	Prob_Shown	Feedback	RT	Stimulus_No	Resp	SymbolA_Stage	SymbolB_Stage	SymbolC_Stage	Prob_A	Prob_B	Prob_C	Jitter	StimOnset	RespOnset	Symbol_Changes	Bonus_sum
   1	   1	  30	   4	1324	   1	   2	   1	   0	   0	  30	  70	  50	 449	1649	2973	   0	   0	
   2	   2	  50	   2	1008	   3	   1	   1	   0	   1	  30	  70	  50	 479	4749	5757	   0	 -10	
   3	   3	  30	   4	 660	   1	   2	   2	   0	   1	  30	  70	  50	 392	7449	8109	   0	 -10	
   4	   4	  50	   3	 607	   3	   2	   2	   0	   2	  30	  70	  50	 549	9966	10573	   0	 -10	
   5	   5	  70	   1	 574	   2	   1	   2	   1	   2	  30	  70	  50	 518	12399	12973	   0	   0	
   6	   6	  30	   4	 597	   1	   2	   3	   1	   2	  30	  70	  50	 347	14616	15213	   0	   0	
   7	   7	  50	   2	 433	   3	   1	   3	   1	   3	  30	  70	  50	 628	17132	17565	   0	 -10	
   8	   8	  70	   1	 457	   2	   1	   3	   2	   3	  30	  70	  50	 444	19316	19773	   0	   0	
   9	   9	  50	   2	 645	   3	   1	   3	   2	   4	  30	  70	  50	 349	21432	22077	   0	 -10	
  10	  10	  30	   1	 741	   1	   1	   4	   2	   4	  30	  70	  50	 453	23832	24573	   0	   0	
  11	  11	  50	   1	 615	   3	   1	   4	   2	   5	  30	  70	  50	 697	26582	27197	   0	  10	
  12	  12	  70	   1	 432	   2	   1	   4	   3	   5	  30	  70	  50	 650	29149	29581	   0	  20	
  13	  13	  50	   4	 418	   3	   2	   4	   3	   6	  30	  70	  50	 623	31499	31917	   0	  20	
  14	  14	  70	   2	 607	   2	   1	   4	   4	   6	  30	  70	  50	 352	33582	34189	   0	  10	
  15	  15	  50	   1	 502	   3	   1	   4	   4	   7	  30	  70	  50	 315	35799	36301	   0	  20	
  16	  16	  30	   3	 356	   1	   2	   5	   4	   7	  30	  70	  50	 650	38265	38621	   0	  20	
  17	  17	  70	   2	 549	   2	   1	   5	   5	   7	  30	  70	  50	 675	40599	41148	   0	  10	
  18	  18	  50	   1	 638	   3	   1	   5	   5	   8	  30	  70	  50	 347	42798	43436	   0	  20	
  19	  19	  70	   1	 472	   2	   1	   5	   6	   8	  30	  70	  50	 612	45348	45820	   0	  30	
  20	  20	  30	   4	 356	   1	   2	   6	   6	   8	  30	  70	  50	 300	47432	47788	   0	  30	
  21	  21	  50	   4	 484	   3	   2	   6	   6	   9	  30	  70	  50	 342	49448	49932	   0	  30	
  22	  22	  30	   4	 602	   1	   2	   7	   6	   9	  30	  70	  50	 441	51682	52284	   0	  30	
  23	  23	  50	   3	 483	   3	   2	   7	   6	  10	  30	  70	  50	 676	54265	54748	   0	  30	
  24	  24	  30	   4	 478	   1	   2	   8	   6	  10	  30	  70	  50	 337	56398	56876	   0	  30	
  25	  25	  70	   1	 339	   2	   1	   8	   7	  10	  30	  70	  50	 497	58665	59004	   0	  40	
  26	  26	  50	   1	 619	   3	   1	   8	   7	  11	  30	  70	  50	 579	60881	61500	   0	  50	
  27	  27	  30	   4	 429	   1	   2	   9	   7	  11	  30	  70	  50	 412	63215	63644	   0	  50	
  28	  28	  50	   4	 334	   3	   2	   9	   7	  12	  30	  70	  50	 649	65598	65932	   0	  50	
  29	  29	  70	   1	 416	   2	   1	   9	   8	  12	  30	  70	  50	 304	67548	67964	   0	  60	
  30	  30	  50	   3	 340	   3	   2	   9	   8	  13	  30	  70	  50	 589	69864	70204	   0	  60	
  31	  31	  70	   3	 347	   2	   2	   9	   9	  13	  30	  70	  50	 569	72081	72428	   0	  60	
  32	  32	  50	   3	 342	   3	   2	   9	   9	  14	  30	  70	  50	 477	74198	74540	   0	  60	
  33	  33	  30	   3	 468	   1	   2	  10	   9	  14	  30	  70	  50	 425	76264	76732	   0	  60	
  34	  34	  70	   2	 403	   2	   1	  10	  10	  14	  30	  70	  50	 626	78664	79067	   0	  50	
  35	  35	  30	   4	 433	   1	   2	  11	  10	  14	  30	  70	  50	 326	80698	81131	   0	  50	
  36	  36	  70	   1	 580	   2	   1	  11	  11	  14	  30	  70	  50	 615	83047	83627	   0	  60	
  37	  37	  50	   4	 344	   3	   2	  11	  11	  15	  30	  70	  50	 408	85331	85675	   0	  60	
  38	  38	  30	   3	 532	   1	   2	  12	  11	  15	  30	  70	  50	 452	87431	87963	   0	  60	
  39	  39	  70	   2	 479	   2	   1	  12	  12	  15	  30	  70	  50	 691	89964	90443	   0	  50	
  40	  40	  30	   2	 456	   1	   1	  13	  12	  15	  30	  70	  50	 410	92147	92603	   0	  40	
  41	  41	  50	   1	 310	   3	   1	  13	  12	  16	  30	  70	  50	 670	94597	94907	   0	  50	
  42	  42	  70	   1	 401	   2	   1	  13	  13	  16	  30	  70	  50	 522	96730	97131	   0	  60	
  43	  43	  30	   4	 373	   1	   2	  14	  13	  16	  30	  70	  50	 566	99014	99387	   0	  60	
  44	  44	  70	   1	 643	   2	   1	  14	  14	  16	  30	  70	  50	 371	101064	101707	   0	  70	
  45	  45	  50	   2	 579	   3	   1	  14	  14	  17	  30	  70	  50	 470	103480	104059	   0	  60	
  46	  46	  30	   2	 351	   1	   1	  15	  14	  17	  30	  70	  50	 622	105980	106331	   0	  50	
  47	  47	  70	   1	 360	   2	   1	  15	  15	  17	  30	  70	  50	 532	108163	108523	   0	  60	
  48	  48	  30	   3	 440	   1	   2	  16	  15	  17	  30	  70	  50	 318	110147	110587	   0	  60	
  49	  49	  70	   2	 522	   2	   1	  16	  16	  17	  30	  70	  50	 629	112513	113035	   0	  50	
  50	  50	  30	   2	 426	   1	   1	  17	  16	  17	  30	  70	  50	 567	114913	115339	   0	  40	
  51	  51	  70	   1	 391	   2	   1	  17	  17	  17	  30	  70	  50	 326	116980	117371	   0	  50	
  52	  52	  30	   2	 487	   1	   1	  18	  17	  17	  30	  70	  50	 303	118980	119467	   0	  40	
  53	  53	  70	   1	 383	   2	   1	  18	  18	  17	  30	  70	  50	 392	121163	121546	   0	  50	
  54	  54	  30	   3	 553	   1	   2	  19	  18	  17	  30	  70	  50	 460	123313	123866	   0	  50	
  55	  55	  70	   2	 520	   2	   1	  19	  19	  17	  30	  70	  50	 549	125730	126250	   0	  40	
  56	  56	  50	   2	 483	   3	   1	  19	  19	  18	  30	  70	  50	 309	127863	128346	   0	  30	
  57	  57	  30	   2	 451	   1	   1	  20	  19	  18	  30	  70	  50	 602	130263	130714	   0	  20	
  58	  58	  70	   1	 501	   2	   1	  20	  20	  18	  30	  70	  50	 589	132613	133114	   0	  30	
  59	  59	  50	   3	 419	   3	   2	  20	  20	  19	  30	  70	  50	 654	135079	135498	   0	  30	
  60	  60	  30	   4	 331	   1	   2	  21	  20	  19	  30	  70	  50	 479	137279	137610	   0	  30	
  61	  61	  50	   2	 643	   3	   1	  21	  20	  20	  30	  70	  50	 541	139463	140106	   0	  20	
  62	  62	  70	   1	 503	   2	   1	  21	  21	  20	  30	  70	  50	 372	141779	142282	   0	  30	
  63	  63	  50	   2	 377	   3	   1	  21	  21	  21	  30	  70	  50	 527	144113	144490	   0	  20	
  64	  64	  70	   2	 521	   2	   1	  21	  22	  21	  30	  70	  50	 329	146113	146634	   0	  10	
  65	  65	  50	   1	 314	   3	   1	  21	  22	  22	  30	  70	  50	 581	148512	148826	   0	  20	
  66	  66	  30	   1	 334	   1	   1	  22	  22	  22	  30	  70	  50	 688	150812	151146	   0	  30	
  67	  67	  70	   1	 309	   2	   1	  22	  23	  22	  30	  70	  50	 577	153029	153338	   0	  40	
  68	  68	  30	   4	 332	   1	   2	  23	  23	  22	  30	  70	  50	 613	155246	155578	   0	  40	
  69	  69	  50	   4	 368	   3	   2	  23	  23	  23	  30	  70	  50	 686	157562	157930	   0	  40	
  70	  70	  70	   1	 350	   2	   1	  23	  24	  23	  30	  70	  50	 342	159579	159929	   0	  50	
  71	  71	  50	   2	 486	   3	   1	  23	  24	  24	  30	  70	  50	 516	161779	162265	   0	  40	
  72	  72	  70	   1	 476	   2	   1	  23	  25	  24	  30	  70	  50	 472	164045	164521	   0	  50	
  73	  73	  50	   1	 372	   3	   1	  23	  25	  25	  30	  70	  50	 406	166229	166601	   0	  60	
  74	  74	  70	   4	 430	   2	   2	  23	  26	  25	  30	  70	  50	 491	168395	168825	   0	  60	
  75	  75	  50	   2	 544	   3	   1	  23	  26	  26	  30	  70	  50	 620	170745	171289	   0	  50	
  76	  76	  70	   1	 485	   2	   1	  23	  27	  26	  30	  70	  50	 423	173012	173497	   0	  60	
  77	  77	  50	   3	 326	   3	   2	  23	  27	  27	  30	  70	  50	 592	175395	175721	   0	  60	
  78	  78	  70	   1	 671	   2	   1	  23	  28	  27	  30	  70	  50	 561	177578	178249	   0	  70	
  79	  79	  50	   1	 366	   3	   1	  23	  28	  28	  30	  70	  50	 439	179995	180361	   0	  80	
  80	  80	  30	   4	 523	   1	   2	  24	  28	  28	  30	  70	  50	 412	182078	182601	   0	  80	
  81	  81	  70	   2	 481	   2	   1	  24	  29	  28	  30	  70	  50	 401	184328	184809	   0	  70	
  82	  82	  30	   4	 501	   1	   2	  25	  29	  28	  30	  70	  50	 515	186612	187113	   0	  70	
  83	  83	  50	   4	 490	   3	   2	  25	  29	  29	  30	  70	  50	 487	188911	189401	   0	  70	
  84	  84	  30	   1	 418	   1	   1	  26	  29	  29	  30	  70	  50	 391	191095	191513	   0	  80	
  85	  85	  70	   1	 435	   2	   1	  26	  30	  29	  30	  70	  50	 655	193478	193913	   0	  90	
  86	  86	  50	   1	 344	   3	   1	  26	  30	  30	  30	  70	  50	 522	195745	196089	   0	 100	
  87	  87	  70	   1	 632	   2	   1	  26	  31	  30	  30	  70	  50	 379	197761	198393	   0	 110	
  88	  88	  30	   4	 525	   3	   2	  26	  31	   1	  30	  70	  30	 653	200411	200936	   3	 110	
  89	  89	  30	   4	 510	   1	   2	  27	  31	   1	  30	  70	  30	 557	202794	203304	   0	 110	
  90	  90	  70	   2	 598	   2	   1	  27	  32	   1	  30	  70	  30	 379	204978	205576	   0	 100	
  91	  91	  30	   3	 731	   3	   2	  27	  32	   2	  30	  70	  30	 367	207261	207992	   0	 100	
  92	  92	  70	   1	 714	   2	   1	  27	  33	   2	  30	  70	  30	 399	209694	210408	   0	 110	
  93	  93	  30	   4	 532	   1	   2	  28	  33	   2	  30	  70	  30	 518	212228	212760	   0	 110	
  94	  94	  30	   2	 619	   3	   1	  28	  33	   3	  30	  70	  30	 405	214477	215096	   0	 100	
  95	  95	  30	   3	 423	   1	   2	  29	  33	   3	  30	  70	  30	 561	216961	217384	   0	 100	
  96	  96	  20	   4	 795	   2	   2	  29	   1	   3	  30	  20	  30	 558	219261	220056	   2	 100	
  97	  97	  30	   4	 402	   1	   2	  30	   1	   3	  30	  20	  30	 542	221894	222296	   0	 100	
  98	  98	  30	   4	 486	   3	   2	  30	   1	   4	  30	  20	  30	 595	224194	224680	   0	 100	
  99	  99	  30	   4	 374	   1	   2	  31	   1	   4	  30	  20	  30	 611	226594	226968	   0	 100	
 100	 100	  30	   4	 346	   3	   2	  31	   1	   5	  30	  20	  30	 621	228894	229240	   0	 100	
 101	 101	  20	   4	 664	   2	   2	  31	   2	   5	  30	  20	  30	 392	230944	231608	   0	 100	
 102	 102	  30	   3	 448	   1	   2	  32	   2	   5	  30	  20	  30	 656	233560	234008	   0	 100	
 103	 103	  20	   3	 470	   2	   2	  32	   3	   5	  30	  20	  30	 490	235794	236264	   0	 100	
 104	 104	  30	   1	 417	   3	   1	  32	   3	   6	  30	  20	  30	 364	237927	238344	   0	 110	
 105	 105	  20	   4	 454	   2	   2	  32	   4	   6	  30	  20	  30	 530	240177	240631	   0	 110	
 106	 106	  30	   4	 427	   3	   2	  32	   4	   7	  30	  20	  30	 519	242460	242887	   0	 110	
 107	 107	  20	   4	 445	   2	   2	  32	   5	   7	  30	  20	  30	 617	244810	245255	   0	 110	
 108	 108	  30	   4	 388	   3	   2	  32	   5	   8	  30	  20	  30	 495	247043	247431	   0	 110	
 109	 109	  20	   1	 463	   2	   1	  32	   6	   8	  30	  20	  30	 432	249160	249623	   0	 120	
 110	 110	  30	   4	 518	   1	   2	  33	   6	   8	  30	  20	  30	 471	251393	251911	   0	 120	
 111	 111	  30	   4	 404	   3	   2	  33	   6	   9	  30	  20	  30	 583	253827	254231	   0	 120	
 112	 112	  20	   4	 407	   2	   2	  33	   7	   9	  30	  20	  30	 619	256160	256567	   0	 120	
 113	 113	  30	   3	 463	   3	   2	  33	   7	  10	  30	  20	  30	 501	258376	258839	   0	 120	
 114	 114	  30	   4	 405	   1	   2	  34	   7	  10	  30	  20	  30	 466	260610	261015	   0	 120	
 115	 115	  30	   3	 345	   3	   2	  34	   7	  11	  30	  20	  30	 601	262926	263271	   0	 120	
 116	 116	  30	   4	 390	   1	   2	  35	   7	  11	  30	  20	  30	 431	264993	265383	   0	 120	
 117	 117	  30	   4	 346	   3	   2	  35	   7	  12	  30	  20	  30	 611	267293	267639	   0	 120	
 118	 118	  80	   1	 704	   1	   1	   1	   7	  12	  80	  20	  30	 612	269559	270263	   1	 130	
 119	 119	  30	   4	 615	   3	   2	   1	   7	  13	  80	  20	  30	 604	272176	272791	   0	 130	
 120	 120	  20	   2	 713	   2	   1	   1	   8	  13	  80	  20	  30	 437	274526	275239	   0	 120	
 121	 121	  80	   1	 440	   1	   1	   2	   8	  13	  80	  20	  30	 408	276959	277399	   0	 130	
 122	 122	  30	   2	 527	   3	   1	   2	   8	  14	  80	  20	  30	 465	279159	279686	   0	 120	
 123	 123	  80	   2	 478	   1	   1	   3	   8	  14	  80	  20	  30	 593	281576	282054	   0	 110	
 124	 124	  30	   1	 374	   3	   1	   3	   8	  15	  80	  20	  30	 440	283792	284166	   0	 120	
 125	 125	  80	   1	 507	   1	   1	   4	   8	  15	  80	  20	  30	 598	286059	286566	   0	 130	
 126	 126	  30	   4	 596	   3	   2	   4	   8	  16	  80	  20	  30	 363	288226	288822	   0	 130	
 127	 127	  80	   1	 572	   1	   1	   5	   8	  16	  80	  20	  30	 309	290426	290998	   0	 140	
 128	 128	  30	   4	 444	   3	   2	   5	   8	  17	  80	  20	  30	 520	292826	293270	   0	 140	
 129	 129	  20	   2	 819	   2	   1	   5	   9	  17	  80	  20	  30	 513	295075	295894	   0	 130	
 130	 130	  80	   2	 456	   1	   1	   6	   9	  17	  80	  20	  30	 535	297742	298198	   0	 120	
 131	 131	  30	   4	 947	   3	   2	   6	   9	  18	  80	  20	  30	 360	299875	300822	   0	 120	
 132	 132	  80	   1	 490	   1	   1	   7	   9	  18	  80	  20	  30	 368	302492	302982	   0	 130	
 133	 133	  30	   1	 567	   3	   1	   7	   9	  19	  80	  20	  30	 671	304959	305526	   0	 140	
 134	 134	  80	   1	 426	   1	   1	   8	   9	  19	  80	  20	  30	 453	307292	307718	   0	 150	
 135	 135	  20	   2	 464	   2	   1	   8	  10	  19	  80	  20	  30	 543	309558	310022	   0	 140	
 136	 136	  80	   1	 545	   1	   1	   9	  10	  19	  80	  20	  30	 601	311925	312470	   0	 150	
 137	 137	  20	   1	 557	   2	   1	   9	  11	  19	  80	  20	  30	 651	314425	314982	   0	 160	
 138	 138	  80	   1	 653	   1	   1	  10	  11	  19	  80	  20	  30	 548	316825	317478	   0	 170	
 139	 139	  20	   4	 708	   2	   2	  10	  12	  19	  80	  20	  30	 644	319425	320133	   0	 170	
 140	 140	  30	   4	 502	   3	   2	  10	  12	  20	  80	  20	  30	 358	321791	322293	   0	 170	
 141	 141	  80	   2	 532	   1	   1	  11	  12	  20	  80	  20	  30	 615	324225	324757	   0	 160	
 142	 142	  30	   3	 466	   3	   2	  11	  12	  21	  80	  20	  30	 632	326691	327157	   0	 160	
 143	 143	  20	   4	 467	   2	   2	  11	  13	  21	  80	  20	  30	 586	329058	329525	   0	 160	
 144	 144	  80	   1	 554	   1	   1	  12	  13	  21	  80	  20	  30	 456	331291	331845	   0	 170	
 145	 145	  30	   2	 502	   3	   1	  12	  13	  22	  80	  20	  30	 629	333775	334277	   0	 160	
 146	 146	  20	   4	 373	   2	   2	  12	  14	  22	  80	  20	  30	 631	336208	336581	   0	 160	
 147	 147	  30	   2	 541	   3	   1	  12	  14	  23	  80	  20	  30	 529	338408	338949	   0	 150	
 148	 148	  20	   4	 855	   2	   2	  12	  15	  23	  80	  20	  30	 699	340958	341813	   0	 150	
 149	 149	  80	   1	 516	   1	   1	  13	  15	  23	  80	  20	  30	 324	343441	343957	   0	 160	
 150	 150	  20	   2	 381	   2	   1	  13	  16	  23	  80	  20	  30	 344	345608	345989	   0	 150	
 151	 151	  80	   1	 414	   1	   1	  14	  16	  23	  80	  20	  30	 695	347991	348405	   0	 160	
 152	 152	  20	   2	 428	   2	   1	  14	  17	  23	  80	  20	  30	 362	350057	350485	   0	 150	
 153	 153	  30	   2	 418	   3	   1	  14	  17	  24	  80	  20	  30	 510	352291	352709	   0	 140	
 154	 154	  20	   1	 354	   2	   1	  14	  18	  24	  80	  20	  30	 695	354707	355061	   0	 150	
 155	 155	  80	   1	 368	   1	   1	  15	  18	  24	  80	  20	  30	 378	356741	357109	   0	 160	
 156	 156	  30	   2	 406	   3	   1	  15	  18	  25	  80	  20	  30	 562	358974	359380	   0	 150	
 157	 157	  80	   1	 621	   1	   1	  16	  18	  25	  80	  20	  30	 526	361207	361828	   0	 160	
 158	 158	  20	   4	 371	   2	   2	  16	  19	  25	  80	  20	  30	 331	363457	363828	   0	 160	
 159	 159	  30	   2	 481	   3	   1	  16	  19	  26	  80	  20	  30	 371	365507	365988	   0	 150	
 160	 160	  80	   1	 370	   1	   1	  17	  19	  26	  80	  20	  30	 604	367890	368260	   0	 160	
 161	 161	  20	   4	 506	   2	   2	  17	  20	  26	  80	  20	  30	 505	370090	370596	   0	 160	
 162	 162	  30	   1	 350	   3	   1	  17	  20	  27	  80	  20	  30	 474	372374	372724	   0	 170	
 163	 163	  80	   2	 553	   1	   1	  18	  20	  27	  80	  20	  30	 494	374523	375076	   0	 160	
 164	 164	  30	   4	 447	   3	   2	  18	  20	  28	  80	  20	  30	 395	376773	377220	   0	 160	
 165	 165	  20	   4	 438	   2	   2	  18	  21	  28	  80	  20	  30	 469	378990	379428	   0	 160	
 166	 166	  30	   4	 463	   3	   2	  18	  21	  29	  80	  20	  30	 426	381157	381620	   0	 160	
 167	 167	  80	   1	 497	   1	   1	  19	  21	  29	  80	  20	  30	 612	383523	384020	   0	 170	
 168	 168	  30	   3	 467	   3	   2	  19	  21	  30	  80	  20	  30	 560	385873	386340	   0	 170	
 169	 169	  20	   4	 349	   2	   2	  19	  22	  30	  80	  20	  30	 376	388023	388372	   0	 170	
 170	 170	  30	   4	 496	   3	   2	  19	  22	  31	  80	  20	  30	 672	390340	390836	   0	 170	
 171	 171	  80	   3	 380	   1	   2	  20	  22	  31	  80	  20	  30	 684	392840	393220	   0	 170	
 172	 172	  30	   4	 386	   3	   2	  20	  22	  32	  80	  20	  30	 595	395106	395492	   0	 170	
 173	 173	  20	   3	 367	   2	   2	  20	  23	  32	  80	  20	  30	 376	397173	397540	   0	 170	
 174	 174	  80	   1	 414	   1	   1	  21	  23	  32	  80	  20	  30	 353	399206	399620	   0	 180	
 175	 175	  30	   4	 421	   3	   2	  21	  23	  33	  80	  20	  30	 487	401406	401827	   0	 180	
 176	 176	  80	   1	 588	   1	   1	  22	  23	  33	  80	  20	  30	 483	403623	404211	   0	 190	
 177	 177	  30	   3	 546	   3	   2	  22	  23	  34	  80	  20	  30	 356	405873	406419	   0	 190	
 178	 178	  80	   2	 400	   1	   1	  23	  23	  34	  80	  20	  30	 617	408339	408739	   0	 180	
 179	 179	  30	   4	 634	   3	   2	  23	  23	  35	  80	  20	  30	 444	410489	411123	   0	 180	
 180	 180	  20	   4	 461	   2	   2	  23	  24	  35	  80	  20	  30	 377	412806	413267	   0	 180	
 181	 181	  70	   1	 624	   3	   1	  23	  24	   1	  80	  20	  70	 521	415139	415763	   3	 190	
 182	 182	  20	   3	 694	   2	   2	  23	  25	   1	  80	  20	  70	 328	417389	418083	   0	 190	
 183	 183	  80	   1	 479	   1	   1	  24	  25	   1	  80	  20	  70	 567	419956	420435	   0	 200	
 184	 184	  70	   2	 387	   3	   1	  24	  25	   2	  80	  20	  70	 531	422256	422643	   0	 190	
 185	 185	  20	   4	 711	   2	   2	  24	  26	   2	  80	  20	  70	 600	424556	425267	   0	 190	
 186	 186	  70	   1	 472	   3	   1	  24	  26	   3	  80	  20	  70	 373	426939	427411	   0	 200	
 187	 187	  20	   2	 516	   2	   1	  24	  27	   3	  80	  20	  70	 318	429039	429555	   0	 190	
 188	 188	  70	   2	 474	   3	   1	  24	  27	   4	  80	  20	  70	 438	431305	431779	   0	 180	
 189	 189	  20	   4	 598	   2	   2	  24	  28	   4	  80	  20	  70	 322	433405	434003	   0	 180	
 190	 190	  80	   2	 467	   1	   1	  25	  28	   4	  80	  20	  70	 569	435872	436339	   0	 170	
 191	 191	  70	   1	 491	   3	   1	  25	  28	   5	  80	  20	  70	 414	438072	438563	   0	 180	
 192	 192	  80	   1	 567	   1	   1	  26	  28	   5	  80	  20	  70	 689	440555	441122	   0	 190	
 193	 193	  20	   4	 650	   2	   2	  26	  29	   5	  80	  20	  70	 457	442888	443538	   0	 190	
 194	 194	  70	   1	 438	   3	   1	  26	  29	   6	  80	  20	  70	 537	445388	445826	   0	 200	
 195	 195	  20	   4	 506	   2	   2	  26	  30	   6	  80	  20	  70	 544	447672	448178	   0	 200	
 196	 196	  70	   3	 467	   3	   2	  26	  30	   7	  80	  20	  70	 376	449855	450322	   0	 200	
 197	 197	  80	   1	 418	   1	   1	  27	  30	   7	  80	  20	  70	 651	452288	452706	   0	 210	
 198	 198	  50	   1	 611	   2	   1	  27	   1	   7	  80	  50	  70	 636	454671	455282	   2	 220	
 199	 199	  70	   2	 621	   3	   1	  27	   1	   8	  80	  50	  70	 625	457205	457826	   0	 210	
 200	 200	  50	   2	 495	   2	   1	  27	   2	   8	  80	  50	  70	 425	459555	460050	   0	 200	
 201	 201	  80	   1	 383	   1	   1	  28	   2	   8	  80	  50	  70	 590	461955	462338	   0	 210	
 202	 202	  70	   1	 467	   3	   1	  28	   2	   9	  80	  50	  70	 602	464255	464722	   0	 220	
 203	 203	  50	   1	 436	   2	   1	  28	   3	   9	  80	  50	  70	 601	466638	467074	   0	 230	
 204	 204	  70	   1	 424	   3	   1	  28	   3	  10	  80	  50	  70	 565	468938	469362	   0	 240	
 205	 205	  50	   2	 360	   2	   1	  28	   4	  10	  80	  50	  70	 687	471354	471714	   0	 230	
 206	 206	  70	   2	 453	   3	   1	  28	   4	  11	  80	  50	  70	 413	473421	473874	   0	 220	
 207	 207	  50	   2	 353	   2	   1	  28	   5	  11	  80	  50	  70	 347	475521	475874	   0	 210	
 208	 208	  80	   1	 331	   1	   1	  29	   5	  11	  80	  50	  70	 484	477671	478002	   0	 220	
 209	 209	  50	   1	 413	   2	   1	  29	   6	  11	  80	  50	  70	 698	479988	480401	   0	 230	
 210	 210	  80	   1	 369	   1	   1	  30	   6	  11	  80	  50	  70	 603	482304	482673	   0	 240	
 211	 211	  70	   2	 456	   3	   1	  30	   6	  12	  80	  50	  70	 527	484521	484977	   0	 230	
 212	 212	  50	   1	 367	   2	   1	  30	   7	  12	  80	  50	  70	 470	486754	487121	   0	 240	
 213	 213	  80	   1	 425	   1	   1	  31	   7	  12	  80	  50	  70	 478	488904	489329	   0	 250	
 214	 214	  70	   1	 610	   3	   1	  31	   7	  13	  80	  50	  70	 449	491087	491697	   0	 260	
 215	 215	  80	   1	 508	   1	   1	  32	   7	  13	  80	  50	  70	 616	493621	494129	   0	 270	
 216	 216	  70	   3	 396	   3	   2	  32	   7	  14	  80	  50	  70	 613	496037	496433	   0	 270	
 217	 217	  50	   4	 431	   2	   2	  32	   8	  14	  80	  50	  70	 644	498370	498801	   0	 270	
 218	 218	  80	   1	 411	   1	   1	  33	   8	  14	  80	  50	  70	 373	500470	500881	   0	 280	
 219	 219	  50	   2	 503	   2	   1	  33	   9	  14	  80	  50	  70	 391	502570	503073	   0	 270	
 220	 220	  20	   2	 379	   1	   1	   1	   9	  14	  20	  50	  70	 426	504870	505249	   1	 260	
 221	 221	  70	   1	 457	   3	   1	   1	   9	  15	  20	  50	  70	 337	506904	507361	   0	 270	
 222	 222	  50	   1	 647	   2	   1	   1	  10	  15	  20	  50	  70	 307	508970	509617	   0	 280	
 223	 223	  70	   1	 676	   3	   1	   1	  10	  16	  20	  50	  70	 519	511437	512113	   0	 290	
 224	 224	  20	   4	 492	   1	   2	   2	  10	  16	  20	  50	  70	 639	514053	514545	   0	 290	
 225	 225	  50	   4	 472	   2	   2	   2	  11	  16	  20	  50	  70	 687	516537	517009	   0	 290	
 226	 226	  70	   2	 398	   3	   1	   2	  11	  17	  20	  50	  70	 498	518803	519201	   0	 280	
 227	 227	  20	   4	 596	   1	   2	   3	  11	  17	  20	  50	  70	 537	521036	521632	   0	 280	
 228	 228	  70	   1	 545	   3	   1	   3	  11	  18	  20	  50	  70	 575	523503	524048	   0	 290	
 229	 229	  20	   3	 447	   1	   2	   4	  11	  18	  20	  50	  70	 603	525953	526400	   0	 290	
 230	 230	  50	   3	 488	   2	   2	   4	  12	  18	  20	  50	  70	 419	528120	528608	   0	 290	
 231	 231	  70	   3	 640	   3	   2	   4	  12	  19	  20	  50	  70	 388	530320	530960	   0	 290	
 232	 232	  50	   2	 568	   2	   1	   4	  13	  19	  20	  50	  70	 679	532936	533504	   0	 280	
 233	 233	  70	   1	 511	   3	   1	   4	  13	  20	  20	  50	  70	 354	535169	535680	   0	 290	
 234	 234	  20	   4	 463	   1	   2	   5	  13	  20	  20	  50	  70	 596	537569	538032	   0	 290	
 235	 235	  70	   4	 578	   3	   2	   5	  13	  21	  20	  50	  70	 563	539886	540464	   0	 290	
 236	 236	  20	   4	 732	   1	   2	   6	  13	  21	  20	  50	  70	 679	542436	543168	   0	 290	
 237	 237	  50	   2	 463	   2	   1	   6	  14	  21	  20	  50	  70	 694	545153	545616	   0	 280	
 238	 238	  70	   1	 362	   3	   1	   6	  14	  22	  20	  50	  70	 376	547286	547648	   0	 290	
 239	 239	  50	   1	 718	   2	   1	   6	  15	  22	  20	  50	  70	 655	549602	550320	   0	 300	
 240	 240	  70	   1	 638	   3	   1	   6	  15	  23	  20	  50	  70	 360	551986	552624	   0	 310	
 241	 241	  50	   1	 640	   2	   1	   6	  16	  23	  20	  50	  70	 383	554336	554976	   0	 320	
 242	 242	  20	   3	 564	   1	   2	   7	  16	  23	  20	  50	  70	 360	556636	557200	   0	 320	
 243	 243	  50	   4	 547	   2	   2	   7	  17	  23	  20	  50	  70	 558	559052	559599	   0	 320	
 244	 244	  20	   4	 765	   1	   2	   8	  17	  23	  20	  50	  70	 300	561202	561967	   0	 320	
 245	 245	  70	   1	 460	   3	   1	   8	  17	  24	  20	  50	  70	 358	563619	564079	   0	 330	
 246	 246	  50	   3	 657	   2	   2	   8	  18	  24	  20	  50	  70	 530	565902	566559	   0	 330	
 247	 247	  20	   4	 527	   1	   2	   9	  18	  24	  20	  50	  70	 488	568352	568879	   0	 330	
 248	 248	  50	   2	 600	   2	   1	   9	  19	  24	  20	  50	  70	 355	570535	571135	   0	 320	
 249	 249	  70	   1	 371	   3	   1	   9	  19	  25	  20	  50	  70	 599	573052	573423	   0	 330	
 250	 250	  20	   4	 627	   1	   2	  10	  19	  25	  20	  50	  70	 323	575052	575679	   0	 330	
 251	 251	  70	   2	 516	   3	   1	  10	  19	  26	  20	  50	  70	 448	577435	577951	   0	 320	
 252	 252	  50	   1	 501	   2	   1	  10	  20	  26	  20	  50	  70	 536	579802	580303	   0	 330	
 253	 253	  20	   4	 409	   1	   2	  11	  20	  26	  20	  50	  70	 506	582118	582527	   0	 330	
 254	 254	  70	   1	 406	   3	   1	  11	  20	  27	  20	  50	  70	 352	584185	584591	   0	 340	
 255	 255	  50	   3	 613	   2	   2	  11	  21	  27	  20	  50	  70	 332	586218	586831	   0	 340	
 256	 256	  70	   3	 550	   3	   2	  11	  21	  28	  20	  50	  70	 462	588585	589135	   0	 340	
 257	 257	  50	   2	 686	   2	   1	  11	  22	  28	  20	  50	  70	 334	590785	591471	   0	 330	
 258	 258	  70	   2	 540	   3	   1	  11	  22	  29	  20	  50	  70	 462	593235	593775	   0	 320	
 259	 259	  50	   2	 559	   2	   1	  11	  23	  29	  20	  50	  70	 496	595568	596127	   0	 310	
 260	 260	  70	   1	 430	   3	   1	  11	  23	  30	  20	  50	  70	 578	598001	598431	   0	 320	
 261	 261	  20	   4	 437	   1	   2	  12	  23	  30	  20	  50	  70	 446	600185	600622	   0	 320	
 262	 262	  50	   2	 558	   3	   1	  12	  23	   1	  20	  50	  50	 423	602368	602926	   3	 310	
 263	 263	  50	   2	 688	   2	   1	  12	  24	   1	  20	  50	  50	 512	604734	605422	   0	 300	
 264	 264	  20	   4	 424	   1	   2	  13	  24	   1	  20	  50	  50	 585	607318	607742	   0	 300	
 265	 265	  50	   4	 550	   3	   2	  13	  24	   2	  20	  50	  50	 316	609368	609918	   0	 300	
 266	 266	  50	   1	 618	   2	   1	  13	  25	   2	  20	  50	  50	 452	611684	612302	   0	 310	
 267	 267	  50	   3	 492	   3	   2	  13	  25	   3	  20	  50	  50	 426	614034	614526	   0	 310	
 268	 268	  50	   3	 431	   2	   2	  13	  26	   3	  20	  50	  50	 531	616351	616782	   0	 310	
 269	 269	  20	   3	 627	   1	   2	  14	  26	   3	  20	  50	  50	 568	618651	619278	   0	 310	
 270	 270	  50	   2	 547	   2	   1	  14	  27	   3	  20	  50	  50	 495	621067	621614	   0	 300	
 271	 271	  50	   2	 587	   3	   1	  14	  27	   4	  20	  50	  50	 333	623267	623854	   0	 290	
 272	 272	  50	   1	 500	   2	   1	  14	  28	   4	  20	  50	  50	 671	625834	626334	   0	 300	
 273	 273	  50	   1	 445	   3	   1	  14	  28	   5	  20	  50	  50	 376	628017	628462	   0	 310	
 274	 274	  50	   2	 632	   2	   1	  14	  29	   5	  20	  50	  50	 391	630150	630782	   0	 300	
 275	 275	  20	   4	 614	   1	   2	  15	  29	   5	  20	  50	  50	 532	632600	633214	   0	 300	
 276	 276	  50	   1	 550	   3	   1	  15	  29	   6	  20	  50	  50	 471	634984	635534	   0	 310	
 277	 277	  50	   1	 444	   2	   1	  15	  30	   6	  20	  50	  50	 386	637234	637678	   0	 320	
 278	 278	  20	   3	 564	   1	   2	  16	  30	   6	  20	  50	  50	 434	639417	639981	   0	 320	
 279	 279	  50	   4	 420	   3	   2	  16	  30	   7	  20	  50	  50	 563	641833	642253	   0	 320	
 280	 280	  20	   4	 518	   1	   2	  17	  30	   7	  20	  50	  50	 625	644183	644701	   0	 320	
 281	 281	  50	   4	 519	   3	   2	  17	  30	   8	  20	  50	  50	 519	646550	647069	   0	 320	
 282	 282	  20	   4	 586	   1	   2	  18	  30	   8	  20	  50	  50	 504	648883	649469	   0	 320	
 283	 283	  50	   1	 400	   3	   1	  18	  30	   9	  20	  50	  50	 360	651133	651533	   0	 330	
 284	 284	  50	   3	 530	   2	   2	  18	  31	   9	  20	  50	  50	 629	653467	653997	   0	 330	
 285	 285	  20	   4	 517	   1	   2	  19	  31	   9	  20	  50	  50	 516	655816	656333	   0	 330	
 286	 286	  50	   2	 500	   2	   1	  19	  32	   9	  20	  50	  50	 595	658233	658733	   0	 320	
 287	 287	  20	   4	 507	   1	   2	  20	  32	   9	  20	  50	  50	 411	660450	660957	   0	 320	
 288	 288	  50	   3	 589	   3	   2	  20	  32	  10	  20	  50	  50	 537	662800	663389	   0	 320	
 289	 289	  20	   4	 438	   1	   2	  21	  32	  10	  20	  50	  50	 694	665383	665821	   0	 320	
 290	 290	  50	   3	 379	   3	   2	  21	  32	  11	  20	  50	  50	 522	667650	668029	   0	 320	
 291	 291	  50	   3	 376	   2	   2	  21	  33	  11	  20	  50	  50	 401	669749	670125	   0	 320	
 292	 292	  50	   1	 548	   3	   1	  21	  33	  12	  20	  50	  50	 412	671833	672381	   0	 330	
 293	 293	  20	   4	 935	   2	   2	  21	   1	  12	  20	  20	  50	 468	674166	675101	   2	 330	
 294	 294	  50	   4	 502	   3	   2	  21	   1	  13	  20	  20	  50	 591	676999	677501	   0	 330	
 295	 295	  20	   3	 538	   1	   2	  22	   1	  13	  20	  20	  50	 456	679266	679804	   0	 330	
 296	 296	  20	   2	 446	   2	   1	  22	   2	  13	  20	  20	  50	 468	681582	682028	   0	 320	
 297	 297	  20	   4	 401	   1	   2	  23	   2	  13	  20	  20	  50	 578	683899	684300	   0	 320	
 298	 298	  20	   4	 454	   2	   2	  23	   3	  13	  20	  20	  50	 556	686166	686620	   0	 320	
 299	 299	  20	   4	 478	   1	   2	  24	   3	  13	  20	  20	  50	 461	688382	688860	   0	 320	
 300	 300	  20	   4	 460	   2	   2	  24	   4	  13	  20	  20	  50	 661	690816	691276	   0	 320	
 301	 301	  50	   1	 636	   3	   1	  24	   4	  14	  20	  20	  50	 616	693216	693852	   0	 330	
 302	 302	  20	   3	 473	   2	   2	  24	   5	  14	  20	  20	  50	 540	695699	696172	   0	 330	
 303	 303	  50	   3	 445	   3	   2	  24	   5	  15	  20	  20	  50	 531	697999	698444	   0	 330	
 304	 304	  20	   4	 407	   2	   2	  24	   6	  15	  20	  20	  50	 411	700149	700556	   0	 330	
 305	 305	  20	   4	 482	   1	   2	  25	   6	  15	  20	  20	  50	 432	702282	702764	   0	 330	
 306	 306	  50	   4	 527	   3	   2	  25	   6	  16	  20	  20	  50	 693	704749	705276	   0	 330	
 307	 307	  20	   4	 451	   1	   2	  26	   6	  16	  20	  20	  50	 480	707049	707500	   0	 330	
 308	 308	  50	   4	 573	   3	   2	  26	   6	  17	  20	  20	  50	 403	709215	709788	   0	 330	
 309	 309	  20	   4	 482	   1	   2	  27	   6	  17	  20	  20	  50	 398	711482	711964	   0	 330	
 310	 310	  50	   1	 432	   3	   1	  27	   6	  18	  20	  20	  50	 683	713948	714380	   0	 340	
 311	 311	  20	   3	 478	   1	   2	  28	   6	  18	  20	  20	  50	 698	716382	716860	   0	 340	
 312	 312	  50	   4	 566	   3	   2	  28	   6	  19	  20	  20	  50	 416	718582	719148	   0	 340	
 313	 313	  20	   2	 991	   2	   1	  28	   7	  19	  20	  20	  50	 691	721148	722139	   0	 330	
 314	 314	  50	   2	 390	   3	   1	  28	   7	  20	  20	  20	  50	 338	723781	724171	   0	 320	
 315	 315	  20	   2	 791	   2	   1	  28	   8	  20	  20	  20	  50	 677	726148	726939	   0	 310	
 316	 316	  20	   4	 590	   1	   2	  29	   8	  20	  20	  20	  50	 536	728781	729371	   0	 310	
 317	 317	  20	   1	 558	   2	   1	  29	   9	  20	  20	  20	  50	 500	731181	731739	   0	 320	
 318	 318	  50	   2	 532	   3	   1	  29	   9	  21	  20	  20	  50	 369	733415	733947	   0	 310	
 319	 319	  20	   4	 629	   2	   2	  29	  10	  21	  20	  20	  50	 561	735814	736443	   0	 310	
 320	 320	  20	   4	 465	   1	   2	  30	  10	  21	  20	  20	  50	 579	738314	738779	   0	 310	
 321	 321	  50	   1	 434	   3	   1	  30	  10	  22	  20	  20	  50	 583	740681	741115	   0	 320	
 322	 322	  20	   4	 458	   1	   2	  31	  10	  22	  20	  20	  50	 452	742881	743339	   0	 320	
 323	 323	  50	   4	 483	   3	   2	  31	  10	  23	  20	  20	  50	 430	745064	745547	   0	 320	
 324	 324	  20	   4	 397	   1	   2	  32	  10	  23	  20	  20	  50	 362	747214	747611	   0	 320	
 325	 325	  20	   4	 413	   2	   2	  32	  11	  23	  20	  20	  50	 310	749214	749627	   0	 320	
 326	 326	  20	   3	 378	   1	   2	  33	  11	  23	  20	  20	  50	 359	751281	751659	   0	 320	
 327	 327	  50	   3	 550	   3	   2	  33	  11	  24	  20	  20	  50	 419	753381	753931	   0	 320	
 328	 328	  20	   4	 532	   2	   2	  33	  12	  24	  20	  20	  50	 595	755831	756363	   0	 320	
 329	 329	  50	   1	 486	   3	   1	  33	  12	  25	  20	  20	  50	 544	758197	758683	   0	 330	
 330	 330	  20	   4	 398	   2	   2	  33	  13	  25	  20	  20	  50	 369	760364	760762	   0	 330	
 331	 331	  20	   2	 406	   1	   1	  34	  13	  25	  20	  20	  50	 488	762564	762970	   0	 320	
 332	 332	  20	   4	 402	   2	   2	  34	  14	  25	  20	  20	  50	 413	764680	765082	   0	 320	
 333	 333	  50	   4	 398	   3	   2	  34	  14	  26	  20	  20	  50	 374	766764	767162	   0	 320	
 334	 334	  20	   4	 561	   1	   2	  35	  14	  26	  20	  20	  50	 644	769097	769658	   0	 320	
 335	 335	  20	   4	 407	   2	   2	  35	  15	  26	  20	  20	  50	 393	771347	771754	   0	 320	
 336	 336	  50	   1	 536	   3	   1	  35	  15	  27	  20	  20	  50	 650	773714	774250	   0	 330	
 337	 337	  80	   1	 667	   1	   1	   1	  15	  27	  80	  20	  50	 495	776063	776730	   1	 340	
 338	 338	  20	   4	 535	   2	   2	   1	  16	  27	  80	  20	  50	 526	778563	779098	   0	 340	
 339	 339	  80	   1	 437	   1	   1	   2	  16	  27	  80	  20	  50	 609	781013	781450	   0	 350	
 340	 340	  20	   4	 617	   2	   2	   2	  17	  27	  80	  20	  50	 547	783297	783914	   0	 350	
 341	 341	  80	   1	 429	   1	   1	   3	  17	  27	  80	  20	  50	 352	785597	786026	   0	 360	
 342	 342	  50	   1	 482	   3	   1	   3	  17	  28	  80	  20	  50	 554	787880	788362	   0	 370	
 343	 343	  80	   1	 520	   1	   1	   4	  17	  28	  80	  20	  50	 478	790130	790650	   0	 380	
 344	 344	  20	   1	 430	   2	   1	   4	  18	  28	  80	  20	  50	 446	792396	792826	   0	 390	
 345	 345	  50	   2	 641	   3	   1	   4	  18	  29	  80	  20	  50	 593	794713	795354	   0	 380	
 346	 346	  20	   1	 475	   2	   1	   4	  19	  29	  80	  20	  50	 611	797263	797738	   0	 390	
 347	 347	  80	   2	 458	   1	   1	   5	  19	  29	  80	  20	  50	 624	799663	800121	   0	 380	
 348	 348	  20	   4	 409	   2	   2	   5	  20	  29	  80	  20	  50	 670	802096	802505	   0	 380	
 349	 349	  50	   4	 512	   3	   2	   5	  20	  30	  80	  20	  50	 500	804313	804825	   0	 380	
 350	 350	  80	   1	 457	   1	   1	   6	  20	  30	  80	  20	  50	 382	806496	806953	   0	 390	
 351	 351	  50	   2	 517	   3	   1	   6	  20	  31	  80	  20	  50	 324	808596	809113	   0	 380	
 352	 352	  80	   3	 468	   1	   2	   7	  20	  31	  80	  20	  50	 592	811013	811481	   0	 380	
 353	 353	  50	   2	 471	   3	   1	   7	  20	  32	  80	  20	  50	 560	813346	813817	   0	 370	
 354	 354	  80	   1	 362	   1	   1	   8	  20	  32	  80	  20	  50	 552	815679	816041	   0	 380	
 355	 355	  20	   3	 647	   2	   2	   8	  21	  32	  80	  20	  50	 429	817762	818409	   0	 380	
 356	 356	  80	   2	 439	   1	   1	   9	  21	  32	  80	  20	  50	 433	820146	820585	   0	 370	
 357	 357	  50	   1	 437	   3	   1	   9	  21	  33	  80	  20	  50	 301	822196	822633	   0	 380	
 358	 358	  20	   4	 444	   2	   2	   9	  22	  33	  80	  20	  50	 489	824429	824873	   0	 380	
 359	 359	  70	   3	 797	   3	   2	   9	  22	   1	  80	  20	  70	 601	826812	827609	   3	 380	
 360	 360	  20	   2	 484	   2	   1	   9	  23	   1	  80	  20	  70	 545	829445	829929	   0	 370	
 361	 361	  80	   1	 581	   1	   1	  10	  23	   1	  80	  20	  70	 565	831812	832393	   0	 380	
 362	 362	  20	   4	 633	   2	   2	  10	  24	   1	  80	  20	  70	 423	834112	834745	   0	 380	
 363	 363	  70	   2	 403	   3	   1	  10	  24	   2	  80	  20	  70	 600	836662	837065	   0	 370	
 364	 364	  80	   1	 434	   1	   1	  11	  24	   2	  80	  20	  70	 691	839062	839496	   0	 380	
 365	 365	  70	   2	 510	   3	   1	  11	  24	   3	  80	  20	  70	 382	841178	841688	   0	 370	
 366	 366	  20	   4	 447	   2	   2	  11	  25	   3	  80	  20	  70	 563	843545	843992	   0	 370	
 367	 367	  70	   1	 371	   3	   1	  11	  25	   4	  80	  20	  70	 562	845845	846216	   0	 380	
 368	 368	  20	   4	 596	   2	   2	  11	  26	   4	  80	  20	  70	 686	848212	848808	   0	 380	
 369	 369	  80	   1	 524	   1	   1	  12	  26	   4	  80	  20	  70	 322	850428	850952	   0	 390	
 370	 370	  70	   1	 511	   3	   1	  12	  26	   5	  80	  20	  70	 485	852745	853256	   0	 400	
 371	 371	  20	   3	 451	   2	   2	  12	  27	   5	  80	  20	  70	 484	855061	855512	   0	 400	
 372	 372	  70	   3	 391	   3	   2	  12	  27	   6	  80	  20	  70	 531	857345	857736	   0	 400	
 373	 373	  80	   1	 674	   1	   1	  13	  27	   6	  80	  20	  70	 441	859478	860152	   0	 410	
 374	 374	  70	   4	 549	   3	   2	  13	  27	   7	  80	  20	  70	 360	861811	862360	   0	 410	
 375	 375	  80	   1	 725	   1	   1	  14	  27	   7	  80	  20	  70	 543	864195	864920	   0	 420	
 376	 376	  70	   1	 593	   3	   1	  14	  27	   8	  80	  20	  70	 487	866711	867304	   0	 430	
 377	 377	  20	   4	 588	   2	   2	  14	  28	   8	  80	  20	  70	 617	869228	869816	   0	 430	
 378	 378	  80	   1	 439	   1	   1	  15	  28	   8	  80	  20	  70	 634	871761	872200	   0	 440	
 379	 379	  70	   1	 514	   3	   1	  15	  28	   9	  80	  20	  70	 395	873894	874408	   0	 450	
 380	 380	  80	   1	 519	   1	   1	  16	  28	   9	  80	  20	  70	 465	876161	876680	   0	 460	
 381	 381	  70	   3	 498	   3	   2	  16	  28	  10	  80	  20	  70	 665	878661	879159	   0	 460	
 382	 382	  80	   1	 582	   1	   1	  17	  28	  10	  80	  20	  70	 513	880961	881543	   0	 470	
 383	 383	  20	   4	 547	   2	   2	  17	  29	  10	  80	  20	  70	 595	883444	883991	   0	 470	
 384	 384	  80	   2	 528	   1	   1	  18	  29	  10	  80	  20	  70	 618	885911	886439	   0	 460	
 385	 385	  70	   2	 348	   3	   1	  18	  29	  11	  80	  20	  70	 670	888411	888759	   0	 450	
 386	 386	  80	   2	 512	   1	   1	  19	  29	  11	  80	  20	  70	 677	890727	891239	   0	 440	
 387	 387	  20	   2	 636	   2	   1	  19	  30	  11	  80	  20	  70	 697	893227	893863	   0	 430	
 388	 388	  70	   1	 306	   3	   1	  19	  30	  12	  80	  20	  70	 312	895477	895783	   0	 440	
 389	 389	  20	   2	 377	   2	   1	  19	  31	  12	  80	  20	  70	 599	897694	898071	   0	 430	
 390	 390	  70	   1	 380	   3	   1	  19	  31	  13	  80	  20	  70	 650	900027	900407	   0	 440	
 391	 391	  80	   1	 370	   1	   1	  20	  31	  13	  80	  20	  70	 565	902277	902647	   0	 450	
 392	 392	  70	   2	 448	   3	   1	  20	  31	  14	  80	  20	  70	 370	904327	904775	   0	 440	
 393	 393	  20	   2	 331	   2	   1	  20	  32	  14	  80	  20	  70	 396	906460	906791	   0	 430	
 394	 394	  70	   1	 337	   3	   1	  20	  32	  15	  80	  20	  70	 632	908710	909047	   0	 440	
 395	 395	  20	   1	 474	   2	   1	  20	  33	  15	  80	  20	  70	 539	910893	911367	   0	 450	
 396	 396	  70	   1	 441	   3	   1	  20	  33	  16	  80	  20	  70	 647	913310	913751	   0	 460	
 397	 397	  80	   2	 394	   1	   1	  21	  33	  16	  80	  20	  70	 617	915677	916071	   0	 450	
 398	 398	  70	   4	 558	   3	   2	  21	  33	  17	  80	  20	  70	 603	917977	918535	   0	 450	
 399	 399	  20	   4	 471	   2	   2	  21	  34	  17	  80	  20	  70	 684	920527	920998	   0	 450	
 400	 400	  80	   1	 370	   1	   1	  22	  34	  17	  80	  20	  70	 359	922660	923030	   0	 460	
 401	 401	  20	   4	 394	   2	   2	  22	  35	  17	  80	  20	  70	 529	924876	925270	   0	 460	
 402	 402	  80	   3	 442	   1	   2	  23	  35	  17	  80	  20	  70	 301	926876	927318	   0	 460	
 403	 403	  80	   3	 908	   2	   2	  23	   1	  17	  80	  80	  70	 597	929226	930134	   2	 460	
 404	 404	  80	   3	 518	   1	   2	  24	   1	  17	  80	  80	  70	 319	931760	932278	   0	 460	
 405	 405	  80	   1	 439	   2	   1	  24	   2	  17	  80	  80	  70	 549	934143	934582	   0	 470	
 406	 406	  80	   1	 463	   1	   1	  25	   2	  17	  80	  80	  70	 464	936343	936806	   0	 480	
 407	 407	  80	   1	 513	   2	   1	  25	   3	  17	  80	  80	  70	 614	938709	939222	   0	 490	
 408	 408	  80	   1	 419	   1	   1	  26	   3	  17	  80	  80	  70	 517	941043	941462	   0	 500	
 409	 409	  80	   2	 373	   2	   1	  26	   4	  17	  80	  80	  70	 618	943393	943766	   0	 490	
 410	 410	  80	   2	 439	   1	   1	  27	   4	  17	  80	  80	  70	 691	945759	946198	   0	 480	
 411	 411	  80	   1	 363	   2	   1	  27	   5	  17	  80	  80	  70	 543	948059	948422	   0	 490	
 412	 412	  80	   1	 336	   1	   1	  28	   5	  17	  80	  80	  70	 619	950342	950678	   0	 500	
 413	 413	  80	   1	 366	   2	   1	  28	   6	  17	  80	  80	  70	 407	952392	952758	   0	 510	
 414	 414	  80	   1	 357	   1	   1	  29	   6	  17	  80	  80	  70	 559	954609	954966	   0	 520	
 415	 415	  80	   1	 359	   2	   1	  29	   7	  17	  80	  80	  70	 690	956959	957318	   0	 530	
 416	 416	  80	   1	 457	   1	   1	  30	   7	  17	  80	  80	  70	 682	959292	959749	   0	 540	
 417	 417	  70	   3	 761	   3	   2	  30	   7	  18	  80	  80	  70	 638	961692	962453	   0	 540	
 418	 418	  80	   1	 497	   2	   1	  30	   8	  18	  80	  80	  70	 548	964292	964789	   0	 550	
 419	 419	  30	   4	 628	   1	   2	   1	   8	  18	  30	  80	  70	 501	966609	967237	   1	 550	
 420	 420	  80	   2	 534	   2	   1	   1	   9	  18	  30	  80	  70	 447	968975	969509	   0	 540	
 421	 421	  70	   1	 746	   3	   1	   1	   9	  19	  30	  80	  70	 444	971275	972021	   0	 550	
 422	 422	  80	   1	 573	   2	   1	   1	  10	  19	  30	  80	  70	 669	973992	974565	   0	 560	
 423	 423	  30	   3	 393	   1	   2	   2	  10	  19	  30	  80	  70	 646	976508	976901	   0	 560	
 424	 424	  70	   3	 982	   3	   2	   2	  10	  20	  30	  80	  70	 369	978575	979557	   0	 560	
 425	 425	  80	   2	 598	   2	   1	   2	  11	  20	  30	  80	  70	 524	981375	981973	   0	 550	
 426	 426	  30	   3	 469	   1	   2	   3	  11	  20	  30	  80	  70	 545	983808	984277	   0	 550	
 427	 427	  70	   1	 616	   3	   1	   3	  11	  21	  30	  80	  70	 538	986125	986741	   0	 560	
 428	 428	  80	   1	 384	   2	   1	   3	  12	  21	  30	  80	  70	 685	988741	989125	   0	 570	
 429	 429	  30	   4	 368	   1	   2	   4	  12	  21	  30	  80	  70	 300	990741	991109	   0	 570	
 430	 430	  70	   2	 539	   3	   1	   4	  12	  22	  30	  80	  70	 439	992858	993397	   0	 560	
 431	 431	  80	   1	 360	   2	   1	   4	  13	  22	  30	  80	  70	 620	995341	995701	   0	 570	
 432	 432	  70	   2	 749	   3	   1	   4	  13	  23	  30	  80	  70	 606	997608	998357	   0	 560	
 433	 433	  80	   1	 479	   2	   1	   4	  14	  23	  30	  80	  70	 691	1000341	1000820	   0	 570	
 434	 434	  70	   1	 400	   3	   1	   4	  14	  24	  30	  80	  70	 605	1002724	1003124	   0	 580	
 435	 435	  80	   1	 558	   2	   1	   4	  15	  24	  30	  80	  70	 334	1004774	1005332	   0	 590	
 436	 436	  70	   1	 547	   3	   1	   4	  15	  25	  30	  80	  70	 403	1007041	1007588	   0	 600	
 437	 437	  30	   2	 588	   1	   1	   5	  15	  25	  30	  80	  70	 318	1009208	1009796	   0	 590	
 438	 438	  70	   3	 669	   3	   2	   5	  15	  26	  30	  80	  70	 498	1011591	1012260	   0	 590	
 439	 439	  30	   4	 544	   1	   2	   6	  15	  26	  30	  80	  70	 344	1013908	1014452	   0	 590	
 440	 440	  70	   1	 421	   3	   1	   6	  15	  27	  30	  80	  70	 458	1016207	1016628	   0	 600	
 441	 441	  80	   1	 439	   2	   1	   6	  16	  27	  30	  80	  70	 584	1018541	1018980	   0	 610	
 442	 442	  70	   2	 557	   3	   1	   6	  16	  28	  30	  80	  70	 524	1020807	1021364	   0	 600	
 443	 443	  30	   1	 511	   1	   1	   7	  16	  28	  30	  80	  70	 481	1023141	1023652	   0	 610	
 444	 444	  80	   1	 427	   2	   1	   7	  17	  28	  30	  80	  70	 305	1025257	1025684	   0	 620	
 445	 445	  30	   4	 555	   1	   2	   8	  17	  28	  30	  80	  70	 650	1027641	1028196	   0	 620	
 446	 446	  80	   2	 568	   2	   1	   8	  18	  28	  30	  80	  70	 633	1030140	1030708	   0	 610	
 447	 447	  30	   4	 468	   1	   2	   9	  18	  28	  30	  80	  70	 612	1032624	1033092	   0	 610	
 448	 448	  80	   1	 611	   2	   1	   9	  19	  28	  30	  80	  70	 655	1035057	1035668	   0	 620	
 449	 449	  30	   4	 592	   1	   2	  10	  19	  28	  30	  80	  70	 566	1037540	1038132	   0	 620	
 450	 450	  70	   3	 779	   3	   2	  10	  19	  29	  30	  80	  70	 612	1040040	1040819	   0	 620	
 451	 451	  30	   3	 516	   1	   2	  11	  19	  29	  30	  80	  70	 487	1042623	1043139	   0	 620	
 452	 452	  80	   1	 552	   2	   1	  11	  20	  29	  30	  80	  70	 460	1044907	1045459	   0	 630	
 453	 453	  70	   1	 541	   3	   1	  11	  20	  30	  30	  80	  70	 431	1047190	1047731	   0	 640	
 454	 454	  80	   1	 530	   2	   1	  11	  21	  30	  30	  80	  70	 418	1049457	1049987	   0	 650	
 455	 455	  30	   4	 531	   1	   2	  12	  21	  30	  30	  80	  70	 558	1051840	1052371	   0	 650	
 456	 456	  80	   1	 532	   2	   1	  12	  22	  30	  30	  80	  70	 557	1054223	1054755	   0	 660	
 457	 457	  70	   3	 814	   3	   2	  12	  22	  31	  30	  80	  70	 325	1056373	1057187	   0	 660	
 458	 458	  30	   4	 628	   1	   2	  13	  22	  31	  30	  80	  70	 548	1059023	1059651	   0	 660	
 459	 459	  70	   3	 466	   3	   2	  13	  22	  32	  30	  80	  70	 530	1061473	1061939	   0	 660	
 460	 460	  30	   3	 658	   1	   2	  14	  22	  32	  30	  80	  70	 619	1063873	1064531	   0	 660	
 461	 461	  80	   1	 499	   2	   1	  14	  23	  32	  30	  80	  70	 387	1066240	1066739	   0	 670	
 462	 462	  70	   3	 438	   3	   2	  14	  23	  33	  30	  80	  70	 542	1068589	1069027	   0	 670	
 463	 463	  30	   4	 401	   1	   2	  15	  23	  33	  30	  80	  70	 369	1070706	1071107	   0	 670	
 464	 464	  80	   1	 532	   2	   1	  15	  24	  33	  30	  80	  70	 612	1073023	1073555	   0	 680	
 465	 465	  30	   4	 512	   1	   2	  16	  24	  33	  30	  80	  70	 694	1075539	1076051	   0	 680	
 466	 466	  70	   4	 381	   3	   2	  16	  24	  34	  30	  80	  70	 660	1078006	1078387	   0	 680	
 467	 467	  80	   2	 481	   2	   1	  16	  25	  34	  30	  80	  70	 606	1080289	1080770	   0	 670	
 468	 468	  70	   3	 438	   3	   2	  16	  25	  35	  30	  80	  70	 502	1082572	1083010	   0	 670	
 469	 469	  30	   3	 408	   1	   2	  17	  25	  35	  30	  80	  70	 603	1084922	1085330	   0	 670	
 470	 470	  80	   1	 482	   2	   1	  17	  26	  35	  30	  80	  70	 429	1087056	1087538	   0	 680	
 471	 471	  30	   4	 546	   1	   2	  18	  26	  35	  30	  80	  70	 601	1089472	1090018	   0	 680	
 472	 472	  50	   2	 334	   3	   1	  18	  26	   1	  30	  80	  50	 631	1091972	1092306	   3	 670	
 473	 473	  30	   4	 532	   1	   2	  19	  26	   1	  30	  80	  50	 607	1094222	1094754	   0	 670	
 474	 474	  80	   3	 437	   2	   2	  19	  27	   1	  30	  80	  50	 551	1096605	1097042	   0	 670	
 475	 475	  30	   4	 711	   1	   2	  20	  27	   1	  30	  80	  50	 607	1098955	1099666	   0	 670	
 476	 476	  50	   3	 647	   3	   2	  20	  27	   2	  30	  80	  50	 383	1101355	1102002	   0	 670	
 477	 477	  80	   1	 502	   2	   1	  20	  28	   2	  30	  80	  50	 466	1103772	1104274	   0	 680	
 478	 478	  50	   2	 450	   3	   1	  20	  28	   3	  30	  80	  50	 687	1106272	1106722	   0	 670	
 479	 479	  80	   2	 507	   2	   1	  20	  29	   3	  30	  80	  50	 419	1108455	1108962	   0	 660	
 480	 480	  30	   4	 371	   1	   2	  21	  29	   3	  30	  80	  50	 385	1110655	1111026	   0	 660	
 481	 481	  50	   2	 383	   3	   1	  21	  29	   4	  30	  80	  50	 411	1112755	1113138	   0	 650	
 482	 482	  80	   1	 408	   2	   1	  21	  30	   4	  30	  80	  50	 483	1114938	1115346	   0	 660	
 483	 483	  50	   1	 402	   3	   1	  21	  30	   5	  30	  80	  50	 430	1117072	1117474	   0	 670	
 484	 484	  20	   3	 712	   2	   2	  21	   1	   5	  30	  20	  50	 508	1119305	1120017	   2	 670	
 485	 485	  30	   3	 588	   1	   2	  22	   1	   5	  30	  20	  50	 688	1122005	1122593	   0	 670	
 486	 486	  20	   2	 486	   2	   1	  22	   2	   5	  30	  20	  50	 674	1124571	1125057	   0	 660	
 487	 487	  50	   1	 463	   3	   1	  22	   2	   6	  30	  20	  50	 375	1126738	1127201	   0	 670	
 488	 488	  20	   2	 420	   2	   1	  22	   3	   6	  30	  20	  50	 520	1129021	1129441	   0	 660	
 489	 489	  30	   3	 528	   1	   2	  23	   3	   6	  30	  20	  50	 380	1131121	1131649	   0	 660	
 490	 490	  50	   3	 438	   3	   2	  23	   3	   7	  30	  20	  50	 418	1133371	1133809	   0	 660	
 491	 491	  30	   4	 489	   1	   2	  24	   3	   7	  30	  20	  50	 577	1135704	1136193	   0	 660	
 492	 492	  50	   3	 576	   3	   2	  24	   3	   8	  30	  20	  50	 431	1137921	1138497	   0	 660	
 493	 493	  20	   1	 708	   2	   1	  24	   4	   8	  30	  20	  50	 427	1140221	1140929	   0	 670	
 494	 494	  50	   2	 447	   3	   1	  24	   4	   9	  30	  20	  50	 517	1142754	1143201	   0	 660	
 495	 495	  30	   4	 635	   1	   2	  25	   4	   9	  30	  20	  50	 350	1144854	1145489	   0	 660	
 496	 496	  20	   4	 735	   2	   2	  25	   5	   9	  30	  20	  50	 350	1147154	1147889	   0	 660	
 497	 497	  50	   2	 449	   3	   1	  25	   5	  10	  30	  20	  50	 309	1149504	1149953	   0	 650	
 498	 498	  30	   4	 562	   1	   2	  26	   5	  10	  30	  20	  50	 624	1151871	1152433	   0	 650	
 499	 499	  50	   1	 616	   3	   1	  26	   5	  11	  30	  20	  50	 387	1154121	1154737	   0	 660	
 500	 500	  30	   4	 476	   1	   2	  27	   5	  11	  30	  20	  50	 366	1156421	1156897	   0	 660	
 501	 501	  50	   2	 498	   3	   1	  27	   5	  12	  30	  20	  50	 460	1158671	1159169	   0	 650	
 502	 502	  20	   4	 647	   2	   2	  27	   6	  12	  30	  20	  50	 479	1160937	1161584	   0	 650	
 503	 503	  30	   3	 491	   1	   2	  28	   6	  12	  30	  20	  50	 364	1163237	1163728	   0	 650	
 504	 504	  50	   1	 493	   3	   1	  28	   6	  13	  30	  20	  50	 564	1165587	1166080	   0	 660	
 505	 505	  30	   4	 508	   1	   2	  29	   6	  13	  30	  20	  50	 634	1168020	1168528	   0	 660	
 506	 506	  20	   4	 500	   2	   2	  29	   7	  13	  30	  20	  50	 384	1170220	1170720	   0	 660	
 507	 507	  50	   3	 437	   3	   2	  29	   7	  14	  30	  20	  50	 563	1172587	1173024	   0	 660	
 508	 508	  20	   4	 437	   2	   2	  29	   8	  14	  30	  20	  50	 658	1174987	1175424	   0	 660	
 509	 509	  50	   4	 603	   3	   2	  29	   8	  15	  30	  20	  50	 499	1177237	1177840	   0	 660	
 510	 510	  30	   4	 571	   1	   2	  30	   8	  15	  30	  20	  50	 486	1179637	1180208	   0	 660	
 511	 511	  50	   2	 479	   3	   1	  30	   8	  16	  30	  20	  50	 418	1181953	1182432	   0	 650	
 512	 512	  30	   4	 484	   1	   2	  31	   8	  16	  30	  20	  50	 489	1184220	1184704	   0	 650	
 513	 513	  20	   2	 427	   2	   1	  31	   9	  16	  30	  20	  50	 433	1186453	1186880	   0	 640	
 514	 514	  30	   2	 650	   1	   1	  32	   9	  16	  30	  20	  50	 700	1188886	1189536	   0	 630	
 515	 515	  50	   1	 375	   3	   1	  32	   9	  17	  30	  20	  50	 501	1191353	1191728	   0	 640	
 516	 516	  30	   2	 404	   1	   1	  33	   9	  17	  30	  20	  50	 399	1193436	1193840	   0	 630	
 517	 517	  20	   2	 431	   2	   1	  33	  10	  17	  30	  20	  50	 402	1195553	1195984	   0	 620	
 518	 518	  50	   2	 532	   3	   1	  33	  10	  18	  30	  20	  50	 551	1197836	1198368	   0	 610	
 519	 519	  20	   2	 397	   2	   1	  33	  11	  18	  30	  20	  50	 300	1199970	1200367	   0	 600	
 520	 520	  80	   2	 494	   1	   1	   1	  11	  18	  80	  20	  50	 674	1202353	1202847	   1	 590	
 521	 521	  20	   2	 320	   2	   1	   1	  12	  18	  80	  20	  50	 543	1204703	1205023	   0	 580	
 522	 522	  50	   1	 683	   3	   1	   1	  12	  19	  80	  20	  50	 501	1206836	1207519	   0	 590	
 523	 523	  80	   3	 604	   1	   2	   2	  12	  19	  80	  20	  50	 372	1209203	1209807	   0	 590	
 524	 524	  50	   4	 642	   3	   2	   2	  12	  20	  80	  20	  50	 356	1211469	1212111	   0	 590	
 525	 525	  80	   3	 512	   1	   2	   3	  12	  20	  80	  20	  50	 499	1213919	1214431	   0	 590	
 526	 526	  50	   4	 489	   3	   2	   3	  12	  21	  80	  20	  50	 377	1216102	1216591	   0	 590	
 527	 527	  80	   2	 437	   1	   1	   4	  12	  21	  80	  20	  50	 303	1218202	1218639	   0	 580	
 528	 528	  50	   4	 553	   3	   2	   4	  12	  22	  80	  20	  50	 550	1220502	1221055	   0	 580	
 529	 529	  80	   3	 404	   1	   2	   5	  12	  22	  80	  20	  50	 663	1223019	1223423	   0	 580	
 530	 530	  50	   3	 497	   3	   2	   5	  12	  23	  80	  20	  50	 354	1225086	1225583	   0	 580	
 531	 531	  80	   3	 341	   1	   2	   6	  12	  23	  80	  20	  50	 502	1227402	1227743	   0	 580	
 532	 532	  50	   3	 500	   3	   2	   6	  12	  24	  80	  20	  50	 377	1229419	1229919	   0	 580	
 533	 533	  80	   3	 377	   1	   2	   7	  12	  24	  80	  20	  50	 472	1231702	1232079	   0	 580	
 534	 534	  20	   4	 528	   2	   2	   7	  13	  24	  80	  20	  50	 548	1233919	1234447	   0	 580	
 535	 535	  50	   3	 430	   3	   2	   7	  13	  25	  80	  20	  50	 619	1236369	1236799	   0	 580	
 536	 536	  20	   3	 421	   2	   2	   7	  14	  25	  80	  20	  50	 504	1238602	1239023	   0	 580	
 537	 537	  80	   3	 462	   1	   2	   8	  14	  25	  80	  20	  50	 428	1240752	1241214	   0	 580	
 538	 538	  50	   3	 412	   3	   2	   8	  14	  26	  80	  20	  50	 305	1242818	1243230	   0	 580	
 539	 539	  20	   4	 634	   2	   2	   8	  15	  26	  80	  20	  50	 328	1244852	1245486	   0	 580	
 540	 540	  50	   2	 384	   3	   1	   8	  15	  27	  80	  20	  50	 316	1247118	1247502	   0	 570	
 541	 541	  20	   1	 450	   2	   1	   8	  16	  27	  80	  20	  50	 623	1249452	1249902	   0	 580	
 542	 542	  50	   2	 460	   3	   1	   8	  16	  28	  80	  20	  50	 401	1251618	1252078	   0	 570	
 543	 543	  20	   2	 459	   2	   1	   8	  17	  28	  80	  20	  50	 665	1254035	1254494	   0	 560	
 544	 544	  80	   1	 412	   1	   1	   9	  17	  28	  80	  20	  50	 625	1256418	1256830	   0	 570	
 545	 545	  20	   4	 532	   2	   2	   9	  18	  28	  80	  20	  50	 485	1258618	1259150	   0	 570	
 546	 546	  50	   1	 679	   3	   1	   9	  18	  29	  80	  20	  50	 514	1260951	1261630	   0	 580	
 547	 547	  20	   4	 578	   2	   2	   9	  19	  29	  80	  20	  50	 541	1263468	1264046	   0	 580	
 548	 548	  80	   1	 453	   1	   1	  10	  19	  29	  80	  20	  50	 463	1265801	1266254	   0	 590	
 549	 549	  50	   4	 460	   3	   2	  10	  19	  30	  80	  20	  50	 469	1268034	1268494	   0	 590	
 550	 550	  20	   4	 555	   2	   2	  10	  20	  30	  80	  20	  50	 659	1270451	1271006	   0	 590	
 551	 551	  80	   1	 450	   1	   1	  11	  20	  30	  80	  20	  50	 348	1272668	1273118	   0	 600	
 552	 552	  20	   4	 549	   2	   2	  11	  21	  30	  80	  20	  50	 582	1275001	1275550	   0	 600	
 553	 553	  80	   1	 498	   1	   1	  12	  21	  30	  80	  20	  50	 617	1277468	1277966	   0	 610	
 554	 554	  50	   3	 547	   3	   2	  12	  21	  31	  80	  20	  50	 571	1279834	1280381	   0	 610	
 555	 555	  20	   3	 474	   2	   2	  12	  22	  31	  80	  20	  50	 391	1282067	1282541	   0	 610	
 556	 556	  50	   2	 634	   3	   1	  12	  22	  32	  80	  20	  50	 604	1284451	1285085	   0	 600	
 557	 557	  80	   1	 388	   1	   1	  13	  22	  32	  80	  20	  50	 615	1287001	1287389	   0	 610	
 558	 558	  50	   2	 442	   3	   1	  13	  22	  33	  80	  20	  50	 557	1289251	1289693	   0	 600	
 559	 559	  80	   2	 478	   1	   1	  14	  22	  33	  80	  20	  50	 556	1291551	1292029	   0	 590	
 560	 560	  30	   4	 786	   3	   2	  14	  22	   1	  80	  20	  30	 526	1293867	1294653	   3	 590	
 561	 561	  80	   1	 407	   1	   1	  15	  22	   1	  80	  20	  30	 555	1296534	1296941	   0	 600	
 562	 562	  20	   2	 807	   2	   1	  15	  23	   1	  80	  20	  30	 698	1298934	1299741	   0	 590	
 563	 563	  30	   4	 602	   3	   2	  15	  23	   2	  80	  20	  30	 624	1301667	1302269	   0	 590	
 564	 564	  20	   2	 661	   2	   1	  15	  24	   2	  80	  20	  30	 632	1304200	1304861	   0	 580	
 565	 565	  80	   2	 628	   1	   1	  16	  24	   2	  80	  20	  30	 450	1306617	1307245	   0	 570	
 566	 566	  20	   2	 628	   2	   1	  16	  25	   2	  80	  20	  30	 486	1309033	1309661	   0	 560	
 567	 567	  80	   1	 407	   1	   1	  17	  25	   2	  80	  20	  30	 397	1311350	1311757	   0	 570	
 568	 568	  30	   4	 628	   3	   2	  17	  25	   3	  80	  20	  30	 363	1313417	1314045	   0	 570	
 569	 569	  20	   2	 523	   2	   1	  17	  26	   3	  80	  20	  30	 309	1315650	1316173	   0	 560	
 570	 570	  80	   1	 518	   1	   1	  18	  26	   3	  80	  20	  30	 309	1317783	1318301	   0	 570	
 571	 571	  20	   2	 423	   2	   1	  18	  27	   3	  80	  20	  30	 505	1320133	1320556	   0	 560	
 572	 572	  80	   1	 464	   1	   1	  19	  27	   3	  80	  20	  30	 435	1322300	1322764	   0	 570	
 573	 573	  30	   4	 497	   3	   2	  19	  27	   4	  80	  20	  30	 616	1324683	1325180	   0	 570	
 574	 574	  20	   1	 413	   2	   1	  19	  28	   4	  80	  20	  30	 304	1326783	1327196	   0	 580	
 575	 575	  30	   3	 505	   3	   2	  19	  28	   5	  80	  20	  30	 387	1328883	1329388	   0	 580	
 576	 576	  20	   4	 523	   2	   2	  19	  29	   5	  80	  20	  30	 545	1331233	1331756	   0	 580	
 577	 577	  80	   1	 676	   1	   1	  20	  29	   5	  80	  20	  30	 363	1333416	1334092	   0	 590	
 578	 578	  20	   4	 711	   2	   2	  20	  30	   5	  80	  20	  30	 345	1335733	1336444	   0	 590	
 579	 579	  30	   4	 514	   3	   2	  20	  30	   6	  80	  20	  30	 525	1338266	1338780	   0	 590	
 580	 580	  20	   4	 417	   2	   2	  20	  31	   6	  80	  20	  30	 599	1340683	1341100	   0	 590	
 581	 581	  80	   3	 413	   1	   2	  21	  31	   6	  80	  20	  30	 377	1342799	1343212	   0	 590	
 582	 582	  20	   4	 424	   2	   2	  21	  32	   6	  80	  20	  30	 409	1344916	1345340	   0	 590	
 583	 583	  30	   3	 435	   3	   2	  21	  32	   7	  80	  20	  30	 410	1347049	1347484	   0	 590	
 584	 584	  20	   4	 572	   2	   2	  21	  33	   7	  80	  20	  30	 448	1349232	1349804	   0	 590	
 585	 585	  30	   4	 538	   3	   2	  21	  33	   8	  80	  20	  30	 560	1351666	1352204	   0	 590	
 586	 586	  80	   4	 384	   1	   2	  22	  33	   8	  80	  20	  30	 425	1353932	1354316	   0	 590	
 587	 587	  30	   4	 520	   3	   2	  22	  33	   9	  80	  20	  30	 489	1356116	1356636	   0	 590	
 588	 588	  80	   1	 511	   1	   1	  23	  33	   9	  80	  20	  30	 404	1358349	1358860	   0	 600	
 589	 589	  20	   4	 563	   2	   2	  23	  34	   9	  80	  20	  30	 469	1360632	1361195	   0	 600	
 590	 590	  30	   3	 383	   3	   2	  23	  34	  10	  80	  20	  30	 643	1363132	1363515	   0	 600	
 591	 591	  80	   1	 394	   1	   1	  24	  34	  10	  80	  20	  30	 411	1365249	1365643	   0	 610	
 592	 592	  20	   4	 353	   2	   2	  24	  35	  10	  80	  20	  30	 539	1367482	1367835	   0	 610	
 593	 593	  80	   1	 494	   1	   1	  25	  35	  10	  80	  20	  30	 432	1369565	1370059	   0	 620	
 594	 594	  70	   3	 868	   2	   2	  25	   1	  10	  80	  70	  30	 438	1371815	1372683	   2	 620	
 595	 595	  80	   1	 609	   1	   1	  26	   1	  10	  80	  70	  30	 700	1374698	1375307	   0	 630	
 596	 596	  30	   4	 433	   3	   2	  26	   1	  11	  80	  70	  30	 467	1377082	1377515	   0	 630	
 597	 597	  80	   1	 490	   1	   1	  27	   1	  11	  80	  70	  30	 448	1379265	1379755	   0	 640	
 598	 598	  70	   1	 587	   2	   1	  27	   2	  11	  80	  70	  30	 587	1381648	1382235	   0	 650	
 599	 599	  80	   2	 589	   1	   1	  28	   2	  11	  80	  70	  30	 453	1383998	1384587	   0	 640	
 600	 600	  30	   4	 343	   3	   2	  28	   2	  12	  80	  70	  30	 634	1386532	1386875	   0	 640	
 601	 601	  80	   1	 522	   1	   1	  29	   2	  12	  80	  70	  30	 683	1388881	1389403	   0	 650	
 602	 602	  70	   1	 394	   2	   1	  29	   3	  12	  80	  70	  30	 554	1391265	1391659	   0	 660	
 603	 603	  30	   4	 480	   3	   2	  29	   3	  13	  80	  70	  30	 555	1393515	1393995	   0	 660	
 604	 604	  70	   1	 473	   2	   1	  29	   4	  13	  80	  70	  30	 411	1395698	1396171	   0	 670	
 605	 605	  30	   4	 460	   3	   2	  29	   4	  14	  80	  70	  30	 565	1398031	1398491	   0	 670	
 606	 606	  70	   4	 454	   2	   2	  29	   5	  14	  80	  70	  30	 362	1400148	1400602	   0	 670	
 607	 607	  30	   3	 528	   3	   2	  29	   5	  15	  80	  70	  30	 411	1402314	1402842	   0	 670	
 608	 608	  70	   1	 440	   2	   1	  29	   6	  15	  80	  70	  30	 357	1404498	1404938	   0	 680	
 609	 609	  30	   4	 514	   3	   2	  29	   6	  16	  80	  70	  30	 424	1406664	1407178	   0	 680	
 610	 610	  80	   1	 634	   1	   1	  30	   6	  16	  80	  70	  30	 372	1408848	1409482	   0	 690	
 611	 611	  70	   2	 465	   2	   1	  30	   7	  16	  80	  70	  30	 675	1411481	1411946	   0	 680	
 612	 612	  30	   4	 374	   3	   2	  30	   7	  17	  80	  70	  30	 514	1413748	1414122	   0	 680	
 613	 613	  70	   1	 405	   2	   1	  30	   8	  17	  80	  70	  30	 362	1415781	1416186	   0	 690	
 614	 614	  50	   4	 763	   1	   2	   1	   8	  17	  50	  70	  30	 516	1418031	1418794	   1	 690	
 615	 615	  70	   1	 550	   2	   1	   1	   9	  17	  50	  70	  30	 468	1420564	1421114	   0	 700	
 616	 616	  30	   4	 463	   3	   2	   1	   9	  18	  50	  70	  30	 300	1422731	1423194	   0	 700	
 617	 617	  50	   4	 382	   1	   2	   2	   9	  18	  50	  70	  30	 667	1425164	1425546	   0	 700	
 618	 618	  30	   3	 421	   3	   2	   2	   9	  19	  50	  70	  30	 552	1427397	1427818	   0	 700	
 619	 619	  70	   4	 500	   2	   2	   2	  10	  19	  50	  70	  30	 688	1429814	1430314	   0	 700	
 620	 620	  30	   3	 500	   3	   2	   2	  10	  20	  50	  70	  30	 613	1432230	1432730	   0	 700	
 621	 621	  70	   3	 414	   2	   2	   2	  11	  20	  50	  70	  30	 324	1434380	1434794	   0	 700	
 622	 622	  50	   4	 395	   1	   2	   3	  11	  20	  50	  70	  30	 350	1436447	1436842	   0	 700	
 623	 623	  70	   3	 779	   2	   2	   3	  12	  20	  50	  70	  30	 685	1438830	1439609	   0	 700	
 624	 624	  50	   3	 409	   1	   2	   4	  12	  20	  50	  70	  30	 359	1441264	1441673	   0	 700	
 625	 625	  30	   3	 384	   3	   2	   4	  12	  21	  50	  70	  30	 534	1443513	1443897	   0	 700	
 626	 626	  70	   3	 370	   2	   2	   4	  13	  21	  50	  70	  30	 646	1445847	1446217	   0	 700	
 627	 627	  50	   3	 447	   1	   2	   5	  13	  21	  50	  70	  30	 403	1447930	1448377	   0	 700	
 628	 628	  30	   4	 564	   3	   2	   5	  13	  22	  50	  70	  30	 517	1450197	1450761	   0	 700	
 629	 629	  50	   4	 439	   1	   2	   6	  13	  22	  50	  70	  30	 474	1452530	1452969	   0	 700	
 630	 630	  70	   1	 369	   2	   1	   6	  14	  22	  50	  70	  30	 401	1454680	1455049	   0	 710	
 631	 631	  30	   4	 408	   3	   2	   6	  14	  23	  50	  70	  30	 542	1456913	1457321	   0	 710	
 632	 632	  50	   1	 449	   1	   1	   7	  14	  23	  50	  70	  30	 473	1459096	1459545	   0	 720	
 633	 633	  70	   2	 433	   2	   1	   7	  15	  23	  50	  70	  30	 635	1461480	1461913	   0	 710	
 634	 634	  30	   2	 327	   3	   1	   7	  15	  24	  50	  70	  30	 530	1463746	1464073	   0	 700	
 635	 635	  50	   1	 394	   1	   1	   8	  15	  24	  50	  70	  30	 689	1466063	1466457	   0	 710	
 636	 636	  30	   2	 414	   3	   1	   8	  15	  25	  50	  70	  30	 612	1468363	1468777	   0	 700	
 637	 637	  50	   1	 556	   1	   1	   9	  15	  25	  50	  70	  30	 338	1470413	1470969	   0	 710	
 638	 638	  30	   4	 443	   3	   2	   9	  15	  26	  50	  70	  30	 579	1472846	1473289	   0	 710	
 639	 639	  70	   1	 486	   2	   1	   9	  16	  26	  50	  70	  30	 369	1474963	1475449	   0	 720	
 640	 640	  50	   2	 594	   1	   1	  10	  16	  26	  50	  70	  30	 330	1477079	1477673	   0	 710	
 641	 641	  70	   1	 505	   2	   1	  10	  17	  26	  50	  70	  30	 687	1479679	1480184	   0	 720	
 642	 642	  30	   1	 404	   3	   1	  10	  17	  27	  50	  70	  30	 310	1481796	1482200	   0	 730	
 643	 643	  50	   1	 486	   1	   1	  11	  17	  27	  50	  70	  30	 635	1484146	1484632	   0	 740	
 644	 644	  70	   1	 490	   2	   1	  11	  18	  27	  50	  70	  30	 512	1486446	1486936	   0	 750	
 645	 645	  30	   4	 426	   3	   2	  11	  18	  28	  50	  70	  30	 618	1488862	1489288	   0	 750	
 646	 646	  70	   2	 491	   2	   1	  11	  19	  28	  50	  70	  30	 647	1491229	1491720	   0	 740	
 647	 647	  50	   2	 509	   1	   1	  12	  19	  28	  50	  70	  30	 564	1493579	1494088	   0	 730	
 648	 648	  30	   4	 357	   3	   2	  12	  19	  29	  50	  70	  30	 394	1495779	1496136	   0	 730	
 649	 649	  50	   2	 362	   1	   1	  13	  19	  29	  50	  70	  30	 618	1498062	1498424	   0	 720	
 650	 650	  30	   1	 397	   3	   1	  13	  19	  30	  50	  70	  30	 682	1500395	1500792	   0	 730	
 651	 651	  70	   2	 469	   2	   1	  13	  20	  30	  50	  70	  30	 467	1502579	1503048	   0	 720	
 652	 652	  30	   4	 623	   3	   2	  13	  20	   1	  50	  70	  30	 385	1504745	1505368	   0	 720	
 653	 653	  50	   1	 377	   1	   1	  14	  20	   1	  50	  70	  30	 603	1507279	1507656	   0	 730	
 654	 654	  70	   2	 530	   2	   1	  14	  21	   1	  50	  70	  30	 508	1509462	1509992	   0	 720	
 655	 655	  50	   1	 478	   1	   1	  15	  21	   1	  50	  70	  30	 693	1511978	1512456	   0	 730	
 656	 656	  70	   1	 371	   2	   1	  15	  22	   1	  50	  70	  30	 483	1514245	1514616	   0	 740	
 657	 657	  30	   4	 367	   3	   2	  15	  22	   2	  50	  70	  30	 416	1516345	1516712	   0	 740	
 658	 658	  50	   2	 373	   1	   1	  16	  22	   2	  50	  70	  30	 578	1518595	1518968	   0	 730	
 659	 659	  30	   2	 412	   3	   1	  16	  22	   3	  50	  70	  30	 528	1520795	1521207	   0	 720	
 660	 660	  70	   1	 508	   2	   1	  16	  23	   3	  50	  70	  30	 700	1523211	1523719	   0	 730	
 661	 661	  30	   4	 592	   3	   2	  16	  23	   4	  50	  70	  30	 458	1525495	1526087	   0	 730	
 662	 662	  70	   1	 487	   2	   1	  16	  24	   4	  50	  70	  30	 334	1527728	1528215	   0	 740	
 663	 663	  30	   3	 513	   3	   2	  16	  24	   5	  50	  70	  30	 357	1529878	1530391	   0	 740	
 664	 664	  70	   1	 530	   2	   1	  16	  25	   5	  50	  70	  30	 564	1532245	1532775	   0	 750	
 665	 665	  50	   3	 674	   1	   2	  17	  25	   5	  50	  70	  30	 575	1534645	1535319	   0	 750	
 666	 666	  30	   4	 551	   3	   2	  17	  25	   6	  50	  70	  30	 323	1536944	1537495	   0	 750	
 667	 667	  70	   1	 625	   2	   1	  17	  26	   6	  50	  70	  30	 680	1539478	1540103	   0	 760	
 668	 668	  30	   3	 577	   3	   2	  17	  26	   7	  50	  70	  30	 476	1541878	1542455	   0	 760	
 669	 669	  50	   4	 417	   1	   2	  18	  26	   7	  50	  70	  30	 531	1544278	1544695	   0	 760	
 670	 670	  70	   2	 476	   2	   1	  18	  27	   7	  50	  70	  30	 399	1546411	1546887	   0	 750	
 671	 671	  50	   1	 524	   1	   1	  19	  27	   7	  50	  70	  30	 631	1548827	1549351	   0	 760	
 672	 672	  30	   4	 414	   3	   2	  19	  27	   8	  50	  70	  30	 505	1551161	1551575	   0	 760	
 673	 673	  70	   1	 402	   2	   1	  19	  28	   8	  50	  70	  30	 602	1553477	1553879	   0	 770	
 674	 674	  30	   4	 468	   3	   2	  19	  28	   9	  50	  70	  30	 631	1555811	1556279	   0	 770	
 675	 675	  50	   4	 680	   1	   2	  20	  28	   9	  50	  70	  30	 519	1558111	1558791	   0	 770	
 676	 676	  70	   1	 549	   2	   1	  20	  29	   9	  50	  70	  30	 474	1560561	1561110	   0	 780	
 677	 677	  30	   3	 430	   3	   2	  20	  29	  10	  50	  70	  30	 340	1562760	1563190	   0	 780	
 678	 678	  50	   1	 421	   1	   1	  21	  29	  10	  50	  70	  30	 498	1564977	1565398	   0	 790	
 679	 679	  70	   2	 586	   2	   1	  21	  30	  10	  50	  70	  30	 551	1567260	1567846	   0	 780	
 680	 680	  50	   1	 586	   1	   1	  22	  30	  10	  50	  70	  30	 501	1569660	1570246	   0	 790	
 681	 681	  30	   4	 394	   3	   2	  22	  30	  11	  50	  70	  30	 479	1572044	1572438	   0	 790	
 682	 682	  50	   3	 416	   1	   2	  23	  30	  11	  50	  70	  30	 564	1574294	1574710	   0	 790	
 683	 683	  30	   4	 677	   3	   2	  23	  30	  12	  50	  70	  30	 566	1576593	1577270	   0	 790	
 684	 684	  50	   2	 728	   1	   1	  24	  30	  12	  50	  70	  30	 337	1578910	1579638	   0	 780	
 685	 685	  70	   1	 496	   2	   1	  24	  31	  12	  50	  70	  30	 571	1581510	1582006	   0	 790	
 686	 686	  50	   2	 387	   1	   1	  25	  31	  12	  50	  70	  30	 521	1583827	1584214	   0	 780	
 687	 687	  70	   1	 517	   2	   1	  25	  32	  12	  50	  70	  30	 680	1586193	1586710	   0	 790	
 688	 688	  50	   2	 397	   1	   1	  26	  32	  12	  50	  70	  30	 372	1588393	1588790	   0	 780	
 689	 689	  30	   2	 840	   3	   1	  26	  32	  13	  50	  70	  30	 422	1590510	1591350	   0	 770	
 690	 690	  50	   2	 363	   1	   1	  27	  32	  13	  50	  70	  30	 594	1593243	1593606	   0	 760	
 691	 691	  30	   2	 395	   3	   1	  27	  32	  14	  50	  70	  30	 314	1595243	1595638	   0	 750	
 692	 692	  70	   1	 342	   2	   1	  27	  33	  14	  50	  70	  30	 417	1597360	1597702	   0	 760	
 693	 693	  30	   3	 610	   3	   2	  27	  33	  15	  50	  70	  30	 478	1599476	1600086	   0	 760	
 694	 694	  50	   1	 426	   1	   1	  28	  33	  15	  50	  70	  30	 650	1602043	1602469	   0	 770	
 695	 695	  70	   2	 546	   2	   1	  28	  34	  15	  50	  70	  30	 492	1604259	1604805	   0	 760	
 696	 696	  30	   4	 735	   3	   2	  28	  34	  16	  50	  70	  30	 619	1606726	1607461	   0	 760	
 697	 697	  50	   2	 367	   1	   1	  29	  34	  16	  50	  70	  30	 359	1609126	1609493	   0	 750	
 698	 698	  30	   4	 688	   3	   2	  29	  34	  17	  50	  70	  30	 310	1611109	1611797	   0	 750	
 699	 699	  50	   1	 422	   1	   1	  30	  34	  17	  50	  70	  30	 636	1613743	1614165	   0	 760	
 700	 700	  30	   4	 558	   3	   2	  30	  34	  18	  50	  70	  30	 495	1615959	1616517	   0	 760	
 701	 701	  70	   1	 552	   2	   1	  30	  35	  18	  50	  70	  30	 681	1618509	1619061	   0	 770	
 702	 702	  30	   3	 561	   3	   2	  30	  35	  19	  50	  70	  30	 319	1620692	1621253	   0	 770	
 703	 703	  50	   2	 396	   1	   1	  31	  35	  19	  50	  70	  30	 659	1623209	1623605	   0	 760	
 704	 704	  30	   3	 573	   3	   2	  31	  35	  20	  50	  70	  30	 688	1625592	1626165	   0	 760	
 705	 705	  50	   2	 371	   1	   1	  32	  35	  20	  50	  70	  30	 376	1627842	1628213	   0	 750	
 706	 706	  70	   3	 646	   2	   2	  32	   1	  20	  50	  70	  30	 647	1630159	1630805	   0	 750	
 707	 707	  50	   3	 662	   1	   2	  33	   1	  20	  50	  70	  30	 467	1632575	1633237	   0	 750	
 708	 708	  30	   3	 538	   3	   2	  33	   1	  21	  50	  70	  30	 320	1634859	1635397	   0	 750	
 709	 709	  50	   2	 407	   1	   1	   1	   1	  21	  50	  70	  30	 640	1637342	1637749	   0	 740	
