Version: 1	Number of symbols: 3	Pictures exchange: true	Response Deadline: 2000
Trial_No	Virt_Trial_No	Prob_Shown	Feedback	RT	Stimulus_No	Resp	SymbolA_Stage	SymbolB_Stage	SymbolC_Stage	Prob_A	Prob_B	Prob_C	Jitter	StimOnset	RespOnset	Symbol_Changes	Bonus_sum
NaN	   1	  30	NaN	NaN	   1	   3	   0	   0	   0	  30	  70	  50	 382	   0	NaN	   0	   0	
NaN	   2	  50	NaN	NaN	   3	   3	   0	   0	   0	  30	  70	  50	 573	   0	NaN	   0	   0	
   1	   3	  30	   2	1111	   1	   1	   1	   0	   0	  30	  70	  50	 411	9019	10130	   0	 -10	
   2	   4	  50	   2	 642	   3	   1	   1	   0	   1	  30	  70	  50	 506	11936	12578	   0	 -20	
   3	   5	  70	   1	 623	   2	   1	   1	   1	   1	  30	  70	  50	 497	14387	15010	   0	 -10	
   4	   6	  30	   4	 565	   1	   2	   2	   1	   1	  30	  70	  50	 699	17021	17586	   0	 -10	
   5	   7	  50	   1	 652	   3	   1	   2	   1	   2	  30	  70	  50	 323	19222	19874	   0	   0	
   6	   8	  70	   1	 578	   2	   1	   2	   2	   2	  30	  70	  50	 669	21856	22434	   0	  10	
   7	   9	  50	   2	 802	   3	   1	   2	   2	   3	  30	  70	  50	 527	24256	25058	   0	   0	
   8	  10	  30	   4	 782	   1	   2	   3	   2	   3	  30	  70	  50	 356	26724	27506	   0	   0	
   9	  11	  50	   2	 908	   3	   1	   3	   2	   4	  30	  70	  50	 308	29125	30033	   0	 -10	
  10	  12	  70	   1	 549	   2	   1	   3	   3	   4	  30	  70	  50	 388	31725	32274	   0	   0	
  11	  13	  50	   3	 543	   3	   2	   3	   3	   5	  30	  70	  50	 625	34226	34769	   0	   0	
  12	  14	  70	   2	 925	   2	   1	   3	   4	   5	  30	  70	  50	 575	36644	37569	   0	 -10	
  13	  15	  50	   4	1184	   3	   2	   3	   4	   6	  30	  70	  50	 492	39361	40545	   0	 -10	
  14	  16	  30	   3	 793	   1	   2	   4	   4	   6	  30	  70	  50	 462	42312	43105	   0	 -10	
  15	  17	  70	   2	 633	   2	   1	   4	   5	   6	  30	  70	  50	 695	45096	45729	   0	 -20	
  16	  18	  50	   3	 862	   3	   2	   4	   5	   7	  30	  70	  50	 322	47363	48225	   0	 -20	
  17	  19	  70	   1	 590	   2	   1	   4	   6	   7	  30	  70	  50	 600	50131	50721	   0	 -10	
  18	  20	  30	   3	 740	   1	   2	   5	   6	   7	  30	  70	  50	 338	52365	53105	   0	 -10	
  19	  21	  50	   3	 947	   3	   2	   5	   6	   8	  30	  70	  50	 369	54782	55729	   0	 -10	
  20	  22	  30	   4	1150	   1	   2	   6	   6	   8	  30	  70	  50	 651	57683	58833	   0	 -10	
  21	  23	  50	   2	 556	   3	   1	   6	   6	   9	  30	  70	  50	 331	60501	61057	   0	 -20	
  22	  24	  30	   4	 739	   1	   2	   7	   6	   9	  30	  70	  50	 357	62718	63457	   0	 -20	
  23	  25	  70	   1	 551	   2	   1	   7	   7	   9	  30	  70	  50	 635	65402	65953	   0	 -10	
  24	  26	  50	   3	 766	   3	   2	   7	   7	  10	  30	  70	  50	 335	67603	68369	   0	 -10	
  25	  27	  30	   4	 784	   1	   2	   8	   7	  10	  30	  70	  50	 655	70337	71121	   0	 -10	
  26	  28	  50	   1	 619	   3	   1	   8	   7	  11	  30	  70	  50	 407	72838	73457	   0	   0	
  27	  29	  70	   1	 530	   2	   1	   8	   8	  11	  30	  70	  50	 687	75455	75985	   0	  10	
  28	  30	  50	   2	1010	   3	   1	   8	   8	  12	  30	  70	  50	 551	77839	78849	   0	   0	
  29	  31	  70	   1	 537	   2	   1	   8	   9	  12	  30	  70	  50	 686	80840	81377	   0	  10	
  30	  32	  50	   1	 943	   3	   1	   8	   9	  13	  30	  70	  50	 392	83074	84017	   0	  20	
  31	  33	  30	   4	 879	   1	   2	   9	   9	  13	  30	  70	  50	 502	85842	86721	   0	  20	
  32	  34	  70	   2	 875	   2	   1	   9	  10	  13	  30	  70	  50	 326	88342	89217	   0	  10	
  33	  35	  30	   3	 753	   1	   2	  10	  10	  13	  30	  70	  50	 440	90960	91713	   0	  10	
  34	  36	  70	   1	 748	   2	   1	  10	  11	  13	  30	  70	  50	 461	93477	94225	   0	  20	
  35	  37	  50	   1	 757	   3	   1	  10	  11	  14	  30	  70	  50	 483	96028	96785	   0	  30	
  36	  38	  30	   4	 897	   1	   2	  11	  11	  14	  30	  70	  50	 416	98512	99409	   0	  30	
  37	  39	  70	   2	 538	   2	   1	  11	  12	  14	  30	  70	  50	 362	101063	101601	   0	  20	
  38	  40	  30	   3	 891	   1	   2	  12	  12	  14	  30	  70	  50	 499	103414	104305	   0	  20	
  39	  41	  50	   2	 647	   3	   1	  12	  12	  15	  30	  70	  50	 681	106298	106945	   0	  10	
  40	  42	  70	   1	 660	   2	   1	  12	  13	  15	  30	  70	  50	 498	108749	109409	   0	  20	
  41	  43	  30	   4	 939	   1	   2	  13	  13	  15	  30	  70	  50	 646	111366	112305	   0	  20	
  42	  44	  70	   1	 841	   2	   1	  13	  14	  15	  30	  70	  50	 567	114183	115024	   0	  30	
  43	  45	  50	   1	1038	   3	   1	  13	  14	  16	  30	  70	  50	 498	116834	117872	   0	  40	
  44	  46	  30	   4	 819	   1	   2	  14	  14	  16	  30	  70	  50	 306	119485	120304	   0	  40	
  45	  47	  70	   1	 817	   2	   1	  14	  15	  16	  30	  70	  50	 311	121919	122736	   0	  50	
  46	  48	  30	   4	 794	   1	   2	  15	  15	  16	  30	  70	  50	 415	124470	125264	   0	  50	
  47	  49	  70	   2	 669	   2	   1	  15	  16	  16	  30	  70	  50	 621	127187	127856	   0	  40	
  48	  50	  30	   3	1399	   1	   2	  16	  16	  16	  30	  70	  50	 540	129705	131104	   0	  40	
  49	  51	  70	   1	 781	   2	   1	  16	  17	  16	  30	  70	  50	 319	132739	133520	   0	  50	
  50	  52	  30	   2	 696	   1	   1	  17	  17	  16	  30	  70	  50	 406	135240	135936	   0	  40	
  51	  53	  70	   1	 808	   2	   1	  17	  18	  16	  30	  70	  50	 371	137624	138432	   0	  50	
  52	  54	  30	   2	 764	   1	   1	  18	  18	  16	  30	  70	  50	 575	140308	141072	   0	  40	
  53	  55	  70	   2	 659	   2	   1	  18	  19	  16	  30	  70	  50	 522	142909	143568	   0	  30	
  54	  56	  50	   2	 955	   3	   1	  18	  19	  17	  30	  70	  50	 621	145493	146448	   0	  20	
  55	  57	  30	   3	 916	   1	   2	  19	  19	  17	  30	  70	  50	 307	148060	148976	   0	  20	
  56	  58	  70	   1	 638	   2	   1	  19	  20	  17	  30	  70	  50	 681	150978	151616	   0	  30	
  57	  59	  50	   2	1514	   3	   1	  19	  20	  18	  30	  70	  50	 541	153462	154976	   0	  20	
  58	  60	  30	   4	1182	   1	   2	  20	  20	  18	  30	  70	  50	 632	156930	158112	   0	  20	
  59	  61	  50	   1	1328	   3	   1	  20	  20	  19	  30	  70	  50	 643	160064	161392	   0	  30	
  60	  62	  70	   1	 691	   2	   1	  20	  21	  19	  30	  70	  50	 470	163165	163856	   0	  40	
  61	  63	  50	   2	 808	   3	   1	  20	  21	  20	  30	  70	  50	 636	165816	166624	   0	  30	
  62	  64	  70	   2	 766	   2	   1	  20	  22	  20	  30	  70	  50	 537	168466	169232	   0	  20	
  63	  65	  50	   2	 833	   3	   1	  20	  22	  21	  30	  70	  50	 618	171167	172000	   0	  10	
  64	  66	  30	   4	1033	   1	   2	  21	  22	  21	  30	  70	  50	 422	173735	174768	   0	  10	
  65	  67	  70	   1	 680	   2	   1	  21	  23	  21	  30	  70	  50	 451	176536	177216	   0	  20	
  66	  68	  30	   3	 774	   1	   2	  22	  23	  21	  30	  70	  50	 469	178986	179760	   0	  20	
  67	  69	  50	   3	 693	   3	   2	  22	  23	  22	  30	  70	  50	 316	181387	182080	   0	  20	
  68	  70	  70	   1	1624	   2	   1	  22	  24	  22	  30	  70	  50	 300	183688	185312	   0	  30	
  69	  71	  50	   4	 799	   3	   2	  22	  24	  23	  30	  70	  50	 497	187105	187904	   0	  30	
  70	  72	  70	   1	 869	   2	   1	  22	  25	  23	  30	  70	  50	 500	189723	190592	   0	  40	
  71	  73	  50	   4	 683	   3	   2	  22	  25	  24	  30	  70	  50	 438	192357	193040	   0	  40	
  72	  74	  70	   2	 712	   2	   1	  22	  26	  24	  30	  70	  50	 450	194808	195520	   0	  30	
  73	  75	  50	   1	1296	   3	   1	  22	  26	  25	  30	  70	  50	 575	197392	198688	   0	  40	
  74	  76	  70	   1	 790	   2	   1	  22	  27	  25	  30	  70	  50	 399	200393	201183	   0	  50	
  75	  77	  50	   2	 812	   3	   1	  22	  27	  26	  30	  70	  50	 531	203027	203839	   0	  40	
  76	  78	  70	   1	 647	   2	   1	  22	  28	  26	  30	  70	  50	 409	205544	206191	   0	  50	
  77	  79	  50	   1	 771	   3	   1	  22	  28	  27	  30	  70	  50	 501	208012	208783	   0	  60	
  78	  80	  30	   4	 711	   1	   2	  23	  28	  27	  30	  70	  50	 602	210696	211407	   0	  60	
  79	  81	  70	   2	 689	   2	   1	  23	  29	  27	  30	  70	  50	 529	213230	213919	   0	  50	
  80	  82	  30	   4	 807	   1	   2	  24	  29	  27	  30	  70	  50	 635	215864	216671	   0	  50	
  81	  83	  50	   1	 850	   3	   1	  24	  29	  28	  30	  70	  50	 388	218381	219231	   0	  60	
  82	  84	  30	   4	 698	   1	   2	  25	  29	  28	  30	  70	  50	 414	220949	221647	   0	  60	
  83	  85	  70	   1	 713	   2	   1	  25	  30	  28	  30	  70	  50	 402	223366	224079	   0	  70	
  84	  86	  50	   4	 655	   3	   2	  25	  30	  29	  30	  70	  50	 601	225984	226639	   0	  70	
  85	  87	  70	   1	 689	   2	   1	  25	  31	  29	  30	  70	  50	 378	228318	229007	   0	  80	
  86	  88	  50	   3	 650	   3	   2	  25	  31	  30	  30	  70	  50	 575	230885	231535	   0	  80	
  87	  89	  30	   3	 624	   1	   2	  26	  31	  30	  30	  70	  50	 662	233503	234127	   0	  80	
  88	  90	  70	   2	 954	   2	   1	  26	  32	  30	  30	  70	  50	 630	236053	237007	   0	  70	
  89	  91	  30	   2	1155	   3	   1	  26	  32	   1	  30	  70	  30	 666	238988	240143	   3	  60	
  90	  92	  70	   1	 716	   2	   1	  26	  33	   1	  30	  70	  30	 512	241955	242671	   0	  70	
  91	  93	  30	   4	 692	   1	   2	  27	  33	   1	  30	  70	  30	 515	244523	245215	   0	  70	
  92	  94	  30	   1	 655	   3	   1	  27	  33	   2	  30	  70	  30	 527	247040	247695	   0	  80	
  93	  95	  30	   4	 689	   1	   2	  28	  33	   2	  30	  70	  30	 378	249374	250063	   0	  80	
  94	  96	  20	   2	1242	   2	   1	  28	   1	   2	  30	  20	  30	 532	251925	253167	   2	  70	
  95	  97	  30	   3	 801	   1	   2	  29	   1	   2	  30	  20	  30	 478	254942	255743	   0	  70	
  96	  98	  30	   2	 640	   3	   1	  29	   1	   3	  30	  20	  30	 681	257743	258383	   0	  60	
  97	  99	  30	   4	1206	   1	   2	  30	   1	   3	  30	  20	  30	 683	260377	261583	   0	  60	
  98	 100	  30	   4	 779	   3	   2	  30	   1	   4	  30	  20	  30	 521	263412	264191	   0	  60	
  99	 101	  20	   4	1120	   2	   2	  30	   2	   4	  30	  20	  30	 589	266079	267199	   0	  60	
 100	 102	  30	   4	 570	   1	   2	  31	   2	   4	  30	  20	  30	 482	268997	269567	   0	  60	
 101	 103	  20	   3	 753	   2	   2	  31	   3	   4	  30	  20	  30	 319	271214	271967	   0	  60	
 102	 104	  30	   4	 772	   3	   2	  31	   3	   5	  30	  20	  30	 657	273931	274703	   0	  60	
 103	 105	  20	   4	1305	   2	   2	  31	   4	   5	  30	  20	  30	 568	276582	277887	   0	  60	
 104	 106	  30	   3	 686	   3	   2	  31	   4	   6	  30	  20	  30	 431	279633	280319	   0	  60	
 105	 107	  20	   4	 621	   2	   2	  31	   5	   6	  30	  20	  30	 411	282034	282655	   0	  60	
 106	 108	  30	   4	 531	   3	   2	  31	   5	   7	  30	  20	  30	 695	284651	285182	   0	  60	
 107	 109	  20	   3	 639	   2	   2	  31	   6	   7	  30	  20	  30	 624	287119	287758	   0	  60	
 108	 110	  30	   3	 624	   1	   2	  32	   6	   7	  30	  20	  30	 420	289486	290110	   0	  60	
 109	 111	  30	   4	 671	   3	   2	  32	   6	   8	  30	  20	  30	 466	291887	292558	   0	  60	
 110	 112	  20	   4	 724	   2	   2	  32	   7	   8	  30	  20	  30	 693	294554	295278	   0	  60	
 111	 113	  30	   4	 824	   3	   2	  32	   7	   9	  30	  20	  30	 634	297238	298062	   0	  60	
 112	 114	  30	   4	 674	   1	   2	  33	   7	   9	  30	  20	  30	 396	299756	300430	   0	  60	
 113	 115	  30	   3	 601	   3	   2	  33	   7	  10	  30	  20	  30	 627	302357	302958	   0	  60	
 114	 116	  30	   4	 615	   1	   2	  34	   7	  10	  30	  20	  30	 516	304791	305406	   0	  60	
 115	 117	  30	   3	 499	   3	   2	  34	   7	  11	  30	  20	  30	 551	307275	307774	   0	  60	
 116	 118	  30	   4	 546	   1	   2	  35	   7	  11	  30	  20	  30	 605	309692	310238	   0	  60	
 117	 119	  30	   4	 575	   3	   2	  35	   7	  12	  30	  20	  30	 600	312143	312718	   0	  60	
 118	 120	  20	   4	1040	   2	   2	  35	   8	  12	  30	  20	  30	 467	314494	315534	   0	  60	
 119	 121	  80	   1	 956	   1	   1	   1	   8	  12	  80	  20	  30	 536	317378	318334	   1	  70	
 120	 122	  30	   4	 689	   3	   2	   1	   8	  13	  80	  20	  30	 398	320045	320734	   0	  70	
 121	 123	  80	   1	 563	   1	   1	   2	   8	  13	  80	  20	  30	 326	322379	322942	   0	  80	
 122	 124	  30	   4	 582	   3	   2	   2	   8	  14	  80	  20	  30	 431	324680	325262	   0	  80	
 123	 125	  80	   2	 589	   1	   1	   3	   8	  14	  80	  20	  30	 313	326881	327470	   0	  70	
 124	 126	  30	   3	 593	   3	   2	   3	   8	  15	  80	  20	  30	 410	329181	329774	   0	  70	
 125	 127	  80	   1	 501	   1	   1	   4	   8	  15	  80	  20	  30	 389	331465	331966	   0	  80	
 126	 128	  30	   4	 633	   3	   2	   4	   8	  16	  80	  20	  30	 459	333733	334366	   0	  80	
 127	 129	  20	   4	 601	   2	   2	   4	   9	  16	  80	  20	  30	 454	336133	336734	   0	  80	
 128	 130	  80	   1	 737	   1	   1	   5	   9	  16	  80	  20	  30	 660	338701	339438	   0	  90	
 129	 131	  30	   4	 579	   3	   2	   5	   9	  17	  80	  20	  30	 697	341435	342014	   0	  90	
 130	 132	  80	   2	 539	   1	   1	   6	   9	  17	  80	  20	  30	 311	343619	344158	   0	  80	
 131	 133	  30	   4	 561	   3	   2	   6	   9	  18	  80	  20	  30	 366	345853	346414	   0	  80	
 132	 134	  80	   1	 548	   1	   1	   7	   9	  18	  80	  20	  30	 434	348154	348702	   0	  90	
 133	 135	  20	   4	 710	   2	   2	   7	  10	  18	  80	  20	  30	 483	350504	351214	   0	  90	
 134	 136	  80	   1	 479	   1	   1	   8	  10	  18	  80	  20	  30	 529	353039	353518	   0	 100	
 135	 137	  20	   3	 648	   2	   2	   8	  11	  18	  80	  20	  30	 388	355206	355854	   0	 100	
 136	 138	  80	   1	 405	   1	   1	   9	  11	  18	  80	  20	  30	 485	357657	358062	   0	 110	
 137	 139	  20	   2	 687	   2	   1	   9	  12	  18	  80	  20	  30	 416	359791	360478	   0	 100	
 138	 140	  30	   3	 674	   3	   2	   9	  12	  19	  80	  20	  30	 310	362091	362765	   0	 100	
 139	 141	  80	   1	 510	   1	   1	  10	  12	  19	  80	  20	  30	 484	364559	365069	   0	 110	
 140	 142	  30	   4	 642	   3	   2	  10	  12	  20	  80	  20	  30	 477	366843	367485	   0	 110	
 141	 143	  20	   4	 728	   2	   2	  10	  13	  20	  80	  20	  30	 687	369493	370221	   0	 110	
 142	 144	  80	   2	 569	   1	   1	  11	  13	  20	  80	  20	  30	 323	371844	372413	   0	 100	
 143	 145	  30	   3	 575	   3	   2	  11	  13	  21	  80	  20	  30	 351	374078	374653	   0	 100	
 144	 146	  20	   4	 685	   2	   2	  11	  14	  21	  80	  20	  30	 552	376512	377197	   0	 100	
 145	 147	  30	   4	 641	   3	   2	  11	  14	  22	  80	  20	  30	 680	379180	379821	   0	 100	
 146	 148	  20	   4	 599	   2	   2	  11	  15	  22	  80	  20	  30	 682	381814	382413	   0	 100	
 147	 149	  80	   1	 512	   1	   1	  12	  15	  22	  80	  20	  30	 634	384365	384877	   0	 110	
 148	 150	  20	   4	 625	   2	   2	  12	  16	  22	  80	  20	  30	 556	386732	387357	   0	 110	
 149	 151	  80	   1	 504	   1	   1	  13	  16	  22	  80	  20	  30	 666	389333	389837	   0	 120	
 150	 152	  20	   4	 775	   2	   2	  13	  17	  22	  80	  20	  30	 581	391734	392509	   0	 120	
 151	 153	  30	   4	 619	   3	   2	  13	  17	  23	  80	  20	  30	 604	394434	395053	   0	 120	
 152	 154	  20	   3	 602	   2	   2	  13	  18	  23	  80	  20	  30	 480	396835	397437	   0	 120	
 153	 155	  80	   1	 555	   1	   1	  14	  18	  23	  80	  20	  30	 458	399202	399757	   0	 130	
 154	 156	  30	   4	 581	   3	   2	  14	  18	  24	  80	  20	  30	 655	401720	402301	   0	 130	
 155	 157	  80	   1	 466	   1	   1	  15	  18	  24	  80	  20	  30	 574	404187	404653	   0	 140	
 156	 158	  20	   4	 586	   2	   2	  15	  19	  24	  80	  20	  30	 400	406371	406957	   0	 140	
 157	 159	  30	   4	 572	   3	   2	  15	  19	  25	  80	  20	  30	 444	408705	409277	   0	 140	
 158	 160	  80	   1	 471	   1	   1	  16	  19	  25	  80	  20	  30	 624	411206	411677	   0	 150	
 159	 161	  20	   4	 544	   2	   2	  16	  20	  25	  80	  20	  30	 386	413373	413917	   0	 150	
 160	 162	  30	   4	 549	   3	   2	  16	  20	  26	  80	  20	  30	 411	415624	416173	   0	 150	
 161	 163	  80	   1	 513	   1	   1	  17	  20	  26	  80	  20	  30	 603	418108	418621	   0	 160	
 162	 164	  30	   3	 630	   3	   2	  17	  20	  27	  80	  20	  30	 451	420375	421005	   0	 160	
 163	 165	  20	   4	 573	   2	   2	  17	  21	  27	  80	  20	  30	 663	422960	423533	   0	 160	
 164	 166	  30	   4	 567	   3	   2	  17	  21	  28	  80	  20	  30	 661	425494	426061	   0	 160	
 165	 167	  80	   2	 531	   1	   1	  18	  21	  28	  80	  20	  30	 624	427994	428525	   0	 150	
 166	 168	  30	   4	 534	   3	   2	  18	  21	  29	  80	  20	  30	 452	430295	430829	   0	 150	
 167	 169	  20	   4	 624	   2	   2	  18	  22	  29	  80	  20	  30	 695	432829	433453	   0	 150	
 168	 170	  30	   3	 638	   3	   2	  18	  22	  30	  80	  20	  30	 494	435247	435885	   0	 150	
 169	 171	  80	   1	 485	   1	   1	  19	  22	  30	  80	  20	  30	 665	437864	438349	   0	 160	
 170	 172	  30	   4	 466	   3	   2	  19	  22	  31	  80	  20	  30	 648	440315	440781	   0	 160	
 171	 173	  20	   3	 516	   2	   2	  19	  23	  31	  80	  20	  30	 556	442665	443181	   0	 160	
 172	 174	  80	   1	 473	   1	   1	  20	  23	  31	  80	  20	  30	 418	444916	445389	   0	 170	
 173	 175	  30	   4	 544	   3	   2	  20	  23	  32	  80	  20	  30	 433	447133	447677	   0	 170	
 174	 176	  80	   1	 576	   1	   1	  21	  23	  32	  80	  20	  30	 494	449468	450044	   0	 180	
 175	 177	  30	   4	 536	   3	   2	  21	  23	  33	  80	  20	  30	 700	452052	452588	   0	 180	
 176	 178	  80	   1	 452	   1	   1	  22	  23	  33	  80	  20	  30	 663	454552	455004	   0	 190	
 177	 179	  30	   3	 542	   3	   2	  22	  23	  34	  80	  20	  30	 357	456670	457212	   0	 190	
 178	 180	  20	   4	 622	   2	   2	  22	  24	  34	  80	  20	  30	 547	459054	459676	   0	 190	
 179	 181	  30	   4	 618	   3	   2	  22	  24	  35	  80	  20	  30	 560	461538	462156	   0	 190	
 180	 182	  20	   3	 654	   2	   2	  22	  25	  35	  80	  20	  30	 363	463822	464476	   0	 190	
 181	 183	  80	   2	 469	   1	   1	  23	  25	  35	  80	  20	  30	 640	466439	466908	   0	 180	
 182	 184	  70	   1	1067	   3	   1	  23	  25	   1	  80	  20	  70	 455	468673	469740	   3	 190	
 183	 185	  20	   4	 600	   2	   2	  23	  26	   1	  80	  20	  70	 469	471524	472124	   0	 190	
 184	 186	  70	   2	 754	   3	   1	  23	  26	   2	  80	  20	  70	 606	474042	474796	   0	 180	
 185	 187	  20	   4	 697	   2	   2	  23	  27	   2	  80	  20	  70	 552	476659	477356	   0	 180	
 186	 188	  70	   1	 677	   3	   1	  23	  27	   3	  80	  20	  70	 470	479143	479820	   0	 190	
 187	 189	  20	   4	 888	   2	   2	  23	  28	   3	  80	  20	  70	 327	481444	482332	   0	 190	
 188	 190	  80	   1	 581	   1	   1	  24	  28	   3	  80	  20	  70	 654	484295	484876	   0	 200	
 189	 191	  70	   2	 717	   3	   1	  24	  28	   4	  80	  20	  70	 686	486879	487596	   0	 190	
 190	 192	  80	   2	 680	   1	   1	  25	  28	   4	  80	  20	  70	 478	489380	490060	   0	 180	
 191	 193	  20	   4	 531	   2	   2	  25	  29	   4	  80	  20	  70	 501	491897	492428	   0	 180	
 192	 194	  70	   3	 611	   3	   2	  25	  29	   5	  80	  20	  70	 533	494281	494892	   0	 180	
 193	 195	  20	   4	 670	   2	   2	  25	  30	   5	  80	  20	  70	 612	496798	497468	   0	 180	
 194	 196	  70	   1	 509	   3	   1	  25	  30	   6	  80	  20	  70	 430	499199	499708	   0	 190	
 195	 197	  80	   1	 896	   1	   1	  26	  30	   6	  80	  20	  70	 508	501516	502412	   0	 200	
 196	 198	  50	   1	1098	   2	   1	  26	   1	   6	  80	  50	  70	 300	504034	505132	   2	 210	
 197	 199	  70	   1	 987	   3	   1	  26	   1	   7	  80	  50	  70	 346	506785	507772	   0	 220	
 198	 200	  50	   2	 600	   2	   1	  26	   2	   7	  80	  50	  70	 574	509652	510252	   0	 210	
 199	 201	  80	   1	1029	   1	   1	  27	   2	   7	  80	  50	  70	 543	512103	513132	   0	 220	
 200	 202	  70	   2	 824	   3	   1	  27	   2	   8	  80	  50	  70	 394	514820	515644	   0	 210	
 201	 203	  50	   1	 765	   2	   1	  27	   3	   8	  80	  50	  70	 502	517471	518236	   0	 220	
 202	 204	  70	   1	1591	   3	   1	  27	   3	   9	  80	  50	  70	 452	520005	521596	   0	 230	
 203	 205	  50	   2	 898	   2	   1	  27	   4	   9	  80	  50	  70	 402	523306	524204	   0	 220	
 204	 206	  70	   1	 718	   3	   1	  27	   4	  10	  80	  50	  70	 649	526174	526892	   0	 230	
 205	 207	  50	   4	 691	   2	   2	  27	   5	  10	  80	  50	  70	 619	528825	529516	   0	 230	
 206	 208	  80	   1	 774	   1	   1	  28	   5	  10	  80	  50	  70	 688	531509	532283	   0	 240	
 207	 209	  50	   1	 853	   2	   1	  28	   6	  10	  80	  50	  70	 342	533926	534779	   0	 250	
 208	 210	  80	   1	 753	   1	   1	  29	   6	  10	  80	  50	  70	 328	536410	537163	   0	 260	
 209	 211	  70	   2	 520	   3	   1	  29	   6	  11	  80	  50	  70	 543	539011	539531	   0	 250	
 210	 212	  50	   1	 703	   2	   1	  29	   7	  11	  80	  50	  70	 393	541228	541931	   0	 260	
 211	 213	  80	   1	 684	   1	   1	  30	   7	  11	  80	  50	  70	 422	543679	544363	   0	 270	
 212	 214	  70	   2	 463	   3	   1	  30	   7	  12	  80	  50	  70	 699	546380	546843	   0	 260	
 213	 215	  80	   1	 732	   1	   1	  31	   7	  12	  80	  50	  70	 303	548447	549179	   0	 270	
 214	 216	  70	   3	 734	   3	   2	  31	   7	  13	  80	  50	  70	 676	551165	551899	   0	 270	
 215	 217	  50	   2	 750	   2	   1	  31	   8	  13	  80	  50	  70	 357	553565	554315	   0	 260	
 216	 218	  80	   1	 603	   1	   1	  32	   8	  13	  80	  50	  70	 394	556016	556619	   0	 270	
 217	 219	  50	   2	 762	   2	   1	  32	   9	  13	  80	  50	  70	 485	558417	559179	   0	 260	
 218	 220	  80	   1	 759	   1	   1	  33	   9	  13	  80	  50	  70	 412	560884	561643	   0	 270	
 219	 221	  70	   1	1097	   3	   1	  33	   9	  14	  80	  50	  70	 678	563618	564715	   0	 280	
 220	 222	  50	   3	 454	   2	   2	  33	  10	  14	  80	  50	  70	 432	566453	566907	   0	 280	
 221	 223	  70	   1	 631	   3	   1	  33	  10	  15	  80	  50	  70	 597	568820	569451	   0	 290	
 222	 224	  20	   4	1178	   1	   2	   1	  10	  15	  20	  50	  70	 336	571121	572299	   1	 290	
 223	 225	  50	   2	 869	   2	   1	   1	  11	  15	  20	  50	  70	 444	574038	574907	   0	 280	
 224	 226	  70	   1	 635	   3	   1	   1	  11	  16	  20	  50	  70	 461	576672	577307	   0	 290	
 225	 227	  20	   4	 703	   1	   2	   2	  11	  16	  20	  50	  70	 329	578940	579643	   0	 290	
 226	 228	  70	   2	 679	   3	   1	   2	  11	  17	  20	  50	  70	 567	581524	582203	   0	 280	
 227	 229	  20	   4	 972	   1	   2	   3	  11	  17	  20	  50	  70	 697	584191	585163	   0	 280	
 228	 230	  50	   1	 944	   2	   1	   3	  12	  17	  20	  50	  70	 383	586859	587803	   0	 290	
 229	 231	  70	   1	 605	   3	   1	   3	  12	  18	  20	  50	  70	 624	589726	590331	   0	 300	
 230	 232	  50	   2	 669	   2	   1	   3	  13	  18	  20	  50	  70	 478	592110	592779	   0	 290	
 231	 233	  70	   1	 586	   3	   1	   3	  13	  19	  20	  50	  70	 456	594561	595147	   0	 300	
 232	 234	  20	   3	 674	   1	   2	   4	  13	  19	  20	  50	  70	 667	597129	597803	   0	 300	
 233	 235	  70	   1	 509	   3	   1	   4	  13	  20	  20	  50	  70	 545	599646	600155	   0	 310	
 234	 236	  20	   4	 730	   1	   2	   5	  13	  20	  20	  50	  70	 634	602097	602827	   0	 310	
 235	 237	  50	   2	 708	   2	   1	   5	  14	  20	  20	  50	  70	 516	604647	605355	   0	 300	
 236	 238	  70	   2	 573	   3	   1	   5	  14	  21	  20	  50	  70	 547	607198	607771	   0	 290	
 237	 239	  50	   3	 484	   2	   2	   5	  15	  21	  20	  50	  70	 328	609399	609883	   0	 290	
 238	 240	  70	   1	 634	   3	   1	   5	  15	  22	  20	  50	  70	 401	611600	612234	   0	 300	
 239	 241	  50	   3	 581	   2	   2	   5	  16	  22	  20	  50	  70	 577	614117	614698	   0	 300	
 240	 242	  20	   4	 648	   1	   2	   6	  16	  22	  20	  50	  70	 401	616418	617066	   0	 300	
 241	 243	  50	   2	 680	   2	   1	   6	  17	  22	  20	  50	  70	 405	618802	619482	   0	 290	
 242	 244	  20	   3	 660	   1	   2	   7	  17	  22	  20	  50	  70	 501	621302	621962	   0	 290	
 243	 245	  70	   1	 532	   3	   1	   7	  17	  23	  20	  50	  70	 414	623670	624202	   0	 300	
 244	 246	  50	   1	 571	   2	   1	   7	  18	  23	  20	  50	  70	 374	625887	626458	   0	 310	
 245	 247	  20	   4	 576	   1	   2	   8	  18	  23	  20	  50	  70	 373	628138	628714	   0	 310	
 246	 248	  50	   2	 541	   2	   1	   8	  19	  23	  20	  50	  70	 588	630605	631146	   0	 300	
 247	 249	  70	   1	 896	   3	   1	   8	  19	  24	  20	  50	  70	 455	632906	633802	   0	 310	
 248	 250	  20	   4	 638	   1	   2	   9	  19	  24	  20	  50	  70	 641	635740	636378	   0	 310	
 249	 251	  70	   1	 791	   3	   1	   9	  19	  25	  20	  50	  70	 601	638291	639082	   0	 320	
 250	 252	  50	   1	 576	   2	   1	   9	  20	  25	  20	  50	  70	 452	640842	641418	   0	 330	
 251	 253	  20	   4	 632	   1	   2	  10	  20	  25	  20	  50	  70	 309	643042	643674	   0	 330	
 252	 254	  70	   2	 652	   3	   1	  10	  20	  26	  20	  50	  70	 344	645326	645978	   0	 320	
 253	 255	  50	   1	 602	   2	   1	  10	  21	  26	  20	  50	  70	 455	647744	648346	   0	 330	
 254	 256	  70	   1	 707	   3	   1	  10	  21	  27	  20	  50	  70	 657	650311	651018	   0	 340	
 255	 257	  50	   2	 720	   2	   1	  10	  22	  27	  20	  50	  70	 435	652762	653482	   0	 330	
 256	 258	  70	   1	 641	   3	   1	  10	  22	  28	  20	  50	  70	 335	655129	655770	   0	 340	
 257	 259	  50	   2	 659	   2	   1	  10	  23	  28	  20	  50	  70	 379	657447	658106	   0	 330	
 258	 260	  70	   2	 475	   3	   1	  10	  23	  29	  20	  50	  70	 626	660031	660506	   0	 320	
 259	 261	  20	   2	 673	   1	   1	  11	  23	  29	  20	  50	  70	 472	662281	662954	   0	 310	
 260	 262	  70	   1	1269	   3	   1	  11	  23	  30	  20	  50	  70	 696	664949	666218	   0	 320	
 261	 263	  50	   2	 659	   2	   1	  11	  24	  30	  20	  50	  70	 617	668167	668826	   0	 310	
 262	 264	  20	   4	 473	   1	   2	  12	  24	  30	  20	  50	  70	 673	670801	671274	   0	 310	
 263	 265	  50	   2	1087	   3	   1	  12	  24	   1	  20	  50	  50	 448	673051	674138	   3	 300	
 264	 266	  50	   3	 898	   2	   2	  12	  25	   1	  20	  50	  50	 312	675752	676650	   0	 300	
 265	 267	  50	   4	 814	   3	   2	  12	  25	   2	  20	  50	  50	 679	678636	679450	   0	 300	
 266	 268	  50	   3	1406	   2	   2	  12	  26	   2	  20	  50	  50	 663	681404	682810	   0	 300	
 267	 269	  20	   4	 691	   1	   2	  13	  26	   2	  20	  50	  50	 359	684471	685162	   0	 300	
 268	 270	  50	   2	 720	   2	   1	  13	  27	   2	  20	  50	  50	 452	686922	687642	   0	 290	
 269	 271	  50	   3	 734	   3	   2	  13	  27	   3	  20	  50	  50	 387	689340	690074	   0	 290	
 270	 272	  50	   1	1167	   2	   1	  13	  28	   3	  20	  50	  50	 329	691707	692874	   0	 300	
 271	 273	  50	   4	 714	   3	   2	  13	  28	   4	  20	  50	  50	 400	694608	695322	   0	 300	
 272	 274	  50	   2	 670	   2	   1	  13	  29	   4	  20	  50	  50	 616	697259	697929	   0	 290	
 273	 275	  20	   3	 902	   1	   2	  14	  29	   4	  20	  50	  50	 618	699859	700761	   0	 290	
 274	 276	  50	   3	1157	   3	   2	  14	  29	   5	  20	  50	  50	 591	702660	703817	   0	 290	
 275	 277	  50	   1	 858	   2	   1	  14	  30	   5	  20	  50	  50	 585	705711	706569	   0	 300	
 276	 278	  20	   4	 726	   1	   2	  15	  30	   5	  20	  50	  50	 318	708195	708921	   0	 300	
 277	 279	  50	   1	 873	   3	   1	  15	  30	   6	  20	  50	  50	 678	710896	711769	   0	 310	
 278	 280	  20	   3	 726	   1	   2	  16	  30	   6	  20	  50	  50	 669	713747	714473	   0	 310	
 279	 281	  50	   2	1139	   3	   1	  16	  30	   7	  20	  50	  50	 423	716198	717337	   0	 300	
 280	 282	  20	   4	 860	   1	   2	  17	  30	   7	  20	  50	  50	 506	719149	720009	   0	 300	
 281	 283	  50	   2	1471	   3	   1	  17	  30	   8	  20	  50	  50	 531	721866	723337	   0	 290	
 282	 284	  50	   1	 841	   2	   1	  17	  31	   8	  20	  50	  50	 561	725200	726041	   0	 300	
 283	 285	  20	   4	 602	   1	   2	  18	  31	   8	  20	  50	  50	 604	727951	728553	   0	 300	
 284	 286	  50	   2	 891	   2	   1	  18	  32	   8	  20	  50	  50	 446	730302	731193	   0	 290	
 285	 287	  20	   4	 636	   1	   2	  19	  32	   8	  20	  50	  50	 560	733053	733689	   0	 290	
 286	 288	  50	   1	 536	   3	   1	  19	  32	   9	  20	  50	  50	 539	735537	736073	   0	 300	
 287	 289	  20	   4	 604	   1	   2	  20	  32	   9	  20	  50	  50	 453	737837	738441	   0	 300	
 288	 290	  50	   1	 771	   3	   1	  20	  32	  10	  20	  50	  50	 682	740438	741209	   0	 310	
 289	 291	  50	   1	 959	   2	   1	  20	  33	  10	  20	  50	  50	 404	742922	743881	   0	 320	
 290	 292	  50	   1	 584	   3	   1	  20	  33	  11	  20	  50	  50	 678	745857	746441	   0	 330	
 291	 293	  20	   2	1043	   2	   1	  20	   1	  11	  20	  20	  50	 593	748374	749417	   2	 320	
 292	 294	  50	   1	1094	   3	   1	  20	   1	  12	  20	  20	  50	 361	751075	752169	   0	 330	
 293	 295	  20	   4	1202	   1	   2	  21	   1	  12	  20	  20	  50	 486	753959	755161	   0	 330	
 294	 296	  20	   4	 865	   2	   2	  21	   2	  12	  20	  20	  50	 303	756776	757641	   0	 330	
 295	 297	  20	   3	 670	   1	   2	  22	   2	  12	  20	  20	  50	 662	759611	760281	   0	 330	
 296	 298	  20	   4	 622	   2	   2	  22	   3	  12	  20	  20	  50	 406	761995	762617	   0	 330	
 297	 299	  20	   4	 643	   1	   2	  23	   3	  12	  20	  20	  50	 346	764262	764905	   0	 330	
 298	 300	  20	   4	 806	   2	   2	  23	   4	  12	  20	  20	  50	 350	766563	767369	   0	 330	
 299	 301	  50	   2	1033	   3	   1	  23	   4	  13	  20	  20	  50	 600	769280	770313	   0	 320	
 300	 302	  20	   3	 507	   2	   2	  23	   5	  13	  20	  20	  50	 386	772014	772521	   0	 320	
 301	 303	  50	   3	 636	   3	   2	  23	   5	  14	  20	  20	  50	 519	774365	775001	   0	 320	
 302	 304	  20	   4	 824	   2	   2	  23	   6	  14	  20	  20	  50	 532	776849	777673	   0	 320	
 303	 305	  20	   4	 588	   1	   2	  24	   6	  14	  20	  20	  50	 553	779533	780121	   0	 320	
 304	 306	  50	   1	 853	   3	   1	  24	   6	  15	  20	  20	  50	 633	782067	782920	   0	 330	
 305	 307	  20	   4	 655	   1	   2	  25	   6	  15	  20	  20	  50	 360	784585	785240	   0	 330	
 306	 308	  50	   2	 783	   3	   1	  25	   6	  16	  20	  20	  50	 430	786969	787752	   0	 320	
 307	 309	  20	   4	 580	   1	   2	  26	   6	  16	  20	  20	  50	 551	789620	790200	   0	 320	
 308	 310	  50	   2	 623	   3	   1	  26	   6	  17	  20	  20	  50	 623	792137	792760	   0	 310	
 309	 311	  20	   4	 852	   1	   2	  27	   6	  17	  20	  20	  50	 326	794388	795240	   0	 310	
 310	 312	  50	   3	 731	   3	   2	  27	   6	  18	  20	  20	  50	 441	796989	797720	   0	 310	
 311	 313	  20	   4	 672	   2	   2	  27	   7	  18	  20	  20	  50	 598	799656	800328	   0	 310	
 312	 314	  50	   2	 556	   3	   1	  27	   7	  19	  20	  20	  50	 501	802140	802696	   0	 300	
 313	 315	  20	   4	 517	   2	   2	  27	   8	  19	  20	  20	  50	 686	804691	805208	   0	 300	
 314	 316	  20	   3	 968	   1	   2	  28	   8	  19	  20	  20	  50	 492	807008	807976	   0	 300	
 315	 317	  20	   3	 922	   2	   2	  28	   9	  19	  20	  20	  50	 438	809726	810648	   0	 300	
 316	 318	  50	   2	 773	   3	   1	  28	   9	  20	  20	  20	  50	 672	812627	813400	   0	 290	
 317	 319	  20	   4	 513	   2	   2	  28	  10	  20	  20	  20	  50	 426	815127	815640	   0	 290	
 318	 320	  20	   4	 779	   1	   2	  29	  10	  20	  20	  20	  50	 329	817261	818040	   0	 290	
 319	 321	  50	   2	 541	   3	   1	  29	  10	  21	  20	  20	  50	 634	819979	820520	   0	 280	
 320	 322	  20	   4	 568	   1	   2	  30	  10	  21	  20	  20	  50	 652	822480	823048	   0	 280	
 321	 323	  50	   1	 520	   3	   1	  30	  10	  22	  20	  20	  50	 507	824880	825400	   0	 290	
 322	 324	  20	   4	 630	   1	   2	  31	  10	  22	  20	  20	  50	 594	827298	827928	   0	 290	
 323	 325	  20	   4	 716	   2	   2	  31	  11	  22	  20	  20	  50	 309	829532	830248	   0	 290	
 324	 326	  20	   2	 556	   1	   1	  32	  11	  22	  20	  20	  50	 351	831916	832472	   0	 280	
 325	 327	  50	   2	 700	   3	   1	  32	  11	  23	  20	  20	  50	 530	834300	835000	   0	 270	
 326	 328	  20	   4	 502	   2	   2	  32	  12	  23	  20	  20	  50	 520	836834	837336	   0	 270	
 327	 329	  50	   1	 783	   3	   1	  32	  12	  24	  20	  20	  50	 359	839001	839784	   0	 280	
 328	 330	  20	   4	 535	   2	   2	  32	  13	  24	  20	  20	  50	 487	841585	842120	   0	 280	
 329	 331	  20	   3	 636	   1	   2	  33	  13	  24	  20	  20	  50	 401	843836	844472	   0	 280	
 330	 332	  20	   4	 927	   2	   2	  33	  14	  24	  20	  20	  50	 378	846153	847080	   0	 280	
 331	 333	  50	   1	 504	   3	   1	  33	  14	  25	  20	  20	  50	 311	848704	849208	   0	 290	
 332	 334	  20	   4	 599	   1	   2	  34	  14	  25	  20	  20	  50	 611	851121	851720	   0	 290	
 333	 335	  20	   4	 538	   2	   2	  34	  15	  25	  20	  20	  50	 395	853422	853960	   0	 290	
 334	 336	  50	   2	1072	   3	   1	  34	  15	  26	  20	  20	  50	 371	855640	856712	   0	 280	
 335	 337	  20	   4	 523	   1	   2	  35	  15	  26	  20	  20	  50	 522	858540	859063	   0	 280	
 336	 338	  20	   4	 485	   2	   2	  35	  16	  26	  20	  20	  50	 322	860691	861176	   0	 280	
 337	 339	  80	   1	1107	   1	   1	   1	  16	  26	  80	  20	  50	 564	863092	864199	   1	 290	
 338	 340	  20	   4	 674	   2	   2	   1	  17	  26	  80	  20	  50	 409	865909	866583	   0	 290	
 339	 341	  80	   1	 816	   1	   1	   2	  17	  26	  80	  20	  50	 463	868343	869159	   0	 300	
 340	 342	  50	   1	1091	   3	   1	   2	  17	  27	  80	  20	  50	 578	871044	872135	   0	 310	
 341	 343	  80	   1	 643	   1	   1	   3	  17	  27	  80	  20	  50	 380	873828	874471	   0	 320	
 342	 344	  20	   3	 574	   2	   2	   3	  18	  27	  80	  20	  50	 562	876329	876903	   0	 320	
 343	 345	  50	   1	 697	   3	   1	   3	  18	  28	  80	  20	  50	 636	878846	879543	   0	 330	
 344	 346	  20	   3	 694	   2	   2	   3	  19	  28	  80	  20	  50	 448	881297	881991	   0	 330	
 345	 347	  80	   1	 605	   1	   1	   4	  19	  28	  80	  20	  50	 606	883898	884503	   0	 340	
 346	 348	  20	   4	 916	   2	   2	   4	  20	  28	  80	  20	  50	 694	886499	887415	   0	 340	
 347	 349	  50	   2	 772	   3	   1	   4	  20	  29	  80	  20	  50	 558	889283	890055	   0	 330	
 348	 350	  80	   2	 536	   1	   1	   5	  20	  29	  80	  20	  50	 606	891967	892503	   0	 320	
 349	 351	  50	   2	 617	   3	   1	   5	  20	  30	  80	  20	  50	 504	894318	894935	   0	 310	
 350	 352	  80	   1	 586	   1	   1	   6	  20	  30	  80	  20	  50	 420	896669	897255	   0	 320	
 351	 353	  50	   2	 476	   3	   1	   6	  20	  31	  80	  20	  50	 420	899003	899479	   0	 310	
 352	 354	  80	   1	 358	   1	   1	   7	  20	  31	  80	  20	  50	 372	901153	901511	   0	 320	
 353	 355	  20	   3	 741	   2	   2	   7	  21	  31	  80	  20	  50	 354	903170	903911	   0	 320	
 354	 356	  80	   1	 582	   1	   1	   8	  21	  31	  80	  20	  50	 697	905905	906487	   0	 330	
 355	 357	  50	   2	 536	   3	   1	   8	  21	  32	  80	  20	  50	 460	908255	908791	   0	 320	
 356	 358	  20	   4	 770	   2	   2	   8	  22	  32	  80	  20	  50	 666	910773	911543	   0	 320	
 357	 359	  50	   1	 666	   3	   1	   8	  22	  33	  80	  20	  50	 511	913357	914023	   0	 330	
 358	 360	  20	   4	 528	   2	   2	   8	  23	  33	  80	  20	  50	 656	915991	916519	   0	 330	
 359	 361	  80	   2	 569	   1	   1	   9	  23	  33	  80	  20	  50	 343	918158	918727	   0	 320	
 360	 362	  20	   4	 850	   2	   2	   9	  24	  33	  80	  20	  50	 671	920709	921559	   0	 320	
 361	 363	  70	   1	 915	   3	   1	   9	  24	   1	  80	  20	  70	 554	923460	924375	   3	 330	
 362	 364	  80	   3	 578	   1	   2	  10	  24	   1	  80	  20	  70	 594	926277	926855	   0	 330	
 363	 365	  70	   2	 859	   3	   1	  10	  24	   2	  80	  20	  70	 665	928828	929687	   0	 320	
 364	 366	  20	   4	 631	   2	   2	  10	  25	   2	  80	  20	  70	 318	931312	931943	   0	 320	
 365	 367	  70	   2	 773	   3	   1	  10	  25	   3	  80	  20	  70	 476	933730	934503	   0	 310	
 366	 368	  20	   4	 707	   2	   2	  10	  26	   3	  80	  20	  70	 361	936164	936871	   0	 310	
 367	 369	  80	   1	 662	   1	   1	  11	  26	   3	  80	  20	  70	 693	938865	939527	   0	 320	
 368	 370	  70	   1	 627	   3	   1	  11	  26	   4	  80	  20	  70	 507	941332	941959	   0	 330	
 369	 371	  20	   3	 664	   2	   2	  11	  27	   4	  80	  20	  70	 318	943583	944247	   0	 330	
 370	 372	  70	   1	 608	   3	   1	  11	  27	   5	  80	  20	  70	 618	946183	946791	   0	 340	
 371	 373	  80	   1	 604	   1	   1	  12	  27	   5	  80	  20	  70	 517	948634	949238	   0	 350	
 372	 374	  70	   1	 575	   3	   1	  12	  27	   6	  80	  20	  70	 389	950935	951510	   0	 360	
 373	 375	  80	   1	 601	   1	   1	  13	  27	   6	  80	  20	  70	 648	953469	954070	   0	 370	
 374	 376	  70	   2	 528	   3	   1	  13	  27	   7	  80	  20	  70	 691	956070	956598	   0	 360	
 375	 377	  20	   2	 695	   2	   1	  13	  28	   7	  80	  20	  70	 385	958287	958982	   0	 350	
 376	 378	  80	   1	 540	   1	   1	  14	  28	   7	  80	  20	  70	 655	960938	961478	   0	 360	
 377	 379	  70	   1	 491	   3	   1	  14	  28	   8	  80	  20	  70	 557	963339	963830	   0	 370	
 378	 380	  80	   1	 791	   1	   1	  15	  28	   8	  80	  20	  70	 693	965823	966614	   0	 380	
 379	 381	  70	   1	 647	   3	   1	  15	  28	   9	  80	  20	  70	 686	968607	969254	   0	 390	
 380	 382	  80	   1	 594	   1	   1	  16	  28	   9	  80	  20	  70	 558	971124	971718	   0	 400	
 381	 383	  20	   4	 649	   2	   2	  16	  29	   9	  80	  20	  70	 686	973725	974374	   0	 400	
 382	 384	  80	   1	 637	   1	   1	  17	  29	   9	  80	  20	  70	 324	976009	976646	   0	 410	
 383	 385	  70	   1	 498	   3	   1	  17	  29	  10	  80	  20	  70	 318	978276	978774	   0	 420	
 384	 386	  80	   2	 633	   1	   1	  18	  29	  10	  80	  20	  70	 383	980477	981110	   0	 410	
 385	 387	  20	   4	 576	   2	   2	  18	  30	  10	  80	  20	  70	 658	983078	983654	   0	 410	
 386	 388	  70	   2	 465	   3	   1	  18	  30	  11	  80	  20	  70	 483	985445	985910	   0	 400	
 387	 389	  20	   4	1119	   2	   2	  18	  31	  11	  80	  20	  70	 653	987879	988998	   0	 400	
 388	 390	  70	   1	 519	   3	   1	  18	  31	  12	  80	  20	  70	 560	990863	991382	   0	 410	
 389	 391	  80	   2	 472	   1	   1	  19	  31	  12	  80	  20	  70	 530	993214	993686	   0	 400	
 390	 392	  70	   1	 558	   3	   1	  19	  31	  13	  80	  20	  70	 458	995448	996006	   0	 410	
 391	 393	  20	   4	 984	   2	   2	  19	  32	  13	  80	  20	  70	 631	997966	998950	   0	 410	
 392	 394	  70	   2	 590	   3	   1	  19	  32	  14	  80	  20	  70	 332	1000600	1001190	   0	 400	
 393	 395	  20	   3	 712	   2	   2	  19	  33	  14	  80	  20	  70	 642	1003134	1003846	   0	 400	
 394	 396	  70	   1	 697	   3	   1	  19	  33	  15	  80	  20	  70	 341	1005485	1006182	   0	 410	
 395	 397	  80	   1	 645	   1	   1	  20	  33	  15	  80	  20	  70	 483	1007985	1008630	   0	 420	
 396	 398	  70	   1	 523	   3	   1	  20	  33	  16	  80	  20	  70	 672	1010603	1011126	   0	 430	
 397	 399	  20	   4	 693	   2	   2	  20	  34	  16	  80	  20	  70	 311	1012737	1013430	   0	 430	
 398	 400	  80	   2	 671	   1	   1	  21	  34	  16	  80	  20	  70	 536	1015271	1015942	   0	 420	
 399	 401	  20	   4	 630	   2	   2	  21	  35	  16	  80	  20	  70	 645	1017888	1018518	   0	 420	
 400	 402	  80	   1	 632	   1	   1	  22	  35	  16	  80	  20	  70	 408	1020222	1020854	   0	 430	
 401	 403	  80	   1	1108	   2	   1	  22	   1	  16	  80	  80	  70	 494	1022690	1023798	   2	 440	
 402	 404	  80	   3	 795	   1	   2	  23	   1	  16	  80	  80	  70	 581	1025691	1026486	   0	 440	
 403	 405	  80	   1	 533	   2	   1	  23	   2	  16	  80	  80	  70	 431	1028225	1028758	   0	 450	
 404	 406	  80	   1	 567	   1	   1	  24	   2	  16	  80	  80	  70	 477	1030542	1031109	   0	 460	
 405	 407	  80	   1	 564	   2	   1	  24	   3	  16	  80	  80	  70	 597	1033009	1033573	   0	 470	
 406	 408	  80	   1	 678	   1	   1	  25	   3	  16	  80	  80	  70	 444	1035327	1036005	   0	 480	
 407	 409	  80	   2	 583	   2	   1	  25	   4	  16	  80	  80	  70	 375	1037678	1038261	   0	 470	
 408	 410	  80	   1	 470	   1	   1	  26	   4	  16	  80	  80	  70	 520	1040095	1040565	   0	 480	
 409	 411	  80	   1	 569	   2	   1	  26	   5	  16	  80	  80	  70	 535	1042412	1042981	   0	 490	
 410	 412	  80	   2	 697	   1	   1	  27	   5	  16	  80	  80	  70	 492	1044780	1045477	   0	 480	
 411	 413	  80	   1	 699	   2	   1	  27	   6	  16	  80	  80	  70	 311	1047114	1047813	   0	 490	
 412	 414	  80	   1	 498	   1	   1	  28	   6	  16	  80	  80	  70	 600	1049731	1050229	   0	 500	
 413	 415	  80	   1	 448	   2	   1	  28	   7	  16	  80	  80	  70	 606	1052149	1052597	   0	 510	
 414	 416	  80	   1	 502	   1	   1	  29	   7	  16	  80	  80	  70	 479	1054383	1054885	   0	 520	
 415	 417	  70	   2	 801	   3	   1	  29	   7	  17	  80	  80	  70	 309	1056500	1057301	   0	 510	
 416	 418	  80	   1	 462	   2	   1	  29	   8	  17	  80	  80	  70	 356	1058967	1059429	   0	 520	
 417	 419	  80	   1	 587	   1	   1	  30	   8	  17	  80	  80	  70	 688	1061418	1062005	   0	 530	
 418	 420	  80	   2	 616	   2	   1	  30	   9	  17	  80	  80	  70	 553	1063869	1064485	   0	 520	
 419	 421	  70	   1	 653	   3	   1	  30	   9	  18	  80	  80	  70	 345	1066136	1066789	   0	 530	
 420	 422	  80	   1	 535	   2	   1	  30	  10	  18	  80	  80	  70	 553	1068654	1069189	   0	 540	
 421	 423	  30	   2	1202	   1	   1	   1	  10	  18	  30	  80	  70	 640	1071171	1072373	   1	 530	
 422	 424	  70	   1	 701	   3	   1	   1	  10	  19	  30	  80	  70	 396	1074072	1074773	   0	 540	
 423	 425	  80	   2	 717	   2	   1	   1	  11	  19	  30	  80	  70	 368	1076456	1077173	   0	 530	
 424	 426	  30	   3	 713	   1	   2	   2	  11	  19	  30	  80	  70	 450	1078940	1079653	   0	 530	
 425	 427	  70	   1	 597	   3	   1	   2	  11	  20	  30	  80	  70	 479	1081424	1082021	   0	 540	
 426	 428	  80	   1	 683	   2	   1	   2	  12	  20	  30	  80	  70	 331	1083658	1084341	   0	 550	
 427	 429	  30	   1	 595	   1	   1	   3	  12	  20	  30	  80	  70	 591	1086242	1086837	   0	 560	
 428	 430	  70	   1	 609	   3	   1	   3	  12	  21	  30	  80	  70	 527	1088660	1089269	   0	 570	
 429	 431	  80	   1	 699	   2	   1	   3	  13	  21	  30	  80	  70	 642	1091210	1091909	   0	 580	
 430	 432	  70	   2	 741	   3	   1	   3	  13	  22	  30	  80	  70	 524	1093744	1094485	   0	 570	
 431	 433	  80	   1	 589	   2	   1	   3	  14	  22	  30	  80	  70	 494	1096312	1096901	   0	 580	
 432	 434	  70	   2	 586	   3	   1	   3	  14	  23	  30	  80	  70	 580	1098779	1099365	   0	 570	
 433	 435	  80	   1	 603	   2	   1	   3	  15	  23	  30	  80	  70	 462	1101130	1101733	   0	 580	
 434	 436	  70	   1	 512	   3	   1	   3	  15	  24	  30	  80	  70	 335	1103381	1103893	   0	 590	
 435	 437	  30	   2	 634	   1	   1	   4	  15	  24	  30	  80	  70	 328	1105515	1106149	   0	 580	
 436	 438	  70	   1	 484	   3	   1	   4	  15	  25	  30	  80	  70	 587	1108049	1108533	   0	 590	
 437	 439	  30	   2	 677	   1	   1	   5	  15	  25	  30	  80	  70	 563	1110399	1111076	   0	 580	
 438	 440	  70	   1	 657	   3	   1	   5	  15	  26	  30	  80	  70	 505	1112883	1113540	   0	 590	
 439	 441	  80	   1	 659	   2	   1	   5	  16	  26	  30	  80	  70	 361	1115201	1115860	   0	 600	
 440	 442	  70	   1	 675	   3	   1	   5	  16	  27	  30	  80	  70	 428	1117585	1118260	   0	 610	
 441	 443	  30	   4	 606	   1	   2	   6	  16	  27	  30	  80	  70	 510	1120086	1120692	   0	 610	
 442	 444	  80	   1	 598	   2	   1	   6	  17	  27	  30	  80	  70	 684	1122686	1123284	   0	 620	
 443	 445	  30	   3	 760	   1	   2	   7	  17	  27	  30	  80	  70	 409	1125004	1125764	   0	 620	
 444	 446	  80	   2	 605	   2	   1	   7	  18	  27	  30	  80	  70	 594	1127655	1128260	   0	 610	
 445	 447	  30	   4	 981	   1	   2	   8	  18	  27	  30	  80	  70	 677	1130239	1131220	   0	 610	
 446	 448	  80	   1	 831	   2	   1	   8	  19	  27	  30	  80	  70	 641	1133173	1134004	   0	 620	
 447	 449	  30	   4	 845	   1	   2	   9	  19	  27	  30	  80	  70	 693	1136007	1136852	   0	 620	
 448	 450	  70	   2	 655	   3	   1	   9	  19	  28	  30	  80	  70	 572	1138725	1139380	   0	 610	
 449	 451	  30	   4	 789	   1	   2	  10	  19	  28	  30	  80	  70	 670	1141359	1142148	   0	 610	
 450	 452	  80	   1	 755	   2	   1	  10	  20	  28	  30	  80	  70	 359	1143809	1144564	   0	 620	
 451	 453	  70	   1	 687	   3	   1	  10	  20	  29	  30	  80	  70	 381	1146277	1146964	   0	 630	
 452	 454	  80	   1	1048	   2	   1	  10	  21	  29	  30	  80	  70	 566	1148844	1149892	   0	 640	
 453	 455	  30	   3	 556	   1	   2	  11	  21	  29	  30	  80	  70	 323	1151528	1152084	   0	 640	
 454	 456	  80	   1	 472	   2	   1	  11	  22	  29	  30	  80	  70	 607	1153996	1154468	   0	 650	
 455	 457	  70	   1	1150	   3	   1	  11	  22	  30	  30	  80	  70	 453	1156230	1157380	   0	 660	
 456	 458	  30	   4	 695	   1	   2	  12	  22	  30	  30	  80	  70	 497	1159181	1159876	   0	 660	
 457	 459	  70	   1	 643	   3	   1	  12	  22	  31	  30	  80	  70	 499	1161681	1162324	   0	 670	
 458	 460	  30	   4	 639	   1	   2	  13	  22	  31	  30	  80	  70	 519	1164149	1164788	   0	 670	
 459	 461	  80	   1	 509	   2	   1	  13	  23	  31	  30	  80	  70	 492	1166583	1167092	   0	 680	
 460	 462	  70	   1	 760	   3	   1	  13	  23	  32	  30	  80	  70	 312	1168700	1169460	   0	 690	
 461	 463	  30	   3	 644	   1	   2	  14	  23	  32	  30	  80	  70	 398	1171184	1171828	   0	 690	
 462	 464	  80	   1	 546	   2	   1	  14	  24	  32	  30	  80	  70	 485	1173618	1174164	   0	 700	
 463	 465	  30	   4	 711	   1	   2	  15	  24	  32	  30	  80	  70	 414	1175869	1176580	   0	 700	
 464	 466	  70	   1	 681	   3	   1	  15	  24	  33	  30	  80	  70	 316	1178203	1178884	   0	 710	
 465	 467	  80	   2	 582	   2	   1	  15	  25	  33	  30	  80	  70	 462	1180654	1181236	   0	 700	
 466	 468	  70	   2	 688	   3	   1	  15	  25	  34	  30	  80	  70	 637	1183188	1183876	   0	 690	
 467	 469	  30	   4	 613	   1	   2	  16	  25	  34	  30	  80	  70	 671	1185855	1186468	   0	 690	
 468	 470	  80	   1	 647	   2	   1	  16	  26	  34	  30	  80	  70	 414	1188173	1188820	   0	 700	
 469	 471	  30	   3	 735	   1	   2	  17	  26	  34	  30	  80	  70	 641	1190757	1191492	   0	 700	
 470	 472	  70	   1	 592	   3	   1	  17	  26	  35	  30	  80	  70	 683	1193491	1194083	   0	 710	
 471	 473	  30	   4	1017	   1	   2	  18	  26	  35	  30	  80	  70	 642	1196042	1197059	   0	 710	
 472	 474	  80	   1	 750	   2	   1	  18	  27	  35	  30	  80	  70	 346	1198709	1199459	   0	 720	
 473	 475	  30	   4	 546	   1	   2	  19	  27	  35	  30	  80	  70	 602	1201377	1201923	   0	 720	
 474	 476	  50	   2	1146	   3	   1	  19	  27	   1	  30	  80	  50	 700	1203961	1205107	   3	 710	
 475	 477	  80	   1	 747	   2	   1	  19	  28	   1	  30	  80	  50	 306	1206712	1207459	   0	 720	
 476	 478	  50	   3	 931	   3	   2	  19	  28	   2	  30	  80	  50	 519	1209296	1210227	   0	 720	
 477	 479	  80	   2	 657	   2	   1	  19	  29	   2	  30	  80	  50	 581	1212130	1212787	   0	 710	
 478	 480	  30	   4	1024	   1	   2	  20	  29	   2	  30	  80	  50	 432	1214531	1215555	   0	 710	
 479	 481	  50	   2	 540	   3	   1	  20	  29	   3	  30	  80	  50	 548	1217415	1217955	   0	 700	
 480	 482	  80	   1	1026	   2	   1	  20	  30	   3	  30	  80	  50	 392	1219649	1220675	   0	 710	
 481	 483	  50	   4	 774	   3	   2	  20	  30	   4	  30	  80	  50	 347	1222333	1223107	   0	 710	
 482	 484	  20	   1	1100	   2	   1	  20	   1	   4	  30	  20	  50	 534	1224967	1226067	   2	 720	
 483	 485	  30	   4	 847	   1	   2	  21	   1	   4	  30	  20	  50	 682	1228068	1228915	   0	 720	
 484	 486	  20	   2	1290	   2	   1	  21	   2	   4	  30	  20	  50	 348	1230585	1231875	   0	 710	
 485	 487	  50	   3	1153	   3	   2	  21	   2	   5	  30	  20	  50	 395	1233570	1234723	   0	 710	
 486	 488	  20	   2	1063	   2	   1	  21	   3	   5	  30	  20	  50	 576	1236604	1237667	   0	 700	
 487	 489	  30	   3	 776	   1	   2	  22	   3	   5	  30	  20	  50	 384	1239355	1240131	   0	 700	
 488	 490	  50	   1	1166	   3	   1	  22	   3	   6	  30	  20	  50	 554	1241989	1243155	   0	 710	
 489	 491	  30	   3	 878	   1	   2	  23	   3	   6	  30	  20	  50	 686	1245157	1246035	   0	 710	
 490	 492	  50	   1	 810	   3	   1	  23	   3	   7	  30	  20	  50	 304	1247641	1248451	   0	 720	
 491	 493	  20	   1	 862	   2	   1	  23	   4	   7	  30	  20	  50	 579	1250341	1251203	   0	 730	
 492	 494	  50	   1	 599	   3	   1	  23	   4	   8	  30	  20	  50	 397	1252892	1253491	   0	 740	
 493	 495	  30	   4	 710	   1	   2	  24	   4	   8	  30	  20	  50	 481	1255293	1256003	   0	 740	
 494	 496	  20	   2	 525	   2	   1	  24	   5	   8	  30	  20	  50	 600	1257910	1258435	   0	 730	
 495	 497	  50	   2	 683	   3	   1	  24	   5	   9	  30	  20	  50	 592	1260328	1261011	   0	 720	
 496	 498	  30	   4	 672	   1	   2	  25	   5	   9	  30	  20	  50	 672	1262995	1263667	   0	 720	
 497	 499	  50	   2	 663	   3	   1	  25	   5	  10	  30	  20	  50	 624	1265596	1266259	   0	 710	
 498	 500	  30	   4	 874	   1	   2	  26	   5	  10	  30	  20	  50	 337	1267897	1268771	   0	 710	
 499	 501	  50	   1	 688	   3	   1	  26	   5	  11	  30	  20	  50	 456	1270531	1271219	   0	 720	
 500	 502	  20	   2	 825	   2	   1	  26	   6	  11	  30	  20	  50	 552	1273082	1273907	   0	 710	
 501	 503	  30	   4	 689	   1	   2	  27	   6	  11	  30	  20	  50	 455	1275682	1276371	   0	 710	
 502	 504	  50	   2	 516	   3	   1	  27	   6	  12	  30	  20	  50	 667	1278350	1278866	   0	 700	
 503	 505	  30	   3	1045	   1	   2	  28	   6	  12	  30	  20	  50	 533	1280717	1281762	   0	 700	
 504	 506	  20	   2	 773	   2	   1	  28	   7	  12	  30	  20	  50	 418	1283485	1284258	   0	 690	
 505	 507	  50	   1	 594	   3	   1	  28	   7	  13	  30	  20	  50	 392	1285952	1286546	   0	 700	
 506	 508	  20	   4	 638	   2	   2	  28	   8	  13	  30	  20	  50	 566	1288420	1289058	   0	 700	
 507	 509	  50	   1	 578	   3	   1	  28	   8	  14	  30	  20	  50	 344	1290704	1291282	   0	 710	
 508	 510	  30	   4	 659	   1	   2	  29	   8	  14	  30	  20	  50	 485	1293071	1293730	   0	 710	
 509	 511	  50	   2	 630	   3	   1	  29	   8	  15	  30	  20	  50	 360	1295388	1296018	   0	 700	
 510	 512	  30	   4	 674	   1	   2	  30	   8	  15	  30	  20	  50	 551	1297872	1298546	   0	 700	
 511	 513	  20	   4	 743	   2	   2	  30	   9	  15	  30	  20	  50	 650	1300523	1301266	   0	 700	
 512	 514	  30	   4	 691	   1	   2	  31	   9	  15	  30	  20	  50	 417	1302991	1303682	   0	 700	
 513	 515	  50	   2	 496	   3	   1	  31	   9	  16	  30	  20	  50	 468	1305458	1305954	   0	 690	
 514	 516	  30	   4	 650	   1	   2	  32	   9	  16	  30	  20	  50	 346	1307592	1308242	   0	 690	
 515	 517	  20	   4	 722	   2	   2	  32	  10	  16	  30	  20	  50	 618	1310176	1310898	   0	 690	
 516	 518	  50	   1	 555	   3	   1	  32	  10	  17	  30	  20	  50	 535	1312743	1313298	   0	 700	
 517	 519	  20	   4	 567	   2	   2	  32	  11	  17	  30	  20	  50	 612	1315211	1315778	   0	 700	
 518	 520	  30	   4	 692	   1	   2	  33	  11	  17	  30	  20	  50	 596	1317678	1318370	   0	 700	
 519	 521	  20	   2	 512	   2	   1	  33	  12	  17	  30	  20	  50	 466	1320146	1320658	   0	 690	
 520	 522	  50	   2	 582	   3	   1	  33	  12	  18	  30	  20	  50	 439	1322396	1322978	   0	 680	
 521	 523	  80	   2	1104	   1	   1	   1	  12	  18	  80	  20	  50	 594	1324930	1326034	   1	 670	
 522	 524	  50	   1	1706	   3	   1	   1	  12	  19	  80	  20	  50	 511	1327848	1329554	   0	 680	
 523	 525	  80	   1	1102	   1	   1	   2	  12	  19	  80	  20	  50	 457	1331316	1332418	   0	 690	
 524	 526	  50	   4	 878	   3	   2	   2	  12	  20	  80	  20	  50	 377	1334100	1334978	   0	 690	
 525	 527	  80	   1	1010	   1	   1	   3	  12	  20	  80	  20	  50	 509	1336784	1337794	   0	 700	
 526	 528	  50	   2	 591	   3	   1	   3	  12	  21	  80	  20	  50	 538	1339635	1340226	   0	 690	
 527	 529	  80	   2	 631	   1	   1	   4	  12	  21	  80	  20	  50	 695	1342219	1342850	   0	 680	
 528	 530	  50	   2	1332	   3	   1	   4	  12	  22	  80	  20	  50	 506	1344670	1346002	   0	 670	
 529	 531	  80	   1	 791	   1	   1	   5	  12	  22	  80	  20	  50	 454	1347771	1348562	   0	 680	
 530	 532	  50	   1	 620	   3	   1	   5	  12	  23	  80	  20	  50	 566	1350438	1351058	   0	 690	
 531	 533	  80	   1	 578	   1	   1	   6	  12	  23	  80	  20	  50	 692	1353072	1353650	   0	 700	
 532	 534	  20	   4	1119	   2	   2	   6	  13	  23	  80	  20	  50	 567	1355523	1356642	   0	 700	
 533	 535	  50	   1	 554	   3	   1	   6	  13	  24	  80	  20	  50	 453	1358407	1358961	   0	 710	
 534	 536	  20	   3	1237	   2	   2	   6	  14	  24	  80	  20	  50	 678	1360941	1362178	   0	 710	
 535	 537	  80	   1	 691	   1	   1	   7	  14	  24	  80	  20	  50	 640	1364126	1364817	   0	 720	
 536	 538	  50	   1	1265	   3	   1	   7	  14	  25	  80	  20	  50	 439	1366560	1367825	   0	 730	
 537	 539	  20	   4	 766	   2	   2	   7	  15	  25	  80	  20	  50	 668	1369811	1370577	   0	 730	
 538	 540	  50	   1	 830	   3	   1	   7	  15	  26	  80	  20	  50	 312	1372195	1373025	   0	 740	
 539	 541	  20	   3	 787	   2	   2	   7	  16	  26	  80	  20	  50	 528	1374862	1375649	   0	 740	
 540	 542	  50	   2	1161	   3	   1	   7	  16	  27	  80	  20	  50	 538	1377496	1378657	   0	 730	
 541	 543	  20	   4	 705	   2	   2	   7	  17	  27	  80	  20	  50	 488	1380464	1381169	   0	 730	
 542	 544	  80	   1	 636	   1	   1	   8	  17	  27	  80	  20	  50	 510	1382981	1383617	   0	 740	
 543	 545	  20	   4	 683	   2	   2	   8	  18	  27	  80	  20	  50	 464	1385382	1386065	   0	 740	
 544	 546	  50	   2	 631	   3	   1	   8	  18	  28	  80	  20	  50	 494	1387866	1388497	   0	 730	
 545	 547	  20	   4	 810	   2	   2	   8	  19	  28	  80	  20	  50	 370	1390183	1390993	   0	 730	
 546	 548	  80	   1	 575	   1	   1	   9	  19	  28	  80	  20	  50	 545	1392834	1393409	   0	 740	
 547	 549	  50	   1	 850	   3	   1	   9	  19	  29	  80	  20	  50	 421	1395135	1395985	   0	 750	
 548	 550	  20	   4	1357	   2	   2	   9	  20	  29	  80	  20	  50	 364	1397652	1399009	   0	 750	
 549	 551	  80	   1	 634	   1	   1	  10	  20	  29	  80	  20	  50	 565	1400887	1401521	   0	 760	
 550	 552	  20	   4	1053	   2	   2	  10	  21	  29	  80	  20	  50	 367	1403204	1404257	   0	 760	
 551	 553	  80	   1	 679	   1	   1	  11	  21	  29	  80	  20	  50	 539	1406122	1406801	   0	 770	
 552	 554	  50	   2	 680	   3	   1	  11	  21	  30	  80	  20	  50	 391	1408489	1409169	   0	 760	
 553	 555	  20	   3	 699	   2	   2	  11	  22	  30	  80	  20	  50	 347	1410806	1411505	   0	 760	
NaN	 556	  50	NaN	NaN	   3	   3	  11	  22	  30	  80	  20	  50	 509	1410806	NaN	   0	 760	
 554	 557	  80	   1	 682	   1	   1	  12	  22	  30	  80	  20	  50	 579	1417175	1417857	   0	 770	
 555	 558	  50	   1	 849	   3	   1	  12	  22	  31	  80	  20	  50	 610	1419776	1420625	   0	 780	
 556	 559	  80	   1	 593	   1	   1	  13	  22	  31	  80	  20	  50	 644	1422576	1423169	   0	 790	
 557	 560	  50	   2	 732	   3	   1	  13	  22	  32	  80	  20	  50	 582	1425061	1425793	   0	 780	
 558	 561	  80	   2	 518	   1	   1	  14	  22	  32	  80	  20	  50	 498	1427611	1428129	   0	 770	
 559	 562	  20	   4	 684	   2	   2	  14	  23	  32	  80	  20	  50	 386	1429829	1430513	   0	 770	
 560	 563	  50	   4	 604	   3	   2	  14	  23	  33	  80	  20	  50	 402	1432229	1432833	   0	 770	
 561	 564	  20	   4	 744	   2	   2	  14	  24	  33	  80	  20	  50	 549	1434713	1435457	   0	 770	
 562	 565	  80	   1	 564	   1	   1	  15	  24	  33	  80	  20	  50	 424	1437181	1437745	   0	 780	
 563	 566	  20	   4	 664	   2	   2	  15	  25	  33	  80	  20	  50	 408	1439465	1440129	   0	 780	
 564	 567	  80	   2	 753	   1	   1	  16	  25	  33	  80	  20	  50	 551	1441999	1442752	   0	 770	
 565	 568	  30	   2	 866	   3	   1	  16	  25	   1	  80	  20	  30	 690	1444766	1445632	   3	 760	
 566	 569	  20	   4	1281	   2	   2	  16	  26	   1	  80	  20	  30	 623	1447567	1448848	   0	 760	
 567	 570	  80	   1	 580	   1	   1	  17	  26	   1	  80	  20	  30	 496	1450652	1451232	   0	 770	
 568	 571	  20	   4	 883	   2	   2	  17	  27	   1	  80	  20	  30	 518	1453069	1453952	   0	 770	
 569	 572	  80	   1	 742	   1	   1	  18	  27	   1	  80	  20	  30	 523	1455786	1456528	   0	 780	
 570	 573	  30	   4	 593	   3	   2	  18	  27	   2	  80	  20	  30	 460	1458287	1458880	   0	 780	
 571	 574	  20	   1	 729	   2	   1	  18	  28	   2	  80	  20	  30	 649	1460855	1461584	   0	 790	
 572	 575	  30	   2	 784	   3	   1	  18	  28	   3	  80	  20	  30	 595	1463472	1464256	   0	 780	
 573	 576	  20	   4	 602	   2	   2	  18	  29	   3	  80	  20	  30	 445	1466006	1466608	   0	 780	
 574	 577	  80	   1	 616	   1	   1	  19	  29	   3	  80	  20	  30	 528	1468440	1469056	   0	 790	
 575	 578	  20	   4	 769	   2	   2	  19	  30	   3	  80	  20	  30	 628	1470991	1471760	   0	 790	
 576	 579	  30	   4	 608	   3	   2	  19	  30	   4	  80	  20	  30	 347	1473408	1474016	   0	 790	
 577	 580	  20	   4	 966	   2	   2	  19	  31	   4	  80	  20	  30	 328	1475642	1476608	   0	 790	
 578	 581	  80	   1	 624	   1	   1	  20	  31	   4	  80	  20	  30	 633	1478560	1479184	   0	 800	
 579	 582	  20	   4	 949	   2	   2	  20	  32	   4	  80	  20	  30	 330	1480811	1481760	   0	 800	
 580	 583	  30	   3	 622	   3	   2	  20	  32	   5	  80	  20	  30	 308	1483378	1484000	   0	 800	
 581	 584	  20	   4	 673	   2	   2	  20	  33	   5	  80	  20	  30	 353	1485679	1486352	   0	 800	
 582	 585	  30	   4	 696	   3	   2	  20	  33	   6	  80	  20	  30	 617	1488280	1488976	   0	 800	
 583	 586	  80	   1	 866	   1	   1	  21	  33	   6	  80	  20	  30	 533	1490814	1491680	   0	 810	
 584	 587	  30	   3	 617	   3	   2	  21	  33	   7	  80	  20	  30	 447	1493431	1494048	   0	 810	
 585	 588	  80	   2	 990	   1	   1	  22	  33	   7	  80	  20	  30	 319	1495682	1496672	   0	 800	
 586	 589	  20	   4	 769	   2	   2	  22	  34	   7	  80	  20	  30	 419	1498399	1499168	   0	 800	
 587	 590	  30	   4	 781	   3	   2	  22	  34	   8	  80	  20	  30	 400	1500883	1501664	   0	 800	
 588	 591	  80	   1	 837	   1	   1	  23	  34	   8	  80	  20	  30	 472	1503451	1504288	   0	 810	
 589	 592	  20	   4	 688	   2	   2	  23	  35	   8	  80	  20	  30	 377	1505968	1506656	   0	 810	
 590	 593	  80	   1	 658	   1	   1	  24	  35	   8	  80	  20	  30	 325	1508286	1508944	   0	 820	
 591	 594	  70	   1	1066	   2	   1	  24	   1	   8	  80	  70	  30	 593	1510870	1511936	   2	 830	
 592	 595	  80	   1	 769	   1	   1	  25	   1	   8	  80	  70	  30	 633	1513887	1514656	   0	 840	
 593	 596	  30	   4	 753	   3	   2	  25	   1	   9	  80	  70	  30	 308	1516271	1517024	   0	 840	
 594	 597	  80	   1	 653	   1	   1	  26	   1	   9	  80	  70	  30	 406	1518739	1519392	   0	 850	
 595	 598	  70	   1	 623	   2	   1	  26	   2	   9	  80	  70	  30	 391	1521089	1521712	   0	 860	
 596	 599	  80	   1	 723	   1	   1	  27	   2	   9	  80	  70	  30	 348	1523373	1524096	   0	 870	
 597	 600	  30	   3	 723	   3	   2	  27	   2	  10	  80	  70	  30	 344	1525741	1526464	   0	 870	
 598	 601	  80	   2	 631	   1	   1	  28	   2	  10	  80	  70	  30	 647	1528408	1529039	   0	 860	
 599	 602	  70	   1	 622	   2	   1	  28	   3	  10	  80	  70	  30	 655	1531009	1531631	   0	 870	
 600	 603	  30	   4	 636	   3	   2	  28	   3	  11	  80	  70	  30	 514	1533443	1534079	   0	 870	
 601	 604	  70	   1	 563	   2	   1	  28	   4	  11	  80	  70	  30	 634	1536044	1536607	   0	 880	
 602	 605	  30	   4	 717	   3	   2	  28	   4	  12	  80	  70	  30	 672	1538578	1539295	   0	 880	
 603	 606	  70	   2	 603	   2	   1	  28	   5	  12	  80	  70	  30	 407	1541012	1541615	   0	 870	
 604	 607	  30	   4	 824	   3	   2	  28	   5	  13	  80	  70	  30	 541	1543463	1544287	   0	 870	
 605	 608	  70	   1	 772	   2	   1	  28	   6	  13	  80	  70	  30	 350	1545947	1546719	   0	 880	
 606	 609	  30	   4	 699	   3	   2	  28	   6	  14	  80	  70	  30	 523	1548548	1549247	   0	 880	
 607	 610	  80	   1	 687	   1	   1	  29	   6	  14	  80	  70	  30	 665	1551232	1551919	   0	 890	
 608	 611	  70	   2	 744	   2	   1	  29	   7	  14	  80	  70	  30	 552	1553783	1554527	   0	 880	
 609	 612	  30	   3	 570	   3	   2	  29	   7	  15	  80	  70	  30	 683	1556517	1557087	   0	 880	
 610	 613	  70	   1	 830	   2	   1	  29	   8	  15	  80	  70	  30	 399	1558801	1559631	   0	 890	
 611	 614	  80	   1	 683	   1	   1	  30	   8	  15	  80	  70	  30	 698	1561668	1562351	   0	 900	
 612	 615	  70	   1	 755	   2	   1	  30	   9	  15	  80	  70	  30	 587	1564252	1565007	   0	 910	
 613	 616	  30	   4	 499	   3	   2	  30	   9	  16	  80	  70	  30	 317	1566636	1567135	   0	 910	
 614	 617	  50	   2	1229	   1	   1	   1	   9	  16	  50	  70	  30	 309	1568770	1569999	   1	 900	
 615	 618	  30	   4	1127	   3	   2	   1	   9	  17	  50	  70	  30	 395	1571688	1572815	   0	 900	
 616	 619	  70	   2	 703	   2	   1	   1	  10	  17	  50	  70	  30	 548	1574672	1575375	   0	 890	
 617	 620	  30	   4	 679	   3	   2	   1	  10	  18	  50	  70	  30	 568	1577256	1577935	   0	 890	
 618	 621	  70	   1	1085	   2	   1	   1	  11	  18	  50	  70	  30	 639	1579874	1580959	   0	 900	
 619	 622	  50	   4	 617	   1	   2	   2	  11	  18	  50	  70	  30	 495	1582758	1583375	   0	 900	
 620	 623	  70	   1	 730	   2	   1	   2	  12	  18	  50	  70	  30	 420	1585109	1585839	   0	 910	
 621	 624	  50	   4	 726	   1	   2	   3	  12	  18	  50	  70	  30	 451	1587609	1588335	   0	 910	
 622	 625	  30	   3	 649	   3	   2	   3	  12	  19	  50	  70	  30	 655	1590294	1590943	   0	 910	
 623	 626	  70	   1	 623	   2	   1	   3	  13	  19	  50	  70	  30	 668	1592928	1593551	   0	 920	
 624	 627	  50	   3	1053	   1	   2	   4	  13	  19	  50	  70	  30	 508	1595362	1596415	   0	 920	
 625	 628	  30	   3	1370	   3	   2	   4	  13	  20	  50	  70	  30	 493	1598213	1599583	   0	 920	
 626	 629	  50	   3	 700	   1	   2	   5	  13	  20	  50	  70	  30	 457	1601347	1602047	   0	 920	
 627	 630	  70	   1	1268	   2	   1	   5	  14	  20	  50	  70	  30	 568	1603931	1605199	   0	 930	
 628	 631	  30	   3	 824	   3	   2	   5	  14	  21	  50	  70	  30	 506	1607015	1607839	   0	 930	
 629	 632	  50	   2	 614	   1	   1	   6	  14	  21	  50	  70	  30	 674	1609816	1610430	   0	 920	
 630	 633	  70	   2	1043	   2	   1	   6	  15	  21	  50	  70	  30	 528	1612267	1613310	   0	 910	
 631	 634	  30	   4	 648	   3	   2	   6	  15	  22	  50	  70	  30	 700	1615334	1615982	   0	 910	
 632	 635	  50	   3	 578	   1	   2	   7	  15	  22	  50	  70	  30	 569	1617868	1618446	   0	 910	
 633	 636	  30	   4	 705	   3	   2	   7	  15	  23	  50	  70	  30	 506	1620253	1620958	   0	 910	
 634	 637	  50	   3	 687	   1	   2	   8	  15	  23	  50	  70	  30	 435	1622703	1623390	   0	 910	
 635	 638	  30	   4	 701	   3	   2	   8	  15	  24	  50	  70	  30	 423	1625121	1625822	   0	 910	
 636	 639	  70	   1	 831	   2	   1	   8	  16	  24	  50	  70	  30	 321	1627455	1628286	   0	 920	
 637	 640	  50	   1	 577	   1	   1	   9	  16	  24	  50	  70	  30	 593	1630189	1630766	   0	 930	
 638	 641	  70	   1	 778	   2	   1	   9	  17	  24	  50	  70	  30	 672	1632740	1633518	   0	 940	
 639	 642	  30	   4	 572	   3	   2	   9	  17	  25	  50	  70	  30	 665	1635490	1636062	   0	 940	
 640	 643	  50	   2	 592	   1	   1	  10	  17	  25	  50	  70	  30	 391	1637758	1638350	   0	 930	
 641	 644	  70	   1	 566	   2	   1	  10	  18	  25	  50	  70	  30	 344	1640008	1640574	   0	 940	
 642	 645	  30	   4	 664	   3	   2	  10	  18	  26	  50	  70	  30	 442	1642326	1642990	   0	 940	
 643	 646	  70	   2	 699	   2	   1	  10	  19	  26	  50	  70	  30	 328	1644627	1645326	   0	 930	
 644	 647	  50	   1	 611	   1	   1	  11	  19	  26	  50	  70	  30	 571	1647211	1647822	   0	 940	
 645	 648	  30	   3	 637	   3	   2	  11	  19	  27	  50	  70	  30	 624	1649745	1650382	   0	 940	
 646	 649	  50	   2	 728	   1	   1	  12	  19	  27	  50	  70	  30	 575	1652262	1652990	   0	 930	
 647	 650	  30	   4	 870	   3	   2	  12	  19	  28	  50	  70	  30	 400	1654696	1655566	   0	 930	
 648	 651	  70	   2	 685	   2	   1	  12	  20	  28	  50	  70	  30	 428	1657297	1657982	   0	 920	
 649	 652	  30	   4	 906	   3	   2	  12	  20	  29	  50	  70	  30	 453	1659748	1660654	   0	 920	
 650	 653	  50	   2	 559	   1	   1	  13	  20	  29	  50	  70	  30	 432	1662399	1662958	   0	 910	
 651	 654	  70	   2	1091	   2	   1	  13	  21	  29	  50	  70	  30	 401	1664683	1665774	   0	 900	
 652	 655	  50	   1	 792	   1	   1	  14	  21	  29	  50	  70	  30	 679	1667750	1668542	   0	 910	
 653	 656	  70	   1	 789	   2	   1	  14	  22	  29	  50	  70	  30	 349	1670201	1670990	   0	 920	
 654	 657	  30	   3	 753	   3	   2	  14	  22	  30	  50	  70	  30	 381	1672685	1673438	   0	 920	
 655	 658	  50	   1	 636	   1	   1	  15	  22	  30	  50	  70	  30	 436	1675186	1675822	   0	 930	
 656	 659	  30	   4	 558	   3	   2	  15	  22	   1	  50	  70	  30	 413	1677536	1678094	   0	 930	
 657	 660	  70	   1	 754	   2	   1	  15	  23	   1	  50	  70	  30	 426	1679820	1680574	   0	 940	
 658	 661	  30	   4	 702	   3	   2	  15	  23	   2	  50	  70	  30	 424	1682304	1683006	   0	 940	
 659	 662	  70	   1	 798	   2	   1	  15	  24	   2	  50	  70	  30	 349	1684672	1685470	   0	 950	
 660	 663	  30	   4	 693	   3	   2	  15	  24	   3	  50	  70	  30	 488	1687273	1687966	   0	 950	
 661	 664	  70	   1	 640	   2	   1	  15	  25	   3	  50	  70	  30	 502	1689790	1690430	   0	 960	
 662	 665	  50	   2	 644	   1	   1	  16	  25	   3	  50	  70	  30	 340	1692074	1692718	   0	 950	
 663	 666	  30	   4	 709	   3	   2	  16	  25	   4	  50	  70	  30	 382	1694408	1695117	   0	 950	
 664	 667	  70	   1	 643	   2	   1	  16	  26	   4	  50	  70	  30	 400	1696826	1697469	   0	 960	
 665	 668	  30	   3	 737	   3	   2	  16	  26	   5	  50	  70	  30	 484	1699260	1699997	   0	 960	
 666	 669	  50	   1	 600	   1	   1	  17	  26	   5	  50	  70	  30	 570	1701877	1702477	   0	 970	
 667	 670	  70	   2	 829	   2	   1	  17	  27	   5	  50	  70	  30	 336	1704128	1704957	   0	 960	
 668	 671	  50	   2	 591	   1	   1	  18	  27	   5	  50	  70	  30	 602	1706862	1707453	   0	 950	
 669	 672	  30	   4	 838	   3	   2	  18	  27	   6	  50	  70	  30	 328	1709079	1709917	   0	 950	
 670	 673	  70	   1	 505	   2	   1	  18	  28	   6	  50	  70	  30	 548	1711780	1712285	   0	 960	
 671	 674	  30	   3	 786	   3	   2	  18	  28	   7	  50	  70	  30	 333	1713947	1714733	   0	 960	
 672	 675	  50	   1	 663	   1	   1	  19	  28	   7	  50	  70	  30	 549	1716598	1717261	   0	 970	
 673	 676	  70	   3	 710	   2	   2	  19	  29	   7	  50	  70	  30	 446	1718999	1719709	   0	 970	
 674	 677	  30	   4	 622	   3	   2	  19	  29	   8	  50	  70	  30	 577	1721583	1722205	   0	 970	
 675	 678	  50	   2	 691	   1	   1	  20	  29	   8	  50	  70	  30	 322	1723834	1724525	   0	 960	
 676	 679	  70	   2	 536	   2	   1	  20	  30	   8	  50	  70	  30	 668	1726501	1727037	   0	 950	
 677	 680	  50	   1	 649	   1	   1	  21	  30	   8	  50	  70	  30	 516	1728868	1729517	   0	 960	
 678	 681	  30	   4	1168	   3	   2	  21	  30	   9	  50	  70	  30	 644	1731469	1732637	   0	 960	
 679	 682	  50	   1	 576	   1	   1	  22	  30	   9	  50	  70	  30	 697	1734637	1735213	   0	 970	
 680	 683	  30	   3	 823	   3	   2	  22	  30	  10	  50	  70	  30	 320	1736838	1737661	   0	 970	
 681	 684	  50	   1	 593	   1	   1	  23	  30	  10	  50	  70	  30	 388	1739372	1739965	   0	 980	
 682	 685	  70	   1	 787	   2	   1	  23	  31	  10	  50	  70	  30	 449	1741722	1742509	   0	 990	
 683	 686	  50	   2	 599	   1	   1	  24	  31	  10	  50	  70	  30	 586	1744406	1745005	   0	 980	
 684	 687	  70	   1	1044	   2	   1	  24	  32	  10	  50	  70	  30	 535	1746857	1747901	   0	 990	
 685	 688	  50	   2	 734	   1	   1	  25	  32	  10	  50	  70	  30	 577	1749775	1750509	   0	 980	
 686	 689	  30	   4	 971	   3	   2	  25	  32	  11	  50	  70	  30	 429	1752242	1753213	   0	 980	
 687	 690	  50	   2	 741	   1	   1	  26	  32	  11	  50	  70	  30	 650	1755176	1755917	   0	 970	
 688	 691	  30	   4	 875	   3	   2	  26	  32	  12	  50	  70	  30	 565	1757794	1758669	   0	 970	
 689	 692	  70	   1	 936	   2	   1	  26	  33	  12	  50	  70	  30	 696	1760661	1761597	   0	 980	
 690	 693	  30	   4	1280	   3	   2	  26	  33	  13	  50	  70	  30	 328	1763229	1764509	   0	 980	
 691	 694	  50	   2	 621	   1	   1	  27	  33	  13	  50	  70	  30	 667	1766496	1767117	   0	 970	
 692	 695	  70	   2	 796	   2	   1	  27	  34	  13	  50	  70	  30	 474	1768897	1769693	   0	 960	
 693	 696	  30	   4	 853	   3	   2	  27	  34	  14	  50	  70	  30	 449	1771448	1772301	   0	 960	
 694	 697	  50	   1	 710	   1	   1	  28	  34	  14	  50	  70	  30	 602	1774215	1774925	   0	 970	
 695	 698	  30	   3	 684	   3	   2	  28	  34	  15	  50	  70	  30	 586	1776816	1777500	   0	 970	
 696	 699	  50	   2	 604	   1	   1	  29	  34	  15	  50	  70	  30	 389	1779200	1779804	   0	 960	
 697	 700	  30	   4	 849	   3	   2	  29	  34	  16	  50	  70	  30	 341	1781451	1782300	   0	 960	
 698	 701	  70	   1	 884	   2	   1	  29	  35	  16	  50	  70	  30	 554	1784168	1785052	   0	 970	
 699	 702	  30	   4	 781	   3	   2	  29	  35	  17	  50	  70	  30	 359	1786719	1787500	   0	 970	
 700	 703	  50	   1	 541	   1	   1	  30	  35	  17	  50	  70	  30	 676	1789487	1790028	   0	 980	
 701	 704	  30	   4	 472	   3	   2	  30	  35	  18	  50	  70	  30	 661	1792004	1792476	   0	 980	
 702	 705	  50	   2	 598	   1	   1	  31	  35	  18	  50	  70	  30	 652	1794438	1795036	   0	 970	
 703	 706	  70	   1	 740	   2	   1	  31	   1	  18	  50	  70	  30	 525	1796872	1797612	   0	 980	
 704	 707	  50	   2	 551	   1	   1	  32	   1	  18	  50	  70	  30	 662	1799573	1800124	   0	 970	
 705	 708	  30	   3	 828	   3	   2	  32	   1	  19	  50	  70	  30	 397	1801824	1802652	   0	 970	
 706	 709	  50	   1	 633	   1	   1	  33	   1	  19	  50	  70	  30	 335	1804291	1804924	   0	 980	
 707	 710	  30	   3	 743	   3	   2	  33	   1	  20	  50	  70	  30	 488	1806725	1807468	   0	 980	
 708	 711	  70	   1	 665	   2	   1	  33	   2	  20	  50	  70	  30	 681	1809459	1810124	   0	 990	
 709	 712	  50	   2	 639	   1	   1	   1	   2	  20	  50	  70	  30	 640	1812077	1812716	   0	 980	
