Version: 1	Number of symbols: 3	Pictures exchange: true	Response Deadline: 2000
Trial_No	Virt_Trial_No	Prob_Shown	Feedback	RT	Stimulus_No	Resp	SymbolA_Stage	SymbolB_Stage	SymbolC_Stage	Prob_A	Prob_B	Prob_C	Jitter	StimOnset	RespOnset	Symbol_Changes	Bonus_sum
   1	   1	  30	   2	 913	   1	   1	   1	   0	   0	  30	  70	  50	 682	1866	2779	   0	 -10	
   2	   2	  50	   4	1062	   3	   2	   1	   0	   1	  30	  70	  50	 635	4693	5755	   0	 -10	
   3	   3	  30	   2	 764	   1	   1	   2	   0	   1	  30	  70	  50	 331	7359	8123	   0	 -20	
   4	   4	  50	   1	1190	   3	   1	   2	   0	   2	  30	  70	  50	 331	9733	10923	   0	 -10	
   5	   5	  70	   1	 961	   2	   1	   2	   1	   2	  30	  70	  50	 541	12746	13707	   0	   0	
   6	   6	  30	   4	 958	   1	   2	   3	   1	   2	  30	  70	  50	 303	15292	16250	   0	   0	
   7	   7	  50	   2	 800	   3	   1	   3	   1	   3	  30	  70	  50	 660	18186	18986	   0	 -10	
   8	   8	  70	   1	1062	   2	   1	   3	   2	   3	  30	  70	  50	 501	20772	21834	   0	   0	
   9	   9	  50	   4	 768	   3	   2	   3	   2	   4	  30	  70	  50	 431	23546	24314	   0	   0	
  10	  10	  30	   3	 774	   1	   2	   4	   2	   4	  30	  70	  50	 621	26212	26986	   0	   0	
  11	  11	  50	   1	 657	   3	   1	   4	   2	   5	  30	  70	  50	 695	28985	29642	   0	  10	
  12	  12	  70	   3	 937	   2	   2	   4	   3	   5	  30	  70	  50	 501	31425	32362	   0	  10	
  13	  13	  50	   2	1171	   3	   1	   4	   3	   6	  30	  70	  50	 390	34039	35210	   0	   0	
  14	  14	  70	   2	 926	   2	   1	   4	   4	   6	  30	  70	  50	 322	36812	37738	   0	 -10	
  15	  15	  50	   1	1097	   3	   1	   4	   4	   7	  30	  70	  50	 328	39345	40442	   0	   0	
  16	  16	  30	   1	1142	   1	   1	   5	   4	   7	  30	  70	  50	 566	42292	43434	   0	  10	
  17	  17	  70	   4	 932	   2	   2	   5	   5	   7	  30	  70	  50	 362	45078	46010	   0	  10	
  18	  18	  50	   1	 958	   3	   1	   5	   5	   8	  30	  70	  50	 330	47612	48570	   0	  20	
  19	  19	  70	   3	1163	   2	   2	   5	   6	   8	  30	  70	  50	 388	50238	51401	   0	  20	
  20	  20	  30	   4	1094	   1	   2	   6	   6	   8	  30	  70	  50	 325	53011	54105	   0	  20	
  21	  21	  50	   2	 734	   3	   1	   6	   6	   9	  30	  70	  50	 600	56011	56745	   0	  10	
  22	  22	  30	   2	 952	   1	   1	   7	   6	   9	  30	  70	  50	 426	58465	59417	   0	   0	
  23	  23	  50	   1	 649	   3	   1	   7	   6	  10	  30	  70	  50	 409	61104	61753	   0	  10	
  24	  24	  30	   2	 739	   1	   1	   8	   6	  10	  30	  70	  50	 363	63398	64137	   0	   0	
  25	  25	  70	   1	 734	   2	   1	   8	   7	  10	  30	  70	  50	 427	65851	66585	   0	  10	
  26	  26	  50	   3	 577	   3	   2	   8	   7	  11	  30	  70	  50	 386	68264	68841	   0	  10	
  27	  27	  30	   4	 926	   1	   2	   9	   7	  11	  30	  70	  50	 680	70811	71737	   0	  10	
  28	  28	  50	   2	 873	   3	   1	   9	   7	  12	  30	  70	  50	 412	73424	74297	   0	   0	
  29	  29	  70	   1	 812	   2	   1	   9	   8	  12	  30	  70	  50	 415	75997	76809	   0	  10	
  30	  30	  50	   3	 492	   3	   2	   9	   8	  13	  30	  70	  50	 636	78717	79209	   0	  10	
  31	  31	  70	   1	1070	   2	   1	   9	   9	  13	  30	  70	  50	 557	81051	82121	   0	  20	
  32	  32	  50	   3	1052	   3	   2	   9	   9	  14	  30	  70	  50	 351	83757	84809	   0	  20	
  33	  33	  30	   3	 905	   1	   2	  10	   9	  14	  30	  70	  50	 538	86624	87529	   0	  20	
  34	  34	  70	   2	 816	   2	   1	  10	  10	  14	  30	  70	  50	 499	89304	90120	   0	  10	
  35	  35	  30	   2	 827	   1	   1	  11	  10	  14	  30	  70	  50	 518	91917	92744	   0	   0	
  36	  36	  70	   1	 790	   2	   1	  11	  11	  14	  30	  70	  50	 660	94690	95480	   0	  10	
  37	  37	  50	   4	 811	   3	   2	  11	  11	  15	  30	  70	  50	 596	97357	98168	   0	  10	
  38	  38	  30	   3	 934	   1	   2	  12	  11	  15	  30	  70	  50	 439	99890	100824	   0	  10	
  39	  39	  70	   2	 566	   2	   1	  12	  12	  15	  30	  70	  50	 496	102610	103176	   0	   0	
  40	  40	  30	   4	 635	   1	   2	  13	  12	  15	  30	  70	  50	 498	104957	105592	   0	   0	
  41	  41	  50	   3	 787	   3	   2	  13	  12	  16	  30	  70	  50	 667	107557	108344	   0	   0	
  42	  42	  70	   1	 617	   2	   1	  13	  13	  16	  30	  70	  50	 428	110063	110680	   0	  10	
  43	  43	  30	   4	 406	   1	   2	  14	  13	  16	  30	  70	  50	 483	112450	112856	   0	  10	
  44	  44	  70	   1	 596	   2	   1	  14	  14	  16	  30	  70	  50	 381	114516	115112	   0	  20	
  45	  45	  50	   4	 769	   3	   2	  14	  14	  17	  30	  70	  50	 511	116903	117672	   0	  20	
  46	  46	  30	   2	 356	   1	   1	  15	  14	  17	  30	  70	  50	 532	119476	119832	   0	  10	
  47	  47	  70	   3	 462	   2	   2	  15	  15	  17	  30	  70	  50	 340	121449	121911	   0	  10	
  48	  48	  30	   1	 518	   1	   1	  16	  15	  17	  30	  70	  50	 379	123569	124087	   0	  20	
  49	  49	  70	   2	 574	   2	   1	  16	  16	  17	  30	  70	  50	 645	126009	126583	   0	  10	
  50	  50	  30	   4	 368	   1	   2	  17	  16	  17	  30	  70	  50	 551	128423	128791	   0	  10	
  51	  51	  70	   1	 555	   2	   1	  17	  17	  17	  30	  70	  50	 398	130476	131031	   0	  20	
  52	  52	  30	   2	 632	   1	   1	  18	  17	  17	  30	  70	  50	 307	132623	133255	   0	  10	
  53	  53	  70	   1	 486	   2	   1	  18	  18	  17	  30	  70	  50	 551	135089	135575	   0	  20	
  54	  54	  30	   3	 417	   1	   2	  19	  18	  17	  30	  70	  50	 526	137382	137799	   0	  20	
  55	  55	  70	   4	 598	   2	   2	  19	  19	  17	  30	  70	  50	 641	139729	140327	   0	  20	
  56	  56	  50	   4	 985	   3	   2	  19	  19	  18	  30	  70	  50	 377	141982	142967	   0	  20	
  57	  57	  30	   2	 910	   1	   1	  20	  19	  18	  30	  70	  50	 322	144569	145479	   0	  10	
  58	  58	  70	   1	 606	   2	   1	  20	  20	  18	  30	  70	  50	 367	147129	147735	   0	  20	
  59	  59	  50	   1	1174	   3	   1	  20	  20	  19	  30	  70	  50	 548	149569	150743	   0	  30	
  60	  60	  30	   4	1209	   1	   2	  21	  20	  19	  30	  70	  50	 666	152702	153911	   0	  30	
  61	  61	  50	   4	1054	   3	   2	  21	  20	  20	  30	  70	  50	 652	155849	156903	   0	  30	
  62	  62	  70	   1	1406	   2	   1	  21	  21	  20	  30	  70	  50	 619	158808	160214	   0	  40	
  63	  63	  50	   4	 779	   3	   2	  21	  21	  21	  30	  70	  50	 584	162075	162854	   0	  40	
  64	  64	  70	   2	 651	   2	   1	  21	  22	  21	  30	  70	  50	 339	164475	165126	   0	  30	
  65	  65	  50	   3	 627	   3	   2	  21	  22	  22	  30	  70	  50	 426	166835	167462	   0	  30	
  66	  66	  30	   3	 905	   1	   2	  22	  22	  22	  30	  70	  50	 437	169181	170086	   0	  30	
  67	  67	  70	   1	 763	   2	   1	  22	  23	  22	  30	  70	  50	 628	171995	172758	   0	  40	
  68	  68	  30	   4	 683	   1	   2	  23	  23	  22	  30	  70	  50	 677	174715	175398	   0	  40	
  69	  69	  50	   4	1065	   3	   2	  23	  23	  23	  30	  70	  50	 585	177261	178326	   0	  40	
  70	  70	  70	   1	 582	   2	   1	  23	  24	  23	  30	  70	  50	 443	180048	180630	   0	  50	
  71	  71	  50	   4	 708	   3	   2	  23	  24	  24	  30	  70	  50	 514	182434	183142	   0	  50	
  72	  72	  70	   1	 804	   2	   1	  23	  25	  24	  30	  70	  50	 326	184754	185558	   0	  60	
  73	  73	  50	   3	 614	   3	   2	  23	  25	  25	  30	  70	  50	 399	187248	187862	   0	  60	
  74	  74	  70	   2	 604	   2	   1	  23	  26	  25	  30	  70	  50	 452	189594	190198	   0	  50	
  75	  75	  50	   4	 361	   3	   2	  23	  26	  26	  30	  70	  50	 415	191901	192262	   0	  50	
  76	  76	  70	   1	 747	   2	   1	  23	  27	  26	  30	  70	  50	 684	194234	194981	   0	  60	
  77	  77	  50	   3	 416	   3	   2	  23	  27	  27	  30	  70	  50	 318	196581	196997	   0	  60	
  78	  78	  70	   3	 416	   2	   2	  23	  28	  27	  30	  70	  50	 698	198981	199397	   0	  60	
  79	  79	  50	   1	 619	   3	   1	  23	  28	  28	  30	  70	  50	 666	201354	201973	   0	  70	
  80	  80	  30	   4	 742	   1	   2	  24	  28	  28	  30	  70	  50	 475	203727	204469	   0	  70	
  81	  81	  70	   2	 761	   2	   1	  24	  29	  28	  30	  70	  50	 463	206220	206981	   0	  60	
  82	  82	  30	   4	 782	   1	   2	  25	  29	  28	  30	  70	  50	 384	208647	209429	   0	  60	
  83	  83	  50	   2	 819	   3	   1	  25	  29	  29	  30	  70	  50	 440	211154	211973	   0	  50	
  84	  84	  30	   3	 619	   1	   2	  26	  29	  29	  30	  70	  50	 583	213834	214453	   0	  50	
  85	  85	  70	   1	 657	   2	   1	  26	  30	  29	  30	  70	  50	 526	216260	216917	   0	  60	
  86	  86	  50	   3	 769	   3	   2	  26	  30	  30	  30	  70	  50	 540	218740	219509	   0	  60	
  87	  87	  70	   1	 673	   2	   1	  26	  31	  30	  30	  70	  50	 516	221300	221973	   0	  70	
  88	  88	  30	   2	1108	   3	   1	  26	  31	   1	  30	  70	  30	 352	223633	224741	   3	  60	
  89	  89	  30	   4	 950	   1	   2	  27	  31	   1	  30	  70	  30	 413	226447	227397	   0	  60	
  90	  90	  70	   2	 656	   2	   1	  27	  32	   1	  30	  70	  30	 699	229380	230036	   0	  50	
  91	  91	  30	   3	 774	   3	   2	  27	  32	   2	  30	  70	  30	 314	231646	232420	   0	  50	
  92	  92	  70	   1	 803	   2	   1	  27	  33	   2	  30	  70	  30	 323	234033	234836	   0	  60	
  93	  93	  30	   4	 600	   1	   2	  28	  33	   2	  30	  70	  30	 334	236460	237060	   0	  60	
  94	  94	  30	   4	 968	   3	   2	  28	  33	   3	  30	  70	  30	 507	238860	239828	   0	  60	
  95	  95	  30	   3	 971	   1	   2	  29	  33	   3	  30	  70	  30	 401	241513	242484	   0	  60	
  96	  96	  20	   2	 897	   2	   1	  29	   1	   3	  30	  20	  30	 455	244259	245156	   2	  50	
  97	  97	  30	   4	 686	   1	   2	  30	   1	   3	  30	  20	  30	 442	246886	247572	   0	  50	
  98	  98	  30	   4	 707	   3	   2	  30	   1	   4	  30	  20	  30	 697	249553	250260	   0	  50	
  99	  99	  30	   4	 758	   1	   2	  31	   1	   4	  30	  20	  30	 416	251966	252724	   0	  50	
 100	 100	  30	   4	 636	   3	   2	  31	   1	   5	  30	  20	  30	 554	254552	255188	   0	  50	
 101	 101	  20	   2	 668	   2	   1	  31	   2	   5	  30	  20	  30	 310	256792	257460	   0	  40	
 102	 102	  30	   3	 502	   1	   2	  32	   2	   5	  30	  20	  30	 654	259406	259908	   0	  40	
 103	 103	  20	   3	 646	   2	   2	  32	   3	   5	  30	  20	  30	 379	261566	262212	   0	  40	
 104	 104	  30	   3	 673	   3	   2	  32	   3	   6	  30	  20	  30	 528	264019	264692	   0	  40	
 105	 105	  20	   4	 678	   2	   2	  32	   4	   6	  30	  20	  30	 318	266285	266963	   0	  40	
 106	 106	  30	   4	 587	   3	   2	  32	   4	   7	  30	  20	  30	 316	268552	269139	   0	  40	
 107	 107	  20	   4	 504	   2	   2	  32	   5	   7	  30	  20	  30	 677	271099	271603	   0	  40	
 108	 108	  30	   4	 990	   3	   2	  32	   5	   8	  30	  20	  30	 328	273205	274195	   0	  40	
 109	 109	  20	   3	 542	   2	   2	  32	   6	   8	  30	  20	  30	 599	276085	276627	   0	  40	
 110	 110	  30	   2	 755	   1	   1	  33	   6	   8	  30	  20	  30	 527	278432	279187	   0	  30	
 111	 111	  30	   4	 531	   3	   2	  33	   6	   9	  30	  20	  30	 670	281152	281683	   0	  30	
 112	 112	  20	   4	 550	   2	   2	  33	   7	   9	  30	  20	  30	 448	283405	283955	   0	  30	
 113	 113	  30	   3	 603	   3	   2	  33	   7	  10	  30	  20	  30	 357	285592	286195	   0	  30	
 114	 114	  30	   4	 601	   1	   2	  34	   7	  10	  30	  20	  30	 500	287978	288579	   0	  30	
 115	 115	  30	   3	 428	   3	   2	  34	   7	  11	  30	  20	  30	 688	290551	290979	   0	  30	
 116	 116	  30	   4	 484	   1	   2	  35	   7	  11	  30	  20	  30	 407	292671	293155	   0	  30	
 117	 117	  30	   4	 505	   3	   2	  35	   7	  12	  30	  20	  30	 657	295098	295603	   0	  30	
 118	 118	  80	   1	 665	   1	   1	   1	   7	  12	  80	  20	  30	 608	297498	298163	   1	  40	
 119	 119	  30	   4	 532	   3	   2	   1	   7	  13	  80	  20	  30	 668	300111	300643	   0	  40	
 120	 120	  20	   4	 560	   2	   2	   1	   8	  13	  80	  20	  30	 414	302338	302898	   0	  40	
 121	 121	  80	   1	 611	   1	   1	   2	   8	  13	  80	  20	  30	 398	304591	305202	   0	  50	
 122	 122	  30	   4	 560	   3	   2	   2	   8	  14	  80	  20	  30	 338	306818	307378	   0	  50	
 123	 123	  80	   2	 496	   1	   1	   3	   8	  14	  80	  20	  30	 398	309058	309554	   0	  40	
 124	 124	  30	   3	 480	   3	   2	   3	   8	  15	  80	  20	  30	 534	311378	311858	   0	  40	
 125	 125	  80	   1	 707	   1	   1	   4	   8	  15	  80	  20	  30	 489	313631	314338	   0	  50	
 126	 126	  30	   2	 649	   3	   1	   4	   8	  16	  80	  20	  30	 427	316057	316706	   0	  40	
 127	 127	  80	   3	 366	   1	   2	   5	   8	  16	  80	  20	  30	 579	318564	318930	   0	  40	
 128	 128	  30	   4	 617	   3	   2	   5	   8	  17	  80	  20	  30	 567	320777	321394	   0	  40	
 129	 129	  20	   4	 761	   2	   2	   5	   9	  17	  80	  20	  30	 494	323177	323938	   0	  40	
 130	 130	  80	   2	 494	   1	   1	   6	   9	  17	  80	  20	  30	 618	325844	326338	   0	  30	
 131	 131	  30	   4	 529	   3	   2	   6	   9	  18	  80	  20	  30	 539	328177	328706	   0	  30	
 132	 132	  80	   1	 494	   1	   1	   7	   9	  18	  80	  20	  30	 413	330404	330898	   0	  40	
 133	 133	  30	   3	 524	   3	   2	   7	   9	  19	  80	  20	  30	 602	332790	333314	   0	  40	
 134	 134	  80	   1	 433	   1	   1	   8	   9	  19	  80	  20	  30	 625	335217	335650	   0	  50	
 135	 135	  20	   4	 456	   2	   2	   8	  10	  19	  80	  20	  30	 485	337417	337873	   0	  50	
 136	 136	  80	   1	 470	   1	   1	   9	  10	  19	  80	  20	  30	 491	339643	340113	   0	  60	
 137	 137	  20	   3	 408	   2	   2	   9	  11	  19	  80	  20	  30	 655	342057	342465	   0	  60	
 138	 138	  80	   1	 443	   1	   1	  10	  11	  19	  80	  20	  30	 322	344070	344513	   0	  70	
 139	 139	  20	   2	 448	   2	   1	  10	  12	  19	  80	  20	  30	 302	346097	346545	   0	  60	
 140	 140	  30	   4	 443	   3	   2	  10	  12	  20	  80	  20	  30	 560	348390	348833	   0	  60	
 141	 141	  80	   2	 433	   1	   1	  11	  12	  20	  80	  20	  30	 690	350816	351249	   0	  50	
 142	 142	  30	   3	 457	   3	   2	  11	  12	  21	  80	  20	  30	 645	353176	353633	   0	  50	
 143	 143	  20	   4	 470	   2	   2	  11	  13	  21	  80	  20	  30	 643	355563	356033	   0	  50	
 144	 144	  80	   3	 339	   1	   2	  12	  13	  21	  80	  20	  30	 638	357950	358289	   0	  50	
 145	 145	  30	   4	 633	   3	   2	  12	  13	  22	  80	  20	  30	 406	359976	360609	   0	  50	
 146	 146	  20	   4	 441	   2	   2	  12	  14	  22	  80	  20	  30	 649	362536	362977	   0	  50	
 147	 147	  30	   4	 492	   3	   2	  12	  14	  23	  80	  20	  30	 528	364789	365281	   0	  50	
 148	 148	  20	   4	 542	   2	   2	  12	  15	  23	  80	  20	  30	 644	367203	367745	   0	  50	
 149	 149	  80	   1	 484	   1	   1	  13	  15	  23	  80	  20	  30	 443	369469	369953	   0	  60	
 150	 150	  20	   4	 561	   2	   2	  13	  16	  23	  80	  20	  30	 304	371536	372097	   0	  60	
 151	 151	  80	   1	 550	   1	   1	  14	  16	  23	  80	  20	  30	 485	373882	374432	   0	  70	
 152	 152	  20	   4	 443	   2	   2	  14	  17	  23	  80	  20	  30	 506	376229	376672	   0	  70	
 153	 153	  30	   4	 515	   3	   2	  14	  17	  24	  80	  20	  30	 476	378429	378944	   0	  70	
 154	 154	  20	   3	 555	   2	   2	  14	  18	  24	  80	  20	  30	 491	380709	381264	   0	  70	
 155	 155	  80	   1	 374	   1	   1	  15	  18	  24	  80	  20	  30	 375	382922	383296	   0	  80	
 156	 156	  30	   4	 470	   3	   2	  15	  18	  25	  80	  20	  30	 493	385082	385552	   0	  80	
 157	 157	  80	   1	 529	   1	   1	  16	  18	  25	  80	  20	  30	 542	387375	387904	   0	  90	
 158	 158	  20	   4	 478	   2	   2	  16	  19	  25	  80	  20	  30	 417	389602	390080	   0	  90	
 159	 159	  30	   4	 499	   3	   2	  16	  19	  26	  80	  20	  30	 598	391949	392448	   0	  90	
 160	 160	  80	   1	 518	   1	   1	  17	  19	  26	  80	  20	  30	 466	394202	394720	   0	 100	
 161	 161	  20	   4	 523	   2	   2	  17	  20	  26	  80	  20	  30	 304	396309	396832	   0	 100	
 162	 162	  30	   3	 681	   3	   2	  17	  20	  27	  80	  20	  30	 495	398615	399296	   0	 100	
 163	 163	  80	   4	 385	   1	   2	  18	  20	  27	  80	  20	  30	 389	400975	401360	   0	 100	
 164	 164	  30	   4	 548	   3	   2	  18	  20	  28	  80	  20	  30	 357	402988	403536	   0	 100	
 165	 165	  20	   4	 609	   2	   2	  18	  21	  28	  80	  20	  30	 476	405295	405904	   0	 100	
 166	 166	  30	   4	 790	   3	   2	  18	  21	  29	  80	  20	  30	 303	407482	408272	   0	 100	
 167	 167	  80	   1	 345	   1	   1	  19	  21	  29	  80	  20	  30	 341	409895	410240	   0	 110	
 168	 168	  30	   3	 411	   3	   2	  19	  21	  30	  80	  20	  30	 627	412148	412559	   0	 110	
 169	 169	  20	   4	 334	   2	   2	  19	  22	  30	  80	  20	  30	 481	414321	414655	   0	 110	
 170	 170	  30	   4	 467	   3	   2	  19	  22	  31	  80	  20	  30	 481	416428	416895	   0	 110	
 171	 171	  80	   1	 512	   1	   1	  20	  22	  31	  80	  20	  30	 453	418655	419167	   0	 120	
 172	 172	  30	   4	 486	   3	   2	  20	  22	  32	  80	  20	  30	 388	420841	421327	   0	 120	
 173	 173	  20	   3	 457	   2	   2	  20	  23	  32	  80	  20	  30	 562	423174	423631	   0	 120	
 174	 174	  80	   1	 521	   1	   1	  21	  23	  32	  80	  20	  30	 415	425334	425855	   0	 130	
 175	 175	  30	   4	 473	   3	   2	  21	  23	  33	  80	  20	  30	 513	427654	428127	   0	 130	
 176	 176	  80	   1	 553	   1	   1	  22	  23	  33	  80	  20	  30	 331	429734	430287	   0	 140	
 177	 177	  30	   3	 387	   3	   2	  22	  23	  34	  80	  20	  30	 698	432268	432655	   0	 140	
 178	 178	  80	   2	 518	   1	   1	  23	  23	  34	  80	  20	  30	 345	434281	434799	   0	 130	
 179	 179	  30	   4	 326	   3	   2	  23	  23	  35	  80	  20	  30	 679	436761	437087	   0	 130	
 180	 180	  20	   4	 521	   2	   2	  23	  24	  35	  80	  20	  30	 483	438854	439375	   0	 130	
 181	 181	  70	   3	 404	   3	   2	  23	  24	   1	  80	  20	  70	 687	441387	441791	   3	 130	
 182	 182	  20	   3	 641	   2	   2	  23	  25	   1	  80	  20	  70	 384	443454	444095	   0	 130	
 183	 183	  80	   1	 670	   1	   1	  24	  25	   1	  80	  20	  70	 300	445680	446350	   0	 140	
 184	 184	  70	   2	 518	   3	   1	  24	  25	   2	  80	  20	  70	 568	448200	448718	   0	 130	
 185	 185	  20	   4	 470	   2	   2	  24	  26	   2	  80	  20	  70	 519	450520	450990	   0	 130	
 186	 186	  70	   1	 448	   3	   1	  24	  26	   3	  80	  20	  70	 616	452894	453342	   0	 140	
 187	 187	  20	   4	 488	   2	   2	  24	  27	   3	  80	  20	  70	 554	455174	455662	   0	 140	
 188	 188	  70	   2	 489	   3	   1	  24	  27	   4	  80	  20	  70	 468	457413	457902	   0	 130	
 189	 189	  20	   4	 395	   2	   2	  24	  28	   4	  80	  20	  70	 479	459667	460062	   0	 130	
 190	 190	  80	   2	 534	   1	   1	  25	  28	   4	  80	  20	  70	 621	461960	462494	   0	 120	
 191	 191	  70	   1	 401	   3	   1	  25	  28	   5	  80	  20	  70	 538	464333	464734	   0	 130	
 192	 192	  80	   1	 635	   1	   1	  26	  28	   5	  80	  20	  70	 362	466387	467022	   0	 140	
 193	 193	  20	   4	 705	   2	   2	  26	  29	   5	  80	  20	  70	 589	468893	469598	   0	 140	
 194	 194	  70	   3	 401	   3	   2	  26	  29	   6	  80	  20	  70	 662	471533	471934	   0	 140	
 195	 195	  20	   4	 718	   2	   2	  26	  30	   6	  80	  20	  70	 696	473920	474638	   0	 140	
 196	 196	  70	   1	 622	   3	   1	  26	  30	   7	  80	  20	  70	 485	476400	477022	   0	 150	
 197	 197	  80	   1	 596	   1	   1	  27	  30	   7	  80	  20	  70	 364	478666	479262	   0	 160	
 198	 198	  50	   1	 865	   2	   1	  27	   1	   7	  80	  50	  70	 485	481053	481918	   2	 170	
 199	 199	  70	   2	 656	   3	   1	  27	   1	   8	  80	  50	  70	 495	483693	484349	   0	 160	
 200	 200	  50	   2	 638	   2	   1	  27	   2	   8	  80	  50	  70	 452	486079	486717	   0	 150	
 201	 201	  80	   1	 632	   1	   1	  28	   2	   8	  80	  50	  70	 609	488613	489245	   0	 160	
 202	 202	  70	   1	 776	   3	   1	  28	   2	   9	  80	  50	  70	 645	491173	491949	   0	 170	
 203	 203	  50	   1	 595	   2	   1	  28	   3	   9	  80	  50	  70	 388	493626	494221	   0	 180	
 204	 204	  70	   3	 806	   3	   2	  28	   3	  10	  80	  50	  70	 460	495959	496765	   0	 180	
 205	 205	  50	   2	 633	   2	   1	  28	   4	  10	  80	  50	  70	 492	498532	499165	   0	 170	
 206	 206	  70	   2	 449	   3	   1	  28	   4	  11	  80	  50	  70	 522	500972	501421	   0	 160	
 207	 207	  50	   2	 491	   2	   1	  28	   5	  11	  80	  50	  70	 485	503186	503677	   0	 150	
 208	 208	  80	   1	 433	   1	   1	  29	   5	  11	  80	  50	  70	 504	505452	505885	   0	 160	
 209	 209	  50	   1	 540	   2	   1	  29	   6	  11	  80	  50	  70	 334	507505	508045	   0	 170	
 210	 210	  80	   1	 510	   1	   1	  30	   6	  11	  80	  50	  70	 436	509759	510269	   0	 180	
 211	 211	  70	   2	 614	   3	   1	  30	   6	  12	  80	  50	  70	 396	511959	512573	   0	 170	
 212	 212	  50	   1	 521	   2	   1	  30	   7	  12	  80	  50	  70	 514	514372	514893	   0	 180	
 213	 213	  80	   3	 668	   1	   2	  31	   7	  12	  80	  50	  70	 527	516705	517373	   0	 180	
 214	 214	  70	   3	 299	   3	   2	  31	   7	  13	  80	  50	  70	 683	519345	519644	   0	 180	
 215	 215	  80	   3	 550	   1	   2	  32	   7	  13	  80	  50	  70	 388	521318	521868	   0	 180	
 216	 216	  70	   1	 638	   3	   1	  32	   7	  14	  80	  50	  70	 527	523678	524316	   0	 190	
 217	 217	  50	   2	 571	   2	   1	  32	   8	  14	  80	  50	  70	 477	526065	526636	   0	 180	
 218	 218	  80	   3	 467	   1	   2	  33	   8	  14	  80	  50	  70	 428	528345	528812	   0	 180	
 219	 219	  50	   4	 403	   2	   2	  33	   9	  14	  80	  50	  70	 641	530745	531148	   0	 180	
 220	 220	  20	   2	 723	   1	   1	   1	   9	  14	  20	  50	  70	 531	532985	533708	   1	 170	
 221	 221	  70	   3	 374	   3	   2	   1	   9	  15	  20	  50	  70	 558	535558	535932	   0	 170	
 222	 222	  50	   3	 531	   2	   2	   1	  10	  15	  20	  50	  70	 401	537625	538156	   0	 170	
 223	 223	  70	   1	 478	   3	   1	   1	  10	  16	  20	  50	  70	 399	539838	540316	   0	 180	
 224	 224	  20	   4	 601	   1	   2	   2	  10	  16	  20	  50	  70	 623	542211	542812	   0	 180	
 225	 225	  50	   2	 390	   2	   1	   2	  11	  16	  20	  50	  70	 502	544598	544988	   0	 170	
 226	 226	  70	   2	 478	   3	   1	   2	  11	  17	  20	  50	  70	 365	546638	547116	   0	 160	
 227	 227	  20	   4	 585	   1	   2	   3	  11	  17	  20	  50	  70	 455	548851	549436	   0	 160	
 228	 228	  70	   1	 500	   3	   1	   3	  11	  18	  20	  50	  70	 437	551144	551644	   0	 170	
 229	 229	  20	   3	 598	   1	   2	   4	  11	  18	  20	  50	  70	 310	553237	553835	   0	 170	
 230	 230	  50	   1	 651	   2	   1	   4	  12	  18	  20	  50	  70	 473	555584	556235	   0	 180	
 231	 231	  70	   3	 616	   3	   2	   4	  12	  19	  20	  50	  70	 609	558131	558747	   0	 180	
 232	 232	  50	   2	 592	   2	   1	   4	  13	  19	  20	  50	  70	 622	560651	561243	   0	 170	
 233	 233	  70	   1	 504	   3	   1	   4	  13	  20	  20	  50	  70	 489	563011	563515	   0	 180	
 234	 234	  20	   4	 817	   1	   2	   5	  13	  20	  20	  50	  70	 576	565370	566187	   0	 180	
 235	 235	  70	   4	 555	   3	   2	   5	  13	  21	  20	  50	  70	 667	568144	568699	   0	 180	
 236	 236	  20	   2	 782	   1	   1	   6	  13	  21	  20	  50	  70	 503	570477	571259	   0	 170	
 237	 237	  50	   2	 510	   2	   1	   6	  14	  21	  20	  50	  70	 343	572877	573387	   0	 160	
 238	 238	  70	   1	 353	   3	   1	   6	  14	  22	  20	  50	  70	 539	575210	575563	   0	 170	
 239	 239	  50	   3	 473	   2	   2	   6	  15	  22	  20	  50	  70	 642	577490	577963	   0	 170	
 240	 240	  70	   3	 622	   3	   2	   6	  15	  23	  20	  50	  70	 517	579757	580379	   0	 170	
 241	 241	  50	   1	 601	   2	   1	   6	  16	  23	  20	  50	  70	 527	582210	582811	   0	 180	
 242	 242	  20	   3	 505	   1	   2	   7	  16	  23	  20	  50	  70	 431	584530	585035	   0	 180	
 243	 243	  50	   2	 806	   2	   1	   7	  17	  23	  20	  50	  70	 521	586837	587643	   0	 170	
 244	 244	  20	   4	 526	   1	   2	   8	  17	  23	  20	  50	  70	 508	589436	589962	   0	 170	
 245	 245	  70	   3	 464	   3	   2	   8	  17	  24	  20	  50	  70	 679	591930	592394	   0	 170	
 246	 246	  50	   1	 803	   2	   1	   8	  18	  24	  20	  50	  70	 353	594023	594826	   0	 180	
 247	 247	  20	   4	 526	   1	   2	   9	  18	  24	  20	  50	  70	 605	596716	597242	   0	 180	
 248	 248	  50	   2	 808	   2	   1	   9	  19	  24	  20	  50	  70	 491	599010	599818	   0	 170	
 249	 249	  70	   1	 745	   3	   1	   9	  19	  25	  20	  50	  70	 393	601489	602234	   0	 180	
 250	 250	  20	   4	 550	   1	   2	  10	  19	  25	  20	  50	  70	 363	603876	604426	   0	 180	
 251	 251	  70	   4	 369	   3	   2	  10	  19	  26	  20	  50	  70	 678	606409	606778	   0	 180	
 252	 252	  50	   1	 550	   2	   1	  10	  20	  26	  20	  50	  70	 698	608756	609306	   0	 190	
 253	 253	  20	   4	 710	   1	   2	  11	  20	  26	  20	  50	  70	 490	611076	611786	   0	 190	
 254	 254	  70	   1	 486	   3	   1	  11	  20	  27	  20	  50	  70	 483	613556	614042	   0	 200	
 255	 255	  50	   1	 670	   2	   1	  11	  21	  27	  20	  50	  70	 670	615996	616666	   0	 210	
 256	 256	  70	   3	 369	   3	   2	  11	  21	  28	  20	  50	  70	 615	618569	618938	   0	 210	
 257	 257	  50	   4	 444	   2	   2	  11	  22	  28	  20	  50	  70	 646	620862	621306	   0	 210	
 258	 258	  70	   4	 670	   3	   2	  11	  22	  29	  20	  50	  70	 442	623036	623706	   0	 210	
 259	 259	  50	   2	 531	   2	   1	  11	  23	  29	  20	  50	  70	 467	625462	625993	   0	 200	
 260	 260	  70	   1	 512	   3	   1	  11	  23	  30	  20	  50	  70	 502	627769	628281	   0	 210	
 261	 261	  20	   4	 563	   1	   2	  12	  23	  30	  20	  50	  70	 512	630102	630665	   0	 210	
 262	 262	  50	   2	 870	   3	   1	  12	  23	   1	  20	  50	  50	 304	632275	633145	   3	 200	
 263	 263	  50	   2	 686	   2	   1	  12	  24	   1	  20	  50	  50	 610	635035	635721	   0	 190	
 264	 264	  20	   4	 531	   1	   2	  13	  24	   1	  20	  50	  50	 377	637382	637913	   0	 190	
 265	 265	  50	   4	 358	   3	   2	  13	  24	   2	  20	  50	  50	 530	639715	640073	   0	 190	
 266	 266	  50	   3	 574	   2	   2	  13	  25	   2	  20	  50	  50	 565	641915	642489	   0	 190	
 267	 267	  50	   3	 841	   3	   2	  13	  25	   3	  20	  50	  50	 435	644208	645049	   0	 190	
 268	 268	  50	   1	 867	   2	   1	  13	  26	   3	  20	  50	  50	 483	646822	647689	   0	 200	
 269	 269	  20	   3	 545	   1	   2	  14	  26	   3	  20	  50	  50	 312	649288	649833	   0	 200	
 270	 270	  50	   2	 753	   2	   1	  14	  27	   3	  20	  50	  50	 417	651528	652281	   0	 190	
 271	 271	  50	   4	 598	   3	   2	  14	  27	   4	  20	  50	  50	 600	654195	654793	   0	 190	
 272	 272	  50	   1	 908	   2	   1	  14	  28	   4	  20	  50	  50	 306	656381	657289	   0	 200	
 273	 273	  50	   3	 468	   3	   2	  14	  28	   5	  20	  50	  50	 332	658901	659369	   0	 200	
 274	 274	  50	   2	 868	   2	   1	  14	  29	   5	  20	  50	  50	 400	661061	661929	   0	 190	
 275	 275	  20	   4	 472	   1	   2	  15	  29	   5	  20	  50	  50	 517	663728	664200	   0	 190	
 276	 276	  50	   3	 515	   3	   2	  15	  29	   6	  20	  50	  50	 460	665941	666456	   0	 190	
 277	 277	  50	   1	 870	   2	   1	  15	  30	   6	  20	  50	  50	 304	668034	668904	   0	 200	
 278	 278	  20	   3	 518	   1	   2	  16	  30	   6	  20	  50	  50	 568	670754	671272	   0	 200	
 279	 279	  50	   4	 697	   3	   2	  16	  30	   7	  20	  50	  50	 305	672847	673544	   0	 200	
 280	 280	  20	   4	 582	   1	   2	  17	  30	   7	  20	  50	  50	 408	675234	675816	   0	 200	
 281	 281	  50	   4	 715	   3	   2	  17	  30	   8	  20	  50	  50	 378	677501	678216	   0	 200	
 282	 282	  20	   4	1070	   1	   2	  18	  30	   8	  20	  50	  50	 499	679994	681064	   0	 200	
 283	 283	  50	   3	 611	   3	   2	  18	  30	   9	  20	  50	  50	 636	682981	683592	   0	 200	
 284	 284	  50	   1	 769	   2	   1	  18	  31	   9	  20	  50	  50	 334	685207	685976	   0	 210	
 285	 285	  20	   4	 548	   1	   2	  19	  31	   9	  20	  50	  50	 523	687780	688328	   0	 210	
 286	 286	  50	   4	 401	   2	   2	  19	  32	   9	  20	  50	  50	 631	690247	690648	   0	 210	
 287	 287	  20	   4	 478	   1	   2	  20	  32	   9	  20	  50	  50	 382	692314	692792	   0	 210	
 288	 288	  50	   1	 766	   3	   1	  20	  32	  10	  20	  50	  50	 406	694474	695240	   0	 220	
 289	 289	  20	   4	 467	   1	   2	  21	  32	  10	  20	  50	  50	 454	696980	697447	   0	 220	
 290	 290	  50	   3	 680	   3	   2	  21	  32	  11	  20	  50	  50	 597	699327	700007	   0	 220	
 291	 291	  50	   3	 832	   2	   2	  21	  33	  11	  20	  50	  50	 616	701927	702759	   0	 220	
 292	 292	  50	   1	 571	   3	   1	  21	  33	  12	  20	  50	  50	 339	704380	704951	   0	 230	
 293	 293	  20	   4	 923	   2	   2	  21	   1	  12	  20	  20	  50	 445	706700	707623	   2	 230	
 294	 294	  50	   2	 809	   3	   1	  21	   1	  13	  20	  20	  50	 343	709246	710055	   0	 220	
 295	 295	  20	   3	 558	   1	   2	  22	   1	  13	  20	  20	  50	 421	711753	712311	   0	 220	
 296	 296	  20	   4	1017	   2	   2	  22	   2	  13	  20	  20	  50	 540	714126	715143	   0	 220	
 297	 297	  20	   4	 633	   1	   2	  23	   2	  13	  20	  20	  50	 417	716846	717479	   0	 220	
 298	 298	  20	   4	 614	   2	   2	  23	   3	  13	  20	  20	  50	 629	719393	720007	   0	 220	
 299	 299	  20	   4	 590	   1	   2	  24	   3	  13	  20	  20	  50	 615	721913	722503	   0	 220	
 300	 300	  20	   4	 436	   2	   2	  24	   4	  13	  20	  20	  50	 550	724339	724775	   0	 220	
 301	 301	  50	   3	 977	   3	   2	  24	   4	  14	  20	  20	  50	 481	726566	727543	   0	 220	
 302	 302	  20	   3	 526	   2	   2	  24	   5	  14	  20	  20	  50	 683	729513	730039	   0	 220	
 303	 303	  50	   1	 542	   3	   1	  24	   5	  15	  20	  20	  50	 506	731833	732375	   0	 230	
 304	 304	  20	   4	 395	   2	   2	  24	   6	  15	  20	  20	  50	 567	734219	734614	   0	 230	
 305	 305	  20	   4	 475	   1	   2	  25	   6	  15	  20	  20	  50	 329	736219	736694	   0	 230	
 306	 306	  50	   2	 558	   3	   1	  25	   6	  16	  20	  20	  50	 580	738552	739110	   0	 220	
 307	 307	  20	   4	 464	   1	   2	  26	   6	  16	  20	  20	  50	 340	740726	741190	   0	 220	
 308	 308	  50	   4	 699	   3	   2	  26	   6	  17	  20	  20	  50	 317	742779	743478	   0	 220	
 309	 309	  20	   4	 507	   1	   2	  27	   6	  17	  20	  20	  50	 501	745259	745766	   0	 220	
 310	 310	  50	   3	 355	   3	   2	  27	   6	  18	  20	  20	  50	 645	747699	748054	   0	 220	
 311	 311	  20	   3	 451	   1	   2	  28	   6	  18	  20	  20	  50	 660	750019	750470	   0	 220	
 312	 312	  50	   2	 587	   3	   1	  28	   6	  19	  20	  20	  50	 474	752219	752806	   0	 210	
 313	 313	  20	   4	 539	   2	   2	  28	   7	  19	  20	  20	  50	 685	754779	755318	   0	 210	
 314	 314	  50	   4	 401	   3	   2	  28	   7	  20	  20	  20	  50	 363	756965	757366	   0	 210	
 315	 315	  20	   4	 385	   2	   2	  28	   8	  20	  20	  20	  50	 634	759285	759670	   0	 210	
 316	 316	  20	   4	 449	   1	   2	  29	   8	  20	  20	  20	  50	 500	761445	761894	   0	 210	
 317	 317	  20	   3	 438	   2	   2	  29	   9	  20	  20	  20	  50	 533	763712	764150	   0	 210	
 318	 318	  50	   2	 668	   3	   1	  29	   9	  21	  20	  20	  50	 549	765978	766646	   0	 200	
 319	 319	  20	   4	 399	   2	   2	  29	  10	  21	  20	  20	  50	 696	768631	769030	   0	 200	
 320	 320	  20	   4	 451	   1	   2	  30	  10	  21	  20	  20	  50	 427	770738	771189	   0	 200	
 321	 321	  50	   1	 824	   3	   1	  30	  10	  22	  20	  20	  50	 589	773085	773909	   0	 210	
 322	 322	  20	   4	 488	   1	   2	  31	  10	  22	  20	  20	  50	 383	775565	776053	   0	 210	
 323	 323	  50	   2	 598	   3	   1	  31	  10	  23	  20	  20	  50	 300	777631	778229	   0	 200	
 324	 324	  20	   4	 360	   1	   2	  32	  10	  23	  20	  20	  50	 385	779885	780245	   0	 200	
 325	 325	  20	   4	 547	   2	   2	  32	  11	  23	  20	  20	  50	 402	781938	782485	   0	 200	
 326	 326	  20	   3	 427	   1	   2	  33	  11	  23	  20	  20	  50	 444	784218	784645	   0	 200	
 327	 327	  50	   3	 411	   3	   2	  33	  11	  24	  20	  20	  50	 600	786538	786949	   0	 200	
 328	 328	  20	   4	 633	   2	   2	  33	  12	  24	  20	  20	  50	 376	788604	789237	   0	 200	
 329	 329	  50	   1	 723	   3	   1	  33	  12	  25	  20	  20	  50	 454	790978	791701	   0	 210	
 330	 330	  20	   4	 524	   2	   2	  33	  13	  25	  20	  20	  50	 354	793337	793861	   0	 210	
 331	 331	  20	   4	 564	   1	   2	  34	  13	  25	  20	  20	  50	 610	795777	796341	   0	 210	
 332	 332	  20	   2	 777	   2	   1	  34	  14	  25	  20	  20	  50	 660	798284	799061	   0	 200	
 333	 333	  50	   2	1262	   3	   1	  34	  14	  26	  20	  20	  50	 683	801031	802293	   0	 190	
 334	 334	  20	   2	1027	   1	   1	  35	  14	  26	  20	  20	  50	 529	804097	805124	   0	 180	
 335	 335	  20	   2	1424	   2	   1	  35	  15	  26	  20	  20	  50	 549	806964	808388	   0	 170	
 336	 336	  50	   3	 398	   3	   2	  35	  15	  27	  20	  20	  50	 568	810230	810628	   0	 170	
 337	 337	  80	   1	 678	   1	   1	   1	  15	  27	  80	  20	  50	 412	812350	813028	   1	 180	
 338	 338	  20	   4	 515	   2	   2	   1	  16	  27	  80	  20	  50	 426	814737	815252	   0	 180	
 339	 339	  80	   1	 806	   1	   1	   2	  16	  27	  80	  20	  50	 384	816910	817716	   0	 190	
 340	 340	  20	   4	 481	   2	   2	   2	  17	  27	  80	  20	  50	 359	819363	819844	   0	 190	
 341	 341	  80	   1	 558	   1	   1	   3	  17	  27	  80	  20	  50	 513	821670	822228	   0	 200	
 342	 342	  50	   3	 435	   3	   2	   3	  17	  28	  80	  20	  50	 596	824097	824532	   0	 200	
 343	 343	  80	   1	 673	   1	   1	   4	  17	  28	  80	  20	  50	 670	826483	827156	   0	 210	
 344	 344	  20	   3	 585	   2	   2	   4	  18	  28	  80	  20	  50	 402	828843	829428	   0	 210	
 345	 345	  50	   2	 524	   3	   1	   4	  18	  29	  80	  20	  50	 552	831256	831780	   0	 200	
 346	 346	  20	   3	 446	   2	   2	   4	  19	  29	  80	  20	  50	 526	833590	834036	   0	 200	
 347	 347	  80	   2	 361	   1	   1	   5	  19	  29	  80	  20	  50	 648	835963	836324	   0	 190	
 348	 348	  20	   4	 516	   2	   2	   5	  20	  29	  80	  20	  50	 401	838016	838532	   0	 190	
 349	 349	  50	   4	 639	   3	   2	   5	  20	  30	  80	  20	  50	 663	840469	841108	   0	 190	
 350	 350	  80	   1	 424	   1	   1	   6	  20	  30	  80	  20	  50	 538	842923	843347	   0	 200	
 351	 351	  50	   4	 571	   3	   2	   6	  20	  31	  80	  20	  50	 599	845256	845827	   0	 200	
 352	 352	  80	   1	 387	   1	   1	   7	  20	  31	  80	  20	  50	 596	847696	848083	   0	 210	
 353	 353	  50	   4	 702	   3	   2	   7	  20	  32	  80	  20	  50	 385	849749	850451	   0	 210	
 354	 354	  80	   1	 467	   1	   1	   8	  20	  32	  80	  20	  50	 360	852096	852563	   0	 220	
 355	 355	  20	   3	 502	   2	   2	   8	  21	  32	  80	  20	  50	 336	854189	854691	   0	 220	
 356	 356	  80	   2	 425	   1	   1	   9	  21	  32	  80	  20	  50	 474	856442	856867	   0	 210	
 357	 357	  50	   3	 563	   3	   2	   9	  21	  33	  80	  20	  50	 349	858496	859059	   0	 210	
 358	 358	  20	   4	 737	   2	   2	   9	  22	  33	  80	  20	  50	 533	860882	861619	   0	 210	
 359	 359	  70	   3	1014	   3	   2	   9	  22	   1	  80	  20	  70	 541	863469	864483	   3	 210	
 360	 360	  20	   4	 873	   2	   2	   9	  23	   1	  80	  20	  70	 349	866122	866995	   0	 210	
 361	 361	  80	   1	1006	   1	   1	  10	  23	   1	  80	  20	  70	 588	868949	869955	   0	 220	
 362	 362	  20	   4	 729	   2	   2	  10	  24	   1	  80	  20	  70	 480	871722	872451	   0	 220	
 363	 363	  70	   2	1030	   3	   1	  10	  24	   2	  80	  20	  70	 542	874269	875299	   0	 210	
 364	 364	  80	   1	 643	   1	   1	  11	  24	   2	  80	  20	  70	 554	877135	877778	   0	 220	
 365	 365	  70	   4	 776	   3	   2	  11	  24	   3	  80	  20	  70	 498	879562	880338	   0	 220	
 366	 366	  20	   4	 539	   2	   2	  11	  25	   3	  80	  20	  70	 667	882295	882834	   0	 220	
 367	 367	  70	   3	 886	   3	   2	  11	  25	   4	  80	  20	  70	 393	884508	885394	   0	 220	
 368	 368	  20	   4	 491	   2	   2	  11	  26	   4	  80	  20	  70	 575	887255	887746	   0	 220	
 369	 369	  80	   1	 566	   1	   1	  12	  26	   4	  80	  20	  70	 449	889468	890034	   0	 230	
 370	 370	  70	   3	 606	   3	   2	  12	  26	   5	  80	  20	  70	 432	891748	892354	   0	 230	
 371	 371	  20	   3	 539	   2	   2	  12	  27	   5	  80	  20	  70	 550	894215	894754	   0	 230	
 372	 372	  70	   1	 798	   3	   1	  12	  27	   6	  80	  20	  70	 677	896708	897506	   0	 240	
 373	 373	  80	   3	 510	   1	   2	  13	  27	   6	  80	  20	  70	 560	899348	899858	   0	 240	
 374	 374	  70	   2	 929	   3	   1	  13	  27	   7	  80	  20	  70	 305	901441	902370	   0	 230	
 375	 375	  80	   3	 369	   1	   2	  14	  27	   7	  80	  20	  70	 673	904321	904690	   0	 230	
 376	 376	  70	   1	 609	   3	   1	  14	  27	   8	  80	  20	  70	 434	906401	907010	   0	 240	
 377	 377	  20	   4	 988	   2	   2	  14	  28	   8	  80	  20	  70	 403	908694	909682	   0	 240	
 378	 378	  80	   1	 404	   1	   1	  15	  28	   8	  80	  20	  70	 320	911294	911698	   0	 250	
 379	 379	  70	   1	 691	   3	   1	  15	  28	   9	  80	  20	  70	 395	913374	914065	   0	 260	
 380	 380	  80	   1	 480	   1	   1	  16	  28	   9	  80	  20	  70	 495	915841	916321	   0	 270	
 381	 381	  70	   1	 366	   3	   1	  16	  28	  10	  80	  20	  70	 594	918227	918593	   0	 280	
 382	 382	  80	   1	 475	   1	   1	  17	  28	  10	  80	  20	  70	 420	920294	920769	   0	 290	
 383	 383	  20	   4	 486	   2	   2	  17	  29	  10	  80	  20	  70	 616	922667	923153	   0	 290	
 384	 384	  80	   2	 435	   1	   1	  18	  29	  10	  80	  20	  70	 615	925054	925489	   0	 280	
 385	 385	  70	   2	 465	   3	   1	  18	  29	  11	  80	  20	  70	 668	927440	927905	   0	 270	
 386	 386	  80	   2	 489	   1	   1	  19	  29	  11	  80	  20	  70	 534	929720	930209	   0	 260	
 387	 387	  20	   4	 411	   2	   2	  19	  30	  11	  80	  20	  70	 640	932134	932545	   0	 260	
 388	 388	  70	   1	 553	   3	   1	  19	  30	  12	  80	  20	  70	 699	934520	935073	   0	 270	
 389	 389	  20	   4	 638	   2	   2	  19	  31	  12	  80	  20	  70	 671	937027	937665	   0	 270	
 390	 390	  70	   1	 481	   3	   1	  19	  31	  13	  80	  20	  70	 582	939520	940001	   0	 280	
 391	 391	  80	   1	 489	   1	   1	  20	  31	  13	  80	  20	  70	 646	941960	942449	   0	 290	
 392	 392	  70	   2	 454	   3	   1	  20	  31	  14	  80	  20	  70	 615	944347	944801	   0	 280	
 393	 393	  20	   4	 388	   2	   2	  20	  32	  14	  80	  20	  70	 490	946573	946961	   0	 280	
 394	 394	  70	   1	 560	   3	   1	  20	  32	  15	  80	  20	  70	 549	948800	949360	   0	 290	
 395	 395	  20	   3	 475	   2	   2	  20	  33	  15	  80	  20	  70	 446	951093	951568	   0	 290	
 396	 396	  70	   3	 547	   3	   2	  20	  33	  16	  80	  20	  70	 530	953373	953920	   0	 290	
 397	 397	  80	   2	 510	   1	   1	  21	  33	  16	  80	  20	  70	 302	955506	956016	   0	 280	
 398	 398	  70	   4	 563	   3	   2	  21	  33	  17	  80	  20	  70	 634	957933	958496	   0	 280	
 399	 399	  20	   4	 680	   2	   2	  21	  34	  17	  80	  20	  70	 344	960120	960800	   0	 280	
 400	 400	  80	   1	 539	   1	   1	  22	  34	  17	  80	  20	  70	 527	962613	963152	   0	 290	
 401	 401	  20	   2	 582	   2	   1	  22	  35	  17	  80	  20	  70	 361	964826	965408	   0	 280	
 402	 402	  80	   1	 526	   1	   1	  23	  35	  17	  80	  20	  70	 341	967026	967552	   0	 290	
 403	 403	  80	   3	1003	   2	   2	  23	   1	  17	  80	  80	  70	 378	969253	970256	   2	 290	
 404	 404	  80	   1	 526	   1	   1	  24	   1	  17	  80	  80	  70	 447	971986	972512	   0	 300	
 405	 405	  80	   1	 390	   2	   1	  24	   2	  17	  80	  80	  70	 395	974186	974576	   0	 310	
 406	 406	  80	   1	 556	   1	   1	  25	   2	  17	  80	  80	  70	 354	976212	976768	   0	 320	
 407	 407	  80	   1	 550	   2	   1	  25	   3	  17	  80	  80	  70	 463	978506	979056	   0	 330	
 408	 408	  80	   1	 521	   1	   1	  26	   3	  17	  80	  80	  70	 583	980919	981440	   0	 340	
 409	 409	  80	   2	 372	   2	   1	  26	   4	  17	  80	  80	  70	 648	983372	983744	   0	 330	
 410	 410	  80	   2	 326	   1	   1	  27	   4	  17	  80	  80	  70	 440	985465	985791	   0	 320	
 411	 411	  80	   1	 395	   2	   1	  27	   5	  17	  80	  80	  70	 469	987572	987967	   0	 330	
 412	 412	  80	   1	 440	   1	   1	  28	   5	  17	  80	  80	  70	 391	989639	990079	   0	 340	
 413	 413	  80	   1	 414	   2	   1	  28	   6	  17	  80	  80	  70	 696	992065	992479	   0	 350	
 414	 414	  80	   1	 443	   1	   1	  29	   6	  17	  80	  80	  70	 447	994212	994655	   0	 360	
 415	 415	  80	   1	 342	   2	   1	  29	   7	  17	  80	  80	  70	 646	996585	996927	   0	 370	
 416	 416	  80	   1	 419	   1	   1	  30	   7	  17	  80	  80	  70	 451	998652	999071	   0	 380	
 417	 417	  70	   1	 779	   3	   1	  30	   7	  18	  80	  80	  70	 343	1000692	1001471	   0	 390	
 418	 418	  80	   1	 478	   2	   1	  30	   8	  18	  80	  80	  70	 588	1003345	1003823	   0	 400	
 419	 419	  30	   2	 635	   1	   1	   1	   8	  18	  30	  80	  70	 493	1005652	1006287	   1	 390	
 420	 420	  80	   2	 542	   2	   1	   1	   9	  18	  30	  80	  70	 656	1008225	1008767	   0	 380	
 421	 421	  70	   1	 641	   3	   1	   1	   9	  19	  30	  80	  70	 328	1010398	1011039	   0	 390	
 422	 422	  80	   1	 449	   2	   1	   1	  10	  19	  30	  80	  70	 629	1012958	1013407	   0	 400	
 423	 423	  30	   3	 430	   1	   2	   2	  10	  19	  30	  80	  70	 416	1015105	1015535	   0	 400	
 424	 424	  70	   1	 532	   3	   1	   2	  10	  20	  30	  80	  70	 478	1017291	1017823	   0	 410	
 425	 425	  80	   2	 526	   2	   1	   2	  11	  20	  30	  80	  70	 401	1019505	1020031	   0	 400	
 426	 426	  30	   1	 760	   1	   1	   3	  11	  20	  30	  80	  70	 651	1021958	1022718	   0	 410	
 427	 427	  70	   1	 520	   3	   1	   3	  11	  21	  30	  80	  70	 674	1024678	1025198	   0	 420	
 428	 428	  80	   3	 568	   2	   2	   3	  12	  21	  30	  80	  70	 596	1027078	1027646	   0	 420	
 429	 429	  30	   4	 827	   1	   2	   4	  12	  21	  30	  80	  70	 408	1029331	1030158	   0	 420	
 430	 430	  70	   2	 555	   3	   1	   4	  12	  22	  30	  80	  70	 690	1032131	1032686	   0	 410	
 431	 431	  80	   1	 473	   2	   1	   4	  13	  22	  30	  80	  70	 446	1034437	1034910	   0	 420	
 432	 432	  70	   2	 454	   3	   1	   4	  13	  23	  30	  80	  70	 629	1036824	1037278	   0	 410	
 433	 433	  80	   1	 483	   2	   1	   4	  14	  23	  30	  80	  70	 328	1038891	1039374	   0	 420	
 434	 434	  70	   3	 475	   3	   2	   4	  14	  24	  30	  80	  70	 595	1041251	1041726	   0	 420	
 435	 435	  80	   1	 518	   2	   1	   4	  15	  24	  30	  80	  70	 378	1043384	1043902	   0	 430	
 436	 436	  70	   3	 500	   3	   2	   4	  15	  25	  30	  80	  70	 353	1045530	1046030	   0	 430	
 437	 437	  30	   4	 622	   1	   2	   5	  15	  25	  30	  80	  70	 593	1047904	1048526	   0	 430	
 438	 438	  70	   1	 614	   3	   1	   5	  15	  26	  30	  80	  70	 300	1050104	1050718	   0	 440	
 439	 439	  30	   4	 577	   1	   2	   6	  15	  26	  30	  80	  70	 308	1052317	1052894	   0	 440	
 440	 440	  70	   1	 486	   3	   1	   6	  15	  27	  30	  80	  70	 412	1054584	1055070	   0	 450	
 441	 441	  80	   1	 512	   2	   1	   6	  16	  27	  30	  80	  70	 577	1056957	1057469	   0	 460	
 442	 442	  70	   2	 512	   3	   1	   6	  16	  28	  30	  80	  70	 446	1059197	1059709	   0	 450	
 443	 443	  30	   3	 376	   1	   2	   7	  16	  28	  30	  80	  70	 321	1061317	1061693	   0	 450	
 444	 444	  80	   3	 352	   2	   2	   7	  17	  28	  30	  80	  70	 543	1063517	1063869	   0	 450	
 445	 445	  30	   2	 222	   1	   1	   8	  17	  28	  30	  80	  70	 428	1065583	1065805	   0	 440	
 446	 446	  80	   2	 536	   2	   1	   8	  18	  28	  30	  80	  70	 313	1067397	1067933	   0	 430	
 447	 447	  30	   4	 505	   1	   2	   9	  18	  28	  30	  80	  70	 579	1069796	1070301	   0	 430	
 448	 448	  80	   1	 539	   2	   1	   9	  19	  28	  30	  80	  70	 398	1071970	1072509	   0	 440	
 449	 449	  30	   4	 603	   1	   2	  10	  19	  28	  30	  80	  70	 505	1074290	1074893	   0	 440	
 450	 450	  70	   1	 561	   3	   1	  10	  19	  29	  30	  80	  70	 545	1076716	1077277	   0	 450	
 451	 451	  30	   3	 598	   1	   2	  11	  19	  29	  30	  80	  70	 307	1078903	1079501	   0	 450	
 452	 452	  80	   1	 542	   2	   1	  11	  20	  29	  30	  80	  70	 404	1081183	1081725	   0	 460	
 453	 453	  70	   1	 358	   3	   1	  11	  20	  30	  30	  80	  70	 622	1083623	1083981	   0	 470	
 454	 454	  80	   1	 654	   2	   1	  11	  21	  30	  30	  80	  70	 405	1085663	1086317	   0	 480	
 455	 455	  30	   4	 718	   1	   2	  12	  21	  30	  30	  80	  70	 464	1088063	1088781	   0	 480	
 456	 456	  80	   3	 526	   2	   2	  12	  22	  30	  30	  80	  70	 643	1090703	1091229	   0	 480	
 457	 457	  70	   1	 443	   3	   1	  12	  22	  31	  30	  80	  70	 500	1093009	1093452	   0	 490	
 458	 458	  30	   4	 518	   1	   2	  13	  22	  31	  30	  80	  70	 484	1095222	1095740	   0	 490	
 459	 459	  70	   1	 667	   3	   1	  13	  22	  32	  30	  80	  70	 553	1097569	1098236	   0	 500	
 460	 460	  30	   3	 872	   1	   2	  14	  22	  32	  30	  80	  70	 351	1099876	1100748	   0	 500	
 461	 461	  80	   1	 550	   2	   1	  14	  23	  32	  30	  80	  70	 519	1102582	1103132	   0	 510	
 462	 462	  70	   1	 489	   3	   1	  14	  23	  33	  30	  80	  70	 585	1104995	1105484	   0	 520	
 463	 463	  30	   4	 659	   1	   2	  15	  23	  33	  30	  80	  70	 679	1107449	1108108	   0	 520	
 464	 464	  80	   1	 486	   2	   1	  15	  24	  33	  30	  80	  70	 393	1109782	1110268	   0	 530	
 465	 465	  30	   2	 822	   1	   1	  16	  24	  33	  30	  80	  70	 395	1111942	1112764	   0	 520	
 466	 466	  70	   2	 555	   3	   1	  16	  24	  34	  30	  80	  70	 401	1114449	1115004	   0	 510	
 467	 467	  80	   2	 548	   2	   1	  16	  25	  34	  30	  80	  70	 600	1116888	1117436	   0	 500	
 468	 468	  70	   1	 537	   3	   1	  16	  25	  35	  30	  80	  70	 667	1119395	1119932	   0	 510	
 469	 469	  30	   1	 556	   1	   1	  17	  25	  35	  30	  80	  70	 669	1121888	1122444	   0	 520	
 470	 470	  80	   1	 836	   2	   1	  17	  26	  35	  30	  80	  70	 605	1124328	1125164	   0	 530	
 471	 471	  30	   4	 526	   1	   2	  18	  26	  35	  30	  80	  70	 309	1126782	1127308	   0	 530	
 472	 472	  50	   2	1051	   3	   1	  18	  26	   1	  30	  80	  50	 467	1129088	1130139	   3	 520	
 473	 473	  30	   4	 739	   1	   2	  19	  26	   1	  30	  80	  50	 598	1132008	1132747	   0	 520	
 474	 474	  80	   1	 739	   2	   1	  19	  27	   1	  30	  80	  50	 540	1134568	1135307	   0	 530	
 475	 475	  30	   4	 838	   1	   2	  20	  27	   1	  30	  80	  50	 397	1136981	1137819	   0	 530	
 476	 476	  50	   3	 544	   3	   2	  20	  27	   2	  30	  80	  50	 495	1139595	1140139	   0	 530	
 477	 477	  80	   1	1227	   2	   1	  20	  28	   2	  30	  80	  50	 558	1141968	1143195	   0	 540	
 478	 478	  50	   2	 862	   3	   1	  20	  28	   3	  30	  80	  50	 625	1145101	1145963	   0	 530	
 479	 479	  80	   4	 505	   2	   2	  20	  29	   3	  30	  80	  50	 634	1147874	1148379	   0	 530	
 480	 480	  30	   2	 387	   1	   1	  21	  29	   3	  30	  80	  50	 678	1150328	1150715	   0	 520	
 481	 481	  50	   4	 828	   3	   2	  21	  29	   4	  30	  80	  50	 503	1152527	1153355	   0	 520	
 482	 482	  80	   1	 569	   2	   1	  21	  30	   4	  30	  80	  50	 515	1155154	1155723	   0	 530	
 483	 483	  50	   3	 777	   3	   2	  21	  30	   5	  30	  80	  50	 556	1157554	1158331	   0	 530	
 484	 484	  20	   3	1289	   2	   2	  21	   1	   5	  30	  20	  50	 456	1160114	1161403	   2	 530	
 485	 485	  30	   3	 697	   1	   2	  22	   1	   5	  30	  20	  50	 313	1162994	1163691	   0	 530	
 486	 486	  20	   2	 558	   2	   1	  22	   2	   5	  30	  20	  50	 368	1165340	1165898	   0	 520	
 487	 487	  50	   1	 736	   3	   1	  22	   2	   6	  30	  20	  50	 503	1167674	1168410	   0	 530	
 488	 488	  20	   2	 742	   2	   1	  22	   3	   6	  30	  20	  50	 326	1170020	1170762	   0	 520	
 489	 489	  30	   3	 502	   1	   2	  23	   3	   6	  30	  20	  50	 460	1172500	1173002	   0	 520	
 490	 490	  50	   1	 544	   3	   1	  23	   3	   7	  30	  20	  50	 347	1174634	1175178	   0	 530	
 491	 491	  30	   2	 587	   1	   1	  24	   3	   7	  30	  20	  50	 370	1176847	1177434	   0	 520	
 492	 492	  50	   1	 286	   3	   1	  24	   3	   8	  30	  20	  50	 384	1179100	1179386	   0	 530	
 493	 493	  20	   1	 491	   2	   1	  24	   4	   8	  30	  20	  50	 343	1181007	1181498	   0	 540	
 494	 494	  50	   4	 635	   3	   2	  24	   4	   9	  30	  20	  50	 556	1183327	1183962	   0	 540	
 495	 495	  30	   4	 678	   1	   2	  25	   4	   9	  30	  20	  50	 463	1185700	1186378	   0	 540	
 496	 496	  20	   2	 649	   2	   1	  25	   5	   9	  30	  20	  50	 303	1187953	1188602	   0	 530	
 497	 497	  50	   2	 766	   3	   1	  25	   5	  10	  30	  20	  50	 493	1190380	1191146	   0	 520	
 498	 498	  30	   4	 828	   1	   2	  26	   5	  10	  30	  20	  50	 422	1192846	1193674	   0	 520	
 499	 499	  50	   3	 665	   3	   2	  26	   5	  11	  30	  20	  50	 355	1195313	1195978	   0	 520	
 500	 500	  30	   4	1086	   1	   2	  27	   5	  11	  30	  20	  50	 651	1197900	1198986	   0	 520	
 501	 501	  50	   4	 534	   3	   2	  27	   5	  12	  30	  20	  50	 526	1200819	1201353	   0	 520	
 502	 502	  20	   4	 558	   2	   2	  27	   6	  12	  30	  20	  50	 625	1203259	1203817	   0	 520	
 503	 503	  30	   3	 414	   1	   2	  28	   6	  12	  30	  20	  50	 652	1205739	1206153	   0	 520	
 504	 504	  50	   3	 555	   3	   2	  28	   6	  13	  30	  20	  50	 364	1207806	1208361	   0	 520	
 505	 505	  30	   4	 376	   1	   2	  29	   6	  13	  30	  20	  50	 556	1210193	1210569	   0	 520	
 506	 506	  20	   4	 595	   2	   2	  29	   7	  13	  30	  20	  50	 315	1212166	1212761	   0	 520	
 507	 507	  50	   3	 326	   3	   2	  29	   7	  14	  30	  20	  50	 694	1214739	1215065	   0	 520	
 508	 508	  20	   4	 537	   2	   2	  29	   8	  14	  30	  20	  50	 571	1216912	1217449	   0	 520	
 509	 509	  50	   4	 414	   3	   2	  29	   8	  15	  30	  20	  50	 687	1219419	1219833	   0	 520	
 510	 510	  30	   4	 307	   1	   2	  30	   8	  15	  30	  20	  50	 486	1221606	1221913	   0	 520	
 511	 511	  50	   4	 318	   3	   2	  30	   8	  16	  30	  20	  50	 430	1223659	1223977	   0	 520	
 512	 512	  30	   4	 265	   1	   2	  31	   8	  16	  30	  20	  50	 377	1225632	1225897	   0	 520	
 513	 513	  20	   4	 305	   2	   2	  31	   9	  16	  30	  20	  50	 493	1227672	1227977	   0	 520	
 514	 514	  30	   4	 166	   1	   2	  32	   9	  16	  30	  20	  50	 681	1229939	1230105	   0	 520	
 515	 515	  50	   3	 385	   3	   2	  32	   9	  17	  30	  20	  50	 610	1231992	1232377	   0	 520	
 516	 516	  30	   4	 345	   1	   2	  33	   9	  17	  30	  20	  50	 624	1234272	1234617	   0	 520	
 517	 517	  20	   4	 406	   2	   2	  33	  10	  17	  30	  20	  50	 364	1236259	1236665	   0	 520	
 518	 518	  50	   2	 328	   3	   1	  33	  10	  18	  30	  20	  50	 568	1238512	1238840	   0	 510	
 519	 519	  20	   4	 283	   2	   2	  33	  11	  18	  30	  20	  50	 484	1240605	1240888	   0	 510	
 520	 520	  80	   4	 374	   1	   2	   1	  11	  18	  80	  20	  50	 301	1242498	1242872	   1	 510	
 521	 521	  20	   4	 315	   2	   2	   1	  12	  18	  80	  20	  50	 503	1244685	1245000	   0	 510	
 522	 522	  50	   3	 334	   3	   2	   1	  12	  19	  80	  20	  50	 496	1246778	1247112	   0	 510	
 523	 523	  80	   3	 443	   1	   2	   2	  12	  19	  80	  20	  50	 362	1248765	1249208	   0	 510	
 524	 524	  50	   4	 446	   3	   2	   2	  12	  20	  80	  20	  50	 524	1251018	1251464	   0	 510	
 525	 525	  80	   3	 398	   1	   2	   3	  12	  20	  80	  20	  50	 589	1253338	1253736	   0	 510	
 526	 526	  50	   4	 523	   3	   2	   3	  12	  21	  80	  20	  50	 388	1255405	1255928	   0	 510	
 527	 527	  80	   2	 425	   1	   1	   4	  12	  21	  80	  20	  50	 653	1257871	1258296	   0	 500	
 528	 528	  50	   4	 297	   3	   2	   4	  12	  22	  80	  20	  50	 459	1260031	1260328	   0	 500	
 529	 529	  80	   3	 374	   1	   2	   5	  12	  22	  80	  20	  50	 332	1261938	1262312	   0	 500	
 530	 530	  50	   1	 644	   3	   1	   5	  12	  23	  80	  20	  50	 487	1264084	1264728	   0	 510	
 531	 531	  80	   1	 526	   1	   1	   6	  12	  23	  80	  20	  50	 582	1266618	1267144	   0	 520	
 532	 532	  50	   3	 468	   3	   2	   6	  12	  24	  80	  20	  50	 693	1269124	1269592	   0	 520	
 533	 533	  80	   3	 502	   1	   2	   7	  12	  24	  80	  20	  50	 494	1271378	1271880	   0	 520	
 534	 534	  20	   4	 584	   2	   2	   7	  13	  24	  80	  20	  50	 314	1273471	1274055	   0	 520	
 535	 535	  50	   3	 638	   3	   2	   7	  13	  25	  80	  20	  50	 651	1275977	1276615	   0	 520	
 536	 536	  20	   3	 480	   2	   2	   7	  14	  25	  80	  20	  50	 662	1278551	1279031	   0	 520	
 537	 537	  80	   1	 363	   1	   1	   8	  14	  25	  80	  20	  50	 680	1281004	1281367	   0	 530	
 538	 538	  50	   1	 494	   3	   1	   8	  14	  26	  80	  20	  50	 522	1283177	1283671	   0	 540	
 539	 539	  20	   4	 603	   2	   2	   8	  15	  26	  80	  20	  50	 524	1285484	1286087	   0	 540	
 540	 540	  50	   4	 409	   3	   2	   8	  15	  27	  80	  20	  50	 664	1288030	1288439	   0	 540	
 541	 541	  20	   3	 614	   2	   2	   8	  16	  27	  80	  20	  50	 669	1290417	1291031	   0	 540	
 542	 542	  50	   4	 737	   3	   2	   8	  16	  28	  80	  20	  50	 633	1292950	1293687	   0	 540	
 543	 543	  20	   4	 422	   2	   2	   8	  17	  28	  80	  20	  50	 481	1295457	1295879	   0	 540	
 544	 544	  80	   1	 460	   1	   1	   9	  17	  28	  80	  20	  50	 401	1297563	1298023	   0	 550	
 545	 545	  20	   4	 372	   2	   2	   9	  18	  28	  80	  20	  50	 376	1299683	1300055	   0	 550	
 546	 546	  50	   1	 737	   3	   1	   9	  18	  29	  80	  20	  50	 504	1301830	1302567	   0	 560	
 547	 547	  20	   4	 460	   2	   2	   9	  19	  29	  80	  20	  50	 434	1304283	1304743	   0	 560	
 548	 548	  80	   1	 438	   1	   1	  10	  19	  29	  80	  20	  50	 552	1306577	1307015	   0	 570	
 549	 549	  50	   4	 297	   3	   2	  10	  19	  30	  80	  20	  50	 302	1308590	1308887	   0	 570	
 550	 550	  20	   4	 384	   2	   2	  10	  20	  30	  80	  20	  50	 623	1310790	1311174	   0	 570	
 551	 551	  80	   1	 507	   1	   1	  11	  20	  30	  80	  20	  50	 362	1312843	1313350	   0	 580	
 552	 552	  20	   4	 296	   2	   2	  11	  21	  30	  80	  20	  50	 512	1315150	1315446	   0	 580	
 553	 553	  80	   3	 387	   1	   2	  12	  21	  30	  80	  20	  50	 313	1317043	1317430	   0	 580	
 554	 554	  50	   3	 622	   3	   2	  12	  21	  31	  80	  20	  50	 303	1319016	1319638	   0	 580	
 555	 555	  20	   3	 569	   2	   2	  12	  22	  31	  80	  20	  50	 391	1321309	1321878	   0	 580	
 556	 556	  50	   2	 542	   3	   1	  12	  22	  32	  80	  20	  50	 499	1323656	1324198	   0	 570	
 557	 557	  80	   1	 377	   1	   1	  13	  22	  32	  80	  20	  50	 317	1325789	1326166	   0	 580	
 558	 558	  50	   4	 401	   3	   2	  13	  22	  33	  80	  20	  50	 305	1327749	1328150	   0	 580	
 559	 559	  80	   2	 403	   1	   1	  14	  22	  33	  80	  20	  50	 572	1330003	1330406	   0	 570	
 560	 560	  30	   2	 905	   3	   1	  14	  22	   1	  80	  20	  30	 615	1332349	1333254	   3	 560	
 561	 561	  80	   1	 577	   1	   1	  15	  22	   1	  80	  20	  30	 637	1335189	1335766	   0	 570	
 562	 562	  20	   4	 633	   2	   2	  15	  23	   1	  80	  20	  30	 504	1337549	1338182	   0	 570	
 563	 563	  30	   4	 361	   3	   2	  15	  23	   2	  80	  20	  30	 645	1340109	1340470	   0	 570	
 564	 564	  20	   4	 417	   2	   2	  15	  24	   2	  80	  20	  30	 631	1342389	1342806	   0	 570	
 565	 565	  80	   4	 358	   1	   2	  16	  24	   2	  80	  20	  30	 646	1344735	1345093	   0	 570	
 566	 566	  20	   4	 512	   2	   2	  16	  25	   2	  80	  20	  30	 662	1347029	1347541	   0	 570	
 567	 567	  80	   3	 454	   1	   2	  17	  25	   2	  80	  20	  30	 394	1349215	1349669	   0	 570	
 568	 568	  30	   4	 662	   3	   2	  17	  25	   3	  80	  20	  30	 495	1351455	1352117	   0	 570	
 569	 569	  20	   4	 619	   2	   2	  17	  26	   3	  80	  20	  30	 328	1353722	1354341	   0	 570	
 570	 570	  80	   1	 406	   1	   1	  18	  26	   3	  80	  20	  30	 391	1356015	1356421	   0	 580	
 571	 571	  20	   4	 491	   2	   2	  18	  27	   3	  80	  20	  30	 468	1358202	1358693	   0	 580	
 572	 572	  80	   1	 598	   1	   1	  19	  27	   3	  80	  20	  30	 369	1360335	1360933	   0	 590	
 573	 573	  30	   4	 694	   3	   2	  19	  27	   4	  80	  20	  30	 439	1362655	1363349	   0	 590	
 574	 574	  20	   3	 614	   2	   2	  19	  28	   4	  80	  20	  30	 660	1365295	1365909	   0	 590	
 575	 575	  30	   3	 582	   3	   2	  19	  28	   5	  80	  20	  30	 653	1367855	1368437	   0	 590	
 576	 576	  20	   4	 609	   2	   2	  19	  29	   5	  80	  20	  30	 593	1370308	1370917	   0	 590	
 577	 577	  80	   1	 537	   1	   1	  20	  29	   5	  80	  20	  30	 395	1372588	1373125	   0	 600	
 578	 578	  20	   4	 558	   2	   2	  20	  30	   5	  80	  20	  30	 526	1374935	1375493	   0	 600	
 579	 579	  30	   4	 582	   3	   2	  20	  30	   6	  80	  20	  30	 611	1377375	1377957	   0	 600	
 580	 580	  20	   4	 652	   2	   2	  20	  31	   6	  80	  20	  30	 639	1379881	1380533	   0	 600	
 581	 581	  80	   1	 584	   1	   1	  21	  31	   6	  80	  20	  30	 347	1382188	1382772	   0	 610	
 582	 582	  20	   4	 382	   2	   2	  21	  32	   6	  80	  20	  30	 568	1384614	1384996	   0	 610	
 583	 583	  30	   3	 614	   3	   2	  21	  32	   7	  80	  20	  30	 693	1386974	1387588	   0	 610	
 584	 584	  20	   4	 464	   2	   2	  21	  33	   7	  80	  20	  30	 635	1389508	1389972	   0	 610	
 585	 585	  30	   4	 662	   3	   2	  21	  33	   8	  80	  20	  30	 451	1391694	1392356	   0	 610	
 586	 586	  80	   2	 606	   1	   1	  22	  33	   8	  80	  20	  30	 579	1394214	1394820	   0	 600	
 587	 587	  30	   4	 331	   3	   2	  22	  33	   9	  80	  20	  30	 493	1396601	1396932	   0	 600	
 588	 588	  80	   1	 614	   1	   1	  23	  33	   9	  80	  20	  30	 606	1398814	1399428	   0	 610	
 589	 589	  20	   4	 529	   2	   2	  23	  34	   9	  80	  20	  30	 554	1401267	1401796	   0	 610	
 590	 590	  30	   3	 611	   3	   2	  23	  34	  10	  80	  20	  30	 606	1403681	1404292	   0	 610	
 591	 591	  80	   1	 374	   1	   1	  24	  34	  10	  80	  20	  30	 500	1406094	1406468	   0	 620	
 592	 592	  20	   4	 470	   2	   2	  24	  35	  10	  80	  20	  30	 495	1408254	1408724	   0	 620	
 593	 593	  80	   1	 809	   1	   1	  25	  35	  10	  80	  20	  30	 345	1410347	1411156	   0	 630	
 594	 594	  70	   3	 921	   2	   2	  25	   1	  10	  80	  70	  30	 619	1413067	1413988	   2	 630	
 595	 595	  80	   1	 577	   1	   1	  26	   1	  10	  80	  70	  30	 626	1415907	1416484	   0	 640	
 596	 596	  30	   4	 472	   3	   2	  26	   1	  11	  80	  70	  30	 345	1418107	1418579	   0	 640	
 597	 597	  80	   1	 624	   1	   1	  27	   1	  11	  80	  70	  30	 605	1420467	1421091	   0	 650	
 598	 598	  70	   1	 376	   2	   1	  27	   2	  11	  80	  70	  30	 534	1422907	1423283	   0	 660	
 599	 599	  80	   2	 451	   1	   1	  28	   2	  11	  80	  70	  30	 628	1425200	1425651	   0	 650	
 600	 600	  30	   2	 478	   3	   1	  28	   2	  12	  80	  70	  30	 571	1427493	1427971	   0	 640	
 601	 601	  80	   1	 585	   1	   1	  29	   2	  12	  80	  70	  30	 675	1429946	1430531	   0	 650	
 602	 602	  70	   1	 454	   2	   1	  29	   3	  12	  80	  70	  30	 688	1432493	1432947	   0	 660	
 603	 603	  30	   4	 478	   3	   2	  29	   3	  13	  80	  70	  30	 381	1434613	1435091	   0	 660	
 604	 604	  70	   1	 633	   2	   1	  29	   4	  13	  80	  70	  30	 693	1437066	1437699	   0	 670	
 605	 605	  30	   4	 505	   3	   2	  29	   4	  14	  80	  70	  30	 412	1439386	1439891	   0	 670	
 606	 606	  70	   2	 652	   2	   1	  29	   5	  14	  80	  70	  30	 396	1441559	1442211	   0	 660	
 607	 607	  30	   3	 513	   3	   2	  29	   5	  15	  80	  70	  30	 336	1443826	1444339	   0	 660	
 608	 608	  70	   1	 484	   2	   1	  29	   6	  15	  80	  70	  30	 544	1446159	1446643	   0	 670	
 609	 609	  30	   4	 505	   3	   2	  29	   6	  16	  80	  70	  30	 500	1448426	1448931	   0	 670	
 610	 610	  80	   1	 521	   1	   1	  30	   6	  16	  80	  70	  30	 303	1450506	1451027	   0	 680	
 611	 611	  70	   2	 558	   2	   1	  30	   7	  16	  80	  70	  30	 346	1452692	1453250	   0	 670	
 612	 612	  30	   4	 603	   3	   2	  30	   7	  17	  80	  70	  30	 389	1454919	1455522	   0	 670	
 613	 613	  70	   1	 515	   2	   1	  30	   8	  17	  80	  70	  30	 633	1457439	1457954	   0	 680	
 614	 614	  50	   2	 910	   1	   1	   1	   8	  17	  50	  70	  30	 474	1459732	1460642	   1	 670	
 615	 615	  70	   1	 587	   2	   1	   1	   9	  17	  50	  70	  30	 590	1462519	1463106	   0	 680	
 616	 616	  30	   4	 577	   3	   2	   1	   9	  18	  50	  70	  30	 474	1464865	1465442	   0	 680	
 617	 617	  50	   4	 758	   1	   2	   2	   9	  18	  50	  70	  30	 329	1467052	1467810	   0	 680	
 618	 618	  30	   3	 382	   3	   2	   2	   9	  19	  50	  70	  30	 401	1469492	1469874	   0	 680	
 619	 619	  70	   2	 571	   2	   1	   2	  10	  19	  50	  70	  30	 484	1471639	1472210	   0	 670	
 620	 620	  30	   3	 510	   3	   2	   2	  10	  20	  50	  70	  30	 321	1473812	1474322	   0	 670	
 621	 621	  70	   1	 622	   2	   1	   2	  11	  20	  50	  70	  30	 656	1476292	1476914	   0	 680	
 622	 622	  50	   4	 561	   1	   2	   3	  11	  20	  50	  70	  30	 346	1478545	1479106	   0	 680	
 623	 623	  70	   1	 628	   2	   1	   3	  12	  20	  50	  70	  30	 484	1480878	1481506	   0	 690	
 624	 624	  50	   3	 385	   1	   2	   4	  12	  20	  50	  70	  30	 632	1483425	1483810	   0	 690	
 625	 625	  30	   3	 550	   3	   2	   4	  12	  21	  50	  70	  30	 448	1485532	1486082	   0	 690	
 626	 626	  70	   1	 566	   2	   1	   4	  13	  21	  50	  70	  30	 645	1488012	1488578	   0	 700	
 627	 627	  50	   3	 480	   1	   2	   5	  13	  21	  50	  70	  30	 685	1490545	1491025	   0	 700	
 628	 628	  30	   4	 475	   3	   2	   5	  13	  22	  50	  70	  30	 604	1492918	1493393	   0	 700	
 629	 629	  50	   2	 480	   1	   1	   6	  13	  22	  50	  70	  30	 508	1495185	1495665	   0	 690	
 630	 630	  70	   3	 419	   2	   2	   6	  14	  22	  50	  70	  30	 560	1497518	1497937	   0	 690	
 631	 631	  30	   4	 651	   3	   2	   6	  14	  23	  50	  70	  30	 546	1499798	1500449	   0	 690	
 632	 632	  50	   1	 683	   1	   1	   7	  14	  23	  50	  70	  30	 313	1502038	1502721	   0	 700	
 633	 633	  70	   2	 566	   2	   1	   7	  15	  23	  50	  70	  30	 319	1504331	1504897	   0	 690	
 634	 634	  30	   4	 569	   3	   2	   7	  15	  24	  50	  70	  30	 491	1506664	1507233	   0	 690	
 635	 635	  50	   1	 601	   1	   1	   8	  15	  24	  50	  70	  30	 631	1509144	1509745	   0	 700	
 636	 636	  30	   4	 537	   3	   2	   8	  15	  25	  50	  70	  30	 597	1511624	1512161	   0	 700	
 637	 637	  50	   1	 564	   1	   1	   9	  15	  25	  50	  70	  30	 398	1513837	1514401	   0	 710	
 638	 638	  30	   4	 444	   3	   2	   9	  15	  26	  50	  70	  30	 512	1516197	1516641	   0	 710	
 639	 639	  70	   1	 556	   2	   1	   9	  16	  26	  50	  70	  30	 592	1518517	1519073	   0	 720	
 640	 640	  50	   2	 649	   1	   1	  10	  16	  26	  50	  70	  30	 386	1520744	1521393	   0	 710	
 641	 641	  70	   1	 457	   2	   1	  10	  17	  26	  50	  70	  30	 690	1523384	1523841	   0	 720	
 642	 642	  30	   3	 491	   3	   2	  10	  17	  27	  50	  70	  30	 432	1525557	1526048	   0	 720	
 643	 643	  50	   3	 374	   1	   2	  11	  17	  27	  50	  70	  30	 685	1528010	1528384	   0	 720	
 644	 644	  70	   3	 352	   2	   2	  11	  18	  27	  50	  70	  30	 470	1530144	1530496	   0	 720	
 645	 645	  30	   4	 459	   3	   2	  11	  18	  28	  50	  70	  30	 665	1532437	1532896	   0	 720	
 646	 646	  70	   2	 360	   2	   1	  11	  19	  28	  50	  70	  30	 644	1534824	1535184	   0	 710	
 647	 647	  50	   2	 366	   1	   1	  12	  19	  28	  50	  70	  30	 302	1536770	1537136	   0	 700	
 648	 648	  30	   4	 774	   3	   2	  12	  19	  29	  50	  70	  30	 637	1539050	1539824	   0	 700	
 649	 649	  50	   2	 785	   1	   1	  13	  19	  29	  50	  70	  30	 472	1541583	1542368	   0	 690	
 650	 650	  30	   3	 638	   3	   2	  13	  19	  30	  50	  70	  30	 411	1544050	1544688	   0	 690	
 651	 651	  70	   2	 539	   2	   1	  13	  20	  30	  50	  70	  30	 692	1546677	1547216	   0	 680	
 652	 652	  30	   4	 585	   3	   2	  13	  20	   1	  50	  70	  30	 321	1548823	1549408	   0	 680	
 653	 653	  50	   3	 617	   1	   2	  14	  20	   1	  50	  70	  30	 538	1551223	1551840	   0	 680	
 654	 654	  70	   2	 601	   2	   1	  14	  21	   1	  50	  70	  30	 424	1553543	1554144	   0	 670	
 655	 655	  50	   1	 641	   1	   1	  15	  21	   1	  50	  70	  30	 558	1555983	1556624	   0	 680	
 656	 656	  70	   1	 622	   2	   1	  15	  22	   1	  50	  70	  30	 462	1558370	1558992	   0	 690	
 657	 657	  30	   4	 443	   3	   2	  15	  22	   2	  50	  70	  30	 412	1560676	1561119	   0	 690	
 658	 658	  50	   2	 680	   1	   1	  16	  22	   2	  50	  70	  30	 345	1562743	1563423	   0	 680	
 659	 659	  30	   4	 646	   3	   2	  16	  22	   3	  50	  70	  30	 584	1565289	1565935	   0	 680	
 660	 660	  70	   3	 430	   2	   2	  16	  23	   3	  50	  70	  30	 590	1567809	1568239	   0	 680	
 661	 661	  30	   4	 555	   3	   2	  16	  23	   4	  50	  70	  30	 639	1570196	1570751	   0	 680	
 662	 662	  70	   1	 497	   2	   1	  16	  24	   4	  50	  70	  30	 431	1572462	1572959	   0	 690	
 663	 663	  30	   3	 593	   3	   2	  16	  24	   5	  50	  70	  30	 542	1574782	1575375	   0	 690	
 664	 664	  70	   1	 385	   2	   1	  16	  25	   5	  50	  70	  30	 611	1577262	1577647	   0	 700	
 665	 665	  50	   1	 710	   1	   1	  17	  25	   5	  50	  70	  30	 522	1579449	1580159	   0	 710	
 666	 666	  30	   4	 427	   3	   2	  17	  25	   6	  50	  70	  30	 674	1582116	1582543	   0	 710	
 667	 667	  70	   1	 614	   2	   1	  17	  26	   6	  50	  70	  30	 493	1584329	1584943	   0	 720	
 668	 668	  30	   3	 470	   3	   2	  17	  26	   7	  50	  70	  30	 581	1586809	1587279	   0	 720	
 669	 669	  50	   4	 622	   1	   2	  18	  26	   7	  50	  70	  30	 692	1589249	1589871	   0	 720	
 670	 670	  70	   2	 532	   2	   1	  18	  27	   7	  50	  70	  30	 372	1591515	1592047	   0	 710	
 671	 671	  50	   3	 366	   1	   2	  19	  27	   7	  50	  70	  30	 383	1593729	1594095	   0	 710	
 672	 672	  30	   4	 508	   3	   2	  19	  27	   8	  50	  70	  30	 493	1595875	1596383	   0	 710	
 673	 673	  70	   1	 555	   2	   1	  19	  28	   8	  50	  70	  30	 609	1598275	1598830	   0	 720	
 674	 674	  30	   4	 539	   3	   2	  19	  28	   9	  50	  70	  30	 321	1600435	1600974	   0	 720	
 675	 675	  50	   2	 502	   1	   1	  20	  28	   9	  50	  70	  30	 637	1602888	1603390	   0	 710	
 676	 676	  70	   1	 544	   2	   1	  20	  29	   9	  50	  70	  30	 437	1605102	1605646	   0	 720	
 677	 677	  30	   3	 571	   3	   2	  20	  29	  10	  50	  70	  30	 311	1607235	1607806	   0	 720	
 678	 678	  50	   1	 710	   1	   1	  21	  29	  10	  50	  70	  30	 444	1609528	1610238	   0	 730	
 679	 679	  70	   2	 601	   2	   1	  21	  30	  10	  50	  70	  30	 336	1611861	1612462	   0	 720	
 680	 680	  50	   1	 606	   1	   1	  22	  30	  10	  50	  70	  30	 377	1614128	1614734	   0	 730	
 681	 681	  30	   4	 427	   3	   2	  22	  30	  11	  50	  70	  30	 478	1616515	1616942	   0	 730	
 682	 682	  50	   1	 633	   1	   1	  23	  30	  11	  50	  70	  30	 428	1618661	1619294	   0	 740	
 683	 683	  30	   4	 484	   3	   2	  23	  30	  12	  50	  70	  30	 374	1620954	1621438	   0	 740	
 684	 684	  50	   2	 534	   1	   1	  24	  30	  12	  50	  70	  30	 563	1623288	1623822	   0	 730	
 685	 685	  70	   1	 657	   2	   1	  24	  31	  12	  50	  70	  30	 477	1625581	1626238	   0	 740	
 686	 686	  50	   4	 532	   1	   2	  25	  31	  12	  50	  70	  30	 388	1627914	1628446	   0	 740	
 687	 687	  70	   1	 609	   2	   1	  25	  32	  12	  50	  70	  30	 500	1630221	1630830	   0	 750	
 688	 688	  50	   4	 483	   1	   2	  26	  32	  12	  50	  70	  30	 681	1632794	1633277	   0	 750	
 689	 689	  30	   4	 734	   3	   2	  26	  32	  13	  50	  70	  30	 452	1635007	1635741	   0	 750	
 690	 690	  50	   2	 680	   1	   1	  27	  32	  13	  50	  70	  30	 593	1637621	1638301	   0	 740	
 691	 691	  30	   4	 984	   3	   2	  27	  32	  14	  50	  70	  30	 412	1640021	1641005	   0	 740	
 692	 692	  70	   1	 592	   2	   1	  27	  33	  14	  50	  70	  30	 662	1642941	1643533	   0	 750	
 693	 693	  30	   3	 574	   3	   2	  27	  33	  15	  50	  70	  30	 598	1645407	1645981	   0	 750	
 694	 694	  50	   1	 502	   1	   1	  28	  33	  15	  50	  70	  30	 578	1647847	1648349	   0	 760	
 695	 695	  70	   2	 790	   2	   1	  28	  34	  15	  50	  70	  30	 459	1650087	1650877	   0	 750	
 696	 696	  30	   4	 390	   3	   2	  28	  34	  16	  50	  70	  30	 409	1652567	1652957	   0	 750	
 697	 697	  50	   2	 385	   1	   1	  29	  34	  16	  50	  70	  30	 305	1654540	1654925	   0	 740	
 698	 698	  30	   4	 313	   3	   2	  29	  34	  17	  50	  70	  30	 460	1656660	1656973	   0	 740	
 699	 699	  50	   1	 372	   1	   1	  30	  34	  17	  50	  70	  30	 453	1658713	1659085	   0	 750	
 700	 700	  30	   4	 369	   3	   2	  30	  34	  18	  50	  70	  30	 578	1660940	1661309	   0	 750	
 701	 701	  70	   1	 558	   2	   1	  30	  35	  18	  50	  70	  30	 632	1663247	1663805	   0	 760	
 702	 702	  30	   3	 398	   3	   2	  30	  35	  19	  50	  70	  30	 647	1665727	1666125	   0	 760	
 703	 703	  50	   2	 457	   1	   1	  31	  35	  19	  50	  70	  30	 302	1667700	1668157	   0	 750	
 704	 704	  30	   3	 336	   3	   2	  31	  35	  20	  50	  70	  30	 378	1669820	1670156	   0	 750	
 705	 705	  50	   4	 510	   1	   2	  32	  35	  20	  50	  70	  30	 447	1671886	1672396	   0	 750	
 706	 706	  70	   1	 544	   2	   1	  32	   1	  20	  50	  70	  30	 375	1674060	1674604	   0	 760	
 707	 707	  50	   3	 358	   1	   2	  33	   1	  20	  50	  70	  30	 446	1676326	1676684	   0	 760	
 708	 708	  30	   3	 422	   3	   2	  33	   1	  21	  50	  70	  30	 690	1678646	1679068	   0	 760	
 709	 709	  50	   4	 622	   1	   2	   1	   1	  21	  50	  70	  30	 654	1681006	1681628	   0	 760	
