Version: 1	Number of symbols: 3	Pictures exchange: true	Response Deadline: 2000
Trial_No	Virt_Trial_No	Prob_Shown	Feedback	RT	Stimulus_No	Resp	SymbolA_Stage	SymbolB_Stage	SymbolC_Stage	Prob_A	Prob_B	Prob_C	Jitter	StimOnset	RespOnset	Symbol_Changes	Bonus_sum
NaN	   1	  30	NaN	NaN	   1	   3	   0	   0	   0	  30	  70	  50	 406	   0	NaN	   0	   0	
   1	   2	  50	   2	1233	   3	   1	   0	   0	   1	  30	  70	  50	 323	5234	6467	   0	 -10	
   2	   3	  30	   2	 503	   1	   1	   1	   0	   1	  30	  70	  50	 476	8252	8755	   0	 -20	
   3	   4	  50	   1	 515	   3	   1	   1	   0	   2	  30	  70	  50	 691	10752	11267	   0	 -10	
   4	   5	  70	   3	 854	   2	   2	   1	   1	   2	  30	  70	  50	 466	13053	13907	   0	 -10	
   5	   6	  30	   2	 582	   1	   1	   2	   1	   2	  30	  70	  50	 603	15821	16403	   0	 -20	
   6	   7	  50	   2	 442	   3	   1	   2	   1	   3	  30	  70	  50	 394	18105	18547	   0	 -30	
   7	   8	  70	   1	 756	   2	   1	   2	   2	   3	  30	  70	  50	 395	20239	20995	   0	 -20	
   8	   9	  50	   2	 598	   3	   1	   2	   2	   4	  30	  70	  50	 692	22989	23587	   0	 -30	
   9	  10	  30	   4	 617	   1	   2	   3	   2	   4	  30	  70	  50	 373	25274	25891	   0	 -30	
  10	  11	  50	   3	 821	   3	   2	   3	   2	   5	  30	  70	  50	 567	27774	28595	   0	 -30	
  11	  12	  70	   1	 361	   2	   1	   3	   3	   5	  30	  70	  50	 522	30442	30803	   0	 -20	
  12	  13	  50	   2	 645	   3	   1	   3	   3	   6	  30	  70	  50	 431	32542	33187	   0	 -30	
  13	  14	  70	   2	 639	   2	   1	   3	   4	   6	  30	  70	  50	 570	35060	35699	   0	 -40	
  14	  15	  50	   1	 771	   3	   1	   3	   4	   7	  30	  70	  50	 354	37360	38131	   0	 -30	
  15	  16	  30	   3	 426	   1	   2	   4	   4	   7	  30	  70	  50	 499	39945	40371	   0	 -30	
  16	  17	  70	   2	 536	   2	   1	   4	   5	   7	  30	  70	  50	 698	42379	42915	   0	 -40	
  17	  18	  50	   1	 535	   3	   1	   4	   5	   8	  30	  70	  50	 578	44796	45331	   0	 -30	
  18	  19	  70	   1	 762	   2	   1	   4	   6	   8	  30	  70	  50	 465	47113	47875	   0	 -20	
  19	  20	  30	   3	 494	   1	   2	   5	   6	   8	  30	  70	  50	 606	49781	50275	   0	 -20	
  20	  21	  50	   2	 773	   3	   1	   5	   6	   9	  30	  70	  50	 428	51998	52771	   0	 -30	
  21	  22	  30	   4	 607	   1	   2	   6	   6	   9	  30	  70	  50	 422	54516	55123	   0	 -30	
  22	  23	  50	   3	 705	   3	   2	   6	   6	  10	  30	  70	  50	 447	56866	57571	   0	 -30	
  23	  24	  30	   4	 614	   1	   2	   7	   6	  10	  30	  70	  50	 642	59517	60131	   0	 -30	
  24	  25	  70	   1	 422	   2	   1	   7	   7	  10	  30	  70	  50	 465	61901	62323	   0	 -20	
  25	  26	  50	   1	 936	   3	   1	   7	   7	  11	  30	  70	  50	 602	64235	65171	   0	 -10	
  26	  27	  30	   4	 556	   1	   2	   8	   7	  11	  30	  70	  50	 439	66919	67475	   0	 -10	
  27	  28	  50	   2	 446	   3	   1	   8	   7	  12	  30	  70	  50	 449	69237	69683	   0	 -20	
  28	  29	  70	   1	 493	   2	   1	   8	   8	  12	  30	  70	  50	 655	71638	72131	   0	 -10	
  29	  30	  50	   3	1196	   3	   2	   8	   8	  13	  30	  70	  50	 620	74055	75251	   0	 -10	
  30	  31	  70	   1	 953	   2	   1	   8	   9	  13	  30	  70	  50	 359	76906	77859	   0	   0	
  31	  32	  50	   3	 742	   3	   2	   8	   9	  14	  30	  70	  50	 594	79773	80515	   0	   0	
  32	  33	  30	   4	 594	   1	   2	   9	   9	  14	  30	  70	  50	 421	82241	82835	   0	   0	
  33	  34	  70	   2	 501	   2	   1	   9	  10	  14	  30	  70	  50	 427	84558	85059	   0	 -10	
  34	  35	  30	   3	 528	   1	   2	  10	  10	  14	  30	  70	  50	 687	87059	87587	   0	 -10	
  35	  36	  70	   1	 601	   2	   1	  10	  11	  14	  30	  70	  50	 343	89226	89827	   0	   0	
  36	  37	  50	   2	 401	   3	   1	  10	  11	  15	  30	  70	  50	 671	91810	92211	   0	 -10	
  37	  38	  30	   4	 654	   1	   2	  11	  11	  15	  30	  70	  50	 336	93861	94515	   0	 -10	
  38	  39	  70	   2	 470	   2	   1	  11	  12	  15	  30	  70	  50	 627	96445	96915	   0	 -20	
  39	  40	  30	   3	 693	   1	   2	  12	  12	  15	  30	  70	  50	 641	98862	99555	   0	 -20	
  40	  41	  50	   1	 518	   3	   1	  12	  12	  16	  30	  70	  50	 362	101213	101731	   0	 -10	
  41	  42	  70	   1	 570	   2	   1	  12	  13	  16	  30	  70	  50	 423	103481	104051	   0	   0	
  42	  43	  30	   4	 409	   1	   2	  13	  13	  16	  30	  70	  50	 520	105881	106290	   0	   0	
  43	  44	  70	   1	 418	   2	   1	  13	  14	  16	  30	  70	  50	 444	108032	108450	   0	  10	
  44	  45	  50	   2	 403	   3	   1	  13	  14	  17	  30	  70	  50	 635	110399	110802	   0	   0	
  45	  46	  30	   4	 433	   1	   2	  14	  14	  17	  30	  70	  50	 307	112417	112850	   0	   0	
  46	  47	  70	   1	 372	   2	   1	  14	  15	  17	  30	  70	  50	 574	114734	115106	   0	  10	
  47	  48	  30	   4	 485	   1	   2	  15	  15	  17	  30	  70	  50	 668	117085	117570	   0	  10	
  48	  49	  70	   2	 712	   2	   1	  15	  16	  17	  30	  70	  50	 524	119402	120114	   0	   0	
  49	  50	  30	   1	 485	   1	   1	  16	  16	  17	  30	  70	  50	 434	121853	122338	   0	  10	
  50	  51	  70	   1	 582	   2	   1	  16	  17	  17	  30	  70	  50	 577	124220	124802	   0	  20	
  51	  52	  30	   4	 539	   1	   2	  17	  17	  17	  30	  70	  50	 359	126487	127026	   0	  20	
  52	  53	  70	   1	 978	   2	   1	  17	  18	  17	  30	  70	  50	 362	128688	129666	   0	  30	
  53	  54	  30	   4	 618	   1	   2	  18	  18	  17	  30	  70	  50	 303	131272	131890	   0	  30	
  54	  55	  70	   2	 416	   2	   1	  18	  19	  17	  30	  70	  50	 696	133890	134306	   0	  20	
  55	  56	  50	   2	 525	   3	   1	  18	  19	  18	  30	  70	  50	 332	135957	136482	   0	  10	
  56	  57	  30	   3	 395	   1	   2	  19	  19	  18	  30	  70	  50	 606	138391	138786	   0	  10	
  57	  58	  70	   1	 340	   2	   1	  19	  20	  18	  30	  70	  50	 469	140558	140898	   0	  20	
  58	  59	  50	   1	 368	   3	   1	  19	  20	  19	  30	  70	  50	 439	142642	143010	   0	  30	
  59	  60	  30	   4	 494	   1	   2	  20	  20	  19	  30	  70	  50	 343	144660	145154	   0	  30	
  60	  61	  50	   2	 424	   3	   1	  20	  20	  20	  30	  70	  50	 360	146810	147234	   0	  20	
  61	  62	  70	   1	 464	   2	   1	  20	  21	  20	  30	  70	  50	 436	148994	149458	   0	  30	
  62	  63	  50	   2	 589	   3	   1	  20	  21	  21	  30	  70	  50	 669	151445	152034	   0	  20	
  63	  64	  70	   2	 552	   2	   1	  20	  22	  21	  30	  70	  50	 611	153946	154498	   0	  10	
  64	  65	  50	   1	 458	   3	   1	  20	  22	  22	  30	  70	  50	 472	156280	156738	   0	  20	
  65	  66	  30	   4	 460	   1	   2	  21	  22	  22	  30	  70	  50	 574	158614	159074	   0	  20	
  66	  67	  70	   1	1142	   2	   1	  21	  23	  22	  30	  70	  50	 365	160748	161890	   0	  30	
  67	  68	  30	   3	 463	   1	   2	  22	  23	  22	  30	  70	  50	 507	163699	164162	   0	  30	
  68	  69	  50	   2	 492	   3	   1	  22	  23	  23	  30	  70	  50	 688	166150	166642	   0	  20	
  69	  70	  70	   1	 535	   2	   1	  22	  24	  23	  30	  70	  50	 333	168283	168818	   0	  30	
  70	  71	  50	   2	 598	   3	   1	  22	  24	  24	  30	  70	  50	 539	170668	171266	   0	  20	
  71	  72	  70	   1	 558	   2	   1	  22	  25	  24	  30	  70	  50	 654	173252	173810	   0	  30	
  72	  73	  50	   1	 681	   3	   1	  22	  25	  25	  30	  70	  50	 664	175769	176450	   0	  40	
  73	  74	  70	   2	 575	   2	   1	  22	  26	  25	  30	  70	  50	 629	178387	178962	   0	  30	
  74	  75	  50	   2	 512	   3	   1	  22	  26	  26	  30	  70	  50	 494	180754	181266	   0	  20	
  75	  76	  70	   1	 552	   2	   1	  22	  27	  26	  30	  70	  50	 365	182938	183490	   0	  30	
  76	  77	  50	   1	1135	   3	   1	  22	  27	  27	  30	  70	  50	 336	185139	186274	   0	  40	
  77	  78	  70	   1	 505	   2	   1	  22	  28	  27	  30	  70	  50	 489	188073	188578	   0	  50	
  78	  79	  50	   1	 399	   3	   1	  22	  28	  28	  30	  70	  50	 425	190307	190706	   0	  60	
  79	  80	  30	   4	 503	   1	   2	  23	  28	  28	  30	  70	  50	 472	192491	192994	   0	  60	
  80	  81	  70	   2	 495	   2	   1	  23	  29	  28	  30	  70	  50	 386	194691	195186	   0	  50	
  81	  82	  30	   4	 618	   1	   2	  24	  29	  28	  30	  70	  50	 678	197176	197794	   0	  50	
  82	  83	  50	   2	 647	   3	   1	  24	  29	  29	  30	  70	  50	 545	199643	200290	   0	  40	
  83	  84	  30	   4	 700	   1	   2	  25	  29	  29	  30	  70	  50	 306	201894	202594	   0	  40	
  84	  85	  70	   1	 486	   2	   1	  25	  30	  29	  30	  70	  50	 537	204444	204930	   0	  50	
  85	  86	  50	   1	 619	   3	   1	  25	  30	  30	  30	  70	  50	 456	206695	207314	   0	  60	
  86	  87	  70	   1	 596	   2	   1	  25	  31	  30	  30	  70	  50	 607	209229	209825	   0	  70	
  87	  88	  30	   4	 690	   3	   2	  25	  31	   1	  30	  70	  30	 382	211663	212353	   3	  70	
  88	  89	  30	   3	 620	   1	   2	  26	  31	   1	  30	  70	  30	 517	214181	214801	   0	  70	
  89	  90	  70	   2	 577	   2	   1	  26	  32	   1	  30	  70	  30	 334	216448	217025	   0	  60	
  90	  91	  30	   3	 460	   3	   2	  26	  32	   2	  30	  70	  30	 616	218949	219409	   0	  60	
  91	  92	  70	   1	 587	   2	   1	  26	  33	   2	  30	  70	  30	 640	221366	221953	   0	  70	
  92	  93	  30	   4	 431	   1	   2	  27	  33	   2	  30	  70	  30	 390	223650	224081	   0	  70	
  93	  94	  30	   4	 629	   3	   2	  27	  33	   3	  30	  70	  30	 496	225884	226513	   0	  70	
  94	  95	  30	   4	 575	   1	   2	  28	  33	   3	  30	  70	  30	 606	228418	228993	   0	  70	
  95	  96	  20	   4	1217	   2	   2	  28	   1	   3	  30	  20	  30	 434	230752	231969	   2	  70	
  96	  97	  30	   3	 486	   1	   2	  29	   1	   3	  30	  20	  30	 511	233787	234273	   0	  70	
  97	  98	  30	   4	 496	   3	   2	  29	   1	   4	  30	  20	  30	 354	235937	236433	   0	  70	
  98	  99	  30	   4	 580	   1	   2	  30	   1	   4	  30	  20	  30	 476	238205	238785	   0	  70	
  99	 100	  30	   4	 505	   3	   2	  30	   1	   5	  30	  20	  30	 378	240472	240977	   0	  70	
 100	 101	  20	   4	 488	   2	   2	  30	   2	   5	  30	  20	  30	 587	242873	243361	   0	  70	
 101	 102	  30	   4	 426	   1	   2	  31	   2	   5	  30	  20	  30	 545	245223	245649	   0	  70	
 102	 103	  20	   3	 699	   2	   2	  31	   3	   5	  30	  20	  30	 618	247574	248273	   0	  70	
 103	 104	  30	   3	 426	   3	   2	  31	   3	   6	  30	  20	  30	 382	249975	250401	   0	  70	
 104	 105	  20	   4	 732	   2	   2	  31	   4	   6	  30	  20	  30	 614	252309	253041	   0	  70	
 105	 106	  30	   4	 513	   3	   2	  31	   4	   7	  30	  20	  30	 611	254960	255473	   0	  70	
 106	 107	  20	   4	 554	   2	   2	  31	   5	   7	  30	  20	  30	 364	257127	257681	   0	  70	
 107	 108	  30	   4	 555	   3	   2	  31	   5	   8	  30	  20	  30	 503	259494	260049	   0	  70	
 108	 109	  20	   3	 485	   2	   2	  31	   6	   8	  30	  20	  30	 652	262012	262497	   0	  70	
 109	 110	  30	   3	 464	   1	   2	  32	   6	   8	  30	  20	  30	 328	264129	264593	   0	  70	
 110	 111	  30	   4	 688	   3	   2	  32	   6	   9	  30	  20	  30	 604	266513	267201	   0	  70	
 111	 112	  20	   4	 398	   2	   2	  32	   7	   9	  30	  20	  30	 417	268947	269345	   0	  70	
 112	 113	  30	   3	 527	   3	   2	  32	   7	  10	  30	  20	  30	 644	271298	271825	   0	  70	
 113	 114	  30	   4	 460	   1	   2	  33	   7	  10	  30	  20	  30	 635	273765	274225	   0	  70	
 114	 115	  30	   3	 403	   3	   2	  33	   7	  11	  30	  20	  30	 443	275966	276369	   0	  70	
 115	 116	  30	   4	 502	   1	   2	  34	   7	  11	  30	  20	  30	 610	278283	278785	   0	  70	
 116	 117	  30	   4	 494	   3	   2	  34	   7	  12	  30	  20	  30	 367	280467	280961	   0	  70	
 117	 118	  30	   4	 301	   1	   2	  35	   7	  12	  30	  20	  30	 588	282852	283153	   0	  70	
 118	 119	  30	   4	 382	   3	   2	  35	   7	  13	  30	  20	  30	 351	284819	285201	   0	  70	
 119	 120	  20	   4	 470	   2	   2	  35	   8	  13	  30	  20	  30	 496	287003	287473	   0	  70	
 120	 121	  80	   3	 293	   1	   2	   1	   8	  13	  80	  20	  30	 598	289404	289697	   1	  70	
 121	 122	  30	   4	 477	   3	   2	   1	   8	  14	  80	  20	  30	 581	291604	292081	   0	  70	
 122	 123	  80	   1	 540	   1	   1	   2	   8	  14	  80	  20	  30	 620	294005	294545	   0	  80	
 123	 124	  30	   3	 376	   3	   2	   2	   8	  15	  80	  20	  30	 634	296489	296865	   0	  80	
 124	 125	  80	   2	 387	   1	   1	   3	   8	  15	  80	  20	  30	 447	298606	298993	   0	  70	
 125	 126	  30	   4	 369	   3	   2	   3	   8	  16	  80	  20	  30	 321	300624	300993	   0	  70	
 126	 127	  80	   1	 399	   1	   1	   4	   8	  16	  80	  20	  30	 371	302674	303073	   0	  80	
 127	 128	  30	   4	 385	   3	   2	   4	   8	  17	  80	  20	  30	 622	305008	305393	   0	  80	
 128	 129	  20	   4	 604	   2	   2	   4	   9	  17	  80	  20	  30	 399	307109	307713	   0	  80	
 129	 130	  80	   1	 426	   1	   1	   5	   9	  17	  80	  20	  30	 524	309543	309969	   0	  90	
 130	 131	  30	   4	 324	   3	   2	   5	   9	  18	  80	  20	  30	 400	311677	312001	   0	  90	
 131	 132	  80	   2	 739	   1	   1	   6	   9	  18	  80	  20	  30	 378	313694	314433	   0	  80	
 132	 133	  30	   3	 440	   3	   2	   6	   9	  19	  80	  20	  30	 611	316345	316785	   0	  80	
 133	 134	  80	   1	 406	   1	   1	   7	   9	  19	  80	  20	  30	 678	318762	319168	   0	  90	
 134	 135	  20	   4	 743	   2	   2	   7	  10	  19	  80	  20	  30	 633	321113	321856	   0	  90	
 135	 136	  80	   1	 413	   1	   1	   8	  10	  19	  80	  20	  30	 587	323747	324160	   0	 100	
 136	 137	  20	   3	 569	   2	   2	   8	  11	  19	  80	  20	  30	 373	325831	326400	   0	 100	
 137	 138	  80	   1	 575	   1	   1	   9	  11	  19	  80	  20	  30	 360	328065	328640	   0	 110	
 138	 139	  20	   4	 407	   2	   2	   9	  12	  19	  80	  20	  30	 305	330249	330656	   0	 110	
 139	 140	  30	   4	 396	   3	   2	   9	  12	  20	  80	  20	  30	 539	332500	332896	   0	 110	
 140	 141	  80	   1	 633	   1	   1	  10	  12	  20	  80	  20	  30	 365	334567	335200	   0	 120	
 141	 142	  30	   3	 306	   3	   2	  10	  12	  21	  80	  20	  30	 597	337118	337424	   0	 120	
 142	 143	  20	   4	 897	   2	   2	  10	  13	  21	  80	  20	  30	 404	339135	340032	   0	 120	
 143	 144	  80	   2	 535	   1	   1	  11	  13	  21	  80	  20	  30	 429	341753	342288	   0	 110	
 144	 145	  30	   4	 363	   3	   2	  11	  13	  22	  80	  20	  30	 451	344053	344416	   0	 110	
 145	 146	  20	   4	 674	   2	   2	  11	  14	  22	  80	  20	  30	 541	346254	346928	   0	 110	
 146	 147	  30	   4	 503	   3	   2	  11	  14	  23	  80	  20	  30	 672	348905	349408	   0	 110	
 147	 148	  20	   4	 650	   2	   2	  11	  15	  23	  80	  20	  30	 499	351222	351872	   0	 110	
 148	 149	  80	   1	 413	   1	   1	  12	  15	  23	  80	  20	  30	 338	353523	353936	   0	 120	
 149	 150	  20	   4	 348	   2	   2	  12	  16	  23	  80	  20	  30	 684	355924	356272	   0	 120	
 150	 151	  80	   1	 602	   1	   1	  13	  16	  23	  80	  20	  30	 383	357974	358576	   0	 130	
 151	 152	  20	   4	 410	   2	   2	  13	  17	  23	  80	  20	  30	 438	360342	360752	   0	 130	
 152	 153	  30	   4	 395	   3	   2	  13	  17	  24	  80	  20	  30	 664	362709	363104	   0	 130	
 153	 154	  20	   3	 572	   2	   2	  13	  18	  24	  80	  20	  30	 661	365060	365632	   0	 130	
 154	 155	  80	   1	 492	   1	   1	  14	  18	  24	  80	  20	  30	 503	367444	367936	   0	 140	
 155	 156	  30	   4	 282	   3	   2	  14	  18	  25	  80	  20	  30	 642	369878	370160	   0	 140	
 156	 157	  80	   1	 609	   1	   1	  15	  18	  25	  80	  20	  30	 621	372095	372704	   0	 150	
 157	 158	  20	   4	 497	   2	   2	  15	  19	  25	  80	  20	  30	 479	374479	374976	   0	 150	
 158	 159	  30	   4	 496	   3	   2	  15	  19	  26	  80	  20	  30	 611	376880	377376	   0	 150	
 159	 160	  80	   1	 529	   1	   1	  16	  19	  26	  80	  20	  30	 553	379231	379760	   0	 160	
 160	 161	  20	   4	 440	   2	   2	  16	  20	  26	  80	  20	  30	 388	381448	381888	   0	 160	
 161	 162	  30	   3	 398	   3	   2	  16	  20	  27	  80	  20	  30	 468	383682	384080	   0	 160	
 162	 163	  80	   1	 441	   1	   1	  17	  20	  27	  80	  20	  30	 412	385799	386240	   0	 170	
 163	 164	  30	   4	 399	   3	   2	  17	  20	  28	  80	  20	  30	 470	388017	388416	   0	 170	
 164	 165	  20	   4	 419	   2	   2	  17	  21	  28	  80	  20	  30	 589	390317	390736	   0	 170	
 165	 166	  30	   4	 391	   3	   2	  17	  21	  29	  80	  20	  30	 537	392585	392976	   0	 170	
 166	 167	  80	   2	 481	   1	   1	  18	  21	  29	  80	  20	  30	 432	394719	395200	   0	 160	
 167	 168	  30	   3	 275	   3	   2	  18	  21	  30	  80	  20	  30	 560	397069	397344	   0	 160	
 168	 169	  20	   4	 431	   2	   2	  18	  22	  30	  80	  20	  30	 491	399137	399568	   0	 160	
 169	 170	  30	   4	 623	   3	   2	  18	  22	  31	  80	  20	  30	 634	401521	402144	   0	 160	
 170	 171	  80	   1	 425	   1	   1	  19	  22	  31	  80	  20	  30	 602	404055	404480	   0	 170	
 171	 172	  30	   4	 521	   3	   2	  19	  22	  32	  80	  20	  30	 632	406439	406960	   0	 170	
 172	 173	  20	   3	 404	   2	   2	  19	  23	  32	  80	  20	  30	 672	408940	409344	   0	 170	
 173	 174	  80	   1	 780	   1	   1	  20	  23	  32	  80	  20	  30	 477	411124	411904	   0	 180	
 174	 175	  30	   4	 401	   3	   2	  20	  23	  33	  80	  20	  30	 548	413775	414176	   0	 180	
 175	 176	  80	   1	 484	   1	   1	  21	  23	  33	  80	  20	  30	 613	416092	416576	   0	 190	
 176	 177	  30	   3	 325	   3	   2	  21	  23	  34	  80	  20	  30	 563	418443	418768	   0	 190	
 177	 178	  80	   1	 535	   1	   1	  22	  23	  34	  80	  20	  30	 694	420760	421295	   0	 200	
 178	 179	  30	   4	 408	   3	   2	  22	  23	  35	  80	  20	  30	 522	423127	423535	   0	 200	
 179	 180	  20	   4	 439	   2	   2	  22	  24	  35	  80	  20	  30	 696	425528	425967	   0	 200	
 180	 181	  70	   3	 682	   3	   2	  22	  24	   1	  80	  20	  70	 404	427845	428527	   3	 200	
 181	 182	  20	   3	 456	   2	   2	  22	  25	   1	  80	  20	  70	 406	430263	430719	   0	 200	
 182	 183	  80	   2	 607	   1	   1	  23	  25	   1	  80	  20	  70	 452	432480	433087	   0	 190	
 183	 184	  70	   4	 433	   3	   2	  23	  25	   2	  80	  20	  70	 428	434814	435247	   0	 190	
 184	 185	  20	   4	 534	   2	   2	  23	  26	   2	  80	  20	  70	 499	437065	437599	   0	 190	
 185	 186	  70	   1	 478	   3	   1	  23	  26	   3	  80	  20	  70	 343	439249	439727	   0	 200	
 186	 187	  20	   4	 509	   2	   2	  23	  27	   3	  80	  20	  70	 642	441666	442175	   0	 200	
 187	 188	  70	   2	 469	   3	   1	  23	  27	   4	  80	  20	  70	 354	443834	444303	   0	 190	
 188	 189	  20	   4	 533	   2	   2	  23	  28	   4	  80	  20	  70	 609	446218	446751	   0	 190	
 189	 190	  80	   1	 578	   1	   1	  24	  28	   4	  80	  20	  70	 620	448685	449263	   0	 200	
 190	 191	  70	   3	 809	   3	   2	  24	  28	   5	  80	  20	  70	 334	450902	451711	   0	 200	
 191	 192	  80	   2	 631	   1	   1	  25	  28	   5	  80	  20	  70	 686	453720	454351	   0	 190	
 192	 193	  20	   4	 455	   2	   2	  25	  29	   5	  80	  20	  70	 434	456104	456559	   0	 190	
 193	 194	  70	   3	 431	   3	   2	  25	  29	   6	  80	  20	  70	 427	458288	458719	   0	 190	
 194	 195	  20	   4	 648	   2	   2	  25	  30	   6	  80	  20	  70	 418	460455	461103	   0	 190	
 195	 196	  70	   3	 625	   3	   2	  25	  30	   7	  80	  20	  70	 596	463006	463631	   0	 190	
 196	 197	  80	   1	 477	   1	   1	  26	  30	   7	  80	  20	  70	 531	465474	465951	   0	 200	
 197	 198	  50	   3	 460	   2	   2	  26	   1	   7	  80	  50	  70	 602	467891	468351	   2	 200	
 198	 199	  70	   2	 425	   3	   1	  26	   1	   8	  80	  50	  70	 684	470342	470767	   0	 190	
 199	 200	  50	   4	 485	   2	   2	  26	   2	   8	  80	  50	  70	 366	472442	472927	   0	 190	
 200	 201	  80	   1	 433	   1	   1	  27	   2	   8	  80	  50	  70	 674	474910	475343	   0	 200	
 201	 202	  70	   1	 475	   3	   1	  27	   2	   9	  80	  50	  70	 386	477060	477535	   0	 210	
 202	 203	  50	   3	 365	   2	   2	  27	   3	   9	  80	  50	  70	 560	479394	479759	   0	 210	
 203	 204	  70	   1	 565	   3	   1	  27	   3	  10	  80	  50	  70	 511	481578	482143	   0	 220	
 204	 205	  50	   4	 446	   2	   2	  27	   4	  10	  80	  50	  70	 673	484129	484575	   0	 220	
 205	 206	  70	   2	 507	   3	   1	  27	   4	  11	  80	  50	  70	 323	486196	486703	   0	 210	
 206	 207	  50	   4	 573	   2	   2	  27	   5	  11	  80	  50	  70	 514	488514	489087	   0	 210	
 207	 208	  80	   1	 562	   1	   1	  28	   5	  11	  80	  50	  70	 376	490765	491327	   0	 220	
 208	 209	  50	   3	 674	   2	   2	  28	   6	  11	  80	  50	  70	 536	493165	493839	   0	 220	
 209	 210	  80	   1	 475	   1	   1	  29	   6	  11	  80	  50	  70	 567	495716	496191	   0	 230	
 210	 211	  70	   2	 729	   3	   1	  29	   6	  12	  80	  50	  70	 651	498150	498879	   0	 220	
 211	 212	  50	   3	 593	   2	   2	  29	   7	  12	  80	  50	  70	 544	500734	501327	   0	 220	
 212	 213	  80	   1	 615	   1	   1	  30	   7	  12	  80	  50	  70	 323	502952	503567	   0	 230	
 213	 214	  70	   1	 453	   3	   1	  30	   7	  13	  80	  50	  70	 507	505386	505839	   0	 240	
 214	 215	  80	   1	 485	   1	   1	  31	   7	  13	  80	  50	  70	 637	507786	508271	   0	 250	
 215	 216	  70	   1	 829	   3	   1	  31	   7	  14	  80	  50	  70	 366	509954	510783	   0	 260	
 216	 217	  50	   4	 652	   2	   2	  31	   8	  14	  80	  50	  70	 665	512755	513407	   0	 260	
 217	 218	  80	   1	 437	   1	   1	  32	   8	  14	  80	  50	  70	 605	515322	515759	   0	 270	
 218	 219	  50	   2	 436	   2	   1	  32	   9	  14	  80	  50	  70	 654	517723	518159	   0	 260	
 219	 220	  80	   1	 500	   1	   1	  33	   9	  14	  80	  50	  70	 633	520107	520607	   0	 270	
 220	 221	  70	   1	 473	   3	   1	  33	   9	  15	  80	  50	  70	 456	522374	522847	   0	 280	
 221	 222	  50	   3	 398	   2	   2	  33	  10	  15	  80	  50	  70	 479	524641	525039	   0	 280	
 222	 223	  70	   1	 545	   3	   1	  33	  10	  16	  80	  50	  70	 563	526909	527454	   0	 290	
 223	 224	  20	   4	 599	   1	   2	   1	  10	  16	  20	  50	  70	 387	529159	529758	   1	 290	
 224	 225	  50	   2	 619	   2	   1	   1	  11	  16	  20	  50	  70	 364	531427	532046	   0	 280	
 225	 226	  70	   2	 552	   3	   1	   1	  11	  17	  20	  50	  70	 546	533894	534446	   0	 270	
 226	 227	  20	   4	 414	   1	   2	   2	  11	  17	  20	  50	  70	 373	536128	536542	   0	 270	
 227	 228	  70	   1	 472	   3	   1	   2	  11	  18	  20	  50	  70	 399	538262	538734	   0	 280	
 228	 229	  20	   4	 672	   1	   2	   3	  11	  18	  20	  50	  70	 410	540446	541118	   0	 280	
 229	 230	  50	   1	 707	   2	   1	   3	  12	  18	  20	  50	  70	 319	542747	543454	   0	 290	
 230	 231	  70	   1	 643	   3	   1	   3	  12	  19	  20	  50	  70	 373	545131	545774	   0	 300	
 231	 232	  50	   4	 459	   2	   2	   3	  13	  19	  20	  50	  70	 628	547715	548174	   0	 300	
 232	 233	  70	   1	 628	   3	   1	   3	  13	  20	  20	  50	  70	 414	549882	550510	   0	 310	
 233	 234	  20	   3	 728	   1	   2	   4	  13	  20	  20	  50	  70	 357	552166	552894	   0	 310	
 234	 235	  70	   2	 544	   3	   1	   4	  13	  21	  20	  50	  70	 535	554734	555278	   0	 300	
 235	 236	  20	   4	 871	   1	   2	   5	  13	  21	  20	  50	  70	 356	556935	557806	   0	 300	
 236	 237	  50	   4	 479	   2	   2	   5	  14	  21	  20	  50	  70	 419	559535	560014	   0	 300	
 237	 238	  70	   1	 372	   3	   1	   5	  14	  22	  20	  50	  70	 478	561786	562158	   0	 310	
 238	 239	  50	   3	 509	   2	   2	   5	  15	  22	  20	  50	  70	 471	563937	564446	   0	 310	
 239	 240	  70	   1	1225	   3	   1	   5	  15	  23	  20	  50	  70	 680	566421	567646	   0	 320	
 240	 241	  50	   3	 542	   2	   2	   5	  16	  23	  20	  50	  70	 527	569472	570014	   0	 320	
 241	 242	  20	   4	 590	   1	   2	   6	  16	  23	  20	  50	  70	 523	571856	572446	   0	 320	
 242	 243	  50	   4	 691	   2	   2	   6	  17	  23	  20	  50	  70	 374	574123	574814	   0	 320	
 243	 244	  20	   3	 809	   1	   2	   7	  17	  23	  20	  50	  70	 639	576757	577566	   0	 320	
 244	 245	  70	   1	 363	   3	   1	   7	  17	  24	  20	  50	  70	 620	579491	579854	   0	 330	
 245	 246	  50	   3	 423	   2	   2	   7	  18	  24	  20	  50	  70	 430	581575	581998	   0	 330	
 246	 247	  20	   4	 566	   1	   2	   8	  18	  24	  20	  50	  70	 674	583976	584542	   0	 330	
 247	 248	  50	   4	 543	   2	   2	   8	  19	  24	  20	  50	  70	 680	586527	587070	   0	 330	
 248	 249	  70	   1	 735	   3	   1	   8	  19	  25	  20	  50	  70	 533	588911	589646	   0	 340	
 249	 250	  20	   4	 598	   1	   2	   9	  19	  25	  20	  50	  70	 556	591512	592110	   0	 340	
 250	 251	  70	   2	 618	   3	   1	   9	  19	  26	  20	  50	  70	 365	593796	594414	   0	 330	
 251	 252	  50	   3	1036	   2	   2	   9	  20	  26	  20	  50	  70	 414	596146	597182	   0	 330	
 252	 253	  20	   4	 603	   1	   2	  10	  20	  26	  20	  50	  70	 443	598931	599534	   0	 330	
 253	 254	  70	   1	 530	   3	   1	  10	  20	  27	  20	  50	  70	 310	601148	601678	   0	 340	
 254	 255	  50	   3	 505	   2	   2	  10	  21	  27	  20	  50	  70	 384	603365	603870	   0	 340	
 255	 256	  70	   3	 491	   3	   2	  10	  21	  28	  20	  50	  70	 519	605699	606190	   0	 340	
 256	 257	  50	   4	 597	   2	   2	  10	  22	  28	  20	  50	  70	 334	607833	608430	   0	 340	
 257	 258	  70	   2	 507	   3	   1	  10	  22	  29	  20	  50	  70	 316	610051	610558	   0	 330	
 258	 259	  50	   4	 538	   2	   2	  10	  23	  29	  20	  50	  70	 598	612468	613006	   0	 330	
 259	 260	  70	   1	 503	   3	   1	  10	  23	  30	  20	  50	  70	 620	614935	615438	   0	 340	
 260	 261	  20	   4	 557	   1	   2	  11	  23	  30	  20	  50	  70	 417	617169	617726	   0	 340	
 261	 262	  50	   4	 708	   3	   2	  11	  23	   1	  20	  50	  50	 696	619770	620478	   3	 340	
 262	 263	  50	   4	 659	   2	   2	  11	  24	   1	  20	  50	  50	 388	622171	622830	   0	 340	
 263	 264	  20	   4	 551	   1	   2	  12	  24	   1	  20	  50	  50	 315	624455	625006	   0	 340	
 264	 265	  50	   4	 538	   3	   2	  12	  24	   2	  20	  50	  50	 464	626772	627310	   0	 340	
 265	 266	  50	   3	 590	   2	   2	  12	  25	   2	  20	  50	  50	 441	629056	629646	   0	 340	
 266	 267	  50	   3	 662	   3	   2	  12	  25	   3	  20	  50	  50	 634	631591	632253	   0	 340	
 267	 268	  50	   3	 532	   2	   2	  12	  26	   3	  20	  50	  50	 465	634025	634557	   0	 340	
 268	 269	  20	   4	 563	   1	   2	  13	  26	   3	  20	  50	  50	 566	636442	637005	   0	 340	
 269	 270	  50	   4	 590	   2	   2	  13	  27	   3	  20	  50	  50	 656	638959	639549	   0	 340	
 270	 271	  50	   4	 435	   3	   2	  13	  27	   4	  20	  50	  50	 356	641210	641645	   0	 340	
 271	 272	  50	   3	1021	   2	   2	  13	  28	   4	  20	  50	  50	 380	643344	644365	   0	 340	
 272	 273	  50	   3	 864	   3	   2	  13	  28	   5	  20	  50	  50	 374	646045	646909	   0	 340	
 273	 274	  50	   4	 393	   2	   2	  13	  29	   5	  20	  50	  50	 366	648596	648989	   0	 340	
 274	 275	  20	   3	 468	   1	   2	  14	  29	   5	  20	  50	  50	 424	650713	651181	   0	 340	
 275	 276	  50	   3	 425	   3	   2	  14	  29	   6	  20	  50	  50	 493	652980	653405	   0	 340	
 276	 277	  50	   3	 423	   2	   2	  14	  30	   6	  20	  50	  50	 307	655014	655437	   0	 340	
 277	 278	  20	   4	 366	   1	   2	  15	  30	   6	  20	  50	  50	 476	657215	657581	   0	 340	
 278	 279	  50	   4	 584	   3	   2	  15	  30	   7	  20	  50	  50	 449	659349	659933	   0	 340	
 279	 280	  20	   3	 501	   1	   2	  16	  30	   7	  20	  50	  50	 572	661816	662317	   0	 340	
 280	 281	  50	   4	 531	   3	   2	  16	  30	   8	  20	  50	  50	 624	664250	664781	   0	 340	
 281	 282	  20	   4	 491	   1	   2	  17	  30	   8	  20	  50	  50	 305	666418	666909	   0	 340	
 282	 283	  50	   3	 365	   3	   2	  17	  30	   9	  20	  50	  50	 558	668768	669133	   0	 340	
 283	 284	  50	   3	 530	   2	   2	  17	  31	   9	  20	  50	  50	 568	671019	671549	   0	 340	
 284	 285	  20	   4	 482	   1	   2	  18	  31	   9	  20	  50	  50	 559	673403	673885	   0	 340	
 285	 286	  50	   4	 410	   2	   2	  18	  32	   9	  20	  50	  50	 381	675587	675997	   0	 340	
 286	 287	  20	   4	 565	   1	   2	  19	  32	   9	  20	  50	  50	 406	677704	678269	   0	 340	
 287	 288	  50	   1	 619	   3	   1	  19	  32	  10	  20	  50	  50	 335	679922	680541	   0	 350	
 288	 289	  20	   4	 459	   1	   2	  20	  32	  10	  20	  50	  50	 460	682306	682765	   0	 350	
 289	 290	  50	   1	 510	   3	   1	  20	  32	  11	  20	  50	  50	 556	684623	685133	   0	 360	
 290	 291	  50	   3	 632	   2	   2	  20	  33	  11	  20	  50	  50	 699	687141	687773	   0	 360	
 291	 292	  50	   1	 708	   3	   1	  20	  33	  12	  20	  50	  50	 534	689641	690349	   0	 370	
 292	 293	  20	   4	 953	   2	   2	  20	   1	  12	  20	  20	  50	 602	692276	693229	   2	 370	
 293	 294	  50	   2	 611	   3	   1	  20	   1	  13	  20	  20	  50	 677	695210	695821	   0	 360	
 294	 295	  20	   4	 524	   1	   2	  21	   1	  13	  20	  20	  50	 632	697761	698285	   0	 360	
 295	 296	  20	   2	 799	   2	   1	  21	   2	  13	  20	  20	  50	 482	700078	700877	   0	 350	
 296	 297	  20	   3	 827	   1	   2	  22	   2	  13	  20	  20	  50	 370	702562	703389	   0	 350	
 297	 298	  20	   4	 549	   2	   2	  22	   3	  13	  20	  20	  50	 414	705096	705645	   0	 350	
 298	 299	  20	   4	 468	   1	   2	  23	   3	  13	  20	  20	  50	 541	707497	707965	   0	 350	
 299	 300	  20	   4	 577	   2	   2	  23	   4	  13	  20	  20	  50	 666	709948	710525	   0	 350	
 300	 301	  50	   1	 397	   3	   1	  23	   4	  14	  20	  20	  50	 629	712448	712845	   0	 360	
 301	 302	  20	   3	 570	   2	   2	  23	   5	  14	  20	  20	  50	 343	714499	715069	   0	 360	
 302	 303	  50	   1	 701	   3	   1	  23	   5	  15	  20	  20	  50	 415	716800	717501	   0	 370	
 303	 304	  20	   4	 749	   2	   2	  23	   6	  15	  20	  20	  50	 383	719200	719949	   0	 370	
 304	 305	  20	   4	 592	   1	   2	  24	   6	  15	  20	  20	  50	 631	721901	722493	   0	 370	
 305	 306	  50	   2	 488	   3	   1	  24	   6	  16	  20	  20	  50	 667	724469	724957	   0	 360	
 306	 307	  20	   4	 414	   1	   2	  25	   6	  16	  20	  20	  50	 448	726719	727133	   0	 360	
 307	 308	  50	   2	 546	   3	   1	  25	   6	  17	  20	  20	  50	 554	728987	729533	   0	 350	
 308	 309	  20	   4	 413	   1	   2	  26	   6	  17	  20	  20	  50	 669	731504	731917	   0	 350	
 309	 310	  50	   1	 558	   3	   1	  26	   6	  18	  20	  20	  50	 663	733871	734429	   0	 360	
 310	 311	  20	   4	 386	   1	   2	  27	   6	  18	  20	  20	  50	 403	736139	736525	   0	 360	
 311	 312	  50	   2	 559	   3	   1	  27	   6	  19	  20	  20	  50	 358	738206	738765	   0	 350	
 312	 313	  20	   4	 389	   2	   2	  27	   7	  19	  20	  20	  50	 333	740407	740796	   0	 350	
 313	 314	  50	   2	 501	   3	   1	  27	   7	  20	  20	  20	  50	 684	742791	743292	   0	 340	
 314	 315	  20	   4	 289	   2	   2	  27	   8	  20	  20	  20	  50	 671	745275	745564	   0	 340	
 315	 316	  20	   3	 621	   1	   2	  28	   8	  20	  20	  20	  50	 497	747359	747980	   0	 340	
 316	 317	  20	   3	 494	   2	   2	  28	   9	  20	  20	  20	  50	 430	749710	750204	   0	 340	
 317	 318	  50	   2	 437	   3	   1	  28	   9	  21	  20	  20	  50	 423	751927	752364	   0	 330	
 318	 319	  20	   4	 442	   2	   2	  28	  10	  21	  20	  20	  50	 518	754194	754636	   0	 330	
 319	 320	  20	   4	 497	   1	   2	  29	  10	  21	  20	  20	  50	 448	756395	756892	   0	 330	
 320	 321	  50	   1	 390	   3	   1	  29	  10	  22	  20	  20	  50	 444	758646	759036	   0	 340	
 321	 322	  20	   4	 464	   1	   2	  30	  10	  22	  20	  20	  50	 417	760780	761244	   0	 340	
 322	 323	  50	   2	 486	   3	   1	  30	  10	  23	  20	  20	  50	 458	763014	763500	   0	 330	
 323	 324	  20	   4	 539	   1	   2	  31	  10	  23	  20	  20	  50	 480	765281	765820	   0	 330	
 324	 325	  20	   4	 478	   2	   2	  31	  11	  23	  20	  20	  50	 453	767582	768060	   0	 330	
 325	 326	  20	   4	 446	   1	   2	  32	  11	  23	  20	  20	  50	 601	769966	770412	   0	 330	
 326	 327	  50	   1	 471	   3	   1	  32	  11	  24	  20	  20	  50	 430	772133	772604	   0	 340	
 327	 328	  20	   4	 418	   2	   2	  32	  12	  24	  20	  20	  50	 335	774250	774668	   0	 340	
 328	 329	  50	   1	 532	   3	   1	  32	  12	  25	  20	  20	  50	 594	776568	777100	   0	 350	
 329	 330	  20	   4	 506	   2	   2	  32	  13	  25	  20	  20	  50	 393	778802	779308	   0	 350	
 330	 331	  20	   3	 407	   1	   2	  33	  13	  25	  20	  20	  50	 641	781253	781660	   0	 350	
 331	 332	  20	   4	 464	   2	   2	  33	  14	  25	  20	  20	  50	 432	783420	783884	   0	 350	
 332	 333	  50	   2	 387	   3	   1	  33	  14	  26	  20	  20	  50	 533	785737	786124	   0	 340	
 333	 334	  20	   4	 448	   1	   2	  34	  14	  26	  20	  20	  50	 362	787788	788236	   0	 340	
 334	 335	  20	   4	 465	   2	   2	  34	  15	  26	  20	  20	  50	 592	790139	790604	   0	 340	
 335	 336	  50	   1	 352	   3	   1	  34	  15	  27	  20	  20	  50	 633	792556	792908	   0	 350	
 336	 337	  20	   4	 498	   1	   2	  35	  15	  27	  20	  20	  50	 679	794890	795388	   0	 350	
 337	 338	  20	   4	 391	   2	   2	  35	  16	  27	  20	  20	  50	 460	797157	797548	   0	 350	
 338	 339	  80	   3	 331	   1	   2	   1	  16	  27	  80	  20	  50	 562	799441	799772	   1	 350	
 339	 340	  20	   4	 522	   2	   2	   1	  17	  27	  80	  20	  50	 348	801442	801964	   0	 350	
 340	 341	  80	   1	 445	   1	   1	   2	  17	  27	  80	  20	  50	 482	803759	804204	   0	 360	
 341	 342	  50	   1	 581	   3	   1	   2	  17	  28	  80	  20	  50	 413	805927	806508	   0	 370	
 342	 343	  80	   1	 584	   1	   1	   3	  17	  28	  80	  20	  50	 428	808244	808828	   0	 380	
 343	 344	  20	   3	 386	   2	   2	   3	  18	  28	  80	  20	  50	 642	810778	811164	   0	 380	
 344	 345	  50	   2	 511	   3	   1	   3	  18	  29	  80	  20	  50	 367	812845	813356	   0	 370	
 345	 346	  20	   3	 484	   2	   2	   3	  19	  29	  80	  20	  50	 433	815096	815580	   0	 370	
 346	 347	  80	   1	 422	   1	   1	   4	  19	  29	  80	  20	  50	 533	817430	817852	   0	 380	
 347	 348	  20	   4	 676	   2	   2	   4	  20	  29	  80	  20	  50	 302	819464	820140	   0	 380	
 348	 349	  50	   2	 585	   3	   1	   4	  20	  30	  80	  20	  50	 672	822115	822700	   0	 370	
 349	 350	  80	   2	 518	   1	   1	   5	  20	  30	  80	  20	  50	 579	824582	825100	   0	 360	
 350	 351	  50	   2	 464	   3	   1	   5	  20	  31	  80	  20	  50	 690	827100	827564	   0	 350	
 351	 352	  80	   1	 602	   1	   1	   6	  20	  31	  80	  20	  50	 348	829250	829852	   0	 360	
 352	 353	  50	   2	 449	   3	   1	   6	  20	  32	  80	  20	  50	 667	831835	832284	   0	 350	
 353	 354	  80	   1	 633	   1	   1	   7	  20	  32	  80	  20	  50	 443	834035	834668	   0	 360	
 354	 355	  20	   3	 812	   2	   2	   7	  21	  32	  80	  20	  50	 356	836336	837148	   0	 360	
 355	 356	  80	   1	 509	   1	   1	   8	  21	  32	  80	  20	  50	 652	839103	839612	   0	 370	
 356	 357	  50	   1	 441	   3	   1	   8	  21	  33	  80	  20	  50	 671	841587	842028	   0	 380	
 357	 358	  20	   4	 483	   2	   2	   8	  22	  33	  80	  20	  50	 394	843721	844204	   0	 380	
 358	 359	  70	   3	 849	   3	   2	   8	  22	   1	  80	  20	  70	 530	846122	846971	   3	 380	
 359	 360	  20	   4	 555	   2	   2	   8	  23	   1	  80	  20	  70	 372	848656	849211	   0	 380	
 360	 361	  80	   2	 675	   1	   1	   9	  23	   1	  80	  20	  70	 325	850840	851515	   0	 370	
 361	 362	  20	   4	 648	   2	   2	   9	  24	   1	  80	  20	  70	 656	853491	854139	   0	 370	
 362	 363	  70	   2	 447	   3	   1	   9	  24	   2	  80	  20	  70	 647	856092	856539	   0	 360	
 363	 364	  80	   1	 396	   1	   1	  10	  24	   2	  80	  20	  70	 686	858543	858939	   0	 370	
 364	 365	  70	   2	 468	   3	   1	  10	  24	   3	  80	  20	  70	 494	860727	861195	   0	 360	
 365	 366	  20	   4	 418	   2	   2	  10	  25	   3	  80	  20	  70	 668	863177	863595	   0	 360	
 366	 367	  70	   3	 397	   3	   2	  10	  25	   4	  80	  20	  70	 371	865278	865675	   0	 360	
 367	 368	  20	   4	 418	   2	   2	  10	  26	   4	  80	  20	  70	 531	867529	867947	   0	 360	
 368	 369	  80	   1	 522	   1	   1	  11	  26	   4	  80	  20	  70	 450	869713	870235	   0	 370	
 369	 370	  70	   1	 552	   3	   1	  11	  26	   5	  80	  20	  70	 616	872163	872715	   0	 380	
 370	 371	  20	   3	 402	   2	   2	  11	  27	   5	  80	  20	  70	 656	874681	875083	   0	 380	
 371	 372	  70	   1	 374	   3	   1	  11	  27	   6	  80	  20	  70	 556	876965	877339	   0	 390	
 372	 373	  80	   3	 403	   1	   2	  12	  27	   6	  80	  20	  70	 388	879032	879435	   0	 390	
 373	 374	  70	   2	 595	   3	   1	  12	  27	   7	  80	  20	  70	 673	881416	882011	   0	 380	
 374	 375	  80	   1	 442	   1	   1	  13	  27	   7	  80	  20	  70	 312	883617	884059	   0	 390	
 375	 376	  70	   1	 630	   3	   1	  13	  27	   8	  80	  20	  70	 346	885701	886331	   0	 400	
 376	 377	  20	   4	 492	   2	   2	  13	  28	   8	  80	  20	  70	 304	887935	888427	   0	 400	
 377	 378	  80	   1	 605	   1	   1	  14	  28	   8	  80	  20	  70	 578	890302	890907	   0	 410	
 378	 379	  70	   1	 737	   3	   1	  14	  28	   9	  80	  20	  70	 348	892570	893307	   0	 420	
 379	 380	  80	   1	 597	   1	   1	  15	  28	   9	  80	  20	  70	 658	895270	895867	   0	 430	
 380	 381	  70	   1	 639	   3	   1	  15	  28	  10	  80	  20	  70	 618	897788	898427	   0	 440	
 381	 382	  80	   1	 651	   1	   1	  16	  28	  10	  80	  20	  70	 521	900272	900923	   0	 450	
 382	 383	  20	   4	 578	   2	   2	  16	  29	  10	  80	  20	  70	 641	902873	903451	   0	 450	
 383	 384	  80	   1	 530	   1	   1	  17	  29	  10	  80	  20	  70	 512	905257	905787	   0	 460	
 384	 385	  70	   2	 594	   3	   1	  17	  29	  11	  80	  20	  70	 563	907641	908235	   0	 450	
 385	 386	  80	   2	 544	   1	   1	  18	  29	  11	  80	  20	  70	 537	910075	910619	   0	 440	
 386	 387	  20	   4	 581	   2	   2	  18	  30	  11	  80	  20	  70	 407	912326	912907	   0	 440	
 387	 388	  70	   1	 521	   3	   1	  18	  30	  12	  80	  20	  70	 392	914610	915131	   0	 450	
 388	 389	  20	   4	 527	   2	   2	  18	  31	  12	  80	  20	  70	 403	916844	917371	   0	 450	
 389	 390	  70	   1	 590	   3	   1	  18	  31	  13	  80	  20	  70	 588	919261	919851	   0	 460	
 390	 391	  80	   2	 516	   1	   1	  19	  31	  13	  80	  20	  70	 331	921495	922011	   0	 450	
 391	 392	  70	   2	 563	   3	   1	  19	  31	  14	  80	  20	  70	 577	923912	924475	   0	 440	
 392	 393	  20	   4	 626	   2	   2	  19	  32	  14	  80	  20	  70	 532	926313	926939	   0	 440	
 393	 394	  70	   1	 608	   3	   1	  19	  32	  15	  80	  20	  70	 499	928747	929355	   0	 450	
 394	 395	  20	   3	 580	   2	   2	  19	  33	  15	  80	  20	  70	 365	931031	931611	   0	 450	
 395	 396	  70	   1	 656	   3	   1	  19	  33	  16	  80	  20	  70	 596	933499	934155	   0	 460	
 396	 397	  80	   1	 570	   1	   1	  20	  33	  16	  80	  20	  70	 581	936049	936619	   0	 470	
 397	 398	  70	   4	 499	   3	   2	  20	  33	  17	  80	  20	  70	 658	938584	939083	   0	 470	
 398	 399	  20	   4	 552	   2	   2	  20	  34	  17	  80	  20	  70	 454	940851	941403	   0	 470	
 399	 400	  80	   2	 475	   1	   1	  21	  34	  17	  80	  20	  70	 451	943168	943643	   0	 460	
 400	 401	  20	   4	 753	   2	   2	  21	  35	  17	  80	  20	  70	 443	945386	946139	   0	 460	
 401	 402	  80	   1	 546	   1	   1	  22	  35	  17	  80	  20	  70	 653	948120	948666	   0	 470	
 402	 403	  80	   3	1132	   2	   2	  22	   1	  17	  80	  80	  70	 673	950670	951802	   2	 470	
 403	 404	  80	   1	 550	   1	   1	  23	   1	  17	  80	  80	  70	 474	953588	954138	   0	 480	
 404	 405	  80	   1	 529	   2	   1	  23	   2	  17	  80	  80	  70	 664	956105	956634	   0	 490	
 405	 406	  80	   1	 380	   1	   1	  24	   2	  17	  80	  80	  70	 678	958606	958986	   0	 500	
 406	 407	  80	   1	 420	   2	   1	  24	   3	  17	  80	  80	  70	 497	960774	961194	   0	 510	
 407	 408	  80	   1	 594	   1	   1	  25	   3	  17	  80	  80	  70	 698	963208	963802	   0	 520	
 408	 409	  80	   2	 334	   2	   1	  25	   4	  17	  80	  80	  70	 587	965692	966026	   0	 510	
 409	 410	  80	   1	 355	   1	   1	  26	   4	  17	  80	  80	  70	 619	967959	968314	   0	 520	
 410	 411	  80	   1	 462	   2	   1	  26	   5	  17	  80	  80	  70	 435	970060	970522	   0	 530	
 411	 412	  80	   2	 332	   1	   1	  27	   5	  17	  80	  80	  70	 670	972510	972842	   0	 520	
 412	 413	  80	   1	 456	   2	   1	  27	   6	  17	  80	  80	  70	 440	974594	975050	   0	 530	
 413	 414	  80	   1	 371	   1	   1	  28	   6	  17	  80	  80	  70	 337	976695	977066	   0	 540	
 414	 415	  80	   1	 288	   2	   1	  28	   7	  17	  80	  80	  70	 385	978762	979050	   0	 550	
 415	 416	  80	   1	 342	   1	   1	  29	   7	  17	  80	  80	  70	 642	980996	981338	   0	 560	
 416	 417	  70	   1	 886	   3	   1	  29	   7	  18	  80	  80	  70	 334	982980	983866	   0	 570	
 417	 418	  80	   3	 579	   2	   2	  29	   8	  18	  80	  80	  70	 656	985831	986410	   0	 570	
 418	 419	  80	   1	 851	   1	   1	  30	   8	  18	  80	  80	  70	 487	988199	989050	   0	 580	
 419	 420	  80	   2	 585	   2	   1	  30	   9	  18	  80	  80	  70	 484	990849	991434	   0	 570	
 420	 421	  70	   1	 387	   3	   1	  30	   9	  19	  80	  80	  70	 626	993367	993754	   0	 580	
 421	 422	  80	   1	 368	   2	   1	  30	  10	  19	  80	  80	  70	 358	995434	995802	   0	 590	
 422	 423	  30	   4	 921	   1	   2	   1	  10	  19	  30	  80	  70	 450	997585	998506	   1	 590	
 423	 424	  70	   1	 522	   3	   1	   1	  10	  20	  30	  80	  70	 529	1000336	1000858	   0	 600	
 424	 425	  80	   2	 585	   2	   1	   1	  11	  20	  30	  80	  70	 593	1002753	1003338	   0	 590	
 425	 426	  30	   3	 672	   1	   2	   2	  11	  20	  30	  80	  70	 312	1004954	1005626	   0	 590	
 426	 427	  70	   1	 489	   3	   1	   2	  11	  21	  30	  80	  70	 587	1007521	1008010	   0	 600	
 427	 428	  80	   1	 600	   2	   1	   2	  12	  21	  30	  80	  70	 607	1009922	1010522	   0	 610	
 428	 429	  30	   3	 446	   1	   2	   3	  12	  21	  30	  80	  70	 331	1012172	1012618	   0	 610	
 429	 430	  70	   2	 631	   3	   1	   3	  12	  22	  30	  80	  70	 408	1014323	1014954	   0	 600	
 430	 431	  80	   1	 435	   2	   1	   3	  13	  22	  30	  80	  70	 518	1016791	1017226	   0	 610	
 431	 432	  70	   2	 723	   3	   1	   3	  13	  23	  30	  80	  70	 635	1019191	1019914	   0	 600	
 432	 433	  80	   1	 477	   2	   1	   3	  14	  23	  30	  80	  70	 498	1021725	1022202	   0	 610	
 433	 434	  70	   1	 515	   3	   1	   3	  14	  24	  30	  80	  70	 436	1023943	1024458	   0	 620	
 434	 435	  80	   1	 461	   2	   1	   3	  15	  24	  30	  80	  70	 320	1026093	1026554	   0	 630	
 435	 436	  70	   1	 398	   3	   1	   3	  15	  25	  30	  80	  70	 595	1028444	1028842	   0	 640	
 436	 437	  30	   2	 477	   1	   1	   4	  15	  25	  30	  80	  70	 688	1030845	1031322	   0	 630	
 437	 438	  70	   1	 425	   3	   1	   4	  15	  26	  30	  80	  70	 327	1032945	1033370	   0	 640	
 438	 439	  30	   2	 483	   1	   1	   5	  15	  26	  30	  80	  70	 400	1035079	1035562	   0	 630	
 439	 440	  70	   1	 407	   3	   1	   5	  15	  27	  30	  80	  70	 471	1037347	1037754	   0	 640	
 440	 441	  80	   1	 418	   2	   1	   5	  16	  27	  30	  80	  70	 406	1039464	1039882	   0	 650	
 441	 442	  70	   2	 409	   3	   1	   5	  16	  28	  30	  80	  70	 473	1041681	1042090	   0	 640	
 442	 443	  30	   2	 377	   1	   1	   6	  16	  28	  30	  80	  70	 655	1044049	1044426	   0	 630	
 443	 444	  80	   1	 503	   2	   1	   6	  17	  28	  30	  80	  70	 376	1046099	1046602	   0	 640	
 444	 445	  30	   3	 393	   1	   2	   7	  17	  28	  30	  80	  70	 519	1048433	1048826	   0	 640	
 445	 446	  80	   2	 559	   2	   1	   7	  18	  28	  30	  80	  70	 541	1050667	1051226	   0	 630	
 446	 447	  30	   4	 363	   1	   2	   8	  18	  28	  30	  80	  70	 601	1053135	1053498	   0	 630	
 447	 448	  80	   1	 452	   2	   1	   8	  19	  28	  30	  80	  70	 508	1055302	1055754	   0	 640	
 448	 449	  30	   4	 396	   1	   2	   9	  19	  28	  30	  80	  70	 396	1057453	1057849	   0	 640	
 449	 450	  70	   1	 812	   3	   1	   9	  19	  29	  30	  80	  70	 307	1059453	1060265	   0	 650	
 450	 451	  30	   4	 395	   1	   2	  10	  19	  29	  30	  80	  70	 673	1062238	1062633	   0	 650	
 451	 452	  80	   1	 483	   2	   1	  10	  20	  29	  30	  80	  70	 470	1064422	1064905	   0	 660	
 452	 453	  70	   1	 579	   3	   1	  10	  20	  30	  30	  80	  70	 607	1066822	1067401	   0	 670	
 453	 454	  80	   1	 854	   2	   1	  10	  21	  30	  30	  80	  70	 425	1069123	1069977	   0	 680	
 454	 455	  30	   3	 429	   1	   2	  11	  21	  30	  30	  80	  70	 437	1071724	1072153	   0	 680	
 455	 456	  80	   1	 758	   2	   1	  11	  22	  30	  30	  80	  70	 438	1073891	1074649	   0	 690	
 456	 457	  70	   1	 602	   3	   1	  11	  22	  31	  30	  80	  70	 630	1076575	1077177	   0	 700	
 457	 458	  30	   4	 412	   1	   2	  12	  22	  31	  30	  80	  70	 407	1078893	1079305	   0	 700	
 458	 459	  70	   1	 594	   3	   1	  12	  22	  32	  30	  80	  70	 516	1081127	1081721	   0	 710	
 459	 460	  30	   4	 698	   1	   2	  13	  22	  32	  30	  80	  70	 305	1083327	1084025	   0	 710	
 460	 461	  80	   1	 480	   2	   1	  13	  23	  32	  30	  80	  70	 610	1085945	1086425	   0	 720	
 461	 462	  70	   1	 568	   3	   1	  13	  23	  33	  30	  80	  70	 382	1088145	1088713	   0	 730	
 462	 463	  30	   3	 376	   1	   2	  14	  23	  33	  30	  80	  70	 496	1090513	1090889	   0	 730	
 463	 464	  80	   1	 690	   2	   1	  14	  24	  33	  30	  80	  70	 453	1092647	1093337	   0	 740	
 464	 465	  30	   4	 546	   1	   2	  15	  24	  33	  30	  80	  70	 393	1095031	1095577	   0	 740	
 465	 466	  70	   4	 449	   3	   2	  15	  24	  34	  30	  80	  70	 563	1097432	1097881	   0	 740	
 466	 467	  80	   2	 601	   2	   1	  15	  25	  34	  30	  80	  70	 422	1099616	1100217	   0	 730	
 467	 468	  70	   1	 566	   3	   1	  15	  25	  35	  30	  80	  70	 554	1102083	1102649	   0	 740	
 468	 469	  30	   4	 490	   1	   2	  16	  25	  35	  30	  80	  70	 398	1104367	1104857	   0	 740	
 469	 470	  80	   1	 385	   2	   1	  16	  26	  35	  30	  80	  70	 400	1106568	1106953	   0	 750	
 470	 471	  30	   3	 347	   1	   2	  17	  26	  35	  30	  80	  70	 436	1108702	1109049	   0	 750	
 471	 472	  50	   4	 979	   3	   2	  17	  26	   1	  30	  80	  50	 469	1110902	1111881	   3	 750	
 472	 473	  30	   4	 638	   1	   2	  18	  26	   1	  30	  80	  50	 616	1113803	1114441	   0	 750	
 473	 474	  80	   3	 960	   2	   2	  18	  27	   1	  30	  80	  50	 380	1116121	1117081	   0	 750	
 474	 475	  30	   4	 659	   1	   2	  19	  27	   1	  30	  80	  50	 459	1118838	1119497	   0	 750	
 475	 476	  50	   3	 425	   3	   2	  19	  27	   2	  30	  80	  50	 667	1121472	1121897	   0	 750	
 476	 477	  80	   1	 371	   2	   1	  19	  28	   2	  30	  80	  50	 393	1123590	1123961	   0	 760	
 477	 478	  50	   4	 359	   3	   2	  19	  28	   3	  30	  80	  50	 614	1125874	1126233	   0	 760	
 478	 479	  80	   2	 517	   2	   1	  19	  29	   3	  30	  80	  50	 396	1127924	1128441	   0	 750	
 479	 480	  30	   4	 414	   1	   2	  20	  29	   3	  30	  80	  50	 322	1130075	1130489	   0	 750	
 480	 481	  50	   4	 572	   3	   2	  20	  29	   4	  30	  80	  50	 326	1132125	1132697	   0	 750	
 481	 482	  80	   1	 403	   2	   1	  20	  30	   4	  30	  80	  50	 694	1134710	1135113	   0	 760	
 482	 483	  50	   3	 367	   3	   2	  20	  30	   5	  30	  80	  50	 366	1136794	1137161	   0	 760	
 483	 484	  20	   3	1006	   2	   2	  20	   1	   5	  30	  20	  50	 679	1139211	1140217	   2	 760	
 484	 485	  30	   4	 740	   1	   2	  21	   1	   5	  30	  20	  50	 320	1141845	1142585	   0	 760	
 485	 486	  20	   4	 606	   2	   2	  21	   2	   5	  30	  20	  50	 479	1144363	1144969	   0	 760	
 486	 487	  50	   3	 645	   3	   2	  21	   2	   6	  30	  20	  50	 311	1146580	1147225	   0	 760	
 487	 488	  20	   4	 755	   2	   2	  21	   3	   6	  30	  20	  50	 491	1149014	1149769	   0	 760	
 488	 489	  30	   3	 569	   1	   2	  22	   3	   6	  30	  20	  50	 566	1151648	1152217	   0	 760	
 489	 490	  50	   3	1169	   3	   2	  22	   3	   7	  30	  20	  50	 300	1153832	1155001	   0	 760	
 490	 491	  30	   3	 704	   1	   2	  23	   3	   7	  30	  20	  50	 326	1156633	1157337	   0	 760	
 491	 492	  50	   3	 590	   3	   2	  23	   3	   8	  30	  20	  50	 399	1159067	1159657	   0	 760	
 492	 493	  20	   3	 590	   2	   2	  23	   4	   8	  30	  20	  50	 476	1161434	1162024	   0	 760	
 493	 494	  50	   2	 364	   3	   1	  23	   4	   9	  30	  20	  50	 543	1163868	1164232	   0	 750	
 494	 495	  30	   4	 667	   1	   2	  24	   4	   9	  30	  20	  50	 317	1165869	1166536	   0	 750	
 495	 496	  20	   2	 674	   2	   1	  24	   5	   9	  30	  20	  50	 642	1168486	1169160	   0	 740	
 496	 497	  50	   4	 961	   3	   2	  24	   5	  10	  30	  20	  50	 422	1170887	1171848	   0	 740	
 497	 498	  30	   4	 569	   1	   2	  25	   5	  10	  30	  20	  50	 316	1173471	1174040	   0	 740	
 498	 499	  50	   3	 431	   3	   2	  25	   5	  11	  30	  20	  50	 361	1175705	1176136	   0	 740	
 499	 500	  30	   4	 509	   1	   2	  26	   5	  11	  30	  20	  50	 667	1178123	1178632	   0	 740	
 500	 501	  50	   4	 606	   3	   2	  26	   5	  12	  30	  20	  50	 552	1180490	1181096	   0	 740	
 501	 502	  20	   4	 332	   2	   2	  26	   6	  12	  30	  20	  50	 487	1182908	1183240	   0	 740	
 502	 503	  30	   4	 461	   1	   2	  27	   6	  12	  30	  20	  50	 333	1184891	1185352	   0	 740	
 503	 504	  50	   3	 312	   3	   2	  27	   6	  13	  30	  20	  50	 344	1186992	1187304	   0	 740	
 504	 505	  30	   3	 524	   1	   2	  28	   6	  13	  30	  20	  50	 667	1189276	1189800	   0	 740	
 505	 506	  20	   4	 337	   2	   2	  28	   7	  13	  30	  20	  50	 438	1191543	1191880	   0	 740	
 506	 507	  50	   3	 585	   3	   2	  28	   7	  14	  30	  20	  50	 536	1193727	1194312	   0	 740	
 507	 508	  20	   4	 325	   2	   2	  28	   8	  14	  30	  20	  50	 566	1196195	1196520	   0	 740	
 508	 509	  50	   2	 494	   3	   1	  28	   8	  15	  30	  20	  50	 523	1198346	1198840	   0	 730	
 509	 510	  30	   4	 439	   1	   2	  29	   8	  15	  30	  20	  50	 365	1200513	1200952	   0	 730	
 510	 511	  50	   4	 365	   3	   2	  29	   8	  16	  30	  20	  50	 495	1202747	1203112	   0	 730	
 511	 512	  30	   4	 330	   1	   2	  30	   8	  16	  30	  20	  50	 367	1204814	1205144	   0	 730	
 512	 513	  20	   4	 326	   2	   2	  30	   9	  16	  30	  20	  50	 459	1206898	1207224	   0	 730	
 513	 514	  30	   4	 348	   1	   2	  31	   9	  16	  30	  20	  50	 605	1209132	1209480	   0	 730	
 514	 515	  50	   3	 357	   3	   2	  31	   9	  17	  30	  20	  50	 488	1211283	1211640	   0	 730	
 515	 516	  30	   4	 361	   1	   2	  32	   9	  17	  30	  20	  50	 621	1213567	1213928	   0	 730	
 516	 517	  20	   4	 410	   2	   2	  32	  10	  17	  30	  20	  50	 686	1215918	1216328	   0	 730	
 517	 518	  50	   4	 393	   3	   2	  32	  10	  18	  30	  20	  50	 300	1217935	1218328	   0	 730	
 518	 519	  20	   4	 367	   2	   2	  32	  11	  18	  30	  20	  50	 537	1220169	1220536	   0	 730	
 519	 520	  30	   4	 393	   1	   2	  33	  11	  18	  30	  20	  50	 469	1222319	1222712	   0	 730	
 520	 521	  20	   4	 357	   2	   2	  33	  12	  18	  30	  20	  50	 382	1224403	1224760	   0	 730	
 521	 522	  50	   3	 321	   3	   2	  33	  12	  19	  30	  20	  50	 393	1226471	1226792	   0	 730	
 522	 523	  80	   4	 237	   1	   2	   1	  12	  19	  80	  20	  50	 679	1228955	1229192	   1	 730	
 523	 524	  50	   4	 422	   3	   2	   1	  12	  20	  80	  20	  50	 617	1231122	1231544	   0	 730	
 524	 525	  80	   3	 354	   1	   2	   2	  12	  20	  80	  20	  50	 359	1233206	1233560	   0	 730	
 525	 526	  50	   4	 297	   3	   2	   2	  12	  21	  80	  20	  50	 532	1235407	1235704	   0	 730	
 526	 527	  80	   3	 393	   1	   2	   3	  12	  21	  80	  20	  50	 367	1237391	1237784	   0	 730	
 527	 528	  50	   4	 395	   3	   2	   3	  12	  22	  80	  20	  50	 636	1239725	1240120	   0	 730	
 528	 529	  80	   2	 353	   1	   1	   4	  12	  22	  80	  20	  50	 563	1241975	1242328	   0	 720	
 529	 530	  50	   3	 397	   3	   2	   4	  12	  23	  80	  20	  50	 430	1244059	1244456	   0	 720	
 530	 531	  80	   1	 337	   1	   1	   5	  12	  23	  80	  20	  50	 580	1246327	1246664	   0	 730	
 531	 532	  50	   3	 340	   3	   2	   5	  12	  24	  80	  20	  50	 657	1248644	1248984	   0	 730	
 532	 533	  80	   1	 399	   1	   1	   6	  12	  24	  80	  20	  50	 464	1250745	1251144	   0	 740	
 533	 534	  20	   4	 491	   2	   2	   6	  13	  24	  80	  20	  50	 397	1252845	1253336	   0	 740	
 534	 535	  50	   3	 459	   3	   2	   6	  13	  25	  80	  20	  50	 567	1255213	1255672	   0	 740	
 535	 536	  20	   3	 515	   2	   2	   6	  14	  25	  80	  20	  50	 444	1257413	1257928	   0	 740	
 536	 537	  80	   1	 412	   1	   1	   7	  14	  25	  80	  20	  50	 698	1259948	1260360	   0	 750	
 537	 538	  50	   3	 306	   3	   2	   7	  14	  26	  80	  20	  50	 538	1262198	1262504	   0	 750	
 538	 539	  20	   4	 342	   2	   2	   7	  15	  26	  80	  20	  50	 669	1264482	1264824	   0	 750	
 539	 540	  50	   4	 612	   3	   2	   7	  15	  27	  80	  20	  50	 358	1266483	1267095	   0	 750	
 540	 541	  20	   3	 517	   2	   2	   7	  16	  27	  80	  20	  50	 462	1268850	1269367	   0	 750	
 541	 542	  50	   4	 725	   3	   2	   7	  16	  28	  80	  20	  50	 537	1271234	1271959	   0	 750	
 542	 543	  20	   4	 521	   2	   2	   7	  17	  28	  80	  20	  50	 636	1273902	1274423	   0	 750	
 543	 544	  80	   1	 392	   1	   1	   8	  17	  28	  80	  20	  50	 582	1276319	1276711	   0	 760	
 544	 545	  20	   4	 327	   2	   2	   8	  18	  28	  80	  20	  50	 315	1278336	1278663	   0	 760	
 545	 546	  50	   3	 333	   3	   2	   8	  18	  29	  80	  20	  50	 584	1280554	1280887	   0	 760	
 546	 547	  20	   4	 401	   2	   2	   8	  19	  29	  80	  20	  50	 643	1282838	1283239	   0	 760	
 547	 548	  80	   1	 471	   1	   1	   9	  19	  29	  80	  20	  50	 547	1285088	1285559	   0	 770	
 548	 549	  50	   4	 566	   3	   2	   9	  19	  30	  80	  20	  50	 628	1287489	1288055	   0	 770	
 549	 550	  20	   4	 468	   2	   2	   9	  20	  30	  80	  20	  50	 546	1289907	1290375	   0	 770	
 550	 551	  80	   1	 468	   1	   1	  10	  20	  30	  80	  20	  50	 610	1292291	1292759	   0	 780	
 551	 552	  20	   4	 429	   2	   2	  10	  21	  30	  80	  20	  50	 377	1294458	1294887	   0	 780	
 552	 553	  80	   1	 551	   1	   1	  11	  21	  30	  80	  20	  50	 408	1296592	1297143	   0	 790	
 553	 554	  50	   3	 348	   3	   2	  11	  21	  31	  80	  20	  50	 411	1298859	1299207	   0	 790	
 554	 555	  20	   3	 499	   2	   2	  11	  22	  31	  80	  20	  50	 544	1301060	1301559	   0	 790	
 555	 556	  50	   2	 953	   3	   1	  11	  22	  32	  80	  20	  50	 416	1303294	1304247	   0	 780	
 556	 557	  80	   1	 337	   1	   1	  12	  22	  32	  80	  20	  50	 316	1305878	1306215	   0	 790	
 557	 558	  50	   4	 308	   3	   2	  12	  22	  33	  80	  20	  50	 673	1308195	1308503	   0	 790	
 558	 559	  80	   1	 395	   1	   1	  13	  22	  33	  80	  20	  50	 589	1310396	1310791	   0	 800	
 559	 560	  30	   4	 574	   3	   2	  13	  22	   1	  80	  20	  30	 489	1312697	1313271	   3	 800	
 560	 561	  80	   2	 583	   1	   1	  14	  22	   1	  80	  20	  30	 670	1315248	1315831	   0	 790	
 561	 562	  20	   4	 322	   2	   2	  14	  23	   1	  80	  20	  30	 600	1317765	1318087	   0	 790	
 562	 563	  30	   2	 644	   3	   1	  14	  23	   2	  80	  20	  30	 314	1319699	1320343	   0	 780	
 563	 564	  20	   2	 437	   2	   1	  14	  24	   2	  80	  20	  30	 427	1322066	1322503	   0	 770	
 564	 565	  80	   1	 419	   1	   1	  15	  24	   2	  80	  20	  30	 697	1324500	1324919	   0	 780	
 565	 566	  20	   4	 413	   2	   2	  15	  25	   2	  80	  20	  30	 393	1326618	1327031	   0	 780	
 566	 567	  80	   2	 613	   1	   1	  16	  25	   2	  80	  20	  30	 475	1328802	1329415	   0	 770	
 567	 568	  30	   4	 373	   3	   2	  16	  25	   3	  80	  20	  30	 475	1331186	1331559	   0	 770	
 568	 569	  20	   4	 431	   2	   2	  16	  26	   3	  80	  20	  30	 479	1333336	1333767	   0	 770	
 569	 570	  80	   1	 425	   1	   1	  17	  26	   3	  80	  20	  30	 376	1335454	1335879	   0	 780	
 570	 571	  20	   4	 326	   2	   2	  17	  27	   3	  80	  20	  30	 345	1337521	1337847	   0	 780	
 571	 572	  80	   1	 568	   1	   1	  18	  27	   3	  80	  20	  30	 694	1339855	1340423	   0	 790	
 572	 573	  30	   4	 631	   3	   2	  18	  27	   4	  80	  20	  30	 534	1342272	1342903	   0	 790	
 573	 574	  20	   3	 521	   2	   2	  18	  28	   4	  80	  20	  30	 392	1344590	1345111	   0	 790	
 574	 575	  30	   3	 455	   3	   2	  18	  28	   5	  80	  20	  30	 604	1347024	1347479	   0	 790	
 575	 576	  20	   4	 542	   2	   2	  18	  29	   5	  80	  20	  30	 443	1349225	1349767	   0	 790	
 576	 577	  80	   1	 459	   1	   1	  19	  29	   5	  80	  20	  30	 627	1351692	1352151	   0	 800	
 577	 578	  20	   4	 544	   2	   2	  19	  30	   5	  80	  20	  30	 498	1353959	1354503	   0	 800	
 578	 579	  30	   4	 434	   3	   2	  19	  30	   6	  80	  20	  30	 472	1356277	1356711	   0	 800	
 579	 580	  20	   4	 472	   2	   2	  19	  31	   6	  80	  20	  30	 500	1358527	1358999	   0	 800	
 580	 581	  80	   1	 554	   1	   1	  20	  31	   6	  80	  20	  30	 561	1360861	1361415	   0	 810	
 581	 582	  20	   4	 312	   2	   2	  20	  32	   6	  80	  20	  30	 553	1363295	1363607	   0	 810	
 582	 583	  30	   3	 520	   3	   2	  20	  32	   7	  80	  20	  30	 370	1365279	1365799	   0	 810	
 583	 584	  20	   4	 532	   2	   2	  20	  33	   7	  80	  20	  30	 636	1367747	1368279	   0	 810	
 584	 585	  30	   4	 506	   3	   2	  20	  33	   8	  80	  20	  30	 393	1369981	1370487	   0	 810	
 585	 586	  80	   1	 456	   1	   1	  21	  33	   8	  80	  20	  30	 605	1372398	1372854	   0	 820	
 586	 587	  30	   4	 446	   3	   2	  21	  33	   9	  80	  20	  30	 454	1374616	1375062	   0	 820	
 587	 588	  80	   2	 543	   1	   1	  22	  33	   9	  80	  20	  30	 611	1376983	1377526	   0	 810	
 588	 589	  20	   4	 489	   2	   2	  22	  34	   9	  80	  20	  30	 691	1379517	1380006	   0	 810	
 589	 590	  30	   3	 444	   3	   2	  22	  34	  10	  80	  20	  30	 514	1381818	1382262	   0	 810	
 590	 591	  80	   1	 396	   1	   1	  23	  34	  10	  80	  20	  30	 640	1384202	1384598	   0	 820	
 591	 592	  20	   4	 269	   2	   2	  23	  35	  10	  80	  20	  30	 648	1386569	1386838	   0	 820	
 592	 593	  80	   1	 597	   1	   1	  24	  35	  10	  80	  20	  30	 585	1388737	1389334	   0	 830	
 593	 594	  70	   3	 418	   2	   2	  24	   1	  10	  80	  70	  30	 403	1391204	1391622	   2	 830	
 594	 595	  80	   1	 618	   1	   1	  25	   1	  10	  80	  70	  30	 458	1393388	1394006	   0	 840	
 595	 596	  30	   4	 531	   3	   2	  25	   1	  11	  80	  70	  30	 633	1395955	1396486	   0	 840	
 596	 597	  80	   3	 368	   1	   2	  26	   1	  11	  80	  70	  30	 600	1398406	1398774	   0	 840	
 597	 598	  70	   3	 608	   2	   2	  26	   2	  11	  80	  70	  30	 303	1400390	1400998	   0	 840	
 598	 599	  80	   1	 402	   1	   1	  27	   2	  11	  80	  70	  30	 418	1402724	1403126	   0	 850	
 599	 600	  30	   4	 503	   3	   2	  27	   2	  12	  80	  70	  30	 531	1404975	1405478	   0	 850	
 600	 601	  80	   2	 402	   1	   1	  28	   2	  12	  80	  70	  30	 699	1407492	1407894	   0	 840	
 601	 602	  70	   1	 392	   2	   1	  28	   3	  12	  80	  70	  30	 481	1409710	1410102	   0	 850	
 602	 603	  30	   4	 420	   3	   2	  28	   3	  13	  80	  70	  30	 409	1411810	1412230	   0	 850	
 603	 604	  70	   1	 419	   2	   1	  28	   4	  13	  80	  70	  30	 669	1414211	1414630	   0	 860	
 604	 605	  30	   4	 520	   3	   2	  28	   4	  14	  80	  70	  30	 541	1416478	1416998	   0	 860	
 605	 606	  70	   2	 350	   2	   1	  28	   5	  14	  80	  70	  30	 403	1418712	1419062	   0	 850	
 606	 607	  30	   3	 496	   3	   2	  28	   5	  15	  80	  70	  30	 676	1421046	1421542	   0	 850	
 607	 608	  70	   1	 316	   2	   1	  28	   6	  15	  80	  70	  30	 691	1423530	1423846	   0	 860	
 608	 609	  30	   4	 492	   3	   2	  28	   6	  16	  80	  70	  30	 340	1425498	1425990	   0	 860	
 609	 610	  80	   1	 445	   1	   1	  29	   6	  16	  80	  70	  30	 566	1427865	1428310	   0	 870	
 610	 611	  70	   2	 387	   2	   1	  29	   7	  16	  80	  70	  30	 485	1430099	1430486	   0	 860	
 611	 612	  30	   4	 330	   3	   2	  29	   7	  17	  80	  70	  30	 491	1432300	1432630	   0	 860	
 612	 613	  70	   1	 500	   2	   1	  29	   8	  17	  80	  70	  30	 530	1434450	1434950	   0	 870	
 613	 614	  80	   1	 684	   1	   1	  30	   8	  17	  80	  70	  30	 380	1436634	1437318	   0	 880	
 614	 615	  70	   1	 524	   2	   1	  30	   9	  17	  80	  70	  30	 394	1439018	1439542	   0	 890	
 615	 616	  30	   4	 726	   3	   2	  30	   9	  18	  80	  70	  30	 688	1441536	1442262	   0	 890	
 616	 617	  50	   4	 739	   1	   2	   1	   9	  18	  50	  70	  30	 400	1443987	1444726	   1	 890	
 617	 618	  30	   3	 588	   3	   2	   1	   9	  19	  50	  70	  30	 530	1446554	1447142	   0	 890	
 618	 619	  70	   2	 382	   2	   1	   1	  10	  19	  50	  70	  30	 434	1448888	1449270	   0	 880	
 619	 620	  30	   3	 329	   3	   2	   1	  10	  20	  50	  70	  30	 424	1451005	1451334	   0	 880	
 620	 621	  70	   1	 357	   2	   1	   1	  11	  20	  50	  70	  30	 458	1453089	1453446	   0	 890	
 621	 622	  50	   4	 571	   1	   2	   2	  11	  20	  50	  70	  30	 543	1455307	1455878	   0	 890	
 622	 623	  70	   1	 719	   2	   1	   2	  12	  20	  50	  70	  30	 398	1457591	1458310	   0	 900	
 623	 624	  50	   4	 461	   1	   2	   3	  12	  20	  50	  70	  30	 401	1460025	1460486	   0	 900	
 624	 625	  30	   3	 555	   3	   2	   3	  12	  21	  50	  70	  30	 679	1462459	1463014	   0	 900	
 625	 626	  70	   1	 461	   2	   1	   3	  13	  21	  50	  70	  30	 474	1464793	1465254	   0	 910	
 626	 627	  50	   3	 508	   1	   2	   4	  13	  21	  50	  70	  30	 639	1467194	1467702	   0	 910	
 627	 628	  30	   4	 549	   3	   2	   4	  13	  22	  50	  70	  30	 357	1469361	1469910	   0	 910	
 628	 629	  50	   1	 334	   1	   1	   5	  13	  22	  50	  70	  30	 687	1471912	1472246	   0	 920	
 629	 630	  70	   1	 540	   2	   1	   5	  14	  22	  50	  70	  30	 394	1473946	1474486	   0	 930	
 630	 631	  30	   4	 444	   3	   2	   5	  14	  23	  50	  70	  30	 559	1476346	1476790	   0	 930	
 631	 632	  50	   2	 328	   1	   1	   6	  14	  23	  50	  70	  30	 689	1478797	1479125	   0	 920	
 632	 633	  70	   2	 384	   2	   1	   6	  15	  23	  50	  70	  30	 561	1480981	1481365	   0	 910	
 633	 634	  30	   4	 431	   3	   2	   6	  15	  24	  50	  70	  30	 309	1482982	1483413	   0	 910	
 634	 635	  50	   3	 416	   1	   2	   7	  15	  24	  50	  70	  30	 624	1485349	1485765	   0	 910	
 635	 636	  30	   4	 558	   3	   2	   7	  15	  25	  50	  70	  30	 300	1487383	1487941	   0	 910	
 636	 637	  50	   3	 631	   1	   2	   8	  15	  25	  50	  70	  30	 690	1489934	1490565	   0	 910	
 637	 638	  30	   4	 617	   3	   2	   8	  15	  26	  50	  70	  30	 381	1492268	1492885	   0	 910	
 638	 639	  70	   1	 477	   2	   1	   8	  16	  26	  50	  70	  30	 362	1494552	1495029	   0	 920	
 639	 640	  50	   3	 422	   1	   2	   9	  16	  26	  50	  70	  30	 381	1496719	1497141	   0	 920	
 640	 641	  70	   1	 591	   2	   1	   9	  17	  26	  50	  70	  30	 427	1498870	1499461	   0	 930	
 641	 642	  30	   3	 498	   3	   2	   9	  17	  27	  50	  70	  30	 404	1501187	1501685	   0	 930	
 642	 643	  50	   2	 372	   1	   1	  10	  17	  27	  50	  70	  30	 503	1503505	1503877	   0	 920	
 643	 644	  70	   1	 643	   2	   1	  10	  18	  27	  50	  70	  30	 336	1505522	1506165	   0	 930	
 644	 645	  30	   4	 436	   3	   2	  10	  18	  28	  50	  70	  30	 416	1507889	1508325	   0	 930	
 645	 646	  70	   2	 306	   2	   1	  10	  19	  28	  50	  70	  30	 666	1510307	1510613	   0	 920	
 646	 647	  50	   1	 403	   1	   1	  11	  19	  28	  50	  70	  30	 364	1512274	1512677	   0	 930	
 647	 648	  30	   4	 406	   3	   2	  11	  19	  29	  50	  70	  30	 613	1514591	1514997	   0	 930	
 648	 649	  50	   2	 378	   1	   1	  12	  19	  29	  50	  70	  30	 571	1516875	1517253	   0	 920	
 649	 650	  30	   3	 532	   3	   2	  12	  19	  30	  50	  70	  30	 449	1519009	1519541	   0	 920	
 650	 651	  70	   2	 538	   2	   1	  12	  20	  30	  50	  70	  30	 397	1521243	1521781	   0	 910	
 651	 652	  30	   4	 518	   3	   2	  12	  20	   1	  50	  70	  30	 625	1523727	1524245	   0	 910	
 652	 653	  50	   2	 294	   1	   1	  13	  20	   1	  50	  70	  30	 533	1526095	1526389	   0	 900	
 653	 654	  70	   4	 454	   2	   2	  13	  21	   1	  50	  70	  30	 411	1528095	1528549	   0	 900	
 654	 655	  50	   1	 465	   1	   1	  14	  21	   1	  50	  70	  30	 333	1530196	1530661	   0	 910	
 655	 656	  70	   1	 508	   2	   1	  14	  22	   1	  50	  70	  30	 323	1532297	1532805	   0	 920	
 656	 657	  30	   2	 512	   3	   1	  14	  22	   2	  50	  70	  30	 468	1534581	1535093	   0	 910	
 657	 658	  50	   1	 424	   1	   1	  15	  22	   2	  50	  70	  30	 395	1536781	1537205	   0	 920	
 658	 659	  30	   4	 436	   3	   2	  15	  22	   3	  50	  70	  30	 331	1538849	1539285	   0	 920	
 659	 660	  70	   1	 542	   2	   1	  15	  23	   3	  50	  70	  30	 385	1540983	1541525	   0	 930	
 660	 661	  30	   4	 519	   3	   2	  15	  23	   4	  50	  70	  30	 319	1543150	1543669	   0	 930	
 661	 662	  70	   1	 552	   2	   1	  15	  24	   4	  50	  70	  30	 530	1545517	1546069	   0	 940	
 662	 663	  30	   3	 513	   3	   2	  15	  24	   5	  50	  70	  30	 692	1548068	1548581	   0	 940	
 663	 664	  70	   3	 470	   2	   2	  15	  25	   5	  50	  70	  30	 458	1550335	1550805	   0	 940	
 664	 665	  50	   2	 373	   1	   1	  16	  25	   5	  50	  70	  30	 628	1552736	1553109	   0	 930	
 665	 666	  30	   4	 507	   3	   2	  16	  25	   6	  50	  70	  30	 533	1554954	1555461	   0	 930	
 666	 667	  70	   1	 378	   2	   1	  16	  26	   6	  50	  70	  30	 612	1557371	1557749	   0	 940	
 667	 668	  30	   3	 385	   3	   2	  16	  26	   7	  50	  70	  30	 533	1559588	1559973	   0	 940	
 668	 669	  50	   1	 523	   1	   1	  17	  26	   7	  50	  70	  30	 420	1561706	1562229	   0	 950	
 669	 670	  70	   2	 543	   2	   1	  17	  27	   7	  50	  70	  30	 473	1564006	1564549	   0	 940	
 670	 671	  50	   2	 567	   1	   1	  18	  27	   7	  50	  70	  30	 320	1566174	1566741	   0	 930	
 671	 672	  30	   4	 560	   3	   2	  18	  27	   8	  50	  70	  30	 668	1568741	1569301	   0	 930	
 672	 673	  70	   1	 517	   2	   1	  18	  28	   8	  50	  70	  30	 392	1570992	1571509	   0	 940	
 673	 674	  30	   4	 694	   3	   2	  18	  28	   9	  50	  70	  30	 539	1573359	1574053	   0	 940	
 674	 675	  50	   1	 529	   1	   1	  19	  28	   9	  50	  70	  30	 499	1575860	1576389	   0	 950	
 675	 676	  70	   1	 556	   2	   1	  19	  29	   9	  50	  70	  30	 690	1578377	1578933	   0	 960	
 676	 677	  30	   3	 530	   3	   2	  19	  29	  10	  50	  70	  30	 365	1580611	1581141	   0	 960	
 677	 678	  50	   2	 647	   1	   1	  20	  29	  10	  50	  70	  30	 400	1582845	1583492	   0	 950	
 678	 679	  70	   2	 477	   2	   1	  20	  30	  10	  50	  70	  30	 670	1585479	1585956	   0	 940	
 679	 680	  50	   1	 485	   1	   1	  21	  30	  10	  50	  70	  30	 385	1587647	1588132	   0	 950	
 680	 681	  30	   4	 507	   3	   2	  21	  30	  11	  50	  70	  30	 448	1589897	1590404	   0	 950	
 681	 682	  50	   1	 478	   1	   1	  22	  30	  11	  50	  70	  30	 449	1592182	1592660	   0	 960	
 682	 683	  30	   4	 450	   3	   2	  22	  30	  12	  50	  70	  30	 512	1594466	1594916	   0	 960	
 683	 684	  50	   1	 508	   1	   1	  23	  30	  12	  50	  70	  30	 372	1596600	1597108	   0	 970	
 684	 685	  70	   3	 409	   2	   2	  23	  31	  12	  50	  70	  30	 649	1599067	1599476	   0	 970	
 685	 686	  50	   2	 545	   1	   1	  24	  31	  12	  50	  70	  30	 480	1601251	1601796	   0	 960	
 686	 687	  70	   1	 390	   2	   1	  24	  32	  12	  50	  70	  30	 408	1603502	1603892	   0	 970	
 687	 688	  50	   2	 443	   1	   1	  25	  32	  12	  50	  70	  30	 568	1605769	1606212	   0	 960	
 688	 689	  30	   4	 563	   3	   2	  25	  32	  13	  50	  70	  30	 432	1607953	1608516	   0	 960	
 689	 690	  50	   2	 558	   1	   1	  26	  32	  13	  50	  70	  30	 656	1610470	1611028	   0	 950	
 690	 691	  30	   4	 641	   3	   2	  26	  32	  14	  50	  70	  30	 432	1612771	1613412	   0	 950	
 691	 692	  70	   1	 506	   2	   1	  26	  33	  14	  50	  70	  30	 594	1615322	1615828	   0	 960	
 692	 693	  30	   3	 454	   3	   2	  26	  33	  15	  50	  70	  30	 666	1617806	1618260	   0	 960	
 693	 694	  50	   2	 368	   1	   1	  27	  33	  15	  50	  70	  30	 378	1619940	1620308	   0	 950	
 694	 695	  70	   4	 352	   2	   2	  27	  34	  15	  50	  70	  30	 303	1621924	1622276	   0	 950	
 695	 696	  30	   4	 406	   3	   2	  27	  34	  16	  50	  70	  30	 568	1624158	1624564	   0	 950	
 696	 697	  50	   1	 448	   1	   1	  28	  34	  16	  50	  70	  30	 419	1626292	1626740	   0	 960	
 697	 698	  30	   4	 529	   3	   2	  28	  34	  17	  50	  70	  30	 593	1628643	1629172	   0	 960	
 698	 699	  50	   2	 577	   1	   1	  29	  34	  17	  50	  70	  30	 580	1631043	1631620	   0	 950	
 699	 700	  30	   4	 557	   3	   2	  29	  34	  18	  50	  70	  30	 600	1633527	1634084	   0	 950	
 700	 701	  70	   1	 356	   2	   1	  29	  35	  18	  50	  70	  30	 347	1635728	1636084	   0	 960	
 701	 702	  30	   3	 449	   3	   2	  29	  35	  19	  50	  70	  30	 374	1637779	1638228	   0	 960	
 702	 703	  50	   1	 429	   1	   1	  30	  35	  19	  50	  70	  30	 321	1639863	1640292	   0	 970	
 703	 704	  30	   3	 505	   3	   2	  30	  35	  20	  50	  70	  30	 364	1641963	1642468	   0	 970	
 704	 705	  50	   2	 597	   1	   1	  31	  35	  20	  50	  70	  30	 655	1644431	1645028	   0	 960	
 705	 706	  70	   1	 584	   2	   1	  31	   1	  20	  50	  70	  30	 413	1646748	1647332	   0	 970	
 706	 707	  50	   2	 566	   1	   1	  32	   1	  20	  50	  70	  30	 539	1649182	1649748	   0	 960	
 707	 708	  30	   3	 550	   3	   2	  32	   1	  21	  50	  70	  30	 504	1651566	1652116	   0	 960	
 708	 709	  50	   3	 436	   1	   2	  33	   1	  21	  50	  70	  30	 574	1654000	1654436	   0	 960	
 709	 710	  30	   4	 504	   3	   2	  33	   1	  22	  50	  70	  30	 540	1656284	1656788	   0	 960	
 710	 711	  70	   1	 495	   2	   1	  33	   2	  22	  50	  70	  30	 390	1658485	1658980	   0	 970	
 711	 712	  50	   2	 418	   1	   1	   1	   2	  22	  50	  70	  30	 513	1660802	1661220	   0	 960	
