Version: 1	Number of symbols: 3	Pictures exchange: true	Response Deadline: 2000
Trial_No	Virt_Trial_No	Prob_Shown	Feedback	RT	Stimulus_No	Resp	SymbolA_Stage	SymbolB_Stage	SymbolC_Stage	Prob_A	Prob_B	Prob_C	Jitter	StimOnset	RespOnset	Symbol_Changes	Bonus_sum
   1	   1	  30	   2	 927	   1	   1	   1	   0	   0	  30	  70	  50	 525	-320	 607	   0	 -10	
   2	   2	  50	   2	1136	   3	   1	   1	   0	   1	  30	  70	  50	 309	2199	3335	   0	 -20	
   3	   3	  30	   4	 725	   1	   2	   2	   0	   1	  30	  70	  50	 484	5106	5831	   0	 -20	
   4	   4	  50	   3	 536	   3	   2	   2	   0	   2	  30	  70	  50	 679	7799	8335	   0	 -20	
   5	   5	  70	   1	 773	   2	   1	   2	   1	   2	  30	  70	  50	 450	10066	10839	   0	 -10	
   6	   6	  30	   4	 541	   1	   2	   3	   1	   2	  30	  70	  50	 544	12666	13207	   0	 -10	
   7	   7	  50	   2	 334	   3	   1	   3	   1	   3	  30	  70	  50	 344	14825	15159	   0	 -20	
   8	   8	  70	   1	 434	   2	   1	   3	   2	   3	  30	  70	  50	 449	16892	17326	   0	 -10	
   9	   9	  50	   2	 573	   3	   1	   3	   2	   4	  30	  70	  50	 578	19185	19758	   0	 -20	
  10	  10	  30	   3	 741	   1	   2	   4	   2	   4	  30	  70	  50	 540	21585	22326	   0	 -20	
  11	  11	  50	   1	 818	   3	   1	   4	   2	   5	  30	  70	  50	 632	24252	25070	   0	 -10	
  12	  12	  70	   1	 661	   2	   1	   4	   3	   5	  30	  70	  50	 351	26705	27366	   0	   0	
  13	  13	  50	   2	 434	   3	   1	   4	   3	   6	  30	  70	  50	 685	29332	29766	   0	 -10	
  14	  14	  70	   2	 565	   2	   1	   4	   4	   6	  30	  70	  50	 300	31345	31910	   0	 -20	
  15	  15	  50	   1	 405	   3	   1	   4	   4	   7	  30	  70	  50	 394	33585	33990	   0	 -10	
  16	  16	  30	   3	 725	   1	   2	   5	   4	   7	  30	  70	  50	 675	35945	36670	   0	 -10	
  17	  17	  70	   2	 496	   2	   1	   5	   5	   7	  30	  70	  50	 563	38518	39014	   0	 -20	
  18	  18	  50	   1	 643	   3	   1	   5	   5	   8	  30	  70	  50	 626	40931	41574	   0	 -10	
  19	  19	  70	   3	 707	   2	   2	   5	   6	   8	  30	  70	  50	 393	43251	43958	   0	 -10	
  20	  20	  30	   4	 486	   1	   2	   6	   6	   8	  30	  70	  50	 497	45744	46230	   0	 -10	
  21	  21	  50	   2	 518	   3	   1	   6	   6	   9	  30	  70	  50	 653	48184	48702	   0	 -20	
  22	  22	  30	   4	 499	   1	   2	   7	   6	   9	  30	  70	  50	 553	50531	51030	   0	 -20	
  23	  23	  50	   3	 539	   3	   2	   7	   6	  10	  30	  70	  50	 580	52891	53430	   0	 -20	
  24	  24	  30	   2	 438	   1	   1	   8	   6	  10	  30	  70	  50	 558	55264	55702	   0	 -30	
  25	  25	  70	   1	 536	   2	   1	   8	   7	  10	  30	  70	  50	 497	57477	58013	   0	 -20	
  26	  26	  50	   1	 757	   3	   1	   8	   7	  11	  30	  70	  50	 606	59904	60661	   0	 -10	
  27	  27	  30	   4	 430	   1	   2	   9	   7	  11	  30	  70	  50	 364	62303	62733	   0	 -10	
  28	  28	  50	   2	 387	   3	   1	   9	   7	  12	  30	  70	  50	 551	64570	64957	   0	 -20	
  29	  29	  70	   1	 536	   2	   1	   9	   8	  12	  30	  70	  50	 552	66797	67333	   0	 -10	
  30	  30	  50	   1	 811	   3	   1	   9	   8	  13	  30	  70	  50	 466	69090	69901	   0	   0	
  31	  31	  70	   1	 347	   2	   1	   9	   9	  13	  30	  70	  50	 664	71850	72197	   0	  10	
  32	  32	  50	   1	 363	   3	   1	   9	   9	  14	  30	  70	  50	 642	74130	74493	   0	  20	
  33	  33	  30	   1	 353	   1	   1	  10	   9	  14	  30	  70	  50	 300	76076	76429	   0	  30	
  34	  34	  70	   2	 585	   2	   1	  10	  10	  14	  30	  70	  50	 400	78116	78701	   0	  20	
  35	  35	  30	   4	 597	   1	   2	  11	  10	  14	  30	  70	  50	 399	80368	80965	   0	  20	
  36	  36	  70	   3	 660	   2	   2	  11	  11	  14	  30	  70	  50	 322	82569	83229	   0	  20	
  37	  37	  50	   2	 409	   3	   1	  11	  11	  15	  30	  70	  50	 649	85156	85565	   0	  10	
  38	  38	  30	   3	 625	   1	   2	  12	  11	  15	  30	  70	  50	 476	87316	87941	   0	  10	
  39	  39	  70	   2	 425	   2	   1	  12	  12	  15	  30	  70	  50	 415	89636	90061	   0	   0	
  40	  40	  30	   4	 556	   1	   2	  13	  12	  15	  30	  70	  50	 309	91649	92205	   0	   0	
  41	  41	  50	   1	 530	   3	   1	  13	  12	  16	  30	  70	  50	 345	93835	94365	   0	  10	
  42	  42	  70	   1	 569	   2	   1	  13	  13	  16	  30	  70	  50	 358	95995	96564	   0	  20	
  43	  43	  30	   4	 465	   1	   2	  14	  13	  16	  30	  70	  50	 511	98355	98820	   0	  20	
  44	  44	  70	   1	 419	   2	   1	  14	  14	  16	  30	  70	  50	 678	100769	101188	   0	  30	
  45	  45	  50	   4	 721	   3	   2	  14	  14	  17	  30	  70	  50	 361	102835	103556	   0	  30	
  46	  46	  30	   4	 497	   1	   2	  15	  14	  17	  30	  70	  50	 470	105315	105812	   0	  30	
  47	  47	  70	   3	 662	   2	   2	  15	  15	  17	  30	  70	  50	 361	107462	108124	   0	  30	
  48	  48	  30	   3	 655	   1	   2	  16	  15	  17	  30	  70	  50	 695	110101	110756	   0	  30	
  49	  49	  70	   2	 671	   2	   1	  16	  16	  17	  30	  70	  50	 413	112461	113132	   0	  20	
  50	  50	  30	   2	 436	   1	   1	  17	  16	  17	  30	  70	  50	 386	114808	115244	   0	  10	
  51	  51	  70	   1	 481	   2	   1	  17	  17	  17	  30	  70	  50	 375	116915	117396	   0	  20	
  52	  52	  30	   4	 452	   1	   2	  18	  17	  17	  30	  70	  50	 612	119288	119740	   0	  20	
  53	  53	  70	   1	 690	   2	   1	  18	  18	  17	  30	  70	  50	 664	121674	122364	   0	  30	
  54	  54	  30	   3	 530	   1	   2	  19	  18	  17	  30	  70	  50	 355	123994	124524	   0	  30	
  55	  55	  70	   2	 709	   2	   1	  19	  19	  17	  30	  70	  50	 690	126487	127196	   0	  20	
  56	  56	  50	   2	 391	   3	   1	  19	  19	  18	  30	  70	  50	 533	129021	129412	   0	  10	
  57	  57	  30	   4	 410	   1	   2	  20	  19	  18	  30	  70	  50	 302	130994	131404	   0	  10	
  58	  58	  70	   1	 479	   2	   1	  20	  20	  18	  30	  70	  50	 503	133181	133660	   0	  20	
  59	  59	  50	   1	 535	   3	   1	  20	  20	  19	  30	  70	  50	 670	135620	136155	   0	  30	
  60	  60	  30	   4	 551	   1	   2	  21	  20	  19	  30	  70	  50	 624	138060	138611	   0	  30	
  61	  61	  50	   2	 473	   3	   1	  21	  20	  20	  30	  70	  50	 370	140274	140747	   0	  20	
  62	  62	  70	   3	 442	   2	   2	  21	  21	  20	  30	  70	  50	 449	142473	142915	   0	  20	
  63	  63	  50	   4	 935	   3	   2	  21	  21	  21	  30	  70	  50	 613	144820	145755	   0	  20	
  64	  64	  70	   2	 679	   2	   1	  21	  22	  21	  30	  70	  50	 694	147740	148419	   0	  10	
  65	  65	  50	   1	 413	   3	   1	  21	  22	  22	  30	  70	  50	 338	150046	150459	   0	  20	
  66	  66	  30	   3	 527	   1	   2	  22	  22	  22	  30	  70	  50	 556	152300	152827	   0	  20	
  67	  67	  70	   1	 501	   2	   1	  22	  23	  22	  30	  70	  50	 576	154686	155187	   0	  30	
  68	  68	  30	   4	 445	   1	   2	  23	  23	  22	  30	  70	  50	 534	157006	157451	   0	  30	
  69	  69	  50	   2	 408	   3	   1	  23	  23	  23	  30	  70	  50	 492	159219	159627	   0	  20	
  70	  70	  70	   3	 778	   2	   2	  23	  24	  23	  30	  70	  50	 443	161353	162131	   0	  20	
  71	  71	  50	   2	 472	   3	   1	  23	  24	  24	  30	  70	  50	 353	163779	164251	   0	  10	
  72	  72	  70	   1	 373	   2	   1	  23	  25	  24	  30	  70	  50	 312	165846	166219	   0	  20	
  73	  73	  50	   1	 416	   3	   1	  23	  25	  25	  30	  70	  50	 509	168019	168435	   0	  30	
  74	  74	  70	   2	 557	   2	   1	  23	  26	  25	  30	  70	  50	 645	170366	170923	   0	  20	
  75	  75	  50	   4	 416	   3	   2	  23	  26	  26	  30	  70	  50	 615	172819	173235	   0	  20	
  76	  76	  70	   3	 480	   2	   2	  23	  27	  26	  30	  70	  50	 698	175219	175699	   0	  20	
  77	  77	  50	   3	 610	   3	   2	  23	  27	  27	  30	  70	  50	 649	177632	178242	   0	  20	
  78	  78	  70	   1	 381	   2	   1	  23	  28	  27	  30	  70	  50	 368	179885	180266	   0	  30	
  79	  79	  50	   3	 370	   3	   2	  23	  28	  28	  30	  70	  50	 370	181912	182282	   0	  30	
  80	  80	  30	   4	 701	   1	   2	  24	  28	  28	  30	  70	  50	 692	184245	184946	   0	  30	
  81	  81	  70	   2	 594	   2	   1	  24	  29	  28	  30	  70	  50	 632	186872	187466	   0	  20	
  82	  82	  30	   4	 776	   1	   2	  25	  29	  28	  30	  70	  50	 509	189258	190034	   0	  20	
  83	  83	  50	   2	 384	   3	   1	  25	  29	  29	  30	  70	  50	 700	192018	192402	   0	  10	
  84	  84	  30	   3	 624	   1	   2	  26	  29	  29	  30	  70	  50	 416	194098	194722	   0	  10	
  85	  85	  70	   1	 512	   2	   1	  26	  30	  29	  30	  70	  50	 699	196698	197210	   0	  20	
  86	  86	  50	   1	 480	   3	   1	  26	  30	  30	  30	  70	  50	 602	199098	199578	   0	  30	
  87	  87	  70	   3	 528	   2	   2	  26	  31	  30	  30	  70	  50	 473	201338	201866	   0	  30	
  88	  88	  30	   4	 670	   3	   2	  26	  31	   1	  30	  70	  30	 393	203564	204234	   3	  30	
  89	  89	  30	   4	 747	   1	   2	  27	  31	   1	  30	  70	  30	 667	206191	206938	   0	  30	
  90	  90	  70	   4	 579	   2	   2	  27	  32	   1	  30	  70	  30	 448	208671	209250	   0	  30	
  91	  91	  30	   3	 731	   3	   2	  27	  32	   2	  30	  70	  30	 363	210911	211642	   0	  30	
  92	  92	  70	   1	 628	   2	   1	  27	  33	   2	  30	  70	  30	 598	213510	214138	   0	  40	
  93	  93	  30	   4	 568	   1	   2	  28	  33	   2	  30	  70	  30	 477	215897	216465	   0	  40	
  94	  94	  30	   2	 621	   3	   1	  28	  33	   3	  30	  70	  30	 378	218124	218745	   0	  30	
  95	  95	  30	   3	 499	   1	   2	  29	  33	   3	  30	  70	  30	 529	220550	221049	   0	  30	
  96	  96	  20	   2	 830	   2	   1	  29	   1	   3	  30	  20	  30	 520	222883	223713	   2	  20	
  97	  97	  30	   4	 510	   1	   2	  30	   1	   3	  30	  20	  30	 481	225483	225993	   0	  20	
  98	  98	  30	   4	 651	   3	   2	  30	   1	   4	  30	  20	  30	 675	227950	228601	   0	  20	
  99	  99	  30	   4	 678	   1	   2	  31	   1	   4	  30	  20	  30	 530	230403	231081	   0	  20	
 100	 100	  30	   2	 470	   3	   1	  31	   1	   5	  30	  20	  30	 369	232723	233193	   0	  10	
 101	 101	  20	   2	 499	   2	   1	  31	   2	   5	  30	  20	  30	 533	235030	235529	   0	   0	
 102	 102	  30	   3	 606	   1	   2	  32	   2	   5	  30	  20	  30	 396	237203	237809	   0	   0	
 103	 103	  20	   1	 793	   2	   1	  32	   3	   5	  30	  20	  30	 572	239656	240449	   0	  10	
 104	 104	  30	   3	 769	   3	   2	  32	   3	   6	  30	  20	  30	 528	242256	243025	   0	  10	
 105	 105	  20	   2	 705	   2	   1	  32	   4	   6	  30	  20	  30	 590	244896	245601	   0	   0	
 106	 106	  30	   4	 719	   3	   2	  32	   4	   7	  30	  20	  30	 411	247282	248001	   0	   0	
 107	 107	  20	   2	 705	   2	   1	  32	   5	   7	  30	  20	  30	 541	249816	250521	   0	 -10	
 108	 108	  30	   4	 434	   3	   2	  32	   5	   8	  30	  20	  30	 616	252415	252849	   0	 -10	
 109	 109	  20	   3	 612	   2	   2	  32	   6	   8	  30	  20	  30	 538	254669	255281	   0	 -10	
 110	 110	  30	   2	 422	   1	   1	  33	   6	   8	  30	  20	  30	 689	257242	257664	   0	 -20	
 111	 111	  30	   2	 545	   3	   1	  33	   6	   9	  30	  20	  30	 693	259655	260200	   0	 -30	
 112	 112	  20	   4	 478	   2	   2	  33	   7	   9	  30	  20	  30	 370	261842	262320	   0	 -30	
 113	 113	  30	   1	 657	   3	   1	  33	   7	  10	  30	  20	  30	 385	263975	264632	   0	 -20	
 114	 114	  30	   4	 673	   1	   2	  34	   7	  10	  30	  20	  30	 422	266335	267008	   0	 -20	
 115	 115	  30	   1	 468	   3	   1	  34	   7	  11	  30	  20	  30	 618	268908	269376	   0	 -10	
 116	 116	  30	   4	 345	   1	   2	  35	   7	  11	  30	  20	  30	 396	271055	271400	   0	 -10	
 117	 117	  30	   2	 391	   3	   1	  35	   7	  12	  30	  20	  30	 481	273161	273552	   0	 -20	
 118	 118	  80	   1	 748	   1	   1	   1	   7	  12	  80	  20	  30	 349	275228	275976	   1	 -10	
 119	 119	  30	   4	 471	   3	   2	   1	   7	  13	  80	  20	  30	 539	277801	278272	   0	 -10	
 120	 120	  20	   4	 559	   2	   2	   1	   8	  13	  80	  20	  30	 369	279921	280480	   0	 -10	
 121	 121	  80	   1	 535	   1	   1	   2	   8	  13	  80	  20	  30	 628	282401	282936	   0	   0	
 122	 122	  30	   2	 437	   3	   1	   2	   8	  14	  80	  20	  30	 563	284787	285224	   0	 -10	
 123	 123	  80	   2	 575	   1	   1	   3	   8	  14	  80	  20	  30	 378	286881	287456	   0	 -20	
 124	 124	  30	   1	 493	   3	   1	   3	   8	  15	  80	  20	  30	 412	289147	289640	   0	 -10	
 125	 125	  80	   1	 381	   1	   1	   4	   8	  15	  80	  20	  30	 343	291267	291648	   0	   0	
 126	 126	  30	   2	 549	   3	   1	   4	   8	  16	  80	  20	  30	 419	293347	293896	   0	 -10	
 127	 127	  80	   1	 268	   1	   1	   5	   8	  16	  80	  20	  30	 529	295707	295975	   0	   0	
 128	 128	  30	   2	 652	   3	   1	   5	   8	  17	  80	  20	  30	 605	297867	298519	   0	 -10	
 129	 129	  20	   2	 330	   2	   1	   5	   9	  17	  80	  20	  30	 401	300213	300543	   0	 -20	
 130	 130	  80	   2	 775	   1	   1	   6	   9	  17	  80	  20	  30	 576	302400	303175	   0	 -30	
 131	 131	  30	   4	 524	   3	   2	   6	   9	  18	  80	  20	  30	 666	305147	305671	   0	 -30	
 132	 132	  80	   1	 388	   1	   1	   7	   9	  18	  80	  20	  30	 472	307427	307815	   0	 -20	
 133	 133	  30	   3	 621	   3	   2	   7	   9	  19	  80	  20	  30	 607	309706	310327	   0	 -20	
 134	 134	  80	   1	 346	   1	   1	   8	   9	  19	  80	  20	  30	 565	312173	312519	   0	 -10	
 135	 135	  20	   2	 839	   2	   1	   8	  10	  19	  80	  20	  30	 666	314480	315319	   0	 -20	
 136	 136	  80	   3	 418	   1	   2	   9	  10	  19	  80	  20	  30	 359	316973	317391	   0	 -20	
 137	 137	  20	   1	1010	   2	   1	   9	  11	  19	  80	  20	  30	 463	319133	320143	   0	 -10	
 138	 138	  80	   1	 378	   1	   1	  10	  11	  19	  80	  20	  30	 557	321973	322351	   0	   0	
 139	 139	  20	   2	 611	   2	   1	  10	  12	  19	  80	  20	  30	 459	324092	324703	   0	 -10	
 140	 140	  30	   4	 523	   3	   2	  10	  12	  20	  80	  20	  30	 635	326612	327135	   0	 -10	
 141	 141	  80	   2	 579	   1	   1	  11	  12	  20	  80	  20	  30	 378	328812	329391	   0	 -20	
 142	 142	  30	   1	 843	   3	   1	  11	  12	  21	  80	  20	  30	 335	331012	331855	   0	 -10	
 143	 143	  20	   2	 862	   2	   1	  11	  13	  21	  80	  20	  30	 641	333785	334647	   0	 -20	
 144	 144	  80	   1	 533	   1	   1	  12	  13	  21	  80	  20	  30	 619	336545	337078	   0	 -10	
 145	 145	  30	   2	 503	   3	   1	  12	  13	  22	  80	  20	  30	 587	338959	339462	   0	 -20	
 146	 146	  20	   2	 429	   2	   1	  12	  14	  22	  80	  20	  30	 559	341305	341734	   0	 -30	
 147	 147	  30	   2	 506	   3	   1	  12	  14	  23	  80	  20	  30	 637	343652	344158	   0	 -40	
 148	 148	  20	   2	 493	   2	   1	  12	  15	  23	  80	  20	  30	 461	345905	346398	   0	 -50	
 149	 149	  80	   1	 384	   1	   1	  13	  15	  23	  80	  20	  30	 678	348358	348742	   0	 -40	
 150	 150	  20	   2	 693	   2	   1	  13	  16	  23	  80	  20	  30	 647	350665	351358	   0	 -50	
 151	 151	  80	   1	 693	   1	   1	  14	  16	  23	  80	  20	  30	 685	353345	354038	   0	 -40	
 152	 152	  20	   4	 376	   2	   2	  14	  17	  23	  80	  20	  30	 556	355878	356254	   0	 -40	
 153	 153	  30	   2	 534	   3	   1	  14	  17	  24	  80	  20	  30	 688	358224	358758	   0	 -50	
 154	 154	  20	   3	 627	   2	   2	  14	  18	  24	  80	  20	  30	 611	360651	361278	   0	 -50	
 155	 155	  80	   1	 625	   1	   1	  15	  18	  24	  80	  20	  30	 428	362997	363622	   0	 -40	
 156	 156	  30	   2	 358	   3	   1	  15	  18	  25	  80	  20	  30	 567	365464	365822	   0	 -50	
 157	 157	  80	   1	 414	   1	   1	  16	  18	  25	  80	  20	  30	 562	367664	368078	   0	 -40	
 158	 158	  20	   4	 486	   2	   2	  16	  19	  25	  80	  20	  30	 658	370024	370510	   0	 -40	
 159	 159	  30	   2	 364	   3	   1	  16	  19	  26	  80	  20	  30	 336	372130	372494	   0	 -50	
 160	 160	  80	   1	 361	   1	   1	  17	  19	  26	  80	  20	  30	 653	374437	374798	   0	 -40	
 161	 161	  20	   4	 409	   2	   2	  17	  20	  26	  80	  20	  30	 303	376397	376806	   0	 -40	
 162	 162	  30	   1	 424	   3	   1	  17	  20	  27	  80	  20	  30	 673	378757	379181	   0	 -30	
 163	 163	  80	   2	 534	   1	   1	  18	  20	  27	  80	  20	  30	 602	381063	381597	   0	 -40	
 164	 164	  30	   4	 574	   3	   2	  18	  20	  28	  80	  20	  30	 582	383463	384037	   0	 -40	
 165	 165	  20	   2	 323	   2	   1	  18	  21	  28	  80	  20	  30	 605	385930	386253	   0	 -50	
 166	 166	  30	   2	 449	   3	   1	  18	  21	  29	  80	  20	  30	 497	388036	388485	   0	 -60	
 167	 167	  80	   1	 651	   1	   1	  19	  21	  29	  80	  20	  30	 325	390090	390741	   0	 -50	
 168	 168	  30	   3	 430	   3	   2	  19	  21	  30	  80	  20	  30	 404	392423	392853	   0	 -50	
 169	 169	  20	   4	 308	   2	   2	  19	  22	  30	  80	  20	  30	 514	394649	394957	   0	 -50	
 170	 170	  30	   4	 441	   3	   2	  19	  22	  31	  80	  20	  30	 426	396676	397117	   0	 -50	
 171	 171	  80	   3	 316	   1	   2	  20	  22	  31	  80	  20	  30	 667	399089	399405	   0	 -50	
 172	 172	  30	   4	 390	   3	   2	  20	  22	  32	  80	  20	  30	 454	401143	401533	   0	 -50	
 173	 173	  20	   3	 516	   2	   2	  20	  23	  32	  80	  20	  30	 554	403369	403885	   0	 -50	
 174	 174	  80	   1	 407	   1	   1	  21	  23	  32	  80	  20	  30	 418	405582	405989	   0	 -40	
 175	 175	  30	   4	 415	   3	   2	  21	  23	  33	  80	  20	  30	 678	407942	408357	   0	 -40	
 176	 176	  80	   1	 777	   1	   1	  22	  23	  33	  80	  20	  30	 548	410196	410973	   0	 -30	
 177	 177	  30	   3	 690	   3	   2	  22	  23	  34	  80	  20	  30	 459	412715	413405	   0	 -30	
 178	 178	  80	   2	 379	   1	   1	  23	  23	  34	  80	  20	  30	 570	415249	415628	   0	 -40	
 179	 179	  30	   4	 505	   3	   2	  23	  23	  35	  80	  20	  30	 489	417395	417900	   0	 -40	
 180	 180	  20	   4	 740	   2	   2	  23	  24	  35	  80	  20	  30	 475	419648	420388	   0	 -40	
 181	 181	  70	   3	 886	   3	   2	  23	  24	   1	  80	  20	  70	 340	422062	422948	   3	 -40	
 182	 182	  20	   3	 782	   2	   2	  23	  25	   1	  80	  20	  70	 586	424822	425604	   0	 -40	
 183	 183	  80	   1	 620	   1	   1	  24	  25	   1	  80	  20	  70	 410	427288	427908	   0	 -30	
 184	 184	  70	   2	 380	   3	   1	  24	  25	   2	  80	  20	  70	 625	429808	430188	   0	 -40	
 185	 185	  20	   4	 577	   2	   2	  24	  26	   2	  80	  20	  70	 571	432035	432612	   0	 -40	
 186	 186	  70	   1	 511	   3	   1	  24	  26	   3	  80	  20	  70	 523	434421	434932	   0	 -30	
 187	 187	  20	   4	 572	   2	   2	  24	  27	   3	  80	  20	  70	 678	436888	437460	   0	 -30	
 188	 188	  70	   2	 463	   3	   1	  24	  27	   4	  80	  20	  70	 676	439421	439884	   0	 -40	
 189	 189	  20	   4	 876	   2	   2	  24	  28	   4	  80	  20	  70	 490	441648	442524	   0	 -40	
 190	 190	  80	   2	 554	   1	   1	  25	  28	   4	  80	  20	  70	 314	444114	444668	   0	 -50	
 191	 191	  70	   3	 663	   3	   2	  25	  28	   5	  80	  20	  70	 384	446341	447004	   0	 -50	
 192	 192	  80	   1	 682	   1	   1	  26	  28	   5	  80	  20	  70	 518	448794	449476	   0	 -40	
 193	 193	  20	   4	 538	   2	   2	  26	  29	   5	  80	  20	  70	 549	451314	451852	   0	 -40	
 194	 194	  70	   1	 426	   3	   1	  26	  29	   6	  80	  20	  70	 698	453834	454260	   0	 -30	
 195	 195	  20	   4	 377	   2	   2	  26	  30	   6	  80	  20	  70	 364	455914	456291	   0	 -30	
 196	 196	  70	   1	 380	   3	   1	  26	  30	   7	  80	  20	  70	 393	457967	458347	   0	 -20	
 197	 197	  80	   3	 778	   1	   2	  27	  30	   7	  80	  20	  70	 569	460193	460971	   0	 -20	
 198	 198	  50	   1	 930	   2	   1	  27	   1	   7	  80	  50	  70	 413	462713	463643	   2	 -10	
 199	 199	  70	   2	 684	   3	   1	  27	   1	   8	  80	  50	  70	 325	465247	465931	   0	 -20	
 200	 200	  50	   2	 565	   2	   1	  27	   2	   8	  80	  50	  70	 547	467766	468331	   0	 -30	
 201	 201	  80	   1	 791	   1	   1	  28	   2	   8	  80	  50	  70	 432	470060	470851	   0	 -20	
 202	 202	  70	   3	 943	   3	   2	  28	   2	   9	  80	  50	  70	 679	472820	473763	   0	 -20	
 203	 203	  50	   3	 706	   2	   2	  28	   3	   9	  80	  50	  70	 348	475393	476099	   0	 -20	
 204	 204	  70	   1	1248	   3	   1	  28	   3	  10	  80	  50	  70	 554	477939	479187	   0	 -10	
 205	 205	  50	   2	1181	   2	   1	  28	   4	  10	  80	  50	  70	 500	480966	482147	   0	 -20	
 206	 206	  70	   4	 504	   3	   2	  28	   4	  11	  80	  50	  70	 388	483819	484323	   0	 -20	
 207	 207	  50	   2	 816	   2	   1	  28	   5	  11	  80	  50	  70	 418	486019	486835	   0	 -30	
 208	 208	  80	   1	 707	   1	   1	  29	   5	  11	  80	  50	  70	 355	488472	489179	   0	 -20	
 209	 209	  50	   1	 422	   2	   1	  29	   6	  11	  80	  50	  70	 496	490965	491387	   0	 -10	
 210	 210	  80	   1	 550	   1	   1	  30	   6	  11	  80	  50	  70	 653	493325	493875	   0	   0	
 211	 211	  70	   2	 434	   3	   1	  30	   6	  12	  80	  50	  70	 300	495472	495906	   0	 -10	
 212	 212	  50	   1	 381	   2	   1	  30	   7	  12	  80	  50	  70	 419	497605	497986	   0	   0	
 213	 213	  80	   1	 522	   1	   1	  31	   7	  12	  80	  50	  70	 684	499952	500474	   0	  10	
 214	 214	  70	   1	 477	   3	   1	  31	   7	  13	  80	  50	  70	 680	502445	502922	   0	  20	
 215	 215	  80	   1	 677	   1	   1	  32	   7	  13	  80	  50	  70	 690	504885	505562	   0	  30	
 216	 216	  70	   1	 467	   3	   1	  32	   7	  14	  80	  50	  70	 475	507311	507778	   0	  40	
 217	 217	  50	   4	 933	   2	   2	  32	   8	  14	  80	  50	  70	 584	509645	510578	   0	  40	
 218	 218	  80	   1	 408	   1	   1	  33	   8	  14	  80	  50	  70	 466	512338	512746	   0	  50	
 219	 219	  50	   4	 680	   2	   2	  33	   9	  14	  80	  50	  70	 354	514378	515058	   0	  50	
 220	 220	  20	   4	 787	   1	   2	   1	   9	  14	  20	  50	  70	 489	516871	517658	   1	  50	
 221	 221	  70	   1	 699	   3	   1	   1	   9	  15	  20	  50	  70	 355	519311	520010	   0	  60	
 222	 222	  50	   1	 894	   2	   1	   1	  10	  15	  20	  50	  70	 516	521804	522698	   0	  70	
 223	 223	  70	   3	 529	   3	   2	   1	  10	  16	  20	  50	  70	 550	524537	525066	   0	  70	
 224	 224	  20	   4	 675	   1	   2	   2	  10	  16	  20	  50	  70	 490	526831	527506	   0	  70	
 225	 225	  50	   2	 481	   2	   1	   2	  11	  16	  20	  50	  70	 596	529377	529858	   0	  60	
 226	 226	  70	   2	 737	   3	   1	   2	  11	  17	  20	  50	  70	 397	531537	532274	   0	  50	
 227	 227	  20	   2	 524	   1	   1	   3	  11	  17	  20	  50	  70	 313	533870	534394	   0	  40	
 228	 228	  70	   1	 659	   3	   1	   3	  11	  18	  20	  50	  70	 317	535990	536649	   0	  50	
 229	 229	  20	   1	 451	   1	   1	   4	  11	  18	  20	  50	  70	 497	538430	538881	   0	  60	
 230	 230	  50	   1	 486	   2	   1	   4	  12	  18	  20	  50	  70	 680	540843	541329	   0	  70	
 231	 231	  70	   1	 584	   3	   1	   4	  12	  19	  20	  50	  70	 546	543177	543761	   0	  80	
 232	 232	  50	   4	 489	   2	   2	   4	  13	  19	  20	  50	  70	 615	545656	546145	   0	  80	
 233	 233	  70	   3	 430	   3	   2	   4	  13	  20	  20	  50	  70	 625	548043	548473	   0	  80	
 234	 234	  20	   4	 646	   1	   2	   5	  13	  20	  20	  50	  70	 531	550283	550929	   0	  80	
 235	 235	  70	   2	 484	   3	   1	   5	  13	  21	  20	  50	  70	 423	552629	553113	   0	  70	
 236	 236	  20	   4	 585	   1	   2	   6	  13	  21	  20	  50	  70	 615	555016	555601	   0	  70	
 237	 237	  50	   2	 660	   2	   1	   6	  14	  21	  20	  50	  70	 516	557389	558049	   0	  60	
 238	 238	  70	   1	 497	   3	   1	   6	  14	  22	  20	  50	  70	 559	559896	560393	   0	  70	
 239	 239	  50	   3	 639	   2	   2	   6	  15	  22	  20	  50	  70	 492	562162	562801	   0	  70	
 240	 240	  70	   1	 444	   3	   1	   6	  15	  23	  20	  50	  70	 395	564469	564913	   0	  80	
 241	 241	  50	   1	 484	   2	   1	   6	  16	  23	  20	  50	  70	 334	566549	567033	   0	  90	
 242	 242	  20	   3	 511	   1	   2	   7	  16	  23	  20	  50	  70	 689	569002	569513	   0	  90	
 243	 243	  50	   2	 343	   2	   1	   7	  17	  23	  20	  50	  70	 330	571122	571465	   0	  80	
 244	 244	  20	   2	 583	   1	   1	   8	  17	  23	  20	  50	  70	 700	573442	574025	   0	  70	
 245	 245	  70	   1	 606	   3	   1	   8	  17	  24	  20	  50	  70	 502	575802	576408	   0	  80	
 246	 246	  50	   3	 500	   2	   2	   8	  18	  24	  20	  50	  70	 378	578068	578568	   0	  80	
 247	 247	  20	   4	 655	   1	   2	   9	  18	  24	  20	  50	  70	 359	580201	580856	   0	  80	
 248	 248	  50	   2	 494	   2	   1	   9	  19	  24	  20	  50	  70	 414	582562	583056	   0	  70	
 249	 249	  70	   1	 481	   3	   1	   9	  19	  25	  20	  50	  70	 594	584935	585416	   0	  80	
 250	 250	  20	   4	 401	   1	   2	  10	  19	  25	  20	  50	  70	 594	587295	587696	   0	  80	
 251	 251	  70	   2	 521	   3	   1	  10	  19	  26	  20	  50	  70	 580	589575	590096	   0	  70	
 252	 252	  50	   3	 353	   2	   2	  10	  20	  26	  20	  50	  70	 478	591855	592208	   0	  70	
 253	 253	  20	   4	 666	   1	   2	  11	  20	  26	  20	  50	  70	 404	593894	594560	   0	  70	
 254	 254	  70	   1	 759	   3	   1	  11	  20	  27	  20	  50	  70	 588	596441	597200	   0	  80	
 255	 255	  50	   1	 514	   2	   1	  11	  21	  27	  20	  50	  70	 444	598934	599448	   0	  90	
 256	 256	  70	   1	 709	   3	   1	  11	  21	  28	  20	  50	  70	 340	601067	601776	   0	 100	
 257	 257	  50	   2	 591	   2	   1	  11	  22	  28	  20	  50	  70	 618	603681	604272	   0	  90	
 258	 258	  70	   2	 490	   3	   1	  11	  22	  29	  20	  50	  70	 664	606214	606704	   0	  80	
 259	 259	  50	   4	 800	   2	   2	  11	  23	  29	  20	  50	  70	 378	608360	609160	   0	  80	
 260	 260	  70	   3	 394	   3	   2	  11	  23	  30	  20	  50	  70	 646	611094	611488	   0	  80	
 261	 261	  20	   2	 402	   1	   1	  12	  23	  30	  20	  50	  70	 511	613294	613696	   0	  70	
 262	 262	  50	   4	 649	   3	   2	  12	  23	   1	  20	  50	  50	 529	615534	616183	   3	  70	
 263	 263	  50	   4	 572	   2	   2	  12	  24	   1	  20	  50	  50	 521	617987	618559	   0	  70	
 264	 264	  20	   4	 567	   1	   2	  13	  24	   1	  20	  50	  50	 594	620440	621007	   0	  70	
 265	 265	  50	   2	1004	   3	   1	  13	  24	   2	  20	  50	  50	 339	622627	623631	   0	  60	
 266	 266	  50	   1	 586	   2	   1	  13	  25	   2	  20	  50	  50	 504	625413	625999	   0	  70	
 267	 267	  50	   3	 610	   3	   2	  13	  25	   3	  20	  50	  50	 522	627813	628423	   0	  70	
 268	 268	  50	   1	 557	   2	   1	  13	  26	   3	  20	  50	  50	 364	630066	630623	   0	  80	
 269	 269	  20	   1	 362	   1	   1	  14	  26	   3	  20	  50	  50	 357	632253	632615	   0	  90	
 270	 270	  50	   2	 346	   2	   1	  14	  27	   3	  20	  50	  50	 554	634453	634799	   0	  80	
 271	 271	  50	   4	 738	   3	   2	  14	  27	   4	  20	  50	  50	 629	636733	637471	   0	  80	
 272	 272	  50	   1	 418	   2	   1	  14	  28	   4	  20	  50	  50	 496	639253	639671	   0	  90	
 273	 273	  50	   3	 357	   3	   2	  14	  28	   5	  20	  50	  50	 354	641306	641663	   0	  90	
 274	 274	  50	   2	 301	   2	   1	  14	  29	   5	  20	  50	  50	 608	643546	643847	   0	  80	
 275	 275	  20	   4	 501	   1	   2	  15	  29	   5	  20	  50	  50	 545	645666	646167	   0	  80	
 276	 276	  50	   1	 563	   3	   1	  15	  29	   6	  20	  50	  50	 531	647972	648535	   0	  90	
 277	 277	  50	   1	 459	   2	   1	  15	  30	   6	  20	  50	  50	 629	650452	650911	   0	 100	
 278	 278	  20	   1	 782	   1	   1	  16	  30	   6	  20	  50	  50	 438	652625	653407	   0	 110	
 279	 279	  50	   4	 514	   3	   2	  16	  30	   7	  20	  50	  50	 331	655012	655526	   0	 110	
 280	 280	  20	   4	 360	   1	   2	  17	  30	   7	  20	  50	  50	 316	657118	657478	   0	 110	
 281	 281	  50	   4	 354	   3	   2	  17	  30	   8	  20	  50	  50	 636	659412	659766	   0	 110	
 282	 282	  20	   4	 469	   1	   2	  18	  30	   8	  20	  50	  50	 333	661385	661854	   0	 110	
 283	 283	  50	   3	 528	   3	   2	  18	  30	   9	  20	  50	  50	 621	663758	664286	   0	 110	
 284	 284	  50	   1	 693	   2	   1	  18	  31	   9	  20	  50	  50	 619	666185	666878	   0	 120	
 285	 285	  20	   4	 445	   1	   2	  19	  31	   9	  20	  50	  50	 425	668585	669030	   0	 120	
 286	 286	  50	   2	 371	   2	   1	  19	  32	   9	  20	  50	  50	 461	670771	671142	   0	 110	
 287	 287	  20	   4	 880	   1	   2	  20	  32	   9	  20	  50	  50	 343	672758	673638	   0	 110	
 288	 288	  50	   1	 440	   3	   1	  20	  32	  10	  20	  50	  50	 546	675478	675918	   0	 120	
 289	 289	  20	   4	 416	   1	   2	  21	  32	  10	  20	  50	  50	 677	677878	678294	   0	 120	
 290	 290	  50	   3	 473	   3	   2	  21	  32	  11	  20	  50	  50	 305	679877	680350	   0	 120	
 291	 291	  50	   3	 454	   2	   2	  21	  33	  11	  20	  50	  50	 624	682264	682718	   0	 120	
 292	 292	  50	   1	 467	   3	   1	  21	  33	  12	  20	  50	  50	 602	684611	685078	   0	 130	
 293	 293	  20	   4	 539	   2	   2	  21	   1	  12	  20	  20	  50	 578	686971	687510	   2	 130	
 294	 294	  50	   2	 833	   3	   1	  21	   1	  13	  20	  20	  50	 485	689277	690110	   0	 120	
 295	 295	  20	   3	 756	   1	   2	  22	   1	  13	  20	  20	  50	 376	691770	692526	   0	 120	
 296	 296	  20	   4	 440	   2	   2	  22	   2	  13	  20	  20	  50	 595	694397	694837	   0	 120	
 297	 297	  20	   2	 534	   1	   1	  23	   2	  13	  20	  20	  50	 619	696743	697277	   0	 110	
 298	 298	  20	   4	 563	   2	   2	  23	   3	  13	  20	  20	  50	 452	699010	699573	   0	 110	
 299	 299	  20	   4	 331	   1	   2	  24	   3	  13	  20	  20	  50	 477	701330	701661	   0	 110	
 300	 300	  20	   4	 662	   2	   2	  24	   4	  13	  20	  20	  50	 331	703263	703925	   0	 110	
 301	 301	  50	   1	 617	   3	   1	  24	   4	  14	  20	  20	  50	 584	705796	706413	   0	 120	
 302	 302	  20	   3	 489	   2	   2	  24	   5	  14	  20	  20	  50	 654	708356	708845	   0	 120	
 303	 303	  50	   1	 478	   3	   1	  24	   5	  15	  20	  20	  50	 661	710783	711261	   0	 130	
 304	 304	  20	   4	 345	   2	   2	  24	   6	  15	  20	  20	  50	 536	713076	713421	   0	 130	
 305	 305	  20	   4	 508	   1	   2	  25	   6	  15	  20	  20	  50	 553	715249	715757	   0	 130	
 306	 306	  50	   4	 478	   3	   2	  25	   6	  16	  20	  20	  50	 419	717463	717941	   0	 130	
 307	 307	  20	   4	 527	   1	   2	  26	   6	  16	  20	  20	  50	 530	719742	720269	   0	 130	
 308	 308	  50	   2	 463	   3	   1	  26	   6	  17	  20	  20	  50	 306	721862	722325	   0	 120	
 309	 309	  20	   4	 348	   1	   2	  27	   6	  17	  20	  20	  50	 530	724129	724477	   0	 120	
 310	 310	  50	   1	 511	   3	   1	  27	   6	  18	  20	  20	  50	 574	726342	726853	   0	 130	
 311	 311	  20	   3	 711	   1	   2	  28	   6	  18	  20	  20	  50	 477	728622	729333	   0	 130	
 312	 312	  50	   2	 508	   3	   1	  28	   6	  19	  20	  20	  50	 437	731049	731557	   0	 120	
 313	 313	  20	   2	 612	   2	   1	  28	   7	  19	  20	  20	  50	 404	733249	733861	   0	 110	
 314	 314	  50	   4	 625	   3	   2	  28	   7	  20	  20	  20	  50	 494	735635	736260	   0	 110	
 315	 315	  20	   2	 476	   2	   1	  28	   8	  20	  20	  20	  50	 427	737968	738444	   0	 100	
 316	 316	  20	   4	 510	   1	   2	  29	   8	  20	  20	  20	  50	 305	740022	740532	   0	 100	
 317	 317	  20	   3	 385	   2	   2	  29	   9	  20	  20	  20	  50	 500	742315	742700	   0	 100	
 318	 318	  50	   4	 417	   3	   2	  29	   9	  21	  20	  20	  50	 620	744595	745012	   0	 100	
 319	 319	  20	   4	 455	   2	   2	  29	  10	  21	  20	  20	  50	 644	746941	747396	   0	 100	
 320	 320	  20	   4	 476	   1	   2	  30	  10	  21	  20	  20	  50	 521	749208	749684	   0	 100	
 321	 321	  50	   3	 468	   3	   2	  30	  10	  22	  20	  20	  50	 428	751408	751876	   0	 100	
 322	 322	  20	   4	 650	   1	   2	  31	  10	  22	  20	  20	  50	 632	753794	754444	   0	 100	
 323	 323	  50	   4	 583	   3	   2	  31	  10	  23	  20	  20	  50	 455	756181	756764	   0	 100	
 324	 324	  20	   4	 511	   1	   2	  32	  10	  23	  20	  20	  50	 578	758621	759132	   0	 100	
 325	 325	  20	   4	 533	   2	   2	  32	  11	  23	  20	  20	  50	 476	760887	761420	   0	 100	
 326	 326	  20	   3	 573	   1	   2	  33	  11	  23	  20	  20	  50	 374	763087	763660	   0	 100	
 327	 327	  50	   3	 722	   3	   2	  33	  11	  24	  20	  20	  50	 532	765474	766196	   0	 100	
 328	 328	  20	   2	 930	   2	   1	  33	  12	  24	  20	  20	  50	 432	767914	768844	   0	  90	
 329	 329	  50	   3	 669	   3	   2	  33	  12	  25	  20	  20	  50	 522	770647	771316	   0	  90	
 330	 330	  20	   4	 682	   2	   2	  33	  13	  25	  20	  20	  50	 515	773114	773796	   0	  90	
 331	 331	  20	   4	 863	   1	   2	  34	  13	  25	  20	  20	  50	 527	775620	776483	   0	  90	
 332	 332	  20	   4	 524	   2	   2	  34	  14	  25	  20	  20	  50	 371	778127	778651	   0	  90	
 333	 333	  50	   2	 466	   3	   1	  34	  14	  26	  20	  20	  50	 461	780393	780859	   0	  80	
 334	 334	  20	   4	 362	   1	   2	  35	  14	  26	  20	  20	  50	 407	782553	782915	   0	  80	
 335	 335	  20	   4	 351	   2	   2	  35	  15	  26	  20	  20	  50	 456	784660	785011	   0	  80	
 336	 336	  50	   1	 370	   3	   1	  35	  15	  27	  20	  20	  50	 463	786753	787123	   0	  90	
 337	 337	  80	   1	 911	   1	   1	   1	  15	  27	  80	  20	  50	 629	789060	789971	   1	 100	
 338	 338	  20	   4	 509	   2	   2	   1	  16	  27	  80	  20	  50	 346	791606	792115	   0	 100	
 339	 339	  80	   1	 552	   1	   1	   2	  16	  27	  80	  20	  50	 664	794059	794611	   0	 110	
 340	 340	  20	   4	 560	   2	   2	   2	  17	  27	  80	  20	  50	 360	796259	796819	   0	 110	
 341	 341	  80	   3	 491	   1	   2	   3	  17	  27	  80	  20	  50	 591	798712	799203	   0	 110	
 342	 342	  50	   3	 579	   3	   2	   3	  17	  28	  80	  20	  50	 355	800832	801411	   0	 110	
 343	 343	  80	   1	 515	   1	   1	   4	  17	  28	  80	  20	  50	 414	803112	803627	   0	 120	
 344	 344	  20	   3	 419	   2	   2	   4	  18	  28	  80	  20	  50	 529	805432	805851	   0	 120	
 345	 345	  50	   2	 448	   3	   1	   4	  18	  29	  80	  20	  50	 450	807579	808027	   0	 110	
 346	 346	  20	   3	 494	   2	   2	   4	  19	  29	  80	  20	  50	 617	809925	810419	   0	 110	
 347	 347	  80	   2	 339	   1	   1	   5	  19	  29	  80	  20	  50	 410	812112	812451	   0	 100	
 348	 348	  20	   4	 536	   2	   2	   5	  20	  29	  80	  20	  50	 449	814178	814714	   0	 100	
 349	 349	  50	   4	 410	   3	   2	   5	  20	  30	  80	  20	  50	 509	816512	816922	   0	 100	
 350	 350	  80	   3	 445	   1	   2	   6	  20	  30	  80	  20	  50	 442	818645	819090	   0	 100	
 351	 351	  50	   4	 514	   3	   2	   6	  20	  31	  80	  20	  50	 329	820712	821226	   0	 100	
 352	 352	  80	   1	 373	   1	   1	   7	  20	  31	  80	  20	  50	 582	823085	823458	   0	 110	
 353	 353	  50	   2	 355	   3	   1	   7	  20	  32	  80	  20	  50	 330	825071	825426	   0	 100	
 354	 354	  80	   1	 376	   1	   1	   8	  20	  32	  80	  20	  50	 429	827138	827514	   0	 110	
 355	 355	  20	   3	 635	   2	   2	   8	  21	  32	  80	  20	  50	 438	829231	829866	   0	 110	
 356	 356	  80	   2	 910	   1	   1	   9	  21	  32	  80	  20	  50	 378	831524	832434	   0	 100	
 357	 357	  50	   1	 736	   3	   1	   9	  21	  33	  80	  20	  50	 379	834098	834834	   0	 110	
 358	 358	  20	   4	 624	   2	   2	   9	  22	  33	  80	  20	  50	 579	836698	837322	   0	 110	
 359	 359	  70	   1	 707	   3	   1	   9	  22	   1	  80	  20	  70	 449	839071	839778	   3	 120	
 360	 360	  20	   4	 358	   2	   2	   9	  23	   1	  80	  20	  70	 334	841404	841762	   0	 120	
 361	 361	  80	   1	 558	   1	   1	  10	  23	   1	  80	  20	  70	 515	843564	844122	   0	 130	
 362	 362	  20	   4	 585	   2	   2	  10	  24	   1	  80	  20	  70	 665	846057	846642	   0	 130	
 363	 363	  70	   2	 596	   3	   1	  10	  24	   2	  80	  20	  70	 354	848270	848866	   0	 120	
 364	 364	  80	   1	 622	   1	   1	  11	  24	   2	  80	  20	  70	 585	850724	851346	   0	 130	
 365	 365	  70	   4	 564	   3	   2	  11	  24	   3	  80	  20	  70	 483	853110	853674	   0	 130	
 366	 366	  20	   4	 675	   2	   2	  11	  25	   3	  80	  20	  70	 671	855630	856305	   0	 130	
 367	 367	  70	   1	 376	   3	   1	  11	  25	   4	  80	  20	  70	 358	857937	858313	   0	 140	
 368	 368	  20	   4	 638	   2	   2	  11	  26	   4	  80	  20	  70	 607	860203	860841	   0	 140	
 369	 369	  80	   1	 523	   1	   1	  12	  26	   4	  80	  20	  70	 390	862510	863033	   0	 150	
 370	 370	  70	   1	 649	   3	   1	  12	  26	   5	  80	  20	  70	 502	864816	865465	   0	 160	
 371	 371	  20	   3	 401	   2	   2	  12	  27	   5	  80	  20	  70	 460	867216	867617	   0	 160	
 372	 372	  70	   1	 505	   3	   1	  12	  27	   6	  80	  20	  70	 395	869296	869801	   0	 170	
 373	 373	  80	   1	 548	   1	   1	  13	  27	   6	  80	  20	  70	 388	871469	872017	   0	 180	
 374	 374	  70	   4	 454	   3	   2	  13	  27	   7	  80	  20	  70	 619	873923	874377	   0	 180	
 375	 375	  80	   1	 412	   1	   1	  14	  27	   7	  80	  20	  70	 523	876189	876601	   0	 190	
 376	 376	  70	   3	 564	   3	   2	  14	  27	   8	  80	  20	  70	 315	878189	878753	   0	 190	
 377	 377	  20	   4	 588	   2	   2	  14	  28	   8	  80	  20	  70	 595	880629	881217	   0	 190	
 378	 378	  80	   1	 460	   1	   1	  15	  28	   8	  80	  20	  70	 686	883189	883649	   0	 200	
 379	 379	  70	   1	 919	   3	   1	  15	  28	   9	  80	  20	  70	 355	885282	886201	   0	 210	
 380	 380	  80	   1	 628	   1	   1	  16	  28	   9	  80	  20	  70	 634	888109	888737	   0	 220	
 381	 381	  70	   3	 788	   3	   2	  16	  28	  10	  80	  20	  70	 430	890469	891257	   0	 220	
 382	 382	  80	   1	 631	   1	   1	  17	  28	  10	  80	  20	  70	 578	893122	893753	   0	 230	
 383	 383	  20	   4	 478	   2	   2	  17	  29	  10	  80	  20	  70	 523	895562	896040	   0	 230	
 384	 384	  80	   2	 390	   1	   1	  18	  29	  10	  80	  20	  70	 641	897962	898352	   0	 220	
 385	 385	  70	   4	 513	   3	   2	  18	  29	  11	  80	  20	  70	 335	899975	900488	   0	 220	
 386	 386	  80	   2	 561	   1	   1	  19	  29	  11	  80	  20	  70	 612	902375	902936	   0	 210	
 387	 387	  20	   4	 545	   2	   2	  19	  30	  11	  80	  20	  70	 513	904735	905280	   0	 210	
 388	 388	  70	   1	 740	   3	   1	  19	  30	  12	  80	  20	  70	 420	906988	907728	   0	 220	
 389	 389	  20	   4	 570	   2	   2	  19	  31	  12	  80	  20	  70	 641	909654	910224	   0	 220	
 390	 390	  70	   1	 772	   3	   1	  19	  31	  13	  80	  20	  70	 444	911948	912720	   0	 230	
 391	 391	  80	   1	 778	   1	   1	  20	  31	  13	  80	  20	  70	 393	914414	915192	   0	 240	
 392	 392	  70	   2	 802	   3	   1	  20	  31	  14	  80	  20	  70	 420	916894	917696	   0	 230	
 393	 393	  20	   2	 517	   2	   1	  20	  32	  14	  80	  20	  70	 370	919347	919864	   0	 220	
 394	 394	  70	   1	 549	   3	   1	  20	  32	  15	  80	  20	  70	 325	921467	922016	   0	 230	
 395	 395	  20	   3	 546	   2	   2	  20	  33	  15	  80	  20	  70	 596	923894	924440	   0	 230	
 396	 396	  70	   1	 490	   3	   1	  20	  33	  16	  80	  20	  70	 444	926174	926664	   0	 240	
 397	 397	  80	   4	 456	   1	   2	  21	  33	  16	  80	  20	  70	 655	928600	929056	   0	 240	
 398	 398	  70	   2	 490	   3	   1	  21	  33	  17	  80	  20	  70	 588	930934	931424	   0	 230	
 399	 399	  20	   4	 352	   2	   2	  21	  34	  17	  80	  20	  70	 545	933240	933592	   0	 230	
 400	 400	  80	   1	 527	   1	   1	  22	  34	  17	  80	  20	  70	 444	935320	935847	   0	 240	
 401	 401	  20	   4	 639	   2	   2	  22	  35	  17	  80	  20	  70	 417	937560	938199	   0	 240	
 402	 402	  80	   1	 605	   1	   1	  23	  35	  17	  80	  20	  70	 614	940106	940711	   0	 250	
 403	 403	  80	   1	 738	   2	   1	  23	   1	  17	  80	  80	  70	 436	942453	943191	   2	 260	
 404	 404	  80	   1	 602	   1	   1	  24	   1	  17	  80	  80	  70	 579	945053	945655	   0	 270	
 405	 405	  80	   1	 447	   2	   1	  24	   2	  17	  80	  80	  70	 537	947480	947927	   0	 280	
 406	 406	  80	   1	 458	   1	   1	  25	   2	  17	  80	  80	  70	 372	949573	950031	   0	 290	
 407	 407	  80	   3	 354	   2	   2	  25	   3	  17	  80	  80	  70	 700	952013	952367	   0	 290	
 408	 408	  80	   1	 493	   1	   1	  26	   3	  17	  80	  80	  70	 585	954226	954719	   0	 300	
 409	 409	  80	   2	 339	   2	   1	  26	   4	  17	  80	  80	  70	 611	956612	956951	   0	 290	
 410	 410	  80	   2	 680	   1	   1	  27	   4	  17	  80	  80	  70	 692	958919	959599	   0	 280	
 411	 411	  80	   1	 781	   2	   1	  27	   5	  17	  80	  80	  70	 451	961346	962127	   0	 290	
 412	 412	  80	   1	 733	   1	   1	  28	   5	  17	  80	  80	  70	 423	963826	964559	   0	 300	
 413	 413	  80	   1	 523	   2	   1	  28	   6	  17	  80	  80	  70	 362	966212	966735	   0	 310	
 414	 414	  80	   1	 448	   1	   1	  29	   6	  17	  80	  80	  70	 385	968399	968847	   0	 320	
 415	 415	  80	   1	 475	   2	   1	  29	   7	  17	  80	  80	  70	 650	970772	971247	   0	 330	
 416	 416	  80	   1	 483	   1	   1	  30	   7	  17	  80	  80	  70	 563	973092	973575	   0	 340	
 417	 417	  70	   3	 880	   3	   2	  30	   7	  18	  80	  80	  70	 695	975558	976438	   0	 340	
 418	 418	  80	   3	 621	   2	   2	  30	   8	  18	  80	  80	  70	 340	978065	978686	   0	 340	
 419	 419	  30	   4	 827	   1	   2	   1	   8	  18	  30	  80	  70	 694	980691	981518	   1	 340	
 420	 420	  80	   2	 523	   2	   1	   1	   9	  18	  30	  80	  70	 610	983411	983934	   0	 330	
 421	 421	  70	   3	 595	   3	   2	   1	   9	  19	  30	  80	  70	 343	985571	986166	   0	 330	
 422	 422	  80	   1	 504	   2	   1	   1	  10	  19	  30	  80	  70	 469	987918	988422	   0	 340	
 423	 423	  30	   3	 472	   1	   2	   2	  10	  19	  30	  80	  70	 582	990278	990750	   0	 340	
 424	 424	  70	   1	 504	   3	   1	   2	  10	  20	  30	  80	  70	 679	992718	993222	   0	 350	
 425	 425	  80	   2	 552	   2	   1	   2	  11	  20	  30	  80	  70	 376	994878	995430	   0	 340	
 426	 426	  30	   1	 433	   1	   1	   3	  11	  20	  30	  80	  70	 401	997117	997550	   0	 350	
 427	 427	  70	   1	 585	   3	   1	   3	  11	  21	  30	  80	  70	 320	999157	999742	   0	 360	
 428	 428	  80	   1	 339	   2	   1	   3	  12	  21	  30	  80	  70	 673	1001691	1002030	   0	 370	
 429	 429	  30	   4	 460	   1	   2	   4	  12	  21	  30	  80	  70	 343	1003650	1004110	   0	 370	
 430	 430	  70	   4	 302	   3	   2	   4	  12	  22	  30	  80	  70	 595	1005984	1006286	   0	 370	
 431	 431	  80	   1	 481	   2	   1	   4	  13	  22	  30	  80	  70	 583	1008157	1008638	   0	 380	
 432	 432	  70	   2	 540	   3	   1	   4	  13	  23	  30	  80	  70	 370	1010290	1010830	   0	 370	
 433	 433	  80	   1	 521	   2	   1	   4	  14	  23	  30	  80	  70	 640	1012757	1013278	   0	 380	
 434	 434	  70	   1	 458	   3	   1	   4	  14	  24	  30	  80	  70	 639	1015196	1015654	   0	 390	
 435	 435	  80	   1	 435	   2	   1	   4	  15	  24	  30	  80	  70	 597	1017530	1017965	   0	 400	
 436	 436	  70	   1	 422	   3	   1	   4	  15	  25	  30	  80	  70	 338	1019583	1020005	   0	 410	
 437	 437	  30	   2	 401	   1	   1	   5	  15	  25	  30	  80	  70	 314	1021596	1021997	   0	 400	
 438	 438	  70	   1	 286	   3	   1	   5	  15	  26	  30	  80	  70	 415	1023703	1023989	   0	 410	
 439	 439	  30	   2	 379	   1	   1	   6	  15	  26	  30	  80	  70	 375	1025650	1026029	   0	 400	
 440	 440	  70	   1	 385	   3	   1	   6	  15	  27	  30	  80	  70	 604	1027916	1028301	   0	 410	
 441	 441	  80	   1	 468	   2	   1	   6	  16	  27	  30	  80	  70	 418	1030009	1030477	   0	 420	
 442	 442	  70	   2	 470	   3	   1	   6	  16	  28	  30	  80	  70	 422	1032183	1032653	   0	 410	
 443	 443	  30	   3	 484	   1	   2	   7	  16	  28	  30	  80	  70	 476	1034409	1034893	   0	 410	
 444	 444	  80	   1	 388	   2	   1	   7	  17	  28	  30	  80	  70	 593	1036769	1037157	   0	 420	
 445	 445	  30	   2	 401	   1	   1	   8	  17	  28	  30	  80	  70	 549	1038996	1039397	   0	 410	
 446	 446	  80	   2	 420	   2	   1	   8	  18	  28	  30	  80	  70	 691	1041369	1041789	   0	 400	
 447	 447	  30	   2	 602	   1	   1	   9	  18	  28	  30	  80	  70	 406	1043475	1044077	   0	 390	
 448	 448	  80	   1	 412	   2	   1	   9	  19	  28	  30	  80	  70	 369	1045729	1046141	   0	 400	
 449	 449	  30	   4	 367	   1	   2	  10	  19	  28	  30	  80	  70	 439	1047862	1048229	   0	 400	
 450	 450	  70	   1	1036	   3	   1	  10	  19	  29	  30	  80	  70	 379	1049889	1050925	   0	 410	
 451	 451	  30	   3	 447	   1	   2	  11	  19	  29	  30	  80	  70	 349	1052582	1053029	   0	 410	
 452	 452	  80	   1	 676	   2	   1	  11	  20	  29	  30	  80	  70	 654	1054968	1055644	   0	 420	
 453	 453	  70	   1	 558	   3	   1	  11	  20	  30	  30	  80	  70	 697	1057622	1058180	   0	 430	
 454	 454	  80	   1	 369	   2	   1	  11	  21	  30	  30	  80	  70	 385	1059835	1060204	   0	 440	
 455	 455	  30	   4	 681	   1	   2	  12	  21	  30	  30	  80	  70	 316	1061795	1062476	   0	 440	
 456	 456	  80	   1	 380	   2	   1	  12	  22	  30	  30	  80	  70	 651	1064408	1064788	   0	 450	
 457	 457	  70	   1	 391	   3	   1	  12	  22	  31	  30	  80	  70	 514	1066581	1066972	   0	 460	
 458	 458	  30	   2	 492	   1	   1	  13	  22	  31	  30	  80	  70	 312	1068568	1069060	   0	 450	
 459	 459	  70	   1	 364	   3	   1	  13	  22	  32	  30	  80	  70	 504	1070848	1071212	   0	 460	
 460	 460	  30	   3	 407	   1	   2	  14	  22	  32	  30	  80	  70	 600	1073101	1073508	   0	 460	
 461	 461	  80	   1	 485	   2	   1	  14	  23	  32	  30	  80	  70	 652	1075447	1075932	   0	 470	
 462	 462	  70	   3	 631	   3	   2	  14	  23	  33	  30	  80	  70	 690	1077901	1078532	   0	 470	
 463	 463	  30	   4	 506	   1	   2	  15	  23	  33	  30	  80	  70	 620	1080434	1080940	   0	 470	
 464	 464	  80	   1	 602	   2	   1	  15	  24	  33	  30	  80	  70	 364	1082594	1083196	   0	 480	
 465	 465	  30	   4	 498	   1	   2	  16	  24	  33	  30	  80	  70	 346	1084834	1085332	   0	 480	
 466	 466	  70	   4	 400	   3	   2	  16	  24	  34	  30	  80	  70	 570	1087180	1087580	   0	 480	
 467	 467	  80	   2	 520	   2	   1	  16	  25	  34	  30	  80	  70	 672	1089540	1090060	   0	 470	
 468	 468	  70	   3	 667	   3	   2	  16	  25	  35	  30	  80	  70	 368	1091713	1092380	   0	 470	
 469	 469	  30	   3	 578	   1	   2	  17	  25	  35	  30	  80	  70	 529	1094193	1094771	   0	 470	
 470	 470	  80	   1	 367	   2	   1	  17	  26	  35	  30	  80	  70	 408	1096460	1096827	   0	 480	
 471	 471	  30	   2	 287	   1	   1	  18	  26	  35	  30	  80	  70	 336	1098460	1098747	   0	 470	
 472	 472	  50	   2	 389	   3	   1	  18	  26	   1	  30	  80	  50	 354	1100406	1100795	   3	 460	
 473	 473	  30	   4	 765	   1	   2	  19	  26	   1	  30	  80	  50	 372	1102446	1103211	   0	 460	
 474	 474	  80	   1	 781	   2	   1	  19	  27	   1	  30	  80	  50	 669	1105166	1105947	   0	 470	
 475	 475	  30	   4	 725	   1	   2	  20	  27	   1	  30	  80	  50	 505	1107726	1108451	   0	 470	
 476	 476	  50	   1	 578	   3	   1	  20	  27	   2	  30	  80	  50	 584	1110313	1110891	   0	 480	
 477	 477	  80	   1	 578	   2	   1	  20	  28	   2	  30	  80	  50	 617	1112793	1113371	   0	 490	
 478	 478	  50	   2	 547	   3	   1	  20	  28	   3	  30	  80	  50	 535	1115192	1115739	   0	 480	
 479	 479	  80	   2	 779	   2	   1	  20	  29	   3	  30	  80	  50	 406	1117432	1118211	   0	 470	
 480	 480	  30	   2	 805	   1	   1	  21	  29	   3	  30	  80	  50	 312	1119806	1120611	   0	 460	
 481	 481	  50	   4	 824	   3	   2	  21	  29	   4	  30	  80	  50	 418	1122339	1123163	   0	 460	
 482	 482	  80	   1	 614	   2	   1	  21	  30	   4	  30	  80	  50	 479	1124925	1125539	   0	 470	
 483	 483	  50	   3	 432	   3	   2	  21	  30	   5	  30	  80	  50	 557	1127379	1127811	   0	 470	
 484	 484	  20	   1	 947	   2	   1	  21	   1	   5	  30	  20	  50	 391	1129512	1130459	   2	 480	
 485	 485	  30	   3	1017	   1	   2	  22	   1	   5	  30	  20	  50	 478	1132218	1133235	   0	 480	
 486	 486	  20	   2	1693	   2	   1	  22	   2	   5	  30	  20	  50	 363	1134885	1136578	   0	 470	
 487	 487	  50	   1	 789	   3	   1	  22	   2	   6	  30	  20	  50	 344	1138205	1138994	   0	 480	
 488	 488	  20	   4	 485	   2	   2	  22	   3	   6	  30	  20	  50	 600	1140885	1141370	   0	 480	
 489	 489	  30	   1	 491	   1	   1	  23	   3	   6	  30	  20	  50	 585	1143231	1143722	   0	 490	
 490	 490	  50	   3	 637	   3	   2	  23	   3	   7	  30	  20	  50	 561	1145565	1146202	   0	 490	
 491	 491	  30	   2	 627	   1	   1	  24	   3	   7	  30	  20	  50	 400	1147911	1148538	   0	 480	
 492	 492	  50	   1	 715	   3	   1	  24	   3	   8	  30	  20	  50	 443	1150271	1150986	   0	 490	
 493	 493	  20	   3	 360	   2	   2	  24	   4	   8	  30	  20	  50	 346	1152618	1152978	   0	 490	
 494	 494	  50	   2	 555	   3	   1	  24	   4	   9	  30	  20	  50	 600	1154871	1155426	   0	 480	
 495	 495	  30	   4	 697	   1	   2	  25	   4	   9	  30	  20	  50	 513	1157217	1157914	   0	 480	
 496	 496	  20	   2	 430	   2	   1	  25	   5	   9	  30	  20	  50	 481	1159684	1160114	   0	 470	
 497	 497	  50	   2	 828	   3	   1	  25	   5	  10	  30	  20	  50	 318	1161710	1162538	   0	 460	
 498	 498	  30	   4	 772	   1	   2	  26	   5	  10	  30	  20	  50	 644	1164470	1165242	   0	 460	
 499	 499	  50	   3	 454	   3	   2	  26	   5	  11	  30	  20	  50	 567	1167084	1167538	   0	 460	
 500	 500	  30	   4	 550	   1	   2	  27	   5	  11	  30	  20	  50	 305	1169124	1169674	   0	 460	
 501	 501	  50	   2	 417	   3	   1	  27	   5	  12	  30	  20	  50	 593	1171577	1171994	   0	 450	
 502	 502	  20	   2	1033	   2	   1	  27	   6	  12	  30	  20	  50	 495	1173777	1174810	   0	 440	
 503	 503	  30	   3	 440	   1	   2	  28	   6	  12	  30	  20	  50	 562	1176657	1177097	   0	 440	
 504	 504	  50	   1	 771	   3	   1	  28	   6	  13	  30	  20	  50	 532	1178910	1179681	   0	 450	
 505	 505	  30	   4	 598	   1	   2	  29	   6	  13	  30	  20	  50	 490	1181443	1182041	   0	 450	
 506	 506	  20	   2	 646	   2	   1	  29	   7	  13	  30	  20	  50	 641	1183963	1184609	   0	 440	
 507	 507	  50	   1	 566	   3	   1	  29	   7	  14	  30	  20	  50	 390	1186283	1186849	   0	 450	
 508	 508	  20	   4	 521	   2	   2	  29	   8	  14	  30	  20	  50	 320	1188456	1188977	   0	 450	
 509	 509	  50	   4	 876	   3	   2	  29	   8	  15	  30	  20	  50	 492	1190749	1191625	   0	 450	
 510	 510	  30	   4	 329	   1	   2	  30	   8	  15	  30	  20	  50	 591	1193496	1193825	   0	 450	
 511	 511	  50	   4	 348	   3	   2	  30	   8	  16	  30	  20	  50	 420	1195549	1195897	   0	 450	
 512	 512	  30	   4	1036	   1	   2	  31	   8	  16	  30	  20	  50	 364	1197549	1198585	   0	 450	
 513	 513	  20	   4	 495	   2	   2	  31	   9	  16	  30	  20	  50	 422	1200282	1200777	   0	 450	
 514	 514	  30	   2	1015	   1	   1	  32	   9	  16	  30	  20	  50	 303	1202362	1203377	   0	 440	
 515	 515	  50	   1	 652	   3	   1	  32	   9	  17	  30	  20	  50	 602	1205269	1205921	   0	 450	
 516	 516	  30	   4	 668	   1	   2	  33	   9	  17	  30	  20	  50	 394	1207589	1208257	   0	 450	
 517	 517	  20	   2	 610	   2	   1	  33	  10	  17	  30	  20	  50	 387	1209935	1210545	   0	 440	
 518	 518	  50	   2	 543	   3	   1	  33	  10	  18	  30	  20	  50	 658	1212482	1213025	   0	 430	
 519	 519	  20	   4	1302	   2	   2	  33	  11	  18	  30	  20	  50	 343	1214642	1215944	   0	 430	
 520	 520	  80	   2	1756	   1	   1	   1	  11	  18	  80	  20	  50	 450	1217708	1219464	   1	 420	
 521	 521	  20	   4	 457	   2	   2	   1	  12	  18	  80	  20	  50	 529	1221295	1221752	   0	 420	
 522	 522	  50	   3	 751	   3	   2	   1	  12	  19	  80	  20	  50	 529	1223561	1224312	   0	 420	
 523	 523	  80	   1	 578	   1	   1	   2	  12	  19	  80	  20	  50	 334	1225934	1226512	   0	 430	
 524	 524	  50	   4	 727	   3	   2	   2	  12	  20	  80	  20	  50	 565	1228361	1229088	   0	 430	
 525	 525	  80	   1	 426	   1	   1	   3	  12	  20	  80	  20	  50	 521	1230894	1231320	   0	 440	
 526	 526	  50	   2	 546	   3	   1	   3	  12	  21	  80	  20	  50	 647	1233254	1233800	   0	 430	
 527	 527	  80	   4	 581	   1	   2	   4	  12	  21	  80	  20	  50	 663	1235747	1236328	   0	 430	
 528	 528	  50	   4	 554	   3	   2	   4	  12	  22	  80	  20	  50	 492	1238094	1238648	   0	 430	
 529	 529	  80	   1	 621	   1	   1	   5	  12	  22	  80	  20	  50	 664	1240587	1241208	   0	 440	
 530	 530	  50	   3	 488	   3	   2	   5	  12	  23	  80	  20	  50	 509	1243000	1243488	   0	 440	
 531	 531	  80	   1	 709	   1	   1	   6	  12	  23	  80	  20	  50	 313	1245107	1245816	   0	 450	
 532	 532	  50	   1	 512	   3	   1	   6	  12	  24	  80	  20	  50	 665	1247760	1248272	   0	 460	
 533	 533	  80	   1	 680	   1	   1	   7	  12	  24	  80	  20	  50	 487	1250040	1250720	   0	 470	
 534	 534	  20	   4	 419	   2	   2	   7	  13	  24	  80	  20	  50	 688	1252693	1253112	   0	 470	
 535	 535	  50	   1	 596	   3	   1	   7	  13	  25	  80	  20	  50	 669	1255067	1255663	   0	 480	
 536	 536	  20	   1	 597	   2	   1	   7	  14	  25	  80	  20	  50	 408	1257346	1257943	   0	 490	
 537	 537	  80	   1	 343	   1	   1	   8	  14	  25	  80	  20	  50	 424	1259640	1259983	   0	 500	
 538	 538	  50	   1	 439	   3	   1	   8	  14	  26	  80	  20	  50	 423	1261680	1262119	   0	 510	
 539	 539	  20	   2	 437	   2	   1	   8	  15	  26	  80	  20	  50	 573	1263986	1264423	   0	 500	
 540	 540	  50	   2	 552	   3	   1	   8	  15	  27	  80	  20	  50	 423	1266119	1266671	   0	 490	
 541	 541	  20	   3	 624	   2	   2	   8	  16	  27	  80	  20	  50	 657	1268639	1269263	   0	 490	
 542	 542	  50	   2	 640	   3	   1	   8	  16	  28	  80	  20	  50	 540	1271079	1271719	   0	 480	
 543	 543	  20	   2	 477	   2	   1	   8	  17	  28	  80	  20	  50	 455	1273466	1273943	   0	 470	
 544	 544	  80	   1	1141	   1	   1	   9	  17	  28	  80	  20	  50	 491	1275706	1276847	   0	 480	
 545	 545	  20	   4	 728	   2	   2	   9	  18	  28	  80	  20	  50	 392	1278519	1279247	   0	 480	
 546	 546	  50	   1	 584	   3	   1	   9	  18	  29	  80	  20	  50	 547	1281079	1281663	   0	 490	
 547	 547	  20	   2	 486	   2	   1	   9	  19	  29	  80	  20	  50	 647	1283585	1284071	   0	 480	
 548	 548	  80	   1	 310	   1	   1	  10	  19	  29	  80	  20	  50	 349	1285705	1286015	   0	 490	
 549	 549	  50	   4	 539	   3	   2	  10	  19	  30	  80	  20	  50	 509	1287812	1288351	   0	 490	
 550	 550	  20	   2	 411	   2	   1	  10	  20	  30	  80	  20	  50	 415	1290052	1290463	   0	 480	
 551	 551	  80	   3	 483	   1	   2	  11	  20	  30	  80	  20	  50	 362	1292132	1292615	   0	 480	
 552	 552	  20	   2	 432	   2	   1	  11	  21	  30	  80	  20	  50	 465	1294358	1294790	   0	 470	
 553	 553	  80	   1	 693	   1	   1	  12	  21	  30	  80	  20	  50	 512	1296585	1297278	   0	 480	
 554	 554	  50	   3	 637	   3	   2	  12	  21	  31	  80	  20	  50	 534	1299105	1299742	   0	 480	
 555	 555	  20	   1	 640	   2	   1	  12	  22	  31	  80	  20	  50	 698	1301718	1302358	   0	 490	
 556	 556	  50	   2	 688	   3	   1	  12	  22	  32	  80	  20	  50	 475	1304118	1304806	   0	 480	
 557	 557	  80	   3	 491	   1	   2	  13	  22	  32	  80	  20	  50	 320	1306411	1306902	   0	 480	
 558	 558	  50	   2	 304	   3	   1	  13	  22	  33	  80	  20	  50	 696	1308878	1309182	   0	 470	
 559	 559	  80	   2	 499	   1	   1	  14	  22	  33	  80	  20	  50	 627	1311091	1311590	   0	 460	
 560	 560	  30	   4	 601	   3	   2	  14	  22	   1	  80	  20	  30	 335	1313237	1313838	   3	 460	
 561	 561	  80	   1	 417	   1	   1	  15	  22	   1	  80	  20	  30	 371	1315517	1315934	   0	 470	
 562	 562	  20	   2	 473	   2	   1	  15	  23	   1	  80	  20	  30	 415	1317637	1318110	   0	 460	
 563	 563	  30	   4	 521	   3	   2	  15	  23	   2	  80	  20	  30	 608	1319997	1320518	   0	 460	
 564	 564	  20	   4	 513	   2	   2	  15	  24	   2	  80	  20	  30	 588	1322397	1322910	   0	 460	
 565	 565	  80	   4	 310	   1	   2	  16	  24	   2	  80	  20	  30	 430	1324624	1324934	   0	 460	
 566	 566	  20	   4	 428	   2	   2	  16	  25	   2	  80	  20	  30	 554	1326770	1327198	   0	 460	
 567	 567	  80	   3	 556	   1	   2	  17	  25	   2	  80	  20	  30	 679	1329170	1329726	   0	 460	
 568	 568	  30	   2	 436	   3	   1	  17	  25	   3	  80	  20	  30	 684	1331690	1332126	   0	 450	
 569	 569	  20	   4	 598	   2	   2	  17	  26	   3	  80	  20	  30	 615	1334023	1334621	   0	 450	
 570	 570	  80	   1	 475	   1	   1	  18	  26	   3	  80	  20	  30	 634	1336530	1337005	   0	 460	
 571	 571	  20	   2	 331	   2	   1	  18	  27	   3	  80	  20	  30	 539	1338850	1339181	   0	 450	
 572	 572	  80	   3	 379	   1	   2	  19	  27	   3	  80	  20	  30	 673	1341130	1341509	   0	 450	
 573	 573	  30	   2	 457	   3	   1	  19	  27	   4	  80	  20	  30	 366	1343156	1343613	   0	 440	
 574	 574	  20	   1	 393	   2	   1	  19	  28	   4	  80	  20	  30	 693	1345596	1345989	   0	 450	
 575	 575	  30	   3	 401	   3	   2	  19	  28	   5	  80	  20	  30	 603	1347876	1348277	   0	 450	
 576	 576	  20	   2	 510	   2	   1	  19	  29	   5	  80	  20	  30	 585	1350143	1350653	   0	 440	
 577	 577	  80	   3	 431	   1	   2	  20	  29	   5	  80	  20	  30	 641	1352582	1353013	   0	 440	
 578	 578	  20	   2	 439	   2	   1	  20	  30	   5	  80	  20	  30	 652	1354942	1355381	   0	 430	
 579	 579	  30	   4	 593	   3	   2	  20	  30	   6	  80	  20	  30	 696	1357356	1357949	   0	 430	
 580	 580	  20	   4	 516	   2	   2	  20	  31	   6	  80	  20	  30	 695	1359929	1360445	   0	 430	
 581	 581	  80	   3	 623	   1	   2	  21	  31	   6	  80	  20	  30	 626	1362382	1363005	   0	 430	
 582	 582	  20	   2	 655	   2	   1	  21	  32	   6	  80	  20	  30	 501	1364782	1365437	   0	 420	
 583	 583	  30	   3	 420	   3	   2	  21	  32	   7	  80	  20	  30	 407	1367129	1367549	   0	 420	
 584	 584	  20	   2	 565	   2	   1	  21	  33	   7	  80	  20	  30	 505	1369328	1369893	   0	 410	
 585	 585	  30	   2	 463	   3	   1	  21	  33	   8	  80	  20	  30	 525	1371702	1372165	   0	 400	
 586	 586	  80	   2	 529	   1	   1	  22	  33	   8	  80	  20	  30	 591	1374035	1374564	   0	 390	
 587	 587	  30	   2	 655	   3	   1	  22	  33	   9	  80	  20	  30	 539	1376381	1377036	   0	 380	
 588	 588	  80	   3	 292	   1	   2	  23	  33	   9	  80	  20	  30	 531	1378848	1379140	   0	 380	
 589	 589	  20	   4	 425	   2	   2	  23	  34	   9	  80	  20	  30	 571	1380995	1381420	   0	 380	
 590	 590	  30	   3	 729	   3	   2	  23	  34	  10	  80	  20	  30	 332	1383035	1383764	   0	 380	
 591	 591	  80	   1	 522	   1	   1	  24	  34	  10	  80	  20	  30	 446	1385514	1386036	   0	 390	
 592	 592	  20	   4	 708	   2	   2	  24	  35	  10	  80	  20	  30	 404	1387728	1388436	   0	 390	
 593	 593	  80	   3	 343	   1	   2	  25	  35	  10	  80	  20	  30	 333	1390061	1390404	   0	 390	
 594	 594	  70	   3	 775	   2	   2	  25	   1	  10	  80	  70	  30	 330	1392021	1392796	   2	 390	
 595	 595	  80	   1	 650	   1	   1	  26	   1	  10	  80	  70	  30	 638	1394714	1395364	   0	 400	
 596	 596	  30	   2	 447	   3	   1	  26	   1	  11	  80	  70	  30	 340	1396981	1397428	   0	 390	
 597	 597	  80	   3	 533	   1	   2	  27	   1	  11	  80	  70	  30	 700	1399407	1399940	   0	 390	
 598	 598	  70	   1	 768	   2	   1	  27	   2	  11	  80	  70	  30	 475	1401700	1402468	   0	 400	
 599	 599	  80	   2	 472	   1	   1	  28	   2	  11	  80	  70	  30	 435	1404180	1404652	   0	 390	
 600	 600	  30	   4	 584	   3	   2	  28	   2	  12	  80	  70	  30	 570	1406500	1407084	   0	 390	
 601	 601	  80	   1	 472	   1	   1	  29	   2	  12	  80	  70	  30	 629	1409020	1409492	   0	 400	
 602	 602	  70	   1	 466	   2	   1	  29	   3	  12	  80	  70	  30	 459	1411233	1411699	   0	 410	
 603	 603	  30	   2	 451	   3	   1	  29	   3	  13	  80	  70	  30	 565	1413553	1414004	   0	 400	
 604	 604	  70	   1	 349	   2	   1	  29	   4	  13	  80	  70	  30	 650	1415926	1416275	   0	 410	
 605	 605	  30	   4	 631	   3	   2	  29	   4	  14	  80	  70	  30	 582	1418140	1418771	   0	 410	
 606	 606	  70	   2	 719	   2	   1	  29	   5	  14	  80	  70	  30	 610	1420660	1421379	   0	 400	
 607	 607	  30	   1	 829	   3	   1	  29	   5	  15	  80	  70	  30	 579	1423246	1424075	   0	 410	
NaN	 608	  70	NaN	NaN	   2	   3	  29	   5	  15	  80	  70	  30	 493	1423246	NaN	   0	 410	
 608	 609	  30	   4	 373	   3	   2	  29	   5	  16	  80	  70	  30	 578	1429686	1430059	   0	 410	
 609	 610	  80	   3	 384	   1	   2	  30	   5	  16	  80	  70	  30	 432	1431779	1432163	   0	 410	
 610	 611	  70	   1	 453	   2	   1	  30	   6	  16	  80	  70	  30	 489	1433926	1434379	   0	 420	
 611	 612	  30	   2	 875	   3	   1	  30	   6	  17	  80	  70	  30	 496	1436192	1437067	   0	 410	
 612	 613	  70	   2	 360	   2	   1	  30	   7	  17	  80	  70	  30	 669	1439019	1439379	   0	 400	
 613	 614	  50	   4	1171	   1	   2	   1	   7	  17	  50	  70	  30	 325	1441072	1442243	   1	 400	
 614	 615	  70	   3	 547	   2	   2	   1	   8	  17	  50	  70	  30	 474	1443992	1444539	   0	 400	
 615	 616	  30	   2	 414	   3	   1	   1	   8	  18	  50	  70	  30	 543	1446365	1446779	   0	 390	
 616	 617	  50	   4	1369	   1	   2	   2	   8	  18	  50	  70	  30	 628	1448698	1450067	   0	 390	
 617	 618	  30	   3	 563	   3	   2	   2	   8	  19	  50	  70	  30	 526	1451872	1452435	   0	 390	
 618	 619	  70	   1	 424	   2	   1	   2	   9	  19	  50	  70	  30	 494	1454218	1454642	   0	 400	
 619	 620	  30	   1	 389	   3	   1	   2	   9	  20	  50	  70	  30	 411	1456325	1456714	   0	 410	
 620	 621	  70	   2	 443	   2	   1	   2	  10	  20	  50	  70	  30	 670	1458671	1459114	   0	 400	
 621	 622	  50	   2	 539	   1	   1	   3	  10	  20	  50	  70	  30	 326	1460751	1461290	   0	 390	
 622	 623	  70	   3	 555	   2	   2	   3	  11	  20	  50	  70	  30	 305	1462871	1463426	   0	 390	
 623	 624	  50	   3	 707	   1	   2	   4	  11	  20	  50	  70	  30	 643	1465351	1466058	   0	 390	
 624	 625	  30	   1	 870	   3	   1	   4	  11	  21	  50	  70	  30	 497	1467844	1468714	   0	 400	
 625	 626	  70	   1	 339	   2	   1	   4	  12	  21	  50	  70	  30	 508	1470511	1470850	   0	 410	
 626	 627	  50	   1	 438	   1	   1	   5	  12	  21	  50	  70	  30	 635	1472764	1473202	   0	 420	
 627	 628	  30	   2	 347	   3	   1	   5	  12	  22	  50	  70	  30	 674	1475151	1475498	   0	 410	
 628	 629	  50	   2	 427	   1	   1	   6	  12	  22	  50	  70	  30	 601	1477391	1477818	   0	 400	
 629	 630	  70	   3	 401	   2	   2	   6	  13	  22	  50	  70	  30	 467	1479577	1479978	   0	 400	
 630	 631	  30	   2	 332	   3	   1	   6	  13	  23	  50	  70	  30	 442	1481710	1482042	   0	 390	
 631	 632	  50	   1	 550	   1	   1	   7	  13	  23	  50	  70	  30	 366	1483724	1484274	   0	 400	
 632	 633	  70	   3	 393	   2	   2	   7	  14	  23	  50	  70	  30	 540	1486097	1486490	   0	 400	
 633	 634	  30	   4	 372	   3	   2	   7	  14	  24	  50	  70	  30	 574	1488350	1488722	   0	 400	
 634	 635	  50	   3	 535	   1	   2	   8	  14	  24	  50	  70	  30	 491	1490483	1491018	   0	 400	
 635	 636	  30	   2	 824	   3	   1	   8	  14	  25	  50	  70	  30	 512	1492817	1493641	   0	 390	
 636	 637	  50	   1	 638	   1	   1	   9	  14	  25	  50	  70	  30	 686	1495603	1496241	   0	 400	
 637	 638	  30	   4	 483	   3	   2	   9	  14	  26	  50	  70	  30	 348	1497870	1498353	   0	 400	
 638	 639	  70	   2	 470	   2	   1	   9	  15	  26	  50	  70	  30	 327	1499963	1500433	   0	 390	
 639	 640	  50	   4	 758	   1	   2	  10	  15	  26	  50	  70	  30	 572	1502283	1503041	   0	 390	
 640	 641	  70	   1	 612	   2	   1	  10	  16	  26	  50	  70	  30	 316	1504629	1505241	   0	 400	
 641	 642	  30	   1	 460	   3	   1	  10	  16	  27	  50	  70	  30	 527	1507069	1507529	   0	 410	
 642	 643	  50	   1	 380	   1	   1	  11	  16	  27	  50	  70	  30	 539	1509349	1509729	   0	 420	
 643	 644	  70	   3	 444	   2	   2	  11	  17	  27	  50	  70	  30	 655	1511669	1512113	   0	 420	
 644	 645	  30	   4	 452	   3	   2	  11	  17	  28	  50	  70	  30	 429	1513829	1514281	   0	 420	
 645	 646	  70	   3	 503	   2	   2	  11	  18	  28	  50	  70	  30	 402	1515962	1516465	   0	 420	
 646	 647	  50	   4	 634	   1	   2	  12	  18	  28	  50	  70	  30	 551	1518295	1518929	   0	 420	
 647	 648	  30	   4	 807	   3	   2	  12	  18	  29	  50	  70	  30	 429	1520642	1521449	   0	 420	
 648	 649	  50	   4	 706	   1	   2	  13	  18	  29	  50	  70	  30	 606	1523335	1524041	   0	 420	
 649	 650	  30	   1	 866	   3	   1	  13	  18	  30	  50	  70	  30	 700	1526015	1526881	   0	 430	
 650	 651	  70	   4	 314	   2	   2	  13	  19	  30	  50	  70	  30	 345	1528495	1528809	   0	 430	
 651	 652	  30	   4	 458	   3	   2	  13	  19	   1	  50	  70	  30	 614	1530735	1531193	   0	 430	
 652	 653	  50	   3	 544	   1	   2	  14	  19	   1	  50	  70	  30	 652	1533120	1533664	   0	 430	
 653	 654	  70	   2	 607	   2	   1	  14	  20	   1	  50	  70	  30	 621	1535561	1536168	   0	 420	
 654	 655	  50	   1	 439	   1	   1	  15	  20	   1	  50	  70	  30	 357	1537801	1538240	   0	 430	
 655	 656	  70	   2	 473	   2	   1	  15	  21	   1	  50	  70	  30	 566	1540095	1540568	   0	 420	
 656	 657	  30	   2	 876	   3	   1	  15	  21	   2	  50	  70	  30	 300	1542148	1543024	   0	 410	
 657	 658	  50	   2	 506	   1	   1	  16	  21	   2	  50	  70	  30	 548	1544854	1545360	   0	 400	
 658	 659	  30	   4	 687	   3	   2	  16	  21	   3	  50	  70	  30	 391	1547041	1547728	   0	 400	
 659	 660	  70	   1	 429	   2	   1	  16	  22	   3	  50	  70	  30	 376	1549387	1549816	   0	 410	
 660	 661	  30	   4	 493	   3	   2	  16	  22	   4	  50	  70	  30	 329	1551427	1551920	   0	 410	
 661	 662	  70	   3	 602	   2	   2	  16	  23	   4	  50	  70	  30	 496	1553734	1554336	   0	 410	
 662	 663	  30	   1	 394	   3	   1	  16	  23	   5	  50	  70	  30	 477	1556094	1556488	   0	 420	
 663	 664	  70	   1	 408	   2	   1	  16	  24	   5	  50	  70	  30	 353	1558120	1558528	   0	 430	
 664	 665	  50	   3	 736	   1	   2	  17	  24	   5	  50	  70	  30	 473	1560280	1561016	   0	 430	
 665	 666	  30	   2	 354	   3	   1	  17	  24	   6	  50	  70	  30	 389	1562694	1563048	   0	 420	
 666	 667	  70	   3	 416	   2	   2	  17	  25	   6	  50	  70	  30	 506	1564840	1565256	   0	 420	
 667	 668	  30	   1	 491	   3	   1	  17	  25	   7	  50	  70	  30	 631	1567173	1567664	   0	 430	
 668	 669	  50	   2	 373	   1	   1	  18	  25	   7	  50	  70	  30	 569	1569507	1569880	   0	 420	
 669	 670	  70	   3	 435	   2	   2	  18	  26	   7	  50	  70	  30	 359	1571533	1571968	   0	 420	
 670	 671	  50	   1	 469	   1	   1	  19	  26	   7	  50	  70	  30	 464	1573706	1574175	   0	 430	
 671	 672	  30	   2	 386	   3	   1	  19	  26	   8	  50	  70	  30	 399	1575893	1576279	   0	 420	
 672	 673	  70	   4	 653	   2	   2	  19	  27	   8	  50	  70	  30	 617	1578186	1578839	   0	 420	
 673	 674	  30	   2	 362	   3	   1	  19	  27	   9	  50	  70	  30	 524	1580653	1581015	   0	 410	
 674	 675	  50	   2	 397	   1	   1	  20	  27	   9	  50	  70	  30	 361	1582666	1583063	   0	 400	
 675	 676	  70	   3	 424	   2	   2	  20	  28	   9	  50	  70	  30	 663	1584999	1585423	   0	 400	
 676	 677	  30	   3	 554	   3	   2	  20	  28	  10	  50	  70	  30	 511	1587213	1587767	   0	 400	
 677	 678	  50	   1	 416	   1	   1	  21	  28	  10	  50	  70	  30	 398	1589439	1589855	   0	 410	
 678	 679	  70	   1	 347	   2	   1	  21	  29	  10	  50	  70	  30	 309	1591452	1591799	   0	 420	
 679	 680	  50	   1	 277	   1	   1	  22	  29	  10	  50	  70	  30	 654	1593746	1594023	   0	 430	
 680	 681	  30	   2	 616	   3	   1	  22	  29	  11	  50	  70	  30	 376	1595679	1596295	   0	 420	
 681	 682	  50	   3	 334	   1	   2	  23	  29	  11	  50	  70	  30	 656	1598265	1598599	   0	 420	
 682	 683	  30	   2	 720	   3	   1	  23	  29	  12	  50	  70	  30	 474	1600359	1601079	   0	 410	
 683	 684	  50	   4	 435	   1	   2	  24	  29	  12	  50	  70	  30	 322	1602692	1603127	   0	 410	
 684	 685	  70	   2	 766	   2	   1	  24	  30	  12	  50	  70	  30	 374	1604785	1605551	   0	 400	
 685	 686	  50	   4	 571	   1	   2	  25	  30	  12	  50	  70	  30	 621	1607452	1608023	   0	 400	
 686	 687	  70	   1	 465	   2	   1	  25	  31	  12	  50	  70	  30	 336	1609638	1610103	   0	 410	
 687	 688	  50	   4	 633	   1	   2	  26	  31	  12	  50	  70	  30	 499	1611878	1612511	   0	 410	
 688	 689	  30	   2	 533	   3	   1	  26	  31	  13	  50	  70	  30	 318	1614105	1614638	   0	 400	
 689	 690	  50	   4	 411	   1	   2	  27	  31	  13	  50	  70	  30	 525	1616451	1616862	   0	 400	
 690	 691	  30	   4	 421	   3	   2	  27	  31	  14	  50	  70	  30	 367	1618505	1618926	   0	 400	
 691	 692	  70	   1	 416	   2	   1	  27	  32	  14	  50	  70	  30	 366	1620598	1621014	   0	 410	
 692	 693	  30	   1	 411	   3	   1	  27	  32	  15	  50	  70	  30	 351	1622651	1623062	   0	 420	
 693	 694	  50	   3	 848	   1	   2	  28	  32	  15	  50	  70	  30	 583	1624918	1625766	   0	 420	
 694	 695	  70	   3	 806	   2	   2	  28	  33	  15	  50	  70	  30	 333	1627384	1628190	   0	 420	
 695	 696	  30	   4	 953	   3	   2	  28	  33	  16	  50	  70	  30	 407	1629877	1630830	   0	 420	
 696	 697	  50	   4	 643	   1	   2	  29	  33	  16	  50	  70	  30	 457	1632571	1633214	   0	 420	
 697	 698	  30	   4	 491	   3	   2	  29	  33	  17	  50	  70	  30	 312	1634811	1635302	   0	 420	
 698	 699	  50	   3	 500	   1	   2	  30	  33	  17	  50	  70	  30	 351	1636930	1637430	   0	 420	
 699	 700	  30	   4	 436	   3	   2	  30	  33	  18	  50	  70	  30	 576	1639290	1639726	   0	 420	
 700	 701	  70	   2	 590	   2	   1	  30	  34	  18	  50	  70	  30	 620	1641624	1642214	   0	 410	
 701	 702	  30	   3	 614	   3	   2	  30	  34	  19	  50	  70	  30	 493	1644024	1644638	   0	 410	
 702	 703	  50	   2	 713	   1	   1	  31	  34	  19	  50	  70	  30	 636	1646557	1647270	   0	 400	
 703	 704	  30	   3	 679	   3	   2	  31	  34	  20	  50	  70	  30	 307	1648863	1649542	   0	 400	
 704	 705	  50	   2	1193	   1	   1	  32	  34	  20	  50	  70	  30	 337	1651157	1652350	   0	 390	
 705	 706	  70	   3	 555	   2	   2	  32	  35	  20	  50	  70	  30	 300	1653930	1654485	   0	 390	
 706	 707	  50	   3	 803	   1	   2	  33	  35	  20	  50	  70	  30	 643	1656410	1657213	   0	 390	
 707	 708	  30	   1	 425	   3	   1	  33	  35	  21	  50	  70	  30	 378	1658876	1659301	   0	 400	
 708	 709	  50	   2	 625	   1	   1	   1	  35	  21	  50	  70	  30	 425	1660996	1661621	   0	 390	
 709	 710	  30	   4	  78	   3	   2	   1	  35	  22	  50	  70	  30	 608	1663503	1663581	   0	 390	
 710	 711	  70	   3	 740	   2	   2	   1	   1	  22	  50	  70	  30	 468	1665329	1666069	   0	 390	
