Version: 1	Number of symbols: 3	Pictures exchange: true	Response Deadline: 2000
Trial_No	Virt_Trial_No	Prob_Shown	Feedback	RT	Stimulus_No	Resp	SymbolA_Stage	SymbolB_Stage	SymbolC_Stage	Prob_A	Prob_B	Prob_C	Jitter	StimOnset	RespOnset	Symbol_Changes	Bonus_sum
   1	   1	  30	   4	 823	   1	   2	   1	   0	   0	  30	  70	  50	 596	1800	2623	   0	   0	
   2	   2	  50	   4	 626	   3	   2	   1	   0	   1	  30	  70	  50	 394	4317	4943	   0	   0	
   3	   3	  30	   4	 404	   1	   2	   2	   0	   1	  30	  70	  50	 411	6651	7055	   0	   0	
   4	   4	  50	   3	 429	   3	   2	   2	   0	   2	  30	  70	  50	 443	8802	9231	   0	   0	
   5	   5	  70	   3	1124	   2	   2	   2	   1	   2	  30	  70	  50	 462	10986	12110	   0	   0	
   6	   6	  30	   4	 561	   1	   2	   3	   1	   2	  30	  70	  50	 419	13837	14398	   0	   0	
   7	   7	  50	   4	 716	   3	   2	   3	   1	   3	  30	  70	  50	 663	16354	17070	   0	   0	
   8	   8	  70	   1	 337	   2	   1	   3	   2	   3	  30	  70	  50	 626	19005	19342	   0	  10	
   9	   9	  50	   4	 734	   3	   2	   3	   2	   4	  30	  70	  50	 424	21072	21806	   0	  10	
  10	  10	  30	   3	 486	   1	   2	   4	   2	   4	  30	  70	  50	 537	23656	24142	   0	  10	
  11	  11	  50	   3	 453	   3	   2	   4	   2	   5	  30	  70	  50	 588	26057	26510	   0	  10	
  12	  12	  70	   3	 397	   2	   2	   4	   3	   5	  30	  70	  50	 425	28241	28638	   0	  10	
  13	  13	  50	   4	 525	   3	   2	   4	   3	   6	  30	  70	  50	 668	30625	31150	   0	  10	
  14	  14	  70	   2	 353	   2	   1	   4	   4	   6	  30	  70	  50	 479	32925	33278	   0	   0	
  15	  15	  50	   3	 435	   3	   2	   4	   4	   7	  30	  70	  50	 670	35259	35694	   0	   0	
  16	  16	  30	   3	 622	   1	   2	   5	   4	   7	  30	  70	  50	 355	37360	37982	   0	   0	
  17	  17	  70	   2	 340	   2	   1	   5	   5	   7	  30	  70	  50	 682	39978	40318	   0	 -10	
  18	  18	  50	   1	 493	   3	   1	   5	   5	   8	  30	  70	  50	 536	42161	42654	   0	   0	
  19	  19	  70	   1	 479	   2	   1	   5	   6	   8	  30	  70	  50	 526	44479	44958	   0	  10	
  20	  20	  30	   4	 557	   1	   2	   6	   6	   8	  30	  70	  50	 658	46913	47470	   0	  10	
  21	  21	  50	   4	 359	   3	   2	   6	   6	   9	  30	  70	  50	 663	49447	49806	   0	  10	
  22	  22	  30	   4	 494	   1	   2	   7	   6	   9	  30	  70	  50	 564	51664	52158	   0	  10	
  23	  23	  50	   3	 318	   3	   2	   7	   6	  10	  30	  70	  50	 567	54032	54350	   0	  10	
  24	  24	  30	   2	 365	   1	   1	   8	   6	  10	  30	  70	  50	 394	56049	56414	   0	   0	
  25	  25	  70	   3	 337	   2	   2	   8	   7	  10	  30	  70	  50	 601	58333	58670	   0	   0	
  26	  26	  50	   3	 570	   3	   2	   8	   7	  11	  30	  70	  50	 486	60467	61037	   0	   0	
  27	  27	  30	   4	 492	   1	   2	   9	   7	  11	  30	  70	  50	 458	62801	63293	   0	   0	
  28	  28	  50	   4	 655	   3	   2	   9	   7	  12	  30	  70	  50	 500	65102	65757	   0	   0	
  29	  29	  70	   1	 396	   2	   1	   9	   8	  12	  30	  70	  50	 498	67569	67965	   0	  10	
  30	  30	  50	   3	 523	   3	   2	   9	   8	  13	  30	  70	  50	 330	69586	70109	   0	  10	
  31	  31	  70	   3	 297	   2	   2	   9	   9	  13	  30	  70	  50	 522	72020	72317	   0	  10	
  32	  32	  50	   3	 432	   3	   2	   9	   9	  14	  30	  70	  50	 586	74221	74653	   0	  10	
  33	  33	  30	   3	 481	   1	   2	  10	   9	  14	  30	  70	  50	 621	76588	77069	   0	  10	
  34	  34	  70	   2	 427	   2	   1	  10	  10	  14	  30	  70	  50	 335	78722	79149	   0	   0	
  35	  35	  30	   4	 563	   1	   2	  11	  10	  14	  30	  70	  50	 456	80906	81469	   0	   0	
  36	  36	  70	   3	 382	   2	   2	  11	  11	  14	  30	  70	  50	 637	83407	83789	   0	   0	
  37	  37	  50	   4	 504	   3	   2	  11	  11	  15	  30	  70	  50	 440	85541	86045	   0	   0	
  38	  38	  30	   3	 473	   1	   2	  12	  11	  15	  30	  70	  50	 538	87892	88365	   0	   0	
  39	  39	  70	   2	 359	   2	   1	  12	  12	  15	  30	  70	  50	 658	90326	90685	   0	 -10	
  40	  40	  30	   4	 396	   1	   2	  13	  12	  15	  30	  70	  50	 611	92593	92989	   0	 -10	
  41	  41	  50	   1	 565	   3	   1	  13	  12	  16	  30	  70	  50	 434	94744	95309	   0	   0	
  42	  42	  70	   1	 319	   2	   1	  13	  13	  16	  30	  70	  50	 661	97278	97597	   0	  10	
  43	  43	  30	   4	 417	   1	   2	  14	  13	  16	  30	  70	  50	 318	99228	99645	   0	  10	
  44	  44	  70	   1	 335	   2	   1	  14	  14	  16	  30	  70	  50	 314	101262	101597	   0	  20	
  45	  45	  50	   2	 520	   3	   1	  14	  14	  17	  30	  70	  50	 504	103413	103933	   0	  10	
  46	  46	  30	   4	 430	   1	   2	  15	  14	  17	  30	  70	  50	 404	105647	106077	   0	  10	
  47	  47	  70	   1	 498	   2	   1	  15	  15	  17	  30	  70	  50	 574	107947	108445	   0	  20	
  48	  48	  30	   3	 423	   1	   2	  16	  15	  17	  30	  70	  50	 402	110165	110588	   0	  20	
  49	  49	  70	   2	 579	   2	   1	  16	  16	  17	  30	  70	  50	 376	112265	112844	   0	  10	
  50	  50	  30	   4	 425	   1	   2	  17	  16	  17	  30	  70	  50	 342	114483	114908	   0	  10	
  51	  51	  70	   1	 354	   2	   1	  17	  17	  17	  30	  70	  50	 429	116650	117004	   0	  20	
  52	  52	  30	   4	 402	   1	   2	  18	  17	  17	  30	  70	  50	 324	118634	119036	   0	  20	
  53	  53	  70	   1	 294	   2	   1	  18	  18	  17	  30	  70	  50	 565	120918	121212	   0	  30	
  54	  54	  30	   3	 371	   1	   2	  19	  18	  17	  30	  70	  50	 469	122985	123356	   0	  30	
  55	  55	  70	   4	 416	   2	   2	  19	  19	  17	  30	  70	  50	 373	125036	125452	   0	  30	
  56	  56	  50	   2	 392	   3	   1	  19	  19	  18	  30	  70	  50	 456	127220	127612	   0	  20	
  57	  57	  30	   4	 388	   1	   2	  20	  19	  18	  30	  70	  50	 388	129304	129692	   0	  20	
  58	  58	  70	   3	 233	   2	   2	  20	  20	  18	  30	  70	  50	 566	131571	131804	   0	  20	
  59	  59	  50	   3	 443	   3	   2	  20	  20	  19	  30	  70	  50	 384	133505	133948	   0	  20	
  60	  60	  30	   4	 508	   1	   2	  21	  20	  19	  30	  70	  50	 627	135872	136380	   0	  20	
  61	  61	  50	   2	 492	   3	   1	  21	  20	  20	  30	  70	  50	 542	138256	138748	   0	  10	
  62	  62	  70	   1	 316	   2	   1	  21	  21	  20	  30	  70	  50	 574	140624	140940	   0	  20	
  63	  63	  50	   4	 470	   3	   2	  21	  21	  21	  30	  70	  50	 510	142758	143228	   0	  20	
  64	  64	  70	   2	 430	   2	   1	  21	  22	  21	  30	  70	  50	 428	144958	145388	   0	  10	
  65	  65	  50	   3	 398	   3	   2	  21	  22	  22	  30	  70	  50	 659	147342	147740	   0	  10	
  66	  66	  30	   3	 502	   1	   2	  22	  22	  22	  30	  70	  50	 472	149526	150028	   0	  10	
  67	  67	  70	   1	 356	   2	   1	  22	  23	  22	  30	  70	  50	 607	151944	152300	   0	  20	
  68	  68	  30	   4	 352	   1	   2	  23	  23	  22	  30	  70	  50	 443	154044	154396	   0	  20	
  69	  69	  50	   4	 344	   3	   2	  23	  23	  23	  30	  70	  50	 487	156195	156539	   0	  20	
  70	  70	  70	   1	 385	   2	   1	  23	  24	  23	  30	  70	  50	 516	158362	158747	   0	  30	
  71	  71	  50	   4	 296	   3	   2	  23	  24	  24	  30	  70	  50	 502	160579	160875	   0	  30	
  72	  72	  70	   3	 404	   2	   2	  23	  25	  24	  30	  70	  50	 497	162663	163067	   0	  30	
  73	  73	  50	   3	 264	   3	   2	  23	  25	  25	  30	  70	  50	 554	164931	165195	   0	  30	
  74	  74	  70	   4	 382	   2	   2	  23	  26	  25	  30	  70	  50	 668	167181	167563	   0	  30	
  75	  75	  50	   2	 714	   3	   1	  23	  26	  26	  30	  70	  50	 371	169249	169963	   0	  20	
  76	  76	  70	   1	 328	   2	   1	  23	  27	  26	  30	  70	  50	 398	171683	172011	   0	  30	
  77	  77	  50	   3	 554	   3	   2	  23	  27	  27	  30	  70	  50	 329	173633	174187	   0	  30	
  78	  78	  70	   1	 520	   2	   1	  23	  28	  27	  30	  70	  50	 578	176067	176587	   0	  40	
  79	  79	  50	   3	 372	   3	   2	  23	  28	  28	  30	  70	  50	 636	178535	178907	   0	  40	
  80	  80	  30	   4	 387	   1	   2	  24	  28	  28	  30	  70	  50	 332	180552	180939	   0	  40	
  81	  81	  70	   2	 690	   2	   1	  24	  29	  28	  30	  70	  50	 690	182953	183643	   0	  30	
  82	  82	  30	   4	 696	   1	   2	  25	  29	  28	  30	  70	  50	 650	185603	186299	   0	  30	
  83	  83	  50	   4	 400	   3	   2	  25	  29	  29	  30	  70	  50	 586	188187	188587	   0	  30	
  84	  84	  30	   3	 328	   1	   2	  26	  29	  29	  30	  70	  50	 473	190371	190699	   0	  30	
  85	  85	  70	   1	 378	   2	   1	  26	  30	  29	  30	  70	  50	 699	192705	193083	   0	  40	
  86	  86	  50	   3	1248	   3	   2	  26	  30	  30	  30	  70	  50	 547	194923	196171	   0	  40	
  87	  87	  70	   1	 446	   2	   1	  26	  31	  30	  30	  70	  50	 667	198157	198603	   0	  50	
  88	  88	  30	   4	 795	   3	   2	  26	  31	   1	  30	  70	  30	 664	200608	201403	   3	  50	
  89	  89	  30	   4	 524	   1	   2	  27	  31	   1	  30	  70	  30	 656	203359	203883	   0	  50	
  90	  90	  70	   2	 444	   2	   1	  27	  32	   1	  30	  70	  30	 559	205743	206187	   0	  40	
  91	  91	  30	   3	 659	   3	   2	  27	  32	   2	  30	  70	  30	 434	207943	208602	   0	  40	
  92	  92	  70	   1	 457	   2	   1	  27	  33	   2	  30	  70	  30	 666	210577	211034	   0	  50	
  93	  93	  30	   4	 368	   1	   2	  28	  33	   2	  30	  70	  30	 443	212778	213146	   0	  50	
  94	  94	  30	   4	 640	   3	   2	  28	  33	   3	  30	  70	  30	 303	214762	215402	   0	  50	
  95	  95	  30	   3	 477	   1	   2	  29	  33	   3	  30	  70	  30	 521	217229	217706	   0	  50	
  96	  96	  20	   2	 311	   2	   1	  29	   1	   3	  30	  20	  30	 306	219347	219658	   2	  40	
  97	  97	  30	   4	 381	   1	   2	  30	   1	   3	  30	  20	  30	 616	221581	221962	   0	  40	
  98	  98	  30	   4	 595	   3	   2	  30	   1	   4	  30	  20	  30	 554	223831	224426	   0	  40	
  99	  99	  30	   4	 315	   1	   2	  31	   1	   4	  30	  20	  30	 673	226399	226714	   0	  40	
 100	 100	  30	   4	 459	   3	   2	  31	   1	   5	  30	  20	  30	 374	228399	228858	   0	  40	
 101	 101	  20	   4	 406	   2	   2	  31	   2	   5	  30	  20	  30	 342	230516	230922	   0	  40	
 102	 102	  30	   3	 302	   1	   2	  32	   2	   5	  30	  20	  30	 460	232684	232986	   0	  40	
 103	 103	  20	   3	 411	   2	   2	  32	   3	   5	  30	  20	  30	 448	234751	235162	   0	  40	
 104	 104	  30	   3	 324	   3	   2	  32	   3	   6	  30	  20	  30	 464	236918	237242	   0	  40	
 105	 105	  20	   4	 271	   2	   2	  32	   4	   6	  30	  20	  30	 471	239019	239290	   0	  40	
 106	 106	  30	   4	 262	   3	   2	  32	   4	   7	  30	  20	  30	 642	241236	241498	   0	  40	
 107	 107	  20	   4	 255	   2	   2	  32	   5	   7	  30	  20	  30	 585	243387	243642	   0	  40	
 108	 108	  30	   4	 297	   3	   2	  32	   5	   8	  30	  20	  30	 576	245521	245818	   0	  40	
 109	 109	  20	   3	 251	   2	   2	  32	   6	   8	  30	  20	  30	 334	247455	247706	   0	  40	
 110	 110	  30	   4	 246	   1	   2	  33	   6	   8	  30	  20	  30	 548	249572	249818	   0	  40	
 111	 111	  30	   4	 460	   3	   2	  33	   6	   9	  30	  20	  30	 666	251806	252266	   0	  40	
 112	 112	  20	   4	 225	   2	   2	  33	   7	   9	  30	  20	  30	 499	254073	254298	   0	  40	
 113	 113	  30	   3	 418	   3	   2	  33	   7	  10	  30	  20	  30	 381	255991	256409	   0	  40	
 114	 114	  30	   4	 724	   1	   2	  34	   7	  10	  30	  20	  30	 602	258325	259049	   0	  40	
 115	 115	  30	   3	 235	   3	   2	  34	   7	  11	  30	  20	  30	 592	260942	261177	   0	  40	
 116	 116	  30	   4	 284	   1	   2	  35	   7	  11	  30	  20	  30	 406	262893	263177	   0	  40	
 117	 117	  30	   4	 319	   3	   2	  35	   7	  12	  30	  20	  30	 317	264810	265129	   0	  40	
 118	 118	  80	   3	 230	   1	   2	   1	   7	  12	  80	  20	  30	 569	267027	267257	   1	  40	
 119	 119	  30	   4	 261	   3	   2	   1	   7	  13	  80	  20	  30	 491	269044	269305	   0	  40	
 120	 120	  20	   4	 247	   2	   2	   1	   8	  13	  80	  20	  30	 360	270962	271209	   0	  40	
 121	 121	  80	   1	 291	   1	   1	   2	   8	  13	  80	  20	  30	 485	273046	273337	   0	  50	
 122	 122	  30	   4	 419	   3	   2	   2	   8	  14	  80	  20	  30	 398	275046	275465	   0	  50	
 123	 123	  80	   2	 556	   1	   1	   3	   8	  14	  80	  20	  30	 435	277213	277769	   0	  40	
 124	 124	  30	   3	 533	   3	   2	   3	   8	  15	  80	  20	  30	 690	279764	280297	   0	  40	
 125	 125	  80	   3	 323	   1	   2	   4	   8	  15	  80	  20	  30	 594	282198	282521	   0	  40	
 126	 126	  30	   4	 497	   3	   2	   4	   8	  16	  80	  20	  30	 409	284232	284729	   0	  40	
 127	 127	  80	   3	 328	   1	   2	   5	   8	  16	  80	  20	  30	 399	286433	286761	   0	  40	
 128	 128	  30	   4	 405	   3	   2	   5	   8	  17	  80	  20	  30	 446	288500	288905	   0	  40	
 129	 129	  20	   2	 479	   2	   1	   5	   9	  17	  80	  20	  30	 416	290634	291113	   0	  30	
 130	 130	  80	   2	 452	   1	   1	   6	   9	  17	  80	  20	  30	 465	292885	293337	   0	  20	
 131	 131	  30	   4	 571	   3	   2	   6	   9	  18	  80	  20	  30	 433	295102	295673	   0	  20	
 132	 132	  80	   1	 454	   1	   1	   7	   9	  18	  80	  20	  30	 616	297603	298057	   0	  30	
 133	 133	  30	   3	 346	   3	   2	   7	   9	  19	  80	  20	  30	 544	299903	300249	   0	  30	
 134	 134	  80	   1	 358	   1	   1	   8	   9	  19	  80	  20	  30	 426	301971	302329	   0	  40	
 135	 135	  20	   4	 252	   2	   2	   8	  10	  19	  80	  20	  30	 564	304188	304440	   0	  40	
 136	 136	  80	   3	 303	   1	   2	   9	  10	  19	  80	  20	  30	 355	306105	306408	   0	  40	
 137	 137	  20	   3	 283	   2	   2	   9	  11	  19	  80	  20	  30	 477	308189	308472	   0	  40	
 138	 138	  80	   1	 362	   1	   1	  10	  11	  19	  80	  20	  30	 427	310206	310568	   0	  50	
 139	 139	  20	   4	 531	   2	   2	  10	  12	  19	  80	  20	  30	 485	312357	312888	   0	  50	
 140	 140	  30	   4	 806	   3	   2	  10	  12	  20	  80	  20	  30	 477	314674	315480	   0	  50	
 141	 141	  80	   2	 464	   1	   1	  11	  12	  20	  80	  20	  30	 408	317208	317672	   0	  40	
 142	 142	  30	   3	 296	   3	   2	  11	  12	  21	  80	  20	  30	 414	319392	319688	   0	  40	
 143	 143	  20	   4	 443	   2	   2	  11	  13	  21	  80	  20	  30	 313	321293	321736	   0	  40	
 144	 144	  80	   3	 403	   1	   2	  12	  13	  21	  80	  20	  30	 438	323477	323880	   0	  40	
 145	 145	  30	   4	 362	   3	   2	  12	  13	  22	  80	  20	  30	 495	325678	326040	   0	  40	
 146	 146	  20	   2	 341	   2	   1	  12	  14	  22	  80	  20	  30	 453	327795	328136	   0	  30	
 147	 147	  30	   4	 542	   3	   2	  12	  14	  23	  80	  20	  30	 515	329962	330504	   0	  30	
 148	 148	  20	   4	 323	   2	   2	  12	  15	  23	  80	  20	  30	 427	332229	332552	   0	  30	
 149	 149	  80	   3	 356	   1	   2	  13	  15	  23	  80	  20	  30	 324	334180	334536	   0	  30	
 150	 150	  20	   4	 355	   2	   2	  13	  16	  23	  80	  20	  30	 355	336197	336552	   0	  30	
 151	 151	  80	   3	 243	   1	   2	  14	  16	  23	  80	  20	  30	 695	338565	338808	   0	  30	
 152	 152	  20	   2	 381	   2	   1	  14	  17	  23	  80	  20	  30	 594	340699	341080	   0	  20	
 153	 153	  30	   4	 428	   3	   2	  14	  17	  24	  80	  20	  30	 328	342716	343144	   0	  20	
 154	 154	  20	   3	 380	   2	   2	  14	  18	  24	  80	  20	  30	 651	345100	345480	   0	  20	
 155	 155	  80	   1	 333	   1	   1	  15	  18	  24	  80	  20	  30	 670	347451	347784	   0	  30	
 156	 156	  30	   4	 325	   3	   2	  15	  18	  25	  80	  20	  30	 533	349635	349960	   0	  30	
 157	 157	  80	   3	 316	   1	   2	  16	  18	  25	  80	  20	  30	 558	351819	352135	   0	  30	
 158	 158	  20	   4	 545	   2	   2	  16	  19	  25	  80	  20	  30	 647	354086	354631	   0	  30	
 159	 159	  30	   4	 368	   3	   2	  16	  19	  26	  80	  20	  30	 552	356487	356855	   0	  30	
 160	 160	  80	   1	 462	   1	   1	  17	  19	  26	  80	  20	  30	 379	358537	358999	   0	  40	
 161	 161	  20	   4	 253	   2	   2	  17	  20	  26	  80	  20	  30	 618	360938	361191	   0	  40	
 162	 162	  30	   3	 294	   3	   2	  17	  20	  27	  80	  20	  30	 612	363105	363399	   0	  40	
 163	 163	  80	   4	 304	   1	   2	  18	  20	  27	  80	  20	  30	 531	365239	365543	   0	  40	
 164	 164	  30	   4	 518	   3	   2	  18	  20	  28	  80	  20	  30	 626	367473	367991	   0	  40	
 165	 165	  20	   4	 470	   2	   2	  18	  21	  28	  80	  20	  30	 552	369857	370327	   0	  40	
 166	 166	  30	   4	 357	   3	   2	  18	  21	  29	  80	  20	  30	 617	372258	372615	   0	  40	
 167	 167	  80	   1	 449	   1	   1	  19	  21	  29	  80	  20	  30	 417	374342	374791	   0	  50	
 168	 168	  30	   3	 295	   3	   2	  19	  21	  30	  80	  20	  30	 484	376592	376887	   0	  50	
 169	 169	  20	   4	 277	   2	   2	  19	  22	  30	  80	  20	  30	 423	378610	378887	   0	  50	
 170	 170	  30	   4	 257	   3	   2	  19	  22	  31	  80	  20	  30	 507	380694	380951	   0	  50	
 171	 171	  80	   3	 326	   1	   2	  20	  22	  31	  80	  20	  30	 311	382577	382903	   0	  50	
 172	 172	  30	   4	 371	   3	   2	  20	  22	  32	  80	  20	  30	 430	384628	384999	   0	  50	
 173	 173	  20	   3	 418	   2	   2	  20	  23	  32	  80	  20	  30	 319	386629	387047	   0	  50	
 174	 174	  80	   1	 518	   1	   1	  21	  23	  32	  80	  20	  30	 551	388913	389431	   0	  60	
 175	 175	  30	   4	 381	   3	   2	  21	  23	  33	  80	  20	  30	 381	391130	391511	   0	  60	
 176	 176	  80	   3	 283	   1	   2	  22	  23	  33	  80	  20	  30	 331	393164	393447	   0	  60	
 177	 177	  30	   3	 536	   3	   2	  22	  23	  34	  80	  20	  30	 478	395231	395767	   0	  60	
 178	 178	  80	   2	 380	   1	   1	  23	  23	  34	  80	  20	  30	 447	397515	397895	   0	  50	
 179	 179	  30	   4	 341	   3	   2	  23	  23	  35	  80	  20	  30	 456	399649	399990	   0	  50	
 180	 180	  20	   4	 331	   2	   2	  23	  24	  35	  80	  20	  30	 581	401883	402214	   0	  50	
 181	 181	  70	   3	 322	   3	   2	  23	  24	   1	  80	  20	  70	 529	404100	404422	   3	  50	
 182	 182	  20	   3	 468	   2	   2	  23	  25	   1	  80	  20	  70	 681	406418	406886	   0	  50	
 183	 183	  80	   1	 630	   1	   1	  24	  25	   1	  80	  20	  70	 549	408752	409382	   0	  60	
 184	 184	  70	   4	 413	   3	   2	  24	  25	   2	  80	  20	  70	 669	411369	411782	   0	  60	
 185	 185	  20	   4	 436	   2	   2	  24	  26	   2	  80	  20	  70	 484	413570	414006	   0	  60	
 186	 186	  70	   3	 742	   3	   2	  24	  26	   3	  80	  20	  70	 587	415904	416646	   0	  60	
 187	 187	  20	   4	 666	   2	   2	  24	  27	   3	  80	  20	  70	 638	418588	419254	   0	  60	
 188	 188	  70	   4	 561	   3	   2	  24	  27	   4	  80	  20	  70	 644	421205	421766	   0	  60	
 189	 189	  20	   4	 528	   2	   2	  24	  28	   4	  80	  20	  70	 541	423606	424134	   0	  60	
 190	 190	  80	   2	 437	   1	   1	  25	  28	   4	  80	  20	  70	 419	425857	426294	   0	  50	
 191	 191	  70	   1	 466	   3	   1	  25	  28	   5	  80	  20	  70	 302	427924	428390	   0	  60	
 192	 192	  80	   1	 435	   1	   1	  26	  28	   5	  80	  20	  70	 566	430275	430710	   0	  70	
 193	 193	  20	   4	 493	   2	   2	  26	  29	   5	  80	  20	  70	 393	432409	432902	   0	  70	
 194	 194	  70	   1	 373	   3	   1	  26	  29	   6	  80	  20	  70	 384	434593	434966	   0	  80	
 195	 195	  20	   4	 546	   2	   2	  26	  30	   6	  80	  20	  70	 397	436660	437206	   0	  80	
 196	 196	  70	   1	 609	   3	   1	  26	  30	   7	  80	  20	  70	 558	439061	439670	   0	  90	
 197	 197	  80	   3	 315	   1	   2	  27	  30	   7	  80	  20	  70	 628	441595	441910	   0	  90	
 198	 198	  50	   3	 461	   2	   2	  27	   1	   7	  80	  50	  70	 606	443945	444406	   2	  90	
 199	 199	  70	   2	 384	   3	   1	  27	   1	   8	  80	  50	  70	 540	446246	446630	   0	  80	
 200	 200	  50	   2	 407	   2	   1	  27	   2	   8	  80	  50	  70	 494	448430	448837	   0	  70	
 201	 201	  80	   1	 312	   1	   1	  28	   2	   8	  80	  50	  70	 638	450797	451109	   0	  80	
 202	 202	  70	   3	 284	   3	   2	  28	   2	   9	  80	  50	  70	 654	453065	453349	   0	  80	
 203	 203	  50	   3	 806	   2	   2	  28	   3	   9	  80	  50	  70	 532	455199	456005	   0	  80	
 204	 204	  70	   1	 524	   3	   1	  28	   3	  10	  80	  50	  70	 520	457833	458357	   0	  90	
 205	 205	  50	   4	 711	   2	   2	  28	   4	  10	  80	  50	  70	 675	460334	461045	   0	  90	
 206	 206	  70	   4	 473	   3	   2	  28	   4	  11	  80	  50	  70	 324	462668	463141	   0	  90	
 207	 207	  50	   2	 463	   2	   1	  28	   5	  11	  80	  50	  70	 466	464918	465381	   0	  80	
 208	 208	  80	   1	 328	   1	   1	  29	   5	  11	  80	  50	  70	 394	467069	467397	   0	  90	
 209	 209	  50	   3	 635	   2	   2	  29	   6	  11	  80	  50	  70	 689	469386	470021	   0	  90	
 210	 210	  80	   1	 566	   1	   1	  30	   6	  11	  80	  50	  70	 557	471887	472453	   0	 100	
 211	 211	  70	   2	 483	   3	   1	  30	   6	  12	  80	  50	  70	 568	474354	474837	   0	  90	
 212	 212	  50	   1	 361	   2	   1	  30	   7	  12	  80	  50	  70	 434	476588	476949	   0	 100	
 213	 213	  80	   1	 300	   1	   1	  31	   7	  12	  80	  50	  70	 640	478889	479189	   0	 110	
 214	 214	  70	   1	 325	   3	   1	  31	   7	  13	  80	  50	  70	 558	481056	481381	   0	 120	
 215	 215	  80	   1	 411	   1	   1	  32	   7	  13	  80	  50	  70	 582	483274	483685	   0	 130	
 216	 216	  70	   1	 301	   3	   1	  32	   7	  14	  80	  50	  70	 634	485624	485925	   0	 140	
 217	 217	  50	   2	 465	   2	   1	  32	   8	  14	  80	  50	  70	 657	487892	488357	   0	 130	
 218	 218	  80	   1	 353	   1	   1	  33	   8	  14	  80	  50	  70	 626	490292	490645	   0	 140	
 219	 219	  50	   2	 557	   2	   1	  33	   9	  14	  80	  50	  70	 413	492360	492917	   0	 130	
 220	 220	  20	   4	 481	   1	   2	   1	   9	  14	  20	  50	  70	 412	494644	495125	   1	 130	
 221	 221	  70	   3	 410	   3	   2	   1	   9	  15	  20	  50	  70	 339	496794	497204	   0	 130	
 222	 222	  50	   1	 425	   2	   1	   1	  10	  15	  20	  50	  70	 689	499195	499620	   0	 140	
 223	 223	  70	   1	 388	   3	   1	   1	  10	  16	  20	  50	  70	 386	501312	501700	   0	 150	
 224	 224	  20	   4	 483	   1	   2	   2	  10	  16	  20	  50	  70	 316	503329	503812	   0	 150	
 225	 225	  50	   4	 489	   2	   2	   2	  11	  16	  20	  50	  70	 421	505547	506036	   0	 150	
 226	 226	  70	   4	 361	   3	   2	   2	  11	  17	  20	  50	  70	 600	507947	508308	   0	 150	
 227	 227	  20	   4	 596	   1	   2	   3	  11	  17	  20	  50	  70	 432	510048	510644	   0	 150	
 228	 228	  70	   1	 427	   3	   1	   3	  11	  18	  20	  50	  70	 313	512249	512676	   0	 160	
 229	 229	  20	   3	 310	   1	   2	   4	  11	  18	  20	  50	  70	 385	514366	514676	   0	 160	
 230	 230	  50	   1	 302	   2	   1	   4	  12	  18	  20	  50	  70	 575	516550	516852	   0	 170	
 231	 231	  70	   3	 394	   3	   2	   4	  12	  19	  20	  50	  70	 463	518634	519028	   0	 170	
 232	 232	  50	   2	 704	   2	   1	   4	  13	  19	  20	  50	  70	 533	520868	521572	   0	 160	
 233	 233	  70	   1	 433	   3	   1	   4	  13	  20	  20	  50	  70	 351	523235	523668	   0	 170	
 234	 234	  20	   4	 498	   1	   2	   5	  13	  20	  20	  50	  70	 606	525586	526084	   0	 170	
 235	 235	  70	   2	 368	   3	   1	   5	  13	  21	  20	  50	  70	 628	528020	528388	   0	 160	
 236	 236	  20	   2	 374	   1	   1	   6	  13	  21	  20	  50	  70	 548	530254	530628	   0	 150	
 237	 237	  50	   4	 483	   2	   2	   6	  14	  21	  20	  50	  70	 388	532321	532804	   0	 150	
 238	 238	  70	   1	 632	   3	   1	   6	  14	  22	  20	  50	  70	 461	534572	535204	   0	 160	
 239	 239	  50	   3	 485	   2	   2	   6	  15	  22	  20	  50	  70	 518	537039	537524	   0	 160	
 240	 240	  70	   1	 597	   3	   1	   6	  15	  23	  20	  50	  70	 585	539423	540020	   0	 170	
 241	 241	  50	   1	 805	   2	   1	   6	  16	  23	  20	  50	  70	 476	541807	542612	   0	 180	
 242	 242	  20	   3	 431	   1	   2	   7	  16	  23	  20	  50	  70	 425	544341	544772	   0	 180	
 243	 243	  50	   2	 510	   2	   1	   7	  17	  23	  20	  50	  70	 640	546709	547219	   0	 170	
 244	 244	  20	   2	 370	   1	   1	   8	  17	  23	  20	  50	  70	 476	548993	549363	   0	 160	
 245	 245	  70	   1	 458	   3	   1	   8	  17	  24	  20	  50	  70	 514	551177	551635	   0	 170	
 246	 246	  50	   3	 588	   2	   2	   8	  18	  24	  20	  50	  70	 591	553527	554115	   0	 170	
 247	 247	  20	   4	 313	   1	   2	   9	  18	  24	  20	  50	  70	 560	555978	556291	   0	 170	
 248	 248	  50	   4	 362	   2	   2	   9	  19	  24	  20	  50	  70	 334	557929	558291	   0	 170	
 249	 249	  70	   3	 371	   3	   2	   9	  19	  25	  20	  50	  70	 512	560096	560467	   0	 170	
 250	 250	  20	   4	 561	   1	   2	  10	  19	  25	  20	  50	  70	 348	562130	562691	   0	 170	
 251	 251	  70	   4	 498	   3	   2	  10	  19	  26	  20	  50	  70	 484	564497	564995	   0	 170	
 252	 252	  50	   1	 392	   2	   1	  10	  20	  26	  20	  50	  70	 417	566731	567123	   0	 180	
 253	 253	  20	   2	 456	   1	   1	  11	  20	  26	  20	  50	  70	 668	569099	569555	   0	 170	
 254	 254	  70	   3	 504	   3	   2	  11	  20	  27	  20	  50	  70	 618	571483	571987	   0	 170	
 255	 255	  50	   3	 652	   2	   2	  11	  21	  27	  20	  50	  70	 488	573783	574435	   0	 170	
 256	 256	  70	   1	 447	   3	   1	  11	  21	  28	  20	  50	  70	 338	576084	576531	   0	 180	
 257	 257	  50	   2	 370	   2	   1	  11	  22	  28	  20	  50	  70	 555	578385	578755	   0	 170	
 258	 258	  70	   2	 446	   3	   1	  11	  22	  29	  20	  50	  70	 419	580485	580931	   0	 160	
 259	 259	  50	   2	 422	   2	   1	  11	  23	  29	  20	  50	  70	 421	582653	583075	   0	 150	
 260	 260	  70	   1	 387	   3	   1	  11	  23	  30	  20	  50	  70	 361	584736	585123	   0	 160	
 261	 261	  20	   4	 543	   1	   2	  12	  23	  30	  20	  50	  70	 366	586820	587363	   0	 160	
 262	 262	  50	   4	 659	   3	   2	  12	  23	   1	  20	  50	  50	 404	589088	589747	   3	 160	
 263	 263	  50	   4	 424	   2	   2	  12	  24	   1	  20	  50	  50	 700	591755	592179	   0	 160	
 264	 264	  20	   4	 485	   1	   2	  13	  24	   1	  20	  50	  50	 696	594173	594658	   0	 160	
 265	 265	  50	   2	 649	   3	   1	  13	  24	   2	  20	  50	  50	 505	596473	597122	   0	 150	
 266	 266	  50	   3	 311	   2	   2	  13	  25	   2	  20	  50	  50	 477	598907	599218	   0	 150	
 267	 267	  50	   3	 385	   3	   2	  13	  25	   3	  20	  50	  50	 498	601025	601410	   0	 150	
 268	 268	  50	   3	 293	   2	   2	  13	  26	   3	  20	  50	  50	 610	603325	603618	   0	 150	
 269	 269	  20	   3	 409	   1	   2	  14	  26	   3	  20	  50	  50	 696	605609	606018	   0	 150	
 270	 270	  50	   2	 449	   2	   1	  14	  27	   3	  20	  50	  50	 462	607777	608226	   0	 140	
 271	 271	  50	   4	 528	   3	   2	  14	  27	   4	  20	  50	  50	 640	610194	610722	   0	 140	
 272	 272	  50	   1	 676	   2	   1	  14	  28	   4	  20	  50	  50	 450	612478	613154	   0	 150	
 273	 273	  50	   3	 437	   3	   2	  14	  28	   5	  20	  50	  50	 367	614829	615266	   0	 150	
 274	 274	  50	   4	 407	   2	   2	  14	  29	   5	  20	  50	  50	 603	617179	617586	   0	 150	
 275	 275	  20	   2	 411	   1	   1	  15	  29	   5	  20	  50	  50	 551	619447	619858	   0	 140	
 276	 276	  50	   3	 441	   3	   2	  15	  29	   6	  20	  50	  50	 344	621497	621938	   0	 140	
 277	 277	  50	   3	 348	   2	   2	  15	  30	   6	  20	  50	  50	 549	623798	624146	   0	 140	
 278	 278	  20	   3	 511	   1	   2	  16	  30	   6	  20	  50	  50	 640	626099	626610	   0	 140	
 279	 279	  50	   4	 481	   3	   2	  16	  30	   7	  20	  50	  50	 539	628449	628930	   0	 140	
 280	 280	  20	   4	 558	   1	   2	  17	  30	   7	  20	  50	  50	 664	630900	631458	   0	 140	
 281	 281	  50	   4	 377	   3	   2	  17	  30	   8	  20	  50	  50	 636	633417	633794	   0	 140	
 282	 282	  20	   4	 444	   1	   2	  18	  30	   8	  20	  50	  50	 620	635718	636162	   0	 140	
 283	 283	  50	   3	 380	   3	   2	  18	  30	   9	  20	  50	  50	 646	638102	638482	   0	 140	
 284	 284	  50	   1	 678	   2	   1	  18	  31	   9	  20	  50	  50	 455	640236	640914	   0	 150	
 285	 285	  20	   4	 355	   1	   2	  19	  31	   9	  20	  50	  50	 462	642670	643025	   0	 150	
 286	 286	  50	   2	 484	   2	   1	  19	  32	   9	  20	  50	  50	 685	645021	645505	   0	 140	
 287	 287	  20	   4	 488	   1	   2	  20	  32	   9	  20	  50	  50	 495	647305	647793	   0	 140	
 288	 288	  50	   3	 606	   3	   2	  20	  32	  10	  20	  50	  50	 432	649539	650145	   0	 140	
 289	 289	  20	   4	 416	   1	   2	  21	  32	  10	  20	  50	  50	 421	651873	652289	   0	 140	
 290	 290	  50	   1	 378	   3	   1	  21	  32	  11	  20	  50	  50	 399	654007	654385	   0	 150	
 291	 291	  50	   3	 309	   2	   2	  21	  33	  11	  20	  50	  50	 420	656124	656433	   0	 150	
 292	 292	  50	   3	 338	   3	   2	  21	  33	  12	  20	  50	  50	 457	658191	658529	   0	 150	
 293	 293	  20	   4	 656	   2	   2	  21	   1	  12	  20	  20	  50	 346	660209	660865	   2	 150	
 294	 294	  50	   4	 592	   3	   2	  21	   1	  13	  20	  20	  50	 439	662609	663201	   0	 150	
 295	 295	  20	   3	 358	   1	   2	  22	   1	  13	  20	  20	  50	 321	664827	665185	   0	 150	
 296	 296	  20	   4	 567	   2	   2	  22	   2	  13	  20	  20	  50	 324	666810	667377	   0	 150	
 297	 297	  20	   4	 449	   1	   2	  23	   2	  13	  20	  20	  50	 632	669328	669777	   0	 150	
 298	 298	  20	   4	 378	   2	   2	  23	   3	  13	  20	  20	  50	 399	671495	671873	   0	 150	
 299	 299	  20	   4	 342	   1	   2	  24	   3	  13	  20	  20	  50	 413	673579	673921	   0	 150	
 300	 300	  20	   4	 282	   2	   2	  24	   4	  13	  20	  20	  50	 646	675863	676145	   0	 150	
 301	 301	  50	   3	 369	   3	   2	  24	   4	  14	  20	  20	  50	 583	678064	678433	   0	 150	
 302	 302	  20	   3	 297	   2	   2	  24	   5	  14	  20	  20	  50	 512	680248	680545	   0	 150	
 303	 303	  50	   3	 303	   3	   2	  24	   5	  15	  20	  20	  50	 641	682498	682801	   0	 150	
 304	 304	  20	   4	 427	   2	   2	  24	   6	  15	  20	  20	  50	 469	684582	685009	   0	 150	
 305	 305	  20	   4	 303	   1	   2	  25	   6	  15	  20	  20	  50	 541	686850	687153	   0	 150	
 306	 306	  50	   4	 341	   3	   2	  25	   6	  16	  20	  20	  50	 618	689084	689425	   0	 150	
 307	 307	  20	   4	 387	   1	   2	  26	   6	  16	  20	  20	  50	 378	691101	691488	   0	 150	
 308	 308	  50	   4	 394	   3	   2	  26	   6	  17	  20	  20	  50	 526	693318	693712	   0	 150	
 309	 309	  20	   4	 348	   1	   2	  27	   6	  17	  20	  20	  50	 627	695636	695984	   0	 150	
 310	 310	  50	   3	 316	   3	   2	  27	   6	  18	  20	  20	  50	 347	697636	697952	   0	 150	
 311	 311	  20	   3	 527	   1	   2	  28	   6	  18	  20	  20	  50	 658	699953	700480	   0	 150	
 312	 312	  50	   2	 534	   3	   1	  28	   6	  19	  20	  20	  50	 371	702154	702688	   0	 140	
 313	 313	  20	   4	 541	   2	   2	  28	   7	  19	  20	  20	  50	 358	704355	704896	   0	 140	
 314	 314	  50	   4	 386	   3	   2	  28	   7	  20	  20	  20	  50	 423	706622	707008	   0	 140	
 315	 315	  20	   4	 346	   2	   2	  28	   8	  20	  20	  20	  50	 487	708806	709152	   0	 140	
 316	 316	  20	   4	 707	   1	   2	  29	   8	  20	  20	  20	  50	 509	710957	711664	   0	 140	
 317	 317	  20	   3	 321	   2	   2	  29	   9	  20	  20	  20	  50	 425	713391	713712	   0	 140	
 318	 318	  50	   4	 562	   3	   2	  29	   9	  21	  20	  20	  50	 334	715358	715920	   0	 140	
 319	 319	  20	   4	 373	   2	   2	  29	  10	  21	  20	  20	  50	 435	717659	718032	   0	 140	
 320	 320	  20	   4	 369	   1	   2	  30	  10	  21	  20	  20	  50	 408	719743	720112	   0	 140	
 321	 321	  50	   1	 454	   3	   1	  30	  10	  22	  20	  20	  50	 573	722010	722464	   0	 150	
 322	 322	  20	   4	 313	   1	   2	  31	  10	  22	  20	  20	  50	 538	724311	724624	   0	 150	
 323	 323	  50	   2	 397	   3	   1	  31	  10	  23	  20	  20	  50	 691	726611	727008	   0	 140	
 324	 324	  20	   4	 314	   1	   2	  32	  10	  23	  20	  20	  50	 353	728662	728976	   0	 140	
 325	 325	  20	   4	 424	   2	   2	  32	  11	  23	  20	  20	  50	 416	730712	731136	   0	 140	
 326	 326	  20	   3	 472	   1	   2	  33	  11	  23	  20	  20	  50	 631	733080	733552	   0	 140	
 327	 327	  50	   3	 357	   3	   2	  33	  11	  24	  20	  20	  50	 689	735547	735904	   0	 140	
 328	 328	  20	   4	 419	   2	   2	  33	  12	  24	  20	  20	  50	 379	737581	738000	   0	 140	
 329	 329	  50	   3	 233	   3	   2	  33	  12	  25	  20	  20	  50	 504	739815	740048	   0	 140	
 330	 330	  20	   4	 369	   2	   2	  33	  13	  25	  20	  20	  50	 604	741966	742335	   0	 140	
 331	 331	  20	   4	 394	   1	   2	  34	  13	  25	  20	  20	  50	 473	744133	744527	   0	 140	
 332	 332	  20	   4	 351	   2	   2	  34	  14	  25	  20	  20	  50	 563	746384	746735	   0	 140	
 333	 333	  50	   4	 277	   3	   2	  34	  14	  26	  20	  20	  50	 587	748634	748911	   0	 140	
 334	 334	  20	   4	 395	   1	   2	  35	  14	  26	  20	  20	  50	 652	750868	751263	   0	 140	
 335	 335	  20	   4	 401	   2	   2	  35	  15	  26	  20	  20	  50	 535	753102	753503	   0	 140	
 336	 336	  50	   3	 345	   3	   2	  35	  15	  27	  20	  20	  50	 458	755270	755615	   0	 140	
 337	 337	  80	   3	 411	   1	   2	   1	  15	  27	  80	  20	  50	 680	757620	758031	   1	 140	
 338	 338	  20	   4	 370	   2	   2	   1	  16	  27	  80	  20	  50	 496	759821	760191	   0	 140	
 339	 339	  80	   1	 681	   1	   1	   2	  16	  27	  80	  20	  50	 527	762022	762703	   0	 150	
 340	 340	  20	   4	 449	   2	   2	   2	  17	  27	  80	  20	  50	 608	764622	765071	   0	 150	
 341	 341	  80	   1	 455	   1	   1	   3	  17	  27	  80	  20	  50	 457	766856	767311	   0	 160	
 342	 342	  50	   1	 710	   3	   1	   3	  17	  28	  80	  20	  50	 635	769257	769967	   0	 170	
 343	 343	  80	   3	 349	   1	   2	   4	  17	  28	  80	  20	  50	 612	771874	772223	   0	 170	
 344	 344	  20	   3	 468	   2	   2	   4	  18	  28	  80	  20	  50	 543	774075	774543	   0	 170	
 345	 345	  50	   2	 649	   3	   1	   4	  18	  29	  80	  20	  50	 489	776342	776991	   0	 160	
 346	 346	  20	   3	 497	   2	   2	   4	  19	  29	  80	  20	  50	 626	778926	779423	   0	 160	
 347	 347	  80	   2	 338	   1	   1	   5	  19	  29	  80	  20	  50	 538	781261	781599	   0	 150	
 348	 348	  20	   4	 445	   2	   2	   5	  20	  29	  80	  20	  50	 470	783378	783823	   0	 150	
 349	 349	  50	   4	 611	   3	   2	   5	  20	  30	  80	  20	  50	 505	785628	786239	   0	 150	
 350	 350	  80	   1	 365	   1	   1	   6	  20	  30	  80	  20	  50	 594	788129	788494	   0	 160	
 351	 351	  50	   4	 476	   3	   2	   6	  20	  31	  80	  20	  50	 699	790530	791006	   0	 160	
 352	 352	  80	   1	 621	   1	   1	   7	  20	  31	  80	  20	  50	 579	792881	793502	   0	 170	
 353	 353	  50	   4	 515	   3	   2	   7	  20	  32	  80	  20	  50	 323	795131	795646	   0	 170	
 354	 354	  80	   3	 253	   1	   2	   8	  20	  32	  80	  20	  50	 686	797649	797902	   0	 170	
 355	 355	  20	   3	 496	   2	   2	   8	  21	  32	  80	  20	  50	 353	799566	800062	   0	 170	
 356	 356	  80	   2	 477	   1	   1	   9	  21	  32	  80	  20	  50	 648	802017	802494	   0	 160	
 357	 357	  50	   1	 487	   3	   1	   9	  21	  33	  80	  20	  50	 349	804151	804638	   0	 170	
 358	 358	  20	   4	 585	   2	   2	   9	  22	  33	  80	  20	  50	 548	806501	807086	   0	 170	
 359	 359	  70	   3	 617	   3	   2	   9	  22	   1	  80	  20	  70	 686	809269	809886	   3	 170	
 360	 360	  20	   4	 533	   2	   2	   9	  23	   1	  80	  20	  70	 571	811769	812302	   0	 170	
 361	 361	  80	   1	 459	   1	   1	  10	  23	   1	  80	  20	  70	 348	813987	814446	   0	 180	
 362	 362	  20	   4	 378	   2	   2	  10	  24	   1	  80	  20	  70	 652	816404	816782	   0	 180	
 363	 363	  70	   2	 559	   3	   1	  10	  24	   2	  80	  20	  70	 593	818671	819230	   0	 170	
 364	 364	  80	   3	 370	   1	   2	  11	  24	   2	  80	  20	  70	 444	820972	821342	   0	 170	
 365	 365	  70	   4	 547	   3	   2	  11	  24	   3	  80	  20	  70	 689	823339	823886	   0	 170	
 366	 366	  20	   4	 608	   2	   2	  11	  25	   3	  80	  20	  70	 610	825790	826398	   0	 170	
 367	 367	  70	   1	 535	   3	   1	  11	  25	   4	  80	  20	  70	 694	828391	828926	   0	 180	
 368	 368	  20	   4	 495	   2	   2	  11	  26	   4	  80	  20	  70	 337	830575	831070	   0	 180	
 369	 369	  80	   1	 485	   1	   1	  12	  26	   4	  80	  20	  70	 432	832809	833294	   0	 190	
 370	 370	  70	   1	 473	   3	   1	  12	  26	   5	  80	  20	  70	 495	835093	835566	   0	 200	
 371	 371	  20	   3	 443	   2	   2	  12	  27	   5	  80	  20	  70	 517	837410	837853	   0	 200	
 372	 372	  70	   1	 592	   3	   1	  12	  27	   6	  80	  20	  70	 498	839661	840253	   0	 210	
 373	 373	  80	   3	 447	   1	   2	  13	  27	   6	  80	  20	  70	 508	842062	842509	   0	 210	
 374	 374	  70	   2	 499	   3	   1	  13	  27	   7	  80	  20	  70	 530	844346	844845	   0	 200	
 375	 375	  80	   1	 369	   1	   1	  14	  27	   7	  80	  20	  70	 638	846796	847165	   0	 210	
 376	 376	  70	   1	 486	   3	   1	  14	  27	   8	  80	  20	  70	 577	849047	849533	   0	 220	
 377	 377	  20	   2	 431	   2	   1	  14	  28	   8	  80	  20	  70	 364	851198	851629	   0	 210	
 378	 378	  80	   1	 472	   1	   1	  15	  28	   8	  80	  20	  70	 429	853365	853837	   0	 220	
 379	 379	  70	   1	 456	   3	   1	  15	  28	   9	  80	  20	  70	 612	855749	856205	   0	 230	
 380	 380	  80	   1	 545	   1	   1	  16	  28	   9	  80	  20	  70	 391	857900	858445	   0	 240	
 381	 381	  70	   1	 365	   3	   1	  16	  28	  10	  80	  20	  70	 616	860384	860749	   0	 250	
 382	 382	  80	   1	 489	   1	   1	  17	  28	  10	  80	  20	  70	 409	862468	862957	   0	 260	
 383	 383	  20	   2	 351	   2	   1	  17	  29	  10	  80	  20	  70	 448	864718	865069	   0	 250	
 384	 384	  80	   2	 437	   1	   1	  18	  29	  10	  80	  20	  70	 561	866936	867373	   0	 240	
 385	 385	  70	   2	 588	   3	   1	  18	  29	  11	  80	  20	  70	 469	869153	869741	   0	 230	
 386	 386	  80	   2	 452	   1	   1	  19	  29	  11	  80	  20	  70	 683	871737	872189	   0	 220	
 387	 387	  20	   4	 479	   2	   2	  19	  30	  11	  80	  20	  70	 356	873854	874333	   0	 220	
 388	 388	  70	   3	 579	   3	   2	  19	  30	  12	  80	  20	  70	 486	876122	876701	   0	 220	
 389	 389	  20	   4	 549	   2	   2	  19	  31	  12	  80	  20	  70	 458	878456	879005	   0	 220	
 390	 390	  70	   3	 473	   3	   2	  19	  31	  13	  80	  20	  70	 446	880756	881229	   0	 220	
 391	 391	  80	   1	 387	   1	   1	  20	  31	  13	  80	  20	  70	 331	882890	883277	   0	 230	
 392	 392	  70	   2	 444	   3	   1	  20	  31	  14	  80	  20	  70	 458	885041	885485	   0	 220	
 393	 393	  20	   4	 429	   2	   2	  20	  32	  14	  80	  20	  70	 609	887391	887820	   0	 220	
 394	 394	  70	   1	 607	   3	   1	  20	  32	  15	  80	  20	  70	 605	889725	890332	   0	 230	
 395	 395	  20	   3	 444	   2	   2	  20	  33	  15	  80	  20	  70	 537	892176	892620	   0	 230	
 396	 396	  70	   1	 298	   3	   1	  20	  33	  16	  80	  20	  70	 694	894610	894908	   0	 240	
 397	 397	  80	   4	 595	   1	   2	  21	  33	  16	  80	  20	  70	 538	896761	897356	   0	 240	
 398	 398	  70	   4	 666	   3	   2	  21	  33	  17	  80	  20	  70	 311	898962	899628	   0	 240	
 399	 399	  20	   4	 368	   2	   2	  21	  34	  17	  80	  20	  70	 655	901596	901964	   0	 240	
 400	 400	  80	   1	 483	   1	   1	  22	  34	  17	  80	  20	  70	 631	903913	904396	   0	 250	
 401	 401	  20	   4	 574	   2	   2	  22	  35	  17	  80	  20	  70	 662	906414	906988	   0	 250	
 402	 402	  80	   3	 430	   1	   2	  23	  35	  17	  80	  20	  70	 513	908798	909228	   0	 250	
 403	 403	  80	   3	 552	   2	   2	  23	   1	  17	  80	  80	  70	 365	910948	911500	   2	 250	
 404	 404	  80	   1	 467	   1	   1	  24	   1	  17	  80	  80	  70	 642	913449	913916	   0	 260	
 405	 405	  80	   1	 729	   2	   1	  24	   2	  17	  80	  80	  70	 460	915683	916412	   0	 270	
 406	 406	  80	   3	 538	   1	   2	  25	   2	  17	  80	  80	  70	 346	918050	918588	   0	 270	
 407	 407	  80	   1	 684	   2	   1	  25	   3	  17	  80	  80	  70	 488	920384	921068	   0	 280	
 408	 408	  80	   1	 551	   1	   1	  26	   3	  17	  80	  80	  70	 512	922885	923436	   0	 290	
 409	 409	  80	   2	 414	   2	   1	  26	   4	  17	  80	  80	  70	 343	925086	925500	   0	 280	
 410	 410	  80	   2	 345	   1	   1	  27	   4	  17	  80	  80	  70	 392	927203	927548	   0	 270	
 411	 411	  80	   1	 294	   2	   1	  27	   5	  17	  80	  80	  70	 393	929254	929548	   0	 280	
 412	 412	  80	   1	 276	   1	   1	  28	   5	  17	  80	  80	  70	 449	931304	931580	   0	 290	
 413	 413	  80	   1	 304	   2	   1	  28	   6	  17	  80	  80	  70	 494	933372	933676	   0	 300	
 414	 414	  80	   1	 439	   1	   1	  29	   6	  17	  80	  80	  70	 578	935556	935995	   0	 310	
 415	 415	  80	   1	 456	   2	   1	  29	   7	  17	  80	  80	  70	 630	937923	938379	   0	 320	
 416	 416	  80	   1	 541	   1	   1	  30	   7	  17	  80	  80	  70	 486	940174	940715	   0	 330	
NaN	 417	  70	NaN	NaN	   3	   3	  30	   7	  17	  80	  80	  70	 375	940174	NaN	   0	 330	
 417	 418	  80	   1	 517	   2	   1	  30	   8	  17	  80	  80	  70	 680	946342	946859	   0	 340	
 418	 419	  30	   2	 290	   1	   1	   1	   8	  17	  30	  80	  70	 573	948809	949099	   1	 330	
 419	 420	  80	   2	 436	   2	   1	   1	   9	  17	  30	  80	  70	 320	950727	951163	   0	 320	
 420	 421	  70	   1	 419	   3	   1	   1	   9	  18	  30	  80	  70	 666	953144	953563	   0	 330	
 421	 422	  80	   3	 385	   2	   2	   1	  10	  18	  30	  80	  70	 686	955578	955963	   0	 330	
 422	 423	  30	   3	 571	   1	   2	   2	  10	  18	  30	  80	  70	 434	957712	958283	   0	 330	
 423	 424	  70	   1	 444	   3	   1	   2	  10	  19	  30	  80	  70	 477	960063	960507	   0	 340	
 424	 425	  80	   2	 404	   2	   1	   2	  11	  19	  30	  80	  70	 461	962263	962667	   0	 330	
 425	 426	  30	   3	 370	   1	   2	   3	  11	  19	  30	  80	  70	 315	964297	964667	   0	 330	
 426	 427	  70	   1	 360	   3	   1	   3	  11	  20	  30	  80	  70	 543	966515	966875	   0	 340	
 427	 428	  80	   1	 345	   2	   1	   3	  12	  20	  30	  80	  70	 316	968498	968843	   0	 350	
 428	 429	  30	   4	 267	   1	   2	   4	  12	  20	  30	  80	  70	 668	970816	971083	   0	 350	
 429	 430	  70	   1	1095	   3	   1	   4	  12	  21	  30	  80	  70	 499	972900	973995	   0	 360	
 430	 431	  80	   1	 460	   2	   1	   4	  13	  21	  30	  80	  70	 664	975951	976411	   0	 370	
 431	 432	  70	   4	 384	   3	   2	   4	  13	  22	  30	  80	  70	 522	978251	978635	   0	 370	
 432	 433	  80	   3	 442	   2	   2	   4	  14	  22	  30	  80	  70	 441	980385	980827	   0	 370	
 433	 434	  70	   2	 518	   3	   1	   4	  14	  23	  30	  80	  70	 315	982453	982971	   0	 360	
 434	 435	  80	   3	 307	   2	   2	   4	  15	  23	  30	  80	  70	 609	984887	985194	   0	 360	
 435	 436	  70	   1	 566	   3	   1	   4	  15	  24	  30	  80	  70	 315	986820	987386	   0	 370	
 436	 437	  30	   2	 332	   1	   1	   5	  15	  24	  30	  80	  70	 332	989038	989370	   0	 360	
 437	 438	  70	   3	 551	   3	   2	   5	  15	  25	  30	  80	  70	 466	991155	991706	   0	 360	
 438	 439	  30	   4	 474	   1	   2	   6	  15	  25	  30	  80	  70	 451	993472	993946	   0	 360	
 439	 440	  70	   1	 431	   3	   1	   6	  15	  26	  30	  80	  70	 476	995723	996154	   0	 370	
 440	 441	  80	   3	1056	   2	   2	   6	  16	  26	  30	  80	  70	 602	998074	999130	   0	 370	
 441	 442	  70	   3	 552	   3	   2	   6	  16	  27	  30	  80	  70	 613	1001058	1001610	   0	 370	
 442	 443	  30	   3	 481	   1	   2	   7	  16	  27	  30	  80	  70	 308	1003225	1003706	   0	 370	
 443	 444	  80	   3	 373	   2	   2	   7	  17	  27	  30	  80	  70	 483	1005509	1005882	   0	 370	
 444	 445	  30	   4	 469	   1	   2	   8	  17	  27	  30	  80	  70	 308	1007493	1007962	   0	 370	
 445	 446	  80	   2	 798	   2	   1	   8	  18	  27	  30	  80	  70	 386	1009660	1010458	   0	 360	
 446	 447	  30	   4	 372	   1	   2	   9	  18	  27	  30	  80	  70	 499	1012278	1012650	   0	 360	
 447	 448	  80	   3	 528	   2	   2	   9	  19	  27	  30	  80	  70	 407	1014362	1014890	   0	 360	
 448	 449	  30	   2	 337	   1	   1	  10	  19	  27	  30	  80	  70	 544	1016729	1017066	   0	 350	
 449	 450	  70	   4	 393	   3	   2	  10	  19	  28	  30	  80	  70	 515	1018897	1019290	   0	 350	
 450	 451	  30	   3	 423	   1	   2	  11	  19	  28	  30	  80	  70	 352	1020947	1021370	   0	 350	
 451	 452	  80	   3	 764	   2	   2	  11	  20	  28	  30	  80	  70	 526	1023214	1023978	   0	 350	
 452	 453	  70	   3	 475	   3	   2	  11	  20	  29	  30	  80	  70	 340	1025615	1026090	   0	 350	
 453	 454	  80	   1	 484	   2	   1	  11	  21	  29	  30	  80	  70	 376	1027766	1028250	   0	 360	
 454	 455	  30	   4	 511	   1	   2	  12	  21	  29	  30	  80	  70	 323	1029883	1030394	   0	 360	
 455	 456	  80	   1	 409	   2	   1	  12	  22	  29	  30	  80	  70	 325	1032017	1032426	   0	 370	
 456	 457	  70	   3	 315	   3	   2	  12	  22	  30	  30	  80	  70	 606	1034334	1034649	   0	 370	
 457	 458	  30	   4	 507	   1	   2	  13	  22	  30	  30	  80	  70	 361	1036318	1036825	   0	 370	
 458	 459	  70	   1	 359	   3	   1	  13	  22	  31	  30	  80	  70	 650	1038786	1039145	   0	 380	
 459	 460	  30	   3	 561	   1	   2	  14	  22	  31	  30	  80	  70	 496	1040936	1041497	   0	 380	
 460	 461	  80	   1	 421	   2	   1	  14	  23	  31	  30	  80	  70	 429	1043220	1043641	   0	 390	
 461	 462	  70	   1	 439	   3	   1	  14	  23	  32	  30	  80	  70	 596	1045554	1045993	   0	 400	
 462	 463	  30	   4	 466	   1	   2	  15	  23	  32	  30	  80	  70	 349	1047655	1048121	   0	 400	
 463	 464	  80	   1	 583	   2	   1	  15	  24	  32	  30	  80	  70	 492	1049922	1050505	   0	 410	
 464	 465	  30	   2	 508	   1	   1	  16	  24	  32	  30	  80	  70	 361	1052173	1052681	   0	 400	
 465	 466	  70	   1	 564	   3	   1	  16	  24	  33	  30	  80	  70	 371	1054357	1054921	   0	 410	
 466	 467	  80	   2	 546	   2	   1	  16	  25	  33	  30	  80	  70	 559	1056791	1057337	   0	 400	
 467	 468	  70	   4	 254	   3	   2	  16	  25	  34	  30	  80	  70	 640	1059275	1059529	   0	 400	
 468	 469	  30	   3	 349	   1	   2	  17	  25	  34	  30	  80	  70	 449	1061292	1061641	   0	 400	
 469	 470	  80	   3	 453	   2	   2	  17	  26	  34	  30	  80	  70	 516	1063476	1063929	   0	 400	
 470	 471	  30	   4	 389	   1	   2	  18	  26	  34	  30	  80	  70	 602	1065844	1066233	   0	 400	
 471	 472	  70	   3	 407	   3	   2	  18	  26	  35	  30	  80	  70	 637	1068194	1068601	   0	 400	
 472	 473	  30	   4	 493	   1	   2	  19	  26	  35	  30	  80	  70	 502	1070412	1070905	   0	 400	
 473	 474	  80	   1	 390	   2	   1	  19	  27	  35	  30	  80	  70	 379	1072579	1072969	   0	 410	
 474	 475	  30	   4	 516	   1	   2	  20	  27	  35	  30	  80	  70	 347	1074613	1075129	   0	 410	
 475	 476	  50	   4	 410	   3	   2	  20	  27	   1	  30	  80	  50	 368	1076847	1077257	   3	 410	
 476	 477	  80	   3	 318	   2	   2	  20	  28	   1	  30	  80	  50	 580	1079131	1079449	   0	 410	
 477	 478	  50	   3	 557	   3	   2	  20	  28	   2	  30	  80	  50	 379	1081131	1081688	   0	 410	
 478	 479	  80	   2	 557	   2	   1	  20	  29	   2	  30	  80	  50	 506	1083499	1084056	   0	 400	
 479	 480	  30	   4	 315	   1	   2	  21	  29	   2	  30	  80	  50	 583	1085949	1086264	   0	 400	
 480	 481	  50	   4	 339	   3	   2	  21	  29	   3	  30	  80	  50	 552	1088133	1088472	   0	 400	
 481	 482	  80	   1	 539	   2	   1	  21	  30	   3	  30	  80	  50	 517	1090317	1090856	   0	 410	
 482	 483	  50	   4	 387	   3	   2	  21	  30	   4	  30	  80	  50	 335	1092501	1092888	   0	 410	
 483	 484	  20	   3	 692	   2	   2	  21	   1	   4	  30	  20	  50	 605	1094852	1095544	   2	 410	
 484	 485	  30	   3	 425	   1	   2	  22	   1	   4	  30	  20	  50	 658	1097503	1097928	   0	 410	
 485	 486	  20	   2	 677	   2	   1	  22	   2	   4	  30	  20	  50	 363	1099587	1100264	   0	 400	
 486	 487	  50	   3	 399	   3	   2	  22	   2	   5	  30	  20	  50	 578	1102137	1102536	   0	 400	
 487	 488	  20	   4	 624	   2	   2	  22	   3	   5	  30	  20	  50	 631	1104488	1105112	   0	 400	
 488	 489	  30	   3	1428	   1	   2	  23	   3	   5	  30	  20	  50	 354	1106772	1108200	   0	 400	
 489	 490	  50	   3	 526	   3	   2	  23	   3	   6	  30	  20	  50	 602	1110106	1110632	   0	 400	
 490	 491	  30	   4	 409	   1	   2	  24	   3	   6	  30	  20	  50	 677	1112607	1113016	   0	 400	
 491	 492	  50	   3	 703	   3	   2	  24	   3	   7	  30	  20	  50	 497	1114841	1115544	   0	 400	
 492	 493	  20	   3	 449	   2	   2	  24	   4	   7	  30	  20	  50	 317	1117175	1117624	   0	 400	
 493	 494	  50	   3	 309	   3	   2	  24	   4	   8	  30	  20	  50	 512	1119443	1119752	   0	 400	
 494	 495	  30	   2	 331	   1	   1	  25	   4	   8	  30	  20	  50	 619	1121677	1122008	   0	 390	
 495	 496	  20	   2	 431	   2	   1	  25	   5	   8	  30	  20	  50	 656	1123977	1124408	   0	 380	
 496	 497	  50	   4	 333	   3	   2	  25	   5	   9	  30	  20	  50	 672	1126395	1126728	   0	 380	
 497	 498	  30	   4	 327	   1	   2	  26	   5	   9	  30	  20	  50	 477	1128512	1128839	   0	 380	
 498	 499	  50	   4	 310	   3	   2	  26	   5	  10	  30	  20	  50	 387	1130529	1130839	   0	 380	
 499	 500	  30	   4	 308	   1	   2	  27	   5	  10	  30	  20	  50	 422	1132563	1132871	   0	 380	
 500	 501	  50	   3	 263	   3	   2	  27	   5	  11	  30	  20	  50	 682	1134864	1135127	   0	 380	
 501	 502	  20	   4	 327	   2	   2	  27	   6	  11	  30	  20	  50	 381	1136848	1137175	   0	 380	
 502	 503	  30	   3	 213	   1	   2	  28	   6	  11	  30	  20	  50	 403	1138882	1139095	   0	 380	
 503	 504	  50	   4	 347	   3	   2	  28	   6	  12	  30	  20	  50	 699	1141116	1141463	   0	 380	
 504	 505	  30	   4	 479	   1	   2	  29	   6	  12	  30	  20	  50	 616	1143400	1143879	   0	 380	
 505	 506	  20	   4	 876	   2	   2	  29	   7	  12	  30	  20	  50	 308	1145483	1146359	   0	 380	
 506	 507	  50	   3	 489	   3	   2	  29	   7	  13	  30	  20	  50	 664	1148318	1148807	   0	 380	
 507	 508	  20	   4	 294	   2	   2	  29	   8	  13	  30	  20	  50	 678	1150785	1151079	   0	 380	
 508	 509	  50	   3	 585	   3	   2	  29	   8	  14	  30	  20	  50	 313	1152686	1153271	   0	 380	
 509	 510	  30	   4	 464	   1	   2	  30	   8	  14	  30	  20	  50	 328	1154903	1155367	   0	 380	
 510	 511	  50	   4	 279	   3	   2	  30	   8	  15	  30	  20	  50	 432	1157120	1157399	   0	 380	
 511	 512	  30	   4	 216	   1	   2	  31	   8	  15	  30	  20	  50	 377	1159087	1159303	   0	 380	
 512	 513	  20	   4	 299	   2	   2	  31	   9	  15	  30	  20	  50	 379	1160988	1161287	   0	 380	
 513	 514	  30	   4	 264	   1	   2	  32	   9	  15	  30	  20	  50	 439	1163039	1163303	   0	 380	
 514	 515	  50	   4	 287	   3	   2	  32	   9	  16	  30	  20	  50	 631	1165256	1165543	   0	 380	
 515	 516	  30	   4	 289	   1	   2	  33	   9	  16	  30	  20	  50	 357	1167206	1167495	   0	 380	
 516	 517	  20	   4	 254	   2	   2	  33	  10	  16	  30	  20	  50	 459	1169257	1169511	   0	 380	
 517	 518	  50	   3	 305	   3	   2	  33	  10	  17	  30	  20	  50	 347	1171158	1171463	   0	 380	
 518	 519	  20	   4	 363	   2	   2	  33	  11	  17	  30	  20	  50	 523	1173292	1173655	   0	 380	
 519	 520	  80	   4	 324	   1	   2	   1	  11	  17	  80	  20	  50	 474	1175459	1175783	   1	 380	
 520	 521	  20	   4	 299	   2	   2	   1	  12	  17	  80	  20	  50	 562	1177643	1177942	   0	 380	
 521	 522	  50	   4	 440	   3	   2	   1	  12	  18	  80	  20	  50	 434	1179710	1180150	   0	 380	
 522	 523	  80	   3	 314	   1	   2	   2	  12	  18	  80	  20	  50	 584	1182044	1182358	   0	 380	
 523	 524	  50	   3	 292	   3	   2	   2	  12	  19	  80	  20	  50	 508	1184178	1184470	   0	 380	
 524	 525	  80	   3	 271	   1	   2	   3	  12	  19	  80	  20	  50	 525	1186295	1186566	   0	 380	
 525	 526	  50	   4	 395	   3	   2	   3	  12	  20	  80	  20	  50	 497	1188363	1188758	   0	 380	
 526	 527	  80	   2	 372	   1	   1	   4	  12	  20	  80	  20	  50	 477	1190530	1190902	   0	 370	
 527	 528	  50	   2	 569	   3	   1	   4	  12	  21	  80	  20	  50	 572	1192781	1193350	   0	 360	
 528	 529	  80	   1	 506	   1	   1	   5	  12	  21	  80	  20	  50	 494	1195148	1195654	   0	 370	
 529	 530	  50	   4	 479	   3	   2	   5	  12	  22	  80	  20	  50	 460	1197415	1197894	   0	 370	
 530	 531	  80	   1	 369	   1	   1	   6	  12	  22	  80	  20	  50	 561	1199749	1200118	   0	 380	
 531	 532	  50	   3	 527	   3	   2	   6	  12	  23	  80	  20	  50	 341	1201783	1202310	   0	 380	
 532	 533	  80	   1	 375	   1	   1	   7	  12	  23	  80	  20	  50	 338	1203951	1204326	   0	 390	
 533	 534	  20	   4	 272	   2	   2	   7	  13	  23	  80	  20	  50	 504	1206134	1206406	   0	 390	
 534	 535	  50	   3	 608	   3	   2	   7	  13	  24	  80	  20	  50	 402	1208118	1208726	   0	 390	
 535	 536	  20	   1	 366	   2	   1	   7	  14	  24	  80	  20	  50	 503	1210536	1210902	   0	 400	
 536	 537	  80	   3	 358	   1	   2	   8	  14	  24	  80	  20	  50	 518	1212736	1213094	   0	 400	
 537	 538	  50	   3	 420	   3	   2	   8	  14	  25	  80	  20	  50	 348	1214754	1215174	   0	 400	
 538	 539	  20	   4	 330	   2	   2	   8	  15	  25	  80	  20	  50	 500	1216988	1217318	   0	 400	
 539	 540	  50	   3	 520	   3	   2	   8	  15	  26	  80	  20	  50	 405	1219038	1219558	   0	 400	
 540	 541	  20	   3	 428	   2	   2	   8	  16	  26	  80	  20	  50	 450	1221322	1221750	   0	 400	
 541	 542	  50	   4	 520	   3	   2	   8	  16	  27	  80	  20	  50	 338	1223406	1223926	   0	 400	
 542	 543	  20	   4	 473	   2	   2	   8	  17	  27	  80	  20	  50	 513	1225740	1226213	   0	 400	
 543	 544	  80	   3	 305	   1	   2	   9	  17	  27	  80	  20	  50	 384	1227908	1228213	   0	 400	
 544	 545	  20	   4	 395	   2	   2	   9	  18	  27	  80	  20	  50	 545	1230058	1230453	   0	 400	
 545	 546	  50	   4	 590	   3	   2	   9	  18	  28	  80	  20	  50	 615	1232375	1232965	   0	 400	
 546	 547	  20	   4	 619	   2	   2	   9	  19	  28	  80	  20	  50	 555	1234826	1235445	   0	 400	
 547	 548	  80	   3	 315	   1	   2	  10	  19	  28	  80	  20	  50	 452	1237210	1237525	   0	 400	
 548	 549	  50	   3	 387	   3	   2	  10	  19	  29	  80	  20	  50	 536	1239378	1239765	   0	 400	
 549	 550	  20	   4	 520	   2	   2	  10	  20	  29	  80	  20	  50	 577	1241645	1242165	   0	 400	
 550	 551	  80	   1	 455	   1	   1	  11	  20	  29	  80	  20	  50	 571	1244046	1244501	   0	 410	
 551	 552	  20	   4	 459	   2	   2	  11	  21	  29	  80	  20	  50	 529	1246346	1246805	   0	 410	
 552	 553	  80	   1	 630	   1	   1	  12	  21	  29	  80	  20	  50	 333	1248447	1249077	   0	 420	
 553	 554	  50	   4	 677	   3	   2	  12	  21	  30	  80	  20	  50	 492	1250864	1251541	   0	 420	
 554	 555	  20	   3	 404	   2	   2	  12	  22	  30	  80	  20	  50	 429	1253265	1253669	   0	 420	
 555	 556	  50	   1	 427	   3	   1	  12	  22	  31	  80	  20	  50	 504	1255482	1255909	   0	 430	
 556	 557	  80	   1	 464	   1	   1	  13	  22	  31	  80	  20	  50	 530	1257733	1258197	   0	 440	
 557	 558	  50	   4	 383	   3	   2	  13	  22	  32	  80	  20	  50	 620	1260134	1260517	   0	 440	
 558	 559	  80	   4	 457	   1	   2	  14	  22	  32	  80	  20	  50	 441	1262268	1262725	   0	 440	
 559	 560	  50	   4	 357	   3	   2	  14	  22	  33	  80	  20	  50	 333	1264368	1264725	   0	 440	
 560	 561	  80	   1	 524	   1	   1	  15	  22	  33	  80	  20	  50	 552	1266585	1267109	   0	 450	
 561	 562	  20	   4	 426	   2	   2	  15	  23	  33	  80	  20	  50	 572	1269003	1269429	   0	 450	
 562	 563	  30	   2	 777	   3	   1	  15	  23	   1	  80	  20	  30	 642	1271420	1272197	   3	 440	
 563	 564	  20	   4	 622	   2	   2	  15	  24	   1	  80	  20	  30	 557	1274054	1274676	   0	 440	
 564	 565	  80	   2	 696	   1	   1	  16	  24	   1	  80	  20	  30	 611	1276588	1277284	   0	 430	
 565	 566	  20	   2	 315	   2	   1	  16	  25	   1	  80	  20	  30	 700	1279289	1279604	   0	 420	
 566	 567	  80	   1	 494	   1	   1	  17	  25	   1	  80	  20	  30	 670	1281590	1282084	   0	 430	
 567	 568	  30	   4	 499	   3	   2	  17	  25	   2	  80	  20	  30	 455	1283841	1284340	   0	 430	
 568	 569	  20	   4	 436	   2	   2	  17	  26	   2	  80	  20	  30	 550	1286208	1286644	   0	 430	
 569	 570	  80	   1	 574	   1	   1	  18	  26	   2	  80	  20	  30	 413	1288358	1288932	   0	 440	
 570	 571	  20	   4	 480	   2	   2	  18	  27	   2	  80	  20	  30	 458	1290692	1291172	   0	 440	
 571	 572	  80	   1	 543	   1	   1	  19	  27	   2	  80	  20	  30	 511	1293093	1293636	   0	 450	
 572	 573	  30	   4	 516	   3	   2	  19	  27	   3	  80	  20	  30	 398	1295344	1295860	   0	 450	
 573	 574	  20	   3	 431	   2	   2	  19	  28	   3	  80	  20	  30	 667	1297845	1298276	   0	 450	
 574	 575	  30	   4	 372	   3	   2	  19	  28	   4	  80	  20	  30	 523	1300112	1300484	   0	 450	
 575	 576	  20	   4	 485	   2	   2	  19	  29	   4	  80	  20	  30	 666	1302463	1302948	   0	 450	
 576	 577	  80	   1	 442	   1	   1	  20	  29	   4	  80	  20	  30	 477	1304730	1305172	   0	 460	
 577	 578	  20	   4	 423	   2	   2	  20	  30	   4	  80	  20	  30	 309	1306781	1307204	   0	 460	
 578	 579	  30	   3	 448	   3	   2	  20	  30	   5	  80	  20	  30	 443	1308948	1309396	   0	 460	
 579	 580	  20	   4	 292	   2	   2	  20	  31	   5	  80	  20	  30	 536	1311248	1311540	   0	 460	
 580	 581	  80	   1	 556	   1	   1	  21	  31	   5	  80	  20	  30	 594	1313432	1313988	   0	 470	
 581	 582	  20	   4	 364	   2	   2	  21	  32	   5	  80	  20	  30	 497	1315800	1316164	   0	 470	
 582	 583	  30	   4	 416	   3	   2	  21	  32	   6	  80	  20	  30	 616	1318100	1318516	   0	 470	
 583	 584	  20	   4	 633	   2	   2	  21	  33	   6	  80	  20	  30	 420	1320251	1320884	   0	 470	
 584	 585	  30	   3	 333	   3	   2	  21	  33	   7	  80	  20	  30	 309	1322502	1322835	   0	 470	
 585	 586	  80	   2	 390	   1	   1	  22	  33	   7	  80	  20	  30	 516	1324669	1325059	   0	 460	
 586	 587	  30	   2	 420	   3	   1	  22	  33	   8	  80	  20	  30	 338	1326703	1327123	   0	 450	
 587	 588	  80	   3	 354	   1	   2	  23	  33	   8	  80	  20	  30	 305	1328737	1329091	   0	 450	
 588	 589	  20	   4	 433	   2	   2	  23	  34	   8	  80	  20	  30	 335	1330738	1331171	   0	 450	
 589	 590	  30	   4	 486	   3	   2	  23	  34	   9	  80	  20	  30	 526	1333005	1333491	   0	 450	
 590	 591	  80	   1	 469	   1	   1	  24	  34	   9	  80	  20	  30	 622	1335422	1335891	   0	 460	
 591	 592	  20	   2	 509	   2	   1	  24	  35	   9	  80	  20	  30	 391	1337606	1338115	   0	 450	
 592	 593	  80	   3	 397	   1	   2	  25	  35	   9	  80	  20	  30	 577	1339990	1340387	   0	 450	
 593	 594	  70	   3	 619	   2	   2	  25	   1	   9	  80	  70	  30	 689	1342408	1343027	   2	 450	
 594	 595	  80	   3	 352	   1	   2	  26	   1	   9	  80	  70	  30	 335	1344675	1345027	   0	 450	
 595	 596	  30	   3	 500	   3	   2	  26	   1	  10	  80	  70	  30	 624	1346959	1347459	   0	 450	
 596	 597	  80	   1	 335	   1	   1	  27	   1	  10	  80	  70	  30	 304	1349076	1349411	   0	 460	
 597	 598	  70	   1	 650	   2	   1	  27	   2	  10	  80	  70	  30	 458	1351177	1351827	   0	 470	
 598	 599	  80	   2	 526	   1	   1	  28	   2	  10	  80	  70	  30	 346	1353477	1354003	   0	 460	
 599	 600	  30	   4	 573	   3	   2	  28	   2	  11	  80	  70	  30	 557	1355862	1356435	   0	 460	
 600	 601	  80	   1	 327	   1	   1	  29	   2	  11	  80	  70	  30	 662	1358396	1358723	   0	 470	
 601	 602	  70	   1	 517	   2	   1	  29	   3	  11	  80	  70	  30	 401	1360446	1360963	   0	 480	
 602	 603	  30	   4	 361	   3	   2	  29	   3	  12	  80	  70	  30	 439	1362714	1363075	   0	 480	
 603	 604	  70	   3	 404	   2	   2	  29	   4	  12	  80	  70	  30	 467	1364847	1365251	   0	 480	
 604	 605	  30	   4	 647	   3	   2	  29	   4	  13	  80	  70	  30	 588	1367148	1367795	   0	 480	
 605	 606	  70	   2	 671	   2	   1	  29	   5	  13	  80	  70	  30	 632	1369732	1370403	   0	 470	
 606	 607	  30	   4	 406	   3	   2	  29	   5	  14	  80	  70	  30	 610	1372316	1372722	   0	 470	
 607	 608	  70	   3	 454	   2	   2	  29	   6	  14	  80	  70	  30	 665	1374700	1375154	   0	 470	
 608	 609	  30	   3	 588	   3	   2	  29	   6	  15	  80	  70	  30	 453	1376918	1377506	   0	 470	
 609	 610	  80	   1	 344	   1	   1	  30	   6	  15	  80	  70	  30	 613	1379418	1379762	   0	 480	
 610	 611	  70	   2	 420	   2	   1	  30	   7	  15	  80	  70	  30	 420	1381486	1381906	   0	 470	
 611	 612	  30	   4	 521	   3	   2	  30	   7	  16	  80	  70	  30	 526	1383753	1384274	   0	 470	
 612	 613	  70	   3	 292	   2	   2	  30	   8	  16	  80	  70	  30	 668	1386254	1386546	   0	 470	
 613	 614	  50	   4	 555	   1	   2	   1	   8	  16	  50	  70	  30	 539	1388471	1389026	   1	 470	
 614	 615	  70	   3	 506	   2	   2	   1	   9	  16	  50	  70	  30	 558	1390888	1391394	   0	 470	
 615	 616	  30	   4	 552	   3	   2	   1	   9	  17	  50	  70	  30	 605	1393306	1393858	   0	 470	
 616	 617	  50	   4	 539	   1	   2	   2	   9	  17	  50	  70	  30	 453	1395623	1396162	   0	 470	
 617	 618	  30	   4	 509	   3	   2	   2	   9	  18	  50	  70	  30	 484	1397957	1398466	   0	 470	
 618	 619	  70	   2	 377	   2	   1	   2	  10	  18	  50	  70	  30	 670	1400441	1400818	   0	 460	
 619	 620	  30	   3	 379	   3	   2	   2	  10	  19	  50	  70	  30	 634	1402759	1403138	   0	 460	
 620	 621	  70	   1	 533	   2	   1	   2	  11	  19	  50	  70	  30	 474	1404909	1405442	   0	 470	
 621	 622	  50	   4	 634	   1	   2	   3	  11	  19	  50	  70	  30	 392	1407160	1407794	   0	 470	
 622	 623	  70	   1	 505	   2	   1	   3	  12	  19	  50	  70	  30	 453	1409561	1410066	   0	 480	
 623	 624	  50	   3	 541	   1	   2	   4	  12	  19	  50	  70	  30	 471	1411845	1412386	   0	 480	
 624	 625	  30	   3	 731	   3	   2	   4	  12	  20	  50	  70	  30	 581	1414279	1415010	   0	 480	
 625	 626	  70	   1	 372	   2	   1	   4	  13	  20	  50	  70	  30	 520	1416846	1417218	   0	 490	
 626	 627	  50	   3	 564	   1	   2	   5	  13	  20	  50	  70	  30	 684	1419213	1419777	   0	 490	
 627	 628	  30	   3	 662	   3	   2	   5	  13	  21	  50	  70	  30	 461	1421547	1422209	   0	 490	
 628	 629	  50	   4	 514	   1	   2	   6	  13	  21	  50	  70	  30	 509	1424015	1424529	   0	 490	
 629	 630	  70	   1	 672	   2	   1	   6	  14	  21	  50	  70	  30	 628	1426465	1427137	   0	 500	
 630	 631	  30	   4	 549	   3	   2	   6	  14	  22	  50	  70	  30	 650	1429100	1429649	   0	 500	
 631	 632	  50	   3	 439	   1	   2	   7	  14	  22	  50	  70	  30	 470	1431450	1431889	   0	 500	
 632	 633	  70	   4	 322	   2	   2	   7	  15	  22	  50	  70	  30	 351	1433551	1433873	   0	 500	
 633	 634	  30	   4	 311	   3	   2	   7	  15	  23	  50	  70	  30	 636	1435818	1436129	   0	 500	
 634	 635	  50	   3	 604	   1	   2	   8	  15	  23	  50	  70	  30	 646	1438069	1438673	   0	 500	
 635	 636	  30	   4	 580	   3	   2	   8	  15	  24	  50	  70	  30	 675	1440653	1441233	   0	 500	
 636	 637	  50	   1	 549	   1	   1	   9	  15	  24	  50	  70	  30	 467	1443020	1443569	   0	 510	
 637	 638	  30	   4	 381	   3	   2	   9	  15	  25	  50	  70	  30	 310	1445188	1445569	   0	 510	
 638	 639	  70	   3	 413	   2	   2	   9	  16	  25	  50	  70	  30	 301	1447188	1447601	   0	 510	
 639	 640	  50	   4	 516	   1	   2	  10	  16	  25	  50	  70	  30	 514	1449405	1449921	   0	 510	
 640	 641	  70	   1	 499	   2	   1	  10	  17	  25	  50	  70	  30	 563	1451790	1452289	   0	 520	
 641	 642	  30	   4	 521	   3	   2	  10	  17	  26	  50	  70	  30	 419	1454040	1454561	   0	 520	
 642	 643	  50	   3	 608	   1	   2	  11	  17	  26	  50	  70	  30	 391	1456257	1456865	   0	 520	
 643	 644	  70	   1	 589	   2	   1	  11	  18	  26	  50	  70	  30	 521	1458692	1459281	   0	 530	
 644	 645	  30	   3	 626	   3	   2	  11	  18	  27	  50	  70	  30	 375	1460959	1461585	   0	 530	
 645	 646	  70	   4	 578	   2	   2	  11	  19	  27	  50	  70	  30	 450	1463343	1463921	   0	 530	
 646	 647	  50	   4	 565	   1	   2	  12	  19	  27	  50	  70	  30	 417	1465644	1466209	   0	 530	
 647	 648	  30	   4	 567	   3	   2	  12	  19	  28	  50	  70	  30	 465	1467994	1468561	   0	 530	
 648	 649	  50	   4	 522	   1	   2	  13	  19	  28	  50	  70	  30	 404	1470278	1470800	   0	 530	
 649	 650	  30	   4	 506	   3	   2	  13	  19	  29	  50	  70	  30	 536	1472646	1473152	   0	 530	
 650	 651	  70	   2	 599	   2	   1	  13	  20	  29	  50	  70	  30	 655	1475113	1475712	   0	 520	
 651	 652	  30	   3	 454	   3	   2	  13	  20	  30	  50	  70	  30	 490	1477530	1477984	   0	 520	
 652	 653	  50	   3	 524	   1	   2	  14	  20	  30	  50	  70	  30	 464	1479748	1480272	   0	 520	
 653	 654	  70	   2	 502	   2	   1	  14	  21	  30	  50	  70	  30	 698	1482282	1482784	   0	 510	
 654	 655	  50	   3	 742	   1	   2	  15	  21	  30	  50	  70	  30	 576	1484666	1485408	   0	 510	
 655	 656	  70	   1	 523	   2	   1	  15	  22	  30	  50	  70	  30	 602	1487317	1487840	   0	 520	
 656	 657	  30	   4	 527	   3	   2	  15	  22	   1	  50	  70	  30	 465	1489617	1490144	   0	 520	
 657	 658	  50	   2	 631	   1	   1	  16	  22	   1	  50	  70	  30	 332	1491785	1492416	   0	 510	
 658	 659	  30	   4	 535	   3	   2	  16	  22	   2	  50	  70	  30	 443	1494169	1494704	   0	 510	
 659	 660	  70	   3	 257	   2	   2	  16	  23	   2	  50	  70	  30	 689	1496703	1496960	   0	 510	
 660	 661	  30	   4	 365	   3	   2	  16	  23	   3	  50	  70	  30	 540	1498803	1499168	   0	 510	
 661	 662	  70	   3	 318	   2	   2	  16	  24	   3	  50	  70	  30	 652	1501154	1501472	   0	 510	
 662	 663	  30	   4	 593	   3	   2	  16	  24	   4	  50	  70	  30	 690	1503471	1504064	   0	 510	
 663	 664	  70	   1	 512	   2	   1	  16	  25	   4	  50	  70	  30	 501	1505872	1506384	   0	 520	
 664	 665	  50	   3	 502	   1	   2	  17	  25	   4	  50	  70	  30	 417	1508106	1508608	   0	 520	
 665	 666	  30	   3	 452	   3	   2	  17	  25	   5	  50	  70	  30	 628	1510540	1510992	   0	 520	
 666	 667	  70	   1	 419	   2	   1	  17	  26	   5	  50	  70	  30	 657	1512957	1513376	   0	 530	
 667	 668	  30	   4	 654	   3	   2	  17	  26	   6	  50	  70	  30	 376	1515058	1515712	   0	 530	
 668	 669	  50	   4	 465	   1	   2	  18	  26	   6	  50	  70	  30	 361	1517375	1517840	   0	 530	
 669	 670	  70	   4	 411	   2	   2	  18	  27	   6	  50	  70	  30	 330	1519476	1519887	   0	 530	
 670	 671	  50	   3	 439	   1	   2	  19	  27	   6	  50	  70	  30	 377	1521560	1521999	   0	 530	
 671	 672	  30	   3	 477	   3	   2	  19	  27	   7	  50	  70	  30	 466	1523794	1524271	   0	 530	
 672	 673	  70	   1	 543	   2	   1	  19	  28	   7	  50	  70	  30	 564	1526128	1526671	   0	 540	
 673	 674	  30	   4	 509	   3	   2	  19	  28	   8	  50	  70	  30	 591	1528562	1529071	   0	 540	
 674	 675	  50	   4	 448	   1	   2	  20	  28	   8	  50	  70	  30	 484	1530863	1531311	   0	 540	
 675	 676	  70	   3	 605	   2	   2	  20	  29	   8	  50	  70	  30	 309	1532930	1533535	   0	 540	
 676	 677	  30	   4	 531	   3	   2	  20	  29	   9	  50	  70	  30	 319	1535164	1535695	   0	 540	
 677	 678	  50	   3	 447	   1	   2	  21	  29	   9	  50	  70	  30	 640	1537648	1538095	   0	 540	
 678	 679	  70	   2	 524	   2	   1	  21	  30	   9	  50	  70	  30	 688	1540099	1540623	   0	 530	
 679	 680	  50	   3	 535	   1	   2	  22	  30	   9	  50	  70	  30	 683	1542616	1543151	   0	 530	
 680	 681	  30	   3	1774	   3	   2	  22	  30	  10	  50	  70	  30	 377	1544833	1546607	   0	 530	
 681	 682	  50	   3	 666	   1	   2	  23	  30	  10	  50	  70	  30	 576	1548501	1549167	   0	 530	
 682	 683	  30	   4	 611	   3	   2	  23	  30	  11	  50	  70	  30	 592	1551068	1551679	   0	 530	
 683	 684	  50	   4	 520	   1	   2	  24	  30	  11	  50	  70	  30	 344	1553319	1553839	   0	 530	
 684	 685	  70	   1	 496	   2	   1	  24	  31	  11	  50	  70	  30	 350	1555503	1555999	   0	 540	
 685	 686	  50	   4	 478	   1	   2	  25	  31	  11	  50	  70	  30	 640	1557937	1558415	   0	 540	
 686	 687	  70	   1	 730	   2	   1	  25	  32	  11	  50	  70	  30	 303	1560021	1560751	   0	 550	
 687	 688	  50	   4	 527	   1	   2	  26	  32	  11	  50	  70	  30	 617	1562672	1563199	   0	 550	
 688	 689	  30	   4	 505	   3	   2	  26	  32	  12	  50	  70	  30	 676	1565173	1565678	   0	 550	
 689	 690	  50	   4	 469	   1	   2	  27	  32	  12	  50	  70	  30	 671	1567657	1568126	   0	 550	
 690	 691	  30	   4	 391	   3	   2	  27	  32	  13	  50	  70	  30	 568	1570007	1570398	   0	 550	
 691	 692	  70	   1	 625	   2	   1	  27	  33	  13	  50	  70	  30	 414	1572125	1572750	   0	 560	
 692	 693	  30	   4	 495	   3	   2	  27	  33	  14	  50	  70	  30	 530	1574575	1575070	   0	 560	
 693	 694	  50	   1	1826	   1	   1	  28	  33	  14	  50	  70	  30	 507	1576876	1578702	   0	 570	
 694	 695	  70	   2	 568	   2	   1	  28	  34	  14	  50	  70	  30	 689	1580694	1581262	   0	 560	
 695	 696	  30	   3	 366	   3	   2	  28	  34	  15	  50	  70	  30	 379	1582944	1583310	   0	 560	
 696	 697	  50	   4	 457	   1	   2	  29	  34	  15	  50	  70	  30	 415	1585045	1585502	   0	 560	
 697	 698	  30	   4	 317	   3	   2	  29	  34	  16	  50	  70	  30	 520	1587329	1587646	   0	 560	
 698	 699	  50	   3	 619	   1	   2	  30	  34	  16	  50	  70	  30	 410	1589363	1589982	   0	 560	
 699	 700	  30	   4	 701	   3	   2	  30	  34	  17	  50	  70	  30	 399	1591697	1592398	   0	 560	
 700	 701	  70	   1	 700	   2	   1	  30	  35	  17	  50	  70	  30	 396	1594098	1594798	   0	 570	
 701	 702	  30	   4	1618	   3	   2	  30	  35	  18	  50	  70	  30	 605	1596748	1598366	   0	 570	
 702	 703	  50	   4	 394	   1	   2	  31	  35	  18	  50	  70	  30	 442	1600116	1600510	   0	 570	
 703	 704	  30	   3	 500	   3	   2	  31	  35	  19	  50	  70	  30	 437	1602250	1602750	   0	 570	
 704	 705	  50	   4	 626	   1	   2	  32	  35	  19	  50	  70	  30	 615	1604684	1605310	   0	 570	
 705	 706	  70	   3	 300	   2	   2	  32	   1	  19	  50	  70	  30	 581	1607202	1607502	   0	 570	
 706	 707	  50	   3	 478	   1	   2	  33	   1	  19	  50	  70	  30	 331	1609152	1609630	   0	 570	
 707	 708	  30	   3	 371	   3	   2	  33	   1	  20	  50	  70	  30	 473	1611403	1611774	   0	 570	
 708	 709	  50	   4	 349	   1	   2	   1	   1	  20	  50	  70	  30	 478	1613553	1613902	   0	 570	
