Version: 1	Number of symbols: 3	Pictures exchange: true	Response Deadline: 2000
Trial_No	Virt_Trial_No	Prob_Shown	Feedback	RT	Stimulus_No	Resp	SymbolA_Stage	SymbolB_Stage	SymbolC_Stage	Prob_A	Prob_B	Prob_C	Jitter	StimOnset	RespOnset	Symbol_Changes	Bonus_sum
   1	   1	  30	   2	 768	   1	   1	   1	   0	   0	  30	  70	  50	 484	1583	2351	   0	 -10	
   2	   2	  50	   2	 684	   3	   1	   1	   0	   1	  30	  70	  50	 410	4067	4751	   0	 -20	
   3	   3	  30	   2	 495	   1	   1	   2	   0	   1	  30	  70	  50	 325	6384	6879	   0	 -30	
   4	   4	  50	   1	 415	   3	   1	   2	   0	   2	  30	  70	  50	 592	8768	9183	   0	 -20	
   5	   5	  70	   1	 799	   2	   1	   2	   1	   2	  30	  70	  50	 632	11136	11935	   0	 -10	
   6	   6	  30	   4	 613	   1	   2	   3	   1	   2	  30	  70	  50	 530	13770	14383	   0	 -10	
   7	   7	  50	   2	 782	   3	   1	   3	   1	   3	  30	  70	  50	 659	16337	17119	   0	 -20	
   8	   8	  70	   1	 701	   2	   1	   3	   2	   3	  30	  70	  50	 700	19138	19839	   0	 -10	
   9	   9	  50	   2	 806	   3	   1	   3	   2	   4	  30	  70	  50	 560	21705	22511	   0	 -20	
  10	  10	  30	   3	 578	   1	   2	   4	   2	   4	  30	  70	  50	 370	24189	24767	   0	 -20	
  11	  11	  50	   1	 664	   3	   1	   4	   2	   5	  30	  70	  50	 333	26423	27087	   0	 -10	
  12	  12	  70	   1	 721	   2	   1	   4	   3	   5	  30	  70	  50	 595	28974	29695	   0	   0	
  13	  13	  50	   2	 699	   3	   1	   4	   3	   6	  30	  70	  50	 507	31508	32207	   0	 -10	
  14	  14	  70	   2	 573	   2	   1	   4	   4	   6	  30	  70	  50	 698	34226	34799	   0	 -20	
  15	  15	  50	   1	 625	   3	   1	   4	   4	   7	  30	  70	  50	 420	36526	37151	   0	 -10	
  16	  16	  30	   3	 537	   1	   2	   5	   4	   7	  30	  70	  50	 632	39094	39631	   0	 -10	
  17	  17	  70	   2	 548	   2	   1	   5	   5	   7	  30	  70	  50	 650	41594	42142	   0	 -20	
  18	  18	  50	   1	 460	   3	   1	   5	   5	   8	  30	  70	  50	 320	43778	44238	   0	 -10	
  19	  19	  70	   1	 706	   2	   1	   5	   6	   8	  30	  70	  50	 470	46012	46718	   0	   0	
  20	  20	  30	   4	 606	   1	   2	   6	   6	   8	  30	  70	  50	 458	48480	49086	   0	   0	
  21	  21	  50	   2	 714	   3	   1	   6	   6	   9	  30	  70	  50	 562	50964	51678	   0	 -10	
  22	  22	  30	   4	 582	   1	   2	   7	   6	   9	  30	  70	  50	 464	53448	54030	   0	 -10	
  23	  23	  50	   1	 592	   3	   1	   7	   6	  10	  30	  70	  50	 641	55982	56574	   0	   0	
  24	  24	  30	   4	 675	   1	   2	   8	   6	  10	  30	  70	  50	 409	58283	58958	   0	   0	
  25	  25	  70	   1	 522	   2	   1	   8	   7	  10	  30	  70	  50	 641	60900	61422	   0	  10	
  26	  26	  50	   1	 556	   3	   1	   8	   7	  11	  30	  70	  50	 511	63234	63790	   0	  20	
  27	  27	  30	   2	 855	   1	   1	   9	   7	  11	  30	  70	  50	 635	65735	66590	   0	  10	
  28	  28	  50	   2	 471	   3	   1	   9	   7	  12	  30	  70	  50	 626	68519	68990	   0	   0	
  29	  29	  70	   1	 399	   2	   1	   9	   8	  12	  30	  70	  50	 410	70703	71102	   0	  10	
  30	  30	  50	   1	 948	   3	   1	   9	   8	  13	  30	  70	  50	 561	72970	73918	   0	  20	
  31	  31	  70	   1	 668	   2	   1	   9	   9	  13	  30	  70	  50	 302	75554	76222	   0	  30	
  32	  32	  50	   1	 989	   3	   1	   9	   9	  14	  30	  70	  50	 356	77888	78877	   0	  40	
  33	  33	  30	   3	 552	   1	   2	  10	   9	  14	  30	  70	  50	 608	80789	81341	   0	  40	
  34	  34	  70	   2	 625	   2	   1	  10	  10	  14	  30	  70	  50	 692	83340	83965	   0	  30	
  35	  35	  30	   4	 791	   1	   2	  11	  10	  14	  30	  70	  50	 312	85574	86365	   0	  30	
  36	  36	  70	   1	 829	   2	   1	  11	  11	  14	  30	  70	  50	 536	88208	89037	   0	  40	
  37	  37	  50	   2	 912	   3	   1	  11	  11	  15	  30	  70	  50	 569	90909	91821	   0	  30	
  38	  38	  30	   3	 626	   1	   2	  12	  11	  15	  30	  70	  50	 519	93643	94269	   0	  30	
  39	  39	  70	   2	 601	   2	   1	  12	  12	  15	  30	  70	  50	 685	96260	96861	   0	  20	
  40	  40	  30	   4	 611	   1	   2	  13	  12	  15	  30	  70	  50	 629	98794	99405	   0	  20	
  41	  41	  50	   1	 443	   3	   1	  13	  12	  16	  30	  70	  50	 655	101378	101821	   0	  30	
  42	  42	  70	   1	 667	   2	   1	  13	  13	  16	  30	  70	  50	 626	103746	104413	   0	  40	
  43	  43	  30	   4	 697	   1	   2	  14	  13	  16	  30	  70	  50	 474	106196	106893	   0	  40	
  44	  44	  70	   1	 597	   2	   1	  14	  14	  16	  30	  70	  50	 476	108664	109261	   0	  50	
  45	  45	  50	   2	 988	   3	   1	  14	  14	  17	  30	  70	  50	 308	110881	111869	   0	  40	
  46	  46	  30	   4	 581	   1	   2	  15	  14	  17	  30	  70	  50	 675	113848	114429	   0	  40	
  47	  47	  70	   1	 601	   2	   1	  15	  15	  17	  30	  70	  50	 365	116099	116700	   0	  50	
  48	  48	  30	   3	 569	   1	   2	  16	  15	  17	  30	  70	  50	 471	118483	119052	   0	  50	
  49	  49	  70	   2	 617	   2	   1	  16	  16	  17	  30	  70	  50	 499	120867	121484	   0	  40	
  50	  50	  30	   4	 581	   1	   2	  17	  16	  17	  30	  70	  50	 553	123351	123932	   0	  40	
  51	  51	  70	   1	 649	   2	   1	  17	  17	  17	  30	  70	  50	 372	125635	126284	   0	  50	
  52	  52	  30	   4	 578	   1	   2	  18	  17	  17	  30	  70	  50	 595	128186	128764	   0	  50	
  53	  53	  70	   1	 580	   2	   1	  18	  18	  17	  30	  70	  50	 460	130520	131100	   0	  60	
  54	  54	  30	   3	 609	   1	   2	  19	  18	  17	  30	  70	  50	 568	132987	133596	   0	  60	
  55	  55	  70	   2	 617	   2	   1	  19	  19	  17	  30	  70	  50	 674	135571	136188	   0	  50	
  56	  56	  50	   2	 739	   3	   1	  19	  19	  18	  30	  70	  50	 603	138105	138844	   0	  40	
  57	  57	  30	   4	 579	   1	   2	  20	  19	  18	  30	  70	  50	 320	140473	141052	   0	  40	
  58	  58	  70	   1	 619	   2	   1	  20	  20	  18	  30	  70	  50	 324	142673	143292	   0	  50	
  59	  59	  50	   1	 613	   3	   1	  20	  20	  19	  30	  70	  50	 605	145207	145820	   0	  60	
  60	  60	  30	   4	 494	   1	   2	  21	  20	  19	  30	  70	  50	 647	147758	148252	   0	  60	
  61	  61	  50	   2	 538	   3	   1	  21	  20	  20	  30	  70	  50	 653	150226	150764	   0	  50	
  62	  62	  70	   1	 563	   2	   1	  21	  21	  20	  30	  70	  50	 320	152393	152956	   0	  60	
  63	  63	  50	   2	 653	   3	   1	  21	  21	  21	  30	  70	  50	 662	154910	155563	   0	  50	
  64	  64	  70	   2	 665	   2	   1	  21	  22	  21	  30	  70	  50	 511	157378	158043	   0	  40	
  65	  65	  50	   1	 561	   3	   1	  21	  22	  22	  30	  70	  50	 601	159962	160523	   0	  50	
  66	  66	  30	   3	 524	   1	   2	  22	  22	  22	  30	  70	  50	 650	162479	163003	   0	  50	
  67	  67	  70	   1	 547	   2	   1	  22	  23	  22	  30	  70	  50	 383	164696	165243	   0	  60	
  68	  68	  30	   4	 557	   1	   2	  23	  23	  22	  30	  70	  50	 680	167214	167771	   0	  60	
  69	  69	  50	   2	 913	   3	   1	  23	  23	  23	  30	  70	  50	 425	169498	170411	   0	  50	
  70	  70	  70	   1	 642	   2	   1	  23	  24	  23	  30	  70	  50	 554	172265	172907	   0	  60	
  71	  71	  50	   2	 610	   3	   1	  23	  24	  24	  30	  70	  50	 414	174633	175243	   0	  50	
  72	  72	  70	   1	 581	   2	   1	  23	  25	  24	  30	  70	  50	 414	176950	177531	   0	  60	
  73	  73	  50	   1	 748	   3	   1	  23	  25	  25	  30	  70	  50	 307	179151	179899	   0	  70	
  74	  74	  70	   2	 700	   2	   1	  23	  26	  25	  30	  70	  50	 335	181551	182251	   0	  60	
  75	  75	  50	   2	 518	   3	   1	  23	  26	  26	  30	  70	  50	 498	184069	184587	   0	  50	
  76	  76	  70	   1	 594	   2	   1	  23	  27	  26	  30	  70	  50	 652	186553	187147	   0	  60	
  77	  77	  50	   1	 530	   3	   1	  23	  27	  27	  30	  70	  50	 500	188953	189483	   0	  70	
  78	  78	  70	   1	 634	   2	   1	  23	  28	  27	  30	  70	  50	 342	191121	191755	   0	  80	
  79	  79	  50	   1	 659	   3	   1	  23	  28	  28	  30	  70	  50	 589	193655	194314	   0	  90	
  80	  80	  30	   4	 556	   1	   2	  24	  28	  28	  30	  70	  50	 608	196222	196778	   0	  90	
  81	  81	  70	   2	 593	   2	   1	  24	  29	  28	  30	  70	  50	 369	198473	199066	   0	  80	
  82	  82	  30	   4	 576	   1	   2	  25	  29	  28	  30	  70	  50	 529	200890	201466	   0	  80	
  83	  83	  50	   2	 532	   3	   1	  25	  29	  29	  30	  70	  50	 399	203174	203706	   0	  70	
  84	  84	  30	   3	 635	   1	   2	  26	  29	  29	  30	  70	  50	 350	205375	206010	   0	  70	
  85	  85	  70	   1	 579	   2	   1	  26	  30	  29	  30	  70	  50	 640	207959	208538	   0	  80	
  86	  86	  50	   1	 626	   3	   1	  26	  30	  30	  30	  70	  50	 537	210376	211002	   0	  90	
  87	  87	  70	   1	 735	   2	   1	  26	  31	  30	  30	  70	  50	 523	212827	213562	   0	 100	
  88	  88	  30	   2	 754	   3	   1	  26	  31	   1	  30	  70	  30	 674	215544	216298	   3	  90	
  89	  89	  30	   4	 534	   1	   2	  27	  31	   1	  30	  70	  30	 613	218212	218746	   0	  90	
  90	  90	  70	   2	 450	   2	   1	  27	  32	   1	  30	  70	  30	 657	220712	221162	   0	  80	
  91	  91	  30	   1	 502	   3	   1	  27	  32	   2	  30	  70	  30	 482	222980	223482	   0	  90	
  92	  92	  70	   1	 504	   2	   1	  27	  33	   2	  30	  70	  30	 525	225314	225818	   0	 100	
  93	  93	  30	   4	 556	   1	   2	  28	  33	   2	  30	  70	  30	 466	227598	228154	   0	 100	
  94	  94	  30	   2	 586	   3	   1	  28	  33	   3	  30	  70	  30	 594	230048	230634	   0	  90	
  95	  95	  30	   3	 793	   1	   2	  29	  33	   3	  30	  70	  30	 475	232416	233209	   0	  90	
  96	  96	  20	   2	 758	   2	   1	  29	   1	   3	  30	  20	  30	 370	234883	235641	   2	  80	
  97	  97	  30	   4	 568	   1	   2	  30	   1	   3	  30	  20	  30	 666	237617	238185	   0	  80	
  98	  98	  30	   2	 519	   3	   1	  30	   1	   4	  30	  20	  30	 524	240018	240537	   0	  70	
  99	  99	  30	   4	 625	   1	   2	  31	   1	   4	  30	  20	  30	 310	242152	242777	   0	  70	
 100	 100	  30	   4	 989	   3	   2	  31	   1	   5	  30	  20	  30	 561	244636	245625	   0	  70	
 101	 101	  20	   4	1058	   2	   2	  31	   2	   5	  30	  20	  30	 339	247287	248345	   0	  70	
 102	 102	  30	   3	 768	   1	   2	  32	   2	   5	  30	  20	  30	 497	250137	250905	   0	  70	
 103	 103	  20	   3	 548	   2	   2	  32	   3	   5	  30	  20	  30	 586	252805	253353	   0	  70	
 104	 104	  30	   3	 881	   3	   2	  32	   3	   6	  30	  20	  30	 590	255256	256137	   0	  70	
 105	 105	  20	   4	1195	   2	   2	  32	   4	   6	  30	  20	  30	 358	257806	259001	   0	  70	
 106	 106	  30	   4	 810	   3	   2	  32	   4	   7	  30	  20	  30	 689	260991	261801	   0	  70	
 107	 107	  20	   4	 812	   2	   2	  32	   5	   7	  30	  20	  30	 633	263741	264553	   0	  70	
 108	 108	  30	   4	 619	   3	   2	  32	   5	   8	  30	  20	  30	 674	266526	267145	   0	  70	
 109	 109	  20	   1	 645	   2	   1	  32	   6	   8	  30	  20	  30	 622	269076	269721	   0	  80	
 110	 110	  30	   4	 650	   1	   2	  33	   6	   8	  30	  20	  30	 670	271694	272344	   0	  80	
 111	 111	  30	   4	 744	   3	   2	  33	   6	   9	  30	  20	  30	 449	274128	274872	   0	  80	
 112	 112	  20	   4	1126	   2	   2	  33	   7	   9	  30	  20	  30	 394	276562	277688	   0	  80	
 113	 113	  30	   1	 540	   3	   1	  33	   7	  10	  30	  20	  30	 606	279596	280136	   0	  90	
 114	 114	  30	   4	 930	   1	   2	  34	   7	  10	  30	  20	  30	 389	281830	282760	   0	  90	
 115	 115	  30	   3	 539	   3	   2	  34	   7	  11	  30	  20	  30	 325	284381	284920	   0	  90	
 116	 116	  30	   4	 673	   1	   2	  35	   7	  11	  30	  20	  30	 403	286631	287304	   0	  90	
 117	 117	  30	   4	 698	   3	   2	  35	   7	  12	  30	  20	  30	 570	289182	289880	   0	  90	
 118	 118	  80	   1	1065	   1	   1	   1	   7	  12	  80	  20	  30	 412	291599	292664	   1	 100	
 119	 119	  30	   4	 766	   3	   2	   1	   7	  13	  80	  20	  30	 664	294634	295400	   0	 100	
 120	 120	  20	   4	 761	   2	   2	   1	   8	  13	  80	  20	  30	 432	297151	297912	   0	 100	
 121	 121	  80	   1	 486	   1	   1	   2	   8	  13	  80	  20	  30	 370	299602	300088	   0	 110	
 122	 122	  30	   4	 562	   3	   2	   2	   8	  14	  80	  20	  30	 302	301702	302264	   0	 110	
 123	 123	  80	   2	 662	   1	   1	   3	   8	  14	  80	  20	  30	 421	303986	304648	   0	 100	
 124	 124	  30	   3	 634	   3	   2	   3	   8	  15	  80	  20	  30	 313	306254	306888	   0	 100	
 125	 125	  80	   1	 640	   1	   1	   4	   8	  15	  80	  20	  30	 676	308871	309511	   0	 110	
 126	 126	  30	   4	 859	   3	   2	   4	   8	  16	  80	  20	  30	 580	311388	312247	   0	 110	
 127	 127	  80	   1	 642	   1	   1	   5	   8	  16	  80	  20	  30	 437	313989	314631	   0	 120	
 128	 128	  30	   4	 597	   3	   2	   5	   8	  17	  80	  20	  30	 372	316306	316903	   0	 120	
 129	 129	  20	   4	 609	   2	   2	   5	   9	  17	  80	  20	  30	 566	318774	319383	   0	 120	
 130	 130	  80	   2	 847	   1	   1	   6	   9	  17	  80	  20	  30	 526	321208	322055	   0	 110	
 131	 131	  30	   4	 486	   3	   2	   6	   9	  18	  80	  20	  30	 424	323809	324295	   0	 110	
 132	 132	  80	   3	 540	   1	   2	   7	   9	  18	  80	  20	  30	 460	326059	326599	   0	 110	
 133	 133	  30	   3	 774	   3	   2	   7	   9	  19	  80	  20	  30	 683	328593	329367	   0	 110	
 134	 134	  80	   1	 645	   1	   1	   8	   9	  19	  80	  20	  30	 315	330994	331639	   0	 120	
 135	 135	  20	   4	 542	   2	   2	   8	  10	  19	  80	  20	  30	 608	333545	334087	   0	 120	
 136	 136	  80	   1	 608	   1	   1	   9	  10	  19	  80	  20	  30	 503	335895	336503	   0	 130	
 137	 137	  20	   3	 722	   2	   2	   9	  11	  19	  80	  20	  30	 408	338213	338935	   0	 130	
 138	 138	  80	   1	 482	   1	   1	  10	  11	  19	  80	  20	  30	 364	340597	341079	   0	 140	
 139	 139	  20	   4	 600	   2	   2	  10	  12	  19	  80	  20	  30	 461	342847	343447	   0	 140	
 140	 140	  30	   4	 817	   3	   2	  10	  12	  20	  80	  20	  30	 646	345398	346215	   0	 140	
 141	 141	  80	   2	 552	   1	   1	  11	  12	  20	  80	  20	  30	 443	347982	348534	   0	 130	
 142	 142	  30	   3	 760	   3	   2	  11	  12	  21	  80	  20	  30	 502	350350	351110	   0	 130	
 143	 143	  20	   4	 574	   2	   2	  11	  13	  21	  80	  20	  30	 569	352984	353558	   0	 130	
 144	 144	  80	   1	 396	   1	   1	  12	  13	  21	  80	  20	  30	 552	355418	355814	   0	 140	
 145	 145	  30	   4	 594	   3	   2	  12	  13	  22	  80	  20	  30	 553	357668	358262	   0	 140	
 146	 146	  20	   4	 380	   2	   2	  12	  14	  22	  80	  20	  30	 628	360186	360566	   0	 140	
 147	 147	  30	   4	 886	   3	   2	  12	  14	  23	  80	  20	  30	 447	362320	363206	   0	 140	
 148	 148	  20	   4	 986	   2	   2	  12	  15	  23	  80	  20	  30	 511	365020	366006	   0	 140	
 149	 149	  80	   1	 464	   1	   1	  13	  15	  23	  80	  20	  30	 317	367638	368102	   0	 150	
 150	 150	  20	   4	 668	   2	   2	  13	  16	  23	  80	  20	  30	 700	370122	370790	   0	 150	
 151	 151	  80	   1	 619	   1	   1	  14	  16	  23	  80	  20	  30	 406	372523	373142	   0	 160	
 152	 152	  20	   4	 753	   2	   2	  14	  17	  23	  80	  20	  30	 323	374773	375526	   0	 160	
 153	 153	  30	   4	 861	   3	   2	  14	  17	  24	  80	  20	  30	 404	377241	378102	   0	 160	
 154	 154	  20	   3	 895	   2	   2	  14	  18	  24	  80	  20	  30	 574	379975	380870	   0	 160	
 155	 155	  80	   1	 543	   1	   1	  15	  18	  24	  80	  20	  30	 586	382759	383302	   0	 170	
 156	 156	  30	   4	 580	   3	   2	  15	  18	  25	  80	  20	  30	 382	384993	385573	   0	 170	
 157	 157	  80	   1	 571	   1	   1	  16	  18	  25	  80	  20	  30	 323	387210	387781	   0	 180	
 158	 158	  20	   4	 520	   2	   2	  16	  19	  25	  80	  20	  30	 595	389677	390197	   0	 180	
 159	 159	  30	   4	 606	   3	   2	  16	  19	  26	  80	  20	  30	 408	391911	392517	   0	 180	
 160	 160	  80	   1	 410	   1	   1	  17	  19	  26	  80	  20	  30	 553	394379	394789	   0	 190	
 161	 161	  20	   4	 562	   2	   2	  17	  20	  26	  80	  20	  30	 454	396563	397125	   0	 190	
 162	 162	  30	   3	 568	   3	   2	  17	  20	  27	  80	  20	  30	 375	398797	399365	   0	 190	
 163	 163	  80	   2	 516	   1	   1	  18	  20	  27	  80	  20	  30	 611	401281	401797	   0	 180	
 164	 164	  30	   4	 524	   3	   2	  18	  20	  28	  80	  20	  30	 379	403481	404005	   0	 180	
 165	 165	  20	   4	 561	   2	   2	  18	  21	  28	  80	  20	  30	 428	405732	406293	   0	 180	
 166	 166	  30	   4	 731	   3	   2	  18	  21	  29	  80	  20	  30	 671	408266	408997	   0	 180	
 167	 167	  80	   1	 620	   1	   1	  19	  21	  29	  80	  20	  30	 306	410617	411237	   0	 190	
 168	 168	  30	   3	 558	   3	   2	  19	  21	  30	  80	  20	  30	 406	412951	413509	   0	 190	
 169	 169	  20	   4	 501	   2	   2	  19	  22	  30	  80	  20	  30	 362	415168	415669	   0	 190	
 170	 170	  30	   4	 709	   3	   2	  19	  22	  31	  80	  20	  30	 571	417552	418261	   0	 190	
 171	 171	  80	   1	 585	   1	   1	  20	  22	  31	  80	  20	  30	 640	420220	420805	   0	 200	
 172	 172	  30	   4	 609	   3	   2	  20	  22	  32	  80	  20	  30	 681	422804	423413	   0	 200	
 173	 173	  20	   3	 663	   2	   2	  20	  23	  32	  80	  20	  30	 310	425021	425684	   0	 200	
 174	 174	  80	   1	 535	   1	   1	  21	  23	  32	  80	  20	  30	 425	427405	427940	   0	 210	
 175	 175	  30	   4	 624	   3	   2	  21	  23	  33	  80	  20	  30	 300	429556	430180	   0	 210	
 176	 176	  80	   1	 494	   1	   1	  22	  23	  33	  80	  20	  30	 506	431990	432484	   0	 220	
 177	 177	  30	   3	 555	   3	   2	  22	  23	  34	  80	  20	  30	 676	434457	435012	   0	 220	
 178	 178	  80	   2	 462	   1	   1	  23	  23	  34	  80	  20	  30	 433	436758	437220	   0	 210	
 179	 179	  30	   4	 610	   3	   2	  23	  23	  35	  80	  20	  30	 545	439058	439668	   0	 210	
 180	 180	  20	   4	 568	   2	   2	  23	  24	  35	  80	  20	  30	 301	441276	441844	   0	 210	
 181	 181	  70	   3	 956	   3	   2	  23	  24	   1	  80	  20	  70	 384	443576	444532	   3	 210	
 182	 182	  20	   3	 608	   2	   2	  23	  25	   1	  80	  20	  70	 419	446260	446868	   0	 210	
 183	 183	  80	   1	 708	   1	   1	  24	  25	   1	  80	  20	  70	 365	448544	449252	   0	 220	
 184	 184	  70	   2	 593	   3	   1	  24	  25	   2	  80	  20	  70	 443	450995	451588	   0	 210	
 185	 185	  20	   4	 571	   2	   2	  24	  26	   2	  80	  20	  70	 640	453529	454100	   0	 210	
 186	 186	  70	   1	 746	   3	   1	  24	  26	   3	  80	  20	  70	 527	455930	456676	   0	 220	
 187	 187	  20	   4	 652	   2	   2	  24	  27	   3	  80	  20	  70	 681	458664	459316	   0	 220	
 188	 188	  70	   2	 765	   3	   1	  24	  27	   4	  80	  20	  70	 405	461031	461796	   0	 210	
 189	 189	  20	   4	 499	   2	   2	  24	  28	   4	  80	  20	  70	 528	463632	464131	   0	 210	
 190	 190	  80	   2	 526	   1	   1	  25	  28	   4	  80	  20	  70	 690	466133	466659	   0	 200	
 191	 191	  70	   1	 518	   3	   1	  25	  28	   5	  80	  20	  70	 358	468333	468851	   0	 210	
 192	 192	  80	   1	 680	   1	   1	  26	  28	   5	  80	  20	  70	 489	470651	471331	   0	 220	
 193	 193	  20	   4	 818	   2	   2	  26	  29	   5	  80	  20	  70	 550	473201	474019	   0	 220	
 194	 194	  70	   1	 584	   3	   1	  26	  29	   6	  80	  20	  70	 509	475835	476419	   0	 230	
 195	 195	  20	   4	 869	   2	   2	  26	  30	   6	  80	  20	  70	 540	478270	479139	   0	 230	
 196	 196	  70	   1	 633	   3	   1	  26	  30	   7	  80	  20	  70	 518	480970	481603	   0	 240	
 197	 197	  80	   1	 571	   1	   1	  27	  30	   7	  80	  20	  70	 376	483288	483859	   0	 250	
 198	 198	  50	   1	 821	   2	   1	  27	   1	   7	  80	  50	  70	 674	485838	486659	   2	 260	
 199	 199	  70	   2	 607	   3	   1	  27	   1	   8	  80	  50	  70	 404	488372	488979	   0	 250	
 200	 200	  50	   2	1155	   2	   1	  27	   2	   8	  80	  50	  70	 352	490640	491795	   0	 240	
 201	 201	  80	   1	 517	   1	   1	  28	   2	   8	  80	  50	  70	 657	493774	494291	   0	 250	
 202	 202	  70	   1	 751	   3	   1	  28	   2	   9	  80	  50	  70	 305	495908	496659	   0	 260	
 203	 203	  50	   3	 670	   2	   2	  28	   3	   9	  80	  50	  70	 332	498309	498979	   0	 260	
 204	 204	  70	   1	 552	   3	   1	  28	   3	  10	  80	  50	  70	 556	500843	501395	   0	 270	
 205	 205	  50	   4	 925	   2	   2	  28	   4	  10	  80	  50	  70	 385	503093	504018	   0	 270	
 206	 206	  70	   2	 523	   3	   1	  28	   4	  11	  80	  50	  70	 585	505911	506434	   0	 260	
 207	 207	  50	   2	 833	   2	   1	  28	   5	  11	  80	  50	  70	 401	508145	508978	   0	 250	
 208	 208	  80	   1	 541	   1	   1	  29	   5	  11	  80	  50	  70	 351	510645	511186	   0	 260	
 209	 209	  50	   1	 587	   2	   1	  29	   6	  11	  80	  50	  70	 587	513079	513666	   0	 270	
 210	 210	  80	   1	 523	   1	   1	  30	   6	  11	  80	  50	  70	 473	515447	515970	   0	 280	
 211	 211	  70	   2	 456	   3	   1	  30	   6	  12	  80	  50	  70	 605	517898	518354	   0	 270	
 212	 212	  50	   1	 520	   2	   1	  30	   7	  12	  80	  50	  70	 625	520282	520802	   0	 280	
 213	 213	  80	   1	 600	   1	   1	  31	   7	  12	  80	  50	  70	 567	522682	523282	   0	 290	
 214	 214	  70	   1	 740	   3	   1	  31	   7	  13	  80	  50	  70	 579	525166	525906	   0	 300	
 215	 215	  80	   1	 568	   1	   1	  32	   7	  13	  80	  50	  70	 618	527834	528402	   0	 310	
 216	 216	  70	   1	 568	   3	   1	  32	   7	  14	  80	  50	  70	 506	530218	530786	   0	 320	
 217	 217	  50	   2	 758	   2	   1	  32	   8	  14	  80	  50	  70	 559	532652	533410	   0	 310	
 218	 218	  80	   1	 522	   1	   1	  33	   8	  14	  80	  50	  70	 626	535336	535858	   0	 320	
 219	 219	  50	   2	 789	   2	   1	  33	   9	  14	  80	  50	  70	 693	537853	538642	   0	 310	
 220	 220	  20	   4	 928	   1	   2	   1	   9	  14	  20	  50	  70	 396	540337	541265	   1	 310	
 221	 221	  70	   1	 629	   3	   1	   1	   9	  15	  20	  50	  70	 398	542988	543617	   0	 320	
 222	 222	  50	   1	 672	   2	   1	   1	  10	  15	  20	  50	  70	 589	545505	546177	   0	 330	
 223	 223	  70	   1	 656	   3	   1	   1	  10	  16	  20	  50	  70	 391	547873	548529	   0	 340	
 224	 224	  20	   4	 571	   1	   2	   2	  10	  16	  20	  50	  70	 552	550390	550961	   0	 340	
 225	 225	  50	   2	 574	   2	   1	   2	  11	  16	  20	  50	  70	 424	552691	553265	   0	 330	
 226	 226	  70	   2	 451	   3	   1	   2	  11	  17	  20	  50	  70	 387	554958	555409	   0	 320	
 227	 227	  20	   4	 718	   1	   2	   3	  11	  17	  20	  50	  70	 363	557075	557793	   0	 320	
 228	 228	  70	   1	 584	   3	   1	   3	  11	  18	  20	  50	  70	 505	559609	560193	   0	 330	
 229	 229	  20	   3	 648	   1	   2	   4	  11	  18	  20	  50	  70	 497	561993	562641	   0	 330	
 230	 230	  50	   1	 517	   2	   1	   4	  12	  18	  20	  50	  70	 497	564444	564961	   0	 340	
 231	 231	  70	   1	 526	   3	   1	   4	  12	  19	  20	  50	  70	 322	566611	567137	   0	 350	
 232	 232	  50	   2	 713	   2	   1	   4	  13	  19	  20	  50	  70	 675	569112	569825	   0	 340	
 233	 233	  70	   1	 507	   3	   1	   4	  13	  20	  20	  50	  70	 700	571830	572337	   0	 350	
 234	 234	  20	   4	 651	   1	   2	   5	  13	  20	  20	  50	  70	 569	574214	574865	   0	 350	
 235	 235	  70	   2	 479	   3	   1	   5	  13	  21	  20	  50	  70	 321	576498	576977	   0	 340	
 236	 236	  20	   4	 647	   1	   2	   6	  13	  21	  20	  50	  70	 388	578665	579312	   0	 340	
 237	 237	  50	   2	1161	   2	   1	   6	  14	  21	  20	  50	  70	 374	580999	582160	   0	 330	
 238	 238	  70	   1	 414	   3	   1	   6	  14	  22	  20	  50	  70	 610	584066	584480	   0	 340	
 239	 239	  50	   1	 878	   2	   1	   6	  15	  22	  20	  50	  70	 647	586434	587312	   0	 350	
 240	 240	  70	   1	 615	   3	   1	   6	  15	  23	  20	  50	  70	 393	589001	589616	   0	 360	
 241	 241	  50	   3	 598	   2	   2	   6	  16	  23	  20	  50	  70	 460	591402	592000	   0	 360	
 242	 242	  20	   3	 711	   1	   2	   7	  16	  23	  20	  50	  70	 456	593769	594480	   0	 360	
 243	 243	  50	   4	1124	   2	   2	   7	  17	  23	  20	  50	  70	 436	596220	597344	   0	 360	
 244	 244	  20	   4	 659	   1	   2	   8	  17	  23	  20	  50	  70	 378	599021	599680	   0	 360	
 245	 245	  70	   1	 648	   3	   1	   8	  17	  24	  20	  50	  70	 700	601688	602336	   0	 370	
 246	 246	  50	   1	 783	   2	   1	   8	  18	  24	  20	  50	  70	 643	604289	605072	   0	 380	
 247	 247	  20	   4	 566	   1	   2	   9	  18	  24	  20	  50	  70	 523	606906	607472	   0	 380	
 248	 248	  50	   2	 908	   2	   1	   9	  19	  24	  20	  50	  70	 347	609124	610032	   0	 370	
 249	 249	  70	   1	 592	   3	   1	   9	  19	  25	  20	  50	  70	 479	611808	612400	   0	 380	
 250	 250	  20	   4	 640	   1	   2	  10	  19	  25	  20	  50	  70	 492	614192	614832	   0	 380	
 251	 251	  70	   2	 623	   3	   1	  10	  19	  26	  20	  50	  70	 441	616592	617215	   0	 370	
 252	 252	  50	   1	 660	   2	   1	  10	  20	  26	  20	  50	  70	 329	618843	619503	   0	 380	
 253	 253	  20	   4	 540	   1	   2	  11	  20	  26	  20	  50	  70	 617	621427	621967	   0	 380	
 254	 254	  70	   1	 346	   3	   1	  11	  20	  27	  20	  50	  70	 588	623861	624207	   0	 390	
 255	 255	  50	   1	 746	   2	   1	  11	  21	  27	  20	  50	  70	 340	625845	626591	   0	 400	
 256	 256	  70	   1	 689	   3	   1	  11	  21	  28	  20	  50	  70	 550	628446	629135	   0	 410	
 257	 257	  50	   4	 861	   2	   2	  11	  22	  28	  20	  50	  70	 487	630930	631791	   0	 410	
 258	 258	  70	   2	 603	   3	   1	  11	  22	  29	  20	  50	  70	 671	633764	634367	   0	 400	
 259	 259	  50	   2	 666	   2	   1	  11	  23	  29	  20	  50	  70	 495	636165	636831	   0	 390	
 260	 260	  70	   1	 658	   3	   1	  11	  23	  30	  20	  50	  70	 610	638749	639407	   0	 400	
 261	 261	  20	   4	 522	   1	   2	  12	  23	  30	  20	  50	  70	 613	641333	641855	   0	 400	
 262	 262	  50	   2	 967	   3	   1	  12	  23	   1	  20	  50	  50	 628	643784	644751	   3	 390	
 263	 263	  50	   2	 824	   2	   1	  12	  24	   1	  20	  50	  50	 494	646551	647375	   0	 380	
 264	 264	  20	   4	 841	   1	   2	  13	  24	   1	  20	  50	  50	 635	649318	650159	   0	 380	
 265	 265	  50	   4	 888	   3	   2	  13	  24	   2	  20	  50	  50	 635	652103	652991	   0	 380	
 266	 266	  50	   1	 649	   2	   1	  13	  25	   2	  20	  50	  50	 547	654837	655486	   0	 390	
 267	 267	  50	   3	 557	   3	   2	  13	  25	   3	  20	  50	  50	 345	657137	657694	   0	 390	
 268	 268	  50	   3	 907	   2	   2	  13	  26	   3	  20	  50	  50	 555	659555	660462	   0	 390	
 269	 269	  20	   3	 357	   1	   2	  14	  26	   3	  20	  50	  50	 347	662105	662462	   0	 390	
 270	 270	  50	   2	 737	   2	   1	  14	  27	   3	  20	  50	  50	 430	664189	664926	   0	 380	
 271	 271	  50	   4	 538	   3	   2	  14	  27	   4	  20	  50	  50	 486	666740	667278	   0	 380	
 272	 272	  50	   3	 892	   2	   2	  14	  28	   4	  20	  50	  50	 485	669074	669966	   0	 380	
 273	 273	  50	   3	 667	   3	   2	  14	  28	   5	  20	  50	  50	 602	671875	672542	   0	 380	
 274	 274	  50	   2	 810	   2	   1	  14	  29	   5	  20	  50	  50	 442	674292	675102	   0	 370	
 275	 275	  20	   4	 603	   1	   2	  15	  29	   5	  20	  50	  50	 646	677043	677646	   0	 370	
 276	 276	  50	   3	 595	   3	   2	  15	  29	   6	  20	  50	  50	 664	679611	680206	   0	 370	
 277	 277	  50	   1	 435	   2	   1	  15	  30	   6	  20	  50	  50	 496	681995	682430	   0	 380	
 278	 278	  20	   3	 499	   1	   2	  16	  30	   6	  20	  50	  50	 652	684395	684894	   0	 380	
 279	 279	  50	   4	 424	   3	   2	  16	  30	   7	  20	  50	  50	 437	686646	687070	   0	 380	
 280	 280	  20	   4	 777	   1	   2	  17	  30	   7	  20	  50	  50	 626	688997	689774	   0	 380	
 281	 281	  50	   4	 715	   3	   2	  17	  30	   8	  20	  50	  50	 657	691747	692462	   0	 380	
 282	 282	  20	   4	 566	   1	   2	  18	  30	   8	  20	  50	  50	 458	694231	694797	   0	 380	
 283	 283	  50	   1	 801	   3	   1	  18	  30	   9	  20	  50	  50	 623	696732	697533	   0	 390	
 284	 284	  50	   1	 914	   2	   1	  18	  31	   9	  20	  50	  50	 634	699483	700397	   0	 400	
 285	 285	  20	   4	 594	   1	   2	  19	  31	   9	  20	  50	  50	 551	702267	702861	   0	 400	
 286	 286	  50	   2	1065	   2	   1	  19	  32	   9	  20	  50	  50	 320	704484	705549	   0	 390	
 287	 287	  20	   4	 572	   1	   2	  20	  32	   9	  20	  50	  50	 329	707185	707757	   0	 390	
 288	 288	  50	   1	 741	   3	   1	  20	  32	  10	  20	  50	  50	 679	709736	710477	   0	 400	
 289	 289	  20	   4	 460	   1	   2	  21	  32	  10	  20	  50	  50	 570	712353	712813	   0	 400	
 290	 290	  50	   3	 584	   3	   2	  21	  32	  11	  20	  50	  50	 330	714437	715021	   0	 400	
 291	 291	  50	   1	 587	   2	   1	  21	  33	  11	  20	  50	  50	 402	716754	717341	   0	 410	
 292	 292	  50	   3	 568	   3	   2	  21	  33	  12	  20	  50	  50	 548	719205	719773	   0	 410	
 293	 293	  20	   2	 810	   2	   1	  21	   1	  12	  20	  20	  50	 446	721523	722333	   2	 400	
 294	 294	  50	   2	1000	   3	   1	  21	   1	  13	  20	  20	  50	 328	723957	724957	   0	 390	
 295	 295	  20	   3	 536	   1	   2	  22	   1	  13	  20	  20	  50	 494	726757	727293	   0	 390	
 296	 296	  20	   4	 889	   2	   2	  22	   2	  13	  20	  20	  50	 509	729108	729997	   0	 390	
 297	 297	  20	   4	 565	   1	   2	  23	   2	  13	  20	  20	  50	 667	731975	732540	   0	 390	
 298	 298	  20	   4	 823	   2	   2	  23	   3	  13	  20	  20	  50	 443	734293	735116	   0	 390	
 299	 299	  20	   4	 470	   1	   2	  24	   3	  13	  20	  20	  50	 681	737110	737580	   0	 390	
 300	 300	  20	   4	 605	   2	   2	  24	   4	  13	  20	  20	  50	 421	739311	739916	   0	 390	
 301	 301	  50	   3	 606	   3	   2	  24	   4	  14	  20	  20	  50	 440	741678	742284	   0	 390	
 302	 302	  20	   3	 511	   2	   2	  24	   5	  14	  20	  20	  50	 436	744029	744540	   0	 390	
 303	 303	  50	   1	 736	   3	   1	  24	   5	  15	  20	  20	  50	 537	746380	747116	   0	 400	
 304	 304	  20	   4	 488	   2	   2	  24	   6	  15	  20	  20	  50	 531	748964	749452	   0	 400	
 305	 305	  20	   4	 574	   1	   2	  25	   6	  15	  20	  20	  50	 435	751198	751772	   0	 400	
 306	 306	  50	   2	 533	   3	   1	  25	   6	  16	  20	  20	  50	 343	753415	753948	   0	 390	
 307	 307	  20	   4	 497	   1	   2	  26	   6	  16	  20	  20	  50	 642	755899	756396	   0	 390	
 308	 308	  50	   2	 784	   3	   1	  26	   6	  17	  20	  20	  50	 611	758316	759100	   0	 380	
 309	 309	  20	   4	 423	   1	   2	  27	   6	  17	  20	  20	  50	 514	760917	761340	   0	 380	
 310	 310	  50	   3	 456	   3	   2	  27	   6	  18	  20	  20	  50	 638	763284	763740	   0	 380	
 311	 311	  20	   3	 534	   1	   2	  28	   6	  18	  20	  20	  50	 636	765702	766236	   0	 380	
 312	 312	  50	   4	 768	   3	   2	  28	   6	  19	  20	  20	  50	 687	768236	769004	   0	 380	
 313	 313	  20	   4	 545	   2	   2	  28	   7	  19	  20	  20	  50	 657	770970	771515	   0	 380	
 314	 314	  50	   2	 494	   3	   1	  28	   7	  20	  20	  20	  50	 614	773421	773915	   0	 370	
 315	 315	  20	   4	 580	   2	   2	  28	   8	  20	  20	  20	  50	 436	775655	776235	   0	 370	
 316	 316	  20	   4	 549	   1	   2	  29	   8	  20	  20	  20	  50	 473	778022	778571	   0	 370	
 317	 317	  20	   3	 442	   2	   2	  29	   9	  20	  20	  20	  50	 388	780273	780715	   0	 370	
 318	 318	  50	   2	 786	   3	   1	  29	   9	  21	  20	  20	  50	 447	782457	783243	   0	 360	
 319	 319	  20	   4	 482	   2	   2	  29	  10	  21	  20	  20	  50	 683	785241	785723	   0	 360	
 320	 320	  20	   4	 491	   1	   2	  30	  10	  21	  20	  20	  50	 365	787408	787899	   0	 360	
 321	 321	  50	   3	 527	   3	   2	  30	  10	  22	  20	  20	  50	 475	789692	790219	   0	 360	
 322	 322	  20	   4	 471	   1	   2	  31	  10	  22	  20	  20	  50	 355	791876	792347	   0	 360	
 323	 323	  50	   4	 398	   3	   2	  31	  10	  23	  20	  20	  50	 447	794093	794491	   0	 360	
 324	 324	  20	   4	 554	   1	   2	  32	  10	  23	  20	  20	  50	 368	796177	796731	   0	 360	
 325	 325	  20	   4	 464	   2	   2	  32	  11	  23	  20	  20	  50	 355	798395	798859	   0	 360	
 326	 326	  20	   3	 534	   1	   2	  33	  11	  23	  20	  20	  50	 478	800645	801179	   0	 360	
 327	 327	  50	   1	 624	   3	   1	  33	  11	  24	  20	  20	  50	 677	803163	803787	   0	 370	
 328	 328	  20	   4	 423	   2	   2	  33	  12	  24	  20	  20	  50	 691	805780	806203	   0	 370	
 329	 329	  50	   1	 580	   3	   1	  33	  12	  25	  20	  20	  50	 341	807847	808427	   0	 380	
 330	 330	  20	   4	 432	   2	   2	  33	  13	  25	  20	  20	  50	 567	810298	810730	   0	 380	
 331	 331	  20	   4	 541	   1	   2	  34	  13	  25	  20	  20	  50	 305	812365	812906	   0	 380	
 332	 332	  20	   4	 497	   2	   2	  34	  14	  25	  20	  20	  50	 415	814633	815130	   0	 380	
 333	 333	  50	   2	 664	   3	   1	  34	  14	  26	  20	  20	  50	 411	816850	817514	   0	 370	
 334	 334	  20	   4	 493	   1	   2	  35	  14	  26	  20	  20	  50	 682	819517	820010	   0	 370	
 335	 335	  20	   4	 481	   2	   2	  35	  15	  26	  20	  20	  50	 475	821785	822266	   0	 370	
 336	 336	  50	   3	 581	   3	   2	  35	  15	  27	  20	  20	  50	 506	824085	824666	   0	 370	
 337	 337	  80	   1	 677	   1	   1	   1	  15	  27	  80	  20	  50	 468	826453	827130	   1	 380	
 338	 338	  20	   4	 531	   2	   2	   1	  16	  27	  80	  20	  50	 467	828903	829434	   0	 380	
 339	 339	  80	   1	 606	   1	   1	   2	  16	  27	  80	  20	  50	 660	831404	832010	   0	 390	
 340	 340	  20	   4	 496	   2	   2	   2	  17	  27	  80	  20	  50	 420	833738	834234	   0	 390	
 341	 341	  80	   1	 621	   1	   1	   3	  17	  27	  80	  20	  50	 641	836189	836810	   0	 400	
 342	 342	  50	   1	1171	   3	   1	   3	  17	  28	  80	  20	  50	 313	838423	839594	   0	 410	
 343	 343	  80	   1	 603	   1	   1	   4	  17	  28	  80	  20	  50	 508	841407	842010	   0	 420	
 344	 344	  20	   3	 616	   2	   2	   4	  18	  28	  80	  20	  50	 564	843874	844490	   0	 420	
 345	 345	  50	   4	 893	   3	   2	   4	  18	  29	  80	  20	  50	 693	846492	847385	   0	 420	
 346	 346	  20	   3	 623	   2	   2	   4	  19	  29	  80	  20	  50	 536	849226	849849	   0	 420	
 347	 347	  80	   2	 545	   1	   1	   5	  19	  29	  80	  20	  50	 416	851576	852121	   0	 410	
 348	 348	  20	   4	 477	   2	   2	   5	  20	  29	  80	  20	  50	 626	854044	854521	   0	 410	
 349	 349	  50	   4	 612	   3	   2	   5	  20	  30	  80	  20	  50	 431	856261	856873	   0	 410	
 350	 350	  80	   1	 517	   1	   1	   6	  20	  30	  80	  20	  50	 435	858612	859129	   0	 420	
 351	 351	  50	   4	 675	   3	   2	   6	  20	  31	  80	  20	  50	 609	861062	861737	   0	 420	
 352	 352	  80	   1	 505	   1	   1	   7	  20	  31	  80	  20	  50	 640	863680	864185	   0	 430	
 353	 353	  50	   2	 632	   3	   1	   7	  20	  32	  80	  20	  50	 599	866097	866729	   0	 420	
 354	 354	  80	   1	 792	   1	   1	   8	  20	  32	  80	  20	  50	 428	868465	869257	   0	 430	
 355	 355	  20	   3	 580	   2	   2	   8	  21	  32	  80	  20	  50	 382	870949	871529	   0	 430	
 356	 356	  80	   2	 578	   1	   1	   9	  21	  32	  80	  20	  50	 561	873399	873977	   0	 420	
 357	 357	  50	   1	 589	   3	   1	   9	  21	  33	  80	  20	  50	 624	875900	876489	   0	 430	
 358	 358	  20	   4	 473	   2	   2	   9	  22	  33	  80	  20	  50	 588	878384	878857	   0	 430	
 359	 359	  70	   1	 808	   3	   1	   9	  22	   1	  80	  20	  70	 645	880801	881609	   3	 440	
 360	 360	  20	   4	 574	   2	   2	   9	  23	   1	  80	  20	  70	 500	883419	883993	   0	 440	
 361	 361	  80	   1	 557	   1	   1	  10	  23	   1	  80	  20	  70	 482	885803	886360	   0	 450	
 362	 362	  20	   4	 718	   2	   2	  10	  24	   1	  80	  20	  70	 481	888154	888872	   0	 450	
 363	 363	  70	   2	 826	   3	   1	  10	  24	   2	  80	  20	  70	 476	890654	891480	   0	 440	
 364	 364	  80	   1	 445	   1	   1	  11	  24	   2	  80	  20	  70	 574	893355	893800	   0	 450	
 365	 365	  70	   2	 638	   3	   1	  11	  24	   3	  80	  20	  70	 612	895706	896344	   0	 440	
 366	 366	  20	   4	 511	   2	   2	  11	  25	   3	  80	  20	  70	 428	898073	898584	   0	 440	
 367	 367	  70	   1	 903	   3	   1	  11	  25	   4	  80	  20	  70	 379	900257	901160	   0	 450	
 368	 368	  20	   4	 496	   2	   2	  11	  26	   4	  80	  20	  70	 352	902824	903320	   0	 450	
 369	 369	  80	   1	 498	   1	   1	  12	  26	   4	  80	  20	  70	 532	905158	905656	   0	 460	
 370	 370	  70	   1	 723	   3	   1	  12	  26	   5	  80	  20	  70	 543	907509	908232	   0	 470	
 371	 371	  20	   3	 517	   2	   2	  12	  27	   5	  80	  20	  70	 666	910227	910744	   0	 470	
 372	 372	  70	   1	 711	   3	   1	  12	  27	   6	  80	  20	  70	 500	912561	913272	   0	 480	
 373	 373	  80	   1	 631	   1	   1	  13	  27	   6	  80	  20	  70	 380	914945	915576	   0	 490	
 374	 374	  70	   2	 601	   3	   1	  13	  27	   7	  80	  20	  70	 387	917279	917880	   0	 480	
 375	 375	  80	   1	 997	   1	   1	  14	  27	   7	  80	  20	  70	 597	919779	920776	   0	 490	
 376	 376	  70	   1	 639	   3	   1	  14	  27	   8	  80	  20	  70	 605	922680	923319	   0	 500	
 377	 377	  20	   4	 425	   2	   2	  14	  28	   8	  80	  20	  70	 590	925214	925639	   0	 500	
 378	 378	  80	   1	 390	   1	   1	  15	  28	   8	  80	  20	  70	 330	927265	927655	   0	 510	
 379	 379	  70	   1	 630	   3	   1	  15	  28	   9	  80	  20	  70	 311	929265	929895	   0	 520	
 380	 380	  80	   1	 656	   1	   1	  16	  28	   9	  80	  20	  70	 612	931799	932455	   0	 530	
 381	 381	  70	   1	 572	   3	   1	  16	  28	  10	  80	  20	  70	 499	934283	934855	   0	 540	
 382	 382	  80	   1	 489	   1	   1	  17	  28	  10	  80	  20	  70	 578	936734	937223	   0	 550	
 383	 383	  20	   4	 597	   2	   2	  17	  29	  10	  80	  20	  70	 691	939218	939815	   0	 550	
 384	 384	  80	   2	 455	   1	   1	  18	  29	  10	  80	  20	  70	 407	941536	941991	   0	 540	
 385	 385	  70	   2	 543	   3	   1	  18	  29	  11	  80	  20	  70	 436	943736	944279	   0	 530	
 386	 386	  80	   2	 472	   1	   1	  19	  29	  11	  80	  20	  70	 316	945903	946375	   0	 520	
 387	 387	  20	   4	 476	   2	   2	  19	  30	  11	  80	  20	  70	 506	948187	948663	   0	 520	
 388	 388	  70	   1	 560	   3	   1	  19	  30	  12	  80	  20	  70	 486	950455	951015	   0	 530	
 389	 389	  20	   4	 542	   2	   2	  19	  31	  12	  80	  20	  70	 586	952905	953447	   0	 530	
 390	 390	  70	   1	 562	   3	   1	  19	  31	  13	  80	  20	  70	 439	955189	955751	   0	 540	
 391	 391	  80	   1	 561	   1	   1	  20	  31	  13	  80	  20	  70	 530	957590	958151	   0	 550	
 392	 392	  70	   2	 542	   3	   1	  20	  31	  14	  80	  20	  70	 589	960041	960583	   0	 540	
 393	 393	  20	   4	 579	   2	   2	  20	  32	  14	  80	  20	  70	 388	962275	962854	   0	 540	
 394	 394	  70	   1	 562	   3	   1	  20	  32	  15	  80	  20	  70	 531	964692	965254	   0	 550	
 395	 395	  20	   3	 589	   2	   2	  20	  33	  15	  80	  20	  70	 635	967193	967782	   0	 550	
 396	 396	  70	   1	 526	   3	   1	  20	  33	  16	  80	  20	  70	 466	969560	970086	   0	 560	
 397	 397	  80	   2	 542	   1	   1	  21	  33	  16	  80	  20	  70	 559	971944	972486	   0	 550	
 398	 398	  70	   2	1030	   3	   1	  21	  33	  17	  80	  20	  70	 335	974128	975158	   0	 540	
 399	 399	  20	   4	 580	   2	   2	  21	  34	  17	  80	  20	  70	 502	976962	977542	   0	 540	
 400	 400	  80	   1	 466	   1	   1	  22	  34	  17	  80	  20	  70	 535	979380	979846	   0	 550	
 401	 401	  20	   2	 659	   2	   1	  22	  35	  17	  80	  20	  70	 569	981747	982406	   0	 540	
 402	 402	  80	   1	 516	   1	   1	  23	  35	  17	  80	  20	  70	 406	984114	984630	   0	 550	
 403	 403	  80	   1	 776	   2	   1	  23	   1	  17	  80	  80	  70	 444	986382	987158	   2	 560	
 404	 404	  80	   1	 530	   1	   1	  24	   1	  17	  80	  80	  70	 452	988916	989446	   0	 570	
 405	 405	  80	   1	 650	   2	   1	  24	   2	  17	  80	  80	  70	 348	991100	991750	   0	 580	
 406	 406	  80	   1	 541	   1	   1	  25	   2	  17	  80	  80	  70	 362	993417	993958	   0	 590	
 407	 407	  80	   1	 506	   2	   1	  25	   3	  17	  80	  80	  70	 612	995868	996374	   0	 600	
 408	 408	  80	   1	 494	   1	   1	  26	   3	  17	  80	  80	  70	 474	998152	998646	   0	 610	
 409	 409	  80	   2	 537	   2	   1	  26	   4	  17	  80	  80	  70	 683	1000636	1001173	   0	 600	
 410	 410	  80	   2	 641	   1	   1	  27	   4	  17	  80	  80	  70	 360	1002836	1003477	   0	 590	
 411	 411	  80	   1	 556	   2	   1	  27	   5	  17	  80	  80	  70	 541	1005337	1005893	   0	 600	
 412	 412	  80	   1	 488	   1	   1	  28	   5	  17	  80	  80	  70	 627	1007821	1008309	   0	 610	
 413	 413	  80	   1	 544	   2	   1	  28	   6	  17	  80	  80	  70	 388	1010005	1010549	   0	 620	
 414	 414	  80	   1	 480	   1	   1	  29	   6	  17	  80	  80	  70	 533	1012389	1012869	   0	 630	
 415	 415	  80	   1	 549	   2	   1	  29	   7	  17	  80	  80	  70	 485	1014656	1015205	   0	 640	
 416	 416	  80	   1	 583	   1	   1	  30	   7	  17	  80	  80	  70	 479	1016990	1017573	   0	 650	
 417	 417	  70	   1	 699	   3	   1	  30	   7	  18	  80	  80	  70	 365	1019258	1019957	   0	 660	
 418	 418	  80	   1	 595	   2	   1	  30	   8	  18	  80	  80	  70	 570	1021842	1022437	   0	 670	
 419	 419	  30	   4	1154	   1	   2	   1	   8	  18	  30	  80	  70	 504	1024243	1025397	   1	 670	
 420	 420	  80	   2	 584	   2	   1	   1	   9	  18	  30	  80	  70	 589	1027293	1027877	   0	 660	
 421	 421	  70	   1	 526	   3	   1	   1	   9	  19	  30	  80	  70	 324	1029527	1030053	   0	 670	
 422	 422	  80	   1	 658	   2	   1	   1	  10	  19	  30	  80	  70	 459	1031811	1032469	   0	 680	
 423	 423	  30	   3	 874	   1	   2	   2	  10	  19	  30	  80	  70	 615	1034395	1035269	   0	 680	
 424	 424	  70	   1	 511	   3	   1	   2	  10	  20	  30	  80	  70	 468	1037046	1037557	   0	 690	
 425	 425	  80	   2	 665	   2	   1	   2	  11	  20	  30	  80	  70	 308	1039163	1039828	   0	 680	
 426	 426	  30	   3	 772	   1	   2	   3	  11	  20	  30	  80	  70	 518	1041664	1042436	   0	 680	
 427	 427	  70	   1	1311	   3	   1	   3	  11	  21	  30	  80	  70	 423	1044165	1045476	   0	 690	
 428	 428	  80	   1	1393	   2	   1	   3	  12	  21	  30	  80	  70	 527	1047299	1048692	   0	 700	
 429	 429	  30	   4	1061	   1	   2	   4	  12	  21	  30	  80	  70	 368	1050367	1051428	   0	 700	
 430	 430	  70	   2	 458	   3	   1	   4	  12	  22	  30	  80	  70	 312	1053034	1053492	   0	 690	
 431	 431	  80	   1	 477	   2	   1	   4	  13	  22	  30	  80	  70	 543	1055351	1055828	   0	 700	
 432	 432	  70	   2	 611	   3	   1	   4	  13	  23	  30	  80	  70	 443	1057569	1058180	   0	 690	
 433	 433	  80	   1	 499	   2	   1	   4	  14	  23	  30	  80	  70	 484	1059969	1060468	   0	 700	
 434	 434	  70	   1	 503	   3	   1	   4	  14	  24	  30	  80	  70	 462	1062237	1062740	   0	 710	
 435	 435	  80	   1	 464	   2	   1	   4	  15	  24	  30	  80	  70	 358	1064404	1064868	   0	 720	
 436	 436	  70	   1	 551	   3	   1	   4	  15	  25	  30	  80	  70	 447	1066621	1067172	   0	 730	
 437	 437	  30	   2	 342	   1	   1	   5	  15	  25	  30	  80	  70	 546	1069022	1069364	   0	 720	
 438	 438	  70	   1	 465	   3	   1	   5	  15	  26	  30	  80	  70	 464	1071123	1071588	   0	 730	
 439	 439	  30	   4	 759	   1	   2	   6	  15	  26	  30	  80	  70	 461	1073357	1074116	   0	 730	
 440	 440	  70	   1	 491	   3	   1	   6	  15	  27	  30	  80	  70	 620	1076041	1076532	   0	 740	
 441	 441	  80	   1	 436	   2	   1	   6	  16	  27	  30	  80	  70	 342	1078191	1078627	   0	 750	
 442	 442	  70	   2	 646	   3	   1	   6	  16	  28	  30	  80	  70	 565	1080509	1081155	   0	 740	
 443	 443	  30	   3	 727	   1	   2	   7	  16	  28	  30	  80	  70	 429	1082876	1083603	   0	 740	
 444	 444	  80	   1	 380	   2	   1	   7	  17	  28	  30	  80	  70	 627	1085527	1085907	   0	 750	
 445	 445	  30	   4	 624	   1	   2	   8	  17	  28	  30	  80	  70	 593	1087811	1088435	   0	 750	
 446	 446	  80	   2	 552	   2	   1	   8	  18	  28	  30	  80	  70	 672	1090411	1090963	   0	 740	
 447	 447	  30	   4	 712	   1	   2	   9	  18	  28	  30	  80	  70	 509	1092779	1093491	   0	 740	
 448	 448	  80	   1	 569	   2	   1	   9	  19	  28	  30	  80	  70	 345	1095130	1095699	   0	 750	
 449	 449	  30	   4	 585	   1	   2	  10	  19	  28	  30	  80	  70	 505	1097514	1098099	   0	 750	
 450	 450	  70	   1	 631	   3	   1	  10	  19	  29	  30	  80	  70	 542	1099948	1100579	   0	 760	
 451	 451	  30	   3	 629	   1	   2	  11	  19	  29	  30	  80	  70	 495	1102398	1103027	   0	 760	
 452	 452	  80	   1	 453	   2	   1	  11	  20	  29	  30	  80	  70	 454	1104782	1105235	   0	 770	
 453	 453	  70	   1	 650	   3	   1	  11	  20	  30	  30	  80	  70	 482	1107033	1107683	   0	 780	
 454	 454	  80	   1	 603	   2	   1	  11	  21	  30	  30	  80	  70	 401	1109400	1110003	   0	 790	
 455	 455	  30	   4	 611	   1	   2	  12	  21	  30	  30	  80	  70	 651	1111968	1112579	   0	 790	
 456	 456	  80	   1	 714	   2	   1	  12	  22	  30	  30	  80	  70	 309	1114185	1114899	   0	 800	
 457	 457	  70	   1	 545	   3	   1	  12	  22	  31	  30	  80	  70	 579	1116769	1117314	   0	 810	
 458	 458	  30	   4	 514	   1	   2	  13	  22	  31	  30	  80	  70	 523	1119136	1119650	   0	 810	
 459	 459	  70	   1	 572	   3	   1	  13	  22	  32	  30	  80	  70	 691	1121654	1122226	   0	 820	
 460	 460	  30	   3	 538	   1	   2	  14	  22	  32	  30	  80	  70	 564	1124088	1124626	   0	 820	
 461	 461	  80	   1	 414	   2	   1	  14	  23	  32	  30	  80	  70	 445	1126388	1126802	   0	 830	
 462	 462	  70	   1	 586	   3	   1	  14	  23	  33	  30	  80	  70	 335	1128456	1129042	   0	 840	
 463	 463	  30	   4	 569	   1	   2	  15	  23	  33	  30	  80	  70	 521	1130873	1131442	   0	 840	
 464	 464	  80	   1	 594	   2	   1	  15	  24	  33	  30	  80	  70	 680	1133424	1134018	   0	 850	
 465	 465	  30	   4	 568	   1	   2	  16	  24	  33	  30	  80	  70	 352	1135674	1136242	   0	 850	
 466	 466	  70	   2	 527	   3	   1	  16	  24	  34	  30	  80	  70	 329	1137875	1138402	   0	 840	
 467	 467	  80	   2	 525	   2	   1	  16	  25	  34	  30	  80	  70	 603	1140309	1140834	   0	 830	
 468	 468	  70	   1	 358	   3	   1	  16	  25	  35	  30	  80	  70	 337	1142476	1142834	   0	 840	
 469	 469	  30	   3	 554	   1	   2	  17	  25	  35	  30	  80	  70	 610	1144744	1145298	   0	 840	
 470	 470	  80	   1	 531	   2	   1	  17	  26	  35	  30	  80	  70	 307	1146911	1147442	   0	 850	
 471	 471	  30	   4	 620	   1	   2	  18	  26	  35	  30	  80	  70	 311	1149078	1149698	   0	 850	
 472	 472	  50	   2	 898	   3	   1	  18	  26	   1	  30	  80	  50	 692	1151696	1152594	   3	 840	
 473	 473	  30	   4	 561	   1	   2	  19	  26	   1	  30	  80	  50	 568	1154480	1155041	   0	 840	
 474	 474	  80	   1	 517	   2	   1	  19	  27	   1	  30	  80	  50	 420	1156764	1157281	   0	 850	
 475	 475	  30	   2	 557	   1	   1	  20	  27	   1	  30	  80	  50	 351	1158948	1159505	   0	 840	
 476	 476	  50	   3	 419	   3	   2	  20	  27	   2	  30	  80	  50	 388	1161198	1161617	   0	 840	
 477	 477	  80	   1	 441	   2	   1	  20	  28	   2	  30	  80	  50	 501	1163432	1163873	   0	 850	
 478	 478	  50	   4	 847	   3	   2	  20	  28	   3	  30	  80	  50	 492	1165666	1166513	   0	 850	
 479	 479	  80	   2	 545	   2	   1	  20	  29	   3	  30	  80	  50	 592	1168400	1168945	   0	 840	
 480	 480	  30	   4	 539	   1	   2	  21	  29	   3	  30	  80	  50	 679	1170918	1171457	   0	 840	
 481	 481	  50	   4	 381	   3	   2	  21	  29	   4	  30	  80	  50	 469	1173252	1173633	   0	 840	
 482	 482	  80	   1	 477	   2	   1	  21	  30	   4	  30	  80	  50	 695	1175636	1176113	   0	 850	
 483	 483	  50	   3	 825	   3	   2	  21	  30	   5	  30	  80	  50	 300	1177720	1178545	   0	 850	
 484	 484	  20	   1	 794	   2	   1	  21	   1	   5	  30	  20	  50	 620	1180471	1181265	   2	 860	
 485	 485	  30	   3	 582	   1	   2	  22	   1	   5	  30	  20	  50	 405	1182971	1183553	   0	 860	
 486	 486	  20	   2	 709	   2	   1	  22	   2	   5	  30	  20	  50	 508	1185372	1186081	   0	 850	
 487	 487	  50	   3	 714	   3	   2	  22	   2	   6	  30	  20	  50	 657	1188039	1188753	   0	 850	
 488	 488	  20	   2	 890	   2	   1	  22	   3	   6	  30	  20	  50	 372	1190423	1191313	   0	 840	
 489	 489	  30	   3	 544	   1	   2	  23	   3	   6	  30	  20	  50	 389	1193008	1193552	   0	 840	
 490	 490	  50	   3	 638	   3	   2	  23	   3	   7	  30	  20	  50	 583	1195442	1196080	   0	 840	
 491	 491	  30	   4	 755	   1	   2	  24	   3	   7	  30	  20	  50	 303	1197709	1198464	   0	 840	
 492	 492	  50	   3	1028	   3	   2	  24	   3	   8	  30	  20	  50	 681	1200460	1201488	   0	 840	
 493	 493	  20	   3	 571	   2	   2	  24	   4	   8	  30	  20	  50	 678	1203461	1204032	   0	 840	
 494	 494	  50	   4	 578	   3	   2	  24	   4	   9	  30	  20	  50	 331	1205678	1206256	   0	 840	
 495	 495	  30	   4	 664	   1	   2	  25	   4	   9	  30	  20	  50	 348	1207912	1208576	   0	 840	
 496	 496	  20	   2	 687	   2	   1	  25	   5	   9	  30	  20	  50	 619	1210513	1211200	   0	 830	
 497	 497	  50	   2	 452	   3	   1	  25	   5	  10	  30	  20	  50	 671	1213180	1213632	   0	 820	
 498	 498	  30	   4	 607	   1	   2	  26	   5	  10	  30	  20	  50	 339	1215281	1215888	   0	 820	
 499	 499	  50	   1	 564	   3	   1	  26	   5	  11	  30	  20	  50	 354	1217548	1218112	   0	 830	
 500	 500	  30	   4	 561	   1	   2	  27	   5	  11	  30	  20	  50	 595	1220015	1220576	   0	 830	
 501	 501	  50	   2	 775	   3	   1	  27	   5	  12	  30	  20	  50	 348	1222249	1223024	   0	 820	
 502	 502	  20	   2	 628	   2	   1	  27	   6	  12	  30	  20	  50	 377	1224700	1225328	   0	 810	
 503	 503	  30	   3	 518	   1	   2	  28	   6	  12	  30	  20	  50	 400	1227034	1227552	   0	 810	
 504	 504	  50	   1	 843	   3	   1	  28	   6	  13	  30	  20	  50	 430	1229285	1230128	   0	 820	
 505	 505	  30	   4	 540	   1	   2	  29	   6	  13	  30	  20	  50	 601	1232035	1232575	   0	 820	
 506	 506	  20	   2	 476	   2	   1	  29	   7	  13	  30	  20	  50	 527	1234403	1234879	   0	 810	
 507	 507	  50	   3	 921	   3	   2	  29	   7	  14	  30	  20	  50	 684	1236870	1237791	   0	 810	
 508	 508	  20	   4	 445	   2	   2	  29	   8	  14	  30	  20	  50	 436	1239538	1239983	   0	 810	
 509	 509	  50	   4	 559	   3	   2	  29	   8	  15	  30	  20	  50	 593	1241872	1242431	   0	 810	
 510	 510	  30	   4	 606	   1	   2	  30	   8	  15	  30	  20	  50	 551	1244289	1244895	   0	 810	
 511	 511	  50	   4	 573	   3	   2	  30	   8	  16	  30	  20	  50	 489	1246706	1247279	   0	 810	
 512	 512	  30	   4	 466	   1	   2	  31	   8	  16	  30	  20	  50	 370	1248957	1249423	   0	 810	
 513	 513	  20	   2	 651	   2	   1	  31	   9	  16	  30	  20	  50	 367	1251108	1251759	   0	 800	
 514	 514	  30	   4	 543	   1	   2	  32	   9	  16	  30	  20	  50	 347	1253408	1253951	   0	 800	
 515	 515	  50	   1	 387	   3	   1	  32	   9	  17	  30	  20	  50	 443	1255692	1256079	   0	 810	
 516	 516	  30	   4	 501	   1	   2	  33	   9	  17	  30	  20	  50	 644	1258026	1258527	   0	 810	
 517	 517	  20	   4	 371	   2	   2	  33	  10	  17	  30	  20	  50	 616	1260460	1260831	   0	 810	
 518	 518	  50	   4	 576	   3	   2	  33	  10	  18	  30	  20	  50	 386	1262527	1263103	   0	 810	
 519	 519	  20	   4	 493	   2	   2	  33	  11	  18	  30	  20	  50	 580	1264978	1265471	   0	 810	
 520	 520	  80	   2	 836	   1	   1	   1	  11	  18	  80	  20	  50	 399	1267179	1268015	   1	 800	
 521	 521	  20	   4	 984	   2	   2	   1	  12	  18	  80	  20	  50	 488	1269830	1270814	   0	 800	
 522	 522	  50	   3	 506	   3	   2	   1	  12	  19	  80	  20	  50	 450	1272580	1273086	   0	 800	
 523	 523	  80	   1	 706	   1	   1	   2	  12	  19	  80	  20	  50	 367	1274764	1275470	   0	 810	
 524	 524	  50	   4	 608	   3	   2	   2	  12	  20	  80	  20	  50	 402	1277182	1277790	   0	 810	
 525	 525	  80	   1	 412	   1	   1	   3	  12	  20	  80	  20	  50	 592	1279682	1280094	   0	 820	
 526	 526	  50	   4	 466	   3	   2	   3	  12	  21	  80	  20	  50	 513	1281900	1282366	   0	 820	
 527	 527	  80	   2	 497	   1	   1	   4	  12	  21	  80	  20	  50	 641	1284317	1284814	   0	 810	
 528	 528	  50	   4	 463	   3	   2	   4	  12	  22	  80	  20	  50	 623	1286751	1287214	   0	 810	
 529	 529	  80	   1	 604	   1	   1	   5	  12	  22	  80	  20	  50	 309	1288818	1289422	   0	 820	
 530	 530	  50	   3	 480	   3	   2	   5	  12	  23	  80	  20	  50	 375	1291102	1291582	   0	 820	
 531	 531	  80	   1	 612	   1	   1	   6	  12	  23	  80	  20	  50	 476	1293386	1293998	   0	 830	
 532	 532	  50	   3	 626	   3	   2	   6	  12	  24	  80	  20	  50	 516	1295820	1296446	   0	 830	
 533	 533	  80	   1	 480	   1	   1	   7	  12	  24	  80	  20	  50	 508	1298254	1298734	   0	 840	
 534	 534	  20	   4	 498	   2	   2	   7	  13	  24	  80	  20	  50	 550	1300588	1301086	   0	 840	
 535	 535	  50	   3	 652	   3	   2	   7	  13	  25	  80	  20	  50	 319	1302722	1303374	   0	 840	
 536	 536	  20	   3	 702	   2	   2	   7	  14	  25	  80	  20	  50	 348	1305040	1305742	   0	 840	
 537	 537	  80	   1	 620	   1	   1	   8	  14	  25	  80	  20	  50	 415	1307474	1308094	   0	 850	
 538	 538	  50	   3	 953	   3	   2	   8	  14	  26	  80	  20	  50	 526	1309924	1310877	   0	 850	
 539	 539	  20	   4	 603	   2	   2	   8	  15	  26	  80	  20	  50	 448	1312642	1313245	   0	 850	
 540	 540	  50	   4	 552	   3	   2	   8	  15	  27	  80	  20	  50	 554	1315109	1315661	   0	 850	
 541	 541	  20	   3	 645	   2	   2	   8	  16	  27	  80	  20	  50	 565	1317560	1318205	   0	 850	
 542	 542	  50	   4	 530	   3	   2	   8	  16	  28	  80	  20	  50	 509	1320011	1320541	   0	 850	
 543	 543	  20	   4	 500	   2	   2	   8	  17	  28	  80	  20	  50	 494	1322345	1322845	   0	 850	
 544	 544	  80	   1	 755	   1	   1	   9	  17	  28	  80	  20	  50	 610	1324762	1325517	   0	 860	
 545	 545	  20	   4	 678	   2	   2	   9	  18	  28	  80	  20	  50	 656	1327479	1328157	   0	 860	
 546	 546	  50	   3	 596	   3	   2	   9	  18	  29	  80	  20	  50	 433	1329897	1330493	   0	 860	
 547	 547	  20	   4	 763	   2	   2	   9	  19	  29	  80	  20	  50	 321	1332114	1332877	   0	 860	
 548	 548	  80	   1	 618	   1	   1	  10	  19	  29	  80	  20	  50	 345	1334515	1335133	   0	 870	
 549	 549	  50	   4	 662	   3	   2	  10	  19	  30	  80	  20	  50	 578	1337015	1337677	   0	 870	
 550	 550	  20	   4	 571	   2	   2	  10	  20	  30	  80	  20	  50	 680	1339650	1340221	   0	 870	
 551	 551	  80	   1	 559	   1	   1	  11	  20	  30	  80	  20	  50	 406	1341950	1342509	   0	 880	
 552	 552	  20	   4	 610	   2	   2	  11	  21	  30	  80	  20	  50	 442	1344251	1344861	   0	 880	
 553	 553	  80	   1	 510	   1	   1	  12	  21	  30	  80	  20	  50	 576	1346735	1347245	   0	 890	
 554	 554	  50	   3	 717	   3	   2	  12	  21	  31	  80	  20	  50	 567	1349119	1349836	   0	 890	
 555	 555	  20	   3	 510	   2	   2	  12	  22	  31	  80	  20	  50	 346	1351486	1351996	   0	 890	
 556	 556	  50	   4	 581	   3	   2	  12	  22	  32	  80	  20	  50	 387	1353687	1354268	   0	 890	
 557	 557	  80	   1	 568	   1	   1	  13	  22	  32	  80	  20	  50	 409	1355988	1356556	   0	 900	
 558	 558	  50	   4	 598	   3	   2	  13	  22	  33	  80	  20	  50	 565	1358438	1359036	   0	 900	
 559	 559	  80	   2	 510	   1	   1	  14	  22	  33	  80	  20	  50	 666	1361022	1361532	   0	 890	
 560	 560	  30	   4	1044	   3	   2	  14	  22	   1	  80	  20	  30	 411	1363240	1364284	   3	 890	
 561	 561	  80	   1	 524	   1	   1	  15	  22	   1	  80	  20	  30	 635	1366240	1366764	   0	 900	
 562	 562	  20	   4	 598	   2	   2	  15	  23	   1	  80	  20	  30	 687	1368758	1369356	   0	 900	
 563	 563	  30	   2	 426	   3	   1	  15	  23	   2	  80	  20	  30	 366	1371042	1371468	   0	 890	
 564	 564	  20	   4	 591	   2	   2	  15	  24	   2	  80	  20	  30	 515	1373293	1373884	   0	 890	
 565	 565	  80	   2	 715	   1	   1	  16	  24	   2	  80	  20	  30	 582	1375777	1376492	   0	 880	
 566	 566	  20	   4	 691	   2	   2	  16	  25	   2	  80	  20	  30	 571	1378377	1379068	   0	 880	
 567	 567	  80	   1	 571	   1	   1	  17	  25	   2	  80	  20	  30	 588	1380961	1381532	   0	 890	
 568	 568	  30	   2	1117	   3	   1	  17	  25	   3	  80	  20	  30	 440	1383279	1384396	   0	 880	
 569	 569	  20	   4	 551	   2	   2	  17	  26	   3	  80	  20	  30	 490	1386196	1386747	   0	 880	
 570	 570	  80	   1	 515	   1	   1	  18	  26	   3	  80	  20	  30	 626	1388680	1389195	   0	 890	
 571	 571	  20	   4	 501	   2	   2	  18	  27	   3	  80	  20	  30	 475	1390998	1391499	   0	 890	
 572	 572	  80	   1	 648	   1	   1	  19	  27	   3	  80	  20	  30	 499	1393315	1393963	   0	 900	
 573	 573	  30	   4	 615	   3	   2	  19	  27	   4	  80	  20	  30	 432	1395716	1396331	   0	 900	
 574	 574	  20	   3	 757	   2	   2	  19	  28	   4	  80	  20	  30	 500	1398150	1398907	   0	 900	
 575	 575	  30	   3	 647	   3	   2	  19	  28	   5	  80	  20	  30	 671	1400884	1401531	   0	 900	
 576	 576	  20	   4	 512	   2	   2	  19	  29	   5	  80	  20	  30	 599	1403451	1403963	   0	 900	
 577	 577	  80	   1	 601	   1	   1	  20	  29	   5	  80	  20	  30	 338	1405602	1406203	   0	 910	
 578	 578	  20	   4	 698	   2	   2	  20	  30	   5	  80	  20	  30	 461	1407969	1408667	   0	 910	
 579	 579	  30	   4	 729	   3	   2	  20	  30	   6	  80	  20	  30	 399	1410386	1411115	   0	 910	
 580	 580	  20	   4	 519	   2	   2	  20	  31	   6	  80	  20	  30	 399	1412820	1413339	   0	 910	
 581	 581	  80	   1	 599	   1	   1	  21	  31	   6	  80	  20	  30	 524	1415188	1415787	   0	 920	
 582	 582	  20	   4	 558	   2	   2	  21	  32	   6	  80	  20	  30	 309	1417405	1417963	   0	 920	
 583	 583	  30	   3	 529	   3	   2	  21	  32	   7	  80	  20	  30	 443	1419706	1420235	   0	 920	
 584	 584	  20	   4	 592	   2	   2	  21	  33	   7	  80	  20	  30	 582	1422123	1422715	   0	 920	
 585	 585	  30	   2	 600	   3	   1	  21	  33	   8	  80	  20	  30	 658	1424674	1425274	   0	 910	
 586	 586	  80	   2	 634	   1	   1	  22	  33	   8	  80	  20	  30	 426	1427008	1427642	   0	 900	
 587	 587	  30	   2	 995	   3	   1	  22	  33	   9	  80	  20	  30	 622	1429575	1430570	   0	 890	
 588	 588	  80	   1	 539	   1	   1	  23	  33	   9	  80	  20	  30	 675	1432543	1433082	   0	 900	
 589	 589	  20	   4	 618	   2	   2	  23	  34	   9	  80	  20	  30	 571	1434960	1435578	   0	 900	
 590	 590	  30	   1	1074	   3	   1	  23	  34	  10	  80	  20	  30	 632	1437528	1438602	   0	 910	
 591	 591	  80	   1	 803	   1	   1	  24	  34	  10	  80	  20	  30	 368	1440295	1441098	   0	 920	
 592	 592	  20	   4	 556	   2	   2	  24	  35	  10	  80	  20	  30	 450	1442862	1443418	   0	 920	
 593	 593	  80	   1	 502	   1	   1	  25	  35	  10	  80	  20	  30	 661	1445380	1445882	   0	 930	
 594	 594	  70	   1	 950	   2	   1	  25	   1	  10	  80	  70	  30	 580	1447764	1448714	   2	 940	
 595	 595	  80	   1	 527	   1	   1	  26	   1	  10	  80	  70	  30	 301	1450331	1450858	   0	 950	
 596	 596	  30	   4	1017	   3	   2	  26	   1	  11	  80	  70	  30	 699	1452865	1453882	   0	 950	
 597	 597	  80	   1	 540	   1	   1	  27	   1	  11	  80	  70	  30	 369	1455566	1456106	   0	 960	
 598	 598	  70	   1	 659	   2	   1	  27	   2	  11	  80	  70	  30	 354	1457767	1458426	   0	 970	
 599	 599	  80	   2	 543	   1	   1	  28	   2	  11	  80	  70	  30	 525	1460251	1460794	   0	 960	
 600	 600	  30	   4	 824	   3	   2	  28	   2	  12	  80	  70	  30	 312	1462401	1463225	   0	 960	
 601	 601	  80	   1	 605	   1	   1	  29	   2	  12	  80	  70	  30	 506	1465052	1465657	   0	 970	
 602	 602	  70	   1	 890	   2	   1	  29	   3	  12	  80	  70	  30	 542	1467503	1468393	   0	 980	
 603	 603	  30	   4	 758	   3	   2	  29	   3	  13	  80	  70	  30	 687	1470387	1471145	   0	 980	
 604	 604	  70	   1	 723	   2	   1	  29	   4	  13	  80	  70	  30	 399	1472854	1473577	   0	 990	
 605	 605	  30	   4	 620	   3	   2	  29	   4	  14	  80	  70	  30	 515	1475405	1476025	   0	 990	
 606	 606	  70	   2	 581	   2	   1	  29	   5	  14	  80	  70	  30	 632	1477972	1478553	   0	 980	
 607	 607	  30	   3	 900	   3	   2	  29	   5	  15	  80	  70	  30	 494	1480357	1481257	   0	 980	
 608	 608	  70	   1	 508	   2	   1	  29	   6	  15	  80	  70	  30	 375	1482941	1483449	   0	 990	
 609	 609	  30	   4	 842	   3	   2	  29	   6	  16	  80	  70	  30	 639	1485391	1486233	   0	 990	
 610	 610	  80	   1	 566	   1	   1	  30	   6	  16	  80	  70	  30	 331	1487875	1488441	   0	1000	
 611	 611	  70	   2	 612	   2	   1	  30	   7	  16	  80	  70	  30	 527	1490293	1490905	   0	 990	
 612	 612	  30	   4	 626	   3	   2	  30	   7	  17	  80	  70	  30	 539	1492743	1493369	   0	 990	
 613	 613	  70	   1	 403	   2	   1	  30	   8	  17	  80	  70	  30	 419	1495094	1495497	   0	1000	
 614	 614	  50	   4	 967	   1	   2	   1	   8	  17	  50	  70	  30	 549	1497378	1498345	   1	1000	
 615	 615	  70	   1	 504	   2	   1	   1	   9	  17	  50	  70	  30	 475	1500129	1500633	   0	1010	
 616	 616	  30	   4	 564	   3	   2	   1	   9	  18	  50	  70	  30	 636	1502580	1503144	   0	1010	
 617	 617	  50	   4	 513	   1	   2	   2	   9	  18	  50	  70	  30	 589	1505047	1505560	   0	1010	
 618	 618	  30	   3	 584	   3	   2	   2	   9	  19	  50	  70	  30	 407	1507264	1507848	   0	1010	
 619	 619	  70	   2	 706	   2	   1	   2	  10	  19	  50	  70	  30	 644	1509798	1510504	   0	1000	
 620	 620	  30	   3	 848	   3	   2	   2	  10	  20	  50	  70	  30	 406	1512216	1513064	   0	1000	
 621	 621	  70	   1	 590	   2	   1	   2	  11	  20	  50	  70	  30	 680	1515066	1515656	   0	1010	
 622	 622	  50	   4	 542	   1	   2	   3	  11	  20	  50	  70	  30	 474	1517434	1517976	   0	1010	
 623	 623	  70	   1	 517	   2	   1	   3	  12	  20	  50	  70	  30	 379	1519651	1520168	   0	1020	
 624	 624	  50	   3	 811	   1	   2	   4	  12	  20	  50	  70	  30	 409	1521885	1522696	   0	1020	
 625	 625	  30	   3	 820	   3	   2	   4	  12	  21	  50	  70	  30	 456	1524452	1525272	   0	1020	
 626	 626	  70	   1	 410	   2	   1	   4	  13	  21	  50	  70	  30	 487	1527070	1527480	   0	1030	
 627	 627	  50	   3	 520	   1	   2	   5	  13	  21	  50	  70	  30	 342	1529120	1529640	   0	1030	
 628	 628	  30	   4	 402	   3	   2	   5	  13	  22	  50	  70	  30	 681	1531638	1532040	   0	1030	
 629	 629	  50	   4	 503	   1	   2	   6	  13	  22	  50	  70	  30	 544	1533889	1534392	   0	1030	
 630	 630	  70	   1	 471	   2	   1	   6	  14	  22	  50	  70	  30	 570	1536273	1536744	   0	1040	
 631	 631	  30	   4	 594	   3	   2	   6	  14	  23	  50	  70	  30	 323	1538390	1538984	   0	1040	
 632	 632	  50	   3	 460	   1	   2	   7	  14	  23	  50	  70	  30	 614	1540891	1541351	   0	1040	
 633	 633	  70	   2	 556	   2	   1	   7	  15	  23	  50	  70	  30	 626	1543275	1543831	   0	1030	
 634	 634	  30	   4	 430	   3	   2	   7	  15	  24	  50	  70	  30	 467	1545609	1546039	   0	1030	
 635	 635	  50	   3	 504	   1	   2	   8	  15	  24	  50	  70	  30	 399	1547759	1548263	   0	1030	
 636	 636	  30	   4	 518	   3	   2	   8	  15	  25	  50	  70	  30	 601	1550177	1550695	   0	1030	
 637	 637	  50	   3	 546	   1	   2	   9	  15	  25	  50	  70	  30	 648	1552661	1553207	   0	1030	
 638	 638	  30	   4	 596	   3	   2	   9	  15	  26	  50	  70	  30	 491	1554995	1555591	   0	1030	
 639	 639	  70	   1	 504	   2	   1	   9	  16	  26	  50	  70	  30	 383	1557279	1557783	   0	1040	
 640	 640	  50	   4	 467	   1	   2	  10	  16	  26	  50	  70	  30	 310	1559396	1559863	   0	1040	
 641	 641	  70	   1	 664	   2	   1	  10	  17	  26	  50	  70	  30	 477	1561663	1562327	   0	1050	
 642	 642	  30	   1	 587	   3	   1	  10	  17	  27	  50	  70	  30	 320	1563964	1564551	   0	1060	
 643	 643	  50	   3	 460	   1	   2	  11	  17	  27	  50	  70	  30	 479	1566331	1566791	   0	1060	
 644	 644	  70	   1	 427	   2	   1	  11	  18	  27	  50	  70	  30	 656	1568748	1569175	   0	1070	
 645	 645	  30	   4	 727	   3	   2	  11	  18	  28	  50	  70	  30	 335	1570816	1571543	   0	1070	
 646	 646	  70	   2	 461	   2	   1	  11	  19	  28	  50	  70	  30	 610	1573450	1573911	   0	1060	
 647	 647	  50	   4	 648	   1	   2	  12	  19	  28	  50	  70	  30	 363	1575567	1576215	   0	1060	
 648	 648	  30	   4	 544	   3	   2	  12	  19	  29	  50	  70	  30	 596	1578118	1578662	   0	1060	
 649	 649	  50	   4	 630	   1	   2	  13	  19	  29	  50	  70	  30	 400	1580368	1580998	   0	1060	
 650	 650	  30	   3	 653	   3	   2	  13	  19	  30	  50	  70	  30	 674	1582969	1583622	   0	1060	
 651	 651	  70	   2	 508	   2	   1	  13	  20	  30	  50	  70	  30	 417	1585370	1585878	   0	1050	
 652	 652	  30	   4	 470	   3	   2	  13	  20	   1	  50	  70	  30	 318	1587504	1587974	   0	1050	
 653	 653	  50	   3	 461	   1	   2	  14	  20	   1	  50	  70	  30	 434	1589721	1590182	   0	1050	
 654	 654	  70	   2	 644	   2	   1	  14	  21	   1	  50	  70	  30	 452	1591938	1592582	   0	1040	
 655	 655	  50	   3	 434	   1	   2	  15	  21	   1	  50	  70	  30	 482	1594372	1594806	   0	1040	
 656	 656	  70	   1	 450	   2	   1	  15	  22	   1	  50	  70	  30	 626	1596740	1597190	   0	1050	
 657	 657	  30	   4	 456	   3	   2	  15	  22	   2	  50	  70	  30	 481	1598990	1599446	   0	1050	
 658	 658	  50	   4	 513	   1	   2	  16	  22	   2	  50	  70	  30	 393	1601141	1601654	   0	1050	
 659	 659	  30	   4	 575	   3	   2	  16	  22	   3	  50	  70	  30	 616	1603575	1604150	   0	1050	
 660	 660	  70	   1	 622	   2	   1	  16	  23	   3	  50	  70	  30	 532	1605992	1606614	   0	1060	
 661	 661	  30	   4	 515	   3	   2	  16	  23	   4	  50	  70	  30	 686	1608627	1609142	   0	1060	
 662	 662	  70	   1	 562	   2	   1	  16	  24	   4	  50	  70	  30	 587	1611044	1611606	   0	1070	
 663	 663	  30	   3	 611	   3	   2	  16	  24	   5	  50	  70	  30	 504	1613411	1614022	   0	1070	
 664	 664	  70	   1	 683	   2	   1	  16	  25	   5	  50	  70	  30	 631	1615962	1616645	   0	1080	
 665	 665	  50	   3	 501	   1	   2	  17	  25	   5	  50	  70	  30	 537	1618496	1618997	   0	1080	
 666	 666	  30	   4	 568	   3	   2	  17	  25	   6	  50	  70	  30	 503	1620813	1621381	   0	1080	
 667	 667	  70	   1	 508	   2	   1	  17	  26	   6	  50	  70	  30	 407	1623097	1623605	   0	1090	
 668	 668	  30	   3	 547	   3	   2	  17	  26	   7	  50	  70	  30	 389	1625298	1625845	   0	1090	
 669	 669	  50	   4	 718	   1	   2	  18	  26	   7	  50	  70	  30	 651	1627815	1628533	   0	1090	
 670	 670	  70	   2	 612	   2	   1	  18	  27	   7	  50	  70	  30	 609	1630449	1631061	   0	1080	
 671	 671	  50	   3	 734	   1	   2	  19	  27	   7	  50	  70	  30	 585	1632967	1633701	   0	1080	
 672	 672	  30	   4	 545	   3	   2	  19	  27	   8	  50	  70	  30	 663	1635668	1636213	   0	1080	
 673	 673	  70	   1	 545	   2	   1	  19	  28	   8	  50	  70	  30	 557	1638068	1638613	   0	1090	
 674	 674	  30	   4	 997	   3	   2	  19	  28	   9	  50	  70	  30	 430	1640336	1641333	   0	1090	
 675	 675	  50	   4	 793	   1	   2	  20	  28	   9	  50	  70	  30	 377	1643020	1643813	   0	1090	
 676	 676	  70	   1	 575	   2	   1	  20	  29	   9	  50	  70	  30	 543	1645654	1646229	   0	1100	
 677	 677	  30	   3	 521	   3	   2	  20	  29	  10	  50	  70	  30	 656	1648188	1648709	   0	1100	
 678	 678	  50	   3	 497	   1	   2	  21	  29	  10	  50	  70	  30	 362	1650372	1650869	   0	1100	
 679	 679	  70	   2	 526	   2	   1	  21	  30	  10	  50	  70	  30	 655	1652823	1653349	   0	1090	
 680	 680	  50	   3	 490	   1	   2	  22	  30	  10	  50	  70	  30	 642	1655290	1655780	   0	1090	
 681	 681	  30	   4	 404	   3	   2	  22	  30	  11	  50	  70	  30	 324	1657424	1657828	   0	1090	
 682	 682	  50	   3	 551	   1	   2	  23	  30	  11	  50	  70	  30	 597	1659725	1660276	   0	1090	
 683	 683	  30	   4	 532	   3	   2	  23	  30	  12	  50	  70	  30	 613	1662192	1662724	   0	1090	
 684	 684	  50	   4	 607	   1	   2	  24	  30	  12	  50	  70	  30	 673	1664709	1665316	   0	1090	
 685	 685	  70	   1	 587	   2	   1	  24	  31	  12	  50	  70	  30	 570	1667193	1667780	   0	1100	
 686	 686	  50	   4	 457	   1	   2	  25	  31	  12	  50	  70	  30	 524	1669611	1670068	   0	1100	
 687	 687	  70	   1	 675	   2	   1	  25	  32	  12	  50	  70	  30	 365	1671745	1672420	   0	1110	
 688	 688	  50	   4	 536	   1	   2	  26	  32	  12	  50	  70	  30	 688	1674412	1674948	   0	1110	
 689	 689	  30	   4	 560	   3	   2	  26	  32	  13	  50	  70	  30	 344	1676596	1677156	   0	1110	
 690	 690	  50	   4	 527	   1	   2	  27	  32	  13	  50	  70	  30	 560	1679013	1679540	   0	1110	
 691	 691	  30	   4	 665	   3	   2	  27	  32	  14	  50	  70	  30	 666	1681531	1682196	   0	1110	
 692	 692	  70	   1	 680	   2	   1	  27	  33	  14	  50	  70	  30	 436	1683948	1684628	   0	1120	
 693	 693	  30	   3	 546	   3	   2	  27	  33	  15	  50	  70	  30	 541	1686466	1687012	   0	1120	
 694	 694	  50	   3	 556	   1	   2	  28	  33	  15	  50	  70	  30	 681	1689000	1689556	   0	1120	
 695	 695	  70	   2	 698	   2	   1	  28	  34	  15	  50	  70	  30	 597	1691450	1692148	   0	1110	
 696	 696	  30	   4	 769	   3	   2	  28	  34	  16	  50	  70	  30	 564	1694018	1694787	   0	1110	
 697	 697	  50	   4	 500	   1	   2	  29	  34	  16	  50	  70	  30	 644	1696735	1697235	   0	1110	
 698	 698	  30	   4	 559	   3	   2	  29	  34	  17	  50	  70	  30	 683	1699236	1699795	   0	1110	
 699	 699	  50	   3	 518	   1	   2	  30	  34	  17	  50	  70	  30	 360	1701453	1701971	   0	1110	
 700	 700	  30	   4	 776	   3	   2	  30	  34	  18	  50	  70	  30	 499	1703787	1704563	   0	1110	
 701	 701	  70	   1	 598	   2	   1	  30	  35	  18	  50	  70	  30	 322	1706205	1706803	   0	1120	
 702	 702	  30	   3	 719	   3	   2	  30	  35	  19	  50	  70	  30	 650	1708772	1709491	   0	1120	
 703	 703	  50	   4	 508	   1	   2	  31	  35	  19	  50	  70	  30	 422	1711223	1711731	   0	1120	
 704	 704	  30	   3	 630	   3	   2	  31	  35	  20	  50	  70	  30	 321	1713357	1713987	   0	1120	
 705	 705	  50	   4	 507	   1	   2	  32	  35	  20	  50	  70	  30	 328	1715624	1716131	   0	1120	
 706	 706	  70	   1	 536	   2	   1	  32	   1	  20	  50	  70	  30	 642	1718075	1718611	   0	1130	
 707	 707	  50	   3	 584	   1	   2	  33	   1	  20	  50	  70	  30	 543	1720459	1721043	   0	1130	
 708	 708	  30	   3	 608	   3	   2	  33	   1	  21	  50	  70	  30	 313	1722659	1723267	   0	1130	
 709	 709	  50	   4	 590	   1	   2	   1	   1	  21	  50	  70	  30	 502	1725077	1725667	   0	1130	
