Version: 1	Number of symbols: 3	Pictures exchange: true	Response Deadline: 2000
Trial_No	Virt_Trial_No	Prob_Shown	Feedback	RT	Stimulus_No	Resp	SymbolA_Stage	SymbolB_Stage	SymbolC_Stage	Prob_A	Prob_B	Prob_C	Jitter	StimOnset	RespOnset	Symbol_Changes	Bonus_sum
   1	   1	  30	   2	1426	   1	   1	   1	   0	   0	  30	  70	  50	 479	1683	3109	   0	 -10	
   2	   2	  50	   2	 822	   3	   1	   1	   0	   1	  30	  70	  50	 426	4831	5653	   0	 -20	
   3	   3	  30	   2	 658	   1	   1	   2	   0	   1	  30	  70	  50	 394	7347	8005	   0	 -30	
   4	   4	  50	   1	 419	   3	   1	   2	   0	   2	  30	  70	  50	 432	9746	10165	   0	 -20	
   5	   5	  70	   1	1111	   2	   1	   2	   1	   2	  30	  70	  50	 591	12062	13173	   0	 -10	
   6	   6	  30	   2	1481	   1	   1	   3	   1	   2	  30	  70	  50	 337	14811	16292	   0	 -20	
   7	   7	  50	   2	1579	   3	   1	   3	   1	   3	  30	  70	  50	 365	17977	19556	   0	 -30	
   8	   8	  70	   1	1722	   2	   1	   3	   2	   3	  30	  70	  50	 371	21242	22964	   0	 -20	
   9	   9	  50	   2	1298	   3	   1	   3	   2	   4	  30	  70	  50	 384	24658	25956	   0	 -30	
  10	  10	  30	   1	 995	   1	   1	   4	   2	   4	  30	  70	  50	 613	27873	28868	   0	 -20	
NaN	  11	  50	NaN	NaN	   3	   3	   4	   2	   4	  30	  70	  50	 524	27873	NaN	   0	 -20	
  11	  12	  70	   1	 763	   2	   1	   4	   3	   4	  30	  70	  50	 537	34521	35284	   0	 -10	
  12	  13	  50	   1	 806	   3	   1	   4	   3	   5	  30	  70	  50	 474	37070	37876	   0	   0	
  13	  14	  70	   2	 565	   2	   1	   4	   4	   5	  30	  70	  50	 328	39503	40068	   0	 -10	
  14	  15	  50	   2	 774	   3	   1	   4	   4	   6	  30	  70	  50	 547	41918	42692	   0	 -20	
  15	  16	  30	   1	 430	   1	   1	   5	   4	   6	  30	  70	  50	 545	44534	44964	   0	 -10	
  16	  17	  70	   2	 739	   2	   1	   5	   5	   6	  30	  70	  50	 561	46833	47572	   0	 -20	
  17	  18	  50	   1	 563	   3	   1	   5	   5	   7	  30	  70	  50	 376	49249	49812	   0	 -10	
  18	  19	  70	   1	 794	   2	   1	   5	   6	   7	  30	  70	  50	 395	51498	52292	   0	   0	
  19	  20	  30	   2	 580	   1	   1	   6	   6	   7	  30	  70	  50	 464	54048	54628	   0	 -10	
  20	  21	  50	   1	 535	   3	   1	   6	   6	   8	  30	  70	  50	 457	56397	56932	   0	   0	
  21	  22	  30	   2	 503	   1	   1	   7	   6	   8	  30	  70	  50	 543	58796	59299	   0	 -10	
  22	  23	  50	   2	 453	   3	   1	   7	   6	   9	  30	  70	  50	 673	61278	61731	   0	 -20	
  23	  24	  30	   2	 446	   1	   1	   8	   6	   9	  30	  70	  50	 415	63461	63907	   0	 -30	
  24	  25	  70	   1	 257	   2	   1	   8	   7	   9	  30	  70	  50	 588	65810	66067	   0	 -20	
  25	  26	  50	   3	 938	   3	   2	   8	   7	  10	  30	  70	  50	 624	67993	68931	   0	 -20	
  26	  27	  30	   4	 525	   1	   2	   9	   7	  10	  30	  70	  50	 529	70758	71283	   0	 -20	
  27	  28	  50	   1	 981	   3	   1	   9	   7	  11	  30	  70	  50	 393	72974	73955	   0	 -10	
  28	  29	  70	   3	 503	   2	   2	   9	   8	  11	  30	  70	  50	 465	75740	76243	   0	 -10	
  29	  30	  50	   2	 462	   3	   1	   9	   8	  12	  30	  70	  50	 445	77989	78451	   0	 -20	
  30	  31	  70	   3	 731	   2	   2	   9	   9	  12	  30	  70	  50	 315	80072	80803	   0	 -20	
  31	  32	  50	   3	 579	   3	   2	   9	   9	  13	  30	  70	  50	 579	82704	83283	   0	 -20	
  32	  33	  30	   3	 654	   1	   2	  10	   9	  13	  30	  70	  50	 671	85253	85907	   0	 -20	
  33	  34	  70	   4	 871	   2	   2	  10	  10	  13	  30	  70	  50	 617	87836	88707	   0	 -20	
  34	  35	  30	   2	 661	   1	   1	  11	  10	  13	  30	  70	  50	 313	90318	90979	   0	 -30	
  35	  36	  70	   1	 632	   2	   1	  11	  11	  13	  30	  70	  50	 381	92667	93299	   0	 -20	
  36	  37	  50	   3	 489	   3	   2	  11	  11	  14	  30	  70	  50	 448	95066	95555	   0	 -20	
  37	  38	  30	   1	 853	   1	   1	  12	  11	  14	  30	  70	  50	 312	97166	98019	   0	 -10	
  38	  39	  70	   4	 651	   2	   2	  12	  12	  14	  30	  70	  50	 523	99848	100499	   0	 -10	
  39	  40	  30	   2	 834	   1	   1	  13	  12	  14	  30	  70	  50	 680	102481	103315	   0	 -20	
  40	  41	  50	   2	 818	   3	   1	  13	  12	  15	  30	  70	  50	 677	105296	106114	   0	 -30	
  41	  42	  70	   1	 853	   2	   1	  13	  13	  15	  30	  70	  50	 599	108045	108898	   0	 -20	
  42	  43	  30	   4	 858	   1	   2	  14	  13	  15	  30	  70	  50	 531	110744	111602	   0	 -20	
  43	  44	  70	   3	1235	   2	   2	  14	  14	  15	  30	  70	  50	 446	113343	114578	   0	 -20	
  44	  45	  50	   1	 387	   3	   1	  14	  14	  16	  30	  70	  50	 670	116559	116946	   0	 -10	
  45	  46	  30	   2	 690	   1	   1	  15	  14	  16	  30	  70	  50	 363	118608	119298	   0	 -20	
  46	  47	  70	   1	 805	   2	   1	  15	  15	  16	  30	  70	  50	 356	120957	121762	   0	 -10	
  47	  48	  30	   3	 979	   1	   2	  16	  15	  16	  30	  70	  50	 348	123423	124402	   0	 -10	
  48	  49	  70	   2	 772	   2	   1	  16	  16	  16	  30	  70	  50	 504	126206	126978	   0	 -20	
  49	  50	  30	   2	 289	   1	   1	  17	  16	  16	  30	  70	  50	 435	128721	129010	   0	 -30	
  50	  51	  70	   1	 313	   2	   1	  17	  17	  16	  30	  70	  50	 610	130921	131234	   0	 -20	
  51	  52	  30	   2	 664	   1	   1	  18	  17	  16	  30	  70	  50	 412	132970	133634	   0	 -30	
  52	  53	  70	   3	 842	   2	   2	  18	  18	  16	  30	  70	  50	 388	135336	136178	   0	 -30	
  53	  54	  30	   1	 501	   1	   1	  19	  18	  16	  30	  70	  50	 415	137901	138402	   0	 -20	
  54	  55	  70	   2	 497	   2	   1	  19	  19	  16	  30	  70	  50	 300	140017	140514	   0	 -30	
  55	  56	  50	   2	 350	   3	   1	  19	  19	  17	  30	  70	  50	 670	142500	142850	   0	 -40	
  56	  57	  30	   2	 634	   1	   1	  20	  19	  17	  30	  70	  50	 453	144616	145250	   0	 -50	
  57	  58	  70	   1	1058	   2	   1	  20	  20	  17	  30	  70	  50	 684	147248	148306	   0	 -40	
  58	  59	  50	   4	 589	   3	   2	  20	  20	  18	  30	  70	  50	 563	150164	150753	   0	 -40	
  59	  60	  30	   4	 421	   1	   2	  21	  20	  18	  30	  70	  50	 324	152380	152801	   0	 -40	
  60	  61	  50	   3	 297	   3	   2	  21	  20	  19	  30	  70	  50	 604	154712	155009	   0	 -40	
  61	  62	  70	   3	 290	   2	   2	  21	  21	  19	  30	  70	  50	 557	156895	157185	   0	 -40	
  62	  63	  50	   2	 572	   3	   1	  21	  21	  20	  30	  70	  50	 566	159061	159633	   0	 -50	
  63	  64	  70	   4	 761	   2	   2	  21	  22	  20	  30	  70	  50	 628	161560	162321	   0	 -50	
  64	  65	  50	   2	 349	   3	   1	  21	  22	  21	  30	  70	  50	 657	164276	164625	   0	 -60	
  65	  66	  30	   3	 398	   1	   2	  22	  22	  21	  30	  70	  50	 347	166275	166673	   0	 -60	
  66	  67	  70	   3	 523	   2	   2	  22	  23	  21	  30	  70	  50	 385	168374	168897	   0	 -60	
  67	  68	  30	   2	 658	   1	   1	  23	  23	  21	  30	  70	  50	 422	170623	171281	   0	 -70	
  68	  69	  50	   3	 609	   3	   2	  23	  23	  22	  30	  70	  50	 490	173072	173681	   0	 -70	
  69	  70	  70	   3	 611	   2	   2	  23	  24	  22	  30	  70	  50	 431	175422	176033	   0	 -70	
  70	  71	  50	   2	 350	   3	   1	  23	  24	  23	  30	  70	  50	 659	177987	178337	   0	 -80	
  71	  72	  70	   3	 456	   2	   2	  23	  25	  23	  30	  70	  50	 496	180153	180609	   0	 -80	
  72	  73	  50	   4	 585	   3	   2	  23	  25	  24	  30	  70	  50	 623	182536	183121	   0	 -80	
  73	  74	  70	   4	 415	   2	   2	  23	  26	  24	  30	  70	  50	 371	184802	185217	   0	 -80	
  74	  75	  50	   3	 331	   3	   2	  23	  26	  25	  30	  70	  50	 391	186918	187249	   0	 -80	
  75	  76	  70	   3	 256	   2	   2	  23	  27	  25	  30	  70	  50	 673	189233	189489	   0	 -80	
  76	  77	  50	   4	 666	   3	   2	  23	  27	  26	  30	  70	  50	 612	191399	192065	   0	 -80	
  77	  78	  70	   3	 374	   2	   2	  23	  28	  26	  30	  70	  50	 540	193915	194289	   0	 -80	
  78	  79	  50	   3	 466	   3	   2	  23	  28	  27	  30	  70	  50	 439	196031	196497	   0	 -80	
  79	  80	  30	   4	 494	   1	   2	  24	  28	  27	  30	  70	  50	 303	198114	198608	   0	 -80	
  80	  81	  70	   4	 420	   2	   2	  24	  29	  27	  30	  70	  50	 488	200396	200816	   0	 -80	
  81	  82	  30	   4	 465	   1	   2	  25	  29	  27	  30	  70	  50	 336	202479	202944	   0	 -80	
  82	  83	  50	   3	 340	   3	   2	  25	  29	  28	  30	  70	  50	 575	204828	205168	   0	 -80	
  83	  84	  30	   3	 773	   1	   2	  26	  29	  28	  30	  70	  50	 331	206811	207584	   0	 -80	
  84	  85	  70	   3	 667	   2	   2	  26	  30	  28	  30	  70	  50	 604	209493	210160	   0	 -80	
  85	  86	  50	   4	 410	   3	   2	  26	  30	  29	  30	  70	  50	 477	211942	212352	   0	 -80	
  86	  87	  70	   3	 408	   2	   2	  26	  31	  29	  30	  70	  50	 356	214008	214416	   0	 -80	
  87	  88	  50	   3	 286	   3	   2	  26	  31	  30	  30	  70	  50	 550	216274	216560	   0	 -80	
  88	  89	  30	   4	 491	   1	   2	  27	  31	  30	  30	  70	  50	 503	218373	218864	   0	 -80	
  89	  90	  70	   4	 520	   2	   2	  27	  32	  30	  30	  70	  50	 310	220472	220992	   0	 -80	
  90	  91	  30	   4	 553	   3	   2	  27	  32	   1	  30	  70	  30	 429	222855	223408	   3	 -80	
  91	  92	  70	   3	 701	   2	   2	  27	  33	   1	  30	  70	  30	 436	225171	225872	   0	 -80	
  92	  93	  30	   4	 747	   1	   2	  28	  33	   1	  30	  70	  30	 456	227637	228384	   0	 -80	
  93	  94	  30	   1	 735	   3	   1	  28	  33	   2	  30	  70	  30	 671	230369	231104	   0	 -70	
  94	  95	  30	   3	 503	   1	   2	  29	  33	   2	  30	  70	  30	 584	233001	233504	   0	 -70	
  95	  96	  20	   4	 947	   2	   2	  29	   1	   2	  30	  20	  30	 608	235501	236448	   2	 -70	
  96	  97	  30	   4	 663	   1	   2	  30	   1	   2	  30	  20	  30	 466	238233	238896	   0	 -70	
  97	  98	  30	   2	 892	   3	   1	  30	   1	   3	  30	  20	  30	 321	240532	241424	   0	 -80	
  98	  99	  30	   2	 932	   1	   1	  31	   1	   3	  30	  20	  30	 386	243115	244047	   0	 -90	
  99	 100	  30	   4	 360	   3	   2	  31	   1	   4	  30	  20	  30	 489	245847	246207	   0	 -90	
 100	 101	  20	   2	 788	   2	   1	  31	   2	   4	  30	  20	  30	 480	247979	248767	   0	-100	
 101	 102	  30	   3	 305	   1	   2	  32	   2	   4	  30	  20	  30	 375	250462	250767	   0	-100	
 102	 103	  20	   3	 485	   2	   2	  32	   3	   4	  30	  20	  30	 306	252378	252863	   0	-100	
 103	 104	  30	   4	 985	   3	   2	  32	   3	   5	  30	  20	  30	 546	254710	255695	   0	-100	
 104	 105	  20	   4	 494	   2	   2	  32	   4	   5	  30	  20	  30	 397	257393	257887	   0	-100	
 105	 106	  30	   1	 924	   3	   1	  32	   4	   6	  30	  20	  30	 671	259859	260783	   0	 -90	
 106	 107	  20	   4	 498	   2	   2	  32	   5	   6	  30	  20	  30	 450	262541	263039	   0	 -90	
 107	 108	  30	   4	 804	   3	   2	  32	   5	   7	  30	  20	  30	 550	264907	265711	   0	 -90	
 108	 109	  20	   3	 524	   2	   2	  32	   6	   7	  30	  20	  30	 501	267523	268047	   0	 -90	
 109	 110	  30	   2	 713	   1	   1	  33	   6	   7	  30	  20	  30	 671	270022	270735	   0	-100	
 110	 111	  30	   4	 275	   3	   2	  33	   6	   8	  30	  20	  30	 554	272604	272879	   0	-100	
 111	 112	  20	   4	 620	   2	   2	  33	   7	   8	  30	  20	  30	 609	274803	275423	   0	-100	
 112	 113	  30	   4	 466	   3	   2	  33	   7	   9	  30	  20	  30	 330	277053	277519	   0	-100	
 113	 114	  30	   2	 670	   1	   1	  34	   7	   9	  30	  20	  30	 344	279169	279839	   0	-110	
 114	 115	  30	   3	 355	   3	   2	  34	   7	  10	  30	  20	  30	 337	281484	281839	   0	-110	
 115	 116	  30	   4	 455	   1	   2	  35	   7	  10	  30	  20	  30	 634	283784	284239	   0	-110	
 116	 117	  30	   3	 544	   3	   2	  35	   7	  11	  30	  20	  30	 453	285999	286543	   0	-110	
 117	 118	  80	   1	 413	   1	   1	   1	   7	  11	  80	  20	  30	 588	288465	288878	   1	-100	
 118	 119	  30	   4	 469	   3	   2	   1	   7	  12	  80	  20	  30	 474	290665	291134	   0	-100	
 119	 120	  20	   4	 735	   2	   2	   1	   8	  12	  80	  20	  30	 401	292847	293582	   0	-100	
 120	 121	  80	   1	 560	   1	   1	   2	   8	  12	  80	  20	  30	 336	295230	295790	   0	 -90	
 121	 122	  30	   4	 411	   3	   2	   2	   8	  13	  80	  20	  30	 688	297795	298206	   0	 -90	
 122	 123	  80	   2	 403	   1	   1	   3	   8	  13	  80	  20	  30	 482	299995	300398	   0	-100	
 123	 124	  30	   4	 396	   3	   2	   3	   8	  14	  80	  20	  30	 507	302210	302606	   0	-100	
 124	 125	  80	   1	 419	   1	   1	   4	   8	  14	  80	  20	  30	 532	304443	304862	   0	 -90	
 125	 126	  30	   3	 627	   3	   2	   4	   8	  15	  80	  20	  30	 689	306859	307486	   0	 -90	
 126	 127	  80	   1	 509	   1	   1	   5	   8	  15	  80	  20	  30	 641	309425	309934	   0	 -80	
 127	 128	  30	   4	 598	   3	   2	   5	   8	  16	  80	  20	  30	 390	311624	312222	   0	 -80	
 128	 129	  20	   4	 959	   2	   2	   5	   9	  16	  80	  20	  30	 695	314223	315182	   0	 -80	
 129	 130	  80	   2	 585	   1	   1	   6	   9	  16	  80	  20	  30	 301	316789	317374	   0	 -90	
 130	 131	  30	   4	 820	   3	   2	   6	   9	  17	  80	  20	  30	 655	319338	320158	   0	 -90	
 131	 132	  80	   1	 952	   1	   1	   7	   9	  17	  80	  20	  30	 579	322054	323006	   0	 -80	
 132	 133	  30	   2	 630	   3	   1	   7	   9	  18	  80	  20	  30	 647	324952	325582	   0	 -90	
 133	 134	  80	   1	 586	   1	   1	   8	   9	  18	  80	  20	  30	 392	327268	327854	   0	 -80	
 134	 135	  20	   4	 555	   2	   2	   8	  10	  18	  80	  20	  30	 512	329667	330222	   0	 -80	
 135	 136	  80	   1	 468	   1	   1	   9	  10	  18	  80	  20	  30	 319	331850	332318	   0	 -70	
 136	 137	  20	   3	 672	   2	   2	   9	  11	  18	  80	  20	  30	 310	333933	334605	   0	 -70	
 137	 138	  80	   1	 603	   1	   1	  10	  11	  18	  80	  20	  30	 583	336498	337101	   0	 -60	
 138	 139	  20	   2	 720	   2	   1	  10	  12	  18	  80	  20	  30	 370	338781	339501	   0	 -70	
 139	 140	  30	   3	 310	   3	   2	  10	  12	  19	  80	  20	  30	 658	341463	341773	   0	 -70	
 140	 141	  80	   2	 429	   1	   1	  11	  12	  19	  80	  20	  30	 623	343696	344125	   0	 -80	
 141	 142	  30	   4	 601	   3	   2	  11	  12	  20	  80	  20	  30	 367	345828	346429	   0	 -80	
 142	 143	  20	   2	 682	   2	   1	  11	  13	  20	  80	  20	  30	 478	348211	348893	   0	 -90	
 143	 144	  80	   3	 340	   1	   2	  12	  13	  20	  80	  20	  30	 581	350793	351133	   0	 -90	
 144	 145	  30	   1	 605	   3	   1	  12	  13	  21	  80	  20	  30	 535	352976	353581	   0	 -80	
 145	 146	  20	   2	 548	   2	   1	  12	  14	  21	  80	  20	  30	 328	355209	355757	   0	 -90	
 146	 147	  30	   2	 421	   3	   1	  12	  14	  22	  80	  20	  30	 541	357608	358029	   0	-100	
 147	 148	  20	   2	 436	   2	   1	  12	  15	  22	  80	  20	  30	 323	359657	360093	   0	-110	
 148	 149	  80	   1	 715	   1	   1	  13	  15	  22	  80	  20	  30	 492	361890	362605	   0	-100	
 149	 150	  20	   2	 714	   2	   1	  13	  16	  22	  80	  20	  30	 441	364355	365069	   0	-110	
 150	 151	  80	   1	 709	   1	   1	  14	  16	  22	  80	  20	  30	 529	366904	367613	   0	-100	
 151	 152	  20	   2	 655	   2	   1	  14	  17	  22	  80	  20	  30	 538	369470	370125	   0	-110	
 152	 153	  30	   4	 324	   3	   2	  14	  17	  23	  80	  20	  30	 337	371769	372093	   0	-110	
 153	 154	  20	   3	 583	   2	   2	  14	  18	  23	  80	  20	  30	 698	374102	374685	   0	-110	
 154	 155	  80	   1	 473	   1	   1	  15	  18	  23	  80	  20	  30	 480	376468	376941	   0	-100	
 155	 156	  30	   4	 581	   3	   2	  15	  18	  24	  80	  20	  30	 336	378584	379165	   0	-100	
 156	 157	  80	   3	 446	   1	   2	  16	  18	  24	  80	  20	  30	 683	381166	381612	   0	-100	
 157	 158	  20	   4	 438	   2	   2	  16	  19	  24	  80	  20	  30	 453	383382	383820	   0	-100	
 158	 159	  30	   4	 667	   3	   2	  16	  19	  25	  80	  20	  30	 556	385681	386348	   0	-100	
 159	 160	  80	   1	 437	   1	   1	  17	  19	  25	  80	  20	  30	 585	388247	388684	   0	 -90	
 160	 161	  20	   4	 494	   2	   2	  17	  20	  25	  80	  20	  30	 440	390430	390924	   0	 -90	
 161	 162	  30	   4	 616	   3	   2	  17	  20	  26	  80	  20	  30	 374	392612	393228	   0	 -90	
 162	 163	  80	   2	 519	   1	   1	  18	  20	  26	  80	  20	  30	 522	395061	395580	   0	-100	
 163	 164	  30	   3	 390	   3	   2	  18	  20	  27	  80	  20	  30	 608	397494	397884	   0	-100	
 164	 165	  20	   2	 724	   2	   1	  18	  21	  27	  80	  20	  30	 372	399560	400284	   0	-110	
 165	 166	  30	   4	 557	   3	   2	  18	  21	  28	  80	  20	  30	 583	402175	402732	   0	-110	
 166	 167	  80	   1	 424	   1	   1	  19	  21	  28	  80	  20	  30	 671	404708	405132	   0	-100	
 167	 168	  30	   4	 596	   3	   2	  19	  21	  29	  80	  20	  30	 393	406824	407420	   0	-100	
 168	 169	  20	   4	 678	   2	   2	  19	  22	  29	  80	  20	  30	 461	409190	409868	   0	-100	
 169	 170	  30	   3	 605	   3	   2	  19	  22	  30	  80	  20	  30	 670	411839	412444	   0	-100	
 170	 171	  80	   1	 547	   1	   1	  20	  22	  30	  80	  20	  30	 361	414105	414652	   0	 -90	
 171	 172	  30	   4	 824	   3	   2	  20	  22	  31	  80	  20	  30	 434	416420	417244	   0	 -90	
 172	 173	  20	   3	 587	   2	   2	  20	  23	  31	  80	  20	  30	 611	419153	419740	   0	 -90	
 173	 174	  80	   1	 569	   1	   1	  21	  23	  31	  80	  20	  30	 569	421619	422188	   0	 -80	
 174	 175	  30	   4	 505	   3	   2	  21	  23	  32	  80	  20	  30	 557	424051	424556	   0	 -80	
 175	 176	  80	   1	 675	   1	   1	  22	  23	  32	  80	  20	  30	 333	426200	426875	   0	 -70	
 176	 177	  30	   4	 525	   3	   2	  22	  23	  33	  80	  20	  30	 588	428766	429291	   0	 -70	
 177	 178	  80	   2	 494	   1	   1	  23	  23	  33	  80	  20	  30	 565	431165	431659	   0	 -80	
 178	 179	  30	   3	 569	   3	   2	  23	  23	  34	  80	  20	  30	 332	433298	433867	   0	 -80	
 179	 180	  20	   4	 579	   2	   2	  23	  24	  34	  80	  20	  30	 302	435480	436059	   0	 -80	
 180	 181	  30	   4	 502	   3	   2	  23	  24	  35	  80	  20	  30	 459	437813	438315	   0	 -80	
 181	 182	  20	   3	 634	   2	   2	  23	  25	  35	  80	  20	  30	 492	440129	440763	   0	 -80	
 182	 183	  80	   1	 480	   1	   1	  24	  25	  35	  80	  20	  30	 324	442395	442875	   0	 -70	
 183	 184	  70	   3	 610	   3	   2	  24	  25	   1	  80	  20	  70	 565	444777	445387	   3	 -70	
 184	 185	  20	   4	 662	   2	   2	  24	  26	   1	  80	  20	  70	 407	447093	447755	   0	 -70	
 185	 186	  70	   2	 592	   3	   1	  24	  26	   2	  80	  20	  70	 599	449659	450251	   0	 -80	
 186	 187	  20	   4	 472	   2	   2	  24	  27	   2	  80	  20	  70	 336	451891	452363	   0	 -80	
 187	 188	  70	   1	 491	   3	   1	  24	  27	   3	  80	  20	  70	 576	454240	454731	   0	 -70	
 188	 189	  20	   4	 690	   2	   2	  24	  28	   3	  80	  20	  70	 444	456473	457163	   0	 -70	
 189	 190	  80	   2	 871	   1	   1	  25	  28	   3	  80	  20	  70	 310	458772	459643	   0	 -80	
 190	 191	  70	   4	 662	   3	   2	  25	  28	   4	  80	  20	  70	 676	461621	462283	   0	 -80	
 191	 192	  80	   1	 544	   1	   1	  26	  28	   4	  80	  20	  70	 582	464187	464731	   0	 -70	
 192	 193	  20	   4	 825	   2	   2	  26	  29	   4	  80	  20	  70	 351	466386	467211	   0	 -70	
 193	 194	  70	   3	 752	   3	   2	  26	  29	   5	  80	  20	  70	 507	469019	469771	   0	 -70	
 194	 195	  20	   4	1931	   2	   2	  26	  30	   5	  80	  20	  70	 472	471551	473482	   0	 -70	
 195	 196	  70	   1	 811	   3	   1	  26	  30	   6	  80	  20	  70	 390	475183	475994	   0	 -60	
NaN	 197	  80	NaN	NaN	   1	   3	  26	  30	   6	  80	  20	  70	 423	475183	NaN	   0	 -60	
 196	 198	  50	   3	1042	   2	   2	  26	   1	   6	  80	  50	  70	 415	481448	482490	   2	 -60	
 197	 199	  70	   3	 610	   3	   2	  26	   1	   7	  80	  50	  70	 491	484280	484890	   0	 -60	
 198	 200	  50	   2	 482	   2	   1	  26	   2	   7	  80	  50	  70	 513	486696	487178	   0	 -70	
 199	 201	  80	   1	 524	   1	   1	  27	   2	   7	  80	  50	  70	 389	488878	489402	   0	 -60	
 200	 202	  70	   4	 782	   3	   2	  27	   2	   8	  80	  50	  70	 536	491244	492026	   0	 -60	
 201	 203	  50	   1	 619	   2	   1	  27	   3	   8	  80	  50	  70	 380	493727	494346	   0	 -50	
 202	 204	  70	   1	 770	   3	   1	  27	   3	   9	  80	  50	  70	 346	495992	496762	   0	 -40	
 203	 205	  50	   2	 859	   2	   1	  27	   4	   9	  80	  50	  70	 505	498575	499434	   0	 -50	
 204	 206	  70	   3	 785	   3	   2	  27	   4	  10	  80	  50	  70	 502	501241	502026	   0	 -50	
 205	 207	  50	   2	 609	   2	   1	  27	   5	  10	  80	  50	  70	 346	503673	504282	   0	 -60	
 206	 208	  80	   1	 866	   1	   1	  28	   5	  10	  80	  50	  70	 479	506056	506922	   0	 -50	
 207	 209	  50	   1	 857	   2	   1	  28	   6	  10	  80	  50	  70	 474	508705	509562	   0	 -40	
 208	 210	  80	   1	 694	   1	   1	  29	   6	  10	  80	  50	  70	 338	511204	511898	   0	 -30	
 209	 211	  70	   4	 592	   3	   2	  29	   6	  11	  80	  50	  70	 567	513770	514362	   0	 -30	
 210	 212	  50	   1	 624	   2	   1	  29	   7	  11	  80	  50	  70	 537	516202	516826	   0	 -20	
 211	 213	  80	   1	 684	   1	   1	  30	   7	  11	  80	  50	  70	 461	518701	519385	   0	 -10	
 212	 214	  70	   4	1017	   3	   2	  30	   7	  12	  80	  50	  70	 487	521184	522201	   0	 -10	
 213	 215	  80	   1	 775	   1	   1	  31	   7	  12	  80	  50	  70	 554	524066	524841	   0	   0	
 214	 216	  70	   3	 842	   3	   2	  31	   7	  13	  80	  50	  70	 677	526815	527657	   0	   0	
 215	 217	  50	   2	 661	   2	   1	  31	   8	  13	  80	  50	  70	 411	529364	530025	   0	 -10	
 216	 218	  80	   1	 629	   1	   1	  32	   8	  13	  80	  50	  70	 451	531780	532409	   0	   0	
 217	 219	  50	   2	 661	   2	   1	  32	   9	  13	  80	  50	  70	 496	534212	534873	   0	 -10	
 218	 220	  80	   1	 855	   1	   1	  33	   9	  13	  80	  50	  70	 387	536562	537417	   0	   0	
 219	 221	  70	   1	1426	   3	   1	  33	   9	  14	  80	  50	  70	 383	539111	540537	   0	  10	
 220	 222	  50	   1	1096	   2	   1	  33	  10	  14	  80	  50	  70	 360	542193	543289	   0	  20	
 221	 223	  70	   1	 826	   3	   1	  33	  10	  15	  80	  50	  70	 348	544975	545801	   0	  30	
 222	 224	  20	   4	1175	   1	   2	   1	  10	  15	  20	  50	  70	 302	547458	548633	   1	  30	
 223	 225	  50	   2	 670	   2	   1	   1	  11	  15	  20	  50	  70	 592	550523	551193	   0	  20	
 224	 226	  70	   3	 736	   3	   2	   1	  11	  16	  20	  50	  70	 386	552889	553625	   0	  20	
 225	 227	  20	   2	 518	   1	   1	   2	  11	  16	  20	  50	  70	 622	555555	556073	   0	  10	
 226	 228	  70	   4	 420	   3	   2	   2	  11	  17	  20	  50	  70	 649	558037	558457	   0	  10	
 227	 229	  20	   2	 575	   1	   1	   3	  11	  17	  20	  50	  70	 409	560170	560745	   0	   0	
 228	 230	  50	   3	 643	   2	   2	   3	  12	  17	  20	  50	  70	 452	562502	563145	   0	   0	
 229	 231	  70	   1	 684	   3	   1	   3	  12	  18	  20	  50	  70	 605	565052	565736	   0	  10	
 230	 232	  50	   2	 729	   2	   1	   3	  13	  18	  20	  50	  70	 510	567551	568280	   0	   0	
 231	 233	  70	   1	 658	   3	   1	   3	  13	  19	  20	  50	  70	 556	570166	570824	   0	  10	
 232	 234	  20	   3	 765	   1	   2	   4	  13	  19	  20	  50	  70	 572	572699	573464	   0	  10	
 233	 235	  70	   3	 650	   3	   2	   4	  13	  20	  20	  50	  70	 428	575198	575848	   0	  10	
 234	 236	  20	   2	 672	   1	   1	   5	  13	  20	  20	  50	  70	 314	577464	578136	   0	   0	
 235	 237	  50	   2	 595	   2	   1	   5	  14	  20	  20	  50	  70	 378	579813	580408	   0	 -10	
 236	 238	  70	   2	 633	   3	   1	   5	  14	  21	  20	  50	  70	 376	582079	582712	   0	 -20	
 237	 239	  50	   1	 597	   2	   1	   5	  15	  21	  20	  50	  70	 576	584595	585192	   0	 -10	
 238	 240	  70	   3	 503	   3	   2	   5	  15	  22	  20	  50	  70	 465	586977	587480	   0	 -10	
 239	 241	  50	   3	 339	   2	   2	   5	  16	  22	  20	  50	  70	 313	589093	589432	   0	 -10	
 240	 242	  20	   4	 670	   1	   2	   6	  16	  22	  20	  50	  70	 502	591242	591912	   0	 -10	
 241	 243	  50	   2	 518	   2	   1	   6	  17	  22	  20	  50	  70	 623	593858	594376	   0	 -20	
 242	 244	  20	   3	 927	   1	   2	   7	  17	  22	  20	  50	  70	 351	596041	596968	   0	 -20	
 243	 245	  70	   3	1060	   3	   2	   7	  17	  23	  20	  50	  70	 473	598740	599800	   0	 -20	
 244	 246	  50	   1	 563	   2	   1	   7	  18	  23	  20	  50	  70	 502	601605	602168	   0	 -10	
 245	 247	  20	   4	1033	   1	   2	   8	  18	  23	  20	  50	  70	 388	603855	604888	   0	 -10	
 246	 248	  50	   2	 682	   2	   1	   8	  19	  23	  20	  50	  70	 480	606670	607352	   0	 -20	
 247	 249	  70	   3	 598	   3	   2	   8	  19	  24	  20	  50	  70	 514	609169	609767	   0	 -20	
 248	 250	  20	   2	 652	   1	   1	   9	  19	  24	  20	  50	  70	 354	611435	612087	   0	 -30	
 249	 251	  70	   3	 531	   3	   2	   9	  19	  25	  20	  50	  70	 675	614068	614599	   0	 -30	
 250	 252	  50	   1	 681	   2	   1	   9	  20	  25	  20	  50	  70	 425	616334	617015	   0	 -20	
 251	 253	  20	   4	 718	   1	   2	  10	  20	  25	  20	  50	  70	 691	619033	619751	   0	 -20	
 252	 254	  70	   2	 742	   3	   1	  10	  20	  26	  20	  50	  70	 606	621665	622407	   0	 -30	
 253	 255	  50	   1	 666	   2	   1	  10	  21	  26	  20	  50	  70	 669	624381	625047	   0	 -20	
 254	 256	  70	   3	1034	   3	   2	  10	  21	  27	  20	  50	  70	 452	626813	627847	   0	 -20	
 255	 257	  50	   2	 554	   2	   1	  10	  22	  27	  20	  50	  70	 468	629629	630183	   0	 -30	
 256	 258	  70	   3	 626	   3	   2	  10	  22	  28	  20	  50	  70	 371	631861	632487	   0	 -30	
 257	 259	  50	   2	 682	   2	   1	  10	  23	  28	  20	  50	  70	 673	634461	635143	   0	 -40	
 258	 260	  70	   4	 876	   3	   2	  10	  23	  29	  20	  50	  70	 396	636843	637719	   0	 -40	
 259	 261	  20	   4	1014	   1	   2	  11	  23	  29	  20	  50	  70	 409	639425	640439	   0	 -40	
 260	 262	  70	   1	 675	   3	   1	  11	  23	  30	  20	  50	  70	 571	642324	642999	   0	 -30	
 261	 263	  50	   4	2011	   2	   2	  11	  24	  30	  20	  50	  70	 602	644924	646935	   0	 -30	
 262	 264	  20	   4	 794	   1	   2	  12	  24	  30	  20	  50	  70	 335	648589	649383	   0	 -30	
 263	 265	  50	   2	1104	   3	   1	  12	  24	   1	  20	  50	  50	 574	651271	652375	   3	 -40	
 264	 266	  50	   3	 620	   2	   2	  12	  25	   1	  20	  50	  50	 495	654170	654790	   0	 -40	
NaN	 267	  50	NaN	NaN	   3	   3	  12	  25	   1	  20	  50	  50	 674	654170	NaN	   0	 -40	
 265	 268	  50	   1	 679	   2	   1	  12	  26	   1	  20	  50	  50	 695	660735	661414	   0	 -30	
 266	 269	  20	   4	1001	   1	   2	  13	  26	   1	  20	  50	  50	 377	663101	664102	   0	 -30	
 267	 270	  50	   4	 520	   2	   2	  13	  27	   1	  20	  50	  50	 546	665950	666470	   0	 -30	
 268	 271	  50	   2	 983	   3	   1	  13	  27	   2	  20	  50	  50	 622	668399	669382	   0	 -40	
 269	 272	  50	   3	 528	   2	   2	  13	  28	   2	  20	  50	  50	 307	670998	671526	   0	 -40	
 270	 273	  50	   1	 624	   3	   1	  13	  28	   3	  20	  50	  50	 590	673414	674038	   0	 -30	
 271	 274	  50	   4	 751	   2	   2	  13	  29	   3	  20	  50	  50	 524	675879	676630	   0	 -30	
 272	 275	  20	   3	 658	   1	   2	  14	  29	   3	  20	  50	  50	 688	678628	679286	   0	 -30	
 273	 276	  50	   2	 678	   3	   1	  14	  29	   4	  20	  50	  50	 352	680944	681622	   0	 -40	
 274	 277	  50	   3	 518	   2	   2	  14	  30	   4	  20	  50	  50	 445	683360	683878	   0	 -40	
 275	 278	  20	   4	 675	   1	   2	  15	  30	   4	  20	  50	  50	 676	685859	686534	   0	 -40	
 276	 279	  50	   1	 870	   3	   1	  15	  30	   5	  20	  50	  50	 378	688208	689078	   0	 -30	
 277	 280	  20	   3	 786	   1	   2	  16	  30	   5	  20	  50	  50	 341	690724	691510	   0	 -30	
 278	 281	  50	   1	 812	   3	   1	  16	  30	   6	  20	  50	  50	 465	693290	694102	   0	 -20	
 279	 282	  20	   4	 722	   1	   2	  17	  30	   6	  20	  50	  50	 579	695972	696694	   0	 -20	
 280	 283	  50	   4	 752	   3	   2	  17	  30	   7	  20	  50	  50	 443	698438	699190	   0	 -20	
 281	 284	  50	   1	 782	   2	   1	  17	  31	   7	  20	  50	  50	 369	700887	701669	   0	 -10	
 282	 285	  20	   4	 757	   1	   2	  18	  31	   7	  20	  50	  50	 537	703520	704277	   0	 -10	
 283	 286	  50	   2	 946	   2	   1	  18	  32	   7	  20	  50	  50	 446	706019	706965	   0	 -20	
 284	 287	  20	   4	1730	   1	   2	  19	  32	   7	  20	  50	  50	 571	708851	710581	   0	 -20	
 285	 288	  50	   2	1652	   3	   1	  19	  32	   8	  20	  50	  50	 535	712433	714085	   0	 -30	
 286	 289	  20	   4	 540	   1	   2	  20	  32	   8	  20	  50	  50	 453	715849	716389	   0	 -30	
 287	 290	  50	   3	1137	   3	   2	  20	  32	   9	  20	  50	  50	 451	718148	719285	   0	 -30	
 288	 291	  50	   3	1446	   2	   2	  20	  33	   9	  20	  50	  50	 669	721263	722709	   0	 -30	
 289	 292	  50	   3	 350	   3	   2	  20	  33	  10	  20	  50	  50	 663	724679	725029	   0	 -30	
 290	 293	  20	   4	1054	   2	   2	  20	   1	  10	  20	  20	  50	 317	726695	727749	   2	 -30	
 291	 294	  50	   1	 568	   3	   1	  20	   1	  11	  20	  20	  50	 600	729677	730245	   0	 -20	
 292	 295	  20	   4	 779	   1	   2	  21	   1	  11	  20	  20	  50	 475	732026	732805	   0	 -20	
 293	 296	  20	   4	 554	   2	   2	  21	   2	  11	  20	  20	  50	 357	734459	735013	   0	 -20	
 294	 297	  20	   1	 774	   1	   1	  22	   2	  11	  20	  20	  50	 648	736975	737749	   0	 -10	
 295	 298	  20	   4	 675	   2	   2	  22	   3	  11	  20	  20	  50	 429	739474	740149	   0	 -10	
 296	 299	  20	   2	 741	   1	   1	  23	   3	  11	  20	  20	  50	 396	741840	742581	   0	 -20	
 297	 300	  20	   4	 530	   2	   2	  23	   4	  11	  20	  20	  50	 468	744355	744885	   0	 -20	
 298	 301	  50	   3	 784	   3	   2	  23	   4	  12	  20	  20	  50	 623	746804	747588	   0	 -20	
 299	 302	  20	   1	 592	   2	   1	  23	   5	  12	  20	  20	  50	 700	749604	750196	   0	 -10	
 300	 303	  50	   4	 585	   3	   2	  23	   5	  13	  20	  20	  50	 309	751803	752388	   0	 -10	
 301	 304	  20	   4	 573	   2	   2	  23	   6	  13	  20	  20	  50	 405	754119	754692	   0	 -10	
 302	 305	  20	   4	 638	   1	   2	  24	   6	  13	  20	  20	  50	 527	756518	757156	   0	 -10	
 303	 306	  50	   3	 756	   3	   2	  24	   6	  14	  20	  20	  50	 317	758784	759540	   0	 -10	
 304	 307	  20	   4	 557	   1	   2	  25	   6	  14	  20	  20	  50	 535	761383	761940	   0	 -10	
 305	 308	  50	   3	 597	   3	   2	  25	   6	  15	  20	  20	  50	 365	763615	764212	   0	 -10	
 306	 309	  20	   4	 629	   1	   2	  26	   6	  15	  20	  20	  50	 507	766031	766660	   0	 -10	
 307	 310	  50	   4	 583	   3	   2	  26	   6	  16	  20	  20	  50	 437	768397	768980	   0	 -10	
 308	 311	  20	   4	 661	   1	   2	  27	   6	  16	  20	  20	  50	 572	770863	771524	   0	 -10	
NaN	 312	  50	NaN	NaN	   3	   3	  27	   6	  16	  20	  20	  50	 332	770863	NaN	   0	 -10	
 309	 313	  20	   4	 552	   2	   2	  27	   7	  16	  20	  20	  50	 401	776844	777396	   0	 -10	
 310	 314	  50	   4	 400	   3	   2	  27	   7	  17	  20	  20	  50	 350	779060	779460	   0	 -10	
 311	 315	  20	   4	 -13	   2	   2	  27	   8	  17	  20	  20	  50	 619	781409	781396	   0	 -10	
 312	 316	  20	   3	 388	   1	   2	  28	   8	  17	  20	  20	  50	 684	783408	783796	   0	 -10	
 313	 317	  20	   3	 481	   2	   2	  28	   9	  17	  20	  20	  50	 387	785491	785972	   0	 -10	
 314	 318	  50	   3	 431	   3	   2	  28	   9	  18	  20	  20	  50	 667	787957	788388	   0	 -10	
 315	 319	  20	   4	 606	   2	   2	  28	  10	  18	  20	  20	  50	 310	790006	790612	   0	 -10	
 316	 320	  20	   4	 660	   1	   2	  29	  10	  18	  20	  20	  50	 345	792255	792915	   0	 -10	
 317	 321	  50	   4	 563	   3	   2	  29	  10	  19	  20	  20	  50	 465	794688	795251	   0	 -10	
 318	 322	  20	   4	 523	   1	   2	  30	  10	  19	  20	  20	  50	 340	796904	797427	   0	 -10	
 319	 323	  50	   4	 495	   3	   2	  30	  10	  20	  20	  20	  50	 500	799236	799731	   0	 -10	
 320	 324	  20	   4	 332	   1	   2	  31	  10	  20	  20	  20	  50	 685	801719	802051	   0	 -10	
 321	 325	  20	   4	 747	   2	   2	  31	  11	  20	  20	  20	  50	 387	803768	804515	   0	 -10	
 322	 326	  20	   4	 531	   1	   2	  32	  11	  20	  20	  20	  50	 557	806384	806915	   0	 -10	
 323	 327	  50	   4	 420	   3	   2	  32	  11	  21	  20	  20	  50	 571	808799	809219	   0	 -10	
 324	 328	  20	   4	 482	   2	   2	  32	  12	  21	  20	  20	  50	 320	810849	811331	   0	 -10	
 325	 329	  50	   3	 403	   3	   2	  32	  12	  22	  20	  20	  50	 620	813264	813667	   0	 -10	
 326	 330	  20	   4	 543	   2	   2	  32	  13	  22	  20	  20	  50	 393	815364	815907	   0	 -10	
 327	 331	  20	   3	 601	   1	   2	  33	  13	  22	  20	  20	  50	 339	817546	818147	   0	 -10	
 328	 332	  20	   4	 528	   2	   2	  33	  14	  22	  20	  20	  50	 317	819779	820307	   0	 -10	
 329	 333	  50	   2	 560	   3	   1	  33	  14	  23	  20	  20	  50	 596	822195	822755	   0	 -20	
 330	 334	  20	   4	 377	   1	   2	  34	  14	  23	  20	  20	  50	 332	824394	824771	   0	 -20	
 331	 335	  20	   4	 511	   2	   2	  34	  15	  23	  20	  20	  50	 565	826660	827171	   0	 -20	
 332	 336	  50	   1	 478	   3	   1	  34	  15	  24	  20	  20	  50	 638	829109	829587	   0	 -10	
 333	 337	  20	   4	 724	   1	   2	  35	  15	  24	  20	  20	  50	 509	831391	832115	   0	 -10	
 334	 338	  20	   4	 432	   2	   2	  35	  16	  24	  20	  20	  50	 496	833907	834339	   0	 -10	
 335	 339	  80	   3	1013	   1	   2	   1	  16	  24	  80	  20	  50	 518	836190	837203	   1	 -10	
 336	 340	  20	   4	 576	   2	   2	   1	  17	  24	  80	  20	  50	 609	839122	839698	   0	 -10	
 337	 341	  80	   1	 440	   1	   1	   2	  17	  24	  80	  20	  50	 338	841338	841778	   0	   0	
 338	 342	  50	   1	1213	   3	   1	   2	  17	  25	  80	  20	  50	 540	843621	844834	   0	  10	
 339	 343	  80	   1	 720	   1	   1	   3	  17	  25	  80	  20	  50	 636	846786	847506	   0	  20	
 340	 344	  20	   3	 733	   2	   2	   3	  18	  25	  80	  20	  50	 453	849269	850002	   0	  20	
 341	 345	  50	   2	1182	   3	   1	   3	  18	  26	  80	  20	  50	 352	851684	852866	   0	  10	
 342	 346	  20	   3	 581	   2	   2	   3	  19	  26	  80	  20	  50	 543	854717	855298	   0	  10	
 343	 347	  80	   1	 448	   1	   1	   4	  19	  26	  80	  20	  50	 660	857266	857714	   0	  20	
 344	 348	  20	   4	 558	   2	   2	   4	  20	  26	  80	  20	  50	 310	859332	859890	   0	  20	
 345	 349	  50	   1	 955	   3	   1	   4	  20	  27	  80	  20	  50	 637	861831	862786	   0	  30	
 346	 350	  80	   2	 668	   1	   1	   5	  20	  27	  80	  20	  50	 547	864630	865298	   0	  20	
 347	 351	  50	   3	1241	   3	   2	   5	  20	  28	  80	  20	  50	 520	867129	868370	   0	  20	
 348	 352	  80	   1	 694	   1	   1	   6	  20	  28	  80	  20	  50	 361	870028	870722	   0	  30	
 349	 353	  50	   2	1548	   3	   1	   6	  20	  29	  80	  20	  50	 695	872710	874258	   0	  20	
 350	 354	  80	   1	 587	   1	   1	   7	  20	  29	  80	  20	  50	 379	875943	876530	   0	  30	
 351	 355	  20	   3	 630	   2	   2	   7	  21	  29	  80	  20	  50	 640	878492	879122	   0	  30	
 352	 356	  80	   1	 775	   1	   1	   8	  21	  29	  80	  20	  50	 454	880891	881666	   0	  40	
 353	 357	  50	   4	 619	   3	   2	   8	  21	  30	  80	  20	  50	 635	883606	884225	   0	  40	
 354	 358	  20	   2	 881	   2	   1	   8	  22	  30	  80	  20	  50	 336	885872	886753	   0	  30	
 355	 359	  50	   4	 794	   3	   2	   8	  22	  31	  80	  20	  50	 385	888455	889249	   0	  30	
 356	 360	  20	   4	 408	   2	   2	   8	  23	  31	  80	  20	  50	 367	890921	891329	   0	  30	
 357	 361	  80	   2	 664	   1	   1	   9	  23	  31	  80	  20	  50	 308	892937	893601	   0	  20	
 358	 362	  20	   4	 557	   2	   2	   9	  24	  31	  80	  20	  50	 322	895236	895793	   0	  20	
 359	 363	  50	   4	1321	   3	   2	   9	  24	  32	  80	  20	  50	 668	897768	899089	   0	  20	
 360	 364	  80	   1	 423	   1	   1	  10	  24	  32	  80	  20	  50	 648	901050	901473	   0	  30	
 361	 365	  50	   3	 619	   3	   2	  10	  24	  33	  80	  20	  50	 565	903366	903985	   0	  30	
 362	 366	  20	   4	 365	   2	   2	  10	  25	  33	  80	  20	  50	 439	905732	906097	   0	  30	
 363	 367	  70	   3	1052	   3	   2	  10	  25	   1	  80	  20	  70	 337	907765	908817	   3	  30	
 364	 368	  20	   4	 579	   2	   2	  10	  26	   1	  80	  20	  70	 698	910830	911409	   0	  30	
 365	 369	  80	   1	 511	   1	   1	  11	  26	   1	  80	  20	  70	 646	913346	913857	   0	  40	
 366	 370	  70	   2	1406	   3	   1	  11	  26	   2	  80	  20	  70	 633	915795	917201	   0	  30	
 367	 371	  20	   3	 574	   2	   2	  11	  27	   2	  80	  20	  70	 517	919027	919601	   0	  30	
 368	 372	  70	   4	 688	   3	   2	  11	  27	   3	  80	  20	  70	 470	921377	922065	   0	  30	
 369	 373	  80	   1	 523	   1	   1	  12	  27	   3	  80	  20	  70	 556	923926	924449	   0	  40	
 370	 374	  70	   3	 572	   3	   2	  12	  27	   4	  80	  20	  70	 580	926325	926897	   0	  40	
 371	 375	  80	   1	 526	   1	   1	  13	  27	   4	  80	  20	  70	 452	928674	929200	   0	  50	
 372	 376	  70	   1	 397	   3	   1	  13	  27	   5	  80	  20	  70	 627	931123	931520	   0	  60	
 373	 377	  20	   4	 585	   2	   2	  13	  28	   5	  80	  20	  70	 412	933239	933824	   0	  60	
 374	 378	  80	   1	 698	   1	   1	  14	  28	   5	  80	  20	  70	 514	935638	936336	   0	  70	
 375	 379	  70	   3	 489	   3	   2	  14	  28	   6	  80	  20	  70	 441	938087	938576	   0	  70	
 376	 380	  80	   1	 867	   1	   1	  15	  28	   6	  80	  20	  70	 370	940253	941120	   0	  80	
 377	 381	  70	   2	 786	   3	   1	  15	  28	   7	  80	  20	  70	 676	943102	943888	   0	  70	
 378	 382	  80	   1	 603	   1	   1	  16	  28	   7	  80	  20	  70	 489	945685	946288	   0	  80	
 379	 383	  20	   4	 705	   2	   2	  16	  29	   7	  80	  20	  70	 379	947967	948672	   0	  80	
 380	 384	  80	   1	 501	   1	   1	  17	  29	   7	  80	  20	  70	 304	950283	950784	   0	  90	
 381	 385	  70	   1	 660	   3	   1	  17	  29	   8	  80	  20	  70	 604	952716	953376	   0	 100	
 382	 386	  80	   2	 797	   1	   1	  18	  29	   8	  80	  20	  70	 642	955315	956112	   0	  90	
 383	 387	  20	   4	 736	   2	   2	  18	  30	   8	  80	  20	  70	 639	958064	958800	   0	  90	
 384	 388	  70	   1	 457	   3	   1	  18	  30	   9	  80	  20	  70	 562	960663	961120	   0	 100	
 385	 389	  20	   4	 734	   2	   2	  18	  31	   9	  80	  20	  70	 532	962962	963696	   0	 100	
 386	 390	  70	   1	 550	   3	   1	  18	  31	  10	  80	  20	  70	 571	965578	966128	   0	 110	
 387	 391	  80	   2	 646	   1	   1	  19	  31	  10	  80	  20	  70	 570	968010	968656	   0	 100	
 388	 392	  70	   4	 581	   3	   2	  19	  31	  11	  80	  20	  70	 502	970459	971040	   0	 100	
 389	 393	  20	   4	 650	   2	   2	  19	  32	  11	  80	  20	  70	 384	972742	973392	   0	 100	
 390	 394	  70	   1	 901	   3	   1	  19	  32	  12	  80	  20	  70	 580	975274	976175	   0	 110	
 391	 395	  20	   3	 680	   2	   2	  19	  33	  12	  80	  20	  70	 524	978023	978703	   0	 110	
 392	 396	  70	   3	 815	   3	   2	  19	  33	  13	  80	  20	  70	 653	980672	981487	   0	 110	
 393	 397	  80	   1	 580	   1	   1	  20	  33	  13	  80	  20	  70	 579	983371	983951	   0	 120	
 394	 398	  70	   4	 751	   3	   2	  20	  33	  14	  80	  20	  70	 633	985904	986655	   0	 120	
 395	 399	  20	   4	 659	   2	   2	  20	  34	  14	  80	  20	  70	 664	988636	989295	   0	 120	
 396	 400	  80	   2	 588	   1	   1	  21	  34	  14	  80	  20	  70	 627	991219	991807	   0	 110	
 397	 401	  20	   4	 464	   2	   2	  21	  35	  14	  80	  20	  70	 423	993535	993999	   0	 110	
 398	 402	  80	   1	 684	   1	   1	  22	  35	  14	  80	  20	  70	 348	995667	996351	   0	 120	
 399	 403	  80	   3	 750	   2	   2	  22	   1	  14	  80	  80	  70	 300	998033	998783	   2	 120	
 400	 404	  80	   1	 696	   1	   1	  23	   1	  14	  80	  80	  70	 523	1000615	1001311	   0	 130	
 401	 405	  80	   1	 453	   2	   1	  23	   2	  14	  80	  80	  70	 478	1003098	1003551	   0	 140	
 402	 406	  80	   1	 855	   1	   1	  24	   2	  14	  80	  80	  70	 606	1005464	1006319	   0	 150	
 403	 407	  80	   1	1064	   2	   1	  24	   3	  14	  80	  80	  70	 638	1008263	1009327	   0	 160	
 404	 408	  80	   1	1052	   1	   1	  25	   3	  14	  80	  80	  70	 358	1010995	1012047	   0	 170	
NaN	 409	  80	NaN	NaN	   2	   3	  25	   3	  14	  80	  80	  70	 401	1010995	NaN	   0	 170	
 405	 410	  80	   1	 621	   1	   1	  26	   3	  14	  80	  80	  70	 395	1017426	1018047	   0	 180	
 406	 411	  80	   2	 481	   2	   1	  26	   4	  14	  80	  80	  70	 390	1019742	1020223	   0	 170	
 407	 412	  80	   2	 615	   1	   1	  27	   4	  14	  80	  80	  70	 433	1021975	1022590	   0	 160	
 408	 413	  80	   1	 742	   2	   1	  27	   5	  14	  80	  80	  70	 537	1024440	1025182	   0	 170	
 409	 414	  80	   1	1339	   1	   1	  28	   5	  14	  80	  80	  70	 639	1027123	1028462	   0	 180	
 410	 415	  80	   1	1764	   2	   1	  28	   6	  14	  80	  80	  70	 358	1030122	1031886	   0	 190	
 411	 416	  80	   1	 741	   1	   1	  29	   6	  14	  80	  80	  70	 523	1033737	1034478	   0	 200	
 412	 417	  70	   3	 600	   3	   2	  29	   6	  15	  80	  80	  70	 308	1036086	1036686	   0	 200	
 413	 418	  80	   1	 487	   2	   1	  29	   7	  15	  80	  80	  70	 517	1038519	1039006	   0	 210	
 414	 419	  80	   1	 498	   1	   1	  30	   7	  15	  80	  80	  70	 363	1040668	1041166	   0	 220	
 415	 420	  80	   1	 621	   2	   1	  30	   8	  15	  80	  80	  70	 331	1042817	1043438	   0	 230	
 416	 421	  70	   3	 674	   3	   2	  30	   8	  16	  80	  80	  70	 375	1045116	1045790	   0	 230	
 417	 422	  80	   2	 360	   2	   1	  30	   9	  16	  80	  80	  70	 680	1047766	1048126	   0	 220	
 418	 423	  30	   2	 566	   1	   1	   1	   9	  16	  30	  80	  70	 411	1049848	1050414	   1	 210	
 419	 424	  70	   4	 543	   3	   2	   1	   9	  17	  30	  80	  70	 303	1052031	1052574	   0	 210	
 420	 425	  80	   1	 467	   2	   1	   1	  10	  17	  30	  80	  70	 489	1054363	1054830	   0	 220	
 421	 426	  30	   1	 574	   1	   1	   2	  10	  17	  30	  80	  70	 338	1056496	1057070	   0	 230	
 422	 427	  70	   1	 620	   3	   1	   2	  10	  18	  30	  80	  70	 611	1058978	1059598	   0	 240	
 423	 428	  80	   2	1550	   2	   1	   2	  11	  18	  30	  80	  70	 445	1061344	1062894	   0	 230	
 424	 429	  30	   1	 806	   1	   1	   3	  11	  18	  30	  80	  70	 549	1064760	1065566	   0	 240	
 425	 430	  70	   3	 716	   3	   2	   3	  11	  19	  30	  80	  70	 553	1067425	1068141	   0	 240	
 426	 431	  80	   1	 553	   2	   1	   3	  12	  19	  30	  80	  70	 452	1069908	1070461	   0	 250	
 427	 432	  70	   3	 733	   3	   2	   3	  12	  20	  30	  80	  70	 459	1072224	1072957	   0	 250	
 428	 433	  80	   1	 575	   2	   1	   3	  13	  20	  30	  80	  70	 332	1074606	1075181	   0	 260	
 429	 434	  70	   1	 680	   3	   1	   3	  13	  21	  30	  80	  70	 312	1076789	1077469	   0	 270	
 430	 435	  80	   1	 623	   2	   1	   3	  14	  21	  30	  80	  70	 674	1079454	1080077	   0	 280	
 431	 436	  70	   4	 662	   3	   2	   3	  14	  22	  30	  80	  70	 684	1082087	1082749	   0	 280	
 432	 437	  30	   2	 634	   1	   1	   4	  14	  22	  30	  80	  70	 355	1084403	1085037	   0	 270	
 433	 438	  70	   2	 586	   3	   1	   4	  14	  23	  30	  80	  70	 469	1086819	1087405	   0	 260	
 434	 439	  30	   4	1049	   1	   2	   5	  14	  23	  30	  80	  70	 578	1089284	1090333	   0	 260	
 435	 440	  70	   1	 725	   3	   1	   5	  14	  24	  30	  80	  70	 549	1092200	1092925	   0	 270	
 436	 441	  80	   1	 527	   2	   1	   5	  15	  24	  30	  80	  70	 547	1094766	1095293	   0	 280	
 437	 442	  70	   1	 654	   3	   1	   5	  15	  25	  30	  80	  70	 623	1097215	1097869	   0	 290	
 438	 443	  30	   2	 745	   1	   1	   6	  15	  25	  30	  80	  70	 587	1099764	1100509	   0	 280	
 439	 444	  80	   1	 460	   2	   1	   6	  16	  25	  30	  80	  70	 311	1102113	1102573	   0	 290	
 440	 445	  30	   3	 829	   1	   2	   7	  16	  25	  30	  80	  70	 640	1104512	1105341	   0	 290	
 441	 446	  80	   1	 573	   2	   1	   7	  17	  25	  30	  80	  70	 666	1107328	1107901	   0	 300	
 442	 447	  30	   2	 343	   1	   1	   8	  17	  25	  30	  80	  70	 688	1109894	1110237	   0	 290	
 443	 448	  80	   2	 571	   2	   1	   8	  18	  25	  30	  80	  70	 668	1112210	1112781	   0	 280	
 444	 449	  30	   2	 698	   1	   1	   9	  18	  25	  30	  80	  70	 553	1114642	1115340	   0	 270	
 445	 450	  70	   3	 701	   3	   2	   9	  18	  26	  30	  80	  70	 326	1116975	1117676	   0	 270	
 446	 451	  30	   4	 438	   1	   2	  10	  18	  26	  30	  80	  70	 591	1119574	1120012	   0	 270	
 447	 452	  80	   3	 323	   2	   2	  10	  19	  26	  30	  80	  70	 364	1121673	1121996	   0	 270	
 448	 453	  70	   3	 552	   3	   2	  10	  19	  27	  30	  80	  70	 680	1123972	1124524	   0	 270	
 449	 454	  80	   1	 420	   2	   1	  10	  20	  27	  30	  80	  70	 659	1126488	1126908	   0	 280	
 450	 455	  30	   1	 499	   1	   1	  11	  20	  27	  30	  80	  70	 315	1128537	1129036	   0	 290	
 451	 456	  80	   1	 655	   2	   1	  11	  21	  27	  30	  80	  70	 690	1131053	1131708	   0	 300	
 452	 457	  70	   2	 577	   3	   1	  11	  21	  28	  30	  80	  70	 411	1133419	1133996	   0	 290	
 453	 458	  30	   2	 583	   1	   1	  12	  21	  28	  30	  80	  70	 408	1135701	1136284	   0	 280	
 454	 459	  70	   1	 425	   3	   1	  12	  21	  29	  30	  80	  70	 450	1138051	1138476	   0	 290	
 455	 460	  30	   2	 554	   1	   1	  13	  21	  29	  30	  80	  70	 669	1140450	1141004	   0	 280	
 456	 461	  80	   1	 347	   2	   1	  13	  22	  29	  30	  80	  70	 547	1142849	1143196	   0	 290	
 457	 462	  70	   3	 497	   3	   2	  13	  22	  30	  30	  80	  70	 607	1145115	1145612	   0	 290	
 458	 463	  30	   1	 419	   1	   1	  14	  22	  30	  30	  80	  70	 572	1147497	1147916	   0	 300	
 459	 464	  80	   1	 488	   2	   1	  14	  23	  30	  30	  80	  70	 570	1149796	1150284	   0	 310	
 460	 465	  30	   2	 418	   1	   1	  15	  23	  30	  30	  80	  70	 372	1151962	1152380	   0	 300	
 461	 466	  70	   1	 602	   3	   1	  15	  23	  31	  30	  80	  70	 473	1154178	1154780	   0	 310	
 462	 467	  80	   1	 492	   2	   1	  15	  24	  31	  30	  80	  70	 462	1156544	1157036	   0	 320	
 463	 468	  70	   3	 568	   3	   2	  15	  24	  32	  30	  80	  70	 684	1159027	1159595	   0	 320	
 464	 469	  30	   2	 371	   1	   1	  16	  24	  32	  30	  80	  70	 676	1161576	1161947	   0	 310	
 465	 470	  80	   2	 541	   2	   1	  16	  25	  32	  30	  80	  70	 490	1163742	1164283	   0	 300	
 466	 471	  30	   1	 545	   1	   1	  17	  25	  32	  30	  80	  70	 486	1166074	1166619	   0	 310	
 467	 472	  70	   1	 533	   3	   1	  17	  25	  33	  30	  80	  70	 470	1168390	1168923	   0	 320	
 468	 473	  30	   2	 584	   1	   1	  18	  25	  33	  30	  80	  70	 505	1170739	1171323	   0	 310	
 469	 474	  80	   1	 632	   2	   1	  18	  26	  33	  30	  80	  70	 530	1173155	1173787	   0	 320	
 470	 475	  30	   4	 595	   1	   2	  19	  26	  33	  30	  80	  70	 600	1175704	1176299	   0	 320	
 471	 476	  70	   4	 659	   3	   2	  19	  26	  34	  30	  80	  70	 526	1178136	1178795	   0	 320	
 472	 477	  80	   1	 528	   2	   1	  19	  27	  34	  30	  80	  70	 526	1180619	1181147	   0	 330	
 473	 478	  70	   3	 612	   3	   2	  19	  27	  35	  30	  80	  70	 482	1182935	1183547	   0	 330	
 474	 479	  80	   1	 530	   2	   1	  19	  28	  35	  30	  80	  70	 555	1185401	1185931	   0	 340	
 475	 480	  30	   4	 687	   1	   2	  20	  28	  35	  30	  80	  70	 656	1187900	1188587	   0	 340	
 476	 481	  50	   2	1006	   3	   1	  20	  28	   1	  30	  80	  50	 394	1190349	1191355	   3	 330	
 477	 482	  80	   2	 668	   2	   1	  20	  29	   1	  30	  80	  50	 578	1193231	1193899	   0	 320	
 478	 483	  50	   1	 636	   3	   1	  20	  29	   2	  30	  80	  50	 431	1195647	1196283	   0	 330	
 479	 484	  80	   1	1365	   2	   1	  20	  30	   2	  30	  80	  50	 657	1198246	1199611	   0	 340	
 480	 485	  30	   4	 676	   1	   2	  21	  30	   2	  30	  80	  50	 567	1201495	1202171	   0	 340	
 481	 486	  20	   1	 913	   2	   1	  21	   1	   2	  30	  20	  50	 457	1203977	1204890	   2	 350	
 482	 487	  50	   2	 686	   3	   1	  21	   1	   3	  30	  20	  50	 679	1206876	1207562	   0	 340	
 483	 488	  20	   2	 440	   2	   1	  21	   2	   3	  30	  20	  50	 557	1209426	1209866	   0	 330	
 484	 489	  30	   3	 791	   1	   2	  22	   2	   3	  30	  20	  50	 309	1211475	1212266	   0	 330	
 485	 490	  50	   4	 460	   3	   2	  22	   2	   4	  30	  20	  50	 603	1214174	1214634	   0	 330	
 486	 491	  30	   1	 336	   1	   1	  23	   2	   4	  30	  20	  50	 574	1216506	1216842	   0	 340	
 487	 492	  50	   1	 720	   3	   1	  23	   2	   5	  30	  20	  50	 378	1218522	1219242	   0	 350	
 488	 493	  20	   2	 467	   2	   1	  23	   3	   5	  30	  20	  50	 301	1220855	1221322	   0	 340	
 489	 494	  50	   3	 883	   3	   2	  23	   3	   6	  30	  20	  50	 645	1223271	1224154	   0	 340	
 490	 495	  30	   4	 708	   1	   2	  24	   3	   6	  30	  20	  50	 620	1226086	1226794	   0	 340	
 491	 496	  20	   1	 686	   2	   1	  24	   4	   6	  30	  20	  50	 544	1228652	1229338	   0	 350	
 492	 497	  50	   1	 458	   3	   1	  24	   4	   7	  30	  20	  50	 517	1231168	1231626	   0	 360	
 493	 498	  30	   4	 380	   1	   2	  25	   4	   7	  30	  20	  50	 605	1233534	1233914	   0	 360	
 494	 499	  50	   1	 395	   3	   1	  25	   4	   8	  30	  20	  50	 360	1235583	1235978	   0	 370	
 495	 500	  30	   4	 579	   1	   2	  26	   4	   8	  30	  20	  50	 529	1237799	1238378	   0	 370	
 496	 501	  50	   2	 531	   3	   1	  26	   4	   9	  30	  20	  50	 553	1240231	1240762	   0	 360	
 497	 502	  20	   2	 403	   2	   1	  26	   5	   9	  30	  20	  50	 552	1242631	1243034	   0	 350	
 498	 503	  30	   4	 702	   1	   2	  27	   5	   9	  30	  20	  50	 455	1244796	1245498	   0	 350	
 499	 504	  50	   2	 429	   3	   1	  27	   5	  10	  30	  20	  50	 424	1247229	1247658	   0	 340	
 500	 505	  30	   3	 735	   1	   2	  28	   5	  10	  30	  20	  50	 651	1249611	1250346	   0	 340	
 501	 506	  20	   2	 538	   2	   1	  28	   6	  10	  30	  20	  50	 452	1252127	1252665	   0	 330	
 502	 507	  50	   1	 517	   3	   1	  28	   6	  11	  30	  20	  50	 681	1254660	1255177	   0	 340	
 503	 508	  20	   4	 249	   2	   2	  28	   7	  11	  30	  20	  50	 498	1256992	1257241	   0	 340	
 504	 509	  50	   2	 411	   3	   1	  28	   7	  12	  30	  20	  50	 406	1258958	1259369	   0	 330	
 505	 510	  30	   4	 535	   1	   2	  29	   7	  12	  30	  20	  50	 398	1261074	1261609	   0	 330	
 506	 511	  50	   1	 488	   3	   1	  29	   7	  13	  30	  20	  50	 539	1263457	1263945	   0	 340	
 507	 512	  30	   4	 427	   1	   2	  30	   7	  13	  30	  20	  50	 555	1265806	1266233	   0	 340	
 508	 513	  20	   4	 541	   2	   2	  30	   8	  13	  30	  20	  50	 643	1268172	1268713	   0	 340	
 509	 514	  30	   2	 329	   1	   1	  31	   8	  13	  30	  20	  50	 694	1270704	1271033	   0	 330	
 510	 515	  50	   3	 413	   3	   2	  31	   8	  14	  30	  20	  50	 682	1273020	1273433	   0	 330	
 511	 516	  30	   4	 405	   1	   2	  32	   8	  14	  30	  20	  50	 482	1275252	1275657	   0	 330	
 512	 517	  20	   4	 957	   2	   2	  32	   9	  14	  30	  20	  50	 512	1277468	1278425	   0	 330	
 513	 518	  50	   2	 532	   3	   1	  32	   9	  15	  30	  20	  50	 393	1280117	1280649	   0	 320	
 514	 519	  20	   4	 690	   2	   2	  32	  10	  15	  30	  20	  50	 628	1282583	1283273	   0	 320	
 515	 520	  30	   4	 588	   1	   2	  33	  10	  15	  30	  20	  50	 571	1285149	1285737	   0	 320	
 516	 521	  20	   2	 609	   2	   1	  33	  11	  15	  30	  20	  50	 413	1287448	1288057	   0	 310	
 517	 522	  50	   4	 439	   3	   2	  33	  11	  16	  30	  20	  50	 351	1289714	1290153	   0	 310	
 518	 523	  80	   2	1179	   1	   1	   1	  11	  16	  80	  20	  50	 546	1292030	1293209	   1	 300	
 519	 524	  50	   1	1385	   3	   1	   1	  11	  17	  80	  20	  50	 388	1294896	1296281	   0	 310	
 520	 525	  80	   1	 931	   1	   1	   2	  11	  17	  80	  20	  50	 664	1298261	1299192	   0	 320	
 521	 526	  50	   4	 589	   3	   2	   2	  11	  18	  80	  20	  50	 681	1301227	1301816	   0	 320	
 522	 527	  80	   1	1084	   1	   1	   3	  11	  18	  80	  20	  50	 572	1303692	1304776	   0	 330	
 523	 528	  50	   3	1232	   3	   2	   3	  11	  19	  80	  20	  50	 315	1306408	1307640	   0	 330	
 524	 529	  80	   2	 708	   1	   1	   4	  11	  19	  80	  20	  50	 567	1309524	1310232	   0	 320	
 525	 530	  50	   2	 536	   3	   1	   4	  11	  20	  80	  20	  50	 328	1311856	1312392	   0	 310	
 526	 531	  80	   1	 385	   1	   1	   5	  11	  20	  80	  20	  50	 351	1314055	1314440	   0	 320	
 527	 532	  50	   2	 433	   3	   1	   5	  11	  21	  80	  20	  50	 305	1316055	1316488	   0	 310	
 528	 533	  80	   1	 553	   1	   1	   6	  11	  21	  80	  20	  50	 483	1318287	1318840	   0	 320	
 529	 534	  20	   4	 687	   2	   2	   6	  12	  21	  80	  20	  50	 387	1320537	1321224	   0	 320	
 530	 535	  50	   4	 400	   3	   2	   6	  12	  22	  80	  20	  50	 421	1322952	1323352	   0	 320	
 531	 536	  20	   4	 790	   2	   2	   6	  13	  22	  80	  20	  50	 530	1325218	1326008	   0	 320	
 532	 537	  80	   1	 519	   1	   1	   7	  13	  22	  80	  20	  50	 695	1328001	1328520	   0	 330	
 533	 538	  50	   3	1304	   3	   2	   7	  13	  23	  80	  20	  50	 590	1330416	1331720	   0	 330	
 534	 539	  20	   3	 623	   2	   2	   7	  14	  23	  80	  20	  50	 434	1333465	1334088	   0	 330	
 535	 540	  50	   3	 628	   3	   2	   7	  14	  24	  80	  20	  50	 360	1335748	1336376	   0	 330	
 536	 541	  20	   4	 529	   2	   2	   7	  15	  24	  80	  20	  50	 580	1338247	1338776	   0	 330	
 537	 542	  50	   1	 901	   3	   1	   7	  15	  25	  80	  20	  50	 467	1340546	1341447	   0	 340	
 538	 543	  20	   3	 642	   2	   2	   7	  16	  25	  80	  20	  50	 697	1343445	1344087	   0	 340	
 539	 544	  80	   1	 627	   1	   1	   8	  16	  25	  80	  20	  50	 437	1345828	1346455	   0	 350	
 540	 545	  20	   4	 612	   2	   2	   8	  17	  25	  80	  20	  50	 480	1348227	1348839	   0	 350	
 541	 546	  50	   3	 652	   3	   2	   8	  17	  26	  80	  20	  50	 665	1350843	1351495	   0	 350	
 542	 547	  20	   2	 455	   2	   1	   8	  18	  26	  80	  20	  50	 606	1353408	1353863	   0	 340	
 543	 548	  80	   1	 539	   1	   1	   9	  18	  26	  80	  20	  50	 537	1355708	1356247	   0	 350	
 544	 549	  50	   2	 851	   3	   1	   9	  18	  27	  80	  20	  50	 391	1357940	1358791	   0	 340	
 545	 550	  20	   2	 678	   2	   1	   9	  19	  27	  80	  20	  50	 593	1360689	1361367	   0	 330	
 546	 551	  80	   1	 536	   1	   1	  10	  19	  27	  80	  20	  50	 383	1363055	1363591	   0	 340	
 547	 552	  20	   4	 482	   2	   2	  10	  20	  27	  80	  20	  50	 323	1365221	1365703	   0	 340	
 548	 553	  80	   1	 607	   1	   1	  11	  20	  27	  80	  20	  50	 302	1367320	1367927	   0	 350	
 549	 554	  50	   4	 368	   3	   2	  11	  20	  28	  80	  20	  50	 466	1369703	1370071	   0	 350	
 550	 555	  20	   4	 462	   2	   2	  11	  21	  28	  80	  20	  50	 413	1371785	1372247	   0	 350	
 551	 556	  50	   3	 411	   3	   2	  11	  21	  29	  80	  20	  50	 308	1373868	1374279	   0	 350	
 552	 557	  80	   3	 337	   1	   2	  12	  21	  29	  80	  20	  50	 567	1376150	1376487	   0	 350	
 553	 558	  50	   4	 521	   3	   2	  12	  21	  30	  80	  20	  50	 553	1378350	1378871	   0	 350	
 554	 559	  80	   1	 564	   1	   1	  13	  21	  30	  80	  20	  50	 327	1380499	1381063	   0	 360	
 555	 560	  50	   3	 524	   3	   2	  13	  21	  31	  80	  20	  50	 334	1382715	1383239	   0	 360	
 556	 561	  80	   2	 440	   1	   1	  14	  21	  31	  80	  20	  50	 307	1384847	1385287	   0	 350	
 557	 562	  20	   3	 485	   2	   2	  14	  22	  31	  80	  20	  50	 301	1386897	1387382	   0	 350	
 558	 563	  50	   4	 447	   3	   2	  14	  22	  32	  80	  20	  50	 392	1389079	1389526	   0	 350	
 559	 564	  20	   4	 681	   2	   2	  14	  23	  32	  80	  20	  50	 404	1391245	1391926	   0	 350	
 560	 565	  80	   1	 423	   1	   1	  15	  23	  32	  80	  20	  50	 468	1393711	1394134	   0	 360	
 561	 566	  20	   4	 572	   2	   2	  15	  24	  32	  80	  20	  50	 543	1396010	1396582	   0	 360	
 562	 567	  80	   4	 369	   1	   2	  16	  24	  32	  80	  20	  50	 413	1398293	1398662	   0	 360	
 563	 568	  50	   4	 480	   3	   2	  16	  24	  33	  80	  20	  50	 365	1400342	1400822	   0	 360	
 564	 569	  20	   4	 581	   2	   2	  16	  25	  33	  80	  20	  50	 503	1402641	1403222	   0	 360	
 565	 570	  80	   1	 408	   1	   1	  17	  25	  33	  80	  20	  50	 439	1404974	1405382	   0	 370	
 566	 571	  20	   4	 707	   2	   2	  17	  26	  33	  80	  20	  50	 448	1407139	1407846	   0	 370	
 567	 572	  80	   3	 463	   1	   2	  18	  26	  33	  80	  20	  50	 513	1409655	1410118	   0	 370	
 568	 573	  30	   4	 529	   3	   2	  18	  26	   1	  80	  20	  30	 549	1412021	1412550	   3	 370	
 569	 574	  20	   4	 606	   2	   2	  18	  27	   1	  80	  20	  30	 676	1414520	1415126	   0	 370	
 570	 575	  30	   4	 582	   3	   2	  18	  27	   2	  80	  20	  30	 700	1417136	1417718	   0	 370	
 571	 576	  20	   3	 621	   2	   2	  18	  28	   2	  80	  20	  30	 308	1419369	1419990	   0	 370	
 572	 577	  80	   1	 456	   1	   1	  19	  28	   2	  80	  20	  30	 634	1421934	1422390	   0	 380	
 573	 578	  20	   2	 514	   2	   1	  19	  29	   2	  80	  20	  30	 382	1424084	1424598	   0	 370	
 574	 579	  30	   4	 496	   3	   2	  19	  29	   3	  80	  20	  30	 661	1426566	1427062	   0	 370	
 575	 580	  20	   4	 578	   2	   2	  19	  30	   3	  80	  20	  30	 567	1428932	1429510	   0	 370	
 576	 581	  80	   1	 638	   1	   1	  20	  30	   3	  80	  20	  30	 633	1431448	1432086	   0	 380	
 577	 582	  20	   4	 685	   2	   2	  20	  31	   3	  80	  20	  30	 491	1433880	1434565	   0	 380	
 578	 583	  30	   4	 675	   3	   2	  20	  31	   4	  80	  20	  30	 665	1436546	1437221	   0	 380	
 579	 584	  20	   4	 605	   2	   2	  20	  32	   4	  80	  20	  30	 614	1439128	1439733	   0	 380	
 580	 585	  30	   3	 678	   3	   2	  20	  32	   5	  80	  20	  30	 683	1441727	1442405	   0	 380	
 581	 586	  80	   1	 541	   1	   1	  21	  32	   5	  80	  20	  30	 626	1444360	1444901	   0	 390	
 582	 587	  30	   4	 719	   3	   2	  21	  32	   6	  80	  20	  30	 533	1446742	1447461	   0	 390	
 583	 588	  80	   2	 793	   1	   1	  22	  32	   6	  80	  20	  30	 540	1449308	1450101	   0	 380	
 584	 589	  20	   4	 595	   2	   2	  22	  33	   6	  80	  20	  30	 478	1451874	1452469	   0	 380	
 585	 590	  30	   3	 555	   3	   2	  22	  33	   7	  80	  20	  30	 323	1454090	1454645	   0	 380	
 586	 591	  80	   1	 588	   1	   1	  23	  33	   7	  80	  20	  30	 541	1456489	1457077	   0	 390	
 587	 592	  20	   4	 647	   2	   2	  23	  34	   7	  80	  20	  30	 660	1459038	1459685	   0	 390	
 588	 593	  80	   3	1413	   1	   2	  24	  34	   7	  80	  20	  30	 509	1461504	1462917	   0	 390	
 589	 594	  20	   4	 522	   2	   2	  24	  35	   7	  80	  20	  30	 387	1464619	1465141	   0	 390	
 590	 595	  80	   1	 569	   1	   1	  25	  35	   7	  80	  20	  30	 621	1467068	1467637	   0	 400	
 591	 596	  30	   4	 473	   3	   2	  25	  35	   8	  80	  20	  30	 492	1469468	1469941	   0	 400	
 592	 597	  80	   1	 469	   1	   1	  26	  35	   8	  80	  20	  30	 342	1471584	1472053	   0	 410	
 593	 598	  70	   3	1212	   2	   2	  26	   1	   8	  80	  70	  30	 449	1473833	1475045	   2	 410	
 594	 599	  80	   1	 876	   1	   1	  27	   1	   8	  80	  70	  30	 322	1476665	1477541	   0	 420	
 595	 600	  30	   4	 525	   3	   2	  27	   1	   9	  80	  70	  30	 602	1479447	1479972	   0	 420	
 596	 601	  80	   2	 547	   1	   1	  28	   1	   9	  80	  70	  30	 440	1481713	1482260	   0	 410	
 597	 602	  70	   3	1006	   2	   2	  28	   2	   9	  80	  70	  30	 678	1484246	1485252	   0	 410	
 598	 603	  30	   3	 943	   3	   2	  28	   2	  10	  80	  70	  30	 502	1487061	1488004	   0	 410	
 599	 604	  70	   1	 772	   2	   1	  28	   3	  10	  80	  70	  30	 460	1489760	1490532	   0	 420	
 600	 605	  30	   4	 904	   3	   2	  28	   3	  11	  80	  70	  30	 632	1492476	1493380	   0	 420	
 601	 606	  70	   1	1492	   2	   1	  28	   4	  11	  80	  70	  30	 669	1495392	1496884	   0	 430	
 602	 607	  30	   4	1327	   3	   2	  28	   4	  12	  80	  70	  30	 561	1498741	1500068	   0	 430	
 603	 608	  70	   2	 611	   2	   1	  28	   5	  12	  80	  70	  30	 513	1501873	1502484	   0	 420	
 604	 609	  30	   4	 510	   3	   2	  28	   5	  13	  80	  70	  30	 631	1504422	1504932	   0	 420	
 605	 610	  80	   1	 676	   1	   1	  29	   5	  13	  80	  70	  30	 450	1506688	1507364	   0	 430	
 606	 611	  70	   1	 642	   2	   1	  29	   6	  13	  80	  70	  30	 491	1509154	1509796	   0	 440	
 607	 612	  30	   2	 509	   3	   1	  29	   6	  14	  80	  70	  30	 624	1511719	1512228	   0	 430	
 608	 613	  70	   2	 699	   2	   1	  29	   7	  14	  80	  70	  30	 634	1514169	1514868	   0	 420	
 609	 614	  80	   1	 658	   1	   1	  30	   7	  14	  80	  70	  30	 643	1516818	1517476	   0	 430	
 610	 615	  70	   3	 564	   2	   2	  30	   8	  14	  80	  70	  30	 423	1519200	1519764	   0	 430	
 611	 616	  30	   3	 588	   3	   2	  30	   8	  15	  80	  70	  30	 302	1521416	1522004	   0	 430	
 612	 617	  50	   4	 742	   1	   2	   1	   8	  15	  50	  70	  30	 612	1523965	1524707	   1	 430	
 613	 618	  30	   4	 658	   3	   2	   1	   8	  16	  50	  70	  30	 478	1526481	1527139	   0	 430	
 614	 619	  70	   1	 623	   2	   1	   1	   9	  16	  50	  70	  30	 539	1528980	1529603	   0	 440	
 615	 620	  30	   4	 605	   3	   2	   1	   9	  17	  50	  70	  30	 545	1531446	1532051	   0	 440	
 616	 621	  70	   2	 661	   2	   1	   1	  10	  17	  50	  70	  30	 318	1533678	1534339	   0	 430	
 617	 622	  50	   4	 838	   1	   2	   2	  10	  17	  50	  70	  30	 416	1536061	1536899	   0	 430	
 618	 623	  70	   3	 696	   2	   2	   2	  11	  17	  50	  70	  30	 616	1538827	1539523	   0	 430	
 619	 624	  50	   4	1219	   1	   2	   3	  11	  17	  50	  70	  30	 544	1541376	1542595	   0	 430	
 620	 625	  30	   4	 542	   3	   2	   3	  11	  18	  50	  70	  30	 446	1544341	1544883	   0	 430	
 621	 626	  70	   3	 871	   2	   2	   3	  12	  18	  50	  70	  30	 307	1546524	1547395	   0	 430	
 622	 627	  50	   3	1685	   1	   2	   4	  12	  18	  50	  70	  30	 301	1549006	1550691	   0	 430	
 623	 628	  30	   3	1075	   3	   2	   4	  12	  19	  50	  70	  30	 694	1552688	1553763	   0	 430	
 624	 629	  50	   3	 549	   1	   2	   5	  12	  19	  50	  70	  30	 382	1555454	1556003	   0	 430	
 625	 630	  70	   3	 704	   2	   2	   5	  13	  19	  50	  70	  30	 694	1558003	1558707	   0	 430	
 626	 631	  30	   3	 547	   3	   2	   5	  13	  20	  50	  70	  30	 344	1560352	1560899	   0	 430	
 627	 632	  50	   4	1336	   1	   2	   6	  13	  20	  50	  70	  30	 427	1562635	1563971	   0	 430	
 628	 633	  70	   3	 869	   2	   2	   6	  14	  20	  50	  70	  30	 648	1565934	1566803	   0	 430	
 629	 634	  30	   3	1030	   3	   2	   6	  14	  21	  50	  70	  30	 619	1568733	1569763	   0	 430	
 630	 635	  50	   1	 480	   1	   1	   7	  14	  21	  50	  70	  30	 601	1571682	1572162	   0	 440	
 631	 636	  30	   4	 585	   3	   2	   7	  14	  22	  50	  70	  30	 378	1573881	1574466	   0	 440	
 632	 637	  50	   1	 805	   1	   1	   8	  14	  22	  50	  70	  30	 627	1576397	1577202	   0	 450	
 633	 638	  30	   4	 426	   3	   2	   8	  14	  23	  50	  70	  30	 612	1579112	1579538	   0	 450	
 634	 639	  70	   4	 583	   2	   2	   8	  15	  23	  50	  70	  30	 351	1581195	1581778	   0	 450	
 635	 640	  50	   3	1927	   1	   2	   9	  15	  23	  50	  70	  30	 527	1583611	1585538	   0	 450	
 636	 641	  70	   3	 772	   2	   2	   9	  16	  23	  50	  70	  30	 483	1587326	1588098	   0	 450	
 637	 642	  30	   4	1274	   3	   2	   9	  16	  24	  50	  70	  30	 590	1589992	1591266	   0	 450	
 638	 643	  50	   4	 707	   1	   2	  10	  16	  24	  50	  70	  30	 428	1592991	1593698	   0	 450	
 639	 644	  70	   3	1080	   2	   2	  10	  17	  24	  50	  70	  30	 697	1595690	1596770	   0	 450	
 640	 645	  30	   4	 872	   3	   2	  10	  17	  25	  50	  70	  30	 419	1598506	1599378	   0	 450	
 641	 646	  70	   3	1891	   2	   2	  10	  18	  25	  50	  70	  30	 337	1601055	1602946	   0	 450	
 642	 647	  50	   1	 446	   1	   1	  11	  18	  25	  50	  70	  30	 576	1604820	1605266	   0	 460	
 643	 648	  30	   4	 553	   3	   2	  11	  18	  26	  50	  70	  30	 393	1606953	1607506	   0	 460	
 644	 649	  50	   4	 616	   1	   2	  12	  18	  26	  50	  70	  30	 591	1609402	1610018	   0	 460	
 645	 650	  30	   3	 631	   3	   2	  12	  18	  27	  50	  70	  30	 525	1611851	1612482	   0	 460	
 646	 651	  70	   2	 579	   2	   1	  12	  19	  27	  50	  70	  30	 591	1614383	1614962	   0	 450	
 647	 652	  30	   4	 848	   3	   2	  12	  19	  28	  50	  70	  30	 593	1616849	1617697	   0	 450	
 648	 653	  50	   2	 625	   1	   1	  13	  19	  28	  50	  70	  30	 626	1619632	1620257	   0	 440	
 649	 654	  70	   4	 629	   2	   2	  13	  20	  28	  50	  70	  30	 400	1621964	1622593	   0	 440	
 650	 655	  50	   1	 724	   1	   1	  14	  20	  28	  50	  70	  30	 509	1624413	1625137	   0	 450	
 651	 656	  70	   4	 511	   2	   2	  14	  21	  28	  50	  70	  30	 478	1626946	1627457	   0	 450	
 652	 657	  30	   4	 629	   3	   2	  14	  21	  29	  50	  70	  30	 480	1629228	1629857	   0	 450	
 653	 658	  50	   1	 577	   1	   1	  15	  21	  29	  50	  70	  30	 594	1631744	1632321	   0	 460	
 654	 659	  30	   3	 472	   3	   2	  15	  21	  30	  50	  70	  30	 380	1633993	1634465	   0	 460	
 655	 660	  70	   3	 457	   2	   2	  15	  22	  30	  50	  70	  30	 616	1636392	1636849	   0	 460	
 656	 661	  30	   4	 656	   3	   2	  15	  22	   1	  50	  70	  30	 476	1638625	1639281	   0	 460	
 657	 662	  70	   3	 532	   2	   2	  15	  23	   1	  50	  70	  30	 349	1640941	1641473	   0	 460	
 658	 663	  30	   2	 532	   3	   1	  15	  23	   2	  50	  70	  30	 596	1643373	1643905	   0	 450	
 659	 664	  70	   1	 365	   2	   1	  15	  24	   2	  50	  70	  30	 336	1645556	1645921	   0	 460	
 660	 665	  50	   4	 443	   1	   2	  16	  24	   2	  50	  70	  30	 399	1647638	1648081	   0	 460	
 661	 666	  30	   4	 603	   3	   2	  16	  24	   3	  50	  70	  30	 617	1650038	1650641	   0	 460	
 662	 667	  70	   1	 484	   2	   1	  16	  25	   3	  50	  70	  30	 695	1652637	1653121	   0	 470	
 663	 668	  30	   4	 460	   3	   2	  16	  25	   4	  50	  70	  30	 439	1654869	1655329	   0	 470	
 664	 669	  50	   1	 621	   1	   1	  17	  25	   4	  50	  70	  30	 626	1657252	1657873	   0	 480	
 665	 670	  70	   3	 491	   2	   2	  17	  26	   4	  50	  70	  30	 548	1659734	1660225	   0	 480	
 666	 671	  50	   2	1712	   1	   1	  18	  26	   4	  50	  70	  30	 471	1662000	1663712	   0	 470	
 667	 672	  30	   3	 410	   3	   2	  18	  26	   5	  50	  70	  30	 334	1665366	1665776	   0	 470	
 668	 673	  70	   4	 551	   2	   2	  18	  27	   5	  50	  70	  30	 394	1667465	1668016	   0	 470	
 669	 674	  30	   2	 447	   3	   1	  18	  27	   6	  50	  70	  30	 375	1669697	1670144	   0	 460	
 670	 675	  50	   3	 819	   1	   2	  19	  27	   6	  50	  70	  30	 562	1672013	1672832	   0	 460	
 671	 676	  70	   1	 552	   2	   1	  19	  28	   6	  50	  70	  30	 516	1674696	1675248	   0	 470	
 672	 677	  30	   3	 379	   3	   2	  19	  28	   7	  50	  70	  30	 494	1677045	1677424	   0	 470	
 673	 678	  50	   2	 513	   1	   1	  20	  28	   7	  50	  70	  30	 571	1679311	1679824	   0	 460	
 674	 679	  70	   3	 496	   2	   2	  20	  29	   7	  50	  70	  30	 621	1681760	1682256	   0	 460	
 675	 680	  50	   1	 354	   1	   1	  21	  29	   7	  50	  70	  30	 580	1684142	1684496	   0	 470	
 676	 681	  30	   4	 378	   3	   2	  21	  29	   8	  50	  70	  30	 543	1686342	1686720	   0	 470	
 677	 682	  50	   1	 549	   1	   1	  22	  29	   8	  50	  70	  30	 484	1688507	1689056	   0	 480	
 678	 683	  30	   4	 607	   3	   2	  22	  29	   9	  50	  70	  30	 682	1691057	1691664	   0	 480	
 679	 684	  50	   1	 593	   1	   1	  23	  29	   9	  50	  70	  30	 476	1693439	1694032	   0	 490	
 680	 685	  70	   4	 454	   2	   2	  23	  30	   9	  50	  70	  30	 411	1695738	1696192	   0	 490	
 681	 686	  50	   2	 415	   1	   1	  24	  30	   9	  50	  70	  30	 407	1697937	1698352	   0	 480	
 682	 687	  70	   3	 337	   2	   2	  24	  31	   9	  50	  70	  30	 635	1700303	1700640	   0	 480	
 683	 688	  50	   4	 365	   1	   2	  25	  31	   9	  50	  70	  30	 468	1702419	1702784	   0	 480	
 684	 689	  30	   3	 434	   3	   2	  25	  31	  10	  50	  70	  30	 629	1704718	1705152	   0	 480	
 685	 690	  50	   4	 366	   1	   2	  26	  31	  10	  50	  70	  30	 377	1706834	1707200	   0	 480	
 686	 691	  30	   4	 495	   3	   2	  26	  31	  11	  50	  70	  30	 666	1709184	1709679	   0	 480	
 687	 692	  70	   3	 507	   2	   2	  26	  32	  11	  50	  70	  30	 328	1711316	1711823	   0	 480	
 688	 693	  30	   4	 432	   3	   2	  26	  32	  12	  50	  70	  30	 485	1713615	1714047	   0	 480	
 689	 694	  50	   2	 425	   1	   1	  27	  32	  12	  50	  70	  30	 445	1715798	1716223	   0	 470	
 690	 695	  70	   3	 400	   2	   2	  27	  33	  12	  50	  70	  30	 526	1718047	1718447	   0	 470	
 691	 696	  30	   4	 436	   3	   2	  27	  33	  13	  50	  70	  30	 566	1720363	1720799	   0	 470	
 692	 697	  50	   3	 286	   1	   2	  28	  33	  13	  50	  70	  30	 417	1722529	1722815	   0	 470	
 693	 698	  30	   4	 353	   3	   2	  28	  33	  14	  50	  70	  30	 359	1724478	1724831	   0	 470	
 694	 699	  50	   4	 488	   1	   2	  29	  33	  14	  50	  70	  30	 594	1726727	1727215	   0	 470	
 695	 700	  30	   3	 542	   3	   2	  29	  33	  15	  50	  70	  30	 448	1728977	1729519	   0	 470	
 696	 701	  70	   4	 478	   2	   2	  29	  34	  15	  50	  70	  30	 583	1731409	1731887	   0	 470	
 697	 702	  30	   4	 417	   3	   2	  29	  34	  16	  50	  70	  30	 576	1733758	1734175	   0	 470	
 698	 703	  50	   3	 726	   1	   2	  30	  34	  16	  50	  70	  30	 576	1736057	1736783	   0	 470	
 699	 704	  30	   4	 526	   3	   2	  30	  34	  17	  50	  70	  30	 586	1738673	1739199	   0	 470	
 700	 705	  50	   2	 627	   1	   1	  31	  34	  17	  50	  70	  30	 454	1740956	1741583	   0	 460	
 701	 706	  70	   3	 303	   2	   2	  31	  35	  17	  50	  70	  30	 578	1743488	1743791	   0	 460	
 702	 707	  50	   4	 564	   1	   2	  32	  35	  17	  50	  70	  30	 690	1745787	1746351	   0	 460	
 703	 708	  30	   4	 451	   3	   2	  32	  35	  18	  50	  70	  30	 576	1748236	1748687	   0	 460	
 704	 709	  50	   3	 549	   1	   2	  33	  35	  18	  50	  70	  30	 596	1750586	1751135	   0	 460	
 705	 710	  30	   3	 596	   3	   2	  33	  35	  19	  50	  70	  30	 593	1753035	1753631	   0	 460	
 706	 711	  70	   1	 609	   2	   1	  33	   1	  19	  50	  70	  30	 572	1755501	1756110	   0	 470	
 707	 712	  50	   4	 486	   1	   2	   1	   1	  19	  50	  70	  30	 390	1757800	1758286	   0	 470	
