Version: 1	Number of symbols: 3	Pictures exchange: true	Response Deadline: 2000
Trial_No	Virt_Trial_No	Prob_Shown	Feedback	RT	Stimulus_No	Resp	SymbolA_Stage	SymbolB_Stage	SymbolC_Stage	Prob_A	Prob_B	Prob_C	Jitter	StimOnset	RespOnset	Symbol_Changes	Bonus_sum
   1	   1	  30	   2	 734	   1	   1	   1	   0	   0	  30	  70	  50	 471	1715	2449	   0	 -10	
   2	   2	  50	   2	 554	   3	   1	   1	   0	   1	  30	  70	  50	 626	4375	4929	   0	 -20	
   3	   3	  30	   2	 487	   1	   1	   2	   0	   1	  30	  70	  50	 342	6570	7057	   0	 -30	
   4	   4	  50	   3	 952	   3	   2	   2	   0	   2	  30	  70	  50	 687	9048	10000	   0	 -30	
   5	   5	  70	   1	 865	   2	   1	   2	   1	   2	  30	  70	  50	 475	11775	12640	   0	 -20	
   6	   6	  30	   4	 592	   1	   2	   3	   1	   2	  30	  70	  50	 373	14320	14912	   0	 -20	
   7	   7	  50	   4	 511	   3	   2	   3	   1	   3	  30	  70	  50	 665	16881	17392	   0	 -20	
   8	   8	  70	   1	 377	   2	   1	   3	   2	   3	  30	  70	  50	 465	19175	19552	   0	 -10	
   9	   9	  50	   4	 506	   3	   2	   3	   2	   4	  30	  70	  50	 397	21254	21760	   0	 -10	
  10	  10	  30	   3	 712	   1	   2	   4	   2	   4	  30	  70	  50	 346	23416	24128	   0	 -10	
  11	  11	  50	   1	 428	   3	   1	   4	   2	   5	  30	  70	  50	 383	25844	26272	   0	   0	
  12	  12	  70	   1	 524	   2	   1	   4	   3	   5	  30	  70	  50	 370	27956	28480	   0	  10	
  13	  13	  50	   4	 552	   3	   2	   4	   3	   6	  30	  70	  50	 387	30167	30719	   0	  10	
  14	  14	  70	   2	 714	   2	   1	   4	   4	   6	  30	  70	  50	 612	32645	33359	   0	   0	
  15	  15	  50	   3	 634	   3	   2	   4	   4	   7	  30	  70	  50	 498	35173	35807	   0	   0	
  16	  16	  30	   3	 731	   1	   2	   5	   4	   7	  30	  70	  50	 569	37684	38415	   0	   0	
  17	  17	  70	   2	 538	   2	   1	   5	   5	   7	  30	  70	  50	 520	40245	40783	   0	 -10	
  18	  18	  50	   3	 532	   3	   2	   5	   5	   8	  30	  70	  50	 437	42523	43055	   0	 -10	
  19	  19	  70	   1	 656	   2	   1	   5	   6	   8	  30	  70	  50	 380	44751	45407	   0	   0	
  20	  20	  30	   4	 615	   1	   2	   6	   6	   8	  30	  70	  50	 394	47096	47711	   0	   0	
  21	  21	  50	   4	 556	   3	   2	   6	   6	   9	  30	  70	  50	 431	49474	50030	   0	   0	
  22	  22	  30	   4	 722	   1	   2	   7	   6	   9	  30	  70	  50	 517	51852	52574	   0	   0	
  23	  23	  50	   3	 500	   3	   2	   7	   6	  10	  30	  70	  50	 455	54330	54830	   0	   0	
  24	  24	  30	   4	 645	   1	   2	   8	   6	  10	  30	  70	  50	 696	56841	57486	   0	   0	
  25	  25	  70	   1	 454	   2	   1	   8	   7	  10	  30	  70	  50	 555	59352	59806	   0	  10	
  26	  26	  50	   3	 703	   3	   2	   8	   7	  11	  30	  70	  50	 541	61647	62350	   0	  10	
  27	  27	  30	   4	1230	   1	   2	   9	   7	  11	  30	  70	  50	 554	64208	65438	   0	  10	
  28	  28	  50	   4	 632	   3	   2	   9	   7	  12	  30	  70	  50	 574	67317	67949	   0	  10	
  29	  29	  70	   1	 599	   2	   1	   9	   8	  12	  30	  70	  50	 610	69862	70461	   0	  20	
  30	  30	  50	   3	 520	   3	   2	   9	   8	  13	  30	  70	  50	 623	72389	72909	   0	  20	
  31	  31	  70	   1	 608	   2	   1	   9	   9	  13	  30	  70	  50	 476	74701	75309	   0	  30	
  32	  32	  50	   3	 651	   3	   2	   9	   9	  14	  30	  70	  50	 336	76946	77597	   0	  30	
  33	  33	  30	   3	 799	   1	   2	  10	   9	  14	  30	  70	  50	 483	79390	80189	   0	  30	
  34	  34	  70	   2	 592	   2	   1	  10	  10	  14	  30	  70	  50	 382	81885	82477	   0	  20	
  35	  35	  30	   4	 662	   1	   2	  11	  10	  14	  30	  70	  50	 508	84279	84941	   0	  20	
  36	  36	  70	   1	 680	   2	   1	  11	  11	  14	  30	  70	  50	 505	86757	87437	   0	  30	
  37	  37	  50	   2	 799	   3	   1	  11	  11	  15	  30	  70	  50	 333	89085	89884	   0	  20	
  38	  38	  30	   3	 799	   1	   2	  12	  11	  15	  30	  70	  50	 443	91629	92428	   0	  20	
  39	  39	  70	   2	 618	   2	   1	  12	  12	  15	  30	  70	  50	 540	94274	94892	   0	  10	
  40	  40	  30	   4	 740	   1	   2	  13	  12	  15	  30	  70	  50	 364	96568	97308	   0	  10	
  41	  41	  50	   3	 670	   3	   2	  13	  12	  16	  30	  70	  50	 633	99262	99932	   0	  10	
  42	  42	  70	   1	 514	   2	   1	  13	  13	  16	  30	  70	  50	 442	101674	102188	   0	  20	
  43	  43	  30	   4	 591	   1	   2	  14	  13	  16	  30	  70	  50	 372	103869	104460	   0	  20	
  44	  44	  70	   1	 589	   2	   1	  14	  14	  16	  30	  70	  50	 694	106446	107035	   0	  30	
  45	  45	  50	   4	 664	   3	   2	  14	  14	  17	  30	  70	  50	 339	108675	109339	   0	  30	
  46	  46	  30	   4	 779	   1	   2	  15	  14	  17	  30	  70	  50	 494	111136	111915	   0	  30	
  47	  47	  70	   1	 563	   2	   1	  15	  15	  17	  30	  70	  50	 674	113896	114459	   0	  40	
  48	  48	  30	   3	 830	   1	   2	  16	  15	  17	  30	  70	  50	 347	116125	116955	   0	  40	
  49	  49	  70	   2	 457	   2	   1	  16	  16	  17	  30	  70	  50	 529	118802	119259	   0	  30	
  50	  50	  30	   4	 611	   1	   2	  17	  16	  17	  30	  70	  50	 523	121080	121691	   0	  30	
  51	  51	  70	   1	 598	   2	   1	  17	  17	  17	  30	  70	  50	 508	123525	124123	   0	  40	
  52	  52	  30	   4	 534	   1	   2	  18	  17	  17	  30	  70	  50	 608	126036	126570	   0	  40	
  53	  53	  70	   3	 494	   2	   2	  18	  18	  17	  30	  70	  50	 501	128380	128874	   0	  40	
  54	  54	  30	   3	 642	   1	   2	  19	  18	  17	  30	  70	  50	 601	130792	131434	   0	  40	
  55	  55	  70	   2	 488	   2	   1	  19	  19	  17	  30	  70	  50	 450	133186	133674	   0	  30	
  56	  56	  50	   4	 622	   3	   2	  19	  19	  18	  30	  70	  50	 593	135564	136186	   0	  30	
  57	  57	  30	   4	 737	   1	   2	  20	  19	  18	  30	  70	  50	 517	138009	138746	   0	  30	
  58	  58	  70	   1	 523	   2	   1	  20	  20	  18	  30	  70	  50	 663	140719	141242	   0	  40	
  59	  59	  50	   3	 642	   3	   2	  20	  20	  19	  30	  70	  50	 522	143064	143706	   0	  40	
  60	  60	  30	   2	 418	   1	   1	  21	  20	  19	  30	  70	  50	 595	145608	146026	   0	  30	
  61	  61	  50	   4	 775	   3	   2	  21	  20	  20	  30	  70	  50	 622	147970	148745	   0	  30	
  62	  62	  70	   1	 511	   2	   1	  21	  21	  20	  30	  70	  50	 693	150730	151241	   0	  40	
  63	  63	  50	   4	 597	   3	   2	  21	  21	  21	  30	  70	  50	 538	153092	153689	   0	  40	
  64	  64	  70	   2	 565	   2	   1	  21	  22	  21	  30	  70	  50	 656	155652	156217	   0	  30	
  65	  65	  50	   3	 605	   3	   2	  21	  22	  22	  30	  70	  50	 443	157964	158569	   0	  30	
  66	  66	  30	   3	 726	   1	   2	  22	  22	  22	  30	  70	  50	 394	160259	160985	   0	  30	
  67	  67	  70	   1	 339	   2	   1	  22	  23	  22	  30	  70	  50	 597	162886	163225	   0	  40	
  68	  68	  30	   4	 556	   1	   2	  23	  23	  22	  30	  70	  50	 629	165164	165720	   0	  40	
  69	  69	  50	   4	 571	   3	   2	  23	  23	  23	  30	  70	  50	 696	167725	168296	   0	  40	
  70	  70	  70	   1	 594	   2	   1	  23	  24	  23	  30	  70	  50	 449	170054	170648	   0	  50	
  71	  71	  50	   4	 564	   3	   2	  23	  24	  24	  30	  70	  50	 567	172548	173112	   0	  50	
  72	  72	  70	   1	 683	   2	   1	  23	  25	  24	  30	  70	  50	 478	174893	175576	   0	  60	
  73	  73	  50	   3	 611	   3	   2	  23	  25	  25	  30	  70	  50	 353	177237	177848	   0	  60	
  74	  74	  70	   2	 471	   2	   1	  23	  26	  25	  30	  70	  50	 484	179649	180120	   0	  50	
  75	  75	  50	   4	 684	   3	   2	  23	  26	  26	  30	  70	  50	 641	182060	182744	   0	  50	
  76	  76	  70	   1	 542	   2	   1	  23	  27	  26	  30	  70	  50	 497	184554	185096	   0	  60	
  77	  77	  50	   3	 689	   3	   2	  23	  27	  27	  30	  70	  50	 565	186966	187655	   0	  60	
  78	  78	  70	   1	 439	   2	   1	  23	  28	  27	  30	  70	  50	 410	189360	189799	   0	  70	
  79	  79	  50	   3	 758	   3	   2	  23	  28	  28	  30	  70	  50	 395	191505	192263	   0	  70	
  80	  80	  30	   4	 719	   1	   2	  24	  28	  28	  30	  70	  50	 657	194216	194935	   0	  70	
  81	  81	  70	   2	 595	   2	   1	  24	  29	  28	  30	  70	  50	 392	196644	197239	   0	  60	
  82	  82	  30	   4	 702	   1	   2	  25	  29	  28	  30	  70	  50	 344	198889	199591	   0	  60	
  83	  83	  50	   4	 380	   3	   2	  25	  29	  29	  30	  70	  50	 580	201483	201863	   0	  60	
  84	  84	  30	   3	 624	   1	   2	  26	  29	  29	  30	  70	  50	 315	203495	204119	   0	  60	
  85	  85	  70	   1	 587	   2	   1	  26	  30	  29	  30	  70	  50	 301	205723	206310	   0	  70	
  86	  86	  50	   3	 523	   3	   2	  26	  30	  30	  30	  70	  50	 640	208251	208774	   0	  70	
  87	  87	  70	   1	 571	   2	   1	  26	  31	  30	  30	  70	  50	 697	210779	211350	   0	  80	
  88	  88	  30	   4	1130	   3	   2	  26	  31	   1	  30	  70	  30	 651	213340	214470	   3	  80	
  89	  89	  30	   4	 854	   1	   2	  27	  31	   1	  30	  70	  30	 626	216400	217254	   0	  80	
  90	  90	  70	   2	 547	   2	   1	  27	  32	   1	  30	  70	  30	 473	219027	219574	   0	  70	
  91	  91	  30	   3	 554	   3	   2	  27	  32	   2	  30	  70	  30	 484	221388	221942	   0	  70	
  92	  92	  70	   1	 539	   2	   1	  27	  33	   2	  30	  70	  30	 630	223883	224422	   0	  80	
  93	  93	  30	   4	 510	   1	   2	  28	  33	   2	  30	  70	  30	 606	226327	226837	   0	  80	
  94	  94	  30	   4	 403	   3	   2	  28	  33	   3	  30	  70	  30	 587	228722	229125	   0	  80	
  95	  95	  30	   3	 808	   1	   2	  29	  33	   3	  30	  70	  30	 699	231133	231941	   0	  80	
  96	  96	  20	   2	1055	   2	   1	  29	   1	   3	  30	  20	  30	 623	233894	234949	   2	  70	
  97	  97	  30	   4	 818	   1	   2	  30	   1	   3	  30	  20	  30	 518	236771	237589	   0	  70	
  98	  98	  30	   4	 941	   3	   2	  30	   1	   4	  30	  20	  30	 549	239448	240389	   0	  70	
  99	  99	  30	   4	 865	   1	   2	  31	   1	   4	  30	  20	  30	 617	242308	243173	   0	  70	
 100	 100	  30	   4	1024	   3	   2	  31	   1	   5	  30	  20	  30	 373	244852	245876	   0	  70	
 101	 101	  20	   2	 555	   2	   1	  31	   2	   5	  30	  20	  30	 312	247513	248068	   0	  60	
 102	 102	  30	   3	 628	   1	   2	  32	   2	   5	  30	  20	  30	 444	249808	250436	   0	  60	
 103	 103	  20	   3	 361	   2	   2	  32	   3	   5	  30	  20	  30	 464	252219	252580	   0	  60	
 104	 104	  30	   3	 451	   3	   2	  32	   3	   6	  30	  20	  30	 593	254481	254932	   0	  60	
 105	 105	  20	   4	 487	   2	   2	  32	   4	   6	  30	  20	  30	 671	256909	257396	   0	  60	
 106	 106	  30	   4	 435	   3	   2	  32	   4	   7	  30	  20	  30	 442	259137	259572	   0	  60	
 107	 107	  20	   4	 530	   2	   2	  32	   5	   7	  30	  20	  30	 384	261266	261796	   0	  60	
 108	 108	  30	   4	 652	   3	   2	  32	   5	   8	  30	  20	  30	 458	263560	264212	   0	  60	
 109	 109	  20	   3	 341	   2	   2	  32	   6	   8	  30	  20	  30	 309	265822	266163	   0	  60	
 110	 110	  30	   4	 342	   1	   2	  33	   6	   8	  30	  20	  30	 435	267901	268243	   0	  60	
 111	 111	  30	   4	 483	   3	   2	  33	   6	   9	  30	  20	  30	 541	270096	270579	   0	  60	
 112	 112	  20	   4	 289	   2	   2	  33	   7	   9	  30	  20	  30	 374	272258	272547	   0	  60	
 113	 113	  30	   3	 490	   3	   2	  33	   7	  10	  30	  20	  30	 300	274153	274643	   0	  60	
 114	 114	  30	   4	 449	   1	   2	  34	   7	  10	  30	  20	  30	 553	276498	276947	   0	  60	
 115	 115	  30	   3	 478	   3	   2	  34	   7	  11	  30	  20	  30	 437	278693	279171	   0	  60	
 116	 116	  30	   4	 600	   1	   2	  35	   7	  11	  30	  20	  30	 484	280971	281571	   0	  60	
 117	 117	  30	   4	 422	   3	   2	  35	   7	  12	  30	  20	  30	 675	283549	283971	   0	  60	
 118	 118	  80	   1	 849	   1	   1	   1	   7	  12	  80	  20	  30	 462	285777	286626	   1	  70	
 119	 119	  30	   4	 721	   3	   2	   1	   7	  13	  80	  20	  30	 369	288305	289026	   0	  70	
 120	 120	  20	   4	 711	   2	   2	   1	   8	  13	  80	  20	  30	 350	290683	291394	   0	  70	
 121	 121	  80	   1	 440	   1	   1	   2	   8	  13	  80	  20	  30	 472	293194	293634	   0	  80	
 122	 122	  30	   4	 428	   3	   2	   2	   8	  14	  80	  20	  30	 695	295638	296066	   0	  80	
 123	 123	  80	   2	 619	   1	   1	   3	   8	  14	  80	  20	  30	 395	297767	298386	   0	  70	
 124	 124	  30	   3	 409	   3	   2	   3	   8	  15	  80	  20	  30	 646	300345	300754	   0	  70	
 125	 125	  80	   1	 602	   1	   1	   4	   8	  15	  80	  20	  30	 404	302456	303058	   0	  80	
 126	 126	  30	   4	 560	   3	   2	   4	   8	  16	  80	  20	  30	 433	304801	305361	   0	  80	
 127	 127	  80	   1	 595	   1	   1	   5	   8	  16	  80	  20	  30	 597	307262	307857	   0	  90	
 128	 128	  30	   4	 718	   3	   2	   5	   8	  17	  80	  20	  30	 336	309507	310225	   0	  90	
 129	 129	  20	   4	 896	   2	   2	   5	   9	  17	  80	  20	  30	 452	311985	312881	   0	  90	
 130	 130	  80	   2	 616	   1	   1	   6	   9	  17	  80	  20	  30	 535	314729	315345	   0	  80	
 131	 131	  30	   4	 772	   3	   2	   6	   9	  18	  80	  20	  30	 700	317373	318145	   0	  80	
 132	 132	  80	   1	 498	   1	   1	   7	   9	  18	  80	  20	  30	 527	319967	320465	   0	  90	
 133	 133	  30	   3	 635	   3	   2	   7	   9	  19	  80	  20	  30	 471	322245	322880	   0	  90	
 134	 134	  80	   1	 551	   1	   1	   8	   9	  19	  80	  20	  30	 685	324873	325424	   0	 100	
 135	 135	  20	   4	 831	   2	   2	   8	  10	  19	  80	  20	  30	 470	327201	328032	   0	 100	
 136	 136	  80	   1	 548	   1	   1	   9	  10	  19	  80	  20	  30	 680	330028	330576	   0	 110	
 137	 137	  20	   3	 733	   2	   2	   9	  11	  19	  80	  20	  30	 449	332339	333072	   0	 110	
 138	 138	  80	   1	 627	   1	   1	  10	  11	  19	  80	  20	  30	 342	334717	335344	   0	 120	
 139	 139	  20	   4	 602	   2	   2	  10	  12	  19	  80	  20	  30	 400	337046	337648	   0	 120	
 140	 140	  30	   4	 653	   3	   2	  10	  12	  20	  80	  20	  30	 560	339507	340160	   0	 120	
 141	 141	  80	   2	 518	   1	   1	  11	  12	  20	  80	  20	  30	 316	341802	342320	   0	 110	
 142	 142	  30	   3	 559	   3	   2	  11	  12	  21	  80	  20	  30	 463	344096	344655	   0	 110	
 143	 143	  20	   4	 790	   2	   2	  11	  13	  21	  80	  20	  30	 483	346441	347231	   0	 110	
 144	 144	  80	   1	 501	   1	   1	  12	  13	  21	  80	  20	  30	 478	349002	349503	   0	 120	
 145	 145	  30	   4	 651	   3	   2	  12	  13	  22	  80	  20	  30	 569	351380	352031	   0	 120	
 146	 146	  20	   4	 814	   2	   2	  12	  14	  22	  80	  20	  30	 504	353841	354655	   0	 120	
 147	 147	  30	   4	 643	   3	   2	  12	  14	  23	  80	  20	  30	 679	356652	357295	   0	 120	
 148	 148	  20	   4	 634	   2	   2	  12	  15	  23	  80	  20	  30	 416	359013	359647	   0	 120	
 149	 149	  80	   1	 501	   1	   1	  13	  15	  23	  80	  20	  30	 307	361258	361759	   0	 130	
 150	 150	  20	   4	 603	   2	   2	  13	  16	  23	  80	  20	  30	 543	363603	364206	   0	 130	
 151	 151	  80	   1	 458	   1	   1	  14	  16	  23	  80	  20	  30	 639	366164	366622	   0	 140	
 152	 152	  20	   4	 620	   2	   2	  14	  17	  23	  80	  20	  30	 318	368242	368862	   0	 140	
 153	 153	  30	   4	 563	   3	   2	  14	  17	  24	  80	  20	  30	 414	370587	371150	   0	 140	
 154	 154	  20	   3	 668	   2	   2	  14	  18	  24	  80	  20	  30	 433	372898	373566	   0	 140	
 155	 155	  80	   1	 691	   1	   1	  15	  18	  24	  80	  20	  30	 366	375243	375934	   0	 150	
 156	 156	  30	   4	 859	   3	   2	  15	  18	  25	  80	  20	  30	 322	377555	378414	   0	 150	
 157	 157	  80	   1	 474	   1	   1	  16	  18	  25	  80	  20	  30	 419	380132	380606	   0	 160	
 158	 158	  20	   4	 535	   2	   2	  16	  19	  25	  80	  20	  30	 382	382294	382829	   0	 160	
 159	 159	  30	   4	 630	   3	   2	  16	  19	  26	  80	  20	  30	 301	384439	385069	   0	 160	
 160	 160	  80	   1	 568	   1	   1	  17	  19	  26	  80	  20	  30	 531	386917	387485	   0	 170	
 161	 161	  20	   4	 603	   2	   2	  17	  20	  26	  80	  20	  30	 566	389378	389981	   0	 170	
 162	 162	  30	   3	 407	   3	   2	  17	  20	  27	  80	  20	  30	 311	391590	391997	   0	 170	
 163	 163	  80	   2	 461	   1	   1	  18	  20	  27	  80	  20	  30	 675	393968	394429	   0	 160	
 164	 164	  30	   4	 473	   3	   2	  18	  20	  28	  80	  20	  30	 435	396180	396653	   0	 160	
 165	 165	  20	   4	 526	   2	   2	  18	  21	  28	  80	  20	  30	 638	398591	399117	   0	 160	
 166	 166	  30	   2	 392	   3	   1	  18	  21	  29	  80	  20	  30	 451	400869	401261	   0	 150	
 167	 167	  80	   1	 389	   1	   1	  19	  21	  29	  80	  20	  30	 480	403047	403436	   0	 160	
 168	 168	  30	   3	 384	   3	   2	  19	  21	  30	  80	  20	  30	 543	405276	405660	   0	 160	
 169	 169	  20	   4	 402	   2	   2	  19	  22	  30	  80	  20	  30	 395	407354	407756	   0	 160	
 170	 170	  30	   4	 440	   3	   2	  19	  22	  31	  80	  20	  30	 665	409732	410172	   0	 160	
 171	 171	  80	   1	 694	   1	   1	  20	  22	  31	  80	  20	  30	 387	411878	412572	   0	 170	
 172	 172	  30	   4	 604	   3	   2	  20	  22	  32	  80	  20	  30	 369	414256	414860	   0	 170	
 173	 173	  20	   3	 631	   2	   2	  20	  23	  32	  80	  20	  30	 342	416501	417132	   0	 170	
 174	 174	  80	   1	 433	   1	   1	  21	  23	  32	  80	  20	  30	 345	418779	419212	   0	 180	
 175	 175	  30	   4	 593	   3	   2	  21	  23	  33	  80	  20	  30	 376	420891	421484	   0	 180	
 176	 176	  80	   1	 703	   1	   1	  22	  23	  33	  80	  20	  30	 692	423468	424171	   0	 190	
 177	 177	  30	   3	 543	   3	   2	  22	  23	  34	  80	  20	  30	 520	425996	426539	   0	 190	
 178	 178	  80	   2	 721	   1	   1	  23	  23	  34	  80	  20	  30	 650	428490	429211	   0	 180	
 179	 179	  30	   4	 656	   3	   2	  23	  23	  35	  80	  20	  30	 537	431051	431707	   0	 180	
 180	 180	  20	   2	 611	   2	   1	  23	  24	  35	  80	  20	  30	 511	433512	434123	   0	 170	
 181	 181	  70	   1	 810	   3	   1	  23	  24	   1	  80	  20	  70	 348	435841	436651	   3	 180	
 182	 182	  20	   1	 407	   2	   1	  23	  25	   1	  80	  20	  70	 502	438468	438875	   0	 190	
 183	 183	  80	   1	 612	   1	   1	  24	  25	   1	  80	  20	  70	 472	440646	441258	   0	 200	
 184	 184	  70	   2	 760	   3	   1	  24	  25	   2	  80	  20	  70	 503	443074	443834	   0	 190	
 185	 185	  20	   4	 569	   2	   2	  24	  26	   2	  80	  20	  70	 441	445585	446154	   0	 190	
 186	 186	  70	   3	 954	   3	   2	  24	  26	   3	  80	  20	  70	 631	448096	449050	   0	 190	
 187	 187	  20	   4	 760	   2	   2	  24	  27	   3	  80	  20	  70	 326	450674	451434	   0	 190	
 188	 188	  70	   2	 472	   3	   1	  24	  27	   4	  80	  20	  70	 455	453202	453674	   0	 180	
 189	 189	  20	   4	 688	   2	   2	  24	  28	   4	  80	  20	  70	 563	455546	456234	   0	 180	
 190	 190	  80	   2	 581	   1	   1	  25	  28	   4	  80	  20	  70	 398	457941	458522	   0	 170	
 191	 191	  70	   1	 511	   3	   1	  25	  28	   5	  80	  20	  70	 375	460219	460730	   0	 180	
 192	 192	  80	   1	 537	   1	   1	  26	  28	   5	  80	  20	  70	 412	462448	462985	   0	 190	
 193	 193	  20	   2	 364	   2	   1	  26	  29	   5	  80	  20	  70	 613	464909	465273	   0	 180	
 194	 194	  70	   1	 628	   3	   1	  26	  29	   6	  80	  20	  70	 658	467237	467865	   0	 190	
 195	 195	  20	   4	 489	   2	   2	  26	  30	   6	  80	  20	  70	 464	469648	470137	   0	 190	
 196	 196	  70	   1	 712	   3	   1	  26	  30	   7	  80	  20	  70	 347	471793	472505	   0	 200	
 197	 197	  80	   1	 534	   1	   1	  27	  30	   7	  80	  20	  70	 560	474371	474905	   0	 210	
 198	 198	  50	   3	 883	   2	   2	  27	   1	   7	  80	  50	  70	 330	476566	477449	   2	 210	
 199	 199	  70	   2	 474	   3	   1	  27	   1	   8	  80	  50	  70	 581	479343	479817	   0	 200	
 200	 200	  50	   2	 770	   2	   1	  27	   2	   8	  80	  50	  70	 533	481654	482424	   0	 190	
 201	 201	  80	   1	 543	   1	   1	  28	   2	   8	  80	  50	  70	 515	484265	484808	   0	 200	
 202	 202	  70	   1	 649	   3	   1	  28	   2	   9	  80	  50	  70	 427	486527	487176	   0	 210	
 203	 203	  50	   3	 456	   2	   2	  28	   3	   9	  80	  50	  70	 603	489088	489544	   0	 210	
 204	 204	  70	   1	 373	   3	   1	  28	   3	  10	  80	  50	  70	 438	491283	491656	   0	 220	
 205	 205	  50	   4	 609	   2	   2	  28	   4	  10	  80	  50	  70	 530	493495	494104	   0	 220	
 206	 206	  70	   2	 507	   3	   1	  28	   4	  11	  80	  50	  70	 370	495773	496280	   0	 210	
 207	 207	  50	   2	 390	   2	   1	  28	   5	  11	  80	  50	  70	 440	498018	498408	   0	 200	
 208	 208	  80	   1	 392	   1	   1	  29	   5	  11	  80	  50	  70	 347	500063	500455	   0	 210	
 209	 209	  50	   3	 592	   2	   2	  29	   6	  11	  80	  50	  70	 612	502375	502967	   0	 210	
 210	 210	  80	   1	 600	   1	   1	  30	   6	  11	  80	  50	  70	 454	504719	505319	   0	 220	
 211	 211	  70	   2	 552	   3	   1	  30	   6	  12	  80	  50	  70	 608	507247	507799	   0	 210	
 212	 212	  50	   3	 401	   2	   2	  30	   7	  12	  80	  50	  70	 434	509542	509943	   0	 210	
 213	 213	  80	   1	 595	   1	   1	  31	   7	  12	  80	  50	  70	 360	511604	512199	   0	 220	
 214	 214	  70	   1	 604	   3	   1	  31	   7	  13	  80	  50	  70	 387	513899	514503	   0	 230	
 215	 215	  80	   1	 654	   1	   1	  32	   7	  13	  80	  50	  70	 573	516377	517031	   0	 240	
 216	 216	  70	   1	 475	   3	   1	  32	   7	  14	  80	  50	  70	 649	518987	519462	   0	 250	
 217	 217	  50	   4	 676	   2	   2	  32	   8	  14	  80	  50	  70	 525	521282	521958	   0	 250	
 218	 218	  80	   1	 552	   1	   1	  33	   8	  14	  80	  50	  70	 445	523710	524262	   0	 260	
 219	 219	  50	   2	 219	   2	   1	  33	   9	  14	  80	  50	  70	 583	526155	526374	   0	 250	
 220	 220	  20	   2	 453	   1	   1	   1	   9	  14	  20	  50	  70	 326	528017	528470	   1	 240	
 221	 221	  70	   3	 479	   3	   2	   1	   9	  15	  20	  50	  70	 479	530279	530758	   0	 240	
 222	 222	  50	   3	 808	   2	   2	   1	  10	  15	  20	  50	  70	 522	532590	533398	   0	 240	
 223	 223	  70	   1	 632	   3	   1	   1	  10	  16	  20	  50	  70	 435	535134	535766	   0	 250	
 224	 224	  20	   4	 754	   1	   2	   2	  10	  16	  20	  50	  70	 322	537396	538150	   0	 250	
 225	 225	  50	   4	 702	   2	   2	   2	  11	  16	  20	  50	  70	 575	540023	540725	   0	 250	
 226	 226	  70	   4	 368	   3	   2	   2	  11	  17	  20	  50	  70	 478	542501	542869	   0	 250	
 227	 227	  20	   4	 621	   1	   2	   3	  11	  17	  20	  50	  70	 527	544696	545317	   0	 250	
 228	 228	  70	   1	 997	   3	   1	   3	  11	  18	  20	  50	  70	 398	547024	548021	   0	 260	
 229	 229	  20	   3	 597	   1	   2	   4	  11	  18	  20	  50	  70	 628	549968	550565	   0	 260	
 230	 230	  50	   3	 350	   2	   2	   4	  12	  18	  20	  50	  70	 388	552263	552613	   0	 260	
 231	 231	  70	   1	 947	   3	   1	   4	  12	  19	  20	  50	  70	 313	554258	555205	   0	 270	
 232	 232	  50	   4	 783	   2	   2	   4	  13	  19	  20	  50	  70	 369	556886	557669	   0	 270	
 233	 233	  70	   1	 912	   3	   1	   4	  13	  20	  20	  50	  70	 397	559380	560292	   0	 280	
 234	 234	  20	   4	 704	   1	   2	   5	  13	  20	  20	  50	  70	 313	561924	562628	   0	 280	
 235	 235	  70	   2	 607	   3	   1	   5	  13	  21	  20	  50	  70	 558	564485	565092	   0	 270	
 236	 236	  20	   4	 639	   1	   2	   6	  13	  21	  20	  50	  70	 621	567013	567652	   0	 270	
 237	 237	  50	   4	 799	   2	   2	   6	  14	  21	  20	  50	  70	 583	569541	570340	   0	 270	
 238	 238	  70	   1	 632	   3	   1	   6	  14	  22	  20	  50	  70	 617	572268	572900	   0	 280	
 239	 239	  50	   3	 615	   2	   2	   6	  15	  22	  20	  50	  70	 643	574845	575460	   0	 280	
 240	 240	  70	   1	 578	   3	   1	   6	  15	  23	  20	  50	  70	 302	577074	577652	   0	 290	
 241	 241	  50	   3	 418	   2	   2	   6	  16	  23	  20	  50	  70	 625	579601	580019	   0	 290	
 242	 242	  20	   3	 624	   1	   2	   7	  16	  23	  20	  50	  70	 418	581747	582371	   0	 290	
 243	 243	  50	   4	 485	   2	   2	   7	  17	  23	  20	  50	  70	 503	584174	584659	   0	 290	
 244	 244	  20	   4	 393	   1	   2	   8	  17	  23	  20	  50	  70	 644	586602	586995	   0	 290	
 245	 245	  70	   1	 491	   3	   1	   8	  17	  24	  20	  50	  70	 351	588648	589139	   0	 300	
 246	 246	  50	   3	 690	   2	   2	   8	  18	  24	  20	  50	  70	 569	591009	591699	   0	 300	
 247	 247	  20	   4	 564	   1	   2	   9	  18	  24	  20	  50	  70	 494	593487	594051	   0	 300	
 248	 248	  50	   4	 912	   2	   2	   9	  19	  24	  20	  50	  70	 359	595715	596627	   0	 300	
 249	 249	  70	   1	 647	   3	   1	   9	  19	  25	  20	  50	  70	 517	598459	599106	   0	 310	
 250	 250	  20	   4	 897	   1	   2	  10	  19	  25	  20	  50	  70	 311	600721	601618	   0	 310	
 251	 251	  70	   2	 863	   3	   1	  10	  19	  26	  20	  50	  70	 394	603331	604194	   0	 300	
 252	 252	  50	   3	 715	   2	   2	  10	  20	  26	  20	  50	  70	 458	605959	606674	   0	 300	
 253	 253	  20	   4	 709	   1	   2	  11	  20	  26	  20	  50	  70	 691	608669	609378	   0	 300	
 254	 254	  70	   1	 587	   3	   1	  11	  20	  27	  20	  50	  70	 358	611031	611618	   0	 310	
 255	 255	  50	   3	 413	   2	   2	  11	  21	  27	  20	  50	  70	 599	613525	613938	   0	 310	
 256	 256	  70	   1	 692	   3	   1	  11	  21	  28	  20	  50	  70	 617	615870	616562	   0	 320	
 257	 257	  50	   2	1295	   2	   1	  11	  22	  28	  20	  50	  70	 660	618514	619809	   0	 310	
 258	 258	  70	   2	 418	   3	   1	  11	  22	  29	  20	  50	  70	 691	621807	622225	   0	 300	
 259	 259	  50	   4	 724	   2	   2	  11	  23	  29	  20	  50	  70	 336	623869	624593	   0	 300	
 260	 260	  70	   1	 556	   3	   1	  11	  23	  30	  20	  50	  70	 320	626213	626769	   0	 310	
 261	 261	  20	   4	 557	   1	   2	  12	  23	  30	  20	  50	  70	 628	628724	629281	   0	 310	
 262	 262	  50	   2	 795	   3	   1	  12	  23	   1	  20	  50	  50	 688	631302	632097	   3	 300	
 263	 263	  50	   4	 622	   2	   2	  12	  24	   1	  20	  50	  50	 361	633763	634385	   0	 300	
 264	 264	  20	   4	 607	   1	   2	  13	  24	   1	  20	  50	  50	 551	636241	636848	   0	 300	
 265	 265	  50	   4	 603	   3	   2	  13	  24	   2	  20	  50	  50	 303	638453	639056	   0	 300	
 266	 266	  50	   3	 253	   2	   2	  13	  25	   2	  20	  50	  50	 579	640947	641200	   0	 300	
 267	 267	  50	   3	 316	   3	   2	  13	  25	   3	  20	  50	  50	 567	643076	643392	   0	 300	
 268	 268	  50	   3	 278	   2	   2	  13	  26	   3	  20	  50	  50	 660	645354	645632	   0	 300	
 269	 269	  20	   3	 312	   1	   2	  14	  26	   3	  20	  50	  50	 478	647416	647728	   0	 300	
 270	 270	  50	   4	 411	   2	   2	  14	  27	   3	  20	  50	  50	 416	649461	649872	   0	 300	
 271	 271	  50	   4	 452	   3	   2	  14	  27	   4	  20	  50	  50	 562	651756	652208	   0	 300	
 272	 272	  50	   3	 854	   2	   2	  14	  28	   4	  20	  50	  50	 307	653818	654672	   0	 300	
 273	 273	  50	   3	 776	   3	   2	  14	  28	   5	  20	  50	  50	 310	656279	657055	   0	 300	
 274	 274	  50	   4	 516	   2	   2	  14	  29	   5	  20	  50	  50	 575	658923	659439	   0	 300	
 275	 275	  20	   4	 530	   1	   2	  15	  29	   5	  20	  50	  50	 344	661085	661615	   0	 300	
 276	 276	  50	   3	 393	   3	   2	  15	  29	   6	  20	  50	  50	 508	663430	663823	   0	 300	
 277	 277	  50	   3	 498	   2	   2	  15	  30	   6	  20	  50	  50	 605	665725	666223	   0	 300	
 278	 278	  20	   3	 507	   1	   2	  16	  30	   6	  20	  50	  50	 510	668036	668543	   0	 300	
 279	 279	  50	   4	 551	   3	   2	  16	  30	   7	  20	  50	  50	 403	670248	670799	   0	 300	
 280	 280	  20	   4	 590	   1	   2	  17	  30	   7	  20	  50	  50	 504	672609	673199	   0	 300	
 281	 281	  50	   4	 639	   3	   2	  17	  30	   8	  20	  50	  50	 606	675120	675759	   0	 300	
 282	 282	  20	   4	 743	   1	   2	  18	  30	   8	  20	  50	  50	 339	677399	678142	   0	 300	
 283	 283	  50	   3	 673	   3	   2	  18	  30	   9	  20	  50	  50	 640	680093	680766	   0	 300	
 284	 284	  50	   3	 506	   2	   2	  18	  31	   9	  20	  50	  50	 330	682404	682910	   0	 300	
 285	 285	  20	   4	 502	   1	   2	  19	  31	   9	  20	  50	  50	 417	684632	685134	   0	 300	
 286	 286	  50	   2	 605	   2	   1	  19	  32	   9	  20	  50	  50	 544	686977	687582	   0	 290	
 287	 287	  20	   4	 724	   1	   2	  20	  32	   9	  20	  50	  50	 435	689322	690046	   0	 290	
 288	 288	  50	   3	 576	   3	   2	  20	  32	  10	  20	  50	  50	 614	691966	692542	   0	 290	
 289	 289	  20	   4	 633	   1	   2	  21	  32	  10	  20	  50	  50	 423	694261	694894	   0	 290	
 290	 290	  50	   3	 647	   3	   2	  21	  32	  11	  20	  50	  50	 642	696838	697485	   0	 290	
 291	 291	  50	   1	 613	   2	   1	  21	  33	  11	  20	  50	  50	 606	699416	700029	   0	 300	
 292	 292	  50	   3	 443	   3	   2	  21	  33	  12	  20	  50	  50	 469	701810	702253	   0	 300	
 293	 293	  20	   2	1016	   2	   1	  21	   1	  12	  20	  20	  50	 422	703989	705005	   2	 290	
 294	 294	  50	   4	 351	   3	   2	  21	   1	  13	  20	  20	  50	 445	706766	707117	   0	 290	
 295	 295	  20	   3	 329	   1	   2	  22	   1	  13	  20	  20	  50	 607	709028	709357	   0	 290	
 296	 296	  20	   4	 376	   2	   2	  22	   2	  13	  20	  20	  50	 527	711189	711565	   0	 290	
 297	 297	  20	   4	 574	   1	   2	  23	   2	  13	  20	  20	  50	 700	713567	714141	   0	 290	
 298	 298	  20	   4	 538	   2	   2	  23	   3	  13	  20	  20	  50	 344	715779	716317	   0	 290	
 299	 299	  20	   4	 514	   1	   2	  24	   3	  13	  20	  20	  50	 461	718074	718588	   0	 290	
 300	 300	  20	   4	 445	   2	   2	  24	   4	  13	  20	  20	  50	 428	720319	720764	   0	 290	
 301	 301	  50	   3	 456	   3	   2	  24	   4	  14	  20	  20	  50	 472	722564	723020	   0	 290	
 302	 302	  20	   3	 461	   2	   2	  24	   5	  14	  20	  20	  50	 637	724959	725420	   0	 290	
 303	 303	  50	   3	 482	   3	   2	  24	   5	  15	  20	  20	  50	 649	727386	727868	   0	 290	
 304	 304	  20	   4	 509	   2	   2	  24	   6	  15	  20	  20	  50	 431	729615	730124	   0	 290	
 305	 305	  20	   4	 443	   1	   2	  25	   6	  15	  20	  20	  50	 354	731777	732220	   0	 290	
 306	 306	  50	   4	 483	   3	   2	  25	   6	  16	  20	  20	  50	 578	734105	734588	   0	 290	
 307	 307	  20	   4	 691	   1	   2	  26	   6	  16	  20	  20	  50	 304	736200	736891	   0	 290	
 308	 308	  50	   4	 570	   3	   2	  26	   6	  17	  20	  20	  50	 358	738545	739115	   0	 290	
 309	 309	  20	   4	 562	   1	   2	  27	   6	  17	  20	  20	  50	 451	740873	741435	   0	 290	
 310	 310	  50	   3	 688	   3	   2	  27	   6	  18	  20	  20	  50	 311	743051	743739	   0	 290	
 311	 311	  20	   3	 490	   1	   2	  28	   6	  18	  20	  20	  50	 688	745745	746235	   0	 290	
 312	 312	  50	   4	 530	   3	   2	  28	   6	  19	  20	  20	  50	 539	748073	748603	   0	 290	
 313	 313	  20	   4	 475	   2	   2	  28	   7	  19	  20	  20	  50	 441	750352	750827	   0	 290	
 314	 314	  50	   4	 417	   3	   2	  28	   7	  20	  20	  20	  50	 612	752746	753163	   0	 290	
 315	 315	  20	   4	 597	   2	   2	  28	   8	  20	  20	  20	  50	 689	755157	755754	   0	 290	
 316	 316	  20	   4	 574	   1	   2	  29	   8	  20	  20	  20	  50	 370	757436	758010	   0	 290	
 317	 317	  20	   3	 523	   2	   2	  29	   9	  20	  20	  20	  50	 322	759631	760154	   0	 290	
 318	 318	  50	   4	 294	   3	   2	  29	   9	  21	  20	  20	  50	 412	761876	762170	   0	 290	
 319	 319	  20	   4	 440	   2	   2	  29	  10	  21	  20	  20	  50	 471	763954	764394	   0	 290	
 320	 320	  20	   4	 374	   1	   2	  30	  10	  21	  20	  20	  50	 400	766100	766474	   0	 290	
 321	 321	  50	   3	 485	   3	   2	  30	  10	  22	  20	  20	  50	 475	768261	768746	   0	 290	
 322	 322	  20	   4	 483	   1	   2	  31	  10	  22	  20	  20	  50	 357	770407	770890	   0	 290	
 323	 323	  50	   4	 514	   3	   2	  31	  10	  23	  20	  20	  50	 378	772568	773082	   0	 290	
 324	 324	  20	   4	 482	   1	   2	  32	  10	  23	  20	  20	  50	 677	775063	775545	   0	 290	
 325	 325	  20	   4	 509	   2	   2	  32	  11	  23	  20	  20	  50	 458	777308	777817	   0	 290	
 326	 326	  20	   3	 554	   1	   2	  33	  11	  23	  20	  20	  50	 407	779519	780073	   0	 290	
 327	 327	  50	   3	 593	   3	   2	  33	  11	  24	  20	  20	  50	 483	781864	782457	   0	 290	
 328	 328	  20	   4	 545	   2	   2	  33	  12	  24	  20	  20	  50	 644	784392	784937	   0	 290	
 329	 329	  50	   3	 390	   3	   2	  33	  12	  25	  20	  20	  50	 550	786803	787193	   0	 290	
 330	 330	  20	   4	 473	   2	   2	  33	  13	  25	  20	  20	  50	 337	788832	789305	   0	 290	
 331	 331	  20	   4	 407	   1	   2	  34	  13	  25	  20	  20	  50	 362	790994	791401	   0	 290	
 332	 332	  20	   4	 457	   2	   2	  34	  14	  25	  20	  20	  50	 370	793072	793529	   0	 290	
 333	 333	  50	   2	 428	   3	   1	  34	  14	  26	  20	  20	  50	 671	795500	795928	   0	 280	
 334	 334	  20	   4	 281	   1	   2	  35	  14	  26	  20	  20	  50	 451	797695	797976	   0	 280	
 335	 335	  20	   4	 450	   2	   2	  35	  15	  26	  20	  20	  50	 687	799974	800424	   0	 280	
 336	 336	  50	   3	 436	   3	   2	  35	  15	  27	  20	  20	  50	 314	802052	802488	   0	 280	
 337	 337	  80	   1	 876	   1	   1	   1	  15	  27	  80	  20	  50	 553	804380	805256	   1	 290	
 338	 338	  20	   4	 596	   2	   2	   1	  16	  27	  80	  20	  50	 554	807108	807704	   0	 290	
 339	 339	  80	   1	 373	   1	   1	   2	  16	  27	  80	  20	  50	 615	809635	810008	   0	 300	
 340	 340	  20	   4	 512	   2	   2	   2	  17	  27	  80	  20	  50	 576	811880	812392	   0	 300	
 341	 341	  80	   1	 463	   1	   1	   3	  17	  27	  80	  20	  50	 693	814408	814871	   0	 310	
 342	 342	  50	   3	 533	   3	   2	   3	  17	  28	  80	  20	  50	 613	816802	817335	   0	 310	
 343	 343	  80	   1	 435	   1	   1	   4	  17	  28	  80	  20	  50	 319	818964	819399	   0	 320	
 344	 344	  20	   3	 608	   2	   2	   4	  18	  28	  80	  20	  50	 461	821159	821767	   0	 320	
 345	 345	  50	   2	 818	   3	   1	   4	  18	  29	  80	  20	  50	 575	823637	824455	   0	 310	
 346	 346	  20	   3	 594	   2	   2	   4	  19	  29	  80	  20	  50	 408	826165	826759	   0	 310	
 347	 347	  80	   2	 528	   1	   1	   5	  19	  29	  80	  20	  50	 683	828759	829287	   0	 300	
 348	 348	  20	   4	 683	   2	   2	   5	  20	  29	  80	  20	  50	 398	831004	831687	   0	 300	
 349	 349	  50	   2	 641	   3	   1	   5	  20	  30	  80	  20	  50	 367	833365	834006	   0	 290	
 350	 350	  80	   1	 433	   1	   1	   6	  20	  30	  80	  20	  50	 578	835893	836326	   0	 300	
 351	 351	  50	   4	 678	   3	   2	   6	  20	  31	  80	  20	  50	 657	838304	838982	   0	 300	
 352	 352	  80	   1	 433	   1	   1	   7	  20	  31	  80	  20	  50	 669	840965	841398	   0	 310	
 353	 353	  50	   2	 538	   3	   1	   7	  20	  32	  80	  20	  50	 545	843260	843798	   0	 300	
 354	 354	  80	   1	 609	   1	   1	   8	  20	  32	  80	  20	  50	 495	845605	846214	   0	 310	
 355	 355	  20	   3	 532	   2	   2	   8	  21	  32	  80	  20	  50	 561	848066	848598	   0	 310	
 356	 356	  80	   2	 639	   1	   1	   9	  21	  32	  80	  20	  50	 427	850327	850966	   0	 300	
 357	 357	  50	   3	 455	   3	   2	   9	  21	  33	  80	  20	  50	 362	852639	853094	   0	 300	
 358	 358	  20	   4	 617	   2	   2	   9	  22	  33	  80	  20	  50	 698	855100	855717	   0	 300	
 359	 359	  70	   1	 898	   3	   1	   9	  22	   1	  80	  20	  70	 361	857411	858309	   3	 310	
 360	 360	  20	   4	 754	   2	   2	   9	  23	   1	  80	  20	  70	 316	859939	860693	   0	 310	
 361	 361	  80	   1	 436	   1	   1	  10	  23	   1	  80	  20	  70	 428	862433	862869	   0	 320	
 362	 362	  20	   4	 694	   2	   2	  10	  24	   1	  80	  20	  70	 319	864495	865189	   0	 320	
 363	 363	  70	   2	 339	   3	   1	  10	  24	   2	  80	  20	  70	 624	867106	867445	   0	 310	
 364	 364	  80	   1	 591	   1	   1	  11	  24	   2	  80	  20	  70	 571	869318	869909	   0	 320	
 365	 365	  70	   2	 548	   3	   1	  11	  24	   3	  80	  20	  70	 495	871713	872261	   0	 310	
 366	 366	  20	   4	 616	   2	   2	  11	  25	   3	  80	  20	  70	 551	874124	874740	   0	 310	
 367	 367	  70	   3	 460	   3	   2	  11	  25	   4	  80	  20	  70	 503	876552	877012	   0	 310	
 368	 368	  20	   4	 811	   2	   2	  11	  26	   4	  80	  20	  70	 381	878697	879508	   0	 310	
 369	 369	  80	   1	 584	   1	   1	  12	  26	   4	  80	  20	  70	 501	881324	881908	   0	 320	
 370	 370	  70	   1	 659	   3	   1	  12	  26	   5	  80	  20	  70	 350	883569	884228	   0	 330	
 371	 371	  20	   3	 556	   2	   2	  12	  27	   5	  80	  20	  70	 317	885864	886420	   0	 330	
 372	 372	  70	   1	 612	   3	   1	  12	  27	   6	  80	  20	  70	 464	888192	888804	   0	 340	
 373	 373	  80	   1	 402	   1	   1	  13	  27	   6	  80	  20	  70	 652	890770	891172	   0	 350	
 374	 374	  70	   2	 402	   3	   1	  13	  27	   7	  80	  20	  70	 363	892849	893251	   0	 340	
 375	 375	  80	   1	 431	   1	   1	  14	  27	   7	  80	  20	  70	 506	895060	895491	   0	 350	
 376	 376	  70	   1	 503	   3	   1	  14	  27	   8	  80	  20	  70	 580	897388	897891	   0	 360	
 377	 377	  20	   4	 838	   2	   2	  14	  28	   8	  80	  20	  70	 318	899517	900355	   0	 360	
 378	 378	  80	   1	 687	   1	   1	  15	  28	   8	  80	  20	  70	 578	902244	902931	   0	 370	
 379	 379	  70	   1	 476	   3	   1	  15	  28	   9	  80	  20	  70	 621	904855	905331	   0	 380	
 380	 380	  80	   3	 435	   1	   2	  16	  28	   9	  80	  20	  70	 585	907216	907651	   0	 380	
 381	 381	  70	   1	 415	   3	   1	  16	  28	  10	  80	  20	  70	 446	909428	909843	   0	 390	
 382	 382	  80	   1	 424	   1	   1	  17	  28	  10	  80	  20	  70	 587	911739	912163	   0	 400	
 383	 383	  20	   4	 569	   2	   2	  17	  29	  10	  80	  20	  70	 314	913785	914354	   0	 400	
 384	 384	  80	   2	 398	   1	   1	  18	  29	  10	  80	  20	  70	 512	916180	916578	   0	 390	
 385	 385	  70	   2	 376	   3	   1	  18	  29	  11	  80	  20	  70	 566	918458	918834	   0	 380	
 386	 386	  80	   2	1044	   1	   1	  19	  29	  11	  80	  20	  70	 552	920686	921730	   0	 370	
 387	 387	  20	   4	 589	   2	   2	  19	  30	  11	  80	  20	  70	 367	923413	924002	   0	 370	
 388	 388	  70	   1	 625	   3	   1	  19	  30	  12	  80	  20	  70	 528	925825	926450	   0	 380	
 389	 389	  20	   4	 560	   2	   2	  19	  31	  12	  80	  20	  70	 661	928402	928962	   0	 380	
 390	 390	  70	   1	1449	   3	   1	  19	  31	  13	  80	  20	  70	 440	930697	932146	   0	 390	
 391	 391	  80	   1	 487	   1	   1	  20	  31	  13	  80	  20	  70	 637	934106	934593	   0	 400	
 392	 392	  70	   2	 610	   3	   1	  20	  31	  14	  80	  20	  70	 454	936351	936961	   0	 390	
 393	 393	  20	   4	 615	   2	   2	  20	  32	  14	  80	  20	  70	 493	938762	939377	   0	 390	
 394	 394	  70	   1	 604	   3	   1	  20	  32	  15	  80	  20	  70	 480	941173	941777	   0	 400	
 395	 395	  20	   1	 614	   2	   1	  20	  33	  15	  80	  20	  70	 355	943435	944049	   0	 410	
 396	 396	  70	   1	 669	   3	   1	  20	  33	  16	  80	  20	  70	 422	945780	946449	   0	 420	
 397	 397	  80	   2	 550	   1	   1	  21	  33	  16	  80	  20	  70	 337	948091	948641	   0	 410	
 398	 398	  70	   2	 955	   3	   1	  21	  33	  17	  80	  20	  70	 543	950486	951441	   0	 400	
 399	 399	  20	   4	 459	   2	   2	  21	  34	  17	  80	  20	  70	 679	953429	953888	   0	 400	
 400	 400	  80	   1	 643	   1	   1	  22	  34	  17	  80	  20	  70	 550	955741	956384	   0	 410	
 401	 401	  20	   4	 591	   2	   2	  22	  35	  17	  80	  20	  70	 690	958385	958976	   0	 410	
 402	 402	  80	   1	 613	   1	   1	  23	  35	  17	  80	  20	  70	 501	960779	961392	   0	 420	
 403	 403	  80	   1	 882	   2	   1	  23	   1	  17	  80	  80	  70	 659	963390	964272	   2	 430	
 404	 404	  80	   1	 519	   1	   1	  24	   1	  17	  80	  80	  70	 641	966217	966736	   0	 440	
 405	 405	  80	   1	 486	   2	   1	  24	   2	  17	  80	  80	  70	 318	968362	968848	   0	 450	
 406	 406	  80	   1	 548	   1	   1	  25	   2	  17	  80	  80	  70	 354	970508	971056	   0	 460	
 407	 407	  80	   1	 519	   2	   1	  25	   3	  17	  80	  80	  70	 594	972952	973471	   0	 470	
 408	 408	  80	   1	 421	   1	   1	  26	   3	  17	  80	  80	  70	 342	975114	975535	   0	 480	
 409	 409	  80	   2	 256	   2	   1	  26	   4	  17	  80	  80	  70	 527	977359	977615	   0	 470	
 410	 410	  80	   2	 368	   1	   1	  27	   4	  17	  80	  80	  70	 570	979487	979855	   0	 460	
 411	 411	  80	   1	 340	   2	   1	  27	   5	  17	  80	  80	  70	 307	981483	981823	   0	 470	
 412	 412	  80	   1	 504	   1	   1	  28	   5	  17	  80	  80	  70	 371	983495	983999	   0	 480	
 413	 413	  80	   1	 656	   2	   1	  28	   6	  17	  80	  80	  70	 505	985807	986463	   0	 490	
 414	 414	  80	   1	 526	   1	   1	  29	   6	  17	  80	  80	  70	 661	988417	988943	   0	 500	
 415	 415	  80	   1	 384	   2	   1	  29	   7	  17	  80	  80	  70	 653	990895	991279	   0	 510	
 416	 416	  80	   1	 382	   1	   1	  30	   7	  17	  80	  80	  70	 458	993040	993422	   0	 520	
 417	 417	  70	   1	 558	   3	   1	  30	   7	  18	  80	  80	  70	 411	995136	995694	   0	 530	
 418	 418	  80	   1	 390	   2	   1	  30	   8	  18	  80	  80	  70	 471	997464	997854	   0	 540	
 419	 419	  30	   4	 820	   1	   2	   1	   8	  18	  30	  80	  70	 463	999642	1000462	   1	 540	
 420	 420	  80	   2	 561	   2	   1	   1	   9	  18	  30	  80	  70	 487	1002253	1002814	   0	 530	
 421	 421	  70	   1	 560	   3	   1	   1	   9	  19	  30	  80	  70	 677	1004814	1005374	   0	 540	
 422	 422	  80	   1	 564	   2	   1	   1	  10	  19	  30	  80	  70	 577	1007242	1007806	   0	 550	
 423	 423	  30	   3	 420	   1	   2	   2	  10	  19	  30	  80	  70	 667	1009786	1010206	   0	 550	
 424	 424	  70	   1	 555	   3	   1	   2	  10	  20	  30	  80	  70	 594	1012098	1012653	   0	 560	
 425	 425	  80	   2	 548	   2	   1	   2	  11	  20	  30	  80	  70	 445	1014409	1014957	   0	 550	
 426	 426	  30	   3	 655	   1	   2	   3	  11	  20	  30	  80	  70	 393	1016654	1017309	   0	 550	
 427	 427	  70	   1	 274	   3	   1	   3	  11	  21	  30	  80	  70	 505	1019115	1019389	   0	 560	
 428	 428	  80	   1	 417	   2	   1	   3	  12	  21	  30	  80	  70	 559	1021244	1021661	   0	 570	
 429	 429	  30	   2	 381	   1	   1	   4	  12	  21	  30	  80	  70	 499	1023472	1023853	   0	 560	
 430	 430	  70	   2	 483	   3	   1	   4	  12	  22	  30	  80	  70	 685	1025850	1026333	   0	 550	
 431	 431	  80	   1	 500	   2	   1	   4	  13	  22	  30	  80	  70	 692	1028345	1028845	   0	 560	
 432	 432	  70	   2	 596	   3	   1	   4	  13	  23	  30	  80	  70	 699	1030856	1031452	   0	 550	
 433	 433	  80	   1	 282	   2	   1	   4	  14	  23	  30	  80	  70	 467	1033234	1033516	   0	 560	
 434	 434	  70	   1	 489	   3	   1	   4	  14	  24	  30	  80	  70	 553	1035379	1035868	   0	 570	
 435	 435	  80	   1	 605	   2	   1	   4	  15	  24	  30	  80	  70	 634	1037807	1038412	   0	 580	
 436	 436	  70	   1	 440	   3	   1	   4	  15	  25	  30	  80	  70	 336	1040052	1040492	   0	 590	
 437	 437	  30	   4	 502	   1	   2	   5	  15	  25	  30	  80	  70	 436	1042230	1042732	   0	 590	
 438	 438	  70	   1	 309	   3	   1	   5	  15	  26	  30	  80	  70	 315	1044359	1044668	   0	 600	
 439	 439	  30	   4	 632	   1	   2	   6	  15	  26	  30	  80	  70	 430	1046404	1047036	   0	 600	
 440	 440	  70	   1	 438	   3	   1	   6	  15	  27	  30	  80	  70	 645	1048998	1049436	   0	 610	
 441	 441	  80	   1	 400	   2	   1	   6	  16	  27	  30	  80	  70	 465	1051227	1051627	   0	 620	
 442	 442	  70	   2	 554	   3	   1	   6	  16	  28	  30	  80	  70	 564	1053505	1054059	   0	 610	
 443	 443	  30	   3	 725	   1	   2	   7	  16	  28	  30	  80	  70	 403	1055766	1056491	   0	 610	
 444	 444	  80	   1	 161	   2	   1	   7	  17	  28	  30	  80	  70	 596	1058394	1058555	   0	 620	
 445	 445	  30	   2	 317	   1	   1	   8	  17	  28	  30	  80	  70	 342	1060190	1060507	   0	 610	
 446	 446	  80	   2	 511	   2	   1	   8	  18	  28	  30	  80	  70	 437	1062252	1062763	   0	 600	
 447	 447	  30	   2	 476	   1	   1	   9	  18	  28	  30	  80	  70	 378	1064447	1064923	   0	 590	
 448	 448	  80	   1	 376	   2	   1	   9	  19	  28	  30	  80	  70	 442	1066659	1067035	   0	 600	
 449	 449	  30	   4	 463	   1	   2	  10	  19	  28	  30	  80	  70	 678	1069020	1069483	   0	 600	
 450	 450	  70	   1	 693	   3	   1	  10	  19	  29	  30	  80	  70	 573	1071365	1072058	   0	 610	
 451	 451	  30	   3	 593	   1	   2	  11	  19	  29	  30	  80	  70	 629	1074025	1074618	   0	 610	
 452	 452	  80	   1	 393	   2	   1	  11	  20	  29	  30	  80	  70	 431	1076353	1076746	   0	 620	
 453	 453	  70	   1	 474	   3	   1	  11	  20	  30	  30	  80	  70	 392	1078432	1078906	   0	 630	
 454	 454	  80	   1	 480	   2	   1	  11	  21	  30	  30	  80	  70	 586	1080794	1081274	   0	 640	
 455	 455	  30	   4	 463	   1	   2	  12	  21	  30	  30	  80	  70	 358	1082939	1083402	   0	 640	
 456	 456	  80	   1	 514	   2	   1	  12	  22	  30	  30	  80	  70	 679	1085400	1085914	   0	 650	
 457	 457	  70	   1	 550	   3	   1	  12	  22	  31	  30	  80	  70	 609	1087828	1088378	   0	 660	
 458	 458	  30	   4	 605	   1	   2	  13	  22	  31	  30	  80	  70	 465	1090156	1090761	   0	 660	
 459	 459	  70	   1	 582	   3	   1	  13	  22	  32	  30	  80	  70	 400	1092467	1093049	   0	 670	
 460	 460	  30	   3	 686	   1	   2	  14	  22	  32	  30	  80	  70	 422	1094779	1095465	   0	 670	
 461	 461	  80	   1	 729	   2	   1	  14	  23	  32	  30	  80	  70	 662	1097456	1098185	   0	 680	
 462	 462	  70	   1	 516	   3	   1	  14	  23	  33	  30	  80	  70	 622	1100117	1100633	   0	 690	
 463	 463	  30	   4	 618	   1	   2	  15	  23	  33	  30	  80	  70	 569	1102511	1103129	   0	 690	
 464	 464	  80	   1	 609	   2	   1	  15	  24	  33	  30	  80	  70	 425	1104856	1105465	   0	 700	
 465	 465	  30	   2	 714	   1	   1	  16	  24	  33	  30	  80	  70	 355	1107118	1107832	   0	 690	
 466	 466	  70	   2	 620	   3	   1	  16	  24	  34	  30	  80	  70	 456	1109596	1110216	   0	 680	
 467	 467	  80	   2	 646	   2	   1	  16	  25	  34	  30	  80	  70	 378	1111890	1112536	   0	 670	
 468	 468	  70	   1	 680	   3	   1	  16	  25	  35	  30	  80	  70	 503	1114352	1115032	   0	 680	
 469	 469	  30	   3	 764	   1	   2	  17	  25	  35	  30	  80	  70	 461	1116796	1117560	   0	 680	
 470	 470	  80	   1	 730	   2	   1	  17	  26	  35	  30	  80	  70	 498	1119374	1120104	   0	 690	
 471	 471	  30	   4	 765	   1	   2	  18	  26	  35	  30	  80	  70	 397	1121835	1122600	   0	 690	
 472	 472	  50	   2	 848	   3	   1	  18	  26	   1	  30	  80	  50	 347	1124296	1125144	   3	 680	
 473	 473	  30	   4	 393	   1	   2	  19	  26	   1	  30	  80	  50	 566	1127023	1127416	   0	 680	
 474	 474	  80	   1	 578	   2	   1	  19	  27	   1	  30	  80	  50	 584	1129301	1129879	   0	 690	
 475	 475	  30	   4	 827	   1	   2	  20	  27	   1	  30	  80	  50	 382	1131580	1132407	   0	 690	
 476	 476	  50	   3	 603	   3	   2	  20	  27	   2	  30	  80	  50	 410	1134124	1134727	   0	 690	
 477	 477	  80	   1	 662	   2	   1	  20	  28	   2	  30	  80	  50	 334	1136369	1137031	   0	 700	
 478	 478	  50	   2	 437	   3	   1	  20	  28	   3	  30	  80	  50	 611	1138946	1139383	   0	 690	
 479	 479	  80	   2	 746	   2	   1	  20	  29	   3	  30	  80	  50	 646	1141341	1142087	   0	 680	
 480	 480	  30	   4	 630	   1	   2	  21	  29	   3	  30	  80	  50	 579	1143985	1144615	   0	 680	
 481	 481	  50	   4	 411	   3	   2	  21	  29	   4	  30	  80	  50	 431	1146380	1146791	   0	 680	
 482	 482	  80	   1	 571	   2	   1	  21	  30	   4	  30	  80	  50	 374	1148475	1149046	   0	 690	
 483	 483	  50	   3	 874	   3	   2	  21	  30	   5	  30	  80	  50	 691	1151036	1151910	   0	 690	
 484	 484	  20	   1	1066	   2	   1	  21	   1	   5	  30	  20	  50	 338	1153564	1154630	   2	 700	
 485	 485	  30	   3	 660	   1	   2	  22	   1	   5	  30	  20	  50	 322	1156258	1156918	   0	 700	
 486	 486	  20	   2	 514	   2	   1	  22	   2	   5	  30	  20	  50	 641	1158868	1159382	   0	 690	
 487	 487	  50	   3	 506	   3	   2	  22	   2	   6	  30	  20	  50	 500	1161196	1161702	   0	 690	
 488	 488	  20	   2	 990	   2	   1	  22	   3	   6	  30	  20	  50	 612	1163624	1164614	   0	 680	
 489	 489	  30	   3	 792	   1	   2	  23	   3	   6	  30	  20	  50	 411	1166318	1167110	   0	 680	
 490	 490	  50	   1	1052	   3	   1	  23	   3	   7	  30	  20	  50	 310	1168713	1169765	   0	 690	
 491	 491	  30	   4	 675	   1	   2	  24	   3	   7	  30	  20	  50	 405	1171490	1172165	   0	 690	
 492	 492	  50	   1	 838	   3	   1	  24	   3	   8	  30	  20	  50	 471	1173935	1174773	   0	 700	
 493	 493	  20	   3	1481	   2	   2	  24	   4	   8	  30	  20	  50	 341	1176412	1177893	   0	 700	
 494	 494	  50	   2	 470	   3	   1	  24	   4	   9	  30	  20	  50	 677	1179871	1180341	   0	 690	
 495	 495	  30	   4	 672	   1	   2	  25	   4	   9	  30	  20	  50	 498	1182149	1182821	   0	 690	
 496	 496	  20	   4	1679	   2	   2	  25	   5	   9	  30	  20	  50	 587	1184710	1186389	   0	 690	
 497	 497	  50	   2	 310	   3	   1	  25	   5	  10	  30	  20	  50	 584	1188286	1188596	   0	 680	
 498	 498	  30	   4	1116	   1	   2	  26	   5	  10	  30	  20	  50	 358	1190248	1191364	   0	 680	
 499	 499	  50	   1	1570	   3	   1	  26	   5	  11	  30	  20	  50	 371	1193042	1194612	   0	 690	
 500	 500	  30	   4	1290	   1	   2	  27	   5	  11	  30	  20	  50	 301	1196218	1197508	   0	 690	
 501	 501	  50	   2	 815	   3	   1	  27	   5	  12	  30	  20	  50	 650	1199477	1200292	   0	 680	
 502	 502	  20	   4	1022	   2	   2	  27	   6	  12	  30	  20	  50	 438	1202038	1203060	   0	 680	
 503	 503	  30	   3	 663	   1	   2	  28	   6	  12	  30	  20	  50	 400	1204765	1205428	   0	 680	
 504	 504	  50	   1	 424	   3	   1	  28	   6	  13	  30	  20	  50	 527	1207260	1207684	   0	 690	
 505	 505	  30	   4	 601	   1	   2	  29	   6	  13	  30	  20	  50	 346	1209338	1209939	   0	 690	
 506	 506	  20	   4	 963	   2	   2	  29	   7	  13	  30	  20	  50	 355	1211600	1212563	   0	 690	
 507	 507	  50	   1	 442	   3	   1	  29	   7	  14	  30	  20	  50	 488	1214361	1214803	   0	 700	
 508	 508	  20	   4	 697	   2	   2	  29	   8	  14	  30	  20	  50	 425	1216522	1217219	   0	 700	
 509	 509	  50	   2	 759	   3	   1	  29	   8	  15	  30	  20	  50	 569	1219100	1219859	   0	 690	
 510	 510	  30	   4	 761	   1	   2	  30	   8	  15	  30	  20	  50	 418	1221578	1222339	   0	 690	
 511	 511	  50	   2	 670	   3	   1	  30	   8	  16	  30	  20	  50	 327	1223989	1224659	   0	 680	
 512	 512	  30	   4	 653	   1	   2	  31	   8	  16	  30	  20	  50	 567	1226533	1227186	   0	 680	
 513	 513	  20	   4	1017	   2	   2	  31	   9	  16	  30	  20	  50	 690	1229177	1230194	   0	 680	
 514	 514	  30	   4	 688	   1	   2	  32	   9	  16	  30	  20	  50	 443	1231938	1232626	   0	 680	
 515	 515	  50	   1	1140	   3	   1	  32	   9	  17	  30	  20	  50	 439	1234366	1235506	   0	 690	
 516	 516	  30	   4	 687	   1	   2	  33	   9	  17	  30	  20	  50	 667	1237475	1238162	   0	 690	
 517	 517	  20	   4	 851	   2	   2	  33	  10	  17	  30	  20	  50	 414	1239887	1240738	   0	 690	
 518	 518	  50	   2	 460	   3	   1	  33	  10	  18	  30	  20	  50	 564	1242614	1243074	   0	 680	
 519	 519	  20	   4	 737	   2	   2	  33	  11	  18	  30	  20	  50	 652	1245025	1245762	   0	 680	
 520	 520	  80	   4	1412	   1	   2	   1	  11	  18	  80	  20	  50	 353	1247453	1248865	   1	 680	
 521	 521	  20	   4	1357	   2	   2	   1	  12	  18	  80	  20	  50	 411	1250596	1251953	   0	 680	
 522	 522	  50	   1	 923	   3	   1	   1	  12	  19	  80	  20	  50	 357	1253606	1254529	   0	 690	
 523	 523	  80	   3	 973	   1	   2	   2	  12	  19	  80	  20	  50	 692	1256516	1257489	   0	 690	
 524	 524	  50	   4	1244	   3	   2	   2	  12	  20	  80	  20	  50	 305	1259093	1260337	   0	 690	
 525	 525	  80	   1	1015	   1	   1	   3	  12	  20	  80	  20	  50	 525	1262170	1263185	   0	 700	
 526	 526	  50	   2	 647	   3	   1	   3	  12	  21	  80	  20	  50	 637	1265130	1265777	   0	 690	
 527	 527	  80	   2	 489	   1	   1	   4	  12	  21	  80	  20	  50	 509	1267591	1268080	   0	 680	
 528	 528	  50	   2	 449	   3	   1	   4	  12	  22	  80	  20	  50	 535	1269919	1270368	   0	 670	
 529	 529	  80	   1	 454	   1	   1	   5	  12	  22	  80	  20	  50	 657	1272330	1272784	   0	 680	
 530	 530	  50	   1	 721	   3	   1	   5	  12	  23	  80	  20	  50	 493	1274575	1275296	   0	 690	
 531	 531	  80	   1	 482	   1	   1	   6	  12	  23	  80	  20	  50	 472	1277086	1277568	   0	 700	
 532	 532	  50	   1	 456	   3	   1	   6	  12	  24	  80	  20	  50	 572	1279448	1279904	   0	 710	
 533	 533	  80	   1	 469	   1	   1	   7	  12	  24	  80	  20	  50	 430	1281643	1282112	   0	 720	
 534	 534	  20	   4	 861	   2	   2	   7	  13	  24	  80	  20	  50	 552	1283971	1284832	   0	 720	
 535	 535	  50	   1	 474	   3	   1	   7	  13	  25	  80	  20	  50	 408	1286549	1287023	   0	 730	
 536	 536	  20	   3	 850	   2	   2	   7	  14	  25	  80	  20	  50	 568	1288893	1289743	   0	 730	
 537	 537	  80	   1	 360	   1	   1	   8	  14	  25	  80	  20	  50	 631	1291687	1292047	   0	 740	
 538	 538	  50	   1	 411	   3	   1	   8	  14	  26	  80	  20	  50	 395	1293732	1294143	   0	 750	
 539	 539	  20	   4	1044	   2	   2	   8	  15	  26	  80	  20	  50	 566	1296011	1297055	   0	 750	
 540	 540	  50	   2	 503	   3	   1	   8	  15	  27	  80	  20	  50	 522	1298888	1299391	   0	 740	
 541	 541	  20	   1	 386	   2	   1	   8	  16	  27	  80	  20	  50	 426	1301133	1301519	   0	 750	
 542	 542	  50	   2	1601	   3	   1	   8	  16	  28	  80	  20	  50	 474	1303294	1304895	   0	 740	
 543	 543	  20	   4	 735	   2	   2	   8	  17	  28	  80	  20	  50	 487	1306687	1307422	   0	 740	
 544	 544	  80	   1	 752	   1	   1	   9	  17	  28	  80	  20	  50	 483	1309214	1309966	   0	 750	
 545	 545	  20	   2	 278	   2	   1	   9	  18	  28	  80	  20	  50	 324	1311592	1311870	   0	 740	
 546	 546	  50	   1	 601	   3	   1	   9	  18	  29	  80	  20	  50	 415	1313605	1314206	   0	 750	
 547	 547	  20	   4	 670	   2	   2	   9	  19	  29	  80	  20	  50	 510	1316016	1316686	   0	 750	
 548	 548	  80	   1	 811	   1	   1	  10	  19	  29	  80	  20	  50	 652	1318643	1319454	   0	 760	
 549	 549	  50	   2	 426	   3	   1	  10	  19	  30	  80	  20	  50	 441	1321204	1321630	   0	 750	
 550	 550	  20	   2	 374	   2	   1	  10	  20	  30	  80	  20	  50	 502	1323432	1323806	   0	 740	
 551	 551	  80	   1	 696	   1	   1	  11	  20	  30	  80	  20	  50	 327	1325445	1326141	   0	 750	
 552	 552	  20	   4	 446	   2	   2	  11	  21	  30	  80	  20	  50	 388	1327839	1328285	   0	 750	
 553	 553	  80	   1	 550	   1	   1	  12	  21	  30	  80	  20	  50	 555	1330151	1330701	   0	 760	
 554	 554	  50	   1	 414	   3	   1	  12	  21	  31	  80	  20	  50	 493	1332495	1332909	   0	 770	
 555	 555	  20	   3	 623	   2	   2	  12	  22	  31	  80	  20	  50	 356	1334574	1335197	   0	 770	
 556	 556	  50	   2	 568	   3	   1	  12	  22	  32	  80	  20	  50	 370	1336869	1337437	   0	 760	
 557	 557	  80	   1	 538	   1	   1	  13	  22	  32	  80	  20	  50	 605	1339347	1339885	   0	 770	
 558	 558	  50	   2	 556	   3	   1	  13	  22	  33	  80	  20	  50	 648	1341841	1342397	   0	 760	
 559	 559	  80	   2	 499	   1	   1	  14	  22	  33	  80	  20	  50	 467	1344169	1344668	   0	 750	
 560	 560	  30	   2	1432	   3	   1	  14	  22	   1	  80	  20	  30	 552	1346564	1347996	   3	 740	
 561	 561	  80	   1	 666	   1	   1	  15	  22	   1	  80	  20	  30	 562	1349890	1350556	   0	 750	
 562	 562	  20	   4	 803	   2	   2	  15	  23	   1	  80	  20	  30	 327	1352185	1352988	   0	 750	
 563	 563	  30	   4	 689	   3	   2	  15	  23	   2	  80	  20	  30	 485	1354779	1355468	   0	 750	
 564	 564	  20	   4	 560	   2	   2	  15	  24	   2	  80	  20	  30	 566	1357340	1357900	   0	 750	
 565	 565	  80	   2	 494	   1	   1	  16	  24	   2	  80	  20	  30	 325	1359518	1360012	   0	 740	
 566	 566	  20	   4	 540	   2	   2	  16	  25	   2	  80	  20	  30	 378	1361680	1362220	   0	 740	
 567	 567	  80	   1	 405	   1	   1	  17	  25	   2	  80	  20	  30	 443	1363958	1364363	   0	 750	
 568	 568	  30	   4	 669	   3	   2	  17	  25	   3	  80	  20	  30	 619	1366286	1366955	   0	 750	
 569	 569	  20	   4	 532	   2	   2	  17	  26	   3	  80	  20	  30	 370	1368631	1369163	   0	 750	
 570	 570	  80	   1	 946	   1	   1	  18	  26	   3	  80	  20	  30	 316	1370793	1371739	   0	 760	
 571	 571	  20	   4	 706	   2	   2	  18	  27	   3	  80	  20	  30	 687	1373753	1374459	   0	 760	
 572	 572	  80	   1	 583	   1	   1	  19	  27	   3	  80	  20	  30	 405	1376164	1376747	   0	 770	
 573	 573	  30	   4	 585	   3	   2	  19	  27	   4	  80	  20	  30	 589	1378642	1379227	   0	 770	
 574	 574	  20	   3	 667	   2	   2	  19	  28	   4	  80	  20	  30	 579	1381120	1381787	   0	 770	
 575	 575	  30	   3	 726	   3	   2	  19	  28	   5	  80	  20	  30	 691	1383780	1384506	   0	 770	
 576	 576	  20	   4	 525	   2	   2	  19	  29	   5	  80	  20	  30	 317	1386125	1386650	   0	 770	
 577	 577	  80	   1	 517	   1	   1	  20	  29	   5	  80	  20	  30	 490	1388437	1388954	   0	 780	
 578	 578	  20	   4	 473	   2	   2	  20	  30	   5	  80	  20	  30	 614	1390881	1391354	   0	 780	
 579	 579	  30	   4	 556	   3	   2	  20	  30	   6	  80	  20	  30	 678	1393342	1393898	   0	 780	
 580	 580	  20	   4	 600	   2	   2	  20	  31	   6	  80	  20	  30	 356	1395554	1396154	   0	 780	
 581	 581	  80	   1	 639	   1	   1	  21	  31	   6	  80	  20	  30	 431	1397915	1398554	   0	 790	
 582	 582	  20	   4	 645	   2	   2	  21	  32	   6	  80	  20	  30	 428	1400277	1400922	   0	 790	
 583	 583	  30	   3	 686	   3	   2	  21	  32	   7	  80	  20	  30	 358	1402588	1403274	   0	 790	
 584	 584	  20	   4	 525	   2	   2	  21	  33	   7	  80	  20	  30	 534	1405116	1405641	   0	 790	
 585	 585	  30	   4	 397	   3	   2	  21	  33	   8	  80	  20	  30	 700	1407644	1408041	   0	 790	
 586	 586	  80	   2	 505	   1	   1	  22	  33	   8	  80	  20	  30	 524	1409872	1410377	   0	 780	
 587	 587	  30	   4	 468	   3	   2	  22	  33	   9	  80	  20	  30	 461	1412133	1412601	   0	 780	
 588	 588	  80	   1	 555	   1	   1	  23	  33	   9	  80	  20	  30	 574	1414478	1415033	   0	 790	
 589	 589	  20	   4	 554	   2	   2	  23	  34	   9	  80	  20	  30	 679	1417023	1417577	   0	 790	
 590	 590	  30	   3	 595	   3	   2	  23	  34	  10	  80	  20	  30	 449	1419334	1419929	   0	 790	
 591	 591	  80	   1	 502	   1	   1	  24	  34	  10	  80	  20	  30	 507	1421762	1422264	   0	 800	
 592	 592	  20	   4	 385	   2	   2	  24	  35	  10	  80	  20	  30	 430	1424007	1424392	   0	 800	
 593	 593	  80	   3	 399	   1	   2	  25	  35	  10	  80	  20	  30	 468	1426169	1426568	   0	 800	
 594	 594	  70	   1	 860	   2	   1	  25	   1	  10	  80	  70	  30	 459	1428364	1429224	   2	 810	
 595	 595	  80	   1	 393	   1	   1	  26	   1	  10	  80	  70	  30	 440	1430975	1431368	   0	 820	
 596	 596	  30	   4	 634	   3	   2	  26	   1	  11	  80	  70	  30	 411	1433070	1433704	   0	 820	
 597	 597	  80	   1	 391	   1	   1	  27	   1	  11	  80	  70	  30	 672	1435681	1436072	   0	 830	
 598	 598	  70	   1	 390	   2	   1	  27	   2	  11	  80	  70	  30	 478	1437842	1438232	   0	 840	
 599	 599	  80	   2	 402	   1	   1	  28	   2	  11	  80	  70	  30	 505	1440038	1440440	   0	 830	
 600	 600	  30	   2	 356	   3	   1	  28	   2	  12	  80	  70	  30	 331	1442083	1442439	   0	 820	
 601	 601	  80	   1	 433	   1	   1	  29	   2	  12	  80	  70	  30	 513	1444278	1444711	   0	 830	
 602	 602	  70	   1	 504	   2	   1	  29	   3	  12	  80	  70	  30	 602	1446623	1447127	   0	 840	
 603	 603	  30	   4	 398	   3	   2	  29	   3	  13	  80	  70	  30	 572	1449001	1449399	   0	 840	
 604	 604	  70	   1	 501	   2	   1	  29	   4	  13	  80	  70	  30	 650	1451362	1451863	   0	 850	
 605	 605	  30	   2	 549	   3	   1	  29	   4	  14	  80	  70	  30	 309	1453474	1454023	   0	 840	
 606	 606	  70	   2	 446	   2	   1	  29	   5	  14	  80	  70	  30	 444	1455769	1456215	   0	 830	
 607	 607	  30	   3	 569	   3	   2	  29	   5	  15	  80	  70	  30	 511	1458030	1458599	   0	 830	
 608	 608	  70	   1	 693	   2	   1	  29	   6	  15	  80	  70	  30	 322	1460226	1460919	   0	 840	
 609	 609	  30	   4	 632	   3	   2	  29	   6	  16	  80	  70	  30	 461	1462670	1463302	   0	 840	
 610	 610	  80	   1	 527	   1	   1	  30	   6	  16	  80	  70	  30	 417	1465031	1465558	   0	 850	
 611	 611	  70	   2	 501	   2	   1	  30	   7	  16	  80	  70	  30	 518	1467393	1467894	   0	 840	
 612	 612	  30	   4	 618	   3	   2	  30	   7	  17	  80	  70	  30	 610	1469804	1470422	   0	 840	
 613	 613	  70	   1	 561	   2	   1	  30	   8	  17	  80	  70	  30	 427	1472149	1472710	   0	 850	
 614	 614	  50	   2	 917	   1	   1	   1	   8	  17	  50	  70	  30	 537	1474593	1475510	   1	 840	
 615	 615	  70	   1	 536	   2	   1	   1	   9	  17	  50	  70	  30	 657	1477470	1478006	   0	 850	
 616	 616	  30	   4	 594	   3	   2	   1	   9	  18	  50	  70	  30	 436	1479748	1480342	   0	 850	
 617	 617	  50	   2	1111	   1	   1	   2	   9	  18	  50	  70	  30	 485	1482126	1483237	   0	 840	
 618	 618	  30	   3	 557	   3	   2	   2	   9	  19	  50	  70	  30	 348	1484904	1485461	   0	 840	
 619	 619	  70	   2	 702	   2	   1	   2	  10	  19	  50	  70	  30	 649	1487415	1488117	   0	 830	
 620	 620	  30	   3	 663	   3	   2	   2	  10	  20	  50	  70	  30	 310	1489726	1490389	   0	 830	
 621	 621	  70	   1	 691	   2	   1	   2	  11	  20	  50	  70	  30	 654	1492370	1493061	   0	 840	
 622	 622	  50	   4	 641	   1	   2	   3	  11	  20	  50	  70	  30	 589	1494948	1495589	   0	 840	
 623	 623	  70	   1	 573	   2	   1	   3	  12	  20	  50	  70	  30	 700	1497592	1498165	   0	 850	
 624	 624	  50	   3	 972	   1	   2	   4	  12	  20	  50	  70	  30	 689	1500153	1501125	   0	 850	
 625	 625	  30	   3	 589	   3	   2	   4	  12	  21	  50	  70	  30	 638	1503063	1503652	   0	 850	
 626	 626	  70	   1	 684	   2	   1	   4	  13	  21	  50	  70	  30	 683	1505640	1506324	   0	 860	
 627	 627	  50	   3	 646	   1	   2	   5	  13	  21	  50	  70	  30	 699	1508334	1508980	   0	 860	
 628	 628	  30	   4	 697	   3	   2	   5	  13	  22	  50	  70	  30	 506	1510795	1511492	   0	 860	
 629	 629	  50	   4	 475	   1	   2	   6	  13	  22	  50	  70	  30	 464	1513273	1513748	   0	 860	
 630	 630	  70	   1	 596	   2	   1	   6	  14	  22	  50	  70	  30	 512	1515568	1516164	   0	 870	
 631	 631	  30	   2	1313	   3	   1	   6	  14	  23	  50	  70	  30	 687	1518179	1519492	   0	 860	
 632	 632	  50	   3	 893	   1	   2	   7	  14	  23	  50	  70	  30	 420	1521222	1522115	   0	 860	
 633	 633	  70	   2	 531	   2	   1	   7	  15	  23	  50	  70	  30	 584	1524016	1524547	   0	 850	
 634	 634	  30	   4	 657	   3	   2	   7	  15	  24	  50	  70	  30	 330	1526194	1526851	   0	 850	
 635	 635	  50	   3	 647	   1	   2	   8	  15	  24	  50	  70	  30	 405	1528556	1529203	   0	 850	
 636	 636	  30	   4	 737	   3	   2	   8	  15	  25	  50	  70	  30	 322	1530834	1531571	   0	 850	
 637	 637	  50	   3	 659	   1	   2	   9	  15	  25	  50	  70	  30	 449	1533328	1533987	   0	 850	
 638	 638	  30	   4	 555	   3	   2	   9	  15	  26	  50	  70	  30	 358	1535640	1536195	   0	 850	
 639	 639	  70	   1	 577	   2	   1	   9	  16	  26	  50	  70	  30	 532	1538034	1538611	   0	 860	
 640	 640	  50	   2	 359	   1	   1	  10	  16	  26	  50	  70	  30	 496	1540412	1540771	   0	 850	
 641	 641	  70	   1	 616	   2	   1	  10	  17	  26	  50	  70	  30	 376	1542458	1543074	   0	 860	
 642	 642	  30	   3	 522	   3	   2	  10	  17	  27	  50	  70	  30	 576	1544952	1545474	   0	 860	
 643	 643	  50	   3	 539	   1	   2	  11	  17	  27	  50	  70	  30	 679	1547463	1548002	   0	 860	
 644	 644	  70	   1	 581	   2	   1	  11	  18	  27	  50	  70	  30	 419	1549725	1550306	   0	 870	
 645	 645	  30	   4	 582	   3	   2	  11	  18	  28	  50	  70	  30	 611	1552236	1552818	   0	 870	
 646	 646	  70	   2	 557	   2	   1	  11	  19	  28	  50	  70	  30	 451	1554581	1555138	   0	 860	
 647	 647	  50	   4	 663	   1	   2	  12	  19	  28	  50	  70	  30	 424	1556859	1557522	   0	 860	
 648	 648	  30	   4	 515	   3	   2	  12	  19	  29	  50	  70	  30	 676	1559503	1560018	   0	 860	
 649	 649	  50	   4	 570	   1	   2	  13	  19	  29	  50	  70	  30	 504	1561831	1562401	   0	 860	
 650	 650	  30	   3	 657	   3	   2	  13	  19	  30	  50	  70	  30	 463	1564176	1564833	   0	 860	
 651	 651	  70	   2	 693	   2	   1	  13	  20	  30	  50	  70	  30	 468	1566620	1567313	   0	 850	
 652	 652	  30	   4	 694	   3	   2	  13	  20	   1	  50	  70	  30	 502	1569115	1569809	   0	 850	
 653	 653	  50	   3	 640	   1	   2	  14	  20	   1	  50	  70	  30	 682	1571809	1572449	   0	 850	
 654	 654	  70	   2	 547	   2	   1	  14	  21	   1	  50	  70	  30	 523	1574270	1574817	   0	 840	
 655	 655	  50	   3	 678	   1	   2	  15	  21	   1	  50	  70	  30	 615	1576747	1577425	   0	 840	
 656	 656	  70	   1	 499	   2	   1	  15	  22	   1	  50	  70	  30	 582	1579325	1579824	   0	 850	
 657	 657	  30	   4	 798	   3	   2	  15	  22	   2	  50	  70	  30	 430	1581570	1582368	   0	 850	
 658	 658	  50	   4	 649	   1	   2	  16	  22	   2	  50	  70	  30	 551	1584231	1584880	   0	 850	
 659	 659	  30	   4	 812	   3	   2	  16	  22	   3	  50	  70	  30	 519	1586708	1587520	   0	 850	
 660	 660	  70	   1	 806	   2	   1	  16	  23	   3	  50	  70	  30	 567	1589402	1590208	   0	 860	
 661	 661	  30	   4	 896	   3	   2	  16	  23	   4	  50	  70	  30	 551	1592080	1592976	   0	 860	
 662	 662	  70	   1	 771	   2	   1	  16	  24	   4	  50	  70	  30	 684	1594973	1595744	   0	 870	
 663	 663	  30	   3	 914	   3	   2	  16	  24	   5	  50	  70	  30	 467	1597518	1598432	   0	 870	
 664	 664	  70	   1	 703	   2	   1	  16	  25	   5	  50	  70	  30	 393	1600128	1600831	   0	 880	
 665	 665	  50	   3	 773	   1	   2	  17	  25	   5	  50	  70	  30	 360	1602490	1603263	   0	 880	
 666	 666	  30	   4	 664	   3	   2	  17	  25	   6	  50	  70	  30	 396	1604967	1605631	   0	 880	
 667	 667	  70	   1	 608	   2	   1	  17	  26	   6	  50	  70	  30	 341	1607279	1607887	   0	 890	
 668	 668	  30	   3	 611	   3	   2	  17	  26	   7	  50	  70	  30	 556	1609740	1610351	   0	 890	
 669	 669	  50	   4	 696	   1	   2	  18	  26	   7	  50	  70	  30	 471	1612135	1612831	   0	 890	
 670	 670	  70	   2	 706	   2	   1	  18	  27	   7	  50	  70	  30	 691	1614829	1615535	   0	 880	
 671	 671	  50	   3	 772	   1	   2	  19	  27	   7	  50	  70	  30	 476	1617323	1618095	   0	 880	
 672	 672	  30	   4	 584	   3	   2	  19	  27	   8	  50	  70	  30	 316	1619718	1620302	   0	 880	
 673	 673	  70	   1	 538	   2	   1	  19	  28	   8	  50	  70	  30	 580	1622196	1622734	   0	 890	
 674	 674	  30	   4	 552	   3	   2	  19	  28	   9	  50	  70	  30	 342	1624374	1624926	   0	 890	
 675	 675	  50	   4	 568	   1	   2	  20	  28	   9	  50	  70	  30	 676	1626902	1627470	   0	 890	
 676	 676	  70	   1	 596	   2	   1	  20	  29	   9	  50	  70	  30	 352	1629130	1629726	   0	 900	
 677	 677	  30	   3	 520	   3	   2	  20	  29	  10	  50	  70	  30	 515	1631558	1632078	   0	 900	
 678	 678	  50	   3	 708	   1	   2	  21	  29	  10	  50	  70	  30	 388	1633770	1634478	   0	 900	
 679	 679	  70	   2	 665	   2	   1	  21	  30	  10	  50	  70	  30	 395	1636181	1636846	   0	 890	
 680	 680	  50	   3	 545	   1	   2	  22	  30	  10	  50	  70	  30	 344	1638492	1639037	   0	 890	
 681	 681	  30	   4	 595	   3	   2	  22	  30	  11	  50	  70	  30	 598	1640970	1641565	   0	 890	
 682	 682	  50	   3	 585	   1	   2	  23	  30	  11	  50	  70	  30	 464	1643348	1643933	   0	 890	
 683	 683	  30	   4	 569	   3	   2	  23	  30	  12	  50	  70	  30	 630	1645876	1646445	   0	 890	
 684	 684	  50	   4	 494	   1	   2	  24	  30	  12	  50	  70	  30	 539	1648287	1648781	   0	 890	
 685	 685	  70	   1	 593	   2	   1	  24	  31	  12	  50	  70	  30	 657	1650748	1651341	   0	 900	
 686	 686	  50	   4	 528	   1	   2	  25	  31	  12	  50	  70	  30	 662	1653309	1653837	   0	 900	
 687	 687	  70	   1	 540	   2	   1	  25	  32	  12	  50	  70	  30	 390	1655537	1656077	   0	 910	
 688	 688	  50	   4	 417	   1	   2	  26	  32	  12	  50	  70	  30	 559	1657932	1658349	   0	 910	
 689	 689	  30	   4	 671	   3	   2	  26	  32	  13	  50	  70	  30	 400	1660061	1660732	   0	 910	
 690	 690	  50	   4	 645	   1	   2	  27	  32	  13	  50	  70	  30	 409	1662439	1663084	   0	 910	
 691	 691	  30	   4	 742	   3	   2	  27	  32	  14	  50	  70	  30	 532	1664966	1665708	   0	 910	
 692	 692	  70	   1	 692	   2	   1	  27	  33	  14	  50	  70	  30	 551	1667560	1668252	   0	 920	
 693	 693	  30	   3	 546	   3	   2	  27	  33	  15	  50	  70	  30	 581	1670138	1670684	   0	 920	
 694	 694	  50	   3	 666	   1	   2	  28	  33	  15	  50	  70	  30	 471	1672466	1673132	   0	 920	
 695	 695	  70	   2	1545	   2	   1	  28	  34	  15	  50	  70	  30	 590	1675027	1676572	   0	 910	
 696	 696	  30	   4	 586	   3	   2	  28	  34	  16	  50	  70	  30	 494	1678369	1678955	   0	 910	
 697	 697	  50	   4	 496	   1	   2	  29	  34	  16	  50	  70	  30	 478	1680731	1681227	   0	 910	
 698	 698	  30	   4	 671	   3	   2	  29	  34	  17	  50	  70	  30	 334	1682876	1683547	   0	 910	
 699	 699	  50	   3	 495	   1	   2	  30	  34	  17	  50	  70	  30	 571	1685420	1685915	   0	 910	
 700	 700	  30	   4	 458	   3	   2	  30	  34	  18	  50	  70	  30	 416	1687649	1688107	   0	 910	
 701	 701	  70	   1	 640	   2	   1	  30	  35	  18	  50	  70	  30	 620	1690043	1690683	   0	 920	
 702	 702	  30	   3	 531	   3	   2	  30	  35	  19	  50	  70	  30	 504	1692488	1693019	   0	 920	
 703	 703	  50	   4	 521	   1	   2	  31	  35	  19	  50	  70	  30	 551	1694882	1695403	   0	 920	
 704	 704	  30	   1	 476	   3	   1	  31	  35	  20	  50	  70	  30	 596	1697310	1697786	   0	 930	
 705	 705	  50	   4	 575	   1	   2	  32	  35	  20	  50	  70	  30	 694	1699771	1700346	   0	 930	
 706	 706	  70	   1	 811	   2	   1	  32	   1	  20	  50	  70	  30	 328	1701967	1702778	   0	 940	
 707	 707	  50	   3	 668	   1	   2	  33	   1	  20	  50	  70	  30	 402	1704494	1705162	   0	 940	
 708	 708	  30	   3	 609	   3	   2	  33	   1	  21	  50	  70	  30	 422	1706889	1707498	   0	 940	
 709	 709	  50	   4	 474	   1	   2	   1	   1	  21	  50	  70	  30	 396	1709200	1709674	   0	 940	
