Version: 1	Number of symbols: 3	Pictures exchange: true	Response Deadline: 2000
Trial_No	Virt_Trial_No	Prob_Shown	Feedback	RT	Stimulus_No	Resp	SymbolA_Stage	SymbolB_Stage	SymbolC_Stage	Prob_A	Prob_B	Prob_C	Jitter	StimOnset	RespOnset	Symbol_Changes	Bonus_sum
   1	   1	  30	   2	1269	   1	   1	   1	   0	   0	  30	  70	  50	 452	1631	2900	   0	 -10	
   2	   2	  50	   2	 766	   3	   1	   1	   0	   1	  30	  70	  50	 555	4758	5524	   0	 -20	
   3	   3	  30	   2	 630	   1	   1	   2	   0	   1	  30	  70	  50	 687	7518	8148	   0	 -30	
   4	   4	  50	   1	 587	   3	   1	   2	   0	   2	  30	  70	  50	 431	9896	10483	   0	 -20	
   5	   5	  70	   1	 963	   2	   1	   2	   1	   2	  30	  70	  50	 416	12208	13171	   0	 -10	
   6	   6	  30	   4	 658	   1	   2	   3	   1	   2	  30	  70	  50	 302	14785	15443	   0	 -10	
   7	   7	  50	   2	 777	   3	   1	   3	   1	   3	  30	  70	  50	 386	17130	17907	   0	 -20	
   8	   8	  70	   1	1006	   2	   1	   3	   2	   3	  30	  70	  50	 317	19541	20547	   0	 -10	
   9	   9	  50	   2	 874	   3	   1	   3	   2	   4	  30	  70	  50	 323	22169	23043	   0	 -20	
  10	  10	  30	   3	 649	   1	   2	   4	   2	   4	  30	  70	  50	 406	24746	25395	   0	 -20	
  11	  11	  50	   3	 405	   3	   2	   4	   2	   5	  30	  70	  50	 651	27374	27779	   0	 -20	
  12	  12	  70	   1	 446	   2	   1	   4	   3	   5	  30	  70	  50	 595	29685	30131	   0	 -10	
  13	  13	  50	   4	1009	   3	   2	   4	   3	   6	  30	  70	  50	 670	32113	33122	   0	 -10	
  14	  14	  70	   2	 658	   2	   1	   4	   4	   6	  30	  70	  50	 626	35040	35698	   0	 -20	
  15	  15	  50	   3	 987	   3	   2	   4	   4	   7	  30	  70	  50	 339	37335	38322	   0	 -20	
  16	  16	  30	   3	 482	   1	   2	   5	   4	   7	  30	  70	  50	 500	40128	40610	   0	 -20	
  17	  17	  70	   2	 893	   2	   1	   5	   5	   7	  30	  70	  50	 449	42373	43266	   0	 -30	
  18	  18	  50	   3	 823	   3	   2	   5	   5	   8	  30	  70	  50	 499	45067	45890	   0	 -30	
  19	  19	  70	   1	1494	   2	   1	   5	   6	   8	  30	  70	  50	 420	47612	49106	   0	 -20	
  20	  20	  30	   4	1106	   1	   2	   6	   6	   8	  30	  70	  50	 666	51087	52193	   0	 -20	
  21	  21	  50	   2	1185	   3	   1	   6	   6	   9	  30	  70	  50	 555	54064	55249	   0	 -30	
  22	  22	  30	   4	 887	   1	   2	   7	   6	   9	  30	  70	  50	 324	56874	57761	   0	 -30	
  23	  23	  50	   1	 448	   3	   1	   7	   6	  10	  30	  70	  50	 521	59585	60033	   0	 -20	
  24	  24	  30	   4	 754	   1	   2	   8	   6	  10	  30	  70	  50	 305	61647	62401	   0	 -20	
  25	  25	  70	   1	 571	   2	   1	   8	   7	  10	  30	  70	  50	 672	64374	64945	   0	 -10	
  26	  26	  50	   1	 726	   3	   1	   8	   7	  11	  30	  70	  50	 372	66619	67345	   0	   0	
  27	  27	  30	   4	 578	   1	   2	   9	   7	  11	  30	  70	  50	 609	69246	69824	   0	   0	
  28	  28	  50	   2	 509	   3	   1	   9	   7	  12	  30	  70	  50	 337	71475	71984	   0	 -10	
  29	  29	  70	   1	 399	   2	   1	   9	   8	  12	  30	  70	  50	 693	73969	74368	   0	   0	
  30	  30	  50	   1	 449	   3	   1	   9	   8	  13	  30	  70	  50	 336	76015	76464	   0	  10	
  31	  31	  70	   1	 615	   2	   1	   9	   9	  13	  30	  70	  50	 602	78393	79008	   0	  20	
  32	  32	  50	   1	 456	   3	   1	   9	   9	  14	  30	  70	  50	 589	80904	81360	   0	  30	
  33	  33	  30	   3	 601	   1	   2	  10	   9	  14	  30	  70	  50	 333	82999	83600	   0	  30	
  34	  34	  70	   2	 634	   2	   1	  10	  10	  14	  30	  70	  50	 604	85510	86144	   0	  20	
  35	  35	  30	   4	 674	   1	   2	  11	  10	  14	  30	  70	  50	 382	87838	88512	   0	  20	
  36	  36	  70	   1	 643	   2	   1	  11	  11	  14	  30	  70	  50	 496	90316	90959	   0	  30	
  37	  37	  50	   2	 455	   3	   1	  11	  11	  15	  30	  70	  50	 474	92744	93199	   0	  20	
  38	  38	  30	   3	 596	   1	   2	  12	  11	  15	  30	  70	  50	 435	94939	95535	   0	  20	
  39	  39	  70	   2	 639	   2	   1	  12	  12	  15	  30	  70	  50	 342	97184	97823	   0	  10	
  40	  40	  30	   4	 563	   1	   2	  13	  12	  15	  30	  70	  50	 510	99628	100191	   0	  10	
  41	  41	  50	   1	 446	   3	   1	  13	  12	  16	  30	  70	  50	 359	101873	102319	   0	  20	
  42	  42	  70	   1	 980	   2	   1	  13	  13	  16	  30	  70	  50	 607	104235	105215	   0	  30	
  43	  43	  30	   4	 651	   1	   2	  14	  13	  16	  30	  70	  50	 481	107012	107663	   0	  30	
  44	  44	  70	   1	 619	   2	   1	  14	  14	  16	  30	  70	  50	 575	109539	110158	   0	  40	
  45	  45	  50	   2	 401	   3	   1	  14	  14	  17	  30	  70	  50	 455	111917	112318	   0	  30	
  46	  46	  30	   4	 619	   1	   2	  15	  14	  17	  30	  70	  50	 549	114179	114798	   0	  30	
  47	  47	  70	   1	 855	   2	   1	  15	  15	  17	  30	  70	  50	 309	116407	117262	   0	  40	
  48	  48	  30	   3	 605	   1	   2	  16	  15	  17	  30	  70	  50	 630	119201	119806	   0	  40	
  49	  49	  70	   2	 658	   2	   1	  16	  16	  17	  30	  70	  50	 483	121596	122254	   0	  30	
  50	  50	  30	   4	 600	   1	   2	  17	  16	  17	  30	  70	  50	 437	123990	124590	   0	  30	
  51	  51	  70	   1	 432	   2	   1	  17	  17	  17	  30	  70	  50	 391	126302	126734	   0	  40	
  52	  52	  30	   4	 642	   1	   2	  18	  17	  17	  30	  70	  50	 305	128347	128989	   0	  40	
  53	  53	  70	   1	 519	   2	   1	  18	  18	  17	  30	  70	  50	 445	130742	131261	   0	  50	
  54	  54	  30	   3	 465	   1	   2	  19	  18	  17	  30	  70	  50	 447	133020	133485	   0	  50	
  55	  55	  70	   4	 560	   2	   2	  19	  19	  17	  30	  70	  50	 356	135149	135709	   0	  50	
  56	  56	  50	   2	 458	   3	   1	  19	  19	  18	  30	  70	  50	 427	137443	137901	   0	  40	
  57	  57	  30	   4	 717	   1	   2	  20	  19	  18	  30	  70	  50	 692	139888	140605	   0	  40	
  58	  58	  70	   1	 556	   2	   1	  20	  20	  18	  30	  70	  50	 556	142465	143021	   0	  50	
  59	  59	  50	   1	 499	   3	   1	  20	  20	  19	  30	  70	  50	 486	144810	145309	   0	  60	
  60	  60	  30	   4	 609	   1	   2	  21	  20	  19	  30	  70	  50	 361	146972	147581	   0	  60	
  61	  61	  50	   2	 580	   3	   1	  21	  20	  20	  30	  70	  50	 519	149416	149996	   0	  50	
  62	  62	  70	   1	 604	   2	   1	  21	  21	  20	  30	  70	  50	 413	151728	152332	   0	  60	
  63	  63	  50	   2	 462	   3	   1	  21	  21	  21	  30	  70	  50	 575	154206	154668	   0	  50	
  64	  64	  70	   2	 700	   2	   1	  21	  22	  21	  30	  70	  50	 406	156384	157084	   0	  40	
  65	  65	  50	   1	 374	   3	   1	  21	  22	  22	  30	  70	  50	 686	159078	159452	   0	  50	
  66	  66	  30	   3	 606	   1	   2	  22	  22	  22	  30	  70	  50	 639	161390	161996	   0	  50	
  67	  67	  70	   1	 582	   2	   1	  22	  23	  22	  30	  70	  50	 435	163734	164316	   0	  60	
  68	  68	  30	   4	 741	   1	   2	  23	  23	  22	  30	  70	  50	 652	166279	167020	   0	  60	
  69	  69	  50	   2	 631	   3	   1	  23	  23	  23	  30	  70	  50	 423	168740	169371	   0	  50	
  70	  70	  70	   1	 600	   2	   1	  23	  24	  23	  30	  70	  50	 582	171267	171867	   0	  60	
  71	  71	  50	   2	 574	   3	   1	  23	  24	  24	  30	  70	  50	 461	173645	174219	   0	  50	
  72	  72	  70	   1	 599	   2	   1	  23	  25	  24	  30	  70	  50	 413	175940	176539	   0	  60	
  73	  73	  50	   1	 370	   3	   1	  23	  25	  25	  30	  70	  50	 323	178169	178539	   0	  70	
  74	  74	  70	   2	 620	   2	   1	  23	  26	  25	  30	  70	  50	 619	180463	181083	   0	  60	
  75	  75	  50	   4	 441	   3	   2	  23	  26	  26	  30	  70	  50	 665	183058	183499	   0	  60	
  76	  76	  70	   1	 344	   2	   1	  23	  27	  26	  30	  70	  50	 399	185203	185547	   0	  70	
  77	  77	  50	   3	1164	   3	   2	  23	  27	  27	  30	  70	  50	 344	187182	188346	   0	  70	
  78	  78	  70	   1	 389	   2	   1	  23	  28	  27	  30	  70	  50	 664	190325	190714	   0	  80	
  79	  79	  50	   3	 544	   3	   2	  23	  28	  28	  30	  70	  50	 553	192570	193114	   0	  80	
  80	  80	  30	   4	 731	   1	   2	  24	  28	  28	  30	  70	  50	 411	194831	195562	   0	  80	
  81	  81	  70	   2	 644	   2	   1	  24	  29	  28	  30	  70	  50	 667	197558	198202	   0	  70	
  82	  82	  30	   4	 611	   1	   2	  25	  29	  28	  30	  70	  50	 596	200103	200714	   0	  70	
  83	  83	  50	   4	 826	   3	   2	  25	  29	  29	  30	  70	  50	 420	202448	203274	   0	  70	
  84	  84	  30	   3	 587	   1	   2	  26	  29	  29	  30	  70	  50	 390	204959	205546	   0	  70	
  85	  85	  70	   1	 714	   2	   1	  26	  30	  29	  30	  70	  50	 665	207519	208233	   0	  80	
  86	  86	  50	   3	 761	   3	   2	  26	  30	  30	  30	  70	  50	 544	210080	210841	   0	  80	
  87	  87	  70	   1	 630	   2	   1	  26	  31	  30	  30	  70	  50	 519	212675	213305	   0	  90	
  88	  88	  30	   2	1106	   3	   1	  26	  31	   1	  30	  70	  30	 675	215319	216425	   3	  80	
  89	  89	  30	   4	1030	   1	   2	  27	  31	   1	  30	  70	  30	 459	218179	219209	   0	  80	
NaN	  90	  70	NaN	NaN	   2	   3	  27	  31	   1	  30	  70	  30	 607	218179	NaN	   0	  80	
  90	  91	  30	   1	1070	   3	   1	  27	  31	   2	  30	  70	  30	 333	224731	225801	   0	  90	
  91	  92	  70	   2	1217	   2	   1	  27	  32	   2	  30	  70	  30	 466	227591	228808	   0	  80	
  92	  93	  30	   4	1163	   1	   2	  28	  32	   2	  30	  70	  30	 606	230717	231880	   0	  80	
  93	  94	  30	   2	1137	   3	   1	  28	  32	   3	  30	  70	  30	 318	233511	234648	   0	  70	
  94	  95	  30	   3	1264	   1	   2	  29	  32	   3	  30	  70	  30	 539	236488	237752	   0	  70	
  95	  96	  70	   1	 990	   2	   1	  29	  33	   3	  30	  70	  30	 434	239498	240488	   0	  80	
  96	  97	  30	   4	 787	   1	   2	  30	  33	   3	  30	  70	  30	 540	242325	243112	   0	  80	
  97	  98	  30	   2	 802	   3	   1	  30	  33	   4	  30	  70	  30	 479	244902	245704	   0	  70	
  98	  99	  30	   4	 721	   1	   2	  31	  33	   4	  30	  70	  30	 427	247430	248151	   0	  70	
  99	 100	  30	   4	 558	   3	   2	  31	  33	   5	  30	  70	  30	 581	250041	250599	   0	  70	
 100	 101	  20	   2	 781	   2	   1	  31	   1	   5	  30	  20	  30	 685	252618	253399	   2	  60	
 101	 102	  30	   3	1318	   1	   2	  32	   1	   5	  30	  20	  30	 616	255345	256663	   0	  60	
 102	 103	  20	   4	1439	   2	   2	  32	   2	   5	  30	  20	  30	 501	258472	259911	   0	  60	
 103	 104	  30	   3	1266	   3	   2	  32	   2	   6	  30	  20	  30	 577	261781	263047	   0	  60	
 104	 105	  20	   3	1053	   2	   2	  32	   3	   6	  30	  20	  30	 489	264841	265894	   0	  60	
 105	 106	  30	   4	 481	   3	   2	  32	   3	   7	  30	  20	  30	 502	267701	268182	   0	  60	
 106	 107	  20	   4	 630	   2	   2	  32	   4	   7	  30	  20	  30	 606	270096	270726	   0	  60	
 107	 108	  30	   4	 422	   3	   2	  32	   4	   8	  30	  20	  30	 608	272640	273062	   0	  60	
 108	 109	  20	   4	 521	   2	   2	  32	   5	   8	  30	  20	  30	 302	274669	275190	   0	  60	
 109	 110	  30	   4	 639	   1	   2	  33	   5	   8	  30	  20	  30	 559	277047	277686	   0	  60	
 110	 111	  30	   4	 597	   3	   2	  33	   5	   9	  30	  20	  30	 439	279425	280022	   0	  60	
 111	 112	  20	   3	 561	   2	   2	  33	   6	   9	  30	  20	  30	 304	281653	282214	   0	  60	
 112	 113	  30	   3	1919	   3	   2	  33	   6	  10	  30	  20	  30	 684	284214	286133	   0	  60	
 113	 114	  30	   4	 568	   1	   2	  34	   6	  10	  30	  20	  30	 341	287773	288341	   0	  60	
 114	 115	  30	   3	 481	   3	   2	  34	   6	  11	  30	  20	  30	 422	290068	290549	   0	  60	
 115	 116	  30	   4	1318	   1	   2	  35	   6	  11	  30	  20	  30	 638	292495	293813	   0	  60	
 116	 117	  30	   4	 522	   3	   2	  35	   6	  12	  30	  20	  30	 641	295755	296277	   0	  60	
 117	 118	  80	   1	 879	   1	   1	   1	   6	  12	  80	  20	  30	 559	298166	299045	   1	  70	
 118	 119	  30	   4	 917	   3	   2	   1	   6	  13	  80	  20	  30	 606	300960	301877	   0	  70	
 119	 120	  20	   4	 719	   2	   2	   1	   7	  13	  80	  20	  30	 475	303654	304373	   0	  70	
 120	 121	  80	   1	 458	   1	   1	   2	   7	  13	  80	  20	  30	 622	306298	306756	   0	  80	
 121	 122	  30	   4	 606	   3	   2	   2	   7	  14	  80	  20	  30	 671	308742	309348	   0	  80	
 122	 123	  80	   2	 574	   1	   1	   3	   7	  14	  80	  20	  30	 619	311270	311844	   0	  70	
 123	 124	  30	   3	 603	   3	   2	   3	   7	  15	  80	  20	  30	 315	313465	314068	   0	  70	
 124	 125	  80	   1	 624	   1	   1	   4	   7	  15	  80	  20	  30	 484	315860	316484	   0	  80	
 125	 126	  30	   4	 683	   3	   2	   4	   7	  16	  80	  20	  30	 337	318121	318804	   0	  80	
 126	 127	  80	   1	 624	   1	   1	   5	   7	  16	  80	  20	  30	 411	320516	321140	   0	  90	
 127	 128	  30	   4	 618	   3	   2	   5	   7	  17	  80	  20	  30	 342	322778	323396	   0	  90	
 128	 129	  20	   4	 552	   2	   2	   5	   8	  17	  80	  20	  30	 660	325355	325907	   0	  90	
 129	 130	  80	   2	 507	   1	   1	   6	   8	  17	  80	  20	  30	 607	327816	328323	   0	  80	
 130	 131	  30	   4	 551	   3	   2	   6	   8	  18	  80	  20	  30	 401	330028	330579	   0	  80	
 131	 132	  80	   1	 636	   1	   1	   7	   8	  18	  80	  20	  30	 529	332439	333075	   0	  90	
 132	 133	  30	   3	 657	   3	   2	   7	   8	  19	  80	  20	  30	 463	334850	335507	   0	  90	
 133	 134	  80	   1	 612	   1	   1	   8	   8	  19	  80	  20	  30	 483	337295	337907	   0	 100	
 134	 135	  20	   4	 532	   2	   2	   8	   9	  19	  80	  20	  30	 595	339823	340355	   0	 100	
 135	 136	  80	   1	 674	   1	   1	   9	   9	  19	  80	  20	  30	 345	342001	342675	   0	 110	
 136	 137	  20	   4	 591	   2	   2	   9	  10	  19	  80	  20	  30	 597	344579	345170	   0	 110	
 137	 138	  80	   1	 362	   1	   1	  10	  10	  19	  80	  20	  30	 373	346840	347202	   0	 120	
 138	 139	  20	   3	 660	   2	   2	  10	  11	  19	  80	  20	  30	 583	349102	349762	   0	 120	
 139	 140	  30	   2	 390	   3	   1	  10	  11	  20	  80	  20	  30	 502	351580	351970	   0	 110	
 140	 141	  80	   2	 504	   1	   1	  11	  11	  20	  80	  20	  30	 369	353642	354146	   0	 100	
 141	 142	  30	   3	 517	   3	   2	  11	  11	  21	  80	  20	  30	 389	355853	356370	   0	 100	
 142	 143	  20	   4	 553	   2	   2	  11	  12	  21	  80	  20	  30	 609	358281	358834	   0	 100	
 143	 144	  80	   1	 415	   1	   1	  12	  12	  21	  80	  20	  30	 519	360659	361074	   0	 110	
 144	 145	  30	   4	 613	   3	   2	  12	  12	  22	  80	  20	  30	 653	363037	363650	   0	 110	
 145	 146	  20	   4	 558	   2	   2	  12	  13	  22	  80	  20	  30	 354	365315	365873	   0	 110	
 146	 147	  30	   4	 528	   3	   2	  12	  13	  23	  80	  20	  30	 608	367777	368305	   0	 110	
 147	 148	  20	   4	 584	   2	   2	  12	  14	  23	  80	  20	  30	 482	370105	370689	   0	 110	
 148	 149	  80	   1	 864	   1	   1	  13	  14	  23	  80	  20	  30	 452	372449	373313	   0	 120	
 149	 150	  20	   4	 861	   2	   2	  13	  15	  23	  80	  20	  30	 429	375060	375921	   0	 120	
 150	 151	  80	   1	 763	   1	   1	  14	  15	  23	  80	  20	  30	 423	377654	378417	   0	 130	
 151	 152	  20	   4	 809	   2	   2	  14	  16	  23	  80	  20	  30	 490	380232	381041	   0	 130	
 152	 153	  30	   2	 893	   3	   1	  14	  16	  24	  80	  20	  30	 318	382660	383553	   0	 120	
 153	 154	  20	   4	 646	   2	   2	  14	  17	  24	  80	  20	  30	 526	385370	386016	   0	 120	
 154	 155	  80	   1	 602	   1	   1	  15	  17	  24	  80	  20	  30	 472	387798	388400	   0	 130	
 155	 156	  30	   4	 861	   3	   2	  15	  17	  25	  80	  20	  30	 550	390259	391120	   0	 130	
 156	 157	  80	   1	 671	   1	   1	  16	  17	  25	  80	  20	  30	 305	392737	393408	   0	 140	
 157	 158	  20	   3	 721	   2	   2	  16	  18	  25	  80	  20	  30	 502	395215	395936	   0	 140	
 158	 159	  30	   4	 752	   3	   2	  16	  18	  26	  80	  20	  30	 528	397776	398528	   0	 140	
 159	 160	  80	   1	 638	   1	   1	  17	  18	  26	  80	  20	  30	 535	400370	401008	   0	 150	
 160	 161	  20	   4	 654	   2	   2	  17	  19	  26	  80	  20	  30	 547	402865	403519	   0	 150	
 161	 162	  30	   3	1013	   3	   2	  17	  19	  27	  80	  20	  30	 387	405226	406239	   0	 150	
 162	 163	  80	   2	 489	   1	   1	  18	  19	  27	  80	  20	  30	 529	408086	408575	   0	 140	
 163	 164	  30	   4	1219	   3	   2	  18	  19	  28	  80	  20	  30	 479	410364	411583	   0	 140	
 164	 165	  20	   4	 790	   2	   2	  18	  20	  28	  80	  20	  30	 339	413225	414015	   0	 140	
 165	 166	  30	   2	1028	   3	   1	  18	  20	  29	  80	  20	  30	 513	415835	416863	   0	 130	
 166	 167	  80	   1	 843	   1	   1	  19	  20	  29	  80	  20	  30	 417	418596	419439	   0	 140	
 167	 168	  30	   3	 702	   3	   2	  19	  20	  30	  80	  20	  30	 318	421057	421759	   0	 140	
 168	 169	  20	   4	 834	   2	   2	  19	  21	  30	  80	  20	  30	 389	423452	424286	   0	 140	
 169	 170	  30	   4	 710	   3	   2	  19	  21	  31	  80	  20	  30	 311	425896	426606	   0	 140	
 170	 171	  80	   1	 772	   1	   1	  20	  21	  31	  80	  20	  30	 571	428490	429262	   0	 150	
 171	 172	  30	   4	 563	   3	   2	  20	  21	  32	  80	  20	  30	 472	431051	431614	   0	 150	
 172	 173	  20	   4	 689	   2	   2	  20	  22	  32	  80	  20	  30	 699	433629	434318	   0	 150	
 173	 174	  80	   1	 508	   1	   1	  21	  22	  32	  80	  20	  30	 667	436290	436798	   0	 160	
 174	 175	  30	   4	 662	   3	   2	  21	  22	  33	  80	  20	  30	 485	438584	439246	   0	 160	
 175	 176	  80	   3	 876	   1	   2	  22	  22	  33	  80	  20	  30	 404	440962	441838	   0	 160	
 176	 177	  30	   3	 542	   3	   2	  22	  22	  34	  80	  20	  30	 681	443823	444365	   0	 160	
 177	 178	  80	   2	 548	   1	   1	  23	  22	  34	  80	  20	  30	 541	446201	446749	   0	 150	
 178	 179	  30	   2	 783	   3	   1	  23	  22	  35	  80	  20	  30	 392	448446	449229	   0	 140	
 179	 180	  20	   3	 521	   2	   2	  23	  23	  35	  80	  20	  30	 600	451140	451661	   0	 140	
 180	 181	  70	   1	1112	   3	   1	  23	  23	   1	  80	  20	  70	 303	453301	454413	   3	 150	
 181	 182	  20	   4	 864	   2	   2	  23	  24	   1	  80	  20	  70	 308	456045	456909	   0	 150	
 182	 183	  80	   1	 604	   1	   1	  24	  24	   1	  80	  20	  70	 459	458673	459277	   0	 160	
 183	 184	  70	   2	 576	   3	   1	  24	  24	   2	  80	  20	  70	 525	461101	461677	   0	 150	
 184	 185	  20	   3	 745	   2	   2	  24	  25	   2	  80	  20	  70	 421	463395	464140	   0	 150	
 185	 186	  70	   3	 595	   3	   2	  24	  25	   3	  80	  20	  70	 640	466089	466684	   0	 150	
 186	 187	  20	   4	 711	   2	   2	  24	  26	   3	  80	  20	  70	 495	468501	469212	   0	 150	
 187	 188	  70	   2	 416	   3	   1	  24	  26	   4	  80	  20	  70	 695	471228	471644	   0	 140	
 188	 189	  20	   4	 669	   2	   2	  24	  27	   4	  80	  20	  70	 467	473423	474092	   0	 140	
 189	 190	  80	   2	 856	   1	   1	  25	  27	   4	  80	  20	  70	 686	476084	476940	   0	 130	
 190	 191	  70	   3	 676	   3	   2	  25	  27	   5	  80	  20	  70	 484	478728	479404	   0	 130	
 191	 192	  80	   1	 905	   1	   1	  26	  27	   5	  80	  20	  70	 406	481122	482027	   0	 140	
 192	 193	  20	   4	 636	   2	   2	  26	  28	   5	  80	  20	  70	 645	483983	484619	   0	 140	
 193	 194	  70	   1	 449	   3	   1	  26	  28	   6	  80	  20	  70	 465	486394	486843	   0	 150	
 194	 195	  20	   4	 627	   2	   2	  26	  29	   6	  80	  20	  70	 311	488456	489083	   0	 150	
 195	 196	  70	   1	 608	   3	   1	  26	  29	   7	  80	  20	  70	 675	491067	491675	   0	 160	
 196	 197	  80	   1	 414	   1	   1	  27	  29	   7	  80	  20	  70	 698	493677	494091	   0	 170	
 197	 198	  20	   4	 650	   2	   2	  27	  30	   7	  80	  20	  70	 480	495889	496539	   0	 170	
 198	 199	  70	   2	 664	   3	   1	  27	  30	   8	  80	  20	  70	 627	498467	499131	   0	 160	
 199	 200	  50	   3	1550	   2	   2	  27	   1	   8	  80	  50	  70	 353	500828	502378	   2	 160	
NaN	 201	  80	NaN	NaN	   1	   3	  27	   1	   8	  80	  50	  70	 366	500828	NaN	   0	 160	
 200	 202	  70	   1	 599	   3	   1	  27	   1	   9	  80	  50	  70	 444	507763	508362	   0	 170	
 201	 203	  50	   2	1184	   2	   1	  27	   2	   9	  80	  50	  70	 391	510074	511258	   0	 160	
 202	 204	  70	   1	 689	   3	   1	  27	   2	  10	  80	  50	  70	 450	513017	513706	   0	 170	
 203	 205	  50	   3	1070	   2	   2	  27	   3	  10	  80	  50	  70	 610	515612	516682	   0	 170	
 204	 206	  70	   2	 835	   3	   1	  27	   3	  11	  80	  50	  70	 463	518455	519290	   0	 160	
 205	 207	  50	   2	 460	   2	   1	  27	   4	  11	  80	  50	  70	 551	521149	521609	   0	 150	
 206	 208	  80	   1	 667	   1	   1	  28	   4	  11	  80	  50	  70	 392	523294	523961	   0	 160	
 207	 209	  50	   2	 810	   2	   1	  28	   5	  11	  80	  50	  70	 591	525855	526665	   0	 150	
 208	 210	  80	   1	 649	   1	   1	  29	   5	  11	  80	  50	  70	 417	528400	529049	   0	 160	
 209	 211	  70	   2	 612	   3	   1	  29	   5	  12	  80	  50	  70	 310	530661	531273	   0	 150	
 210	 212	  50	   3	 412	   2	   2	  29	   6	  12	  80	  50	  70	 398	532989	533401	   0	 150	
 211	 213	  80	   1	 709	   1	   1	  30	   6	  12	  80	  50	  70	 558	535284	535993	   0	 160	
 212	 214	  70	   1	 722	   3	   1	  30	   6	  13	  80	  50	  70	 599	537895	538617	   0	 170	
 213	 215	  80	   1	 734	   1	   1	  31	   6	  13	  80	  50	  70	 591	540506	541240	   0	 180	
 214	 216	  70	   1	 577	   3	   1	  31	   6	  14	  80	  50	  70	 423	542967	543544	   0	 190	
 215	 217	  50	   3	 365	   2	   2	  31	   7	  14	  80	  50	  70	 345	545195	545560	   0	 190	
 216	 218	  80	   1	 575	   1	   1	  32	   7	  14	  80	  50	  70	 386	547257	547832	   0	 200	
 217	 219	  50	   2	1257	   2	   1	  32	   8	  14	  80	  50	  70	 408	549535	550792	   0	 190	
 218	 220	  80	   1	 746	   1	   1	  33	   8	  14	  80	  50	  70	 363	552462	553208	   0	 200	
 219	 221	  70	   1	 467	   3	   1	  33	   8	  15	  80	  50	  70	 649	555173	555640	   0	 210	
 220	 222	  50	   2	 531	   2	   1	  33	   9	  15	  80	  50	  70	 354	557301	557832	   0	 200	
 221	 223	  70	   1	 369	   3	   1	  33	   9	  16	  80	  50	  70	 682	559846	560215	   0	 210	
 222	 224	  20	   4	1001	   1	   2	   1	   9	  16	  20	  50	  70	 644	562190	563191	   1	 210	
 223	 225	  50	   1	 666	   2	   1	   1	  10	  16	  20	  50	  70	 624	565117	565783	   0	 220	
 224	 226	  70	   2	 587	   3	   1	   1	  10	  17	  20	  50	  70	 524	567612	568199	   0	 210	
 225	 227	  20	   2	 587	   1	   1	   2	  10	  17	  20	  50	  70	 677	570172	570759	   0	 200	
 226	 228	  70	   1	 690	   3	   1	   2	  10	  18	  20	  50	  70	 432	572501	573191	   0	 210	
 227	 229	  20	   4	 663	   1	   2	   3	  10	  18	  20	  50	  70	 430	574928	575591	   0	 210	
 228	 230	  50	   2	 652	   2	   1	   3	  11	  18	  20	  50	  70	 420	577323	577975	   0	 200	
 229	 231	  70	   1	 874	   3	   1	   3	  11	  19	  20	  50	  70	 615	579901	580775	   0	 210	
 230	 232	  50	   1	 501	   2	   1	   3	  12	  19	  20	  50	  70	 484	582561	583062	   0	 220	
 231	 233	  70	   1	 643	   3	   1	   3	  12	  20	  20	  50	  70	 334	584723	585366	   0	 230	
 232	 234	  20	   3	 525	   1	   2	   4	  12	  20	  20	  50	  70	 345	587001	587526	   0	 230	
 233	 235	  70	   2	 701	   3	   1	   4	  12	  21	  20	  50	  70	 695	589529	590230	   0	 220	
 234	 236	  20	   2	 602	   1	   1	   5	  12	  21	  20	  50	  70	 620	592156	592758	   0	 210	
 235	 237	  50	   2	 910	   2	   1	   5	  13	  21	  20	  50	  70	 504	594568	595478	   0	 200	
 236	 238	  70	   1	 552	   3	   1	   5	  13	  22	  20	  50	  70	 490	597278	597830	   0	 210	
 237	 239	  50	   2	 568	   2	   1	   5	  14	  22	  20	  50	  70	 661	599789	600357	   0	 200	
 238	 240	  70	   1	 849	   3	   1	   5	  14	  23	  20	  50	  70	 397	602068	602917	   0	 210	
 239	 241	  50	   1	 381	   2	   1	   5	  15	  23	  20	  50	  70	 510	604728	605109	   0	 220	
 240	 242	  20	   4	 703	   1	   2	   6	  15	  23	  20	  50	  70	 367	606790	607493	   0	 220	
 241	 243	  50	   1	 717	   2	   1	   6	  16	  23	  20	  50	  70	 560	609368	610085	   0	 230	
 242	 244	  20	   3	 706	   1	   2	   7	  16	  23	  20	  50	  70	 392	611779	612485	   0	 230	
 243	 245	  70	   1	 409	   3	   1	   7	  16	  24	  20	  50	  70	 331	614124	614533	   0	 240	
 244	 246	  50	   2	 543	   2	   1	   7	  17	  24	  20	  50	  70	 670	616502	617045	   0	 230	
 245	 247	  20	   4	 777	   1	   2	   8	  17	  24	  20	  50	  70	 407	618747	619524	   0	 230	
 246	 248	  50	   1	 808	   2	   1	   8	  18	  24	  20	  50	  70	 469	621308	622116	   0	 240	
 247	 249	  70	   1	 465	   3	   1	   8	  18	  25	  20	  50	  70	 620	624035	624500	   0	 250	
 248	 250	  20	   4	 776	   1	   2	   9	  18	  25	  20	  50	  70	 594	626396	627172	   0	 250	
 249	 251	  70	   2	 664	   3	   1	   9	  18	  26	  20	  50	  70	 454	628924	629588	   0	 240	
 250	 252	  50	   2	 454	   2	   1	   9	  19	  26	  20	  50	  70	 605	631502	631956	   0	 230	
 251	 253	  20	   4	 747	   1	   2	  10	  19	  26	  20	  50	  70	 650	633929	634676	   0	 230	
 252	 254	  70	   1	 609	   3	   1	  10	  19	  27	  20	  50	  70	 325	636307	636916	   0	 240	
 253	 255	  50	   3	 616	   2	   2	  10	  20	  27	  20	  50	  70	 406	638619	639235	   0	 240	
 254	 256	  70	   1	 826	   3	   1	  10	  20	  28	  20	  50	  70	 548	641097	641923	   0	 250	
 255	 257	  50	   1	 682	   2	   1	  10	  21	  28	  20	  50	  70	 403	643641	644323	   0	 260	
 256	 258	  70	   2	 503	   3	   1	  10	  21	  29	  20	  50	  70	 630	646268	646771	   0	 250	
 257	 259	  50	   2	 675	   2	   1	  10	  22	  29	  20	  50	  70	 383	648464	649139	   0	 240	
 258	 260	  70	   1	 545	   3	   1	  10	  22	  30	  20	  50	  70	 630	651074	651619	   0	 250	
 259	 261	  20	   4	 684	   1	   2	  11	  22	  30	  20	  50	  70	 385	653319	654003	   0	 250	
 260	 262	  50	   2	 991	   3	   1	  11	  22	   1	  20	  50	  50	 440	655764	656755	   3	 240	
 261	 263	  50	   2	 654	   2	   1	  11	  23	   1	  20	  50	  50	 667	658740	659394	   0	 230	
 262	 264	  20	   4	 650	   1	   2	  12	  23	   1	  20	  50	  50	 675	661368	662018	   0	 230	
 263	 265	  50	   4	 625	   3	   2	  12	  23	   2	  20	  50	  50	 379	663713	664338	   0	 230	
 264	 266	  50	   4	 779	   2	   2	  12	  24	   2	  20	  50	  50	 357	665991	666770	   0	 230	
 265	 267	  50	   3	 596	   3	   2	  12	  24	   3	  20	  50	  50	 635	668718	669314	   0	 230	
 266	 268	  50	   3	 608	   2	   2	  12	  25	   3	  20	  50	  50	 304	670930	671538	   0	 230	
 267	 269	  20	   4	 603	   1	   2	  13	  25	   3	  20	  50	  50	 345	673175	673778	   0	 230	
 268	 270	  50	   3	 465	   2	   2	  13	  26	   3	  20	  50	  50	 485	675569	676034	   0	 230	
 269	 271	  50	   4	 439	   3	   2	  13	  26	   4	  20	  50	  50	 592	677931	678370	   0	 230	
 270	 272	  50	   4	 422	   2	   2	  13	  27	   4	  20	  50	  50	 389	680059	680481	   0	 230	
 271	 273	  50	   3	 536	   3	   2	  13	  27	   5	  20	  50	  50	 321	682121	682657	   0	 230	
 272	 274	  50	   3	 504	   2	   2	  13	  28	   5	  20	  50	  50	 687	684649	685153	   0	 230	
 273	 275	  20	   3	 502	   1	   2	  14	  28	   5	  20	  50	  50	 348	686811	687313	   0	 230	
 274	 276	  50	   3	 493	   3	   2	  14	  28	   6	  20	  50	  50	 552	689172	689665	   0	 230	
 275	 277	  50	   4	 376	   2	   2	  14	  29	   6	  20	  50	  50	 432	691401	691777	   0	 230	
 276	 278	  20	   4	 428	   1	   2	  15	  29	   6	  20	  50	  50	 332	693413	693841	   0	 230	
 277	 279	  50	   4	 296	   3	   2	  15	  29	   7	  20	  50	  50	 490	695641	695937	   0	 230	
 278	 280	  20	   3	 793	   1	   2	  16	  29	   7	  20	  50	  50	 449	697703	698496	   0	 230	
 279	 281	  50	   4	 391	   3	   2	  16	  29	   8	  20	  50	  50	 490	700297	700688	   0	 230	
 280	 282	  20	   4	 398	   1	   2	  17	  29	   8	  20	  50	  50	 656	702642	703040	   0	 230	
 281	 283	  50	   3	 493	   3	   2	  17	  29	   9	  20	  50	  50	 427	704787	705280	   0	 230	
 282	 284	  50	   3	 526	   2	   2	  17	  30	   9	  20	  50	  50	 302	706882	707408	   0	 230	
 283	 285	  20	   4	 592	   1	   2	  18	  30	   9	  20	  50	  50	 659	709360	709952	   0	 230	
 284	 286	  50	   3	 448	   2	   2	  18	  31	   9	  20	  50	  50	 656	711904	712352	   0	 230	
 285	 287	  20	   4	 613	   1	   2	  19	  31	   9	  20	  50	  50	 636	714299	714912	   0	 230	
 286	 288	  50	   3	 556	   3	   2	  19	  31	  10	  20	  50	  50	 396	716627	717183	   0	 230	
 287	 289	  20	   4	 823	   1	   2	  20	  31	  10	  20	  50	  50	 378	718856	719679	   0	 230	
 288	 290	  50	   3	 574	   3	   2	  20	  31	  11	  20	  50	  50	 652	721633	722207	   0	 230	
 289	 291	  50	   4	 494	   2	   2	  20	  32	  11	  20	  50	  50	 668	724177	724671	   0	 230	
 290	 292	  50	   3	 557	   3	   2	  20	  32	  12	  20	  50	  50	 330	726322	726879	   0	 230	
 291	 293	  50	   3	 513	   2	   2	  20	  33	  12	  20	  50	  50	 560	728750	729263	   0	 230	
 292	 294	  50	   4	 502	   3	   2	  20	  33	  13	  20	  50	  50	 569	731145	731647	   0	 230	
 293	 295	  20	   4	 562	   1	   2	  21	  33	  13	  20	  50	  50	 428	733373	733935	   0	 230	
 294	 296	  20	   2	1099	   2	   1	  21	   1	  13	  20	  20	  50	 351	735635	736734	   2	 220	
 295	 297	  20	   3	 592	   1	   2	  22	   1	  13	  20	  20	  50	 431	738478	739070	   0	 220	
 296	 298	  20	   4	 744	   2	   2	  22	   2	  13	  20	  20	  50	 412	740790	741534	   0	 220	
 297	 299	  20	   4	1180	   1	   2	  23	   2	  13	  20	  20	  50	 388	743234	744414	   0	 220	
 298	 300	  20	   4	 694	   2	   2	  23	   3	  13	  20	  20	  50	 614	746344	747038	   0	 220	
 299	 301	  50	   3	1529	   3	   2	  23	   3	  14	  20	  20	  50	 449	748805	750334	   0	 220	
 300	 302	  20	   4	 454	   2	   2	  23	   4	  14	  20	  20	  50	 613	752264	752718	   0	 220	
 301	 303	  50	   3	 768	   3	   2	  23	   4	  15	  20	  20	  50	 496	754542	755310	   0	 220	
 302	 304	  20	   3	 578	   2	   2	  23	   5	  15	  20	  20	  50	 365	756987	757565	   0	 220	
 303	 305	  20	   4	 546	   1	   2	  24	   5	  15	  20	  20	  50	 651	759531	760077	   0	 220	
 304	 306	  50	   4	 422	   3	   2	  24	   5	  16	  20	  20	  50	 574	761959	762381	   0	 220	
 305	 307	  20	   4	 510	   1	   2	  25	   5	  16	  20	  20	  50	 610	764287	764797	   0	 220	
 306	 308	  50	   4	 415	   3	   2	  25	   5	  17	  20	  20	  50	 695	766798	767213	   0	 220	
 307	 309	  20	   4	 587	   1	   2	  26	   5	  17	  20	  20	  50	 502	769026	769613	   0	 220	
 308	 310	  50	   3	 369	   3	   2	  26	   5	  18	  20	  20	  50	 462	771388	771757	   0	 220	
 309	 311	  20	   4	 528	   1	   2	  27	   5	  18	  20	  20	  50	 462	773533	774061	   0	 220	
 310	 312	  50	   4	 452	   3	   2	  27	   5	  19	  20	  20	  50	 607	775977	776429	   0	 220	
 311	 313	  20	   4	 591	   2	   2	  27	   6	  19	  20	  20	  50	 444	778189	778780	   0	 220	
 312	 314	  50	   4	 409	   3	   2	  27	   6	  20	  20	  20	  50	 376	780451	780860	   0	 220	
 313	 315	  20	   4	 561	   2	   2	  27	   7	  20	  20	  20	  50	 641	782795	783356	   0	 220	
 314	 316	  20	   3	 595	   1	   2	  28	   7	  20	  20	  20	  50	 596	785273	785868	   0	 220	
 315	 317	  20	   4	 467	   2	   2	  28	   8	  20	  20	  20	  50	 613	787801	788268	   0	 220	
 316	 318	  50	   4	 632	   3	   2	  28	   8	  21	  20	  20	  50	 634	790212	790844	   0	 220	
 317	 319	  20	   3	1163	   2	   2	  28	   9	  21	  20	  20	  50	 513	792673	793836	   0	 220	
 318	 320	  20	   4	 548	   1	   2	  29	   9	  21	  20	  20	  50	 659	795800	796348	   0	 220	
 319	 321	  50	   3	 603	   3	   2	  29	   9	  22	  20	  20	  50	 463	798128	798731	   0	 220	
 320	 322	  20	   4	 542	   1	   2	  30	   9	  22	  20	  20	  50	 546	800589	801131	   0	 220	
 321	 323	  50	   4	 656	   3	   2	  30	   9	  23	  20	  20	  50	 622	803067	803723	   0	 220	
 322	 324	  20	   4	 694	   1	   2	  31	   9	  23	  20	  20	  50	 417	805445	806139	   0	 220	
 323	 325	  20	   4	 474	   2	   2	  31	  10	  23	  20	  20	  50	 444	807889	808363	   0	 220	
 324	 326	  20	   4	 422	   1	   2	  32	  10	  23	  20	  20	  50	 433	810101	810523	   0	 220	
 325	 327	  50	   3	 370	   3	   2	  32	  10	  24	  20	  20	  50	 487	812313	812683	   0	 220	
 326	 328	  20	   4	 591	   2	   2	  32	  11	  24	  20	  20	  50	 525	814508	815099	   0	 220	
 327	 329	  50	   3	 629	   3	   2	  32	  11	  25	  20	  20	  50	 469	816869	817498	   0	 220	
 328	 330	  20	   4	 533	   2	   2	  32	  12	  25	  20	  20	  50	 578	819397	819930	   0	 220	
 329	 331	  20	   3	 589	   1	   2	  33	  12	  25	  20	  20	  50	 487	821725	822314	   0	 220	
 330	 332	  20	   4	 675	   2	   2	  33	  13	  25	  20	  20	  50	 511	824119	824794	   0	 220	
 331	 333	  50	   4	 709	   3	   2	  33	  13	  26	  20	  20	  50	 465	826581	827290	   0	 220	
 332	 334	  20	   4	 624	   1	   2	  34	  13	  26	  20	  20	  50	 665	829258	829882	   0	 220	
 333	 335	  20	   4	 425	   2	   2	  34	  14	  26	  20	  20	  50	 368	831553	831978	   0	 220	
 334	 336	  50	   3	 925	   3	   2	  34	  14	  27	  20	  20	  50	 696	833981	834906	   0	 220	
 335	 337	  20	   4	1466	   1	   2	  35	  14	  27	  20	  20	  50	 389	836591	838057	   0	 220	
 336	 338	  20	   4	 796	   2	   2	  35	  15	  27	  20	  20	  50	 551	839917	840713	   0	 220	
 337	 339	  80	   1	 950	   1	   1	   1	  15	  27	  80	  20	  50	 550	842595	843545	   1	 230	
 338	 340	  20	   4	 532	   2	   2	   1	  16	  27	  80	  20	  50	 335	845189	845721	   0	 230	
 339	 341	  80	   1	 431	   1	   1	   2	  16	  27	  80	  20	  50	 413	847450	847881	   0	 240	
 340	 342	  50	   3	 648	   3	   2	   2	  16	  28	  80	  20	  50	 546	849745	850393	   0	 240	
 341	 343	  80	   1	 558	   1	   1	   3	  16	  28	  80	  20	  50	 387	852107	852665	   0	 250	
 342	 344	  20	   4	 566	   2	   2	   3	  17	  28	  80	  20	  50	 482	854451	855017	   0	 250	
 343	 345	  50	   4	 978	   3	   2	   3	  17	  29	  80	  20	  50	 305	856630	857608	   0	 250	
 344	 346	  20	   1	 542	   2	   1	   3	  18	  29	  80	  20	  50	 347	859274	859816	   0	 260	
 345	 347	  80	   1	 695	   1	   1	   4	  18	  29	  80	  20	  50	 473	861585	862280	   0	 270	
 346	 348	  20	   3	 649	   2	   2	   4	  19	  29	  80	  20	  50	 473	864063	864712	   0	 270	
 347	 349	  50	   4	 633	   3	   2	   4	  19	  30	  80	  20	  50	 582	866607	867240	   0	 270	
 348	 350	  80	   2	 937	   1	   1	   5	  19	  30	  80	  20	  50	 590	869135	870072	   0	 260	
 349	 351	  50	   4	 899	   3	   2	   5	  19	  31	  80	  20	  50	 445	871829	872728	   0	 260	
 350	 352	  80	   1	 645	   1	   1	   6	  19	  31	  80	  20	  50	 696	874739	875384	   0	 270	
 351	 353	  50	   4	1528	   3	   2	   6	  19	  32	  80	  20	  50	 450	877167	878695	   0	 270	
 352	 354	  80	   1	 560	   1	   1	   7	  19	  32	  80	  20	  50	 317	880327	880887	   0	 280	
 353	 355	  20	   4	 820	   2	   2	   7	  20	  32	  80	  20	  50	 591	882771	883591	   0	 280	
 354	 356	  80	   1	 466	   1	   1	   8	  20	  32	  80	  20	  50	 473	885365	885831	   0	 290	
 355	 357	  50	   3	 861	   3	   2	   8	  20	  33	  80	  20	  50	 468	887610	888471	   0	 290	
 356	 358	  20	   3	 705	   2	   2	   8	  21	  33	  80	  20	  50	 676	890454	891159	   0	 290	
 357	 359	  70	   1	1126	   3	   1	   8	  21	   1	  80	  20	  70	 352	892849	893975	   3	 300	
NaN	 360	  20	NaN	NaN	   2	   3	   8	  21	   1	  80	  20	  70	 544	892849	NaN	   0	 300	
 358	 361	  80	   2	 717	   1	   1	   9	  21	   1	  80	  20	  70	 313	899417	900134	   0	 290	
 359	 362	  20	   4	 713	   2	   2	   9	  22	   1	  80	  20	  70	 606	902045	902758	   0	 290	
 360	 363	  70	   2	1107	   3	   1	   9	  22	   2	  80	  20	  70	 686	904755	905862	   0	 280	
 361	 364	  80	   1	 681	   1	   1	  10	  22	   2	  80	  20	  70	 365	907549	908230	   0	 290	
 362	 365	  70	   4	 482	   3	   2	  10	  22	   3	  80	  20	  70	 309	909844	910326	   0	 290	
 363	 366	  20	   4	 762	   2	   2	  10	  23	   3	  80	  20	  70	 558	912188	912950	   0	 290	
 364	 367	  70	   3	 808	   3	   2	  10	  23	   4	  80	  20	  70	 480	914749	915557	   0	 290	
 365	 368	  20	   4	 608	   2	   2	  10	  24	   4	  80	  20	  70	 612	917477	918085	   0	 290	
 366	 369	  80	   1	 696	   1	   1	  11	  24	   4	  80	  20	  70	 426	919805	920501	   0	 300	
 367	 370	  70	   3	1004	   3	   2	  11	  24	   5	  80	  20	  70	 439	922249	923253	   0	 300	
 368	 371	  20	   4	 747	   2	   2	  11	  25	   5	  80	  20	  70	 673	925226	925973	   0	 300	
 369	 372	  70	   3	 871	   3	   2	  11	  25	   6	  80	  20	  70	 590	927870	928741	   0	 300	
 370	 373	  80	   1	 655	   1	   1	  12	  25	   6	  80	  20	  70	 591	930630	931285	   0	 310	
 371	 374	  70	   2	 423	   3	   1	  12	  25	   7	  80	  20	  70	 332	932942	933365	   0	 300	
 372	 375	  80	   1	 493	   1	   1	  13	  25	   7	  80	  20	  70	 614	935287	935780	   0	 310	
 373	 376	  70	   1	 486	   3	   1	  13	  25	   8	  80	  20	  70	 512	937598	938084	   0	 320	
 374	 377	  20	   4	1257	   2	   2	  13	  26	   8	  80	  20	  70	 677	940059	941316	   0	 320	
 375	 378	  80	   1	1060	   1	   1	  14	  26	   8	  80	  20	  70	 540	943152	944212	   0	 330	
 376	 379	  70	   1	1212	   3	   1	  14	  26	   9	  80	  20	  70	 351	945880	947092	   0	 340	
 377	 380	  80	   1	 713	   1	   1	  15	  26	   9	  80	  20	  70	 515	948923	949636	   0	 350	
 378	 381	  70	   1	 380	   3	   1	  15	  26	  10	  80	  20	  70	 434	951384	951764	   0	 360	
 379	 382	  80	   1	 463	   1	   1	  16	  26	  10	  80	  20	  70	 326	953396	953859	   0	 370	
 380	 383	  20	   3	1150	   2	   2	  16	  27	  10	  80	  20	  70	 350	955525	956675	   0	 370	
 381	 384	  80	   1	 570	   1	   1	  17	  27	  10	  80	  20	  70	 607	958601	959171	   0	 380	
 382	 385	  70	   2	 689	   3	   1	  17	  27	  11	  80	  20	  70	 489	960962	961651	   0	 370	
 383	 386	  80	   2	 562	   1	   1	  18	  27	  11	  80	  20	  70	 513	963473	964035	   0	 360	
 384	 387	  20	   4	1116	   2	   2	  18	  28	  11	  80	  20	  70	 392	965735	966851	   0	 360	
 385	 388	  70	   1	 606	   3	   1	  18	  28	  12	  80	  20	  70	 482	968645	969251	   0	 370	
 386	 389	  20	   4	 819	   2	   2	  18	  29	  12	  80	  20	  70	 494	971040	971859	   0	 370	
 387	 390	  70	   1	 572	   3	   1	  18	  29	  13	  80	  20	  70	 582	973750	974322	   0	 380	
 388	 391	  80	   2	 621	   1	   1	  19	  29	  13	  80	  20	  70	 635	976261	976882	   0	 370	
 389	 392	  70	   2	 502	   3	   1	  19	  29	  14	  80	  20	  70	 367	978556	979058	   0	 360	
 390	 393	  20	   4	1132	   2	   2	  19	  30	  14	  80	  20	  70	 569	980934	982066	   0	 360	
 391	 394	  70	   1	 510	   3	   1	  19	  30	  15	  80	  20	  70	 445	983844	984354	   0	 370	
 392	 395	  20	   2	1302	   2	   1	  19	  31	  15	  80	  20	  70	 511	986156	987458	   0	 360	
 393	 396	  70	   1	 768	   3	   1	  19	  31	  16	  80	  20	  70	 515	989282	990050	   0	 370	
 394	 397	  80	   1	 738	   1	   1	  20	  31	  16	  80	  20	  70	 375	991727	992465	   0	 380	
 395	 398	  70	   2	 742	   3	   1	  20	  31	  17	  80	  20	  70	 403	994171	994913	   0	 370	
 396	 399	  20	   4	 546	   2	   2	  20	  32	  17	  80	  20	  70	 596	996815	997361	   0	 370	
 397	 400	  80	   2	 581	   1	   1	  21	  32	  17	  80	  20	  70	 609	999276	999857	   0	 360	
 398	 401	  20	   3	 614	   2	   2	  21	  33	  17	  80	  20	  70	 603	1001771	1002385	   0	 360	
 399	 402	  80	   1	 737	   1	   1	  22	  33	  17	  80	  20	  70	 324	1004016	1004753	   0	 370	
 400	 403	  20	   4	 672	   2	   2	  22	  34	  17	  80	  20	  70	 532	1006593	1007265	   0	 370	
 401	 404	  80	   1	 406	   1	   1	  23	  34	  17	  80	  20	  70	 370	1008955	1009361	   0	 380	
 402	 405	  20	   4	 752	   2	   2	  23	  35	  17	  80	  20	  70	 564	1011233	1011985	   0	 380	
 403	 406	  80	   1	 599	   1	   1	  24	  35	  17	  80	  20	  70	 698	1013993	1014592	   0	 390	
 404	 407	  80	   3	1184	   2	   2	  24	   1	  17	  80	  80	  70	 365	1016288	1017472	   2	 390	
 405	 408	  80	   1	 568	   1	   1	  25	   1	  17	  80	  80	  70	 690	1019464	1020032	   0	 400	
 406	 409	  80	   1	 513	   2	   1	  25	   2	  17	  80	  80	  70	 427	1021759	1022272	   0	 410	
 407	 410	  80	   1	 469	   1	   1	  26	   2	  17	  80	  80	  70	 599	1024187	1024656	   0	 420	
 408	 411	  80	   1	 384	   2	   1	  26	   3	  17	  80	  80	  70	 459	1026416	1026800	   0	 430	
 409	 412	  80	   2	 452	   1	   1	  27	   3	  17	  80	  80	  70	 332	1028444	1028896	   0	 420	
 410	 413	  80	   2	 346	   2	   1	  27	   4	  17	  80	  80	  70	 596	1030806	1031152	   0	 410	
 411	 414	  80	   1	 401	   1	   1	  28	   4	  17	  80	  80	  70	 647	1033134	1033535	   0	 420	
 412	 415	  80	   1	 382	   2	   1	  28	   5	  17	  80	  80	  70	 489	1035329	1035711	   0	 430	
 413	 416	  80	   1	 480	   1	   1	  29	   5	  17	  80	  80	  70	 376	1037391	1037871	   0	 440	
 414	 417	  70	   1	 586	   3	   1	  29	   5	  18	  80	  80	  70	 490	1039669	1040255	   0	 450	
 415	 418	  80	   1	 478	   2	   1	  29	   6	  18	  80	  80	  70	 533	1042097	1042575	   0	 460	
 416	 419	  80	   1	 629	   1	   1	  30	   6	  18	  80	  80	  70	 551	1044442	1045071	   0	 470	
 417	 420	  80	   1	 310	   2	   1	  30	   7	  18	  80	  80	  70	 585	1046969	1047279	   0	 480	
 418	 421	  70	   1	 822	   3	   1	  30	   7	  19	  80	  80	  70	 472	1049048	1049870	   0	 490	
 419	 422	  80	   1	 516	   2	   1	  30	   8	  19	  80	  80	  70	 454	1051626	1052142	   0	 500	
 420	 423	  30	   4	1070	   1	   2	   1	   8	  19	  30	  80	  70	 432	1053904	1054974	   1	 500	
 421	 424	  70	   1	 576	   3	   1	   1	   8	  20	  30	  80	  70	 521	1056814	1057390	   0	 510	
 422	 425	  80	   2	 553	   2	   1	   1	   9	  20	  30	  80	  70	 425	1059109	1059662	   0	 500	
 423	 426	  30	   3	1078	   1	   2	   2	   9	  20	  30	  80	  70	 337	1061304	1062382	   0	 500	
 424	 427	  70	   3	1063	   3	   2	   2	   9	  21	  30	  80	  70	 560	1064247	1065310	   0	 500	
 425	 428	  80	   1	 677	   2	   1	   2	  10	  21	  30	  80	  70	 621	1067241	1067918	   0	 510	
 426	 429	  30	   3	 619	   1	   2	   3	  10	  21	  30	  80	  70	 407	1069635	1070254	   0	 510	
 427	 430	  70	   2	 496	   3	   1	   3	  10	  22	  30	  80	  70	 438	1071997	1072493	   0	 500	
 428	 431	  80	   2	 631	   2	   1	   3	  11	  22	  30	  80	  70	 561	1074358	1074989	   0	 490	
 429	 432	  70	   4	 545	   3	   2	   3	  11	  23	  30	  80	  70	 338	1076636	1077181	   0	 490	
 430	 433	  80	   1	 476	   2	   1	   3	  12	  23	  30	  80	  70	 380	1078881	1079357	   0	 500	
 431	 434	  70	   1	 412	   3	   1	   3	  12	  24	  30	  80	  70	 318	1080993	1081405	   0	 510	
 432	 435	  80	   1	 495	   2	   1	   3	  13	  24	  30	  80	  70	 310	1083022	1083517	   0	 520	
 433	 436	  70	   1	 483	   3	   1	   3	  13	  25	  30	  80	  70	 635	1085466	1085949	   0	 530	
 434	 437	  30	   4	 789	   1	   2	   4	  13	  25	  30	  80	  70	 671	1087928	1088717	   0	 530	
 435	 438	  70	   1	 508	   3	   1	   4	  13	  26	  30	  80	  70	 663	1090688	1091196	   0	 540	
 436	 439	  30	   4	 515	   1	   2	   5	  13	  26	  30	  80	  70	 531	1093033	1093548	   0	 540	
 437	 440	  70	   1	 633	   3	   1	   5	  13	  27	  30	  80	  70	 570	1095427	1096060	   0	 550	
 438	 441	  80	   1	 696	   2	   1	   5	  14	  27	  30	  80	  70	 608	1097972	1098668	   0	 560	
 439	 442	  70	   2	 603	   3	   1	   5	  14	  28	  30	  80	  70	 457	1100433	1101036	   0	 550	
 440	 443	  30	   4	 397	   1	   2	   6	  14	  28	  30	  80	  70	 587	1102927	1103324	   0	 550	
 441	 444	  80	   3	 616	   2	   2	   6	  15	  28	  30	  80	  70	 497	1105156	1105772	   0	 550	
 442	 445	  30	   3	 744	   1	   2	   7	  15	  28	  30	  80	  70	 633	1107716	1108460	   0	 550	
 443	 446	  80	   1	 694	   2	   1	   7	  16	  28	  30	  80	  70	 520	1110277	1110971	   0	 560	
 444	 447	  30	   4	 841	   1	   2	   8	  16	  28	  30	  80	  70	 434	1112722	1113563	   0	 560	
 445	 448	  80	   1	1444	   2	   1	   8	  17	  28	  30	  80	  70	 530	1115399	1116843	   0	 570	
 446	 449	  30	   4	 831	   1	   2	   9	  17	  28	  30	  80	  70	 314	1118476	1119307	   0	 570	
 447	 450	  70	   1	 753	   3	   1	   9	  17	  29	  30	  80	  70	 346	1120970	1121723	   0	 580	
 448	 451	  30	   4	 591	   1	   2	  10	  17	  29	  30	  80	  70	 519	1123548	1124139	   0	 580	
 449	 452	  80	   2	 571	   2	   1	  10	  18	  29	  30	  80	  70	 330	1125776	1126347	   0	 570	
 450	 453	  70	   1	 674	   3	   1	  10	  18	  30	  30	  80	  70	 484	1128137	1128811	   0	 580	
 451	 454	  80	   1	 691	   2	   1	  10	  19	  30	  30	  80	  70	 480	1130615	1131306	   0	 590	
 452	 455	  30	   3	1269	   1	   2	  11	  19	  30	  30	  80	  70	 481	1133093	1134362	   0	 590	
 453	 456	  80	   1	 643	   2	   1	  11	  20	  30	  30	  80	  70	 459	1136119	1136762	   0	 600	
 454	 457	  70	   1	 732	   3	   1	  11	  20	  31	  30	  80	  70	 336	1138398	1139130	   0	 610	
 455	 458	  30	   4	 576	   1	   2	  12	  20	  31	  30	  80	  70	 390	1140826	1141402	   0	 610	
 456	 459	  70	   1	 924	   3	   1	  12	  20	  32	  30	  80	  70	 366	1143070	1143994	   0	 620	
 457	 460	  30	   2	1125	   1	   1	  13	  20	  32	  30	  80	  70	 491	1145781	1146906	   0	 610	
 458	 461	  80	   1	 708	   2	   1	  13	  21	  32	  30	  80	  70	 548	1148758	1149466	   0	 620	
 459	 462	  70	   1	1024	   3	   1	  13	  21	  33	  30	  80	  70	 625	1151385	1152409	   0	 630	
 460	 463	  30	   3	 391	   1	   2	  14	  21	  33	  30	  80	  70	 445	1154162	1154553	   0	 630	
 461	 464	  80	   1	 543	   2	   1	  14	  22	  33	  30	  80	  70	 611	1156474	1157017	   0	 640	
 462	 465	  30	   4	 743	   1	   2	  15	  22	  33	  30	  80	  70	 481	1158802	1159545	   0	 640	
 463	 466	  70	   2	 683	   3	   1	  15	  22	  34	  30	  80	  70	 396	1161246	1161929	   0	 630	
 464	 467	  80	   1	 625	   2	   1	  15	  23	  34	  30	  80	  70	 395	1163624	1164249	   0	 640	
 465	 468	  70	   1	 598	   3	   1	  15	  23	  35	  30	  80	  70	 468	1166019	1166617	   0	 650	
 466	 469	  30	   2	 580	   1	   1	  16	  23	  35	  30	  80	  70	 655	1168580	1169160	   0	 640	
 467	 470	  80	   1	 571	   2	   1	  16	  24	  35	  30	  80	  70	 459	1170925	1171496	   0	 650	
 468	 471	  30	   1	1964	   1	   1	  17	  24	  35	  30	  80	  70	 629	1173436	1175400	   0	 660	
 469	 472	  50	   2	 945	   3	   1	  17	  24	   1	  30	  80	  50	 363	1177111	1178056	   3	 650	
 470	 473	  30	   4	1411	   1	   2	  18	  24	   1	  30	  80	  50	 653	1180021	1181432	   0	 650	
NaN	 474	  80	NaN	NaN	   2	   3	  18	  24	   1	  30	  80	  50	 634	1180021	NaN	   0	 650	
 471	 475	  30	   2	 735	   1	   1	  19	  24	   1	  30	  80	  50	 652	1187321	1188056	   0	 640	
 472	 476	  50	   3	1217	   3	   2	  19	  24	   2	  30	  80	  50	 420	1189782	1190999	   0	 640	
 473	 477	  80	   2	 660	   2	   1	  19	  25	   2	  30	  80	  50	 347	1192659	1193319	   0	 630	
 474	 478	  50	   4	 734	   3	   2	  19	  25	   3	  30	  80	  50	 320	1194937	1195671	   0	 630	
 475	 479	  80	   1	 577	   2	   1	  19	  26	   3	  30	  80	  50	 401	1197382	1197959	   0	 640	
 476	 480	  30	   4	 794	   1	   2	  20	  26	   3	  30	  80	  50	 426	1199677	1200471	   0	 640	
 477	 481	  50	   4	 679	   3	   2	  20	  26	   4	  30	  80	  50	 502	1202288	1202967	   0	 640	
 478	 482	  80	   1	 600	   2	   1	  20	  27	   4	  30	  80	  50	 527	1204799	1205399	   0	 650	
 479	 483	  50	   3	 913	   3	   2	  20	  27	   5	  30	  80	  50	 410	1207110	1208023	   0	 650	
 480	 484	  80	   1	 556	   2	   1	  20	  28	   5	  30	  80	  50	 424	1209754	1210310	   0	 660	
 481	 485	  30	   4	 824	   1	   2	  21	  28	   5	  30	  80	  50	 340	1211966	1212790	   0	 660	
 482	 486	  80	   2	 520	   2	   1	  21	  29	   5	  30	  80	  50	 409	1214494	1215014	   0	 650	
 483	 487	  50	   3	1107	   3	   2	  21	  29	   6	  30	  80	  50	 417	1216739	1217846	   0	 650	
 484	 488	  80	   1	 649	   2	   1	  21	  30	   6	  30	  80	  50	 397	1219549	1220198	   0	 660	
 485	 489	  30	   3	 880	   1	   2	  22	  30	   6	  30	  80	  50	 394	1221894	1222774	   0	 660	
 486	 490	  50	   3	 944	   3	   2	  22	  30	   7	  30	  80	  50	 360	1224438	1225382	   0	 660	
 487	 491	  30	   3	 840	   1	   2	  23	  30	   7	  30	  80	  50	 485	1227182	1228022	   0	 660	
 488	 492	  50	   1	 477	   3	   1	  23	  30	   8	  30	  80	  50	 675	1229992	1230469	   0	 670	
 489	 493	  20	   3	 983	   2	   2	  23	   1	   8	  30	  20	  50	 455	1232254	1233237	   2	 670	
 490	 494	  50	   2	 745	   3	   1	  23	   1	   9	  30	  20	  50	 613	1235164	1235909	   0	 660	
 491	 495	  30	   4	 692	   1	   2	  24	   1	   9	  30	  20	  50	 606	1237841	1238533	   0	 660	
 492	 496	  20	   2	1237	   2	   1	  24	   2	   9	  30	  20	  50	 528	1240352	1241589	   0	 650	
 493	 497	  50	   2	 596	   3	   1	  24	   2	  10	  30	  20	  50	 455	1243345	1243941	   0	 640	
 494	 498	  30	   4	 687	   1	   2	  25	   2	  10	  30	  20	  50	 313	1245574	1246261	   0	 640	
 495	 499	  50	   1	 798	   3	   1	  25	   2	  11	  30	  20	  50	 585	1248151	1248949	   0	 650	
 496	 500	  30	   4	 663	   1	   2	  26	   2	  11	  30	  20	  50	 573	1250829	1251492	   0	 650	
 497	 501	  50	   2	 646	   3	   1	  26	   2	  12	  30	  20	  50	 590	1253390	1254036	   0	 640	
 498	 502	  20	   4	 624	   2	   2	  26	   3	  12	  30	  20	  50	 337	1255684	1256308	   0	 640	
 499	 503	  30	   4	 599	   1	   2	  27	   3	  12	  30	  20	  50	 424	1258029	1258628	   0	 640	
 500	 504	  50	   3	 454	   3	   2	  27	   3	  13	  30	  20	  50	 649	1260590	1261044	   0	 640	
 501	 505	  30	   3	 520	   1	   2	  28	   3	  13	  30	  20	  50	 698	1263068	1263588	   0	 640	
 502	 506	  20	   3	 801	   2	   2	  28	   4	  13	  30	  20	  50	 471	1265363	1266164	   0	 640	
 503	 507	  50	   1	 989	   3	   1	  28	   4	  14	  30	  20	  50	 513	1267990	1268979	   0	 650	
 504	 508	  20	   2	 556	   2	   1	  28	   5	  14	  30	  20	  50	 698	1270983	1271539	   0	 640	
 505	 509	  50	   2	 662	   3	   1	  28	   5	  15	  30	  20	  50	 404	1273245	1273907	   0	 630	
 506	 510	  30	   4	 646	   1	   2	  29	   5	  15	  30	  20	  50	 571	1275789	1276435	   0	 630	
 507	 511	  50	   2	 384	   3	   1	  29	   5	  16	  30	  20	  50	 311	1278051	1278435	   0	 620	
 508	 512	  30	   4	 648	   1	   2	  30	   5	  16	  30	  20	  50	 641	1280379	1281027	   0	 620	
 509	 513	  20	   2	 424	   2	   1	  30	   6	  16	  30	  20	  50	 585	1282923	1283347	   0	 610	
 510	 514	  30	   4	 630	   1	   2	  31	   6	  16	  30	  20	  50	 433	1285085	1285715	   0	 610	
 511	 515	  50	   1	 493	   3	   1	  31	   6	  17	  30	  20	  50	 371	1287413	1287906	   0	 620	
 512	 516	  30	   4	 616	   1	   2	  32	   6	  17	  30	  20	  50	 436	1289642	1290258	   0	 620	
 513	 517	  20	   4	 523	   2	   2	  32	   7	  17	  30	  20	  50	 544	1292103	1292626	   0	 620	
 514	 518	  50	   2	 767	   3	   1	  32	   7	  18	  30	  20	  50	 603	1294531	1295298	   0	 610	
 515	 519	  20	   2	 822	   2	   1	  32	   8	  18	  30	  20	  50	 700	1297308	1298130	   0	 600	
 516	 520	  30	   4	 592	   1	   2	  33	   8	  18	  30	  20	  50	 572	1300002	1300594	   0	 600	
 517	 521	  20	   4	 856	   2	   2	  33	   9	  18	  30	  20	  50	 460	1302346	1303202	   0	 600	
 518	 522	  50	   3	 588	   3	   2	  33	   9	  19	  30	  20	  50	 690	1305190	1305778	   0	 600	
 519	 523	  80	   2	1237	   1	   1	   1	   9	  19	  80	  20	  50	 349	1307468	1308705	   1	 590	
 520	 524	  50	   4	 576	   3	   2	   1	   9	  20	  80	  20	  50	 541	1310545	1311121	   0	 590	
 521	 525	  80	   3	 586	   1	   2	   2	   9	  20	  80	  20	  50	 385	1312823	1313409	   0	 590	
 522	 526	  50	   4	 668	   3	   2	   2	   9	  21	  80	  20	  50	 595	1315317	1315985	   0	 590	
 523	 527	  80	   3	 588	   1	   2	   3	   9	  21	  80	  20	  50	 561	1317845	1318433	   0	 590	
 524	 528	  50	   4	 559	   3	   2	   3	   9	  22	  80	  20	  50	 563	1320306	1320865	   0	 590	
 525	 529	  80	   2	 412	   1	   1	   4	   9	  22	  80	  20	  50	 337	1322501	1322913	   0	 580	
 526	 530	  50	   3	 737	   3	   2	   4	   9	  23	  80	  20	  50	 634	1324863	1325600	   0	 580	
 527	 531	  80	   3	 554	   1	   2	   5	   9	  23	  80	  20	  50	 680	1327590	1328144	   0	 580	
 528	 532	  50	   3	 753	   3	   2	   5	   9	  24	  80	  20	  50	 500	1329951	1330704	   0	 580	
 529	 533	  80	   1	 538	   1	   1	   6	   9	  24	  80	  20	  50	 677	1332678	1333216	   0	 590	
 530	 534	  20	   4	 854	   2	   2	   6	  10	  24	  80	  20	  50	 375	1334890	1335744	   0	 590	
 531	 535	  50	   3	1110	   3	   2	   6	  10	  25	  80	  20	  50	 348	1337418	1338528	   0	 590	
 532	 536	  20	   4	1310	   2	   2	   6	  11	  25	  80	  20	  50	 336	1340178	1341488	   0	 590	
 533	 537	  80	   1	 510	   1	   1	   7	  11	  25	  80	  20	  50	 341	1343138	1343648	   0	 600	
 534	 538	  50	   3	 792	   3	   2	   7	  11	  26	  80	  20	  50	 474	1345416	1346208	   0	 600	
 535	 539	  20	   4	 609	   2	   2	   7	  12	  26	  80	  20	  50	 600	1348110	1348719	   0	 600	
 536	 540	  50	   4	 623	   3	   2	   7	  12	  27	  80	  20	  50	 677	1350688	1351311	   0	 600	
 537	 541	  20	   4	 818	   2	   2	   7	  13	  27	  80	  20	  50	 532	1353149	1353967	   0	 600	
 538	 542	  50	   4	 717	   3	   2	   7	  13	  28	  80	  20	  50	 531	1355810	1356527	   0	 600	
 539	 543	  20	   3	 621	   2	   2	   7	  14	  28	  80	  20	  50	 514	1358354	1358975	   0	 600	
 540	 544	  80	   3	1005	   1	   2	   8	  14	  28	  80	  20	  50	 618	1360898	1361903	   0	 600	
 541	 545	  20	   4	 717	   2	   2	   8	  15	  28	  80	  20	  50	 624	1363842	1364559	   0	 600	
 542	 546	  50	   3	 679	   3	   2	   8	  15	  29	  80	  20	  50	 659	1366519	1367198	   0	 600	
 543	 547	  20	   3	 630	   2	   2	   8	  16	  29	  80	  20	  50	 572	1369080	1369710	   0	 600	
 544	 548	  80	   1	1176	   1	   1	   9	  16	  29	  80	  20	  50	 529	1371558	1372734	   0	 610	
 545	 549	  50	   4	1190	   3	   2	   9	  16	  30	  80	  20	  50	 542	1374584	1375774	   0	 610	
 546	 550	  20	   4	 524	   2	   2	   9	  17	  30	  80	  20	  50	 305	1377378	1377902	   0	 610	
 547	 551	  80	   1	 530	   1	   1	  10	  17	  30	  80	  20	  50	 560	1379756	1380286	   0	 620	
 548	 552	  20	   4	 697	   2	   2	  10	  18	  30	  80	  20	  50	 526	1382117	1382814	   0	 620	
 549	 553	  80	   1	 702	   1	   1	  11	  18	  30	  80	  20	  50	 354	1384479	1385181	   0	 630	
 550	 554	  50	   3	 752	   3	   2	  11	  18	  31	  80	  20	  50	 480	1386973	1387725	   0	 630	
 551	 555	  20	   4	 681	   2	   2	  11	  19	  31	  80	  20	  50	 631	1389684	1390365	   0	 630	
 552	 556	  50	   4	1835	   3	   2	  11	  19	  32	  80	  20	  50	 508	1392178	1394013	   0	 630	
 553	 557	  80	   1	1372	   1	   1	  12	  19	  32	  80	  20	  50	 641	1395953	1397325	   0	 640	
 554	 558	  50	   4	 781	   3	   2	  12	  19	  33	  80	  20	  50	 685	1399312	1400093	   0	 640	
 555	 559	  80	   1	 774	   1	   1	  13	  19	  33	  80	  20	  50	 614	1402023	1402797	   0	 650	
 556	 560	  30	   2	1213	   3	   1	  13	  19	   1	  80	  20	  30	 632	1404767	1405980	   3	 640	
 557	 561	  80	   2	 664	   1	   1	  14	  19	   1	  80	  20	  30	 574	1407860	1408524	   0	 630	
 558	 562	  20	   4	 791	   2	   2	  14	  20	   1	  80	  20	  30	 582	1410421	1411212	   0	 630	
 559	 563	  30	   2	 697	   3	   1	  14	  20	   2	  80	  20	  30	 409	1412915	1413612	   0	 620	
 560	 564	  20	   4	 865	   2	   2	  14	  21	   2	  80	  20	  30	 327	1415243	1416108	   0	 620	
 561	 565	  80	   1	 863	   1	   1	  15	  21	   2	  80	  20	  30	 386	1417821	1418684	   0	 630	
 562	 566	  20	   3	 992	   2	   2	  15	  22	   2	  80	  20	  30	 333	1420332	1421324	   0	 630	
 563	 567	  80	   2	 783	   1	   1	  16	  22	   2	  80	  20	  30	 699	1423325	1424108	   0	 620	
 564	 568	  30	   4	 399	   3	   2	  16	  22	   3	  80	  20	  30	 416	1425836	1426235	   0	 620	
 565	 569	  20	   4	 781	   2	   2	  16	  23	   3	  80	  20	  30	 455	1427998	1428779	   0	 620	
 566	 570	  80	   1	 550	   1	   1	  17	  23	   3	  80	  20	  30	 638	1430725	1431275	   0	 630	
 567	 571	  20	   4	 774	   2	   2	  17	  24	   3	  80	  20	  30	 686	1433269	1434043	   0	 630	
 568	 572	  80	   1	 667	   1	   1	  18	  24	   3	  80	  20	  30	 323	1435664	1436331	   0	 640	
 569	 573	  30	   4	 401	   3	   2	  18	  24	   4	  80	  20	  30	 410	1438042	1438443	   0	 640	
 570	 574	  20	   4	 736	   2	   2	  18	  25	   4	  80	  20	  30	 436	1440187	1440923	   0	 640	
 571	 575	  30	   3	1224	   3	   2	  18	  25	   5	  80	  20	  30	 693	1442931	1444155	   0	 640	
 572	 576	  20	   4	 706	   2	   2	  18	  26	   5	  80	  20	  30	 563	1446024	1446730	   0	 640	
 573	 577	  80	   1	1116	   1	   1	  19	  26	   5	  80	  20	  30	 690	1448718	1449834	   0	 650	
 574	 578	  20	   4	 772	   2	   2	  19	  27	   5	  80	  20	  30	 324	1451462	1452234	   0	 650	
 575	 579	  30	   4	 873	   3	   2	  19	  27	   6	  80	  20	  30	 318	1453857	1454730	   0	 650	
 576	 580	  20	   3	 576	   2	   2	  19	  28	   6	  80	  20	  30	 600	1456634	1457210	   0	 650	
 577	 581	  80	   1	1497	   1	   1	  20	  28	   6	  80	  20	  30	 435	1458945	1460442	   0	 660	
 578	 582	  20	   4	 575	   2	   2	  20	  29	   6	  80	  20	  30	 403	1462155	1462730	   0	 660	
 579	 583	  30	   3	1246	   3	   2	  20	  29	   7	  80	  20	  30	 668	1464699	1465945	   0	 660	
 580	 584	  20	   4	 546	   2	   2	  20	  30	   7	  80	  20	  30	 309	1467559	1468105	   0	 660	
 581	 585	  30	   4	 615	   3	   2	  20	  30	   8	  80	  20	  30	 538	1469970	1470585	   0	 660	
 582	 586	  80	   1	 696	   1	   1	  21	  30	   8	  80	  20	  30	 591	1472481	1473177	   0	 670	
 583	 587	  30	   4	 569	   3	   2	  21	  30	   9	  80	  20	  30	 493	1474976	1475545	   0	 670	
 584	 588	  80	   2	 633	   1	   1	  22	  30	   9	  80	  20	  30	 664	1477520	1478153	   0	 660	
 585	 589	  20	   4	 503	   2	   2	  22	  31	   9	  80	  20	  30	 659	1480114	1480617	   0	 660	
 586	 590	  30	   3	 714	   3	   2	  22	  31	  10	  80	  20	  30	 635	1482559	1483273	   0	 660	
 587	 591	  80	   1	 694	   1	   1	  23	  31	  10	  80	  20	  30	 608	1485186	1485880	   0	 670	
 588	 592	  20	   4	 748	   2	   2	  23	  32	  10	  80	  20	  30	 363	1487564	1488312	   0	 670	
 589	 593	  80	   1	 665	   1	   1	  24	  32	  10	  80	  20	  30	 547	1490175	1490840	   0	 680	
 590	 594	  20	   4	 662	   2	   2	  24	  33	  10	  80	  20	  30	 638	1492786	1493448	   0	 680	
 591	 595	  80	   1	 633	   1	   1	  25	  33	  10	  80	  20	  30	 464	1495247	1495880	   0	 690	
 592	 596	  30	   4	 994	   3	   2	  25	  33	  11	  80	  20	  30	 377	1497558	1498552	   0	 690	
 593	 597	  80	   1	 697	   1	   1	  26	  33	  11	  80	  20	  30	 461	1500319	1501016	   0	 700	
 594	 598	  20	   4	 735	   2	   2	  26	  34	  11	  80	  20	  30	 330	1502664	1503399	   0	 700	
 595	 599	  80	   1	 443	   1	   1	  27	  34	  11	  80	  20	  30	 604	1505308	1505751	   0	 710	
 596	 600	  30	   4	 662	   3	   2	  27	  34	  12	  80	  20	  30	 506	1507553	1508215	   0	 710	
 597	 601	  80	   2	 486	   1	   1	  28	  34	  12	  80	  20	  30	 563	1510097	1510583	   0	 700	
 598	 602	  20	   4	 494	   2	   2	  28	  35	  12	  80	  20	  30	 537	1512425	1512919	   0	 700	
 599	 603	  30	   4	 705	   3	   2	  28	  35	  13	  80	  20	  30	 655	1514870	1515575	   0	 700	
 600	 604	  70	   1	 995	   2	   1	  28	   1	  13	  80	  70	  30	 450	1517364	1518359	   2	 710	
 601	 605	  30	   4	 605	   3	   2	  28	   1	  14	  80	  70	  30	 372	1520058	1520663	   0	 710	
 602	 606	  70	   1	 416	   2	   1	  28	   2	  14	  80	  70	  30	 536	1522503	1522919	   0	 720	
 603	 607	  30	   3	 531	   3	   2	  28	   2	  15	  80	  70	  30	 302	1524531	1525062	   0	 720	
 604	 608	  70	   1	 347	   2	   1	  28	   3	  15	  80	  70	  30	 477	1526843	1527190	   0	 730	
 605	 609	  30	   4	 399	   3	   2	  28	   3	  16	  80	  70	  30	 352	1528855	1529254	   0	 730	
 606	 610	  80	   1	 457	   1	   1	  29	   3	  16	  80	  70	  30	 570	1531133	1531590	   0	 740	
 607	 611	  70	   1	 553	   2	   1	  29	   4	  16	  80	  70	  30	 351	1533245	1533798	   0	 750	
 608	 612	  30	   4	 643	   3	   2	  29	   4	  17	  80	  70	  30	 397	1535507	1536150	   0	 750	
 609	 613	  70	   2	 492	   2	   1	  29	   5	  17	  80	  70	  30	 347	1537802	1538294	   0	 740	
 610	 614	  80	   1	 473	   1	   1	  30	   5	  17	  80	  70	  30	 428	1540013	1540486	   0	 750	
 611	 615	  70	   1	 598	   2	   1	  30	   6	  17	  80	  70	  30	 389	1542192	1542790	   0	 760	
 612	 616	  30	   4	 550	   3	   2	  30	   6	  18	  80	  70	  30	 603	1544703	1545253	   0	 760	
 613	 617	  50	   4	1028	   1	   2	   1	   6	  18	  50	  70	  30	 305	1546881	1547909	   1	 760	
 614	 618	  30	   3	 697	   3	   2	   1	   6	  19	  50	  70	  30	 484	1549708	1550405	   0	 760	
 615	 619	  70	   2	 680	   2	   1	   1	   7	  19	  50	  70	  30	 558	1552269	1552949	   0	 750	
 616	 620	  30	   3	 527	   3	   2	   1	   7	  20	  50	  70	  30	 377	1554630	1555157	   0	 750	
 617	 621	  70	   1	1109	   2	   1	   1	   8	  20	  50	  70	  30	 538	1556992	1558101	   0	 760	
 618	 622	  50	   4	 670	   1	   2	   2	   8	  20	  50	  70	  30	 320	1559719	1560389	   0	 760	
 619	 623	  70	   1	 737	   2	   1	   2	   9	  20	  50	  70	  30	 446	1562147	1562884	   0	 770	
 620	 624	  50	   4	1073	   1	   2	   3	   9	  20	  50	  70	  30	 489	1564675	1565748	   0	 770	
 621	 625	  30	   3	 739	   3	   2	   3	   9	  21	  50	  70	  30	 513	1567585	1568324	   0	 770	
 622	 626	  70	   2	 478	   2	   1	   3	  10	  21	  50	  70	  30	 629	1570262	1570740	   0	 760	
 623	 627	  50	   3	 571	   1	   2	   4	  10	  21	  50	  70	  30	 410	1572457	1573028	   0	 760	
 624	 628	  30	   4	 866	   3	   2	   4	  10	  22	  50	  70	  30	 464	1574802	1575668	   0	 760	
 625	 629	  50	   1	 998	   1	   1	   5	  10	  22	  50	  70	  30	 684	1577662	1578660	   0	 770	
 626	 630	  70	   1	 650	   2	   1	   5	  11	  22	  50	  70	  30	 550	1580522	1581172	   0	 780	
 627	 631	  30	   4	 649	   3	   2	   5	  11	  23	  50	  70	  30	 570	1583050	1583699	   0	 780	
 628	 632	  50	   4	 578	   1	   2	   6	  11	  23	  50	  70	  30	 330	1585345	1585923	   0	 780	
 629	 633	  70	   1	 562	   2	   1	   6	  12	  23	  50	  70	  30	 645	1587889	1588451	   0	 790	
 630	 634	  30	   4	 679	   3	   2	   6	  12	  24	  50	  70	  30	 541	1590300	1590979	   0	 790	
 631	 635	  50	   3	 661	   1	   2	   7	  12	  24	  50	  70	  30	 568	1592878	1593539	   0	 790	
 632	 636	  30	   4	 566	   3	   2	   7	  12	  25	  50	  70	  30	 543	1595389	1595955	   0	 790	
 633	 637	  50	   3	 732	   1	   2	   8	  12	  25	  50	  70	  30	 511	1597767	1598499	   0	 790	
 634	 638	  30	   4	 748	   3	   2	   8	  12	  26	  50	  70	  30	 484	1600295	1601043	   0	 790	
 635	 639	  70	   1	 570	   2	   1	   8	  13	  26	  50	  70	  30	 496	1602856	1603426	   0	 800	
 636	 640	  50	   3	 706	   1	   2	   9	  13	  26	  50	  70	  30	 450	1605184	1605890	   0	 800	
 637	 641	  70	   1	 662	   2	   1	   9	  14	  26	  50	  70	  30	 424	1607612	1608274	   0	 810	
 638	 642	  30	   3	 628	   3	   2	   9	  14	  27	  50	  70	  30	 630	1610222	1610850	   0	 810	
 639	 643	  50	   4	 488	   1	   2	  10	  14	  27	  50	  70	  30	 483	1612650	1613138	   0	 810	
 640	 644	  70	   2	 578	   2	   1	  10	  15	  27	  50	  70	  30	 493	1614928	1615506	   0	 800	
 641	 645	  30	   4	 744	   3	   2	  10	  15	  28	  50	  70	  30	 468	1617306	1618050	   0	 800	
 642	 646	  70	   1	 643	   2	   1	  10	  16	  28	  50	  70	  30	 617	1619967	1620610	   0	 810	
 643	 647	  50	   3	 556	   1	   2	  11	  16	  28	  50	  70	  30	 324	1622229	1622785	   0	 810	
 644	 648	  30	   4	 561	   3	   2	  11	  16	  29	  50	  70	  30	 561	1624640	1625201	   0	 810	
 645	 649	  50	   2	 451	   1	   1	  12	  16	  29	  50	  70	  30	 612	1627134	1627585	   0	 800	
 646	 650	  30	   3	 570	   3	   2	  12	  16	  30	  50	  70	  30	 576	1629463	1630033	   0	 800	
 647	 651	  70	   1	 485	   2	   1	  12	  17	  30	  50	  70	  30	 362	1631708	1632193	   0	 810	
 648	 652	  30	   4	 559	   3	   2	  12	  17	   1	  50	  70	  30	 492	1633986	1634545	   0	 810	
 649	 653	  50	   4	 794	   1	   2	  13	  17	   1	  50	  70	  30	 393	1636231	1637025	   0	 810	
 650	 654	  70	   1	 421	   2	   1	  13	  18	   1	  50	  70	  30	 569	1638908	1639329	   0	 820	
 651	 655	  50	   3	 674	   1	   2	  14	  18	   1	  50	  70	  30	 424	1641070	1641744	   0	 820	
 652	 656	  70	   2	 721	   2	   1	  14	  19	   1	  50	  70	  30	 605	1643647	1644368	   0	 810	
 653	 657	  30	   4	 607	   3	   2	  14	  19	   2	  50	  70	  30	 555	1646225	1646832	   0	 810	
 654	 658	  50	   3	 532	   1	   2	  15	  19	   2	  50	  70	  30	 501	1648636	1649168	   0	 810	
 655	 659	  30	   4	 666	   3	   2	  15	  19	   3	  50	  70	  30	 527	1650998	1651664	   0	 810	
 656	 660	  70	   2	 560	   2	   1	  15	  20	   3	  50	  70	  30	 416	1653392	1653952	   0	 800	
 657	 661	  30	   4	 564	   3	   2	  15	  20	   4	  50	  70	  30	 575	1655820	1656384	   0	 800	
 658	 662	  70	   2	 748	   2	   1	  15	  21	   4	  50	  70	  30	 436	1658132	1658880	   0	 790	
 659	 663	  30	   3	 718	   3	   2	  15	  21	   5	  50	  70	  30	 419	1660609	1661327	   0	 790	
 660	 664	  70	   1	 748	   2	   1	  15	  22	   5	  50	  70	  30	 555	1663187	1663935	   0	 800	
 661	 665	  50	   4	 524	   1	   2	  16	  22	   5	  50	  70	  30	 453	1665715	1666239	   0	 800	
 662	 666	  30	   4	 686	   3	   2	  16	  22	   6	  50	  70	  30	 664	1668209	1668895	   0	 800	
 663	 667	  70	   1	 498	   2	   1	  16	  23	   6	  50	  70	  30	 451	1670653	1671151	   0	 810	
 664	 668	  30	   3	 631	   3	   2	  16	  23	   7	  50	  70	  30	 585	1673048	1673679	   0	 810	
 665	 669	  50	   3	 382	   1	   2	  17	  23	   7	  50	  70	  30	 413	1675409	1675791	   0	 810	
 666	 670	  70	   1	1311	   2	   1	  17	  24	   7	  50	  70	  30	 383	1677488	1678799	   0	 820	
 667	 671	  50	   4	 603	   1	   2	  18	  24	   7	  50	  70	  30	 413	1680531	1681134	   0	 820	
 668	 672	  30	   4	 714	   3	   2	  18	  24	   8	  50	  70	  30	 652	1683092	1683806	   0	 820	
 669	 673	  70	   1	 863	   2	   1	  18	  25	   8	  50	  70	  30	 368	1685487	1686350	   0	 830	
 670	 674	  30	   4	 791	   3	   2	  18	  25	   9	  50	  70	  30	 580	1688247	1689038	   0	 830	
 671	 675	  50	   3	1186	   1	   2	  19	  25	   9	  50	  70	  30	 549	1690908	1692094	   0	 830	
 672	 676	  70	   1	 813	   2	   1	  19	  26	   9	  50	  70	  30	 600	1694001	1694814	   0	 840	
 673	 677	  30	   3	 444	   3	   2	  19	  26	  10	  50	  70	  30	 430	1696562	1697006	   0	 840	
 674	 678	  50	   2	 361	   1	   1	  20	  26	  10	  50	  70	  30	 441	1698740	1699101	   0	 830	
 675	 679	  70	   2	 612	   2	   1	  20	  27	  10	  50	  70	  30	 560	1700969	1701581	   0	 820	
 676	 680	  50	   3	 733	   1	   2	  21	  27	  10	  50	  70	  30	 394	1703280	1704013	   0	 820	
 677	 681	  30	   4	 694	   3	   2	  21	  27	  11	  50	  70	  30	 674	1705991	1706685	   0	 820	
 678	 682	  50	   3	 741	   1	   2	  22	  27	  11	  50	  70	  30	 550	1708552	1709293	   0	 820	
 679	 683	  30	   4	 787	   3	   2	  22	  27	  12	  50	  70	  30	 559	1711146	1711933	   0	 820	
 680	 684	  50	   3	 683	   1	   2	  23	  27	  12	  50	  70	  30	 677	1713906	1714589	   0	 820	
 681	 685	  70	   1	 653	   2	   1	  23	  28	  12	  50	  70	  30	 454	1716368	1717021	   0	 830	
 682	 686	  50	   2	 831	   1	   1	  24	  28	  12	  50	  70	  30	 521	1718845	1719676	   0	 820	
 683	 687	  70	   1	 665	   2	   1	  24	  29	  12	  50	  70	  30	 555	1721539	1722204	   0	 830	
 684	 688	  50	   2	 413	   1	   1	  25	  29	  12	  50	  70	  30	 455	1723967	1724380	   0	 820	
 685	 689	  30	   4	1228	   3	   2	  25	  29	  13	  50	  70	  30	 416	1726112	1727340	   0	 820	
 686	 690	  50	   4	 578	   1	   2	  26	  29	  13	  50	  70	  30	 673	1729322	1729900	   0	 820	
 687	 691	  30	   4	1843	   3	   2	  26	  29	  14	  50	  70	  30	 623	1731833	1733676	   0	 820	
 688	 692	  70	   2	 542	   2	   1	  26	  30	  14	  50	  70	  30	 374	1735358	1735900	   0	 810	
 689	 693	  30	   3	 647	   3	   2	  26	  30	  15	  50	  70	  30	 434	1737637	1738284	   0	 810	
 690	 694	  50	   2	 490	   1	   1	  27	  30	  15	  50	  70	  30	 483	1740081	1740571	   0	 800	
 691	 695	  70	   1	 561	   2	   1	  27	  31	  15	  50	  70	  30	 535	1742426	1742987	   0	 810	
 692	 696	  30	   4	 658	   3	   2	  27	  31	  16	  50	  70	  30	 629	1744937	1745595	   0	 810	
 693	 697	  50	   3	 395	   1	   2	  28	  31	  16	  50	  70	  30	 343	1747232	1747627	   0	 810	
 694	 698	  30	   4	 678	   3	   2	  28	  31	  17	  50	  70	  30	 551	1749493	1750171	   0	 810	
 695	 699	  50	   4	1426	   1	   2	  29	  31	  17	  50	  70	  30	 644	1752121	1753547	   0	 810	
 696	 700	  30	   4	 596	   3	   2	  29	  31	  18	  50	  70	  30	 592	1755447	1756043	   0	 810	
 697	 701	  70	   1	 623	   2	   1	  29	  32	  18	  50	  70	  30	 349	1757708	1758331	   0	 820	
 698	 702	  30	   3	 805	   3	   2	  29	  32	  19	  50	  70	  30	 418	1760053	1760858	   0	 820	
 699	 703	  50	   3	 432	   1	   2	  30	  32	  19	  50	  70	  30	 549	1762714	1763146	   0	 820	
 700	 704	  30	   3	 523	   3	   2	  30	  32	  20	  50	  70	  30	 504	1764959	1765482	   0	 820	
 701	 705	  50	   4	 575	   1	   2	  31	  32	  20	  50	  70	  30	 608	1767403	1767978	   0	 820	
 702	 706	  70	   1	 694	   2	   1	  31	  33	  20	  50	  70	  30	 494	1769764	1770458	   0	 830	
 703	 707	  50	   4	 512	   1	   2	  32	  33	  20	  50	  70	  30	 674	1772442	1772954	   0	 830	
 704	 708	  30	   3	 550	   3	   2	  32	  33	  21	  50	  70	  30	 553	1774820	1775370	   0	 830	
 705	 709	  50	   3	 560	   1	   2	  33	  33	  21	  50	  70	  30	 393	1777065	1777625	   0	 830	
 706	 710	  30	   4	 433	   3	   2	  33	  33	  22	  50	  70	  30	 651	1779592	1780025	   0	 830	
 707	 711	  70	   2	1465	   2	   1	  33	  34	  22	  50	  70	  30	 590	1781920	1783385	   0	 820	
 708	 712	  50	   4	1035	   1	   2	   1	  34	  22	  50	  70	  30	 540	1785230	1786265	   0	 820	
 709	 713	  70	   1	 706	   2	   1	   1	  35	  22	  50	  70	  30	 429	1788007	1788713	   0	 830	
 710	 714	  50	   4	 582	   1	   2	   2	  35	  22	  50	  70	  30	 422	1790435	1791017	   0	 830	
 711	 715	  30	   4	 698	   3	   2	   2	  35	  23	  50	  70	  30	 515	1792863	1793561	   0	 830	
 712	 716	  50	   4	 646	   1	   2	   3	  35	  23	  50	  70	  30	 655	1795523	1796169	   0	 830	
 713	 717	  30	   4	1173	   3	   2	   3	  35	  24	  50	  70	  30	 562	1798051	1799224	   0	 830	
NaN	 718	  50	NaN	NaN	   1	   3	   3	  35	  24	  50	  70	  30	 492	1798051	NaN	   0	 830	
 714	 719	  70	   1	 518	   2	   1	   3	   1	  24	  50	  70	  30	 515	1804802	1805320	   0	 840	
