Version: 1	Number of symbols: 3	Pictures exchange: true	Response Deadline: 2000
Trial_No	Virt_Trial_No	Prob_Shown	Feedback	RT	Stimulus_No	Resp	SymbolA_Stage	SymbolB_Stage	SymbolC_Stage	Prob_A	Prob_B	Prob_C	Jitter	StimOnset	RespOnset	Symbol_Changes	Bonus_sum
   1	   1	  30	   4	1172	   1	   2	   1	   0	   0	  30	  70	  50	 306	1483	2655	   0	   0	
   2	   2	  50	   4	 656	   3	   2	   1	   0	   1	  30	  70	  50	 427	4383	5039	   0	   0	
   3	   3	  30	   4	 432	   1	   2	   2	   0	   1	  30	  70	  50	 439	6783	7215	   0	   0	
   4	   4	  50	   3	 564	   3	   2	   2	   0	   2	  30	  70	  50	 567	9083	9647	   0	   0	
   5	   5	  70	   3	1129	   2	   2	   2	   1	   2	  30	  70	  50	 394	11333	12462	   0	   0	
   6	   6	  30	   4	 630	   1	   2	   3	   1	   2	  30	  70	  50	 459	14216	14846	   0	   0	
   7	   7	  50	   4	 619	   3	   2	   3	   1	   3	  30	  70	  50	 353	16499	17118	   0	   0	
   8	   8	  70	   3	 720	   2	   2	   3	   2	   3	  30	  70	  50	 360	18782	19502	   0	   0	
   9	   9	  50	   4	 598	   3	   2	   3	   2	   4	  30	  70	  50	 610	21416	22014	   0	   0	
  10	  10	  30	   3	 560	   1	   2	   4	   2	   4	  30	  70	  50	 667	23982	24542	   0	   0	
  11	  11	  50	   3	 543	   3	   2	   4	   2	   5	  30	  70	  50	 534	26399	26942	   0	   0	
  12	  12	  70	   1	 447	   2	   1	   4	   3	   5	  30	  70	  50	 559	28799	29246	   0	  10	
  13	  13	  50	   4	 556	   3	   2	   4	   3	   6	  30	  70	  50	 336	30882	31438	   0	  10	
  14	  14	  70	   4	 593	   2	   2	   4	   4	   6	  30	  70	  50	 399	33149	33742	   0	  10	
  15	  15	  50	   1	 759	   3	   1	   4	   4	   7	  30	  70	  50	 368	35415	36174	   0	  20	
  16	  16	  30	   3	 481	   1	   2	   5	   4	   7	  30	  70	  50	 490	37965	38446	   0	  20	
  17	  17	  70	   2	 695	   2	   1	   5	   5	   7	  30	  70	  50	 474	40215	40910	   0	  10	
  18	  18	  50	   3	 951	   3	   2	   5	   5	   8	  30	  70	  50	 400	42615	43566	   0	  10	
  19	  19	  70	   1	 518	   2	   1	   5	   6	   8	  30	  70	  50	 550	45432	45950	   0	  20	
  20	  20	  30	   4	 647	   1	   2	   6	   6	   8	  30	  70	  50	 564	47815	48462	   0	  20	
  21	  21	  50	   2	1268	   3	   1	   6	   6	   9	  30	  70	  50	 538	50298	51566	   0	  10	
  22	  22	  30	   4	 690	   1	   2	   7	   6	   9	  30	  70	  50	 676	53548	54238	   0	  10	
  23	  23	  50	   3	 710	   3	   2	   7	   6	  10	  30	  70	  50	 311	55848	56558	   0	  10	
  24	  24	  30	   4	 841	   1	   2	   8	   6	  10	  30	  70	  50	 692	58548	59389	   0	  10	
  25	  25	  70	   1	 441	   2	   1	   8	   7	  10	  30	  70	  50	 633	61332	61773	   0	  20	
  26	  26	  50	   1	 804	   3	   1	   8	   7	  11	  30	  70	  50	 403	63481	64285	   0	  30	
  27	  27	  30	   4	 398	   1	   2	   9	   7	  11	  30	  70	  50	 426	66015	66413	   0	  30	
  28	  28	  50	   4	 762	   3	   2	   9	   7	  12	  30	  70	  50	 412	68115	68877	   0	  30	
  29	  29	  70	   1	 593	   2	   1	   9	   8	  12	  30	  70	  50	 568	70748	71341	   0	  40	
  30	  30	  50	   3	 924	   3	   2	   9	   8	  13	  30	  70	  50	 625	73265	74189	   0	  40	
  31	  31	  70	   1	 817	   2	   1	   9	   9	  13	  30	  70	  50	 450	75948	76765	   0	  50	
  32	  32	  50	   1	 499	   3	   1	   9	   9	  14	  30	  70	  50	 644	78714	79213	   0	  60	
  33	  33	  30	   3	 435	   1	   2	  10	   9	  14	  30	  70	  50	 606	81114	81549	   0	  60	
  34	  34	  70	   4	 849	   2	   2	  10	  10	  14	  30	  70	  50	 688	83548	84397	   0	  60	
  35	  35	  30	   4	 697	   1	   2	  11	  10	  14	  30	  70	  50	 448	86148	86845	   0	  60	
  36	  36	  70	   1	1309	   2	   1	  11	  11	  14	  30	  70	  50	 308	88448	89757	   0	  70	
  37	  37	  50	   4	 773	   3	   2	  11	  11	  15	  30	  70	  50	 396	91448	92221	   0	  70	
  38	  38	  30	   3	 496	   1	   2	  12	  11	  15	  30	  70	  50	 478	93997	94493	   0	  70	
  39	  39	  70	   2	1140	   2	   1	  12	  12	  15	  30	  70	  50	 499	96297	97437	   0	  60	
  40	  40	  30	   4	1781	   1	   2	  13	  12	  15	  30	  70	  50	 316	99064	100845	   0	  60	
  41	  41	  50	   1	 794	   3	   1	  13	  12	  16	  30	  70	  50	 357	102514	103308	   0	  70	
  42	  42	  70	   1	 709	   2	   1	  13	  13	  16	  30	  70	  50	 427	105031	105740	   0	  80	
  43	  43	  30	   4	 632	   1	   2	  14	  13	  16	  30	  70	  50	 345	107380	108012	   0	  80	
  44	  44	  70	   1	 778	   2	   1	  14	  14	  16	  30	  70	  50	 428	109730	110508	   0	  90	
  45	  45	  50	   2	 552	   3	   1	  14	  14	  17	  30	  70	  50	 352	112164	112716	   0	  80	
  46	  46	  30	   4	 586	   1	   2	  15	  14	  17	  30	  70	  50	 512	114530	115116	   0	  80	
  47	  47	  70	   1	 674	   2	   1	  15	  15	  17	  30	  70	  50	 696	117114	117788	   0	  90	
  48	  48	  30	   3	 580	   1	   2	  16	  15	  17	  30	  70	  50	 374	119464	120044	   0	  90	
  49	  49	  70	   2	 741	   2	   1	  16	  16	  17	  30	  70	  50	 510	121847	122588	   0	  80	
  50	  50	  30	   4	 553	   1	   2	  17	  16	  17	  30	  70	  50	 652	124547	125100	   0	  80	
  51	  51	  70	   1	 594	   2	   1	  17	  17	  17	  30	  70	  50	 308	126730	127324	   0	  90	
  52	  52	  30	   4	 562	   1	   2	  18	  17	  17	  30	  70	  50	 508	129130	129692	   0	  90	
  53	  53	  70	   1	 671	   2	   1	  18	  18	  17	  30	  70	  50	 623	131613	132284	   0	 100	
  54	  54	  30	   3	 663	   1	   2	  19	  18	  17	  30	  70	  50	 613	134197	134860	   0	 100	
  55	  55	  70	   2	 774	   2	   1	  19	  19	  17	  30	  70	  50	 469	136630	137404	   0	  90	
  56	  56	  50	   2	1696	   3	   1	  19	  19	  18	  30	  70	  50	 472	139180	140876	   0	  80	
  57	  57	  30	   4	1564	   1	   2	  20	  19	  18	  30	  70	  50	 327	142496	144060	   0	  80	
  58	  58	  70	   1	 646	   2	   1	  20	  20	  18	  30	  70	  50	 496	145846	146492	   0	  90	
  59	  59	  50	   1	 754	   3	   1	  20	  20	  19	  30	  70	  50	 520	148313	149067	   0	 100	
  60	  60	  30	   4	 505	   1	   2	  21	  20	  19	  30	  70	  50	 576	150946	151451	   0	 100	
  61	  61	  50	   2	 563	   3	   1	  21	  20	  20	  30	  70	  50	 330	153096	153659	   0	  90	
  62	  62	  70	   1	 456	   2	   1	  21	  21	  20	  30	  70	  50	 408	155363	155819	   0	 100	
  63	  63	  50	   2	 729	   3	   1	  21	  21	  21	  30	  70	  50	 625	157746	158475	   0	  90	
  64	  64	  70	   2	 400	   2	   1	  21	  22	  21	  30	  70	  50	 611	160379	160779	   0	  80	
  65	  65	  50	   1	 458	   3	   1	  21	  22	  22	  30	  70	  50	 417	162513	162971	   0	  90	
  66	  66	  30	   3	 465	   1	   2	  22	  22	  22	  30	  70	  50	 473	164746	165211	   0	  90	
  67	  67	  70	   1	 399	   2	   1	  22	  23	  22	  30	  70	  50	 683	167196	167595	   0	 100	
  68	  68	  30	   4	 623	   1	   2	  23	  23	  22	  30	  70	  50	 310	169212	169835	   0	 100	
  69	  69	  50	   4	 645	   3	   2	  23	  23	  23	  30	  70	  50	 319	171462	172107	   0	 100	
  70	  70	  70	   1	 379	   2	   1	  23	  24	  23	  30	  70	  50	 684	174096	174475	   0	 110	
  71	  71	  50	   4	 979	   3	   2	  23	  24	  24	  30	  70	  50	 510	176296	177275	   0	 110	
  72	  72	  70	   1	 561	   2	   1	  23	  25	  24	  30	  70	  50	 571	179146	179707	   0	 120	
  73	  73	  50	   3	 589	   3	   2	  23	  25	  25	  30	  70	  50	 665	181662	182251	   0	 120	
  74	  74	  70	   2	 621	   2	   1	  23	  26	  25	  30	  70	  50	 506	184062	184683	   0	 110	
  75	  75	  50	   2	1137	   3	   1	  23	  26	  26	  30	  70	  50	 368	186362	187499	   0	 100	
  76	  76	  70	   1	1058	   2	   1	  23	  27	  26	  30	  70	  50	 332	189129	190187	   0	 110	
  77	  77	  50	   3	 408	   3	   2	  23	  27	  27	  30	  70	  50	 697	192179	192587	   0	 110	
  78	  78	  70	   1	 426	   2	   1	  23	  28	  27	  30	  70	  50	 618	194512	194938	   0	 120	
  79	  79	  50	   3	 524	   3	   2	  23	  28	  28	  30	  70	  50	 620	196862	197386	   0	 120	
  80	  80	  30	   4	 662	   1	   2	  24	  28	  28	  30	  70	  50	 341	199028	199690	   0	 120	
  81	  81	  70	   2	 581	   2	   1	  24	  29	  28	  30	  70	  50	 439	201445	202026	   0	 110	
  82	  82	  30	   4	 606	   1	   2	  25	  29	  28	  30	  70	  50	 308	203628	204234	   0	 110	
  83	  83	  50	   4	 688	   3	   2	  25	  29	  29	  30	  70	  50	 416	205962	206650	   0	 110	
  84	  84	  30	   3	 551	   1	   2	  26	  29	  29	  30	  70	  50	 638	208595	209146	   0	 110	
  85	  85	  70	   1	 438	   2	   1	  26	  30	  29	  30	  70	  50	 554	211012	211450	   0	 120	
  86	  86	  50	   3	 421	   3	   2	  26	  30	  30	  30	  70	  50	 692	213445	213866	   0	 120	
  87	  87	  70	   1	 593	   2	   1	  26	  31	  30	  30	  70	  50	 378	215545	216138	   0	 130	
  88	  88	  30	   4	 887	   3	   2	  26	  31	   1	  30	  70	  30	 343	217811	218698	   3	 130	
  89	  89	  30	   4	 589	   1	   2	  27	  31	   1	  30	  70	  30	 439	220445	221034	   0	 130	
  90	  90	  70	   2	 445	   2	   1	  27	  32	   1	  30	  70	  30	 531	222861	223306	   0	 120	
  91	  91	  30	   3	 642	   3	   2	  27	  32	   2	  30	  70	  30	 510	225128	225770	   0	 120	
  92	  92	  70	   1	 683	   2	   1	  27	  33	   2	  30	  70	  30	 616	227695	228378	   0	 130	
  93	  93	  30	   4	 876	   1	   2	  28	  33	   2	  30	  70	  30	 414	230094	230970	   0	 130	
  94	  94	  30	   4	1006	   3	   2	  28	  33	   3	  30	  70	  30	 568	232844	233850	   0	 130	
  95	  95	  30	   3	 635	   1	   2	  29	  33	   3	  30	  70	  30	 561	235711	236346	   0	 130	
  96	  96	  20	   4	 853	   2	   2	  29	   1	   3	  30	  20	  30	 590	238261	239114	   2	 130	
  97	  97	  30	   4	 577	   1	   2	  30	   1	   3	  30	  20	  30	 328	240744	241321	   0	 130	
  98	  98	  30	   4	 519	   3	   2	  30	   1	   4	  30	  20	  30	 379	242994	243513	   0	 130	
  99	  99	  30	   4	 549	   1	   2	  31	   1	   4	  30	  20	  30	 631	245444	245993	   0	 130	
 100	 100	  30	   4	 687	   3	   2	  31	   1	   5	  30	  20	  30	 685	247994	248681	   0	 130	
 101	 101	  20	   4	 623	   2	   2	  31	   2	   5	  30	  20	  30	 390	250394	251017	   0	 130	
 102	 102	  30	   3	 530	   1	   2	  32	   2	   5	  30	  20	  30	 407	252727	253257	   0	 130	
 103	 103	  20	   3	 526	   2	   2	  32	   3	   5	  30	  20	  30	 662	255211	255737	   0	 130	
 104	 104	  30	   3	 772	   3	   2	  32	   3	   6	  30	  20	  30	 427	257461	258233	   0	 130	
 105	 105	  20	   4	 637	   2	   2	  32	   4	   6	  30	  20	  30	 531	260060	260697	   0	 130	
 106	 106	  30	   2	 592	   3	   1	  32	   4	   7	  30	  20	  30	 373	262377	262969	   0	 120	
 107	 107	  20	   4	1379	   2	   2	  32	   5	   7	  30	  20	  30	 436	264710	266089	   0	 120	
 108	 108	  30	   4	 471	   3	   2	  32	   5	   8	  30	  20	  30	 426	267810	268281	   0	 120	
 109	 109	  20	   3	 719	   2	   2	  32	   6	   8	  30	  20	  30	 407	269994	270713	   0	 120	
 110	 110	  30	   4	 432	   1	   2	  33	   6	   8	  30	  20	  30	 354	272377	272809	   0	 120	
 111	 111	  30	   4	 591	   3	   2	  33	   6	   9	  30	  20	  30	 676	274794	275385	   0	 120	
 112	 112	  20	   4	 560	   2	   2	  33	   7	   9	  30	  20	  30	 500	277193	277753	   0	 120	
 113	 113	  30	   3	 529	   3	   2	  33	   7	  10	  30	  20	  30	 503	279560	280089	   0	 120	
 114	 114	  30	   4	 524	   1	   2	  34	   7	  10	  30	  20	  30	 310	281693	282217	   0	 120	
 115	 115	  30	   3	 484	   3	   2	  34	   7	  11	  30	  20	  30	 381	283893	284377	   0	 120	
 116	 116	  30	   4	 349	   1	   2	  35	   7	  11	  30	  20	  30	 359	286043	286392	   0	 120	
 117	 117	  30	   4	 303	   3	   2	  35	   7	  12	  30	  20	  30	 668	288377	288680	   0	 120	
 118	 118	  80	   3	 910	   1	   2	   1	   7	  12	  80	  20	  30	 424	290426	291336	   1	 120	
 119	 119	  30	   4	 494	   3	   2	   1	   7	  13	  80	  20	  30	 590	293226	293720	   0	 120	
 120	 120	  20	   4	 545	   2	   2	   1	   8	  13	  80	  20	  30	 528	295543	296088	   0	 120	
 121	 121	  80	   1	 408	   1	   1	   2	   8	  13	  80	  20	  30	 378	297776	298184	   0	 130	
 122	 122	  30	   4	 551	   3	   2	   2	   8	  14	  80	  20	  30	 309	299793	300344	   0	 130	
 123	 123	  80	   2	 514	   1	   1	   3	   8	  14	  80	  20	  30	 660	302310	302824	   0	 120	
 124	 124	  30	   3	 484	   3	   2	   3	   8	  15	  80	  20	  30	 554	304676	305160	   0	 120	
 125	 125	  80	   1	 492	   1	   1	   4	   8	  15	  80	  20	  30	 404	306876	307368	   0	 130	
 126	 126	  30	   4	 447	   3	   2	   4	   8	  16	  80	  20	  30	 521	309193	309640	   0	 130	
 127	 127	  80	   1	 511	   1	   1	   5	   8	  16	  80	  20	  30	 665	311593	312104	   0	 140	
 128	 128	  30	   4	 503	   3	   2	   5	   8	  17	  80	  20	  30	 386	313793	314296	   0	 140	
 129	 129	  20	   4	 532	   2	   2	   5	   9	  17	  80	  20	  30	 679	316276	316808	   0	 140	
 130	 130	  80	   2	 453	   1	   1	   6	   9	  17	  80	  20	  30	 553	318659	319112	   0	 130	
 131	 131	  30	   4	 455	   3	   2	   6	   9	  18	  80	  20	  30	 574	321009	321464	   0	 130	
 132	 132	  80	   1	 482	   1	   1	   7	   9	  18	  80	  20	  30	 353	323126	323608	   0	 140	
 133	 133	  30	   3	 431	   3	   2	   7	   9	  19	  80	  20	  30	 303	325209	325640	   0	 140	
 134	 134	  80	   1	 618	   1	   1	   8	   9	  19	  80	  20	  30	 384	327326	327944	   0	 150	
 135	 135	  20	   4	 425	   2	   2	   8	  10	  19	  80	  20	  30	 511	329759	330184	   0	 150	
 136	 136	  80	   1	 633	   1	   1	   9	  10	  19	  80	  20	  30	 635	332126	332759	   0	 160	
 137	 137	  20	   3	 541	   2	   2	   9	  11	  19	  80	  20	  30	 374	334442	334983	   0	 160	
 138	 138	  80	   1	 636	   1	   1	  10	  11	  19	  80	  20	  30	 577	336859	337495	   0	 170	
 139	 139	  20	   4	 560	   2	   2	  10	  12	  19	  80	  20	  30	 351	339159	339719	   0	 170	
 140	 140	  30	   4	 525	   3	   2	  10	  12	  20	  80	  20	  30	 625	341642	342167	   0	 170	
 141	 141	  80	   2	 462	   1	   1	  11	  12	  20	  80	  20	  30	 540	344025	344487	   0	 160	
 142	 142	  30	   3	 444	   3	   2	  11	  12	  21	  80	  20	  30	 682	346459	346903	   0	 160	
 143	 143	  20	   4	 586	   2	   2	  11	  13	  21	  80	  20	  30	 314	348509	349095	   0	 160	
 144	 144	  80	   1	 434	   1	   1	  12	  13	  21	  80	  20	  30	 314	350709	351143	   0	 170	
 145	 145	  30	   4	 833	   3	   2	  12	  13	  22	  80	  20	  30	 698	353142	353975	   0	 170	
 146	 146	  20	   4	 613	   2	   2	  12	  14	  22	  80	  20	  30	 558	355842	356455	   0	 170	
 147	 147	  30	   4	 749	   3	   2	  12	  14	  23	  80	  20	  30	 686	358442	359191	   0	 170	
 148	 148	  20	   4	 712	   2	   2	  12	  15	  23	  80	  20	  30	 470	360975	361687	   0	 170	
 149	 149	  80	   1	 422	   1	   1	  13	  15	  23	  80	  20	  30	 443	363425	363847	   0	 180	
 150	 150	  20	   4	 507	   2	   2	  13	  16	  23	  80	  20	  30	 546	365692	366199	   0	 180	
 151	 151	  80	   1	 704	   1	   1	  14	  16	  23	  80	  20	  30	 470	367991	368695	   0	 190	
 152	 152	  20	   4	 342	   2	   2	  14	  17	  23	  80	  20	  30	 629	370625	370967	   0	 190	
 153	 153	  30	   2	 664	   3	   1	  14	  17	  24	  80	  20	  30	 326	372591	373255	   0	 180	
 154	 154	  20	   3	1100	   2	   2	  14	  18	  24	  80	  20	  30	 336	374891	375991	   0	 180	
 155	 155	  80	   1	 495	   1	   1	  15	  18	  24	  80	  20	  30	 688	377991	378486	   0	 190	
 156	 156	  30	   4	 551	   3	   2	  15	  18	  25	  80	  20	  30	 401	380191	380742	   0	 190	
 157	 157	  80	   1	 574	   1	   1	  16	  18	  25	  80	  20	  30	 351	382408	382982	   0	 200	
 158	 158	  20	   4	 536	   2	   2	  16	  19	  25	  80	  20	  30	 694	384974	385510	   0	 200	
 159	 159	  30	   4	1072	   3	   2	  16	  19	  26	  80	  20	  30	 339	387158	388230	   0	 200	
 160	 160	  80	   1	 662	   1	   1	  17	  19	  26	  80	  20	  30	 667	390208	390870	   0	 210	
 161	 161	  20	   4	 712	   2	   2	  17	  20	  26	  80	  20	  30	 385	392574	393286	   0	 210	
 162	 162	  30	   3	 569	   3	   2	  17	  20	  27	  80	  20	  30	 355	394941	395510	   0	 210	
 163	 163	  80	   2	 581	   1	   1	  18	  20	  27	  80	  20	  30	 630	397441	398022	   0	 200	
 164	 164	  30	   4	 735	   3	   2	  18	  20	  28	  80	  20	  30	 688	400007	400742	   0	 200	
 165	 165	  20	   4	 609	   2	   2	  18	  21	  28	  80	  20	  30	 310	402357	402966	   0	 200	
 166	 166	  30	   4	 539	   3	   2	  18	  21	  29	  80	  20	  30	 623	404891	405430	   0	 200	
 167	 167	  80	   1	 347	   1	   1	  19	  21	  29	  80	  20	  30	 580	407307	407654	   0	 210	
 168	 168	  30	   1	1306	   3	   1	  19	  21	  30	  80	  20	  30	 375	409324	410630	   0	 220	
 169	 169	  20	   4	 544	   2	   2	  19	  22	  30	  80	  20	  30	 436	412374	412918	   0	 220	
 170	 170	  30	   4	 828	   3	   2	  19	  22	  31	  80	  20	  30	 667	414890	415718	   0	 220	
 171	 171	  80	   1	 447	   1	   1	  20	  22	  31	  80	  20	  30	 577	417607	418054	   0	 230	
 172	 172	  30	   4	 758	   3	   2	  20	  22	  32	  80	  20	  30	 490	419840	420598	   0	 230	
 173	 173	  20	   3	 399	   2	   2	  20	  23	  32	  80	  20	  30	 488	422390	422789	   0	 230	
 174	 174	  80	   1	 536	   1	   1	  21	  23	  32	  80	  20	  30	 458	424557	425093	   0	 240	
 175	 175	  30	   4	 573	   3	   2	  21	  23	  33	  80	  20	  30	 430	426824	427397	   0	 240	
 176	 176	  80	   1	 616	   1	   1	  22	  23	  33	  80	  20	  30	 675	429373	429989	   0	 250	
 177	 177	  30	   1	 516	   3	   1	  22	  23	  34	  80	  20	  30	 560	431857	432373	   0	 260	
 178	 178	  80	   2	 789	   1	   1	  23	  23	  34	  80	  20	  30	 559	434240	435029	   0	 250	
 179	 179	  30	   2	 772	   3	   1	  23	  23	  35	  80	  20	  30	 319	436657	437429	   0	 240	
 180	 180	  20	   4	 448	   2	   2	  23	  24	  35	  80	  20	  30	 438	439173	439621	   0	 240	
 181	 181	  70	   3	 812	   3	   2	  23	  24	   1	  80	  20	  70	 698	441657	442469	   3	 240	
 182	 182	  20	   3	 557	   2	   2	  23	  25	   1	  80	  20	  70	 686	444456	445013	   0	 240	
 183	 183	  80	   1	 652	   1	   1	  24	  25	   1	  80	  20	  70	 550	446873	447525	   0	 250	
 184	 184	  70	   4	 634	   3	   2	  24	  25	   2	  80	  20	  70	 490	449323	449957	   0	 250	
 185	 185	  20	   4	 603	   2	   2	  24	  26	   2	  80	  20	  70	 441	451706	452309	   0	 250	
 186	 186	  70	   3	 608	   3	   2	  24	  26	   3	  80	  20	  70	 351	453973	454581	   0	 250	
 187	 187	  20	   4	1470	   2	   2	  24	  27	   3	  80	  20	  70	 538	456423	457893	   0	 250	
 188	 188	  70	   2	 836	   3	   1	  24	  27	   4	  80	  20	  70	 667	459873	460709	   0	 240	
 189	 189	  20	   4	 811	   2	   2	  24	  28	   4	  80	  20	  70	 495	462506	463317	   0	 240	
 190	 190	  80	   2	 510	   1	   1	  25	  28	   4	  80	  20	  70	 618	465239	465749	   0	 230	
 191	 191	  70	   1	 593	   3	   1	  25	  28	   5	  80	  20	  70	 494	467556	468149	   0	 240	
 192	 192	  80	   1	 659	   1	   1	  26	  28	   5	  80	  20	  70	 439	469889	470548	   0	 250	
 193	 193	  20	   4	 479	   2	   2	  26	  29	   5	  80	  20	  70	 518	472373	472852	   0	 250	
 194	 194	  70	   3	 794	   3	   2	  26	  29	   6	  80	  20	  70	 352	474506	475300	   0	 250	
 195	 195	  20	   4	 583	   2	   2	  26	  30	   6	  80	  20	  70	 422	477022	477605	   0	 250	
 196	 196	  70	   3	 959	   3	   2	  26	  30	   7	  80	  20	  70	 682	479589	480548	   0	 250	
 197	 197	  80	   1	 714	   1	   1	  27	  30	   7	  80	  20	  70	 659	482506	483220	   0	 260	
 198	 198	  50	   3	 682	   2	   2	  27	   1	   7	  80	  50	  70	 385	484922	485604	   2	 260	
 199	 199	  70	   2	 585	   3	   1	  27	   1	   8	  80	  50	  70	 436	487339	487924	   0	 250	
 200	 200	  50	   4	 817	   2	   2	  27	   2	   8	  80	  50	  70	 306	489539	490356	   0	 250	
 201	 201	  80	   1	 455	   1	   1	  28	   2	   8	  80	  50	  70	 515	492189	492644	   0	 260	
 202	 202	  70	   1	 430	   3	   1	  28	   2	   9	  80	  50	  70	 481	494422	494852	   0	 270	
 203	 203	  50	   3	 600	   2	   2	  28	   3	   9	  80	  50	  70	 430	496572	497172	   0	 270	
 204	 204	  70	   1	 648	   3	   1	  28	   3	  10	  80	  50	  70	 497	498972	499620	   0	 280	
 205	 205	  50	   2	 827	   2	   1	  28	   4	  10	  80	  50	  70	 390	501305	502132	   0	 270	
 206	 206	  70	   2	 510	   3	   1	  28	   4	  11	  80	  50	  70	 607	504038	504548	   0	 260	
 207	 207	  50	   2	 512	   2	   1	  28	   5	  11	  80	  50	  70	 523	506372	506884	   0	 250	
 208	 208	  80	   1	 504	   1	   1	  29	   5	  11	  80	  50	  70	 389	508572	509076	   0	 260	
 209	 209	  50	   1	 614	   2	   1	  29	   6	  11	  80	  50	  70	 662	511038	511652	   0	 270	
 210	 210	  80	   1	 521	   1	   1	  30	   6	  11	  80	  50	  70	 403	513355	513876	   0	 280	
 211	 211	  70	   2	 499	   3	   1	  30	   6	  12	  80	  50	  70	 674	515872	516371	   0	 270	
 212	 212	  50	   1	 561	   2	   1	  30	   7	  12	  80	  50	  70	 640	518322	518883	   0	 280	
 213	 213	  80	   1	 519	   1	   1	  31	   7	  12	  80	  50	  70	 405	520588	521107	   0	 290	
 214	 214	  70	   1	 597	   3	   1	  31	   7	  13	  80	  50	  70	 626	523038	523635	   0	 300	
 215	 215	  80	   1	 528	   1	   1	  32	   7	  13	  80	  50	  70	 621	525555	526083	   0	 310	
 216	 216	  70	   1	 542	   3	   1	  32	   7	  14	  80	  50	  70	 631	528005	528547	   0	 320	
 217	 217	  50	   4	1329	   2	   2	  32	   8	  14	  80	  50	  70	 496	530338	531667	   0	 320	
 218	 218	  80	   1	 550	   1	   1	  33	   8	  14	  80	  50	  70	 444	533405	533955	   0	 330	
 219	 219	  50	   2	 931	   2	   1	  33	   9	  14	  80	  50	  70	 618	535888	536819	   0	 320	
 220	 220	  20	   4	 688	   1	   2	   1	   9	  14	  20	  50	  70	 636	538771	539459	   1	 320	
 221	 221	  70	   1	1013	   3	   1	   1	   9	  15	  20	  50	  70	 678	541454	542467	   0	 330	
 222	 222	  50	   1	 829	   2	   1	   1	  10	  15	  20	  50	  70	 672	544438	545267	   0	 340	
 223	 223	  70	   3	 603	   3	   2	   1	  10	  16	  20	  50	  70	 344	546904	547507	   0	 340	
 224	 224	  20	   4	 633	   1	   2	   2	  10	  16	  20	  50	  70	 545	549354	549987	   0	 340	
 225	 225	  50	   2	 779	   2	   1	   2	  11	  16	  20	  50	  70	 405	551704	552483	   0	 330	
 226	 226	  70	   4	 696	   3	   2	   2	  11	  17	  20	  50	  70	 390	554171	554867	   0	 330	
 227	 227	  20	   4	 668	   1	   2	   3	  11	  17	  20	  50	  70	 308	556471	557139	   0	 330	
 228	 228	  70	   1	 476	   3	   1	   3	  11	  18	  20	  50	  70	 443	558887	559363	   0	 340	
 229	 229	  20	   3	 639	   1	   2	   4	  11	  18	  20	  50	  70	 518	561187	561826	   0	 340	
 230	 230	  50	   1	 629	   2	   1	   4	  12	  18	  20	  50	  70	 693	563821	564450	   0	 350	
 231	 231	  70	   3	 630	   3	   2	   4	  12	  19	  20	  50	  70	 437	566204	566834	   0	 350	
 232	 232	  50	   2	 840	   2	   1	   4	  13	  19	  20	  50	  70	 433	568570	569410	   0	 340	
 233	 233	  70	   1	 726	   3	   1	   4	  13	  20	  20	  50	  70	 697	571404	572130	   0	 350	
 234	 234	  20	   4	 560	   1	   2	   5	  13	  20	  20	  50	  70	 544	573970	574530	   0	 350	
 235	 235	  70	   2	1796	   3	   1	   5	  13	  21	  20	  50	  70	 420	576254	578050	   0	 340	
 236	 236	  20	   4	 501	   1	   2	   6	  13	  21	  20	  50	  70	 514	579853	580354	   0	 340	
 237	 237	  50	   4	 626	   2	   2	   6	  14	  21	  20	  50	  70	 658	582320	582946	   0	 340	
 238	 238	  70	   1	 591	   3	   1	   6	  14	  22	  20	  50	  70	 540	584787	585378	   0	 350	
 239	 239	  50	   3	 712	   2	   2	   6	  15	  22	  20	  50	  70	 692	587370	588082	   0	 350	
 240	 240	  70	   1	 617	   3	   1	   6	  15	  23	  20	  50	  70	 352	589737	590354	   0	 360	
 241	 241	  50	   1	 925	   2	   1	   6	  16	  23	  20	  50	  70	 373	592053	592978	   0	 370	
 242	 242	  20	   3	 613	   1	   2	   7	  16	  23	  20	  50	  70	 378	594653	595266	   0	 370	
 243	 243	  50	   4	 552	   2	   2	   7	  17	  23	  20	  50	  70	 401	596970	597522	   0	 370	
 244	 244	  20	   4	 599	   1	   2	   8	  17	  23	  20	  50	  70	 582	599403	600002	   0	 370	
 245	 245	  70	   3	 752	   3	   2	   8	  17	  24	  20	  50	  70	 679	601970	602722	   0	 370	
 246	 246	  50	   1	 961	   2	   1	   8	  18	  24	  20	  50	  70	 304	604336	605297	   0	 380	
 247	 247	  20	   4	 529	   1	   2	   9	  18	  24	  20	  50	  70	 536	607136	607665	   0	 380	
 248	 248	  50	   2	 755	   2	   1	   9	  19	  24	  20	  50	  70	 521	609486	610241	   0	 370	
 249	 249	  70	   1	 403	   3	   1	   9	  19	  25	  20	  50	  70	 347	611886	612289	   0	 380	
 250	 250	  20	   4	 494	   1	   2	  10	  19	  25	  20	  50	  70	 426	614019	614513	   0	 380	
 251	 251	  70	   2	 737	   3	   1	  10	  19	  26	  20	  50	  70	 509	616336	617073	   0	 370	
 252	 252	  50	   1	 573	   2	   1	  10	  20	  26	  20	  50	  70	 465	618836	619409	   0	 380	
 253	 253	  20	   4	 500	   1	   2	  11	  20	  26	  20	  50	  70	 343	621053	621553	   0	 380	
 254	 254	  70	   1	 622	   3	   1	  11	  20	  27	  20	  50	  70	 341	623203	623825	   0	 390	
 255	 255	  50	   1	 651	   2	   1	  11	  21	  27	  20	  50	  70	 562	625686	626337	   0	 400	
 256	 256	  70	   3	 681	   3	   2	  11	  21	  28	  20	  50	  70	 504	628152	628833	   0	 400	
 257	 257	  50	   4	1007	   2	   2	  11	  22	  28	  20	  50	  70	 650	630786	631793	   0	 400	
 258	 258	  70	   2	1074	   3	   1	  11	  22	  29	  20	  50	  70	 432	633519	634593	   0	 390	
 259	 259	  50	   2	1568	   2	   1	  11	  23	  29	  20	  50	  70	 482	636369	637937	   0	 380	
 260	 260	  70	   1	 540	   3	   1	  11	  23	  30	  20	  50	  70	 424	639669	640209	   0	 390	
 261	 261	  20	   4	 573	   1	   2	  12	  23	  30	  20	  50	  70	 521	642052	642625	   0	 390	
 262	 262	  50	   4	 870	   3	   2	  12	  23	   1	  20	  50	  50	 684	644635	645505	   3	 390	
 263	 263	  50	   4	1122	   2	   2	  12	  24	   1	  20	  50	  50	 326	647135	648257	   0	 390	
 264	 264	  20	   4	 683	   1	   2	  13	  24	   1	  20	  50	  50	 522	650085	650768	   0	 390	
 265	 265	  50	   4	 829	   3	   2	  13	  24	   2	  20	  50	  50	 335	652419	653248	   0	 390	
 266	 266	  50	   1	 647	   2	   1	  13	  25	   2	  20	  50	  50	 416	654969	655616	   0	 400	
 267	 267	  50	   3	 563	   3	   2	  13	  25	   3	  20	  50	  50	 567	657485	658048	   0	 400	
 268	 268	  50	   3	1142	   2	   2	  13	  26	   3	  20	  50	  50	 480	659818	660960	   0	 400	
 269	 269	  20	   3	 612	   1	   2	  14	  26	   3	  20	  50	  50	 395	662652	663264	   0	 400	
 270	 270	  50	   4	 931	   2	   2	  14	  27	   3	  20	  50	  50	 531	665085	666016	   0	 400	
 271	 271	  50	   4	 611	   3	   2	  14	  27	   4	  20	  50	  50	 563	667885	668496	   0	 400	
 272	 272	  50	   1	 486	   2	   1	  14	  28	   4	  20	  50	  50	 422	670218	670704	   0	 410	
 273	 273	  50	   3	 540	   3	   2	  14	  28	   5	  20	  50	  50	 463	672468	673008	   0	 410	
 274	 274	  50	   4	 556	   2	   2	  14	  29	   5	  20	  50	  50	 552	674868	675424	   0	 410	
 275	 275	  20	   4	 482	   1	   2	  15	  29	   5	  20	  50	  50	 393	677118	677600	   0	 410	
 276	 276	  50	   3	 561	   3	   2	  15	  29	   6	  20	  50	  50	 664	679551	680112	   0	 410	
 277	 277	  50	   3	 459	   2	   2	  15	  30	   6	  20	  50	  50	 690	682101	682560	   0	 410	
 278	 278	  20	   3	 616	   1	   2	  16	  30	   6	  20	  50	  50	 307	684168	684784	   0	 410	
 279	 279	  50	   2	 730	   3	   1	  16	  30	   7	  20	  50	  50	 424	686518	687248	   0	 400	
 280	 280	  20	   2	 441	   1	   1	  17	  30	   7	  20	  50	  50	 399	688951	689392	   0	 390	
 281	 281	  50	   4	1598	   3	   2	  17	  30	   8	  20	  50	  50	 514	691218	692816	   0	 390	
 282	 282	  20	   4	 646	   1	   2	  18	  30	   8	  20	  50	  50	 516	694634	695280	   0	 390	
 283	 283	  50	   3	 610	   3	   2	  18	  30	   9	  20	  50	  50	 519	697101	697711	   0	 390	
 284	 284	  50	   1	 801	   2	   1	  18	  31	   9	  20	  50	  50	 500	699518	700319	   0	 400	
 285	 285	  20	   4	 509	   1	   2	  19	  31	   9	  20	  50	  50	 404	702034	702543	   0	 400	
 286	 286	  50	   2	 710	   2	   1	  19	  32	   9	  20	  50	  50	 359	704201	704911	   0	 390	
 287	 287	  20	   4	 652	   1	   2	  20	  32	   9	  20	  50	  50	 639	706851	707503	   0	 390	
 288	 288	  50	   1	 536	   3	   1	  20	  32	  10	  20	  50	  50	 558	709367	709903	   0	 400	
 289	 289	  20	   4	 516	   1	   2	  21	  32	  10	  20	  50	  50	 643	711851	712367	   0	 400	
 290	 290	  50	   1	 464	   3	   1	  21	  32	  11	  20	  50	  50	 687	714367	714831	   0	 410	
 291	 291	  50	   1	 729	   2	   1	  21	  33	  11	  20	  50	  50	 391	716534	717263	   0	 420	
 292	 292	  50	   3	 436	   3	   2	  21	  33	  12	  20	  50	  50	 503	719067	719503	   0	 420	
 293	 293	  20	   4	 683	   2	   2	  21	   1	  12	  20	  20	  50	 460	721284	721967	   2	 420	
 294	 294	  50	   4	 559	   3	   2	  21	   1	  13	  20	  20	  50	 700	723984	724543	   0	 420	
 295	 295	  20	   3	 602	   1	   2	  22	   1	  13	  20	  20	  50	 667	726517	727119	   0	 420	
 296	 296	  20	   4	 666	   2	   2	  22	   2	  13	  20	  20	  50	 489	728917	729583	   0	 420	
 297	 297	  20	   4	 701	   1	   2	  23	   2	  13	  20	  20	  50	 336	731234	731935	   0	 420	
 298	 298	  20	   4	 828	   2	   2	  23	   3	  13	  20	  20	  50	 433	733683	734511	   0	 420	
 299	 299	  20	   4	 529	   1	   2	  24	   3	  13	  20	  20	  50	 548	736350	736879	   0	 420	
 300	 300	  20	   4	 453	   2	   2	  24	   4	  13	  20	  20	  50	 476	738650	739103	   0	 420	
 301	 301	  50	   3	 944	   3	   2	  24	   4	  14	  20	  20	  50	 345	740767	741711	   0	 420	
 302	 302	  20	   3	 461	   2	   2	  24	   5	  14	  20	  20	  50	 615	743617	744078	   0	 420	
 303	 303	  50	   1	 670	   3	   1	  24	   5	  15	  20	  20	  50	 631	746000	746670	   0	 430	
 304	 304	  20	   4	 490	   2	   2	  24	   6	  15	  20	  20	  50	 523	748500	748990	   0	 430	
 305	 305	  20	   4	 361	   1	   2	  25	   6	  15	  20	  20	  50	 648	750933	751294	   0	 430	
 306	 306	  50	   4	 616	   3	   2	  25	   6	  16	  20	  20	  50	 359	752950	753566	   0	 430	
 307	 307	  20	   4	 650	   1	   2	  26	   6	  16	  20	  20	  50	 421	755300	755950	   0	 430	
 308	 308	  50	   2	1111	   3	   1	  26	   6	  17	  20	  20	  50	 523	757783	758894	   0	 420	
 309	 309	  20	   4	 688	   1	   2	  27	   6	  17	  20	  20	  50	 553	760750	761438	   0	 420	
 310	 310	  50	   1	 757	   3	   1	  27	   6	  18	  20	  20	  50	 311	763049	763806	   0	 430	
 311	 311	  20	   3	 674	   1	   2	  28	   6	  18	  20	  20	  50	 396	765516	766190	   0	 430	
 312	 312	  50	   4	 535	   3	   2	  28	   6	  19	  20	  20	  50	 306	767799	768334	   0	 430	
 313	 313	  20	   4	 694	   2	   2	  28	   7	  19	  20	  20	  50	 573	770216	770910	   0	 430	
 314	 314	  50	   4	 898	   3	   2	  28	   7	  20	  20	  20	  50	 500	772716	773614	   0	 430	
 315	 315	  20	   4	 506	   2	   2	  28	   8	  20	  20	  20	  50	 414	775316	775822	   0	 430	
 316	 316	  20	   4	 575	   1	   2	  29	   8	  20	  20	  20	  50	 449	777583	778158	   0	 430	
 317	 317	  20	   3	 502	   2	   2	  29	   9	  20	  20	  20	  50	 381	779832	780334	   0	 430	
 318	 318	  50	   2	 378	   3	   1	  29	   9	  21	  20	  20	  50	 477	782116	782494	   0	 420	
 319	 319	  20	   4	 512	   2	   2	  29	  10	  21	  20	  20	  50	 566	784366	784878	   0	 420	
 320	 320	  20	   4	 471	   1	   2	  30	  10	  21	  20	  20	  50	 427	786599	787070	   0	 420	
 321	 321	  50	   1	 647	   3	   1	  30	  10	  22	  20	  20	  50	 577	788966	789613	   0	 430	
 322	 322	  20	   4	 539	   1	   2	  31	  10	  22	  20	  20	  50	 369	791282	791821	   0	 430	
 323	 323	  50	   4	 404	   3	   2	  31	  10	  23	  20	  20	  50	 318	793449	793853	   0	 430	
 324	 324	  20	   4	 976	   1	   2	  32	  10	  23	  20	  20	  50	 414	795565	796541	   0	 430	
 325	 325	  20	   4	 399	   2	   2	  32	  11	  23	  20	  20	  50	 544	798382	798781	   0	 430	
 326	 326	  20	   3	 512	   1	   2	  33	  11	  23	  20	  20	  50	 658	800749	801261	   0	 430	
 327	 327	  50	   1	 434	   3	   1	  33	  11	  24	  20	  20	  50	 561	803115	803549	   0	 440	
 328	 328	  20	   4	 471	   2	   2	  33	  12	  24	  20	  20	  50	 519	805382	805853	   0	 440	
 329	 329	  50	   3	 534	   3	   2	  33	  12	  25	  20	  20	  50	 639	807799	808333	   0	 440	
 330	 330	  20	   4	 460	   2	   2	  33	  13	  25	  20	  20	  50	 424	810065	810525	   0	 440	
 331	 331	  20	   4	 501	   1	   2	  34	  13	  25	  20	  20	  50	 400	812248	812749	   0	 440	
 332	 332	  20	   4	 526	   2	   2	  34	  14	  25	  20	  20	  50	 357	814415	814941	   0	 440	
 333	 333	  50	   4	 513	   3	   2	  34	  14	  26	  20	  20	  50	 506	816748	817261	   0	 440	
 334	 334	  20	   4	 587	   1	   2	  35	  14	  26	  20	  20	  50	 345	818898	819485	   0	 440	
 335	 335	  20	   4	 345	   2	   2	  35	  15	  26	  20	  20	  50	 565	821348	821693	   0	 440	
 336	 336	  50	   1	 340	   3	   1	  35	  15	  27	  20	  20	  50	 476	823465	823805	   0	 450	
 337	 337	  80	   3	 634	   1	   2	   1	  15	  27	  80	  20	  50	 595	825715	826349	   1	 450	
 338	 338	  20	   4	 509	   2	   2	   1	  16	  27	  80	  20	  50	 386	828048	828557	   0	 450	
 339	 339	  80	   1	 538	   1	   1	   2	  16	  27	  80	  20	  50	 664	830515	831053	   0	 460	
 340	 340	  20	   4	 598	   2	   2	   2	  17	  27	  80	  20	  50	 667	833031	833629	   0	 460	
 341	 341	  80	   1	 405	   1	   1	   3	  17	  27	  80	  20	  50	 473	835415	835820	   0	 470	
 342	 342	  50	   1	 681	   3	   1	   3	  17	  28	  80	  20	  50	 613	837731	838412	   0	 480	
 343	 343	  80	   1	 600	   1	   1	   4	  17	  28	  80	  20	  50	 444	840148	840748	   0	 490	
 344	 344	  20	   3	 436	   2	   2	   4	  18	  28	  80	  20	  50	 600	842664	843100	   0	 490	
 345	 345	  50	   4	 801	   3	   2	   4	  18	  29	  80	  20	  50	 325	844731	845532	   0	 490	
 346	 346	  20	   3	 567	   2	   2	   4	  19	  29	  80	  20	  50	 544	847381	847948	   0	 490	
 347	 347	  80	   2	 405	   1	   1	   5	  19	  29	  80	  20	  50	 571	849831	850236	   0	 480	
 348	 348	  20	   4	 588	   2	   2	   5	  20	  29	  80	  20	  50	 520	852064	852652	   0	 480	
 349	 349	  50	   2	 433	   3	   1	   5	  20	  30	  80	  20	  50	 389	854347	854780	   0	 470	
 350	 350	  80	   1	 495	   1	   1	   6	  20	  30	  80	  20	  50	 312	856397	856892	   0	 480	
 351	 351	  50	   2	 517	   3	   1	   6	  20	  31	  80	  20	  50	 443	858647	859164	   0	 470	
 352	 352	  80	   1	 504	   1	   1	   7	  20	  31	  80	  20	  50	 498	860964	861468	   0	 480	
 353	 353	  50	   2	 693	   3	   1	   7	  20	  32	  80	  20	  50	 663	863431	864124	   0	 470	
 354	 354	  80	   1	 417	   1	   1	   8	  20	  32	  80	  20	  50	 513	865931	866348	   0	 480	
 355	 355	  20	   3	 607	   2	   2	   8	  21	  32	  80	  20	  50	 325	867981	868588	   0	 480	
 356	 356	  80	   2	 925	   1	   1	   9	  21	  32	  80	  20	  50	 565	870447	871372	   0	 470	
 357	 357	  50	   1	 570	   3	   1	   9	  21	  33	  80	  20	  50	 655	873330	873900	   0	 480	
 358	 358	  20	   4	 516	   2	   2	   9	  22	  33	  80	  20	  50	 664	875864	876380	   0	 480	
 359	 359	  70	   3	 813	   3	   2	   9	  22	   1	  80	  20	  70	 347	878047	878860	   3	 480	
 360	 360	  20	   4	 585	   2	   2	   9	  23	   1	  80	  20	  70	 356	880514	881099	   0	 480	
 361	 361	  80	   1	 477	   1	   1	  10	  23	   1	  80	  20	  70	 412	882830	883307	   0	 490	
 362	 362	  20	   4	 618	   2	   2	  10	  24	   1	  80	  20	  70	 311	884913	885531	   0	 490	
 363	 363	  70	   2	 472	   3	   1	  10	  24	   2	  80	  20	  70	 515	887347	887819	   0	 480	
 364	 364	  80	   1	 680	   1	   1	  11	  24	   2	  80	  20	  70	 648	889763	890443	   0	 490	
 365	 365	  70	   2	1116	   3	   1	  11	  24	   3	  80	  20	  70	 303	892047	893163	   0	 480	
 366	 366	  20	   4	 544	   2	   2	  11	  25	   3	  80	  20	  70	 679	895147	895691	   0	 480	
 367	 367	  70	   3	 946	   3	   2	  11	  25	   4	  80	  20	  70	 511	897497	898443	   0	 480	
 368	 368	  20	   4	 533	   2	   2	  11	  26	   4	  80	  20	  70	 485	900230	900763	   0	 480	
 369	 369	  80	   1	 408	   1	   1	  12	  26	   4	  80	  20	  70	 491	902563	902971	   0	 490	
 370	 370	  70	   1	 841	   3	   1	  12	  26	   5	  80	  20	  70	 651	904930	905771	   0	 500	
 371	 371	  20	   3	 404	   2	   2	  12	  27	   5	  80	  20	  70	 378	907463	907867	   0	 500	
 372	 372	  70	   3	 619	   3	   2	  12	  27	   6	  80	  20	  70	 522	909696	910315	   0	 500	
 373	 373	  80	   1	 579	   1	   1	  13	  27	   6	  80	  20	  70	 674	912296	912875	   0	 510	
 374	 374	  70	   4	 706	   3	   2	  13	  27	   7	  80	  20	  70	 533	914713	915419	   0	 510	
 375	 375	  80	   1	 782	   1	   1	  14	  27	   7	  80	  20	  70	 513	917229	918011	   0	 520	
 376	 376	  70	   3	1538	   3	   2	  14	  27	   8	  80	  20	  70	 610	919913	921451	   0	 520	
 377	 377	  20	   4	 398	   2	   2	  14	  28	   8	  80	  20	  70	 480	923229	923627	   0	 520	
 378	 378	  80	   1	 859	   1	   1	  15	  28	   8	  80	  20	  70	 356	925279	926138	   0	 530	
 379	 379	  70	   1	 490	   3	   1	  15	  28	   9	  80	  20	  70	 652	928096	928586	   0	 540	
 380	 380	  80	   1	 664	   1	   1	  16	  28	   9	  80	  20	  70	 664	930546	931210	   0	 550	
 381	 381	  70	   3	 630	   3	   2	  16	  28	  10	  80	  20	  70	 486	933012	933642	   0	 550	
 382	 382	  80	   1	 633	   1	   1	  17	  28	  10	  80	  20	  70	 383	935329	935962	   0	 560	
 383	 383	  20	   4	 566	   2	   2	  17	  29	  10	  80	  20	  70	 534	937812	938378	   0	 560	
 384	 384	  80	   2	 606	   1	   1	  18	  29	  10	  80	  20	  70	 325	940012	940618	   0	 550	
 385	 385	  70	   2	 535	   3	   1	  18	  29	  11	  80	  20	  70	 654	942579	943114	   0	 540	
 386	 386	  80	   2	 422	   1	   1	  19	  29	  11	  80	  20	  70	 585	945012	945434	   0	 530	
 387	 387	  20	   4	 408	   2	   2	  19	  30	  11	  80	  20	  70	 623	947362	947770	   0	 530	
 388	 388	  70	   1	 485	   3	   1	  19	  30	  12	  80	  20	  70	 378	949445	949930	   0	 540	
 389	 389	  20	   4	 516	   2	   2	  19	  31	  12	  80	  20	  70	 620	951862	952378	   0	 540	
 390	 390	  70	   1	 683	   3	   1	  19	  31	  13	  80	  20	  70	 406	954095	954778	   0	 550	
 391	 391	  80	   1	 488	   1	   1	  20	  31	  13	  80	  20	  70	 452	956562	957050	   0	 560	
 392	 392	  70	   4	 867	   3	   2	  20	  31	  14	  80	  20	  70	 324	958679	959546	   0	 560	
 393	 393	  20	   4	 498	   2	   2	  20	  32	  14	  80	  20	  70	 657	961512	962010	   0	 560	
 394	 394	  70	   1	1042	   3	   1	  20	  32	  15	  80	  20	  70	 620	963928	964970	   0	 570	
 395	 395	  20	   3	 606	   2	   2	  20	  33	  15	  80	  20	  70	 538	966812	967418	   0	 570	
 396	 396	  70	   3	 790	   3	   2	  20	  33	  16	  80	  20	  70	 315	969028	969818	   0	 570	
 397	 397	  80	   2	 407	   1	   1	  21	  33	  16	  80	  20	  70	 652	971778	972185	   0	 560	
 398	 398	  70	   2	 473	   3	   1	  21	  33	  17	  80	  20	  70	 628	974112	974585	   0	 550	
 399	 399	  20	   4	 792	   2	   2	  21	  34	  17	  80	  20	  70	 676	976561	977353	   0	 550	
 400	 400	  80	   1	 591	   1	   1	  22	  34	  17	  80	  20	  70	 519	979178	979769	   0	 560	
 401	 401	  20	   4	 508	   2	   2	  22	  35	  17	  80	  20	  70	 549	981645	982153	   0	 560	
 402	 402	  80	   1	 623	   1	   1	  23	  35	  17	  80	  20	  70	 529	983978	984601	   0	 570	
 403	 403	  80	   3	 827	   2	   2	  23	   1	  17	  80	  80	  70	 553	986478	987305	   2	 570	
 404	 404	  80	   1	 644	   1	   1	  24	   1	  17	  80	  80	  70	 459	989061	989705	   0	 580	
 405	 405	  80	   3	1265	   2	   2	  24	   2	  17	  80	  80	  70	 545	991544	992809	   0	 580	
 406	 406	  80	   1	 625	   1	   1	  25	   2	  17	  80	  80	  70	 633	994744	995369	   0	 590	
 407	 407	  80	   1	 721	   2	   1	  25	   3	  17	  80	  80	  70	 467	997144	997865	   0	 600	
 408	 408	  80	   1	 623	   1	   1	  26	   3	  17	  80	  80	  70	 428	999594	1000217	   0	 610	
 409	 409	  80	   2	 522	   2	   1	  26	   4	  17	  80	  80	  70	 598	1002111	1002633	   0	 600	
 410	 410	  80	   2	 643	   1	   1	  27	   4	  17	  80	  80	  70	 338	1004278	1004921	   0	 590	
 411	 411	  80	   1	 706	   2	   1	  27	   5	  17	  80	  80	  70	 491	1006727	1007433	   0	 600	
 412	 412	  80	   1	 517	   1	   1	  28	   5	  17	  80	  80	  70	 699	1009444	1009961	   0	 610	
 413	 413	  80	   1	 540	   2	   1	  28	   6	  17	  80	  80	  70	 395	1011661	1012201	   0	 620	
 414	 414	  80	   1	 533	   1	   1	  29	   6	  17	  80	  80	  70	 345	1013844	1014377	   0	 630	
 415	 415	  80	   1	 420	   2	   1	  29	   7	  17	  80	  80	  70	 549	1016244	1016664	   0	 640	
 416	 416	  80	   1	 573	   1	   1	  30	   7	  17	  80	  80	  70	 449	1018427	1019000	   0	 650	
 417	 417	  70	   3	1721	   3	   2	  30	   7	  18	  80	  80	  70	 605	1020911	1022632	   0	 650	
 418	 418	  80	   1	1244	   2	   1	  30	   8	  18	  80	  80	  70	 507	1024444	1025688	   0	 660	
 419	 419	  30	   2	 801	   1	   1	   1	   8	  18	  30	  80	  70	 525	1027527	1028328	   1	 650	
 420	 420	  80	   2	 952	   2	   1	   1	   9	  18	  30	  80	  70	 521	1030160	1031112	   0	 640	
 421	 421	  70	   1	1120	   3	   1	   1	   9	  19	  30	  80	  70	 327	1032760	1033880	   0	 650	
 422	 422	  80	   1	 952	   2	   1	   1	  10	  19	  30	  80	  70	 571	1035760	1036712	   0	 660	
 423	 423	  30	   3	 597	   1	   2	   2	  10	  19	  30	  80	  70	 617	1038643	1039240	   0	 660	
 424	 424	  70	   1	 665	   3	   1	   2	  10	  20	  30	  80	  70	 403	1040943	1041608	   0	 670	
 425	 425	  80	   2	 523	   2	   1	   2	  11	  20	  30	  80	  70	 379	1043277	1043800	   0	 660	
 426	 426	  30	   3	 586	   1	   2	   3	  11	  20	  30	  80	  70	 599	1045710	1046296	   0	 660	
 427	 427	  70	   1	 649	   3	   1	   3	  11	  21	  30	  80	  70	 517	1048127	1048776	   0	 670	
 428	 428	  80	   1	 477	   2	   1	   3	  12	  21	  30	  80	  70	 347	1050427	1050904	   0	 680	
 429	 429	  30	   4	 555	   1	   2	   4	  12	  21	  30	  80	  70	 696	1052893	1053448	   0	 680	
 430	 430	  70	   2	 444	   3	   1	   4	  12	  22	  30	  80	  70	 525	1055276	1055720	   0	 670	
 431	 431	  80	   1	 490	   2	   1	   4	  13	  22	  30	  80	  70	 696	1057726	1058216	   0	 680	
 432	 432	  70	   2	 496	   3	   1	   4	  13	  23	  30	  80	  70	 445	1059960	1060456	   0	 670	
 433	 433	  80	   1	 422	   2	   1	   4	  14	  23	  30	  80	  70	 436	1062193	1062615	   0	 680	
 434	 434	  70	   1	 515	   3	   1	   4	  14	  24	  30	  80	  70	 341	1064260	1064775	   0	 690	
 435	 435	  80	   1	 721	   2	   1	   4	  15	  24	  30	  80	  70	 648	1066726	1067447	   0	 700	
 436	 436	  70	   1	 547	   3	   1	   4	  15	  25	  30	  80	  70	 318	1069076	1069623	   0	 710	
 437	 437	  30	   4	 419	   1	   2	   5	  15	  25	  30	  80	  70	 555	1071476	1071895	   0	 710	
 438	 438	  70	   1	 530	   3	   1	   5	  15	  26	  30	  80	  70	 315	1073509	1074039	   0	 720	
 439	 439	  30	   4	 718	   1	   2	   6	  15	  26	  30	  80	  70	 678	1076009	1076727	   0	 720	
 440	 440	  70	   3	1143	   3	   2	   6	  15	  27	  30	  80	  70	 542	1078576	1079719	   0	 720	
 441	 441	  80	   1	 624	   2	   1	   6	  16	  27	  30	  80	  70	 512	1081543	1082167	   0	 730	
 442	 442	  70	   2	 663	   3	   1	   6	  16	  28	  30	  80	  70	 326	1083792	1084455	   0	 720	
 443	 443	  30	   3	 815	   1	   2	   7	  16	  28	  30	  80	  70	 644	1086392	1087207	   0	 720	
 444	 444	  80	   1	 457	   2	   1	   7	  17	  28	  30	  80	  70	 439	1088942	1089399	   0	 730	
 445	 445	  30	   4	 531	   1	   2	   8	  17	  28	  30	  80	  70	 369	1091076	1091607	   0	 730	
 446	 446	  80	   2	 606	   2	   1	   8	  18	  28	  30	  80	  70	 301	1093209	1093815	   0	 720	
 447	 447	  30	   4	 506	   1	   2	   9	  18	  28	  30	  80	  70	 591	1095709	1096215	   0	 720	
 448	 448	  80	   1	 491	   2	   1	   9	  19	  28	  30	  80	  70	 566	1098092	1098583	   0	 730	
 449	 449	  30	   4	 577	   1	   2	  10	  19	  28	  30	  80	  70	 465	1100342	1100919	   0	 730	
 450	 450	  70	   1	 704	   3	   1	  10	  19	  29	  30	  80	  70	 543	1102759	1103463	   0	 740	
 451	 451	  30	   3	 504	   1	   2	  11	  19	  29	  30	  80	  70	 587	1105375	1105879	   0	 740	
 452	 452	  80	   1	 527	   2	   1	  11	  20	  29	  30	  80	  70	 405	1107592	1108119	   0	 750	
 453	 453	  70	   1	 449	   3	   1	  11	  20	  30	  30	  80	  70	 495	1109909	1110358	   0	 760	
 454	 454	  80	   1	 625	   2	   1	  11	  21	  30	  30	  80	  70	 645	1112309	1112934	   0	 770	
 455	 455	  30	   4	 448	   1	   2	  12	  21	  30	  30	  80	  70	 506	1114742	1115190	   0	 770	
 456	 456	  80	   1	 528	   2	   1	  12	  22	  30	  30	  80	  70	 653	1117142	1117670	   0	 780	
 457	 457	  70	   1	 614	   3	   1	  12	  22	  31	  30	  80	  70	 432	1119392	1120006	   0	 790	
 458	 458	  30	   4	 540	   1	   2	  13	  22	  31	  30	  80	  70	 345	1121642	1122182	   0	 790	
 459	 459	  70	   3	 430	   3	   2	  13	  22	  32	  30	  80	  70	 500	1123992	1124422	   0	 790	
 460	 460	  30	   3	 590	   1	   2	  14	  22	  32	  30	  80	  70	 666	1126392	1126982	   0	 790	
 461	 461	  80	   1	 515	   2	   1	  14	  23	  32	  30	  80	  70	 388	1128691	1129206	   0	 800	
 462	 462	  70	   1	 540	   3	   1	  14	  23	  33	  30	  80	  70	 363	1130858	1131398	   0	 810	
 463	 463	  30	   4	 398	   1	   2	  15	  23	  33	  30	  80	  70	 504	1133208	1133606	   0	 810	
 464	 464	  80	   1	 623	   2	   1	  15	  24	  33	  30	  80	  70	 691	1135591	1136214	   0	 820	
 465	 465	  30	   4	 644	   1	   2	  16	  24	  33	  30	  80	  70	 333	1137858	1138502	   0	 820	
 466	 466	  70	   4	 831	   3	   2	  16	  24	  34	  30	  80	  70	 582	1140375	1141206	   0	 820	
 467	 467	  80	   2	 553	   2	   1	  16	  25	  34	  30	  80	  70	 441	1142941	1143494	   0	 810	
 468	 468	  70	   3	 684	   3	   2	  16	  25	  35	  30	  80	  70	 479	1145274	1145958	   0	 810	
 469	 469	  30	   3	 600	   1	   2	  17	  25	  35	  30	  80	  70	 498	1147758	1148358	   0	 810	
 470	 470	  80	   1	 388	   2	   1	  17	  26	  35	  30	  80	  70	 609	1150274	1150662	   0	 820	
 471	 471	  30	   4	 588	   1	   2	  18	  26	  35	  30	  80	  70	 483	1152474	1153062	   0	 820	
 472	 472	  50	   4	 823	   3	   2	  18	  26	   1	  30	  80	  50	 571	1154958	1155781	   3	 820	
 473	 473	  30	   4	 480	   1	   2	  19	  26	   1	  30	  80	  50	 455	1157541	1158021	   0	 820	
 474	 474	  80	   1	 373	   2	   1	  19	  27	   1	  30	  80	  50	 513	1159824	1160197	   0	 830	
 475	 475	  30	   4	 384	   1	   2	  20	  27	   1	  30	  80	  50	 443	1161941	1162325	   0	 830	
 476	 476	  50	   3	 590	   3	   2	  20	  27	   2	  30	  80	  50	 372	1164007	1164597	   0	 830	
 477	 477	  80	   3	 456	   2	   2	  20	  28	   2	  30	  80	  50	 659	1166557	1167013	   0	 830	
 478	 478	  50	   4	 519	   3	   2	  20	  28	   3	  30	  80	  50	 659	1168974	1169493	   0	 830	
 479	 479	  80	   2	 630	   2	   1	  20	  29	   3	  30	  80	  50	 584	1171391	1172021	   0	 820	
 480	 480	  30	   4	 543	   1	   2	  21	  29	   3	  30	  80	  50	 651	1173974	1174517	   0	 820	
 481	 481	  50	   4	 707	   3	   2	  21	  29	   4	  30	  80	  50	 455	1176290	1176997	   0	 820	
 482	 482	  80	   1	 631	   2	   1	  21	  30	   4	  30	  80	  50	 668	1178974	1179605	   0	 830	
 483	 483	  50	   3	 527	   3	   2	  21	  30	   5	  30	  80	  50	 691	1181590	1182117	   0	 830	
 484	 484	  20	   3	 403	   2	   2	  21	   1	   5	  30	  20	  50	 454	1183890	1184293	   2	 830	
 485	 485	  30	   3	 575	   1	   2	  22	   1	   5	  30	  20	  50	 379	1185974	1186549	   0	 830	
 486	 486	  20	   4	 521	   2	   2	  22	   2	   5	  30	  20	  50	 694	1188540	1189061	   0	 830	
 487	 487	  50	   3	 476	   3	   2	  22	   2	   6	  30	  20	  50	 508	1190873	1191349	   0	 830	
 488	 488	  20	   4	 568	   2	   2	  22	   3	   6	  30	  20	  50	 312	1192957	1193525	   0	 830	
 489	 489	  30	   3	 529	   1	   2	  23	   3	   6	  30	  20	  50	 700	1195540	1196069	   0	 830	
 490	 490	  50	   3	 565	   3	   2	  23	   3	   7	  30	  20	  50	 470	1197840	1198405	   0	 830	
 491	 491	  30	   4	 507	   1	   2	  24	   3	   7	  30	  20	  50	 347	1200057	1200564	   0	 830	
 492	 492	  50	   3	 935	   3	   2	  24	   3	   8	  30	  20	  50	 308	1202173	1203108	   0	 830	
 493	 493	  20	   3	 610	   2	   2	  24	   4	   8	  30	  20	  50	 670	1205090	1205700	   0	 830	
 494	 494	  50	   2	 832	   3	   1	  24	   4	   9	  30	  20	  50	 551	1207556	1208388	   0	 820	
 495	 495	  30	   4	 437	   1	   2	  25	   4	   9	  30	  20	  50	 540	1210223	1210660	   0	 820	
 496	 496	  20	   4	 670	   2	   2	  25	   5	   9	  30	  20	  50	 431	1212390	1213060	   0	 820	
 497	 497	  50	   2	 703	   3	   1	  25	   5	  10	  30	  20	  50	 400	1214773	1215476	   0	 810	
 498	 498	  30	   4	 635	   1	   2	  26	   5	  10	  30	  20	  50	 490	1217273	1217908	   0	 810	
 499	 499	  50	   3	 547	   3	   2	  26	   5	  11	  30	  20	  50	 672	1219889	1220436	   0	 810	
 500	 500	  30	   4	 975	   1	   2	  27	   5	  11	  30	  20	  50	 639	1222373	1223348	   0	 810	
 501	 501	  50	   4	 454	   3	   2	  27	   5	  12	  30	  20	  50	 338	1225006	1225460	   0	 810	
 502	 502	  20	   4	 313	   2	   2	  27	   6	  12	  30	  20	  50	 560	1227323	1227636	   0	 810	
 503	 503	  30	   3	 619	   1	   2	  28	   6	  12	  30	  20	  50	 348	1229273	1229892	   0	 810	
 504	 504	  50	   3	 343	   3	   2	  28	   6	  13	  30	  20	  50	 580	1231773	1232116	   0	 810	
 505	 505	  30	   4	 573	   1	   2	  29	   6	  13	  30	  20	  50	 612	1234023	1234596	   0	 810	
 506	 506	  20	   4	 555	   2	   2	  29	   7	  13	  30	  20	  50	 598	1236489	1237044	   0	 810	
 507	 507	  50	   1	 577	   3	   1	  29	   7	  14	  30	  20	  50	 392	1238739	1239316	   0	 820	
 508	 508	  20	   4	1083	   2	   2	  29	   8	  14	  30	  20	  50	 676	1241289	1242372	   0	 820	
 509	 509	  50	   4	 818	   3	   2	  29	   8	  15	  30	  20	  50	 636	1244322	1245140	   0	 820	
 510	 510	  30	   4	 801	   1	   2	  30	   8	  15	  30	  20	  50	 652	1247106	1247907	   0	 820	
 511	 511	  50	   4	 557	   3	   2	  30	   8	  16	  30	  20	  50	 371	1249606	1250163	   0	 820	
 512	 512	  30	   4	 598	   1	   2	  31	   8	  16	  30	  20	  50	 318	1251789	1252387	   0	 820	
 513	 513	  20	   4	 538	   2	   2	  31	   9	  16	  30	  20	  50	 409	1254089	1254627	   0	 820	
 514	 514	  30	   4	 592	   1	   2	  32	   9	  16	  30	  20	  50	 399	1256339	1256931	   0	 820	
 515	 515	  50	   1	 338	   3	   1	  32	   9	  17	  30	  20	  50	 467	1258705	1259043	   0	 830	
 516	 516	  30	   4	 381	   1	   2	  33	   9	  17	  30	  20	  50	 473	1260822	1261203	   0	 830	
 517	 517	  20	   4	 492	   2	   2	  33	  10	  17	  30	  20	  50	 352	1262855	1263347	   0	 830	
 518	 518	  50	   4	 537	   3	   2	  33	  10	  18	  30	  20	  50	 666	1265322	1265859	   0	 830	
 519	 519	  20	   4	 608	   2	   2	  33	  11	  18	  30	  20	  50	 388	1267555	1268163	   0	 830	
 520	 520	  80	   4	 735	   1	   2	   1	  11	  18	  80	  20	  50	 485	1269972	1270707	   1	 830	
 521	 521	  20	   4	 583	   2	   2	   1	  12	  18	  80	  20	  50	 563	1272588	1273171	   0	 830	
 522	 522	  50	   3	 581	   3	   2	   1	  12	  19	  80	  20	  50	 556	1275038	1275619	   0	 830	
 523	 523	  80	   3	 577	   1	   2	   2	  12	  19	  80	  20	  50	 608	1277522	1278099	   0	 830	
 524	 524	  50	   2	 771	   3	   1	   2	  12	  20	  80	  20	  50	 482	1279872	1280643	   0	 820	
 525	 525	  80	   1	 439	   1	   1	   3	  12	  20	  80	  20	  50	 635	1282588	1283027	   0	 830	
 526	 526	  50	   2	 654	   3	   1	   3	  12	  21	  80	  20	  50	 491	1284821	1285475	   0	 820	
 527	 527	  80	   2	 406	   1	   1	   4	  12	  21	  80	  20	  50	 624	1287405	1287811	   0	 810	
 528	 528	  50	   2	 593	   3	   1	   4	  12	  22	  80	  20	  50	 416	1289538	1290131	   0	 800	
 529	 529	  80	   1	 565	   1	   1	   5	  12	  22	  80	  20	  50	 374	1291805	1292370	   0	 810	
 530	 530	  50	   1	 420	   3	   1	   5	  12	  23	  80	  20	  50	 549	1294238	1294658	   0	 820	
 531	 531	  80	   1	 388	   1	   1	   6	  12	  23	  80	  20	  50	 672	1296654	1297042	   0	 830	
 532	 532	  50	   1	 390	   3	   1	   6	  12	  24	  80	  20	  50	 648	1298988	1299378	   0	 840	
 533	 533	  80	   3	 493	   1	   2	   7	  12	  24	  80	  20	  50	 538	1301221	1301714	   0	 840	
 534	 534	  20	   4	 306	   2	   2	   7	  13	  24	  80	  20	  50	 468	1303488	1303794	   0	 840	
 535	 535	  50	   3	 492	   3	   2	   7	  13	  25	  80	  20	  50	 548	1305638	1306130	   0	 840	
 536	 536	  20	   3	 874	   2	   2	   7	  14	  25	  80	  20	  50	 662	1308088	1308962	   0	 840	
 537	 537	  80	   1	 940	   1	   1	   8	  14	  25	  80	  20	  50	 579	1310838	1311778	   0	 850	
 538	 538	  50	   3	 529	   3	   2	   8	  14	  26	  80	  20	  50	 463	1313537	1314066	   0	 850	
 539	 539	  20	   4	 380	   2	   2	   8	  15	  26	  80	  20	  50	 693	1316054	1316434	   0	 850	
 540	 540	  50	   4	 451	   3	   2	   8	  15	  27	  80	  20	  50	 542	1318271	1318722	   0	 850	
 541	 541	  20	   3	 511	   2	   2	   8	  16	  27	  80	  20	  50	 331	1320371	1320882	   0	 850	
 542	 542	  50	   2	 661	   3	   1	   8	  16	  28	  80	  20	  50	 444	1322621	1323282	   0	 840	
 543	 543	  20	   4	1272	   2	   2	   8	  17	  28	  80	  20	  50	 381	1324954	1326226	   0	 840	
 544	 544	  80	   1	 457	   1	   1	   9	  17	  28	  80	  20	  50	 611	1328137	1328594	   0	 850	
 545	 545	  20	   4	 443	   2	   2	   9	  18	  28	  80	  20	  50	 583	1330487	1330930	   0	 850	
 546	 546	  50	   1	 425	   3	   1	   9	  18	  29	  80	  20	  50	 300	1332537	1332962	   0	 860	
 547	 547	  20	   4	 556	   2	   2	   9	  19	  29	  80	  20	  50	 597	1334854	1335410	   0	 860	
 548	 548	  80	   1	 874	   1	   1	  10	  19	  29	  80	  20	  50	 579	1337287	1338161	   0	 870	
 549	 549	  50	   4	 530	   3	   2	  10	  19	  30	  80	  20	  50	 428	1339887	1340417	   0	 870	
 550	 550	  20	   4	 867	   2	   2	  10	  20	  30	  80	  20	  50	 561	1342270	1343137	   0	 870	
 551	 551	  80	   3	 512	   1	   2	  11	  20	  30	  80	  20	  50	 673	1345137	1345649	   0	 870	
 552	 552	  20	   4	 498	   2	   2	  11	  21	  30	  80	  20	  50	 553	1347503	1348001	   0	 870	
 553	 553	  80	   1	 508	   1	   1	  12	  21	  30	  80	  20	  50	 364	1349653	1350161	   0	 880	
 554	 554	  50	   1	 631	   3	   1	  12	  21	  31	  80	  20	  50	 307	1351770	1352401	   0	 890	
 555	 555	  20	   3	 537	   2	   2	  12	  22	  31	  80	  20	  50	 418	1354120	1354657	   0	 890	
 556	 556	  50	   2	 541	   3	   1	  12	  22	  32	  80	  20	  50	 457	1356420	1356961	   0	 880	
 557	 557	  80	   1	 379	   1	   1	  13	  22	  32	  80	  20	  50	 603	1358870	1359249	   0	 890	
 558	 558	  50	   2	 578	   3	   1	  13	  22	  33	  80	  20	  50	 550	1361103	1361681	   0	 880	
 559	 559	  80	   2	 366	   1	   1	  14	  22	  33	  80	  20	  50	 627	1363603	1363969	   0	 870	
 560	 560	  30	   4	 630	   3	   2	  14	  22	   1	  80	  20	  30	 506	1365803	1366433	   3	 870	
 561	 561	  80	   1	 665	   1	   1	  15	  22	   1	  80	  20	  30	 398	1368136	1368801	   0	 880	
 562	 562	  20	   4	 481	   2	   2	  15	  23	   1	  80	  20	  30	 646	1370736	1371217	   0	 880	
 563	 563	  30	   4	 756	   3	   2	  15	  23	   2	  80	  20	  30	 545	1373053	1373809	   0	 880	
 564	 564	  20	   4	 736	   2	   2	  15	  24	   2	  80	  20	  30	 439	1375553	1376289	   0	 880	
 565	 565	  80	   2	 431	   1	   1	  16	  24	   2	  80	  20	  30	 384	1377986	1378417	   0	 870	
 566	 566	  20	   4	 605	   2	   2	  16	  25	   2	  80	  20	  30	 324	1380036	1380641	   0	 870	
 567	 567	  80	   3	 450	   1	   2	  17	  25	   2	  80	  20	  30	 345	1382286	1382736	   0	 870	
 568	 568	  30	   4	 431	   3	   2	  17	  25	   3	  80	  20	  30	 331	1384369	1384800	   0	 870	
 569	 569	  20	   4	 475	   2	   2	  17	  26	   3	  80	  20	  30	 378	1386469	1386944	   0	 870	
 570	 570	  80	   1	 384	   1	   1	  18	  26	   3	  80	  20	  30	 512	1388752	1389136	   0	 880	
 571	 571	  20	   4	 372	   2	   2	  18	  27	   3	  80	  20	  30	 578	1391036	1391408	   0	 880	
 572	 572	  80	   1	 628	   1	   1	  19	  27	   3	  80	  20	  30	 328	1393036	1393664	   0	 890	
 573	 573	  30	   4	 329	   3	   2	  19	  27	   4	  80	  20	  30	 351	1395319	1395648	   0	 890	
 574	 574	  20	   3	 453	   2	   2	  19	  28	   4	  80	  20	  30	 467	1397419	1397872	   0	 890	
 575	 575	  30	   3	 433	   3	   2	  19	  28	   5	  80	  20	  30	 337	1399519	1399952	   0	 890	
 576	 576	  20	   4	 496	   2	   2	  19	  29	   5	  80	  20	  30	 666	1401936	1402432	   0	 890	
 577	 577	  80	   1	 668	   1	   1	  20	  29	   5	  80	  20	  30	 324	1404052	1404720	   0	 900	
 578	 578	  20	   4	 365	   2	   2	  20	  30	   5	  80	  20	  30	 414	1406435	1406800	   0	 900	
 579	 579	  30	   4	 397	   3	   2	  20	  30	   6	  80	  20	  30	 348	1408435	1408832	   0	 900	
 580	 580	  20	   4	 581	   2	   2	  20	  31	   6	  80	  20	  30	 508	1410635	1411216	   0	 900	
 581	 581	  80	   1	 462	   1	   1	  21	  31	   6	  80	  20	  30	 673	1413202	1413664	   0	 910	
 582	 582	  20	   4	1007	   2	   2	  21	  32	   6	  80	  20	  30	 602	1415569	1416576	   0	 910	
 583	 583	  30	   3	 594	   3	   2	  21	  32	   7	  80	  20	  30	 417	1418302	1418896	   0	 910	
 584	 584	  20	   4	 462	   2	   2	  21	  33	   7	  80	  20	  30	 632	1420818	1421280	   0	 910	
 585	 585	  30	   4	 460	   3	   2	  21	  33	   8	  80	  20	  30	 683	1423268	1423728	   0	 910	
 586	 586	  80	   2	 378	   1	   1	  22	  33	   8	  80	  20	  30	 666	1425702	1426080	   0	 900	
 587	 587	  30	   4	1171	   3	   2	  22	  33	   9	  80	  20	  30	 479	1427852	1429023	   0	 900	
 588	 588	  80	   1	 592	   1	   1	  23	  33	   9	  80	  20	  30	 411	1430735	1431327	   0	 910	
 589	 589	  20	   4	 362	   2	   2	  23	  34	   9	  80	  20	  30	 658	1433285	1433647	   0	 910	
 590	 590	  30	   3	 493	   3	   2	  23	  34	  10	  80	  20	  30	 680	1435618	1436111	   0	 910	
 591	 591	  80	   1	 590	   1	   1	  24	  34	  10	  80	  20	  30	 567	1438001	1438591	   0	 920	
 592	 592	  20	   4	 429	   2	   2	  24	  35	  10	  80	  20	  30	 529	1440418	1440847	   0	 920	
 593	 593	  80	   1	 744	   1	   1	  25	  35	  10	  80	  20	  30	 383	1442535	1443279	   0	 930	
 594	 594	  70	   3	 724	   2	   2	  25	   1	  10	  80	  70	  30	 448	1445035	1445759	   2	 930	
 595	 595	  80	   1	 486	   1	   1	  26	   1	  10	  80	  70	  30	 335	1447401	1447887	   0	 940	
 596	 596	  30	   4	 575	   3	   2	  26	   1	  11	  80	  70	  30	 394	1449584	1450159	   0	 940	
 597	 597	  80	   1	 565	   1	   1	  27	   1	  11	  80	  70	  30	 380	1451834	1452399	   0	 950	
 598	 598	  70	   3	 609	   2	   2	  27	   2	  11	  80	  70	  30	 619	1454318	1454927	   0	 950	
 599	 599	  80	   2	 565	   1	   1	  28	   2	  11	  80	  70	  30	 394	1456618	1457183	   0	 940	
 600	 600	  30	   4	1023	   3	   2	  28	   2	  12	  80	  70	  30	 305	1458784	1459807	   0	 940	
 601	 601	  80	   1	 444	   1	   1	  29	   2	  12	  80	  70	  30	 523	1461651	1462095	   0	 950	
 602	 602	  70	   1	 472	   2	   1	  29	   3	  12	  80	  70	  30	 353	1463751	1464223	   0	 960	
 603	 603	  30	   4	 770	   3	   2	  29	   3	  13	  80	  70	  30	 387	1465917	1466687	   0	 960	
 604	 604	  70	   1	 428	   2	   1	  29	   4	  13	  80	  70	  30	 478	1468467	1468895	   0	 970	
 605	 605	  30	   4	 878	   3	   2	  29	   4	  14	  80	  70	  30	 601	1470801	1471679	   0	 970	
 606	 606	  70	   2	 416	   2	   1	  29	   5	  14	  80	  70	  30	 586	1473567	1473983	   0	 960	
 607	 607	  30	   3	 559	   3	   2	  29	   5	  15	  80	  70	  30	 694	1475967	1476526	   0	 960	
 608	 608	  70	   1	 444	   2	   1	  29	   6	  15	  80	  70	  30	 613	1478434	1478878	   0	 970	
 609	 609	  30	   4	 868	   3	   2	  29	   6	  16	  80	  70	  30	 463	1480634	1481502	   0	 970	
 610	 610	  80	   1	 636	   1	   1	  30	   6	  16	  80	  70	  30	 428	1483234	1483870	   0	 980	
 611	 611	  70	   2	 466	   2	   1	  30	   7	  16	  80	  70	  30	 690	1485884	1486350	   0	 970	
 612	 612	  30	   4	 580	   3	   2	  30	   7	  17	  80	  70	  30	 567	1488234	1488814	   0	 970	
 613	 613	  70	   1	1144	   2	   1	  30	   8	  17	  80	  70	  30	 419	1490534	1491678	   0	 980	
 614	 614	  50	   2	 801	   1	   1	   1	   8	  17	  50	  70	  30	 526	1493517	1494318	   1	 970	
 615	 615	  70	   3	 833	   2	   2	   1	   9	  17	  50	  70	  30	 301	1495933	1496766	   0	 970	
 616	 616	  30	   4	 484	   3	   2	   1	   9	  18	  50	  70	  30	 579	1498650	1499134	   0	 970	
 617	 617	  50	   4	 527	   1	   2	   2	   9	  18	  50	  70	  30	 346	1500783	1501310	   0	 970	
 618	 618	  30	   3	 541	   3	   2	   2	   9	  19	  50	  70	  30	 615	1503217	1503758	   0	 970	
 619	 619	  70	   2	 557	   2	   1	   2	  10	  19	  50	  70	  30	 579	1505633	1506190	   0	 960	
 620	 620	  30	   3	 534	   3	   2	   2	  10	  20	  50	  70	  30	 700	1508200	1508734	   0	 960	
 621	 621	  70	   3	 450	   2	   2	   2	  11	  20	  50	  70	  30	 649	1510716	1511166	   0	 960	
 622	 622	  50	   4	 520	   1	   2	   3	  11	  20	  50	  70	  30	 473	1512950	1513470	   0	 960	
 623	 623	  70	   1	 446	   2	   1	   3	  12	  20	  50	  70	  30	 445	1515216	1515662	   0	 970	
 624	 624	  50	   3	 699	   1	   2	   4	  12	  20	  50	  70	  30	 321	1517283	1517982	   0	 970	
 625	 625	  30	   3	 392	   3	   2	   4	  12	  21	  50	  70	  30	 465	1519733	1520125	   0	 970	
 626	 626	  70	   1	 390	   2	   1	   4	  13	  21	  50	  70	  30	 360	1521783	1522173	   0	 980	
 627	 627	  50	   1	 449	   1	   1	   5	  13	  21	  50	  70	  30	 444	1523916	1524365	   0	 990	
 628	 628	  30	   4	 606	   3	   2	   5	  13	  22	  50	  70	  30	 328	1525999	1526605	   0	 990	
 629	 629	  50	   4	 493	   1	   2	   6	  13	  22	  50	  70	  30	 507	1528416	1528909	   0	 990	
 630	 630	  70	   1	 475	   2	   1	   6	  14	  22	  50	  70	  30	 655	1530866	1531341	   0	1000	
 631	 631	  30	   4	 434	   3	   2	   6	  14	  23	  50	  70	  30	 445	1533099	1533533	   0	1000	
 632	 632	  50	   3	 607	   1	   2	   7	  14	  23	  50	  70	  30	 325	1535166	1535773	   0	1000	
 633	 633	  70	   2	 408	   2	   1	   7	  15	  23	  50	  70	  30	 679	1537749	1538157	   0	 990	
 634	 634	  30	   4	 991	   3	   2	   7	  15	  24	  50	  70	  30	 512	1539966	1540957	   0	 990	
 635	 635	  50	   1	 677	   1	   1	   8	  15	  24	  50	  70	  30	 352	1542616	1543293	   0	1000	
 636	 636	  30	   4	 441	   3	   2	   8	  15	  25	  50	  70	  30	 326	1544916	1545357	   0	1000	
 637	 637	  50	   1	 827	   1	   1	   9	  15	  25	  50	  70	  30	 621	1547282	1548109	   0	1010	
 638	 638	  30	   4	 445	   3	   2	   9	  15	  26	  50	  70	  30	 621	1550032	1550477	   0	1010	
 639	 639	  70	   1	 490	   2	   1	   9	  16	  26	  50	  70	  30	 329	1552099	1552589	   0	1020	
 640	 640	  50	   4	 531	   1	   2	  10	  16	  26	  50	  70	  30	 387	1554282	1554813	   0	1020	
 641	 641	  70	   1	 718	   2	   1	  10	  17	  26	  50	  70	  30	 677	1556799	1557517	   0	1030	
 642	 642	  30	   3	 551	   3	   2	  10	  17	  27	  50	  70	  30	 554	1559382	1559933	   0	1030	
 643	 643	  50	   3	 648	   1	   2	  11	  17	  27	  50	  70	  30	 518	1561765	1562413	   0	1030	
 644	 644	  70	   1	 530	   2	   1	  11	  18	  27	  50	  70	  30	 600	1564315	1564845	   0	1040	
 645	 645	  30	   4	1588	   3	   2	  11	  18	  28	  50	  70	  30	 483	1566632	1568220	   0	1040	
 646	 646	  70	   2	 694	   2	   1	  11	  19	  28	  50	  70	  30	 667	1570198	1570892	   0	1030	
 647	 647	  50	   2	 507	   1	   1	  12	  19	  28	  50	  70	  30	 672	1572865	1573372	   0	1020	
 648	 648	  30	   4	 482	   3	   2	  12	  19	  29	  50	  70	  30	 403	1575082	1575564	   0	1020	
 649	 649	  50	   4	 620	   1	   2	  13	  19	  29	  50	  70	  30	 366	1577248	1577868	   0	1020	
 650	 650	  30	   3	 483	   3	   2	  13	  19	  30	  50	  70	  30	 695	1579865	1580348	   0	1020	
 651	 651	  70	   2	 748	   2	   1	  13	  20	  30	  50	  70	  30	 361	1582032	1582780	   0	1010	
 652	 652	  30	   4	 372	   3	   2	  13	  20	   1	  50	  70	  30	 556	1584632	1585004	   0	1010	
 653	 653	  50	   3	 474	   1	   2	  14	  20	   1	  50	  70	  30	 596	1586898	1587372	   0	1010	
 654	 654	  70	   2	 492	   2	   1	  14	  21	   1	  50	  70	  30	 582	1589248	1589740	   0	1000	
 655	 655	  50	   1	 584	   1	   1	  15	  21	   1	  50	  70	  30	 301	1591348	1591932	   0	1010	
 656	 656	  70	   1	1423	   2	   1	  15	  22	   1	  50	  70	  30	 336	1593581	1595004	   0	1020	
 657	 657	  30	   4	 476	   3	   2	  15	  22	   2	  50	  70	  30	 543	1596848	1597324	   0	1020	
 658	 658	  50	   2	 454	   1	   1	  16	  22	   2	  50	  70	  30	 372	1598998	1599452	   0	1010	
 659	 659	  30	   4	 740	   3	   2	  16	  22	   3	  50	  70	  30	 306	1601064	1601804	   0	1010	
 660	 660	  70	   1	 490	   2	   1	  16	  23	   3	  50	  70	  30	 588	1603698	1604188	   0	1020	
 661	 661	  30	   4	 414	   3	   2	  16	  23	   4	  50	  70	  30	 514	1606014	1606428	   0	1020	
 662	 662	  70	   1	 713	   2	   1	  16	  24	   4	  50	  70	  30	 402	1608131	1608844	   0	1030	
 663	 663	  30	   3	 644	   3	   2	  16	  24	   5	  50	  70	  30	 497	1610631	1611275	   0	1030	
 664	 664	  70	   1	 850	   2	   1	  16	  25	   5	  50	  70	  30	 511	1613081	1613931	   0	1040	
 665	 665	  50	   1	 544	   1	   1	  17	  25	   5	  50	  70	  30	 687	1615931	1616475	   0	1050	
 666	 666	  30	   4	 553	   3	   2	  17	  25	   6	  50	  70	  30	 347	1618114	1618667	   0	1050	
 667	 667	  70	   1	 409	   2	   1	  17	  26	   6	  50	  70	  30	 535	1620514	1620923	   0	1060	
 668	 668	  30	   3	 508	   3	   2	  17	  26	   7	  50	  70	  30	 602	1622831	1623339	   0	1060	
 669	 669	  50	   4	 566	   1	   2	  18	  26	   7	  50	  70	  30	 365	1624997	1625563	   0	1060	
 670	 670	  70	   2	 422	   2	   1	  18	  27	   7	  50	  70	  30	 531	1627397	1627819	   0	1050	
 671	 671	  50	   1	 701	   1	   1	  19	  27	   7	  50	  70	  30	 468	1629614	1630315	   0	1060	
 672	 672	  30	   4	 507	   3	   2	  19	  27	   8	  50	  70	  30	 461	1632080	1632587	   0	1060	
 673	 673	  70	   1	 531	   2	   1	  19	  28	   8	  50	  70	  30	 396	1634280	1634811	   0	1070	
 674	 674	  30	   4	 373	   3	   2	  19	  28	   9	  50	  70	  30	 525	1636630	1637003	   0	1070	
 675	 675	  50	   4	 505	   1	   2	  20	  28	   9	  50	  70	  30	 623	1638930	1639435	   0	1070	
 676	 676	  70	   1	 382	   2	   1	  20	  29	   9	  50	  70	  30	 464	1641197	1641579	   0	1080	
 677	 677	  30	   3	 399	   3	   2	  20	  29	  10	  50	  70	  30	 694	1643564	1643963	   0	1080	
 678	 678	  50	   1	 419	   1	   1	  21	  29	  10	  50	  70	  30	 605	1645880	1646299	   0	1090	
 679	 679	  70	   4	 854	   2	   2	  21	  30	  10	  50	  70	  30	 615	1648213	1649067	   0	1090	
 680	 680	  50	   1	 591	   1	   1	  22	  30	  10	  50	  70	  30	 413	1650780	1651371	   0	1100	
 681	 681	  30	   4	 495	   3	   2	  22	  30	  11	  50	  70	  30	 466	1653180	1653675	   0	1100	
 682	 682	  50	   1	 544	   1	   1	  23	  30	  11	  50	  70	  30	 570	1655547	1656091	   0	1110	
 683	 683	  30	   4	 355	   3	   2	  23	  30	  12	  50	  70	  30	 457	1657847	1658202	   0	1110	
 684	 684	  50	   4	 385	   1	   2	  24	  30	  12	  50	  70	  30	 398	1659897	1660282	   0	1110	
 685	 685	  70	   1	 485	   2	   1	  24	  31	  12	  50	  70	  30	 632	1662213	1662698	   0	1120	
 686	 686	  50	   4	 492	   1	   2	  25	  31	  12	  50	  70	  30	 436	1664446	1664938	   0	1120	
 687	 687	  70	   3	 456	   2	   2	  25	  32	  12	  50	  70	  30	 308	1666546	1667002	   0	1120	
 688	 688	  50	   4	 692	   1	   2	  26	  32	  12	  50	  70	  30	 342	1668646	1669338	   0	1120	
 689	 689	  30	   4	 600	   3	   2	  26	  32	  13	  50	  70	  30	 303	1670946	1671546	   0	1120	
 690	 690	  50	   2	 444	   1	   1	  27	  32	  13	  50	  70	  30	 391	1673246	1673690	   0	1110	
 691	 691	  30	   4	 603	   3	   2	  27	  32	  14	  50	  70	  30	 651	1675663	1676266	   0	1110	
 692	 692	  70	   1	 597	   2	   1	  27	  33	  14	  50	  70	  30	 662	1678229	1678826	   0	1120	
 693	 693	  30	   3	 621	   3	   2	  27	  33	  15	  50	  70	  30	 688	1680813	1681434	   0	1120	
 694	 694	  50	   1	 722	   1	   1	  28	  33	  15	  50	  70	  30	 361	1683096	1683818	   0	1130	
 695	 695	  70	   2	 582	   2	   1	  28	  34	  15	  50	  70	  30	 674	1685796	1686378	   0	1120	
 696	 696	  30	   4	 465	   3	   2	  28	  34	  16	  50	  70	  30	 645	1688313	1688778	   0	1120	
 697	 697	  50	   2	 537	   1	   1	  29	  34	  16	  50	  70	  30	 458	1690529	1691066	   0	1110	
 698	 698	  30	   4	 570	   3	   2	  29	  34	  17	  50	  70	  30	 533	1692912	1693482	   0	1110	
 699	 699	  50	   3	 476	   1	   2	  30	  34	  17	  50	  70	  30	 456	1695246	1695722	   0	1110	
 700	 700	  30	   4	 432	   3	   2	  30	  34	  18	  50	  70	  30	 528	1697546	1697978	   0	1110	
 701	 701	  70	   1	 388	   2	   1	  30	  35	  18	  50	  70	  30	 537	1699846	1700234	   0	1120	
 702	 702	  30	   3	 515	   3	   2	  30	  35	  19	  50	  70	  30	 339	1701879	1702394	   0	1120	
 703	 703	  50	   2	 589	   1	   1	  31	  35	  19	  50	  70	  30	 300	1703996	1704585	   0	1110	
 704	 704	  30	   3	1029	   3	   2	  31	  35	  20	  50	  70	  30	 331	1706212	1707241	   0	1110	
 705	 705	  50	   4	 551	   1	   2	  32	  35	  20	  50	  70	  30	 423	1708962	1709513	   0	1110	
 706	 706	  70	   1	 478	   2	   1	  32	   1	  20	  50	  70	  30	 375	1711195	1711673	   0	1120	
 707	 707	  50	   1	 594	   1	   1	  33	   1	  20	  50	  70	  30	 511	1713479	1714073	   0	1130	
 708	 708	  30	   3	 476	   3	   2	  33	   1	  21	  50	  70	  30	 649	1716029	1716505	   0	1130	
 709	 709	  50	   4	 634	   1	   2	   1	   1	  21	  50	  70	  30	 684	1718495	1719129	   0	1130	
