Version: 1	Number of symbols: 3	Pictures exchange: true	Response Deadline: 2000
Trial_No	Virt_Trial_No	Prob_Shown	Feedback	RT	Stimulus_No	Resp	SymbolA_Stage	SymbolB_Stage	SymbolC_Stage	Prob_A	Prob_B	Prob_C	Jitter	StimOnset	RespOnset	Symbol_Changes	Bonus_sum
   1	   1	  30	   2	 912	   1	   1	   1	   0	   0	  30	  70	  50	 598	1764	2676	   0	 -10	
   2	   2	  50	   2	 695	   3	   1	   1	   0	   1	  30	  70	  50	 302	4291	4986	   0	 -20	
   3	   3	  30	   2	1332	   1	   1	   2	   0	   1	  30	  70	  50	 336	6634	7966	   0	 -30	
   4	   4	  50	   3	 996	   3	   2	   2	   0	   2	  30	  70	  50	 558	9826	10822	   0	 -30	
   5	   5	  70	   1	1654	   2	   1	   2	   1	   2	  30	  70	  50	 697	12834	14488	   0	 -20	
   6	   6	  30	   4	 805	   1	   2	   3	   1	   2	  30	  70	  50	 373	16159	16964	   0	 -20	
   7	   7	  50	   2	1599	   3	   1	   3	   1	   3	  30	  70	  50	 357	18619	20218	   0	 -30	
   8	   8	  70	   1	 963	   2	   1	   3	   2	   3	  30	  70	  50	 479	21993	22956	   0	 -20	
   9	   9	  50	   4	 686	   3	   2	   3	   2	   4	  30	  70	  50	 424	24686	25372	   0	 -20	
  10	  10	  30	   1	1937	   1	   1	   4	   2	   4	  30	  70	  50	 589	27263	29200	   0	 -10	
  11	  11	  50	   3	 772	   3	   2	   4	   2	   5	  30	  70	  50	 580	31102	31874	   0	 -10	
  12	  12	  70	   1	1814	   2	   1	   4	   3	   5	  30	  70	  50	 656	33828	35642	   0	   0	
  13	  13	  50	   4	 730	   3	   2	   4	   3	   6	  30	  70	  50	 397	37352	38082	   0	   0	
  14	  14	  70	   2	 714	   2	   1	   4	   4	   6	  30	  70	  50	 576	39962	40676	   0	 -10	
  15	  15	  50	   1	1263	   3	   1	   4	   4	   7	  30	  70	  50	 505	42489	43752	   0	   0	
  16	  16	  30	   1	 996	   1	   1	   5	   4	   7	  30	  70	  50	 625	45680	46676	   0	  10	
  17	  17	  70	   2	 658	   2	   1	   5	   5	   7	  30	  70	  50	 590	48572	49230	   0	   0	
  18	  18	  50	   1	 809	   3	   1	   5	   5	   8	  30	  70	  50	 623	51149	51958	   0	  10	
  19	  19	  70	   1	1023	   2	   1	   5	   6	   8	  30	  70	  50	 362	53609	54632	   0	  20	
  20	  20	  30	   4	 730	   1	   2	   6	   6	   8	  30	  70	  50	 596	56534	57264	   0	  20	
  21	  21	  50	   2	 699	   3	   1	   6	   6	   9	  30	  70	  50	 478	59061	59760	   0	  10	
  22	  22	  30	   2	1062	   1	   1	   7	   6	   9	  30	  70	  50	 437	61504	62566	   0	   0	
  23	  23	  50	   1	 772	   3	   1	   7	   6	  10	  30	  70	  50	 512	64380	65152	   0	  10	
  24	  24	  30	   2	1071	   1	   1	   8	   6	  10	  30	  70	  50	 688	67139	68210	   0	   0	
  25	  25	  70	   1	 647	   2	   1	   8	   7	  10	  30	  70	  50	 660	70165	70812	   0	  10	
  26	  26	  50	   3	1267	   3	   2	   8	   7	  11	  30	  70	  50	 569	72691	73958	   0	  10	
  27	  27	  30	   4	1346	   1	   2	   9	   7	  11	  30	  70	  50	 548	75816	77162	   0	  10	
  28	  28	  50	   2	 627	   3	   1	   9	   7	  12	  30	  70	  50	 680	79157	79784	   0	   0	
  29	  29	  70	   1	 609	   2	   1	   9	   8	  12	  30	  70	  50	 413	81501	82110	   0	  10	
  30	  30	  50	   3	 642	   3	   2	   9	   8	  13	  30	  70	  50	 641	84044	84686	   0	  10	
  31	  31	  70	   1	 550	   2	   1	   9	   9	  13	  30	  70	  50	 494	86488	87038	   0	  20	
  32	  32	  50	   1	 596	   3	   1	   9	   9	  14	  30	  70	  50	 550	88898	89494	   0	  30	
  33	  33	  30	   3	 682	   1	   2	  10	   9	  14	  30	  70	  50	 354	91158	91840	   0	  30	
  34	  34	  70	   2	 591	   2	   1	  10	  10	  14	  30	  70	  50	 684	93835	94426	   0	  20	
  35	  35	  30	   2	 753	   1	   1	  11	  10	  14	  30	  70	  50	 357	96079	96832	   0	  10	
  36	  36	  70	   1	 596	   2	   1	  11	  11	  14	  30	  70	  50	 502	98638	99234	   0	  20	
  37	  37	  50	   4	 805	   3	   2	  11	  11	  15	  30	  70	  50	 520	101065	101870	   0	  20	
  38	  38	  30	   1	1552	   1	   1	  12	  11	  15	  30	  70	  50	 435	103608	105160	   0	  30	
  39	  39	  70	   2	1107	   2	   1	  12	  12	  15	  30	  70	  50	 571	107033	108140	   0	  20	
  40	  40	  30	   2	 913	   1	   1	  13	  12	  15	  30	  70	  50	 432	109875	110788	   0	  10	
  41	  41	  50	   1	 855	   3	   1	  13	  12	  16	  30	  70	  50	 366	112485	113340	   0	  20	
  42	  42	  70	   1	 548	   2	   1	  13	  13	  16	  30	  70	  50	 603	115244	115792	   0	  30	
  43	  43	  30	   4	 591	   1	   2	  14	  13	  16	  30	  70	  50	 312	117405	117996	   0	  30	
  44	  44	  70	   1	 663	   2	   1	  14	  14	  16	  30	  70	  50	 453	119749	120412	   0	  40	
  45	  45	  50	   4	 795	   3	   2	  14	  14	  17	  30	  70	  50	 552	122275	123070	   0	  40	
  46	  46	  30	   2	 790	   1	   1	  15	  14	  17	  30	  70	  50	 540	124918	125708	   0	  30	
  47	  47	  70	   1	 650	   2	   1	  15	  15	  17	  30	  70	  50	 303	127312	127962	   0	  40	
  48	  48	  30	   3	 702	   1	   2	  16	  15	  17	  30	  70	  50	 335	129606	130308	   0	  40	
  49	  49	  70	   2	 475	   2	   1	  16	  16	  17	  30	  70	  50	 652	132265	132740	   0	  30	
  50	  50	  30	   4	 730	   1	   2	  17	  16	  17	  30	  70	  50	 540	134576	135306	   0	  30	
  51	  51	  70	   1	 517	   2	   1	  17	  17	  17	  30	  70	  50	 561	137185	137702	   0	  40	
  52	  52	  30	   4	 621	   1	   2	  18	  17	  17	  30	  70	  50	 690	139695	140316	   0	  40	
  53	  53	  70	   1	 856	   2	   1	  18	  18	  17	  30	  70	  50	 550	142172	143028	   0	  50	
  54	  54	  30	   3	 768	   1	   2	  19	  18	  17	  30	  70	  50	 635	144964	145732	   0	  50	
  55	  55	  70	   2	 448	   2	   1	  19	  19	  17	  30	  70	  50	 682	147724	148172	   0	  40	
  56	  56	  50	   4	 397	   3	   2	  19	  19	  18	  30	  70	  50	 624	150101	150498	   0	  40	
  57	  57	  30	   2	 652	   1	   1	  20	  19	  18	  30	  70	  50	 681	152494	153146	   0	  30	
  58	  58	  70	   1	 872	   2	   1	  20	  20	  18	  30	  70	  50	 494	154938	155810	   0	  40	
  59	  59	  50	   1	 739	   3	   1	  20	  20	  19	  30	  70	  50	 305	157415	158154	   0	  50	
  60	  60	  30	   4	 559	   1	   2	  21	  20	  19	  30	  70	  50	 491	159941	160500	   0	  50	
  61	  61	  50	   2	1013	   3	   1	  21	  20	  20	  30	  70	  50	 426	162235	163248	   0	  40	
  62	  62	  70	   1	 606	   2	   1	  21	  21	  20	  30	  70	  50	 610	165160	165766	   0	  50	
  63	  63	  50	   2	 707	   3	   1	  21	  21	  21	  30	  70	  50	 450	167521	168228	   0	  40	
  64	  64	  70	   2	1058	   2	   1	  21	  22	  21	  30	  70	  50	 479	169998	171056	   0	  30	
  65	  65	  50	   1	1567	   3	   1	  21	  22	  22	  30	  70	  50	 527	172873	174440	   0	  40	
NaN	  66	  30	NaN	NaN	   1	   3	  21	  22	  22	  30	  70	  50	 316	172873	NaN	   0	  40	
  66	  67	  70	   1	 494	   2	   1	  21	  23	  22	  30	  70	  50	 611	179938	180432	   0	  50	
  67	  68	  30	   3	 852	   1	   2	  22	  23	  22	  30	  70	  50	 312	182032	182884	   0	  50	
  68	  69	  50	   2	 658	   3	   1	  22	  23	  23	  30	  70	  50	 669	184858	185516	   0	  40	
  69	  70	  70	   1	1330	   2	   1	  22	  24	  23	  30	  70	  50	 392	187202	188532	   0	  50	
  70	  71	  50	   2	 488	   3	   1	  22	  24	  24	  30	  70	  50	 689	190526	191014	   0	  40	
  71	  72	  70	   1	 780	   2	   1	  22	  25	  24	  30	  70	  50	 384	192720	193500	   0	  50	
  72	  73	  50	   3	 757	   3	   2	  22	  25	  25	  30	  70	  50	 608	195413	196170	   0	  50	
  73	  74	  70	   2	 689	   2	   1	  22	  26	  25	  30	  70	  50	 549	198023	198712	   0	  40	
  74	  75	  50	   4	1328	   3	   2	  22	  26	  26	  30	  70	  50	 623	200632	201960	   0	  40	
  75	  76	  70	   1	 609	   2	   1	  22	  27	  26	  30	  70	  50	 317	203591	204200	   0	  50	
  76	  77	  50	   1	1043	   3	   1	  22	  27	  27	  30	  70	  50	 340	205835	206878	   0	  60	
  77	  78	  70	   1	 425	   2	   1	  22	  28	  27	  30	  70	  50	 551	208727	209152	   0	  70	
  78	  79	  50	   3	 576	   3	   2	  22	  28	  28	  30	  70	  50	 640	211088	211664	   0	  70	
  79	  80	  30	   2	 798	   1	   1	  23	  28	  28	  30	  70	  50	 382	213348	214146	   0	  60	
  80	  81	  70	   2	 744	   2	   1	  23	  29	  28	  30	  70	  50	 362	215808	216552	   0	  50	
  81	  82	  30	   2	 997	   1	   1	  24	  29	  28	  30	  70	  50	 681	218551	219548	   0	  40	
  82	  83	  50	   2	 763	   3	   1	  24	  29	  29	  30	  70	  50	 471	221327	222090	   0	  30	
  83	  84	  30	   2	1149	   1	   1	  25	  29	  29	  30	  70	  50	 551	223953	225102	   0	  20	
  84	  85	  70	   1	 566	   2	   1	  25	  30	  29	  30	  70	  50	 553	226962	227528	   0	  30	
  85	  86	  50	   3	 573	   3	   2	  25	  30	  30	  30	  70	  50	 447	229289	229862	   0	  30	
  86	  87	  70	   1	 761	   2	   1	  25	  31	  30	  30	  70	  50	 467	231633	232394	   0	  40	
  87	  88	  30	   4	1498	   3	   2	  25	  31	   1	  30	  70	  30	 538	234276	235774	   3	  40	
  88	  89	  30	   1	 583	   1	   1	  26	  31	   1	  30	  70	  30	 598	237683	238266	   0	  50	
  89	  90	  70	   2	 559	   2	   1	  26	  32	   1	  30	  70	  30	 504	240077	240636	   0	  40	
  90	  91	  30	   1	 764	   3	   1	  26	  32	   2	  30	  70	  30	 307	242238	243002	   0	  50	
  91	  92	  70	   1	 672	   2	   1	  26	  33	   2	  30	  70	  30	 385	244714	245386	   0	  60	
  92	  93	  30	   2	 978	   1	   1	  27	  33	   2	  30	  70	  30	 683	247374	248352	   0	  50	
  93	  94	  30	   4	 976	   3	   2	  27	  33	   3	  30	  70	  30	 495	250150	251126	   0	  50	
  94	  95	  30	   4	 510	   1	   2	  28	  33	   3	  30	  70	  30	 498	252926	253436	   0	  50	
  95	  96	  20	   2	 466	   2	   1	  28	   1	   3	  30	  20	  30	 594	255336	255802	   2	  40	
  96	  97	  30	   1	 605	   1	   1	  29	   1	   3	  30	  20	  30	 676	257779	258384	   0	  50	
  97	  98	  30	   2	 799	   3	   1	  29	   1	   4	  30	  20	  30	 699	260389	261188	   0	  40	
  98	  99	  30	   2	 996	   1	   1	  30	   1	   4	  30	  20	  30	 472	262966	263962	   0	  30	
  99	 100	  30	   2	 696	   3	   1	  30	   1	   5	  30	  20	  30	 429	265692	266388	   0	  20	
 100	 101	  20	   4	 794	   2	   2	  30	   2	   5	  30	  20	  30	 455	268152	268946	   0	  20	
 101	 102	  30	   4	 551	   1	   2	  31	   2	   5	  30	  20	  30	 496	270761	271312	   0	  20	
 102	 103	  20	   1	 791	   2	   1	  31	   3	   5	  30	  20	  30	 471	273089	273880	   0	  30	
 103	 104	  30	   3	1003	   3	   2	  31	   3	   6	  30	  20	  30	 439	275615	276618	   0	  30	
 104	 105	  20	   2	 713	   2	   1	  31	   4	   6	  30	  20	  30	 585	278507	279220	   0	  20	
 105	 106	  30	   4	 664	   3	   2	  31	   4	   7	  30	  20	  30	 447	280984	281648	   0	  20	
 106	 107	  20	   4	 617	   2	   2	  31	   5	   7	  30	  20	  30	 525	283477	284094	   0	  20	
 107	 108	  30	   2	 540	   3	   1	  31	   5	   8	  30	  20	  30	 509	285904	286444	   0	  10	
 108	 109	  20	   1	 499	   2	   1	  31	   6	   8	  30	  20	  30	 636	288381	288880	   0	  20	
 109	 110	  30	   1	1261	   1	   1	  32	   6	   8	  30	  20	  30	 383	290575	291836	   0	  30	
 110	 111	  30	   4	 865	   3	   2	  32	   6	   9	  30	  20	  30	 312	293451	294316	   0	  30	
 111	 112	  20	   4	 833	   2	   2	  32	   7	   9	  30	  20	  30	 445	296077	296910	   0	  30	
 112	 113	  30	   3	1156	   3	   2	  32	   7	  10	  30	  20	  30	 507	298720	299876	   0	  30	
 113	 114	  30	   2	1266	   1	   1	  33	   7	  10	  30	  20	  30	 539	301712	302978	   0	  20	
 114	 115	  30	   1	 820	   3	   1	  33	   7	  11	  30	  20	  30	 375	304654	305474	   0	  30	
 115	 116	  30	   2	 672	   1	   1	  34	   7	  11	  30	  20	  30	 499	307280	307952	   0	  20	
 116	 117	  30	   4	1443	   3	   2	  34	   7	  12	  30	  20	  30	 396	309641	311084	   0	  20	
 117	 118	  30	   2	 678	   1	   1	  35	   7	  12	  30	  20	  30	 392	312782	313460	   0	  10	
 118	 119	  30	   2	 903	   3	   1	  35	   7	  13	  30	  20	  30	 449	315209	316112	   0	   0	
 119	 120	  20	   2	 821	   2	   1	  35	   8	  13	  30	  20	  30	 509	317919	318740	   0	 -10	
 120	 121	  80	   1	 939	   1	   1	   1	   8	  13	  80	  20	  30	 582	320645	321584	   1	   0	
 121	 122	  30	   4	 625	   3	   2	   1	   8	  14	  80	  20	  30	 694	323587	324212	   0	   0	
 122	 123	  80	   1	 617	   1	   1	   2	   8	  14	  80	  20	  30	 423	325931	326548	   0	  10	
 123	 124	  30	   3	 500	   3	   2	   2	   8	  15	  80	  20	  30	 616	328474	328974	   0	  10	
 124	 125	  80	   4	1087	   1	   2	   3	   8	  15	  80	  20	  30	 638	330917	332004	   0	  10	
 125	 126	  30	   2	 723	   3	   1	   3	   8	  16	  80	  20	  30	 656	333959	334682	   0	   0	
 126	 127	  80	   1	 678	   1	   1	   4	   8	  16	  80	  20	  30	 553	336536	337214	   0	  10	
 127	 128	  30	   4	1735	   3	   2	   4	   8	  17	  80	  20	  30	 353	338879	340614	   0	  10	
 128	 129	  20	   4	1306	   2	   2	   4	   9	  17	  80	  20	  30	 616	342536	343842	   0	  10	
 129	 130	  80	   1	 620	   1	   1	   5	   9	  17	  80	  20	  30	 658	345794	346414	   0	  20	
 130	 131	  30	   4	 831	   3	   2	   5	   9	  18	  80	  20	  30	 564	348287	349118	   0	  20	
 131	 132	  80	   2	 770	   1	   1	   6	   9	  18	  80	  20	  30	 378	350814	351584	   0	  10	
 132	 133	  30	   3	 752	   3	   2	   6	   9	  19	  80	  20	  30	 443	353324	354076	   0	  10	
 133	 134	  80	   1	 553	   1	   1	   7	   9	  19	  80	  20	  30	 388	355767	356320	   0	  20	
 134	 135	  20	   2	 757	   2	   1	   7	  10	  19	  80	  20	  30	 543	358161	358918	   0	  10	
 135	 136	  80	   1	 550	   1	   1	   8	  10	  19	  80	  20	  30	 683	360904	361454	   0	  20	
 136	 137	  20	   3	 807	   2	   2	   8	  11	  19	  80	  20	  30	 467	363231	364038	   0	  20	
 137	 138	  80	   1	 538	   1	   1	   9	  11	  19	  80	  20	  30	 345	365674	366212	   0	  30	
 138	 139	  20	   4	1054	   2	   2	   9	  12	  19	  80	  20	  30	 668	368184	369238	   0	  30	
 139	 140	  30	   2	 907	   3	   1	   9	  12	  20	  80	  20	  30	 411	370943	371850	   0	  20	
 140	 141	  80	   1	 583	   1	   1	  10	  12	  20	  80	  20	  30	 672	373819	374402	   0	  30	
 141	 142	  30	   3	 667	   3	   2	  10	  12	  21	  80	  20	  30	 536	376263	376930	   0	  30	
 142	 143	  20	   4	 796	   2	   2	  10	  13	  21	  80	  20	  30	 582	378822	379618	   0	  30	
 143	 144	  80	   2	 563	   1	   1	  11	  13	  21	  80	  20	  30	 428	381349	381912	   0	  20	
 144	 145	  30	   2	 927	   3	   1	  11	  13	  22	  80	  20	  30	 473	383693	384620	   0	  10	
 145	 146	  20	   4	 822	   2	   2	  11	  14	  22	  80	  20	  30	 370	386286	387108	   0	  10	
 146	 147	  30	   4	 711	   3	   2	  11	  14	  23	  80	  20	  30	 690	389095	389806	   0	  10	
NaN	 148	  20	NaN	NaN	   2	   3	  11	  14	  23	  80	  20	  30	 434	389095	NaN	   0	  10	
 147	 149	  80	   1	 566	   1	   1	  12	  14	  23	  80	  20	  30	 499	395312	395878	   0	  20	
 148	 150	  20	   4	 698	   2	   2	  12	  15	  23	  80	  20	  30	 495	397672	398370	   0	  20	
 149	 151	  80	   1	 507	   1	   1	  13	  15	  23	  80	  20	  30	 464	400149	400656	   0	  30	
 150	 152	  20	   4	 473	   2	   2	  13	  16	  23	  80	  20	  30	 646	402609	403082	   0	  30	
 151	 153	  30	   4	 623	   3	   2	  13	  16	  24	  80	  20	  30	 305	404703	405326	   0	  30	
 152	 154	  20	   4	 629	   2	   2	  13	  17	  24	  80	  20	  30	 488	407113	407742	   0	  30	
 153	 155	  80	   1	 791	   1	   1	  14	  17	  24	  80	  20	  30	 300	409357	410148	   0	  40	
 154	 156	  30	   4	 511	   3	   2	  14	  17	  25	  80	  20	  30	 501	411951	412462	   0	  40	
 155	 157	  80	   3	 844	   1	   2	  15	  17	  25	  80	  20	  30	 631	414394	415238	   0	  40	
 156	 158	  20	   3	 588	   2	   2	  15	  18	  25	  80	  20	  30	 698	417236	417824	   0	  40	
 157	 159	  30	   4	 719	   3	   2	  15	  18	  26	  80	  20	  30	 527	419647	420366	   0	  40	
 158	 160	  80	   1	 572	   1	   1	  16	  18	  26	  80	  20	  30	 473	422140	422712	   0	  50	
 159	 161	  20	   4	 728	   2	   2	  16	  19	  26	  80	  20	  30	 326	424334	425062	   0	  50	
 160	 162	  30	   3	 723	   3	   2	  16	  19	  27	  80	  20	  30	 673	427043	427766	   0	  50	
 161	 163	  80	   1	 539	   1	   1	  17	  19	  27	  80	  20	  30	 572	429653	430192	   0	  60	
 162	 164	  30	   4	 577	   3	   2	  17	  19	  28	  80	  20	  30	 603	432097	432674	   0	  60	
 163	 165	  20	   4	 648	   2	   2	  17	  20	  28	  80	  20	  30	 421	434390	435038	   0	  60	
 164	 166	  30	   4	 928	   3	   2	  17	  20	  29	  80	  20	  30	 530	436884	437812	   0	  60	
 165	 167	  80	   2	 615	   1	   1	  18	  20	  29	  80	  20	  30	 526	439643	440258	   0	  50	
 166	 168	  30	   3	 570	   3	   2	  18	  20	  30	  80	  20	  30	 609	442170	442740	   0	  50	
 167	 169	  20	   4	 679	   2	   2	  18	  21	  30	  80	  20	  30	 528	444563	445242	   0	  50	
 168	 170	  30	   2	 542	   3	   1	  18	  21	  31	  80	  20	  30	 326	446874	447416	   0	  40	
 169	 171	  80	   1	 562	   1	   1	  19	  21	  31	  80	  20	  30	 403	449118	449680	   0	  50	
 170	 172	  30	   4	 489	   3	   2	  19	  21	  32	  80	  20	  30	 515	451511	452000	   0	  50	
 171	 173	  20	   4	 636	   2	   2	  19	  22	  32	  80	  20	  30	 497	453822	454458	   0	  50	
NaN	 174	  80	NaN	NaN	   1	   3	  19	  22	  32	  80	  20	  30	 340	453822	NaN	   0	  50	
NaN	 175	  30	NaN	NaN	   3	   3	  19	  22	  32	  80	  20	  30	 606	453822	NaN	   0	  50	
 172	 176	  80	   1	1604	   1	   1	  20	  22	  32	  80	  20	  30	 691	463928	465532	   0	  60	
 173	 177	  30	   4	 480	   3	   2	  20	  22	  33	  80	  20	  30	 344	467170	467650	   0	  60	
 174	 178	  80	   1	 531	   1	   1	  21	  22	  33	  80	  20	  30	 539	469497	470028	   0	  70	
 175	 179	  30	   3	 449	   3	   2	  21	  22	  34	  80	  20	  30	 519	471857	472306	   0	  70	
 176	 180	  20	   3	 582	   2	   2	  21	  23	  34	  80	  20	  30	 417	474034	474616	   0	  70	
 177	 181	  30	   4	 299	   3	   2	  21	  23	  35	  80	  20	  30	 540	476461	476760	   0	  70	
 178	 182	  20	   2	 494	   2	   1	  21	  24	  35	  80	  20	  30	 598	478672	479166	   0	  60	
 179	 183	  80	   3	 522	   1	   2	  22	  24	  35	  80	  20	  30	 652	481116	481638	   0	  60	
 180	 184	  70	   1	1022	   3	   1	  22	  24	   1	  80	  20	  70	 641	483592	484614	   3	  70	
 181	 185	  20	   3	 841	   2	   2	  22	  25	   1	  80	  20	  70	 504	486435	487276	   0	  70	
 182	 186	  70	   2	 740	   3	   1	  22	  25	   2	  80	  20	  70	 528	489094	489834	   0	  60	
 183	 187	  20	   4	 510	   2	   2	  22	  26	   2	  80	  20	  70	 449	491588	492098	   0	  60	
NaN	 188	  70	NaN	NaN	   3	   3	  22	  26	   2	  80	  20	  70	 389	491588	NaN	   0	  60	
 184	 189	  20	   4	 356	   2	   2	  22	  27	   2	  80	  20	  70	 636	497688	498044	   0	  60	
 185	 190	  80	   2	 378	   1	   1	  23	  27	   2	  80	  20	  70	 591	499932	500310	   0	  50	
 186	 191	  70	   1	 786	   3	   1	  23	  27	   3	  80	  20	  70	 405	502010	502796	   0	  60	
 187	 192	  80	   1	 466	   1	   1	  24	  27	   3	  80	  20	  70	 635	504736	505202	   0	  70	
 188	 193	  20	   4	 813	   2	   2	  24	  28	   3	  80	  20	  70	 386	506897	507710	   0	  70	
NaN	 194	  70	NaN	NaN	   3	   3	  24	  28	   3	  80	  20	  70	 696	506897	NaN	   0	  70	
 189	 195	  20	   4	 320	   2	   2	  24	  29	   3	  80	  20	  70	 475	513462	513782	   0	  70	
 190	 196	  70	   2	 578	   3	   1	  24	  29	   4	  80	  20	  70	 451	515540	516118	   0	  60	
 191	 197	  80	   2	 541	   1	   1	  25	  29	   4	  80	  20	  70	 483	517917	518458	   0	  50	
 192	 198	  20	   4	 478	   2	   2	  25	  30	   4	  80	  20	  70	 485	520244	520722	   0	  50	
 193	 199	  70	   1	 574	   3	   1	  25	  30	   5	  80	  20	  70	 523	522538	523112	   0	  60	
 194	 200	  50	   1	 900	   2	   1	  25	   1	   5	  80	  50	  70	 568	524998	525898	   2	  70	
 195	 201	  80	   1	 580	   1	   1	  26	   1	   5	  80	  50	  70	 569	527774	528354	   0	  80	
NaN	 202	  70	NaN	NaN	   3	   3	  26	   1	   5	  80	  50	  70	 696	527774	NaN	   0	  80	
 196	 203	  50	   4	 603	   2	   2	  26	   2	   5	  80	  50	  70	 626	534257	534860	   0	  80	
 197	 204	  70	   1	 536	   3	   1	  26	   2	   6	  80	  50	  70	 463	536634	537170	   0	  90	
 198	 205	  50	   1	 648	   2	   1	  26	   3	   6	  80	  50	  70	 362	538828	539476	   0	 100	
 199	 206	  70	   3	1261	   3	   2	  26	   3	   7	  80	  50	  70	 584	541371	542632	   0	 100	
NaN	 207	  50	NaN	NaN	   2	   3	  26	   3	   7	  80	  50	  70	 542	541371	NaN	   0	 100	
NaN	 208	  80	NaN	NaN	   1	   3	  26	   3	   7	  80	  50	  70	 666	541371	NaN	   0	 100	
 200	 209	  50	   2	 462	   2	   1	  26	   4	   7	  80	  50	  70	 623	552308	552770	   0	  90	
 201	 210	  80	   1	 507	   1	   1	  27	   4	   7	  80	  50	  70	 655	554735	555242	   0	 100	
 202	 211	  70	   2	 543	   3	   1	  27	   4	   8	  80	  50	  70	 475	557013	557556	   0	  90	
 203	 212	  50	   2	 628	   2	   1	  27	   5	   8	  80	  50	  70	 438	559290	559918	   0	  80	
 204	 213	  80	   1	 624	   1	   1	  28	   5	   8	  80	  50	  70	 615	561850	562474	   0	  90	
 205	 214	  70	   1	 651	   3	   1	  28	   5	   9	  80	  50	  70	 421	564193	564844	   0	 100	
 206	 215	  80	   1	1166	   1	   1	  29	   5	   9	  80	  50	  70	 632	566786	567952	   0	 110	
 207	 216	  70	   1	 703	   3	   1	  29	   5	  10	  80	  50	  70	 659	569911	570614	   0	 120	
 208	 217	  50	   3	 934	   2	   2	  29	   6	  10	  80	  50	  70	 418	572338	573272	   0	 120	
 209	 218	  80	   1	 970	   1	   1	  30	   6	  10	  80	  50	  70	 526	575098	576068	   0	 130	
 210	 219	  50	   1	 642	   2	   1	  30	   7	  10	  80	  50	  70	 369	577740	578382	   0	 140	
 211	 220	  80	   3	 856	   1	   2	  31	   7	  10	  80	  50	  70	 600	580300	581156	   0	 140	
 212	 221	  70	   2	 589	   3	   1	  31	   7	  11	  80	  50	  70	 328	582777	583366	   0	 130	
 213	 222	  50	   2	 634	   2	   1	  31	   8	  11	  80	  50	  70	 536	585204	585838	   0	 120	
 214	 223	  70	   2	 645	   3	   1	  31	   8	  12	  80	  50	  70	 447	587597	588242	   0	 110	
 215	 224	  80	   1	 657	   1	   1	  32	   8	  12	  80	  50	  70	 363	589891	590548	   0	 120	
 216	 225	  50	   2	 864	   2	   1	  32	   9	  12	  80	  50	  70	 402	592252	593116	   0	 110	
 217	 226	  70	   1	 579	   3	   1	  32	   9	  13	  80	  50	  70	 389	594811	595390	   0	 120	
 218	 227	  80	   1	 955	   1	   1	  33	   9	  13	  80	  50	  70	 445	597139	598094	   0	 130	
NaN	 228	  70	NaN	NaN	   3	   3	  33	   9	  13	  80	  50	  70	 638	597139	NaN	   0	 130	
 219	 229	  20	   4	1022	   1	   2	   1	   9	  13	  20	  50	  70	 442	603754	604776	   1	 130	
 220	 230	  50	   1	 529	   2	   1	   1	  10	  13	  20	  50	  70	 632	606713	607242	   0	 140	
 221	 231	  70	   1	 747	   3	   1	   1	  10	  14	  20	  50	  70	 382	608957	609704	   0	 150	
 222	 232	  50	   2	 517	   2	   1	   1	  11	  14	  20	  50	  70	 665	611683	612200	   0	 140	
 223	 233	  70	   1	 667	   3	   1	   1	  11	  15	  20	  50	  70	 629	614127	614794	   0	 150	
 224	 234	  20	   4	 628	   1	   2	   2	  11	  15	  20	  50	  70	 580	616686	617314	   0	 150	
 225	 235	  70	   1	 682	   3	   1	   2	  11	  16	  20	  50	  70	 634	619246	619928	   0	 160	
 226	 236	  20	   4	 681	   1	   2	   3	  11	  16	  20	  50	  70	 536	621773	622454	   0	 160	
 227	 237	  50	   1	 512	   2	   1	   3	  12	  16	  20	  50	  70	 400	624166	624678	   0	 170	
 228	 238	  70	   2	 630	   3	   1	   3	  12	  17	  20	  50	  70	 429	626394	627024	   0	 160	
 229	 239	  50	   2	 904	   2	   1	   3	  13	  17	  20	  50	  70	 679	629020	629924	   0	 150	
 230	 240	  70	   1	 531	   3	   1	   3	  13	  18	  20	  50	  70	 494	631713	632244	   0	 160	
 231	 241	  50	   2	 563	   2	   1	   3	  14	  18	  20	  50	  70	 661	634223	634786	   0	 150	
 232	 242	  20	   3	 649	   1	   2	   4	  14	  18	  20	  50	  70	 317	636417	637066	   0	 150	
 233	 243	  50	   1	 781	   2	   1	   4	  15	  18	  20	  50	  70	 669	639043	639824	   0	 160	
 234	 244	  20	   4	1313	   1	   2	   5	  15	  18	  20	  50	  70	 582	641719	643032	   0	 160	
 235	 245	  70	   1	 520	   3	   1	   5	  15	  19	  20	  50	  70	 546	644894	645414	   0	 170	
 236	 246	  50	   1	 471	   2	   1	   5	  16	  19	  20	  50	  70	 385	647105	647576	   0	 180	
 237	 247	  20	   4	 400	   1	   2	   6	  16	  19	  20	  50	  70	 430	649316	649716	   0	 180	
 238	 248	  50	   2	 563	   2	   1	   6	  17	  19	  20	  50	  70	 631	651659	652222	   0	 170	
 239	 249	  70	   1	 536	   3	   1	   6	  17	  20	  20	  50	  70	 395	653920	654456	   0	 180	
 240	 250	  20	   3	 562	   1	   2	   7	  17	  20	  20	  50	  70	 628	656380	656942	   0	 180	
 241	 251	  70	   2	 541	   3	   1	   7	  17	  21	  20	  50	  70	 441	658707	659248	   0	 170	
 242	 252	  50	   1	 586	   2	   1	   7	  18	  21	  20	  50	  70	 697	661250	661836	   0	 180	
 243	 253	  20	   4	 566	   1	   2	   8	  18	  21	  20	  50	  70	 359	663494	664060	   0	 180	
 244	 254	  70	   1	 521	   3	   1	   8	  18	  22	  20	  50	  70	 587	665955	666476	   0	 190	
 245	 255	  50	   2	 513	   2	   1	   8	  19	  22	  20	  50	  70	 331	668115	668628	   0	 180	
 246	 256	  70	   1	 969	   3	   1	   8	  19	  23	  20	  50	  70	 419	670359	671328	   0	 190	
 247	 257	  50	   3	 702	   2	   2	   8	  20	  23	  20	  50	  70	 359	672986	673688	   0	 190	
 248	 258	  70	   1	 535	   3	   1	   8	  20	  24	  20	  50	  70	 372	675363	675898	   0	 200	
 249	 259	  50	   1	 478	   2	   1	   8	  21	  24	  20	  50	  70	 605	677806	678284	   0	 210	
 250	 260	  70	   1	 856	   3	   1	   8	  21	  25	  20	  50	  70	 303	679884	680740	   0	 220	
 251	 261	  20	   4	 782	   1	   2	   9	  21	  25	  20	  50	  70	 557	682610	683392	   0	 220	
 252	 262	  70	   2	 521	   3	   1	   9	  21	  26	  20	  50	  70	 446	685137	685658	   0	 210	
 253	 263	  50	   2	1261	   2	   1	   9	  22	  26	  20	  50	  70	 649	687613	688874	   0	 200	
 254	 264	  20	   4	 628	   1	   2	  10	  22	  26	  20	  50	  70	 396	690572	691200	   0	 200	
 255	 265	  70	   1	 649	   3	   1	  10	  22	  27	  20	  50	  70	 659	693149	693798	   0	 210	
 256	 266	  50	   2	1169	   2	   1	  10	  23	  27	  20	  50	  70	 690	695791	696960	   0	 200	
 257	 267	  70	   1	 719	   3	   1	  10	  23	  28	  20	  50	  70	 613	698883	699602	   0	 210	
 258	 268	  50	   4	 723	   2	   2	  10	  24	  28	  20	  50	  70	 652	701559	702282	   0	 210	
 259	 269	  20	   4	 584	   1	   2	  11	  24	  28	  20	  50	  70	 363	703936	704520	   0	 210	
NaN	 270	  50	NaN	NaN	   2	   3	  11	  24	  28	  20	  50	  70	 675	703936	NaN	   0	 210	
 260	 271	  70	   4	1976	   3	   2	  11	  24	  29	  20	  50	  70	 567	710336	712312	   0	 210	
 261	 272	  50	   1	 476	   2	   1	  11	  25	  29	  20	  50	  70	 445	714076	714552	   0	 220	
 262	 273	  70	   1	 522	   3	   1	  11	  25	  30	  20	  50	  70	 538	716386	716908	   0	 230	
 263	 274	  50	   3	 822	   2	   2	  11	  26	  30	  20	  50	  70	 454	718664	719486	   0	 230	
 264	 275	  20	   4	 532	   1	   2	  12	  26	  30	  20	  50	  70	 561	721340	721872	   0	 230	
 265	 276	  50	   4	1082	   3	   2	  12	  26	   1	  20	  50	  50	 442	723634	724716	   3	 230	
 266	 277	  50	   2	 648	   2	   1	  12	  27	   1	  20	  50	  50	 646	726676	727324	   0	 220	
NaN	 278	  20	NaN	NaN	   1	   3	  12	  27	   1	  20	  50	  50	 458	726676	NaN	   0	 220	
NaN	 279	  50	NaN	NaN	   3	   3	  12	  27	   1	  20	  50	  50	 683	726676	NaN	   0	 220	
 267	 280	  20	   4	 534	   1	   2	  13	  27	   1	  20	  50	  50	 686	736998	737532	   0	 220	
 268	 281	  50	   2	 454	   3	   1	  13	  27	   2	  20	  50	  50	 357	739192	739646	   0	 210	
 269	 282	  20	   3	 487	   1	   2	  14	  27	   2	  20	  50	  50	 398	741353	741840	   0	 210	
 270	 283	  50	   3	 841	   3	   2	  14	  27	   3	  20	  50	  50	 340	743481	744322	   0	 210	
 271	 284	  50	   1	 588	   2	   1	  14	  28	   3	  20	  50	  50	 488	746124	746712	   0	 220	
 272	 285	  20	   4	 517	   1	   2	  15	  28	   3	  20	  50	  50	 661	748667	749184	   0	 220	
 273	 286	  50	   2	 489	   2	   1	  15	  29	   3	  20	  50	  50	 680	751177	751666	   0	 210	
 274	 287	  20	   3	 661	   1	   2	  16	  29	   3	  20	  50	  50	 525	753487	754148	   0	 210	
 275	 288	  50	   4	 697	   3	   2	  16	  29	   4	  20	  50	  50	 557	755997	756694	   0	 210	
 276	 289	  20	   4	 556	   1	   2	  17	  29	   4	  20	  50	  50	 513	758524	759080	   0	 210	
 277	 290	  50	   1	 775	   3	   1	  17	  29	   5	  20	  50	  50	 323	760701	761476	   0	 220	
 278	 291	  50	   1	 896	   2	   1	  17	  30	   5	  20	  50	  50	 463	763244	764140	   0	 230	
 279	 292	  50	   3	 669	   3	   2	  17	  30	   6	  20	  50	  50	 532	765987	766656	   0	 230	
 280	 293	  50	   1	 846	   2	   1	  17	  31	   6	  20	  50	  50	 610	768564	769410	   0	 240	
 281	 294	  50	   4	1796	   3	   2	  17	  31	   7	  20	  50	  50	 450	771190	772986	   0	 240	
 282	 295	  20	   4	 601	   1	   2	  18	  31	   7	  20	  50	  50	 342	774631	775232	   0	 240	
 283	 296	  50	   2	 452	   2	   1	  18	  32	   7	  20	  50	  50	 582	777124	777576	   0	 230	
 284	 297	  20	   4	 555	   1	   2	  19	  32	   7	  20	  50	  50	 303	779185	779740	   0	 230	
 285	 298	  50	   1	 460	   2	   1	  19	  33	   7	  20	  50	  50	 665	781712	782172	   0	 240	
 286	 299	  20	   4	 526	   1	   2	  20	  33	   7	  20	  50	  50	 444	783906	784432	   0	 240	
 287	 300	  20	   4	1259	   2	   2	  20	   1	   7	  20	  20	  50	 463	786233	787492	   2	 240	
 288	 301	  50	   4	 765	   3	   2	  20	   1	   8	  20	  20	  50	 657	789441	790206	   0	 240	
 289	 302	  20	   4	 688	   2	   2	  20	   2	   8	  20	  20	  50	 475	791984	792672	   0	 240	
 290	 303	  50	   1	 845	   3	   1	  20	   2	   9	  20	  20	  50	 606	794577	795422	   0	 250	
 291	 304	  20	   4	 611	   2	   2	  20	   3	   9	  20	  20	  50	 322	797071	797682	   0	 250	
 292	 305	  20	   4	 668	   1	   2	  21	   3	   9	  20	  20	  50	 489	799464	800132	   0	 250	
 293	 306	  50	   3	 945	   3	   2	  21	   3	  10	  20	  20	  50	 408	801841	802786	   0	 250	
 294	 307	  20	   3	 536	   1	   2	  22	   3	  10	  20	  20	  50	 550	804650	805186	   0	 250	
 295	 308	  50	   3	1224	   3	   2	  22	   3	  11	  20	  20	  50	 436	806928	808152	   0	 250	
 296	 309	  20	   4	 575	   1	   2	  23	   3	  11	  20	  20	  50	 561	810003	810578	   0	 250	
 297	 310	  50	   1	 435	   3	   1	  23	   3	  12	  20	  20	  50	 429	812297	812732	   0	 260	
 298	 311	  20	   4	 564	   1	   2	  24	   3	  12	  20	  20	  50	 583	814624	815188	   0	 260	
 299	 312	  50	   4	 866	   3	   2	  24	   3	  13	  20	  20	  50	 435	816934	817800	   0	 260	
 300	 313	  20	   4	 835	   2	   2	  24	   4	  13	  20	  20	  50	 363	819477	820312	   0	 260	
 301	 314	  50	   1	 608	   3	   1	  24	   4	  14	  20	  20	  50	 417	822054	822662	   0	 270	
 302	 315	  20	   3	 591	   2	   2	  24	   5	  14	  20	  20	  50	 376	824331	824922	   0	 270	
 303	 316	  20	   4	 652	   1	   2	  25	   5	  14	  20	  20	  50	 630	826858	827510	   0	 270	
 304	 317	  20	   2	 595	   2	   1	  25	   6	  14	  20	  20	  50	 597	829417	830012	   0	 260	
 305	 318	  50	   1	 786	   3	   1	  25	   6	  15	  20	  20	  50	 683	831994	832780	   0	 270	
 306	 319	  20	   2	 509	   2	   1	  25	   7	  15	  20	  20	  50	 576	834653	835162	   0	 260	
 307	 320	  20	   4	 880	   1	   2	  26	   7	  15	  20	  20	  50	 393	836848	837728	   0	 260	
 308	 321	  50	   4	 448	   3	   2	  26	   7	  16	  20	  20	  50	 446	839474	839922	   0	 260	
 309	 322	  20	   4	 530	   1	   2	  27	   7	  16	  20	  20	  50	 371	841602	842132	   0	 260	
 310	 323	  50	   4	 745	   3	   2	  27	   7	  17	  20	  20	  50	 342	843779	844524	   0	 260	
 311	 324	  20	   3	 711	   1	   2	  28	   7	  17	  20	  20	  50	 530	846389	847100	   0	 260	
 312	 325	  20	   2	 737	   2	   1	  28	   8	  17	  20	  20	  50	 352	848749	849486	   0	 250	
 313	 326	  20	   4	 574	   1	   2	  29	   8	  17	  20	  20	  50	 450	851242	851816	   0	 250	
 314	 327	  50	   3	 553	   3	   2	  29	   8	  18	  20	  20	  50	 390	853503	854056	   0	 250	
 315	 328	  20	   1	 960	   2	   1	  29	   9	  18	  20	  20	  50	 572	855930	856890	   0	 260	
 316	 329	  50	   4	 965	   3	   2	  29	   9	  19	  20	  20	  50	 339	858523	859488	   0	 260	
 317	 330	  20	   2	 489	   2	   1	  29	  10	  19	  20	  20	  50	 604	861399	861888	   0	 250	
 318	 331	  20	   4	 711	   1	   2	  30	  10	  19	  20	  20	  50	 577	863759	864470	   0	 250	
 319	 332	  20	   4	 704	   2	   2	  30	  11	  19	  20	  20	  50	 591	866352	867056	   0	 250	
 320	 333	  50	   2	 528	   3	   1	  30	  11	  20	  20	  20	  50	 350	868712	869240	   0	 240	
 321	 334	  20	   4	 567	   1	   2	  31	  11	  20	  20	  20	  50	 485	871039	871606	   0	 240	
 322	 335	  20	   4	 772	   2	   2	  31	  12	  20	  20	  20	  50	 559	873466	874238	   0	 240	
 323	 336	  50	   4	 899	   3	   2	  31	  12	  21	  20	  20	  50	 413	875943	876842	   0	 240	
 324	 337	  20	   4	 593	   1	   2	  32	  12	  21	  20	  20	  50	 398	878553	879146	   0	 240	
 325	 338	  20	   4	 589	   2	   2	  32	  13	  21	  20	  20	  50	 570	881013	881602	   0	 240	
 326	 339	  20	   3	 621	   1	   2	  33	  13	  21	  20	  20	  50	 625	883523	884144	   0	 240	
 327	 340	  20	   4	 816	   2	   2	  33	  14	  21	  20	  20	  50	 305	885750	886566	   0	 240	
 328	 341	  20	   4	 732	   1	   2	  34	  14	  21	  20	  20	  50	 325	888194	888926	   0	 240	
 329	 342	  50	   1	 751	   3	   1	  34	  14	  22	  20	  20	  50	 607	890837	891588	   0	 250	
 330	 343	  20	   4	 618	   1	   2	  35	  14	  22	  20	  20	  50	 385	893280	893898	   0	 250	
 331	 344	  20	   2	 882	   2	   1	  35	  15	  22	  20	  20	  50	 373	895590	896472	   0	 240	
 332	 345	  50	   4	 626	   3	   2	  35	  15	  23	  20	  20	  50	 307	898084	898710	   0	 240	
 333	 346	  20	   4	 722	   2	   2	  35	  16	  23	  20	  20	  50	 384	900394	901116	   0	 240	
 334	 347	  80	   1	1003	   1	   1	   1	  16	  23	  80	  20	  50	 506	902937	903940	   1	 250	
 335	 348	  20	   2	 647	   2	   1	   1	  17	  23	  80	  20	  50	 618	905863	906510	   0	 240	
 336	 349	  50	   3	 950	   3	   2	   1	  17	  24	  80	  20	  50	 636	908456	909406	   0	 240	
 337	 350	  80	   1	 829	   1	   1	   2	  17	  24	  80	  20	  50	 596	911315	912144	   0	 250	
NaN	 351	  50	NaN	NaN	   3	   3	   2	  17	  24	  80	  20	  50	 548	911315	NaN	   0	 250	
 338	 352	  80	   3	 459	   1	   2	   3	  17	  24	  80	  20	  50	 402	917681	918140	   0	 250	
 339	 353	  50	   3	 740	   3	   2	   3	  17	  25	  80	  20	  50	 356	919792	920532	   0	 250	
 340	 354	  80	   1	 865	   1	   1	   4	  17	  25	  80	  20	  50	 435	922269	923134	   0	 260	
 341	 355	  20	   3	 939	   2	   2	   4	  18	  25	  80	  20	  50	 534	924995	925934	   0	 260	
 342	 356	  80	   2	 669	   1	   1	   5	  18	  25	  80	  20	  50	 439	927671	928340	   0	 250	
 343	 357	  50	   4	 866	   3	   2	   5	  18	  26	  80	  20	  50	 607	930248	931114	   0	 250	
 344	 358	  20	   1	 935	   2	   1	   5	  19	  26	  80	  20	  50	 420	932841	933776	   0	 260	
 345	 359	  50	   3	 819	   3	   2	   5	  19	  27	  80	  20	  50	 633	935717	936536	   0	 260	
 346	 360	  20	   2	 967	   2	   1	   5	  20	  27	  80	  20	  50	 605	938443	939410	   0	 250	
 347	 361	  80	   1	 780	   1	   1	   6	  20	  27	  80	  20	  50	 344	941052	941832	   0	 260	
 348	 362	  20	   3	 690	   2	   2	   6	  21	  27	  80	  20	  50	 584	943728	944418	   0	 260	
 349	 363	  50	   3	 697	   3	   2	   6	  21	  28	  80	  20	  50	 630	946355	947052	   0	 260	
 350	 364	  80	   1	 578	   1	   1	   7	  21	  28	  80	  20	  50	 344	948698	949276	   0	 270	
 351	 365	  50	   4	 720	   3	   2	   7	  21	  29	  80	  20	  50	 341	950926	951646	   0	 270	
 352	 366	  20	   2	 938	   2	   1	   7	  22	  29	  80	  20	  50	 439	953386	954324	   0	 260	
 353	 367	  50	   4	 920	   3	   2	   7	  22	  30	  80	  20	  50	 368	955996	956916	   0	 260	
 354	 368	  20	   2	 460	   2	   1	   7	  23	  30	  80	  20	  50	 670	958888	959348	   0	 250	
 355	 369	  80	   1	1130	   1	   1	   8	  23	  30	  80	  20	  50	 393	961032	962162	   0	 260	
 356	 370	  50	   4	 670	   3	   2	   8	  23	  31	  80	  20	  50	 505	963974	964644	   0	 260	
 357	 371	  20	   4	 573	   2	   2	   8	  24	  31	  80	  20	  50	 460	966401	966974	   0	 260	
 358	 372	  50	   4	 844	   3	   2	   8	  24	  32	  80	  20	  50	 402	968678	969522	   0	 260	
 359	 373	  80	   2	 518	   1	   1	   9	  24	  32	  80	  20	  50	 691	971504	972022	   0	 250	
 360	 374	  50	   1	 543	   3	   1	   9	  24	  33	  80	  20	  50	 481	973815	974358	   0	 260	
 361	 375	  80	   1	 626	   1	   1	  10	  24	  33	  80	  20	  50	 433	976108	976734	   0	 270	
 362	 376	  70	   3	1040	   3	   2	  10	  24	   1	  80	  20	  70	 345	978386	979426	   3	 270	
 363	 377	  20	   2	 848	   2	   1	  10	  25	   1	  80	  20	  70	 614	981344	982192	   0	 260	
 364	 378	  80	   3	1198	   1	   2	  11	  25	   1	  80	  20	  70	 435	983938	985136	   0	 260	
NaN	 379	  70	NaN	NaN	   3	   3	  11	  25	   1	  80	  20	  70	 671	983938	NaN	   0	 260	
 365	 380	  80	   1	 557	   1	   1	  12	  25	   1	  80	  20	  70	 364	990753	991310	   0	 270	
 366	 381	  70	   2	 596	   3	   1	  12	  25	   2	  80	  20	  70	 579	993180	993776	   0	 260	
 367	 382	  80	   1	 532	   1	   1	  13	  25	   2	  80	  20	  70	 505	995590	996122	   0	 270	
 368	 383	  20	   4	 847	   2	   2	  13	  26	   2	  80	  20	  70	 499	997933	998780	   0	 270	
 369	 384	  80	   1	 633	   1	   1	  14	  26	   2	  80	  20	  70	 444	1000527	1001160	   0	 280	
 370	 385	  70	   4	 623	   3	   2	  14	  26	   3	  80	  20	  70	 321	1002787	1003410	   0	 280	
 371	 386	  80	   1	 679	   1	   1	  15	  26	   3	  80	  20	  70	 303	1005031	1005710	   0	 290	
 372	 387	  20	   3	 999	   2	   2	  15	  27	   3	  80	  20	  70	 578	1007591	1008590	   0	 290	
 373	 388	  70	   3	 636	   3	   2	  15	  27	   4	  80	  20	  70	 407	1010300	1010936	   0	 290	
 374	 389	  20	   4	 977	   2	   2	  15	  28	   4	  80	  20	  70	 433	1012677	1013654	   0	 290	
 375	 390	  70	   1	1240	   3	   1	  15	  28	   5	  80	  20	  70	 427	1015370	1016610	   0	 300	
 376	 391	  80	   1	 485	   1	   1	  16	  28	   5	  80	  20	  70	 637	1018545	1019030	   0	 310	
 377	 392	  70	   3	 633	   3	   2	  16	  28	   6	  80	  20	  70	 507	1020839	1021472	   0	 310	
 378	 393	  20	   2	 722	   2	   1	  16	  29	   6	  80	  20	  70	 648	1023432	1024154	   0	 300	
 379	 394	  70	   4	 505	   3	   2	  16	  29	   7	  80	  20	  70	 617	1026075	1026580	   0	 300	
 380	 395	  20	   4	 868	   2	   2	  16	  30	   7	  80	  20	  70	 619	1028502	1029370	   0	 300	
 381	 396	  70	   3	 634	   3	   2	  16	  30	   8	  80	  20	  70	 534	1031228	1031862	   0	 300	
 382	 397	  80	   1	 560	   1	   1	  17	  30	   8	  80	  20	  70	 642	1033804	1034364	   0	 310	
 383	 398	  70	   3	 568	   3	   2	  17	  30	   9	  80	  20	  70	 638	1036298	1036866	   0	 310	
 384	 399	  20	   4	 750	   2	   2	  17	  31	   9	  80	  20	  70	 481	1038658	1039408	   0	 310	
 385	 400	  80	   2	 527	   1	   1	  18	  31	   9	  80	  20	  70	 658	1041367	1041894	   0	 300	
 386	 401	  20	   4	 532	   2	   2	  18	  32	   9	  80	  20	  70	 432	1043628	1044160	   0	 300	
 387	 402	  80	   2	 853	   1	   1	  19	  32	   9	  80	  20	  70	 420	1045889	1046742	   0	 290	
 388	 403	  20	   3	 918	   2	   2	  19	  33	   9	  80	  20	  70	 336	1048382	1049300	   0	 290	
 389	 404	  80	   1	 602	   1	   1	  20	  33	   9	  80	  20	  70	 383	1050992	1051594	   0	 300	
 390	 405	  20	   4	 615	   2	   2	  20	  34	   9	  80	  20	  70	 381	1053285	1053900	   0	 300	
 391	 406	  80	   2	 555	   1	   1	  21	  34	   9	  80	  20	  70	 300	1055529	1056084	   0	 290	
 392	 407	  20	   4	 668	   2	   2	  21	  35	   9	  80	  20	  70	 672	1058056	1058724	   0	 290	
 393	 408	  80	   1	 721	   1	   1	  22	  35	   9	  80	  20	  70	 478	1060499	1061220	   0	 300	
 394	 409	  80	   3	1072	   2	   2	  22	   1	   9	  80	  80	  70	 640	1063176	1064248	   2	 300	
 395	 410	  80	   1	 770	   1	   1	  23	   1	   9	  80	  80	  70	 674	1066218	1066988	   0	 310	
 396	 411	  80	   1	 591	   2	   1	  23	   2	   9	  80	  80	  70	 377	1068661	1069252	   0	 320	
 397	 412	  80	   3	 863	   1	   2	  24	   2	   9	  80	  80	  70	 469	1071021	1071884	   0	 320	
 398	 413	  80	   1	 629	   2	   1	  24	   3	   9	  80	  80	  70	 558	1073747	1074376	   0	 330	
 399	 414	  80	   1	 508	   1	   1	  25	   3	   9	  80	  80	  70	 534	1076224	1076732	   0	 340	
 400	 415	  80	   2	 540	   2	   1	  25	   4	   9	  80	  80	  70	 646	1078684	1079224	   0	 330	
 401	 416	  80	   1	 542	   1	   1	  26	   4	   9	  80	  80	  70	 642	1081178	1081720	   0	 340	
 402	 417	  70	   3	 985	   3	   2	  26	   4	  10	  80	  80	  70	 485	1083505	1084490	   0	 340	
 403	 418	  80	   1	 715	   2	   1	  26	   5	  10	  80	  80	  70	 678	1086463	1087178	   0	 350	
 404	 419	  80	   2	 719	   1	   1	  27	   5	  10	  80	  80	  70	 692	1089173	1089892	   0	 340	
 405	 420	  80	   1	 775	   2	   1	  27	   6	  10	  80	  80	  70	 440	1091633	1092408	   0	 350	
 406	 421	  70	   4	1410	   3	   2	  27	   6	  11	  80	  80	  70	 691	1094392	1095802	   0	 350	
 407	 422	  80	   1	 763	   2	   1	  27	   7	  11	  80	  80	  70	 564	1097683	1098446	   0	 360	
 408	 423	  80	   1	1321	   1	   1	  28	   7	  11	  80	  80	  70	 698	1100459	1101780	   0	 370	
 409	 424	  70	   1	1385	   3	   1	  28	   7	  12	  80	  80	  70	 310	1103385	1104770	   0	 380	
 410	 425	  80	   3	1299	   2	   2	  28	   8	  12	  80	  80	  70	 580	1106659	1107958	   0	 380	
 411	 426	  80	   1	 554	   1	   1	  29	   8	  12	  80	  80	  70	 385	1109668	1110222	   0	 390	
 412	 427	  70	   1	1766	   3	   1	  29	   8	  13	  80	  80	  70	 333	1111862	1113628	   0	 400	
 413	 428	  80	   2	 987	   2	   1	  29	   9	  13	  80	  80	  70	 314	1115253	1116240	   0	 390	
 414	 429	  80	   1	 550	   1	   1	  30	   9	  13	  80	  80	  70	 451	1117996	1118546	   0	 400	
 415	 430	  70	   2	 836	   3	   1	  30	   9	  14	  80	  80	  70	 405	1120256	1121092	   0	 390	
 416	 431	  80	   1	1012	   2	   1	  30	  10	  14	  80	  80	  70	 566	1122966	1123978	   0	 400	
 417	 432	  70	   3	1693	   3	   2	  30	  10	  15	  80	  80	  70	 436	1125725	1127418	   0	 400	
 418	 433	  80	   2	 537	   2	   1	  30	  11	  15	  80	  80	  70	 322	1129049	1129586	   0	 390	
 419	 434	  70	   1	1003	   3	   1	  30	  11	  16	  80	  80	  70	 388	1131277	1132280	   0	 400	
 420	 435	  80	   1	 720	   2	   1	  30	  12	  16	  80	  80	  70	 347	1133936	1134656	   0	 410	
 421	 436	  70	   4	 713	   3	   2	  30	  12	  17	  80	  80	  70	 559	1136529	1137242	   0	 410	
 422	 437	  30	   2	 833	   1	   1	   1	  12	  17	  30	  80	  70	 500	1139073	1139906	   1	 400	
 423	 438	  70	   3	 593	   3	   2	   1	  12	  18	  30	  80	  70	 649	1141865	1142458	   0	 400	
 424	 439	  30	   1	1245	   1	   1	   2	  12	  18	  30	  80	  70	 521	1144275	1145520	   0	 410	
 425	 440	  70	   3	 758	   3	   2	   2	  12	  19	  30	  80	  70	 626	1147450	1148208	   0	 410	
 426	 441	  80	   1	 708	   2	   1	   2	  13	  19	  30	  80	  70	 336	1149844	1150552	   0	 420	
 427	 442	  70	   3	 763	   3	   2	   2	  13	  20	  30	  80	  70	 380	1152237	1153000	   0	 420	
 428	 443	  30	   3	 782	   1	   2	   3	  13	  20	  30	  80	  70	 363	1154664	1155446	   0	 420	
 429	 444	  80	   1	 632	   2	   1	   3	  14	  20	  30	  80	  70	 643	1157390	1158022	   0	 430	
 430	 445	  30	   2	1174	   1	   1	   4	  14	  20	  30	  80	  70	 573	1159900	1161074	   0	 420	
 431	 446	  80	   1	 597	   2	   1	   4	  15	  20	  30	  80	  70	 664	1163059	1163656	   0	 430	
 432	 447	  30	   4	 745	   1	   2	   5	  15	  20	  30	  80	  70	 614	1165585	1166330	   0	 430	
 433	 448	  80	   3	 800	   2	   2	   5	  16	  20	  30	  80	  70	 521	1168162	1168962	   0	 430	
 434	 449	  30	   2	 748	   1	   1	   6	  16	  20	  30	  80	  70	 406	1170672	1171420	   0	 420	
 435	 450	  70	   1	 980	   3	   1	   6	  16	  21	  30	  80	  70	 645	1173364	1174344	   0	 430	
 436	 451	  30	   3	1090	   1	   2	   7	  16	  21	  30	  80	  70	 468	1176124	1177214	   0	 430	
 437	 452	  80	   1	 448	   2	   1	   7	  17	  21	  30	  80	  70	 330	1178850	1179298	   0	 440	
 438	 453	  70	   4	1552	   3	   2	   7	  17	  22	  30	  80	  70	 384	1180994	1182546	   0	 440	
 439	 454	  80	   2	 653	   2	   1	   7	  18	  22	  30	  80	  70	 538	1184385	1185038	   0	 430	
 440	 455	  30	   2	 752	   1	   1	   8	  18	  22	  30	  80	  70	 364	1186712	1187464	   0	 420	
 441	 456	  80	   1	 645	   2	   1	   8	  19	  22	  30	  80	  70	 463	1189255	1189900	   0	 430	
 442	 457	  70	   4	 902	   3	   2	   8	  19	  23	  30	  80	  70	 600	1191798	1192700	   0	 430	
 443	 458	  30	   4	 745	   1	   2	   9	  19	  23	  30	  80	  70	 420	1194425	1195170	   0	 430	
 444	 459	  70	   1	 780	   3	   1	   9	  19	  24	  30	  80	  70	 329	1196802	1197582	   0	 440	
 445	 460	  30	   2	 845	   1	   1	  10	  19	  24	  30	  80	  70	 454	1199345	1200190	   0	 430	
 446	 461	  80	   1	 721	   2	   1	  10	  20	  24	  30	  80	  70	 403	1201905	1202626	   0	 440	
 447	 462	  70	   3	 720	   3	   2	  10	  20	  25	  30	  80	  70	 327	1204248	1204968	   0	 440	
 448	 463	  30	   3	 742	   1	   2	  11	  20	  25	  30	  80	  70	 467	1206742	1207484	   0	 440	
 449	 464	  80	   1	 581	   2	   1	  11	  21	  25	  30	  80	  70	 554	1209335	1209916	   0	 450	
 450	 465	  30	   4	 965	   1	   2	  12	  21	  25	  30	  80	  70	 461	1211679	1212644	   0	 450	
 451	 466	  70	   1	 688	   3	   1	  12	  21	  26	  30	  80	  70	 680	1214654	1215342	   0	 460	
 452	 467	  80	   1	 756	   2	   1	  12	  22	  26	  30	  80	  70	 521	1217164	1217920	   0	 470	
 453	 468	  70	   3	1037	   3	   2	  12	  22	  27	  30	  80	  70	 415	1219641	1220678	   0	 470	
NaN	 469	  30	NaN	NaN	   1	   3	  12	  22	  27	  30	  80	  70	 567	1219641	NaN	   0	 470	
 454	 470	  80	   3	 702	   2	   2	  12	  23	  27	  30	  80	  70	 433	1226256	1226958	   0	 470	
 455	 471	  30	   2	 511	   1	   1	  13	  23	  27	  30	  80	  70	 627	1228883	1229394	   0	 460	
 456	 472	  70	   2	 815	   3	   1	  13	  23	  28	  30	  80	  70	 661	1231343	1232158	   0	 450	
 457	 473	  30	   1	 638	   1	   1	  14	  23	  28	  30	  80	  70	 540	1234002	1234640	   0	 460	
 458	 474	  80	   1	 936	   2	   1	  14	  24	  28	  30	  80	  70	 350	1236296	1237232	   0	 470	
 459	 475	  30	   4	 725	   1	   2	  15	  24	  28	  30	  80	  70	 673	1239205	1239930	   0	 470	
 460	 476	  70	   1	 791	   3	   1	  15	  24	  29	  30	  80	  70	 384	1241615	1242406	   0	 480	
 461	 477	  80	   2	 610	   2	   1	  15	  25	  29	  30	  80	  70	 378	1244092	1244702	   0	 470	
 462	 478	  70	   1	1223	   3	   1	  15	  25	  30	  30	  80	  70	 513	1246519	1247742	   0	 480	
 463	 479	  80	   1	 680	   2	   1	  15	  26	  30	  30	  80	  70	 553	1249594	1250274	   0	 490	
 464	 480	  30	   4	 679	   1	   2	  16	  26	  30	  30	  80	  70	 442	1252021	1252700	   0	 490	
 465	 481	  70	   1	 990	   3	   1	  16	  26	  31	  30	  80	  70	 353	1254364	1255354	   0	 500	
 466	 482	  80	   1	 922	   2	   1	  16	  27	  31	  30	  80	  70	 426	1257074	1257996	   0	 510	
 467	 483	  70	   3	 735	   3	   2	  16	  27	  32	  30	  80	  70	 658	1259949	1260684	   0	 510	
 468	 484	  80	   1	 782	   2	   1	  16	  28	  32	  30	  80	  70	 612	1262592	1263374	   0	 520	
 469	 485	  30	   3	 704	   1	   2	  17	  28	  32	  30	  80	  70	 621	1265302	1266006	   0	 520	
 470	 486	  80	   4	 577	   2	   2	  17	  29	  32	  30	  80	  70	 594	1267895	1268472	   0	 520	
 471	 487	  70	   3	 520	   3	   2	  17	  29	  33	  30	  80	  70	 537	1270322	1270842	   0	 520	
 472	 488	  80	   1	 512	   2	   1	  17	  30	  33	  30	  80	  70	 475	1272616	1273128	   0	 530	
 473	 489	  30	   4	 748	   1	   2	  18	  30	  33	  30	  80	  70	 375	1274810	1275558	   0	 530	
 474	 490	  70	   4	 723	   3	   2	  18	  30	  34	  30	  80	  70	 488	1277353	1278076	   0	 530	
 475	 491	  30	   4	1285	   1	   2	  19	  30	  34	  30	  80	  70	 496	1279863	1281148	   0	 530	
 476	 492	  70	   3	 581	   3	   2	  19	  30	  35	  30	  80	  70	 418	1282871	1283452	   0	 530	
 477	 493	  20	   3	1200	   2	   2	  19	   1	  35	  30	  20	  70	 434	1285232	1286432	   2	 530	
 478	 494	  50	   2	1176	   3	   1	  19	   1	   1	  30	  20	  50	 642	1288390	1289566	   3	 520	
 479	 495	  30	   2	 709	   1	   1	  20	   1	   1	  30	  20	  50	 653	1291515	1292224	   0	 510	
 480	 496	  20	   2	 818	   2	   1	  20	   2	   1	  30	  20	  50	 535	1294058	1294876	   0	 500	
 481	 497	  50	   3	 976	   3	   2	  20	   2	   2	  30	  20	  50	 306	1296502	1297478	   0	 500	
 482	 498	  30	   2	1051	   1	   1	  21	   2	   2	  30	  20	  50	 547	1299327	1300378	   0	 490	
 483	 499	  50	   4	 871	   3	   2	  21	   2	   3	  30	  20	  50	 668	1302353	1303224	   0	 490	
 484	 500	  30	   1	1287	   1	   1	  22	   2	   3	  30	  20	  50	 500	1305029	1306316	   0	 500	
 485	 501	  50	   4	 751	   3	   2	  22	   2	   4	  30	  20	  50	 667	1308287	1309038	   0	 500	
 486	 502	  20	   2	 534	   2	   1	  22	   3	   4	  30	  20	  50	 543	1310880	1311414	   0	 490	
 487	 503	  30	   1	 669	   1	   1	  23	   3	   4	  30	  20	  50	 591	1313307	1313976	   0	 500	
 488	 504	  50	   3	 591	   3	   2	  23	   3	   5	  30	  20	  50	 549	1315833	1316424	   0	 500	
 489	 505	  30	   4	1048	   1	   2	  24	   3	   5	  30	  20	  50	 630	1318360	1319408	   0	 500	
NaN	 506	  20	NaN	NaN	   2	   3	  24	   3	   5	  30	  20	  50	 586	1318360	NaN	   0	 500	
 490	 507	  50	   3	1020	   3	   2	  24	   3	   6	  30	  20	  50	 405	1324976	1325996	   0	 500	
 491	 508	  20	   1	 545	   2	   1	  24	   4	   6	  30	  20	  50	 378	1327685	1328230	   0	 510	
 492	 509	  50	   3	 719	   3	   2	  24	   4	   7	  30	  20	  50	 676	1330195	1330914	   0	 510	
 493	 510	  30	   2	 513	   1	   1	  25	   4	   7	  30	  20	  50	 654	1332871	1333384	   0	 500	
 494	 511	  50	   3	 612	   3	   2	  25	   4	   8	  30	  20	  50	 393	1335082	1335694	   0	 500	
 495	 512	  30	   2	1191	   1	   1	  26	   4	   8	  30	  20	  50	 507	1337509	1338700	   0	 490	
 496	 513	  20	   2	 718	   2	   1	  26	   5	   8	  30	  20	  50	 531	1340534	1341252	   0	 480	
 497	 514	  30	   4	 636	   1	   2	  27	   5	   8	  30	  20	  50	 596	1343160	1343796	   0	 480	
 498	 515	  50	   4	 738	   3	   2	  27	   5	   9	  30	  20	  50	 459	1345554	1346292	   0	 480	
 499	 516	  30	   3	1002	   1	   2	  28	   5	   9	  30	  20	  50	 581	1348180	1349182	   0	 480	
 500	 517	  20	   2	 715	   2	   1	  28	   6	   9	  30	  20	  50	 445	1350923	1351638	   0	 470	
 501	 518	  50	   4	 761	   3	   2	  28	   6	  10	  30	  20	  50	 327	1353283	1354044	   0	 470	
NaN	 519	  20	NaN	NaN	   2	   3	  28	   6	  10	  30	  20	  50	 578	1353283	NaN	   0	 470	
 502	 520	  30	   4	1063	   1	   2	  29	   6	  10	  30	  20	  50	 469	1359649	1360712	   0	 470	
 503	 521	  20	   2	 524	   2	   1	  29	   7	  10	  30	  20	  50	 479	1362492	1363016	   0	 460	
 504	 522	  50	   3	 583	   3	   2	  29	   7	  11	  30	  20	  50	 499	1364819	1365402	   0	 460	
 505	 523	  30	   2	 573	   1	   1	  30	   7	  11	  30	  20	  50	 471	1367179	1367752	   0	 450	
 506	 524	  50	   4	 519	   3	   2	  30	   7	  12	  30	  20	  50	 398	1369457	1369976	   0	 450	
 507	 525	  30	   4	 548	   1	   2	  31	   7	  12	  30	  20	  50	 469	1371750	1372298	   0	 450	
 508	 526	  50	   3	1393	   3	   2	  31	   7	  13	  30	  20	  50	 308	1373911	1375304	   0	 450	
 509	 527	  30	   2	 539	   1	   1	  32	   7	  13	  30	  20	  50	 399	1377003	1377542	   0	 440	
 510	 528	  50	   3	 611	   3	   2	  32	   7	  14	  30	  20	  50	 404	1379247	1379858	   0	 440	
 511	 529	  30	   2	1712	   1	   1	  33	   7	  14	  30	  20	  50	 306	1381474	1383186	   0	 430	
 512	 530	  50	   2	1287	   3	   1	  33	   7	  15	  30	  20	  50	 407	1384899	1386186	   0	 420	
 513	 531	  80	   2	 710	   1	   1	   1	   7	  15	  80	  20	  50	 511	1388024	1388734	   1	 410	
 514	 532	  50	   4	 912	   3	   2	   1	   7	  16	  80	  20	  50	 310	1390334	1391246	   0	 410	
 515	 533	  80	   1	 372	   1	   1	   2	   7	  16	  80	  20	  50	 660	1393210	1393582	   0	 420	
 516	 534	  20	   2	 751	   2	   1	   2	   8	  16	  80	  20	  50	 389	1395271	1396022	   0	 410	
 517	 535	  50	   3	 613	   3	   2	   2	   8	  17	  80	  20	  50	 501	1397831	1398444	   0	 410	
 518	 536	  20	   2	 570	   2	   1	   2	   9	  17	  80	  20	  50	 413	1400158	1400728	   0	 400	
 519	 537	  80	   1	 659	   1	   1	   3	   9	  17	  80	  20	  50	 616	1402651	1403310	   0	 410	
 520	 538	  50	   4	 661	   3	   2	   3	   9	  18	  80	  20	  50	 673	1405277	1405938	   0	 410	
 521	 539	  20	   2	 740	   2	   1	   3	  10	  18	  80	  20	  50	 405	1407654	1408394	   0	 400	
 522	 540	  50	   3	 625	   3	   2	   3	  10	  19	  80	  20	  50	 370	1410065	1410690	   0	 400	
 523	 541	  20	   4	1622	   2	   2	   3	  11	  19	  80	  20	  50	 466	1412458	1414080	   0	 400	
 524	 542	  50	   4	 604	   3	   2	   3	  11	  20	  80	  20	  50	 532	1415916	1416520	   0	 400	
 525	 543	  20	   4	 573	   2	   2	   3	  12	  20	  80	  20	  50	 694	1418509	1419082	   0	 400	
 526	 544	  80	   2	 573	   1	   1	   4	  12	  20	  80	  20	  50	 393	1420769	1421342	   0	 390	
 527	 545	  20	   4	 609	   2	   2	   4	  13	  20	  80	  20	  50	 308	1422947	1423556	   0	 390	
 528	 546	  50	   4	 654	   3	   2	   4	  13	  21	  80	  20	  50	 468	1425324	1425978	   0	 390	
 529	 547	  20	   1	 591	   2	   1	   4	  14	  21	  80	  20	  50	 582	1427867	1428458	   0	 400	
 530	 548	  80	   1	 559	   1	   1	   5	  14	  21	  80	  20	  50	 551	1430311	1430870	   0	 410	
 531	 549	  50	   4	 545	   3	   2	   5	  14	  22	  80	  20	  50	 611	1432787	1433332	   0	 410	
 532	 550	  20	   2	1452	   2	   1	   5	  15	  22	  80	  20	  50	 635	1435264	1436716	   0	 400	
 533	 551	  80	   1	 537	   1	   1	   6	  15	  22	  80	  20	  50	 468	1438489	1439026	   0	 410	
NaN	 552	  20	NaN	NaN	   2	   3	   6	  15	  22	  80	  20	  50	 579	1438489	NaN	   0	 410	
 534	 553	  80	   3	1576	   1	   2	   7	  15	  22	  80	  20	  50	 609	1444772	1446348	   0	 410	
 535	 554	  50	   3	 600	   3	   2	   7	  15	  23	  80	  20	  50	 679	1448346	1448946	   0	 410	
 536	 555	  20	   3	1037	   2	   2	   7	  16	  23	  80	  20	  50	 490	1450739	1451776	   0	 410	
NaN	 556	  50	NaN	NaN	   3	   3	   7	  16	  23	  80	  20	  50	 425	1450739	NaN	   0	 410	
 537	 557	  80	   1	1621	   1	   1	   8	  16	  23	  80	  20	  50	 383	1457155	1458776	   0	 420	
 538	 558	  50	   3	 546	   3	   2	   8	  16	  24	  80	  20	  50	 475	1460546	1461092	   0	 420	
 539	 559	  80	   1	 458	   1	   1	   9	  16	  24	  80	  20	  50	 641	1463040	1463498	   0	 430	
 540	 560	  50	   3	 608	   3	   2	   9	  16	  25	  80	  20	  50	 497	1465300	1465908	   0	 430	
 541	 561	  80	   1	1048	   1	   1	  10	  16	  25	  80	  20	  50	 300	1467528	1468576	   0	 440	
 542	 562	  20	   4	1035	   2	   2	  10	  17	  25	  80	  20	  50	 613	1470503	1471538	   0	 440	
 543	 563	  50	   3	 635	   3	   2	  10	  17	  26	  80	  20	  50	 541	1473379	1474014	   0	 440	
 544	 564	  20	   4	1244	   2	   2	  10	  18	  26	  80	  20	  50	 559	1475872	1477116	   0	 440	
 545	 565	  80	   1	 557	   1	   1	  11	  18	  26	  80	  20	  50	 664	1479097	1479654	   0	 450	
 546	 566	  20	   4	 882	   2	   2	  11	  19	  26	  80	  20	  50	 309	1481258	1482140	   0	 450	
 547	 567	  80	   1	 573	   1	   1	  12	  19	  26	  80	  20	  50	 425	1483867	1484440	   0	 460	
 548	 568	  50	   4	1076	   3	   2	  12	  19	  27	  80	  20	  50	 335	1486078	1487154	   0	 460	
 549	 569	  20	   2	1423	   2	   1	  12	  20	  27	  80	  20	  50	 331	1488787	1490210	   0	 450	
 550	 570	  80	   1	 614	   1	   1	  13	  20	  27	  80	  20	  50	 558	1492062	1492676	   0	 460	
 551	 571	  20	   2	 643	   2	   1	  13	  21	  27	  80	  20	  50	 367	1494373	1495016	   0	 450	
NaN	 572	  80	NaN	NaN	   1	   3	  13	  21	  27	  80	  20	  50	 699	1494373	NaN	   0	 450	
NaN	 573	  50	NaN	NaN	   3	   3	  13	  21	  27	  80	  20	  50	 566	1494373	NaN	   0	 450	
 552	 574	  20	   1	 876	   2	   1	  13	  22	  27	  80	  20	  50	 589	1504712	1505588	   0	 460	
 553	 575	  50	   4	 696	   3	   2	  13	  22	  28	  80	  20	  50	 457	1507338	1508034	   0	 460	
 554	 576	  20	   2	 533	   2	   1	  13	  23	  28	  80	  20	  50	 377	1509715	1510248	   0	 450	
 555	 577	  80	   2	 532	   1	   1	  14	  23	  28	  80	  20	  50	 484	1512042	1512574	   0	 440	
 556	 578	  20	   4	 817	   2	   2	  14	  24	  28	  80	  20	  50	 488	1514369	1515186	   0	 440	
NaN	 579	  50	NaN	NaN	   3	   3	  14	  24	  28	  80	  20	  50	 656	1514369	NaN	   0	 440	
 557	 580	  20	   2	 829	   2	   1	  14	  25	  28	  80	  20	  50	 684	1521101	1521930	   0	 430	
 558	 581	  80	   1	 519	   1	   1	  15	  25	  28	  80	  20	  50	 688	1523927	1524446	   0	 440	
 559	 582	  20	   4	 814	   2	   2	  15	  26	  28	  80	  20	  50	 572	1526320	1527134	   0	 440	
NaN	 583	  50	NaN	NaN	   3	   3	  15	  26	  28	  80	  20	  50	 622	1526320	NaN	   0	 440	
 560	 584	  20	   2	 650	   2	   1	  15	  27	  28	  80	  20	  50	 490	1532820	1533470	   0	 430	
 561	 585	  50	   3	 523	   3	   2	  15	  27	  29	  80	  20	  50	 629	1535413	1535936	   0	 430	
 562	 586	  80	   2	 562	   1	   1	  16	  27	  29	  80	  20	  50	 397	1537640	1538202	   0	 420	
 563	 587	  50	   4	 621	   3	   2	  16	  27	  30	  80	  20	  50	 666	1540183	1540804	   0	 420	
NaN	 588	  80	NaN	NaN	   1	   3	  16	  27	  30	  80	  20	  50	 368	1540183	NaN	   0	 420	
 564	 589	  20	   3	 828	   2	   2	  16	  28	  30	  80	  20	  50	 533	1546284	1547112	   0	 420	
 565	 590	  50	   3	 858	   3	   2	  16	  28	  31	  80	  20	  50	 634	1549060	1549918	   0	 420	
 566	 591	  80	   1	 621	   1	   1	  17	  28	  31	  80	  20	  50	 662	1551869	1552490	   0	 430	
 567	 592	  20	   4	1062	   2	   2	  17	  29	  31	  80	  20	  50	 478	1554262	1555324	   0	 430	
 568	 593	  80	   1	 576	   1	   1	  18	  29	  31	  80	  20	  50	 457	1557088	1557664	   0	 440	
 569	 594	  20	   4	 671	   2	   2	  18	  30	  31	  80	  20	  50	 670	1559631	1560302	   0	 440	
 570	 595	  80	   1	 497	   1	   1	  19	  30	  31	  80	  20	  50	 468	1562075	1562572	   0	 450	
 571	 596	  50	   4	 563	   3	   2	  19	  30	  32	  80	  20	  50	 435	1564335	1564898	   0	 450	
 572	 597	  80	   3	 838	   1	   2	  20	  30	  32	  80	  20	  50	 443	1566646	1567484	   0	 450	
 573	 598	  20	   4	1450	   2	   2	  20	  31	  32	  80	  20	  50	 369	1569156	1570606	   0	 450	
 574	 599	  80	   1	 583	   1	   1	  21	  31	  32	  80	  20	  50	 679	1572597	1573180	   0	 460	
 575	 600	  50	   4	1051	   3	   2	  21	  31	  33	  80	  20	  50	 584	1575073	1576124	   0	 460	
 576	 601	  80	   2	 591	   1	   1	  22	  31	  33	  80	  20	  50	 459	1577883	1578474	   0	 450	
 577	 602	  20	   2	 772	   2	   1	  22	  32	  33	  80	  20	  50	 507	1580276	1581048	   0	 440	
 578	 603	  30	   4	 802	   3	   2	  22	  32	   1	  80	  20	  30	 325	1582686	1583488	   3	 440	
 579	 604	  20	   2	 678	   2	   1	  22	  33	   1	  80	  20	  30	 351	1585146	1585824	   0	 430	
 580	 605	  30	   4	 558	   3	   2	  22	  33	   2	  80	  20	  30	 592	1587706	1588264	   0	 430	
 581	 606	  20	   2	 676	   2	   1	  22	  34	   2	  80	  20	  30	 411	1589984	1590660	   0	 420	
 582	 607	  30	   2	 731	   3	   1	  22	  34	   3	  80	  20	  30	 620	1592577	1593308	   0	 410	
 583	 608	  20	   4	 761	   2	   2	  22	  35	   3	  80	  20	  30	 327	1594937	1595698	   0	 410	
 584	 609	  30	   4	 451	   3	   2	  22	  35	   4	  80	  20	  30	 541	1597547	1597998	   0	 410	
 585	 610	  80	   1	 874	   1	   1	  23	  35	   4	  80	  20	  30	 402	1599708	1600582	   0	 420	
 586	 611	  70	   3	 975	   2	   2	  23	   1	   4	  80	  70	  30	 684	1602583	1603558	   2	 420	
 587	 612	  30	   1	1348	   3	   1	  23	   1	   5	  80	  70	  30	 375	1605226	1606574	   0	 430	
 588	 613	  70	   3	1040	   2	   2	  23	   2	   5	  80	  70	  30	 608	1608484	1609524	   0	 430	
 589	 614	  80	   1	 553	   1	   1	  24	   2	   5	  80	  70	  30	 684	1611509	1612062	   0	 440	
 590	 615	  70	   1	 910	   2	   1	  24	   3	   5	  80	  70	  30	 579	1613936	1614846	   0	 450	
 591	 616	  30	   4	 561	   3	   2	  24	   3	   6	  80	  70	  30	 427	1616579	1617140	   0	 450	
 592	 617	  80	   1	 660	   1	   1	  25	   3	   6	  80	  70	  30	 360	1618790	1619450	   0	 460	
NaN	 618	  30	NaN	NaN	   3	   3	  25	   3	   6	  80	  70	  30	 342	1618790	NaN	   0	 460	
NaN	 619	  70	NaN	NaN	   2	   3	  25	   3	   6	  80	  70	  30	 679	1618790	NaN	   0	 460	
 593	 620	  30	   3	 582	   3	   2	  25	   3	   7	  80	  70	  30	 513	1628830	1629412	   0	 460	
 594	 621	  70	   3	 882	   2	   2	  25	   4	   7	  80	  70	  30	 579	1631290	1632172	   0	 460	
 595	 622	  80	   1	 951	   1	   1	  26	   4	   7	  80	  70	  30	 352	1633833	1634784	   0	 470	
 596	 623	  70	   4	 787	   2	   2	  26	   5	   7	  80	  70	  30	 359	1636443	1637230	   0	 470	
 597	 624	  80	   1	 596	   1	   1	  27	   5	   7	  80	  70	  30	 552	1639086	1639682	   0	 480	
 598	 625	  30	   4	 600	   3	   2	  27	   5	   8	  80	  70	  30	 302	1641296	1641896	   0	 480	
 599	 626	  70	   3	 831	   2	   2	  27	   6	   8	  80	  70	  30	 519	1643723	1644554	   0	 480	
 600	 627	  80	   2	 431	   1	   1	  28	   6	   8	  80	  70	  30	 307	1646167	1646598	   0	 470	
 601	 628	  30	   4	 544	   3	   2	  28	   6	   9	  80	  70	  30	 376	1648294	1648838	   0	 470	
 602	 629	  80	   1	 484	   1	   1	  29	   6	   9	  80	  70	  30	 385	1650522	1651006	   0	 480	
 603	 630	  70	   4	 857	   2	   2	  29	   7	   9	  80	  70	  30	 535	1652849	1653706	   0	 480	
 604	 631	  30	   3	 572	   3	   2	  29	   7	  10	  80	  70	  30	 387	1655392	1655964	   0	 480	
 605	 632	  80	   1	 600	   1	   1	  30	   7	  10	  80	  70	  30	 466	1657736	1658336	   0	 490	
 606	 633	  70	   3	 899	   2	   2	  30	   8	  10	  80	  70	  30	 496	1660129	1661028	   0	 490	
 607	 634	  30	   2	1883	   3	   1	  30	   8	  11	  80	  70	  30	 678	1663005	1664888	   0	 480	
 608	 635	  50	   2	 712	   1	   1	   1	   8	  11	  50	  70	  30	 510	1666712	1667424	   1	 470	
 609	 636	  30	   2	 770	   3	   1	   1	   8	  12	  50	  70	  30	 700	1669438	1670208	   0	 460	
 610	 637	  50	   4	 705	   1	   2	   2	   8	  12	  50	  70	  30	 513	1672031	1672736	   0	 460	
 611	 638	  30	   2	 784	   3	   1	   2	   8	  13	  50	  70	  30	 498	1674574	1675358	   0	 450	
 612	 639	  70	   3	1098	   2	   2	   2	   9	  13	  50	  70	  30	 478	1677134	1678232	   0	 450	
 613	 640	  50	   4	 757	   1	   2	   3	   9	  13	  50	  70	  30	 570	1680109	1680866	   0	 450	
 614	 641	  70	   2	 491	   2	   1	   3	  10	  13	  50	  70	  30	 563	1682735	1683226	   0	 440	
 615	 642	  30	   2	 725	   3	   1	   3	  10	  14	  50	  70	  30	 552	1685079	1685804	   0	 430	
 616	 643	  50	   3	 751	   1	   2	   4	  10	  14	  50	  70	  30	 485	1687589	1688340	   0	 430	
NaN	 644	  70	NaN	NaN	   2	   3	   4	  10	  14	  50	  70	  30	 348	1687589	NaN	   0	 430	
 617	 645	  30	   3	 582	   3	   2	   4	  10	  15	  50	  70	  30	 536	1693806	1694388	   0	 430	
 618	 646	  70	   1	 528	   2	   1	   4	  11	  15	  50	  70	  30	 572	1696266	1696794	   0	 440	
 619	 647	  50	   3	 644	   1	   2	   5	  11	  15	  50	  70	  30	 300	1698394	1699038	   0	 440	
 620	 648	  30	   2	 744	   3	   1	   5	  11	  16	  50	  70	  30	 327	1700654	1701398	   0	 430	
 621	 649	  50	   2	 522	   1	   1	   6	  11	  16	  50	  70	  30	 692	1703414	1703936	   0	 420	
 622	 650	  30	   4	 638	   3	   2	   6	  11	  17	  50	  70	  30	 438	1705674	1706312	   0	 420	
 623	 651	  70	   1	 436	   2	   1	   6	  12	  17	  50	  70	  30	 410	1708018	1708454	   0	 430	
 624	 652	  30	   4	 611	   3	   2	   6	  12	  18	  50	  70	  30	 698	1710461	1711072	   0	 430	
 625	 653	  50	   3	 560	   1	   2	   7	  12	  18	  50	  70	  30	 403	1712772	1713332	   0	 430	
 626	 654	  70	   1	 554	   2	   1	   7	  13	  18	  50	  70	  30	 449	1715082	1715636	   0	 440	
 627	 655	  50	   3	 659	   1	   2	   8	  13	  18	  50	  70	  30	 404	1717343	1718002	   0	 440	
 628	 656	  70	   3	 800	   2	   2	   8	  14	  18	  50	  70	  30	 525	1719820	1720620	   0	 440	
 629	 657	  30	   3	1826	   3	   2	   8	  14	  19	  50	  70	  30	 474	1722396	1724222	   0	 440	
 630	 658	  50	   3	 643	   1	   2	   9	  14	  19	  50	  70	  30	 379	1725903	1726546	   0	 440	
 631	 659	  30	   3	1245	   3	   2	   9	  14	  20	  50	  70	  30	 503	1728363	1729608	   0	 440	
 632	 660	  70	   4	 794	   2	   2	   9	  15	  20	  50	  70	  30	 672	1731588	1732382	   0	 440	
 633	 661	  30	   3	 772	   3	   2	   9	  15	  21	  50	  70	  30	 351	1734032	1734804	   0	 440	
 634	 662	  70	   1	 557	   2	   1	   9	  16	  21	  50	  70	  30	 426	1736525	1737082	   0	 450	
 635	 663	  30	   4	 986	   3	   2	   9	  16	  22	  50	  70	  30	 618	1739002	1739988	   0	 450	
 636	 664	  70	   1	 719	   2	   1	   9	  17	  22	  50	  70	  30	 570	1741861	1742580	   0	 460	
 637	 665	  50	   4	 588	   1	   2	  10	  17	  22	  50	  70	  30	 677	1744554	1745142	   0	 460	
 638	 666	  30	   4	 687	   3	   2	  10	  17	  23	  50	  70	  30	 497	1746947	1747634	   0	 460	
 639	 667	  70	   1	 619	   2	   1	  10	  18	  23	  50	  70	  30	 675	1749607	1750226	   0	 470	
 640	 668	  30	   4	 671	   3	   2	  10	  18	  24	  50	  70	  30	 538	1752067	1752738	   0	 470	
 641	 669	  50	   3	 637	   1	   2	  11	  18	  24	  50	  70	  30	 540	1754593	1755230	   0	 470	
 642	 670	  70	   2	 758	   2	   1	  11	  19	  24	  50	  70	  30	 467	1757004	1757762	   0	 460	
NaN	 671	  50	NaN	NaN	   1	   3	  11	  19	  24	  50	  70	  30	 388	1757004	NaN	   0	 460	
NaN	 672	  30	NaN	NaN	   3	   3	  11	  19	  24	  50	  70	  30	 330	1757004	NaN	   0	 460	
 643	 673	  70	   4	 438	   2	   2	  11	  20	  24	  50	  70	  30	 326	1766644	1767082	   0	 460	
 644	 674	  30	   2	 901	   3	   1	  11	  20	  25	  50	  70	  30	 479	1768855	1769756	   0	 450	
 645	 675	  50	   4	 721	   1	   2	  12	  20	  25	  50	  70	  30	 349	1771415	1772136	   0	 450	
 646	 676	  70	   2	 498	   2	   1	  12	  21	  25	  50	  70	  30	 527	1773958	1774456	   0	 440	
 647	 677	  30	   4	 573	   3	   2	  12	  21	  26	  50	  70	  30	 571	1776335	1776908	   0	 440	
 648	 678	  50	   4	 737	   1	   2	  13	  21	  26	  50	  70	  30	 627	1778829	1779566	   0	 440	
 649	 679	  70	   1	 478	   2	   1	  13	  22	  26	  50	  70	  30	 549	1781422	1781900	   0	 450	
 650	 680	  50	   3	 593	   1	   2	  14	  22	  26	  50	  70	  30	 579	1783765	1784358	   0	 450	
 651	 681	  30	   3	1105	   3	   2	  14	  22	  27	  50	  70	  30	 621	1786309	1787414	   0	 450	
 652	 682	  50	   3	1249	   1	   2	  15	  22	  27	  50	  70	  30	 495	1789201	1790450	   0	 450	
 653	 683	  30	   4	 573	   3	   2	  15	  22	  28	  50	  70	  30	 696	1792459	1793032	   0	 450	
 654	 684	  50	   4	 636	   1	   2	  16	  22	  28	  50	  70	  30	 356	1794686	1795322	   0	 450	
 655	 685	  70	   1	 638	   2	   1	  16	  23	  28	  50	  70	  30	 406	1797030	1797668	   0	 460	
 656	 686	  50	   3	 688	   1	   2	  17	  23	  28	  50	  70	  30	 417	1799390	1800078	   0	 460	
 657	 687	  70	   1	1429	   2	   1	  17	  24	  28	  50	  70	  30	 561	1801933	1803362	   0	 470	
 658	 688	  50	   4	 662	   1	   2	  18	  24	  28	  50	  70	  30	 643	1805308	1805970	   0	 470	
 659	 689	  30	   4	 648	   3	   2	  18	  24	  29	  50	  70	  30	 588	1807868	1808516	   0	 470	
NaN	 690	  50	NaN	NaN	   1	   3	  18	  24	  29	  50	  70	  30	 489	1807868	NaN	   0	 470	
 660	 691	  30	   1	1206	   3	   1	  18	  24	  30	  50	  70	  30	 443	1814018	1815224	   0	 480	
 661	 692	  70	   1	 572	   2	   1	  18	  25	  30	  50	  70	  30	 674	1817226	1817798	   0	 490	
 662	 693	  30	   4	 761	   3	   2	  18	  25	   1	  50	  70	  30	 352	1819453	1820214	   0	 490	
NaN	 694	  50	NaN	NaN	   1	   3	  18	  25	   1	  50	  70	  30	 395	1819453	NaN	   0	 490	
 663	 695	  70	   1	 594	   2	   1	  18	  26	   1	  50	  70	  30	 361	1825520	1826114	   0	 500	
 664	 696	  30	   4	 643	   3	   2	  18	  26	   2	  50	  70	  30	 368	1827781	1828424	   0	 500	
 665	 697	  50	   3	 615	   1	   2	  19	  26	   2	  50	  70	  30	 665	1830391	1831006	   0	 500	
 666	 698	  30	   2	1265	   3	   1	  19	  26	   3	  50	  70	  30	 333	1832651	1833916	   0	 490	
 667	 699	  50	   4	 725	   1	   2	  20	  26	   3	  50	  70	  30	 304	1835527	1836252	   0	 490	
 668	 700	  30	   2	1431	   3	   1	  20	  26	   4	  50	  70	  30	 380	1837937	1839368	   0	 480	
 669	 701	  70	   2	 518	   2	   1	  20	  27	   4	  50	  70	  30	 538	1841212	1841730	   0	 470	
 670	 702	  30	   1	1241	   3	   1	  20	  27	   5	  50	  70	  30	 458	1843489	1844730	   0	 480	
 671	 703	  50	   3	 738	   1	   2	  21	  27	   5	  50	  70	  30	 339	1846398	1847136	   0	 480	
 672	 704	  30	   4	 882	   3	   2	  21	  27	   6	  50	  70	  30	 576	1849008	1849890	   0	 480	
 673	 705	  50	   3	 757	   1	   2	  22	  27	   6	  50	  70	  30	 567	1851767	1852524	   0	 480	
 674	 706	  70	   1	 683	   2	   1	  22	  28	   6	  50	  70	  30	 618	1854443	1855126	   0	 490	
 675	 707	  50	   3	 724	   1	   2	  23	  28	   6	  50	  70	  30	 530	1856970	1857694	   0	 490	
NaN	 708	  30	NaN	NaN	   3	   3	  23	  28	   6	  50	  70	  30	 534	1856970	NaN	   0	 490	
 676	 709	  50	   4	 639	   1	   2	  24	  28	   6	  50	  70	  30	 622	1863419	1864058	   0	 490	
 677	 710	  30	   3	1048	   3	   2	  24	  28	   7	  50	  70	  30	 540	1865896	1866944	   0	 490	
 678	 711	  70	   1	 513	   2	   1	  24	  29	   7	  50	  70	  30	 310	1868555	1869068	   0	 500	
 679	 712	  50	   4	 628	   1	   2	  25	  29	   7	  50	  70	  30	 486	1870866	1871494	   0	 500	
 680	 713	  70	   2	 479	   2	   1	  25	  30	   7	  50	  70	  30	 313	1873093	1873572	   0	 490	
 681	 714	  50	   4	 627	   1	   2	  26	  30	   7	  50	  70	  30	 629	1875537	1876164	   0	 490	
 682	 715	  30	   2	 657	   3	   1	  26	  30	   8	  50	  70	  30	 508	1877963	1878620	   0	 480	
 683	 716	  50	   4	 772	   1	   2	  27	  30	   8	  50	  70	  30	 464	1880390	1881162	   0	 480	
 684	 717	  30	   2	1585	   3	   1	  27	  30	   9	  50	  70	  30	 509	1882967	1884552	   0	 470	
 685	 718	  50	   3	 631	   1	   2	  28	  30	   9	  50	  70	  30	 599	1886457	1887088	   0	 470	
 686	 719	  70	   1	 691	   2	   1	  28	  31	   9	  50	  70	  30	 606	1889001	1889692	   0	 480	
 687	 720	  50	   4	 707	   1	   2	  29	  31	   9	  50	  70	  30	 592	1891577	1892284	   0	 480	
 688	 721	  30	   1	 848	   3	   1	  29	  31	  10	  50	  70	  30	 698	1894286	1895134	   0	 490	
 689	 722	  50	   3	 554	   1	   2	  30	  31	  10	  50	  70	  30	 675	1897112	1897666	   0	 490	
 690	 723	  30	   4	1518	   3	   2	  30	  31	  11	  50	  70	  30	 364	1899340	1900858	   0	 490	
 691	 724	  70	   1	 600	   2	   1	  30	  32	  11	  50	  70	  30	 592	1902780	1903380	   0	 500	
 692	 725	  50	   4	 608	   1	   2	  31	  32	  11	  50	  70	  30	 582	1905274	1905882	   0	 500	
 693	 726	  70	   1	 721	   2	   1	  31	  33	  11	  50	  70	  30	 437	1907617	1908338	   0	 510	
 694	 727	  50	   4	 517	   1	   2	  32	  33	  11	  50	  70	  30	 522	1910161	1910678	   0	 510	
 695	 728	  30	   2	 998	   3	   1	  32	  33	  12	  50	  70	  30	 309	1912288	1913286	   0	 500	
 696	 729	  70	   2	 544	   2	   1	  32	  34	  12	  50	  70	  30	 688	1915280	1915824	   0	 490	
 697	 730	  50	   3	 527	   1	   2	  33	  34	  12	  50	  70	  30	 540	1917657	1918184	   0	 490	
 698	 731	  30	   2	 642	   3	   1	  33	  34	  13	  50	  70	  30	 442	1919918	1920560	   0	 480	
 699	 732	  50	   4	 607	   1	   2	   1	  34	  13	  50	  70	  30	 534	1922395	1923002	   0	 480	
 700	 733	  30	   2	 720	   3	   1	   1	  34	  14	  50	  70	  30	 641	1924938	1925658	   0	 470	
 701	 734	  50	   4	 642	   1	   2	   2	  34	  14	  50	  70	  30	 358	1927348	1927990	   0	 470	
 702	 735	  30	   1	 831	   3	   1	   2	  34	  15	  50	  70	  30	 343	1929625	1930456	   0	 480	
 703	 736	  50	   4	 442	   1	   2	   3	  34	  15	  50	  70	  30	 344	1932102	1932544	   0	 480	
 704	 737	  70	   1	 548	   2	   1	   3	  35	  15	  50	  70	  30	 507	1934346	1934894	   0	 490	
 705	 738	  50	   3	 593	   1	   2	   4	  35	  15	  50	  70	  30	 527	1936723	1937316	   0	 490	
 706	 739	  70	   3	 808	   2	   2	   4	   1	  15	  50	  70	  30	 374	1938984	1939792	   0	 490	
