Version: 1	Number of symbols: 3	Pictures exchange: true	Response Deadline: 2000
Trial_No	Virt_Trial_No	Prob_Shown	Feedback	RT	Stimulus_No	Resp	SymbolA_Stage	SymbolB_Stage	SymbolC_Stage	Prob_A	Prob_B	Prob_C	Jitter	StimOnset	RespOnset	Symbol_Changes	Bonus_sum
NaN	   1	  30	NaN	NaN	   1	   3	   0	   0	   0	  30	  70	  50	 600	   0	NaN	   0	   0	
   1	   2	  50	   4	 721	   3	   2	   0	   0	   1	  30	  70	  50	 652	5633	6354	   0	   0	
   2	   3	  30	   4	 540	   1	   2	   1	   0	   1	  30	  70	  50	 513	8166	8706	   0	   0	
   3	   4	  50	   3	 486	   3	   2	   1	   0	   2	  30	  70	  50	 308	10316	10802	   0	   0	
   4	   5	  70	   3	1165	   2	   2	   1	   1	   2	  30	  70	  50	 426	12533	13698	   0	   0	
   5	   6	  30	   4	 496	   1	   2	   2	   1	   2	  30	  70	  50	 680	15666	16162	   0	   0	
   6	   7	  50	   4	 552	   3	   2	   2	   1	   3	  30	  70	  50	 408	17866	18418	   0	   0	
   7	   8	  70	   1	 510	   2	   1	   2	   2	   3	  30	  70	  50	 399	20132	20642	   0	  10	
   8	   9	  50	   4	 602	   3	   2	   2	   2	   4	  30	  70	  50	 676	22616	23218	   0	  10	
   9	  10	  30	   4	 612	   1	   2	   3	   2	   4	  30	  70	  50	 634	25166	25778	   0	  10	
  10	  11	  50	   3	 627	   3	   2	   3	   2	   5	  30	  70	  50	 541	27615	28242	   0	  10	
  11	  12	  70	   1	 425	   2	   1	   3	   3	   5	  30	  70	  50	 676	30232	30657	   0	  20	
  12	  13	  50	   4	 518	   3	   2	   3	   3	   6	  30	  70	  50	 343	32299	32817	   0	  20	
  13	  14	  70	   2	 684	   2	   1	   3	   4	   6	  30	  70	  50	 445	34565	35249	   0	  10	
  14	  15	  50	   3	 604	   3	   2	   3	   4	   7	  30	  70	  50	 405	36965	37569	   0	  10	
  15	  16	  30	   3	 638	   1	   2	   4	   4	   7	  30	  70	  50	 432	39299	39937	   0	  10	
  16	  17	  70	   2	 653	   2	   1	   4	   5	   7	  30	  70	  50	 505	41748	42401	   0	   0	
  17	  18	  50	   3	 653	   3	   2	   4	   5	   8	  30	  70	  50	 445	44148	44801	   0	   0	
  18	  19	  70	   1	 502	   2	   1	   4	   6	   8	  30	  70	  50	 600	46715	47217	   0	  10	
  19	  20	  30	   3	 517	   1	   2	   5	   6	   8	  30	  70	  50	 631	49148	49665	   0	  10	
  20	  21	  50	   4	 693	   3	   2	   5	   6	   9	  30	  70	  50	 578	51548	52241	   0	  10	
  21	  22	  30	   4	 712	   1	   2	   6	   6	   9	  30	  70	  50	 309	53865	54577	   0	  10	
  22	  23	  50	   3	 858	   3	   2	   6	   6	  10	  30	  70	  50	 341	56215	57073	   0	  10	
  23	  24	  30	   4	 784	   1	   2	   7	   6	  10	  30	  70	  50	 513	58881	59665	   0	  10	
  24	  25	  70	   1	 625	   2	   1	   7	   7	  10	  30	  70	  50	 676	61648	62273	   0	  20	
  25	  26	  50	   3	 460	   3	   2	   7	   7	  11	  30	  70	  50	 613	64181	64641	   0	  20	
  26	  27	  30	   4	 806	   1	   2	   8	   7	  11	  30	  70	  50	 388	66331	67137	   0	  20	
  27	  28	  50	   4	 836	   3	   2	   8	   7	  12	  30	  70	  50	 328	68764	69600	   0	  20	
  28	  29	  70	   1	 580	   2	   1	   8	   8	  12	  30	  70	  50	 634	71548	72128	   0	  30	
  29	  30	  50	   3	 692	   3	   2	   8	   8	  13	  30	  70	  50	 537	73964	74656	   0	  30	
  30	  31	  70	   1	 710	   2	   1	   8	   9	  13	  30	  70	  50	 358	76314	77024	   0	  40	
  31	  32	  50	   3	 757	   3	   2	   8	   9	  14	  30	  70	  50	 395	78731	79488	   0	  40	
  32	  33	  30	   4	 618	   1	   2	   9	   9	  14	  30	  70	  50	 623	81414	82032	   0	  40	
  33	  34	  70	   2	 602	   2	   1	   9	  10	  14	  30	  70	  50	 466	83814	84416	   0	  30	
  34	  35	  30	   3	 625	   1	   2	  10	  10	  14	  30	  70	  50	 318	86047	86672	   0	  30	
  35	  36	  70	   1	 737	   2	   1	  10	  11	  14	  30	  70	  50	 480	88447	89184	   0	  40	
  36	  37	  50	   4	 722	   3	   2	  10	  11	  15	  30	  70	  50	 322	90814	91536	   0	  40	
  37	  38	  30	   4	 749	   1	   2	  11	  11	  15	  30	  70	  50	 511	93347	94096	   0	  40	
  38	  39	  70	   2	 606	   2	   1	  11	  12	  15	  30	  70	  50	 316	95714	96320	   0	  30	
  39	  40	  30	   3	 320	   1	   2	  12	  12	  15	  30	  70	  50	 460	98080	98400	   0	  30	
  40	  41	  50	   3	 413	   3	   2	  12	  12	  16	  30	  70	  50	 446	100147	100560	   0	  30	
  41	  42	  70	   1	 285	   2	   1	  12	  13	  16	  30	  70	  50	 676	102547	102832	   0	  40	
  42	  43	  30	   4	 382	   1	   2	  13	  13	  16	  30	  70	  50	 381	104514	104896	   0	  40	
  43	  44	  70	   1	 668	   2	   1	  13	  14	  16	  30	  70	  50	 392	106580	107248	   0	  50	
  44	  45	  50	   2	 339	   3	   1	  13	  14	  17	  30	  70	  50	 623	109180	109519	   0	  40	
  45	  46	  30	   4	 363	   1	   2	  14	  14	  17	  30	  70	  50	 557	111380	111743	   0	  40	
  46	  47	  70	   1	 510	   2	   1	  14	  15	  17	  30	  70	  50	 680	113713	114223	   0	  50	
  47	  48	  30	   4	 536	   1	   2	  15	  15	  17	  30	  70	  50	 333	115863	116399	   0	  50	
  48	  49	  70	   2	 566	   2	   1	  15	  16	  17	  30	  70	  50	 591	118297	118863	   0	  40	
  49	  50	  30	   3	 452	   1	   2	  16	  16	  17	  30	  70	  50	 589	120763	121215	   0	  40	
  50	  51	  70	   1	 554	   2	   1	  16	  17	  17	  30	  70	  50	 485	123013	123567	   0	  50	
  51	  52	  30	   4	 430	   1	   2	  17	  17	  17	  30	  70	  50	 432	125313	125743	   0	  50	
  52	  53	  70	   1	 481	   2	   1	  17	  18	  17	  30	  70	  50	 598	127630	128111	   0	  60	
  53	  54	  30	   4	 357	   1	   2	  18	  18	  17	  30	  70	  50	 547	129946	130303	   0	  60	
  54	  55	  70	   2	 463	   2	   1	  18	  19	  17	  30	  70	  50	 471	132080	132543	   0	  50	
  55	  56	  50	   4	 602	   3	   2	  18	  19	  18	  30	  70	  50	 372	134213	134815	   0	  50	
  56	  57	  30	   1	 332	   1	   1	  19	  19	  18	  30	  70	  50	 436	136563	136895	   0	  60	
  57	  58	  70	   1	 590	   2	   1	  19	  20	  18	  30	  70	  50	 337	138529	139119	   0	  70	
  58	  59	  50	   3	 531	   3	   2	  19	  20	  19	  30	  70	  50	 370	140796	141327	   0	  70	
  59	  60	  30	   4	 665	   1	   2	  20	  20	  19	  30	  70	  50	 418	143046	143711	   0	  70	
  60	  61	  50	   2	 345	   3	   1	  20	  20	  20	  30	  70	  50	 436	145446	145791	   0	  60	
  61	  62	  70	   1	 458	   2	   1	  20	  21	  20	  30	  70	  50	 313	147413	147871	   0	  70	
  62	  63	  50	   4	 756	   3	   2	  20	  21	  21	  30	  70	  50	 395	149562	150318	   0	  70	
  63	  64	  70	   2	 526	   2	   1	  20	  22	  21	  30	  70	  50	 480	152096	152622	   0	  60	
  64	  65	  50	   3	 701	   3	   2	  20	  22	  22	  30	  70	  50	 607	154529	155230	   0	  60	
  65	  66	  30	   2	 554	   1	   1	  21	  22	  22	  30	  70	  50	 466	157012	157566	   0	  50	
  66	  67	  70	   3	 424	   2	   2	  21	  23	  22	  30	  70	  50	 596	159462	159886	   0	  50	
  67	  68	  30	   3	 742	   1	   2	  22	  23	  22	  30	  70	  50	 321	161512	162254	   0	  50	
  68	  69	  50	   2	 633	   3	   1	  22	  23	  23	  30	  70	  50	 671	164229	164862	   0	  40	
  69	  70	  70	   1	 355	   2	   1	  22	  24	  23	  30	  70	  50	 626	166795	167150	   0	  50	
  70	  71	  50	   2	 543	   3	   1	  22	  24	  24	  30	  70	  50	 417	168879	169422	   0	  40	
  71	  72	  70	   1	 353	   2	   1	  22	  25	  24	  30	  70	  50	 500	171245	171598	   0	  50	
  72	  73	  50	   1	 581	   3	   1	  22	  25	  25	  30	  70	  50	 636	173545	174126	   0	  60	
  73	  74	  70	   2	 578	   2	   1	  22	  26	  25	  30	  70	  50	 607	176028	176606	   0	  50	
  74	  75	  50	   2	 528	   3	   1	  22	  26	  26	  30	  70	  50	 575	178478	179006	   0	  40	
  75	  76	  70	   1	 522	   2	   1	  22	  27	  26	  30	  70	  50	 326	180628	181150	   0	  50	
  76	  77	  50	   1	 420	   3	   1	  22	  27	  27	  30	  70	  50	 331	182778	183198	   0	  60	
  77	  78	  70	   1	 379	   2	   1	  22	  28	  27	  30	  70	  50	 498	184995	185374	   0	  70	
  78	  79	  50	   1	 386	   3	   1	  22	  28	  28	  30	  70	  50	 537	187212	187598	   0	  80	
  79	  80	  30	   4	 658	   1	   2	  23	  28	  28	  30	  70	  50	 698	189595	190253	   0	  80	
  80	  81	  70	   2	 542	   2	   1	  23	  29	  28	  30	  70	  50	 551	192111	192653	   0	  70	
  81	  82	  30	   2	 404	   1	   1	  24	  29	  28	  30	  70	  50	 388	194361	194765	   0	  60	
  82	  83	  50	   2	 530	   3	   1	  24	  29	  29	  30	  70	  50	 318	196395	196925	   0	  50	
  83	  84	  30	   4	 870	   1	   2	  25	  29	  29	  30	  70	  50	 471	198695	199565	   0	  50	
  84	  85	  70	   1	 587	   2	   1	  25	  30	  29	  30	  70	  50	 507	201378	201965	   0	  60	
  85	  86	  50	   1	 829	   3	   1	  25	  30	  30	  30	  70	  50	 464	203728	204557	   0	  70	
  86	  87	  70	   1	 613	   2	   1	  25	  31	  30	  30	  70	  50	 484	206344	206957	   0	  80	
  87	  88	  30	   4	 926	   3	   2	  25	  31	   1	  30	  70	  30	 650	208911	209837	   3	  80	
  88	  89	  30	   3	1287	   1	   2	  26	  31	   1	  30	  70	  30	 361	211494	212781	   0	  80	
  89	  90	  70	   2	 624	   2	   1	  26	  32	   1	  30	  70	  30	 385	214477	215101	   0	  70	
  90	  91	  30	   3	 655	   3	   2	  26	  32	   2	  30	  70	  30	 487	216894	217549	   0	  70	
  91	  92	  70	   1	 637	   2	   1	  26	  33	   2	  30	  70	  30	 466	219344	219981	   0	  80	
  92	  93	  30	   4	 754	   1	   2	  27	  33	   2	  30	  70	  30	 346	221627	222381	   0	  80	
  93	  94	  30	   4	 705	   3	   2	  27	  33	   3	  30	  70	  30	 356	224044	224749	   0	  80	
  94	  95	  30	   4	 846	   1	   2	  28	  33	   3	  30	  70	  30	 453	226511	227357	   0	  80	
  95	  96	  20	   4	 956	   2	   2	  28	   1	   3	  30	  20	  30	 312	228960	229916	   2	  80	
  96	  97	  30	   3	 728	   1	   2	  29	   1	   3	  30	  20	  30	 619	231844	232572	   0	  80	
  97	  98	  30	   4	 604	   3	   2	  29	   1	   4	  30	  20	  30	 683	234560	235164	   0	  80	
  98	  99	  30	   4	 606	   1	   2	  30	   1	   4	  30	  20	  30	 419	236894	237500	   0	  80	
  99	 100	  30	   4	 698	   3	   2	  30	   1	   5	  30	  20	  30	 592	239394	240092	   0	  80	
 100	 101	  20	   4	 807	   2	   2	  30	   2	   5	  30	  20	  30	 486	241877	242684	   0	  80	
 101	 102	  30	   4	 626	   1	   2	  31	   2	   5	  30	  20	  30	 408	244410	245036	   0	  80	
 102	 103	  20	   3	 823	   2	   2	  31	   3	   5	  30	  20	  30	 357	246693	247516	   0	  80	
 103	 104	  30	   3	 651	   3	   2	  31	   3	   6	  30	  20	  30	 562	249377	250028	   0	  80	
 104	 105	  20	   4	 728	   2	   2	  31	   4	   6	  30	  20	  30	 531	251860	252588	   0	  80	
 105	 106	  30	   4	 457	   3	   2	  31	   4	   7	  30	  20	  30	 361	254243	254700	   0	  80	
 106	 107	  20	   4	 396	   2	   2	  31	   5	   7	  30	  20	  30	 563	256560	256956	   0	  80	
 107	 108	  30	   4	 492	   3	   2	  31	   5	   8	  30	  20	  30	 308	258560	259052	   0	  80	
 108	 109	  20	   1	 540	   2	   1	  31	   6	   8	  30	  20	  30	 618	260976	261516	   0	  90	
 109	 110	  30	   3	 411	   1	   2	  32	   6	   8	  30	  20	  30	 579	263393	263804	   0	  90	
 110	 111	  30	   4	 510	   3	   2	  32	   6	   9	  30	  20	  30	 632	265726	266236	   0	  90	
 111	 112	  20	   4	 465	   2	   2	  32	   7	   9	  30	  20	  30	 497	268043	268508	   0	  90	
 112	 113	  30	   3	 647	   3	   2	  32	   7	  10	  30	  20	  30	 478	270276	270923	   0	  90	
 113	 114	  30	   4	 556	   1	   2	  33	   7	  10	  30	  20	  30	 347	272559	273115	   0	  90	
 114	 115	  30	   3	 562	   3	   2	  33	   7	  11	  30	  20	  30	 367	274793	275355	   0	  90	
 115	 116	  30	   4	 602	   1	   2	  34	   7	  11	  30	  20	  30	 361	277009	277611	   0	  90	
 116	 117	  30	   4	 620	   3	   2	  34	   7	  12	  30	  20	  30	 442	279359	279979	   0	  90	
 117	 118	  30	   4	 582	   1	   2	  35	   7	  12	  30	  20	  30	 622	281909	282491	   0	  90	
 118	 119	  30	   4	 573	   3	   2	  35	   7	  13	  30	  20	  30	 338	284126	284699	   0	  90	
 119	 120	  20	   4	 588	   2	   2	  35	   8	  13	  30	  20	  30	 555	286559	287147	   0	  90	
 120	 121	  80	   1	 715	   1	   1	   1	   8	  13	  80	  20	  30	 533	288992	289707	   1	 100	
 121	 122	  30	   4	 547	   3	   2	   1	   8	  14	  80	  20	  30	 567	291592	292139	   0	 100	
 122	 123	  80	   1	 605	   1	   1	   2	   8	  14	  80	  20	  30	 685	294126	294731	   0	 110	
 123	 124	  30	   3	 474	   3	   2	   2	   8	  15	  80	  20	  30	 589	296625	297099	   0	 110	
 124	 125	  80	   2	 566	   1	   1	   3	   8	  15	  80	  20	  30	 309	298709	299275	   0	 100	
 125	 126	  30	   4	 365	   3	   2	   3	   8	  16	  80	  20	  30	 363	300942	301307	   0	 100	
 126	 127	  80	   1	 417	   1	   1	   4	   8	  16	  80	  20	  30	 646	303242	303659	   0	 110	
 127	 128	  30	   4	 783	   3	   2	   4	   8	  17	  80	  20	  30	 327	305292	306075	   0	 110	
 128	 129	  20	   4	 776	   2	   2	   4	   9	  17	  80	  20	  30	 476	307858	308634	   0	 110	
 129	 130	  80	   1	 614	   1	   1	   5	   9	  17	  80	  20	  30	 356	310292	310906	   0	 120	
 130	 131	  30	   4	 600	   3	   2	   5	   9	  18	  80	  20	  30	 440	312642	313242	   0	 120	
 131	 132	  80	   2	 609	   1	   1	   6	   9	  18	  80	  20	  30	 662	315225	315834	   0	 110	
 132	 133	  30	   3	 537	   3	   2	   6	   9	  19	  80	  20	  30	 689	317825	318362	   0	 110	
 133	 134	  80	   1	 544	   1	   1	   7	   9	  19	  80	  20	  30	 384	320058	320602	   0	 120	
 134	 135	  20	   4	 395	   2	   2	   7	  10	  19	  80	  20	  30	 674	322575	322970	   0	 120	
 135	 136	  80	   1	 563	   1	   1	   8	  10	  19	  80	  20	  30	 504	324775	325338	   0	 130	
 136	 137	  20	   3	 593	   2	   2	   8	  11	  19	  80	  20	  30	 594	327225	327818	   0	 130	
 137	 138	  80	   1	 537	   1	   1	   9	  11	  19	  80	  20	  30	 328	329441	329978	   0	 140	
 138	 139	  20	   4	 589	   2	   2	   9	  12	  19	  80	  20	  30	 436	331725	332314	   0	 140	
 139	 140	  30	   4	 552	   3	   2	   9	  12	  20	  80	  20	  30	 648	334258	334810	   0	 140	
 140	 141	  80	   1	 495	   1	   1	  10	  12	  20	  80	  20	  30	 372	336491	336986	   0	 150	
 141	 142	  30	   3	 406	   3	   2	  10	  12	  21	  80	  20	  30	 403	338708	339114	   0	 150	
 142	 143	  20	   4	 664	   2	   2	  10	  13	  21	  80	  20	  30	 650	341074	341738	   0	 150	
 143	 144	  80	   2	 481	   1	   1	  11	  13	  21	  80	  20	  30	 605	343641	344122	   0	 140	
 144	 145	  30	   4	 733	   3	   2	  11	  13	  22	  80	  20	  30	 331	345741	346474	   0	 140	
 145	 146	  20	   4	 660	   2	   2	  11	  14	  22	  80	  20	  30	 570	348357	349017	   0	 140	
 146	 147	  30	   4	 586	   3	   2	  11	  14	  23	  80	  20	  30	 677	350991	351577	   0	 140	
 147	 148	  20	   4	 718	   2	   2	  11	  15	  23	  80	  20	  30	 416	353307	354025	   0	 140	
 148	 149	  80	   1	 350	   1	   1	  12	  15	  23	  80	  20	  30	 359	355691	356041	   0	 150	
 149	 150	  20	   4	 609	   2	   2	  12	  16	  23	  80	  20	  30	 672	358024	358633	   0	 150	
 150	 151	  80	   1	 658	   1	   1	  13	  16	  23	  80	  20	  30	 457	360391	361049	   0	 160	
 151	 152	  20	   4	 602	   2	   2	  13	  17	  23	  80	  20	  30	 642	363007	363609	   0	 160	
 152	 153	  30	   4	 715	   3	   2	  13	  17	  24	  80	  20	  30	 449	365374	366089	   0	 160	
 153	 154	  20	   3	 745	   2	   2	  13	  18	  24	  80	  20	  30	 461	367840	368585	   0	 160	
 154	 155	  80	   1	 725	   1	   1	  14	  18	  24	  80	  20	  30	 447	370324	371049	   0	 170	
 155	 156	  30	   4	 631	   3	   2	  14	  18	  25	  80	  20	  30	 344	372690	373321	   0	 170	
 156	 157	  80	   1	 478	   1	   1	  15	  18	  25	  80	  20	  30	 314	374923	375401	   0	 180	
 157	 158	  20	   4	 456	   2	   2	  15	  19	  25	  80	  20	  30	 369	377073	377529	   0	 180	
 158	 159	  30	   4	 558	   3	   2	  15	  19	  26	  80	  20	  30	 485	379323	379881	   0	 180	
 159	 160	  80	   1	 396	   1	   1	  16	  19	  26	  80	  20	  30	 574	381757	382153	   0	 190	
 160	 161	  20	   4	 524	   2	   2	  16	  20	  26	  80	  20	  30	 309	383757	384281	   0	 190	
 161	 162	  30	   3	 606	   3	   2	  16	  20	  27	  80	  20	  30	 522	386123	386729	   0	 190	
 162	 163	  80	   1	 461	   1	   1	  17	  20	  27	  80	  20	  30	 495	388523	388984	   0	 200	
 163	 164	  30	   4	 524	   3	   2	  17	  20	  28	  80	  20	  30	 653	390940	391464	   0	 200	
 164	 165	  20	   4	 620	   2	   2	  17	  21	  28	  80	  20	  30	 586	393356	393976	   0	 200	
 165	 166	  30	   4	 676	   3	   2	  17	  21	  29	  80	  20	  30	 652	395940	396616	   0	 200	
 166	 167	  80	   2	 436	   1	   1	  18	  21	  29	  80	  20	  30	 447	398356	398792	   0	 190	
 167	 168	  30	   3	 485	   3	   2	  18	  21	  30	  80	  20	  30	 620	400723	401208	   0	 190	
 168	 169	  20	   4	 557	   2	   2	  18	  22	  30	  80	  20	  30	 417	402939	403496	   0	 190	
 169	 170	  30	   4	 648	   3	   2	  18	  22	  31	  80	  20	  30	 649	405456	406104	   0	 190	
 170	 171	  80	   1	 472	   1	   1	  19	  22	  31	  80	  20	  30	 452	407856	408328	   0	 200	
 171	 172	  30	   4	 615	   3	   2	  19	  22	  32	  80	  20	  30	 646	410289	410904	   0	 200	
 172	 173	  20	   3	 725	   2	   2	  19	  23	  32	  80	  20	  30	 537	412739	413464	   0	 200	
 173	 174	  80	   1	 486	   1	   1	  20	  23	  32	  80	  20	  30	 355	415122	415608	   0	 210	
 174	 175	  30	   4	 526	   3	   2	  20	  23	  33	  80	  20	  30	 405	417322	417848	   0	 210	
 175	 176	  80	   1	 651	   1	   1	  21	  23	  33	  80	  20	  30	 639	419789	420440	   0	 220	
 176	 177	  30	   3	 622	   3	   2	  21	  23	  34	  80	  20	  30	 357	422106	422728	   0	 220	
 177	 178	  80	   1	 522	   1	   1	  22	  23	  34	  80	  20	  30	 566	424606	425128	   0	 230	
 178	 179	  30	   4	 550	   3	   2	  22	  23	  35	  80	  20	  30	 689	427122	427672	   0	 230	
 179	 180	  20	   4	 941	   2	   2	  22	  24	  35	  80	  20	  30	 345	429322	430263	   0	 230	
 180	 181	  70	   3	1342	   3	   2	  22	  24	   1	  80	  20	  70	 531	432089	433431	   3	 230	
 181	 182	  20	   3	 725	   2	   2	  22	  25	   1	  80	  20	  70	 369	435122	435847	   0	 230	
 182	 183	  80	   2	 732	   1	   1	  23	  25	   1	  80	  20	  70	 603	437755	438487	   0	 220	
 183	 184	  70	   4	 691	   3	   2	  23	  25	   2	  80	  20	  70	 594	440372	441063	   0	 220	
 184	 185	  20	   4	 787	   2	   2	  23	  26	   2	  80	  20	  70	 399	442772	443559	   0	 220	
 185	 186	  70	   3	 729	   3	   2	  23	  26	   3	  80	  20	  70	 551	445422	446151	   0	 220	
 186	 187	  20	   4	 776	   2	   2	  23	  27	   3	  80	  20	  70	 410	447855	448631	   0	 220	
 187	 188	  70	   4	 686	   3	   2	  23	  27	   4	  80	  20	  70	 571	450505	451191	   0	 220	
 188	 189	  20	   4	 666	   2	   2	  23	  28	   4	  80	  20	  70	 514	453005	453671	   0	 220	
 189	 190	  80	   1	 663	   1	   1	  24	  28	   4	  80	  20	  70	 513	455488	456151	   0	 230	
 190	 191	  70	   3	 502	   3	   2	  24	  28	   5	  80	  20	  70	 462	457905	458407	   0	 230	
 191	 192	  80	   2	 752	   1	   1	  25	  28	   5	  80	  20	  70	 348	460071	460823	   0	 220	
 192	 193	  20	   4	 736	   2	   2	  25	  29	   5	  80	  20	  70	 319	462455	463191	   0	 220	
 193	 194	  70	   3	 638	   3	   2	  25	  29	   6	  80	  20	  70	 430	464921	465559	   0	 220	
 194	 195	  20	   4	 631	   2	   2	  25	  30	   6	  80	  20	  70	 616	467488	468119	   0	 220	
 195	 196	  70	   1	 629	   3	   1	  25	  30	   7	  80	  20	  70	 505	469921	470550	   0	 230	
 196	 197	  80	   1	 689	   1	   1	  26	  30	   7	  80	  20	  70	 575	472421	473110	   0	 240	
 197	 198	  50	   3	 667	   2	   2	  26	   1	   7	  80	  50	  70	 551	474971	475638	   2	 240	
 198	 199	  70	   2	 760	   3	   1	  26	   1	   8	  80	  50	  70	 486	477438	478198	   0	 230	
 199	 200	  50	   2	 650	   2	   1	  26	   2	   8	  80	  50	  70	 687	480188	480838	   0	 220	
 200	 201	  80	   1	 555	   1	   1	  27	   2	   8	  80	  50	  70	 423	482571	483126	   0	 230	
 201	 202	  70	   1	 658	   3	   1	  27	   2	   9	  80	  50	  70	 352	484804	485462	   0	 240	
 202	 203	  50	   3	 407	   2	   2	  27	   3	   9	  80	  50	  70	 329	487087	487494	   0	 240	
 203	 204	  70	   1	 359	   3	   1	  27	   3	  10	  80	  50	  70	 667	489471	489830	   0	 250	
 204	 205	  50	   4	 791	   2	   2	  27	   4	  10	  80	  50	  70	 353	491487	492278	   0	 250	
 205	 206	  70	   2	 420	   3	   1	  27	   4	  11	  80	  50	  70	 367	493954	494374	   0	 240	
 206	 207	  50	   2	 810	   2	   1	  27	   5	  11	  80	  50	  70	 518	496204	497014	   0	 230	
 207	 208	  80	   1	 621	   1	   1	  28	   5	  11	  80	  50	  70	 631	498937	499558	   0	 240	
 208	 209	  50	   1	 538	   2	   1	  28	   6	  11	  80	  50	  70	 533	501404	501942	   0	 250	
 209	 210	  80	   1	 478	   1	   1	  29	   6	  11	  80	  50	  70	 478	503720	504198	   0	 260	
 210	 211	  70	   2	 384	   3	   1	  29	   6	  12	  80	  50	  70	 576	506070	506454	   0	 250	
 211	 212	  50	   1	 257	   2	   1	  29	   7	  12	  80	  50	  70	 652	508437	508694	   0	 260	
 212	 213	  80	   1	 247	   1	   1	  30	   7	  12	  80	  50	  70	 671	510670	510917	   0	 270	
 213	 214	  70	   1	 414	   3	   1	  30	   7	  13	  80	  50	  70	 694	512903	513317	   0	 280	
 214	 215	  80	   1	 409	   1	   1	  31	   7	  13	  80	  50	  70	 410	515020	515429	   0	 290	
 215	 216	  70	   1	 439	   3	   1	  31	   7	  14	  80	  50	  70	 339	517070	517509	   0	 300	
 216	 217	  50	   2	 366	   2	   1	  31	   8	  14	  80	  50	  70	 483	519303	519669	   0	 290	
 217	 218	  80	   1	 459	   1	   1	  32	   8	  14	  80	  50	  70	 404	521386	521845	   0	 300	
 218	 219	  50	   2	 429	   2	   1	  32	   9	  14	  80	  50	  70	 585	523736	524165	   0	 290	
 219	 220	  80	   1	 497	   1	   1	  33	   9	  14	  80	  50	  70	 559	526020	526517	   0	 300	
 220	 221	  70	   1	 741	   3	   1	  33	   9	  15	  80	  50	  70	 525	528336	529077	   0	 310	
 221	 222	  50	   1	 884	   2	   1	  33	  10	  15	  80	  50	  70	 350	530753	531637	   0	 320	
 222	 223	  70	   1	1487	   3	   1	  33	  10	  16	  80	  50	  70	 329	533270	534757	   0	 330	
 223	 224	  20	   4	 757	   1	   2	   1	  10	  16	  20	  50	  70	 671	536736	537493	   1	 330	
 224	 225	  50	   4	 514	   2	   2	   1	  11	  16	  20	  50	  70	 432	539219	539733	   0	 330	
 225	 226	  70	   2	 558	   3	   1	   1	  11	  17	  20	  50	  70	 691	541719	542277	   0	 320	
 226	 227	  20	   4	 745	   1	   2	   2	  11	  17	  20	  50	  70	 658	544236	544981	   0	 320	
 227	 228	  70	   1	 870	   3	   1	   2	  11	  18	  20	  50	  70	 422	546703	547573	   0	 330	
 228	 229	  20	   4	 550	   1	   2	   3	  11	  18	  20	  50	  70	 601	549486	550036	   0	 330	
 229	 230	  50	   1	 798	   2	   1	   3	  12	  18	  20	  50	  70	 335	551686	552484	   0	 340	
 230	 231	  70	   1	 582	   3	   1	   3	  12	  19	  20	  50	  70	 530	554302	554884	   0	 350	
 231	 232	  50	   2	 678	   2	   1	   3	  13	  19	  20	  50	  70	 496	556686	557364	   0	 340	
 232	 233	  70	   1	 824	   3	   1	   3	  13	  20	  20	  50	  70	 378	559036	559860	   0	 350	
 233	 234	  20	   3	 643	   1	   2	   4	  13	  20	  20	  50	  70	 406	561569	562212	   0	 350	
 234	 235	  70	   2	 593	   3	   1	   4	  13	  21	  20	  50	  70	 528	564035	564628	   0	 340	
 235	 236	  20	   4	 607	   1	   2	   5	  13	  21	  20	  50	  70	 536	566469	567076	   0	 340	
 236	 237	  50	   2	 749	   2	   1	   5	  14	  21	  20	  50	  70	 550	568935	569684	   0	 330	
 237	 238	  70	   1	 745	   3	   1	   5	  14	  22	  20	  50	  70	 441	571419	572164	   0	 340	
 238	 239	  50	   1	 696	   2	   1	   5	  15	  22	  20	  50	  70	 391	573852	574548	   0	 350	
 239	 240	  70	   1	 627	   3	   1	   5	  15	  23	  20	  50	  70	 544	576385	577012	   0	 360	
 240	 241	  50	   1	 562	   2	   1	   5	  16	  23	  20	  50	  70	 486	578802	579364	   0	 370	
 241	 242	  20	   4	 672	   1	   2	   6	  16	  23	  20	  50	  70	 582	581252	581924	   0	 370	
 242	 243	  50	   2	 628	   2	   1	   6	  17	  23	  20	  50	  70	 331	583552	584180	   0	 360	
 243	 244	  20	   1	 197	   1	   1	   7	  17	  23	  20	  50	  70	 454	585935	586132	   0	 370	
 244	 245	  70	   1	 428	   3	   1	   7	  17	  24	  20	  50	  70	 335	587768	588196	   0	 380	
 245	 246	  50	   3	 532	   2	   2	   7	  18	  24	  20	  50	  70	 462	589951	590483	   0	 380	
 246	 247	  20	   4	 670	   1	   2	   8	  18	  24	  20	  50	  70	 325	592101	592771	   0	 380	
 247	 248	  50	   2	 692	   2	   1	   8	  19	  24	  20	  50	  70	 654	594735	595427	   0	 370	
 248	 249	  70	   1	 504	   3	   1	   8	  19	  25	  20	  50	  70	 321	597051	597555	   0	 380	
 249	 250	  20	   4	 603	   1	   2	   9	  19	  25	  20	  50	  70	 501	599368	599971	   0	 380	
 250	 251	  70	   2	 639	   3	   1	   9	  19	  26	  20	  50	  70	 402	601684	602323	   0	 370	
 251	 252	  50	   3	 511	   2	   2	   9	  20	  26	  20	  50	  70	 435	604084	604595	   0	 370	
 252	 253	  20	   4	 627	   1	   2	  10	  20	  26	  20	  50	  70	 484	606384	607011	   0	 370	
 253	 254	  70	   1	 507	   3	   1	  10	  20	  27	  20	  50	  70	 680	608984	609491	   0	 380	
 254	 255	  50	   1	 667	   2	   1	  10	  21	  27	  20	  50	  70	 586	611384	612051	   0	 390	
 255	 256	  70	   1	 647	   3	   1	  10	  21	  28	  20	  50	  70	 503	613868	614515	   0	 400	
 256	 257	  50	   2	 805	   2	   1	  10	  22	  28	  20	  50	  70	 529	616334	617139	   0	 390	
 257	 258	  70	   2	 542	   3	   1	  10	  22	  29	  20	  50	  70	 473	618917	619459	   0	 380	
 258	 259	  50	   2	 637	   2	   1	  10	  23	  29	  20	  50	  70	 580	621334	621971	   0	 370	
 259	 260	  70	   1	 572	   3	   1	  10	  23	  30	  20	  50	  70	 478	623751	624323	   0	 380	
 260	 261	  20	   4	 584	   1	   2	  11	  23	  30	  20	  50	  70	 631	626251	626835	   0	 380	
 261	 262	  50	   4	 867	   3	   2	  11	  23	   1	  20	  50	  50	 610	628784	629651	   3	 380	
 262	 263	  50	   2	 714	   2	   1	  11	  24	   1	  20	  50	  50	 444	631400	632114	   0	 370	
 263	 264	  20	   4	 729	   1	   2	  12	  24	   1	  20	  50	  50	 412	633817	634546	   0	 370	
 264	 265	  50	   2	 691	   3	   1	  12	  24	   2	  20	  50	  50	 531	636367	637058	   0	 360	
 265	 266	  50	   3	 554	   2	   2	  12	  25	   2	  20	  50	  50	 623	638984	639538	   0	 360	
 266	 267	  50	   3	 821	   3	   2	  12	  25	   3	  20	  50	  50	 686	641533	642354	   0	 360	
 267	 268	  50	   1	 762	   2	   1	  12	  26	   3	  20	  50	  50	 537	644200	644962	   0	 370	
 268	 269	  20	   4	 735	   1	   2	  13	  26	   3	  20	  50	  50	 629	646883	647618	   0	 370	
 269	 270	  50	   2	 637	   2	   1	  13	  27	   3	  20	  50	  50	 411	649333	649970	   0	 360	
 270	 271	  50	   4	 783	   3	   2	  13	  27	   4	  20	  50	  50	 394	651667	652450	   0	 360	
 271	 272	  50	   1	 365	   2	   1	  13	  28	   4	  20	  50	  50	 358	654133	654498	   0	 370	
 272	 273	  50	   3	 803	   3	   2	  13	  28	   5	  20	  50	  50	 584	656383	657186	   0	 370	
 273	 274	  50	   2	 590	   2	   1	  13	  29	   5	  20	  50	  50	 403	658900	659490	   0	 360	
 274	 275	  20	   3	 672	   1	   2	  14	  29	   5	  20	  50	  50	 473	661266	661938	   0	 360	
 275	 276	  50	   3	 453	   3	   2	  14	  29	   6	  20	  50	  50	 696	663933	664386	   0	 360	
 276	 277	  50	   1	 278	   2	   1	  14	  30	   6	  20	  50	  50	 631	666316	666594	   0	 370	
 277	 278	  20	   4	 612	   1	   2	  15	  30	   6	  20	  50	  50	 462	668349	668961	   0	 370	
 278	 279	  50	   4	 572	   3	   2	  15	  30	   7	  20	  50	  50	 680	670933	671505	   0	 370	
 279	 280	  20	   3	 947	   1	   2	  16	  30	   7	  20	  50	  50	 364	673166	674113	   0	 370	
 280	 281	  50	   4	 656	   3	   2	  16	  30	   8	  20	  50	  50	 643	676049	676705	   0	 370	
 281	 282	  20	   4	 628	   1	   2	  17	  30	   8	  20	  50	  50	 305	678333	678961	   0	 370	
 282	 283	  50	   3	 579	   3	   2	  17	  30	   9	  20	  50	  50	 512	680766	681345	   0	 370	
 283	 284	  50	   1	 777	   2	   1	  17	  31	   9	  20	  50	  50	 375	683016	683793	   0	 380	
 284	 285	  20	   4	 574	   1	   2	  18	  31	   9	  20	  50	  50	 613	685699	686273	   0	 380	
 285	 286	  50	   2	 663	   2	   1	  18	  32	   9	  20	  50	  50	 307	687882	688545	   0	 370	
 286	 287	  20	   4	 596	   1	   2	  19	  32	   9	  20	  50	  50	 507	690349	690945	   0	 370	
 287	 288	  50	   3	 755	   3	   2	  19	  32	  10	  20	  50	  50	 534	692782	693537	   0	 370	
 288	 289	  20	   4	 682	   1	   2	  20	  32	  10	  20	  50	  50	 553	695399	696081	   0	 370	
 289	 290	  50	   3	 608	   3	   2	  20	  32	  11	  20	  50	  50	 685	698065	698673	   0	 370	
 290	 291	  50	   1	 538	   2	   1	  20	  33	  11	  20	  50	  50	 645	700615	701153	   0	 380	
 291	 292	  50	   3	 582	   3	   2	  20	  33	  12	  20	  50	  50	 617	703099	703681	   0	 380	
 292	 293	  20	   4	 850	   2	   2	  20	   1	  12	  20	  20	  50	 632	705615	706465	   2	 380	
 293	 294	  50	   4	 845	   3	   2	  20	   1	  13	  20	  20	  50	 336	708115	708960	   0	 380	
 294	 295	  20	   4	 646	   1	   2	  21	   1	  13	  20	  20	  50	 425	710682	711328	   0	 380	
 295	 296	  20	   4	 545	   2	   2	  21	   2	  13	  20	  20	  50	 597	713215	713760	   0	 380	
 296	 297	  20	   3	 577	   1	   2	  22	   2	  13	  20	  20	  50	 550	715615	716192	   0	 380	
 297	 298	  20	   4	 461	   2	   2	  22	   3	  13	  20	  20	  50	 627	718115	718576	   0	 380	
 298	 299	  20	   4	 572	   1	   2	  23	   3	  13	  20	  20	  50	 681	720548	721120	   0	 380	
 299	 300	  20	   4	 637	   2	   2	  23	   4	  13	  20	  20	  50	 497	722915	723552	   0	 380	
 300	 301	  50	   3	 615	   3	   2	  23	   4	  14	  20	  20	  50	 606	725465	726080	   0	 380	
 301	 302	  20	   3	 563	   2	   2	  23	   5	  14	  20	  20	  50	 598	727981	728544	   0	 380	
 302	 303	  50	   1	 546	   3	   1	  23	   5	  15	  20	  20	  50	 555	730398	730944	   0	 390	
 303	 304	  20	   4	 476	   2	   2	  23	   6	  15	  20	  20	  50	 308	732548	733024	   0	 390	
 304	 305	  20	   4	 608	   1	   2	  24	   6	  15	  20	  20	  50	 521	734848	735456	   0	 390	
 305	 306	  50	   2	 398	   3	   1	  24	   6	  16	  20	  20	  50	 555	737314	737712	   0	 380	
 306	 307	  20	   4	 444	   1	   2	  25	   6	  16	  20	  20	  50	 347	739348	739792	   0	 380	
 307	 308	  50	   4	 443	   3	   2	  25	   6	  17	  20	  20	  50	 693	741781	742224	   0	 380	
 308	 309	  20	   4	 484	   1	   2	  26	   6	  17	  20	  20	  50	 446	743964	744448	   0	 380	
 309	 310	  50	   1	 395	   3	   1	  26	   6	  18	  20	  20	  50	 426	746181	746576	   0	 390	
 310	 311	  20	   4	 471	   1	   2	  27	   6	  18	  20	  20	  50	 387	748264	748735	   0	 390	
 311	 312	  50	   2	 670	   3	   1	  27	   6	  19	  20	  20	  50	 444	750497	751167	   0	 380	
 312	 313	  20	   4	 763	   2	   2	  27	   7	  19	  20	  20	  50	 487	752964	753727	   0	 380	
 313	 314	  50	   2	 616	   3	   1	  27	   7	  20	  20	  20	  50	 427	755447	756063	   0	 370	
 314	 315	  20	   4	 394	   2	   2	  27	   8	  20	  20	  20	  50	 427	757797	758191	   0	 370	
 315	 316	  20	   3	 631	   1	   2	  28	   8	  20	  20	  20	  50	 377	759864	760495	   0	 370	
 316	 317	  20	   3	 596	   2	   2	  28	   9	  20	  20	  20	  50	 554	762347	762943	   0	 370	
 317	 318	  50	   2	 466	   3	   1	  28	   9	  21	  20	  20	  50	 551	764797	765263	   0	 360	
 318	 319	  20	   4	 441	   2	   2	  28	  10	  21	  20	  20	  50	 434	767014	767455	   0	 360	
 319	 320	  20	   4	 364	   1	   2	  29	  10	  21	  20	  20	  50	 594	769347	769711	   0	 360	
 320	 321	  50	   3	 467	   3	   2	  29	  10	  22	  20	  20	  50	 566	771580	772047	   0	 360	
 321	 322	  20	   4	 415	   1	   2	  30	  10	  22	  20	  20	  50	 695	774064	774479	   0	 360	
 322	 323	  50	   4	 353	   3	   2	  30	  10	  23	  20	  20	  50	 665	776430	776783	   0	 360	
 323	 324	  20	   4	 578	   1	   2	  31	  10	  23	  20	  20	  50	 308	778397	778975	   0	 360	
 324	 325	  20	   4	 461	   2	   2	  31	  11	  23	  20	  20	  50	 650	780930	781391	   0	 360	
 325	 326	  20	   4	 521	   1	   2	  32	  11	  23	  20	  20	  50	 348	783030	783551	   0	 360	
 326	 327	  50	   3	 364	   3	   2	  32	  11	  24	  20	  20	  50	 494	785347	785711	   0	 360	
 327	 328	  20	   4	 308	   2	   2	  32	  12	  24	  20	  20	  50	 552	787563	787871	   0	 360	
 328	 329	  50	   3	  88	   3	   2	  32	  12	  25	  20	  20	  50	 664	789830	789918	   0	 360	
 329	 330	  20	   4	 413	   2	   2	  32	  13	  25	  20	  20	  50	 494	791713	792126	   0	 360	
 330	 331	  20	   3	 396	   1	   2	  33	  13	  25	  20	  20	  50	 331	793746	794142	   0	 360	
 331	 332	  20	   4	 406	   2	   2	  33	  14	  25	  20	  20	  50	 425	795880	796286	   0	 360	
 332	 333	  50	   4	 480	   3	   2	  33	  14	  26	  20	  20	  50	 464	798046	798526	   0	 360	
 333	 334	  20	   4	 254	   1	   2	  34	  14	  26	  20	  20	  50	 682	800496	800750	   0	 360	
 334	 335	  20	   4	 335	   2	   2	  34	  15	  26	  20	  20	  50	 407	802463	802798	   0	 360	
 335	 336	  50	   3	 262	   3	   2	  34	  15	  27	  20	  20	  50	 587	804696	804958	   0	 360	
 336	 337	  20	   4	 340	   1	   2	  35	  15	  27	  20	  20	  50	 488	806746	807086	   0	 360	
 337	 338	  20	   4	 458	   2	   2	  35	  16	  27	  20	  20	  50	 605	808996	809454	   0	 360	
 338	 339	  80	   3	 271	   1	   2	   1	  16	  27	  80	  20	  50	 500	811263	811534	   1	 360	
 339	 340	  20	   4	 450	   2	   2	   1	  17	  27	  80	  20	  50	 349	813196	813646	   0	 360	
 340	 341	  80	   1	 543	   1	   1	   2	  17	  27	  80	  20	  50	 331	815279	815822	   0	 370	
 341	 342	  50	   3	 446	   3	   2	   2	  17	  28	  80	  20	  50	 576	817712	818158	   0	 370	
 342	 343	  80	   1	 336	   1	   1	   3	  17	  28	  80	  20	  50	 609	820062	820398	   0	 380	
 343	 344	  20	   3	 498	   2	   2	   3	  18	  28	  80	  20	  50	 312	822012	822510	   0	 380	
 344	 345	  50	   4	 582	   3	   2	   3	  18	  29	  80	  20	  50	 504	824312	824894	   0	 380	
 345	 346	  20	   3	 556	   2	   2	   3	  19	  29	  80	  20	  50	 359	826546	827102	   0	 380	
 346	 347	  80	   1	 382	   1	   1	   4	  19	  29	  80	  20	  50	 484	828895	829277	   0	 390	
 347	 348	  20	   4	 374	   2	   2	   4	  20	  29	  80	  20	  50	 501	831079	831453	   0	 390	
 348	 349	  50	   4	 914	   3	   2	   4	  20	  30	  80	  20	  50	 447	833195	834109	   0	 390	
 349	 350	  80	   2	 510	   1	   1	   5	  20	  30	  80	  20	  50	 670	836079	836589	   0	 380	
 350	 351	  50	   4	 526	   3	   2	   5	  20	  31	  80	  20	  50	 608	838495	839021	   0	 380	
 351	 352	  80	   1	 494	   1	   1	   6	  20	  31	  80	  20	  50	 548	840879	841373	   0	 390	
 352	 353	  50	   4	 401	   3	   2	   6	  20	  32	  80	  20	  50	 554	843228	843629	   0	 390	
 353	 354	  80	   1	 704	   1	   1	   7	  20	  32	  80	  20	  50	 313	845245	845949	   0	 400	
 354	 355	  20	   3	 439	   2	   2	   7	  21	  32	  80	  20	  50	 613	847862	848301	   0	 400	
 355	 356	  80	   1	 497	   1	   1	   8	  21	  32	  80	  20	  50	 411	850012	850509	   0	 410	
 356	 357	  50	   3	 467	   3	   2	   8	  21	  33	  80	  20	  50	 568	852378	852845	   0	 410	
 357	 358	  20	   4	 546	   2	   2	   8	  22	  33	  80	  20	  50	 656	854811	855357	   0	 410	
 358	 359	  70	   1	 758	   3	   1	   8	  22	   1	  80	  20	  70	 440	857095	857853	   3	 420	
 359	 360	  20	   4	 670	   2	   2	   8	  23	   1	  80	  20	  70	 546	859695	860365	   0	 420	
 360	 361	  80	   2	 538	   1	   1	   9	  23	   1	  80	  20	  70	 538	862211	862749	   0	 410	
 361	 362	  20	   4	 468	   2	   2	   9	  24	   1	  80	  20	  70	 693	864761	865229	   0	 410	
 362	 363	  70	   2	 560	   3	   1	   9	  24	   2	  80	  20	  70	 327	866861	867421	   0	 400	
 363	 364	  80	   1	 578	   1	   1	  10	  24	   2	  80	  20	  70	 472	869194	869772	   0	 410	
 364	 365	  70	   2	 371	   3	   1	  10	  24	   3	  80	  20	  70	 487	871561	871932	   0	 400	
 365	 366	  20	   4	 540	   2	   2	  10	  25	   3	  80	  20	  70	 494	873728	874268	   0	 400	
 366	 367	  70	   1	 451	   3	   1	  10	  25	   4	  80	  20	  70	 398	875961	876412	   0	 410	
 367	 368	  20	   4	 478	   2	   2	  10	  26	   4	  80	  20	  70	 360	878078	878556	   0	 410	
 368	 369	  80	   1	 460	   1	   1	  11	  26	   4	  80	  20	  70	 698	880544	881004	   0	 420	
 369	 370	  70	   1	 651	   3	   1	  11	  26	   5	  80	  20	  70	 681	882977	883628	   0	 430	
 370	 371	  20	   3	 480	   2	   2	  11	  27	   5	  80	  20	  70	 307	885244	885724	   0	 430	
 371	 372	  70	   1	 686	   3	   1	  11	  27	   6	  80	  20	  70	 653	887694	888380	   0	 440	
 372	 373	  80	   1	 556	   1	   1	  12	  27	   6	  80	  20	  70	 449	890144	890700	   0	 450	
 373	 374	  70	   2	 517	   3	   1	  12	  27	   7	  80	  20	  70	 300	892311	892828	   0	 440	
 374	 375	  80	   1	 606	   1	   1	  13	  27	   7	  80	  20	  70	 375	894510	895116	   0	 450	
 375	 376	  70	   1	 755	   3	   1	  13	  27	   8	  80	  20	  70	 350	896777	897532	   0	 460	
 376	 377	  20	   4	 745	   2	   2	  13	  28	   8	  80	  20	  70	 594	899427	900172	   0	 460	
 377	 378	  80	   1	 467	   1	   1	  14	  28	   8	  80	  20	  70	 504	901977	902444	   0	 470	
 378	 379	  70	   1	 569	   3	   1	  14	  28	   9	  80	  20	  70	 482	904227	904796	   0	 480	
 379	 380	  80	   1	 572	   1	   1	  15	  28	   9	  80	  20	  70	 455	906560	907132	   0	 490	
 380	 381	  70	   1	 460	   3	   1	  15	  28	  10	  80	  20	  70	 491	908927	909387	   0	 500	
 381	 382	  80	   1	 479	   1	   1	  16	  28	  10	  80	  20	  70	 551	911260	911739	   0	 510	
 382	 383	  20	   4	 528	   2	   2	  16	  29	  10	  80	  20	  70	 613	913643	914171	   0	 510	
 383	 384	  80	   1	 561	   1	   1	  17	  29	  10	  80	  20	  70	 548	916010	916571	   0	 520	
 384	 385	  70	   2	 178	   3	   1	  17	  29	  11	  80	  20	  70	 507	918377	918555	   0	 510	
 385	 386	  80	   2	 458	   1	   1	  18	  29	  11	  80	  20	  70	 330	920177	920635	   0	 500	
 386	 387	  20	   4	 419	   2	   2	  18	  30	  11	  80	  20	  70	 426	922360	922779	   0	 500	
 387	 388	  70	   1	 377	   3	   1	  18	  30	  12	  80	  20	  70	 536	924626	925003	   0	 510	
 388	 389	  20	   4	 524	   2	   2	  18	  31	  12	  80	  20	  70	 648	926943	927467	   0	 510	
 389	 390	  70	   1	 392	   3	   1	  18	  31	  13	  80	  20	  70	 680	929443	929835	   0	 520	
 390	 391	  80	   2	 580	   1	   1	  19	  31	  13	  80	  20	  70	 406	931543	932123	   0	 510	
 391	 392	  70	   2	 484	   3	   1	  19	  31	  14	  80	  20	  70	 510	933943	934427	   0	 500	
 392	 393	  20	   4	 634	   2	   2	  19	  32	  14	  80	  20	  70	 455	936193	936827	   0	 500	
 393	 394	  70	   1	 548	   3	   1	  19	  32	  15	  80	  20	  70	 620	938759	939307	   0	 510	
 394	 395	  20	   3	 520	   2	   2	  19	  33	  15	  80	  20	  70	 454	941059	941579	   0	 510	
 395	 396	  70	   1	 424	   3	   1	  19	  33	  16	  80	  20	  70	 555	943443	943867	   0	 520	
 396	 397	  80	   1	 526	   1	   1	  20	  33	  16	  80	  20	  70	 517	945693	946219	   0	 530	
 397	 398	  70	   2	 472	   3	   1	  20	  33	  17	  80	  20	  70	 317	947843	948315	   0	 520	
 398	 399	  20	   4	 607	   2	   2	  20	  34	  17	  80	  20	  70	 447	950059	950666	   0	 520	
 399	 400	  80	   2	 396	   1	   1	  21	  34	  17	  80	  20	  70	 560	952526	952922	   0	 510	
 400	 401	  20	   4	 486	   2	   2	  21	  35	  17	  80	  20	  70	 449	954676	955162	   0	 510	
 401	 402	  80	   1	 409	   1	   1	  22	  35	  17	  80	  20	  70	 517	957009	957418	   0	 520	
 402	 403	  80	   3	 971	   2	   2	  22	   1	  17	  80	  80	  70	 639	959359	960330	   2	 520	
 403	 404	  80	   1	 547	   1	   1	  23	   1	  17	  80	  80	  70	 319	961959	962506	   0	 530	
 404	 405	  80	   3	 388	   2	   2	  23	   2	  17	  80	  80	  70	 536	964342	964730	   0	 530	
 405	 406	  80	   1	 360	   1	   1	  24	   2	  17	  80	  80	  70	 604	966642	967002	   0	 540	
 406	 407	  80	   3	 603	   2	   2	  24	   3	  17	  80	  80	  70	 678	968975	969578	   0	 540	
 407	 408	  80	   1	 359	   1	   1	  25	   3	  17	  80	  80	  70	 575	971459	971818	   0	 550	
 408	 409	  80	   2	 380	   2	   1	  25	   4	  17	  80	  80	  70	 627	973742	974122	   0	 540	
 409	 410	  80	   1	 476	   1	   1	  26	   4	  17	  80	  80	  70	 341	975758	976234	   0	 550	
 410	 411	  80	   1	 348	   2	   1	  26	   5	  17	  80	  80	  70	 603	978142	978490	   0	 560	
 411	 412	  80	   2	 805	   1	   1	  27	   5	  17	  80	  80	  70	 518	980325	981130	   0	 550	
 412	 413	  80	   1	 413	   2	   1	  27	   6	  17	  80	  80	  70	 486	982925	983338	   0	 560	
 413	 414	  80	   1	 372	   1	   1	  28	   6	  17	  80	  80	  70	 502	985142	985514	   0	 570	
 414	 415	  80	   1	 370	   2	   1	  28	   7	  17	  80	  80	  70	 394	987208	987578	   0	 580	
 415	 416	  80	   1	 412	   1	   1	  29	   7	  17	  80	  80	  70	 441	989325	989737	   0	 590	
 416	 417	  70	   1	 329	   3	   1	  29	   7	  18	  80	  80	  70	 376	991408	991737	   0	 600	
 417	 418	  80	   1	 336	   2	   1	  29	   8	  18	  80	  80	  70	 606	993641	993977	   0	 610	
 418	 419	  80	   1	 352	   1	   1	  30	   8	  18	  80	  80	  70	 355	995641	995993	   0	 620	
 419	 420	  80	   2	 296	   2	   1	  30	   9	  18	  80	  80	  70	 530	997825	998121	   0	 610	
 420	 421	  70	   1	1308	   3	   1	  30	   9	  19	  80	  80	  70	 315	999725	1001033	   0	 620	
 421	 422	  80	   1	 684	   2	   1	  30	  10	  19	  80	  80	  70	 588	1002941	1003625	   0	 630	
 422	 423	  30	   4	 991	   1	   2	   1	  10	  19	  30	  80	  70	 345	1005274	1006265	   1	 630	
 423	 424	  70	   1	 850	   3	   1	   1	  10	  20	  30	  80	  70	 430	1007991	1008841	   0	 640	
 424	 425	  80	   2	 833	   2	   1	   1	  11	  20	  30	  80	  70	 666	1010824	1011657	   0	 630	
 425	 426	  30	   1	1534	   1	   1	   2	  11	  20	  30	  80	  70	 324	1013291	1014825	   0	 640	
 426	 427	  70	   1	 583	   3	   1	   2	  11	  21	  30	  80	  70	 536	1016674	1017257	   0	 650	
 427	 428	  80	   1	1392	   2	   1	   2	  12	  21	  30	  80	  70	 696	1019257	1020649	   0	 660	
 428	 429	  30	   3	 520	   1	   2	   3	  12	  21	  30	  80	  70	 697	1022641	1023161	   0	 660	
 429	 430	  70	   2	 662	   3	   1	   3	  12	  22	  30	  80	  70	 643	1025107	1025769	   0	 650	
 430	 431	  80	   1	 610	   2	   1	   3	  13	  22	  30	  80	  70	 548	1027607	1028217	   0	 660	
 431	 432	  70	   2	 674	   3	   1	   3	  13	  23	  30	  80	  70	 454	1029990	1030664	   0	 650	
 432	 433	  80	   1	 636	   2	   1	   3	  14	  23	  30	  80	  70	 574	1032540	1033176	   0	 660	
 433	 434	  70	   1	 500	   3	   1	   3	  14	  24	  30	  80	  70	 662	1035140	1035640	   0	 670	
 434	 435	  80	   1	 471	   2	   1	   3	  15	  24	  30	  80	  70	 502	1037457	1037928	   0	 680	
 435	 436	  70	   1	 400	   3	   1	   3	  15	  25	  30	  80	  70	 391	1039624	1040024	   0	 690	
 436	 437	  30	   4	 513	   1	   2	   4	  15	  25	  30	  80	  70	 687	1042023	1042536	   0	 690	
 437	 438	  70	   1	 581	   3	   1	   4	  15	  26	  30	  80	  70	 495	1044323	1044904	   0	 700	
 438	 439	  30	   4	 565	   1	   2	   5	  15	  26	  30	  80	  70	 508	1046707	1047272	   0	 700	
 439	 440	  70	   1	 410	   3	   1	   5	  15	  27	  30	  80	  70	 420	1048990	1049400	   0	 710	
 440	 441	  80	   1	 515	   2	   1	   5	  16	  27	  30	  80	  70	 456	1051157	1051672	   0	 720	
 441	 442	  70	   2	 521	   3	   1	   5	  16	  28	  30	  80	  70	 432	1053407	1053928	   0	 710	
 442	 443	  30	   4	 448	   1	   2	   6	  16	  28	  30	  80	  70	 431	1055656	1056104	   0	 710	
 443	 444	  80	   1	 354	   2	   1	   6	  17	  28	  30	  80	  70	 593	1057990	1058344	   0	 720	
 444	 445	  30	   3	 551	   1	   2	   7	  17	  28	  30	  80	  70	 624	1060273	1060824	   0	 720	
 445	 446	  80	   2	 374	   2	   1	   7	  18	  28	  30	  80	  70	 574	1062706	1063080	   0	 710	
 446	 447	  30	   4	 573	   1	   2	   8	  18	  28	  30	  80	  70	 538	1064923	1065496	   0	 710	
 447	 448	  80	   1	 384	   2	   1	   8	  19	  28	  30	  80	  70	 457	1067256	1067640	   0	 720	
 448	 449	  30	   4	 564	   1	   2	   9	  19	  28	  30	  80	  70	 598	1069539	1070103	   0	 720	
 449	 450	  70	   1	 285	   3	   1	   9	  19	  29	  30	  80	  70	 312	1071706	1071991	   0	 730	
 450	 451	  30	   4	 481	   1	   2	  10	  19	  29	  30	  80	  70	 310	1073606	1074087	   0	 730	
 451	 452	  80	   1	 432	   2	   1	  10	  20	  29	  30	  80	  70	 633	1076039	1076471	   0	 740	
 452	 453	  70	   1	 586	   3	   1	  10	  20	  30	  30	  80	  70	 429	1078189	1078775	   0	 750	
 453	 454	  80	   1	 538	   2	   1	  10	  21	  30	  30	  80	  70	 498	1080573	1081111	   0	 760	
 454	 455	  30	   3	 517	   1	   2	  11	  21	  30	  30	  80	  70	 315	1082722	1083239	   0	 760	
 455	 456	  80	   1	 417	   2	   1	  11	  22	  30	  30	  80	  70	 651	1085206	1085623	   0	 770	
 456	 457	  70	   3	 345	   3	   2	  11	  22	  31	  30	  80	  70	 476	1087406	1087751	   0	 770	
 457	 458	  30	   4	 630	   1	   2	  12	  22	  31	  30	  80	  70	 445	1089489	1090119	   0	 770	
 458	 459	  70	   1	 399	   3	   1	  12	  22	  32	  30	  80	  70	 641	1092056	1092455	   0	 780	
 459	 460	  30	   4	 529	   1	   2	  13	  22	  32	  30	  80	  70	 657	1094422	1094951	   0	 780	
 460	 461	  80	   1	 239	   2	   1	  13	  23	  32	  30	  80	  70	 630	1096872	1097111	   0	 790	
 461	 462	  70	   1	 554	   3	   1	  13	  23	  33	  30	  80	  70	 552	1098989	1099543	   0	 800	
 462	 463	  30	   3	 543	   1	   2	  14	  23	  33	  30	  80	  70	 423	1101272	1101815	   0	 800	
 463	 464	  80	   1	 400	   2	   1	  14	  24	  33	  30	  80	  70	 516	1103639	1104039	   0	 810	
 464	 465	  30	   2	 364	   1	   1	  15	  24	  33	  30	  80	  70	 397	1105739	1106103	   0	 800	
 465	 466	  70	   2	 595	   3	   1	  15	  24	  34	  30	  80	  70	 590	1107988	1108583	   0	 790	
 466	 467	  80	   2	 463	   2	   1	  15	  25	  34	  30	  80	  70	 571	1110455	1110918	   0	 780	
 467	 468	  70	   3	 452	   3	   2	  15	  25	  35	  30	  80	  70	 500	1112722	1113174	   0	 780	
 468	 469	  30	   4	 603	   1	   2	  16	  25	  35	  30	  80	  70	 478	1114955	1115558	   0	 780	
 469	 470	  80	   1	 566	   2	   1	  16	  26	  35	  30	  80	  70	 615	1117472	1118038	   0	 790	
 470	 471	  30	   3	 527	   1	   2	  17	  26	  35	  30	  80	  70	 314	1119655	1120182	   0	 790	
 471	 472	  50	   4	 898	   3	   2	  17	  26	   1	  30	  80	  50	 479	1121988	1122886	   3	 790	
 472	 473	  30	   4	 703	   1	   2	  18	  26	   1	  30	  80	  50	 696	1124871	1125574	   0	 790	
 473	 474	  80	   1	 797	   2	   1	  18	  27	   1	  30	  80	  50	 434	1127321	1128118	   0	 800	
 474	 475	  30	   4	 452	   1	   2	  19	  27	   1	  30	  80	  50	 526	1129938	1130390	   0	 800	
 475	 476	  50	   3	 500	   3	   2	  19	  27	   2	  30	  80	  50	 637	1132338	1132838	   0	 800	
 476	 477	  80	   1	 532	   2	   1	  19	  28	   2	  30	  80	  50	 604	1134754	1135286	   0	 810	
 477	 478	  50	   4	 734	   3	   2	  19	  28	   3	  30	  80	  50	 310	1136888	1137622	   0	 810	
 478	 479	  80	   2	 558	   2	   1	  19	  29	   3	  30	  80	  50	 356	1139288	1139846	   0	 800	
 479	 480	  30	   4	 560	   1	   2	  20	  29	   3	  30	  80	  50	 487	1141638	1142198	   0	 800	
 480	 481	  50	   4	 460	   3	   2	  20	  29	   4	  30	  80	  50	 649	1144154	1144614	   0	 800	
 481	 482	  80	   1	 426	   2	   1	  20	  30	   4	  30	  80	  50	 680	1146604	1147030	   0	 810	
 482	 483	  50	   3	 468	   3	   2	  20	  30	   5	  30	  80	  50	 392	1148721	1149189	   0	 810	
 483	 484	  20	   3	1356	   2	   2	  20	   1	   5	  30	  20	  50	 430	1150921	1152277	   2	 810	
 484	 485	  30	   4	 651	   1	   2	  21	   1	   5	  30	  20	  50	 573	1154154	1154805	   0	 810	
 485	 486	  20	   4	 706	   2	   2	  21	   2	   5	  30	  20	  50	 664	1156771	1157477	   0	 810	
 486	 487	  50	   3	 666	   3	   2	  21	   2	   6	  30	  20	  50	 583	1159371	1160037	   0	 810	
 487	 488	  20	   4	 417	   2	   2	  21	   3	   6	  30	  20	  50	 663	1162004	1162421	   0	 810	
 488	 489	  30	   3	 499	   1	   2	  22	   3	   6	  30	  20	  50	 631	1164354	1164853	   0	 810	
 489	 490	  50	   3	 564	   3	   2	  22	   3	   7	  30	  20	  50	 570	1166737	1167301	   0	 810	
 490	 491	  30	   3	 535	   1	   2	  23	   3	   7	  30	  20	  50	 461	1169054	1169589	   0	 810	
 491	 492	  50	   3	 539	   3	   2	  23	   3	   8	  30	  20	  50	 441	1171354	1171893	   0	 810	
 492	 493	  20	   1	 741	   2	   1	  23	   4	   8	  30	  20	  50	 319	1173520	1174261	   0	 820	
 493	 494	  50	   4	 606	   3	   2	  23	   4	   9	  30	  20	  50	 547	1176103	1176709	   0	 820	
 494	 495	  30	   4	 689	   1	   2	  24	   4	   9	  30	  20	  50	 399	1178420	1179109	   0	 820	
 495	 496	  20	   2	 892	   2	   1	  24	   5	   9	  30	  20	  50	 529	1180937	1181829	   0	 810	
 496	 497	  50	   4	 556	   3	   2	  24	   5	  10	  30	  20	  50	 600	1183737	1184293	   0	 810	
 497	 498	  30	   4	 589	   1	   2	  25	   5	  10	  30	  20	  50	 526	1186120	1186709	   0	 810	
 498	 499	  50	   3	 647	   3	   2	  25	   5	  11	  30	  20	  50	 659	1188670	1189317	   0	 810	
 499	 500	  30	   4	 558	   1	   2	  26	   5	  11	  30	  20	  50	 656	1191270	1191828	   0	 810	
 500	 501	  50	   4	1087	   3	   2	  26	   5	  12	  30	  20	  50	 519	1193653	1194740	   0	 810	
 501	 502	  20	   2	 726	   2	   1	  26	   6	  12	  30	  20	  50	 604	1196670	1197396	   0	 800	
 502	 503	  30	   4	 374	   1	   2	  27	   6	  12	  30	  20	  50	 398	1199086	1199460	   0	 800	
 503	 504	  50	   3	 459	   3	   2	  27	   6	  13	  30	  20	  50	 600	1201369	1201828	   0	 800	
 504	 505	  30	   1	 432	   1	   1	  28	   6	  13	  30	  20	  50	 499	1203636	1204068	   0	 810	
 505	 506	  20	   2	 481	   2	   1	  28	   7	  13	  30	  20	  50	 645	1206003	1206484	   0	 800	
 506	 507	  50	   3	 543	   3	   2	  28	   7	  14	  30	  20	  50	 675	1208453	1208996	   0	 800	
 507	 508	  20	   4	 507	   2	   2	  28	   8	  14	  30	  20	  50	 677	1210969	1211476	   0	 800	
 508	 509	  50	   2	 319	   3	   1	  28	   8	  15	  30	  20	  50	 494	1213269	1213588	   0	 790	
 509	 510	  30	   4	 311	   1	   2	  29	   8	  15	  30	  20	  50	 568	1215469	1215780	   0	 790	
 510	 511	  50	   4	 442	   3	   2	  29	   8	  16	  30	  20	  50	 323	1217402	1217844	   0	 790	
 511	 512	  30	   4	 667	   1	   2	  30	   8	  16	  30	  20	  50	 599	1219769	1220436	   0	 790	
 512	 513	  20	   2	 337	   2	   1	  30	   9	  16	  30	  20	  50	 670	1222419	1222756	   0	 780	
 513	 514	  30	   4	 331	   1	   2	  31	   9	  16	  30	  20	  50	 513	1224569	1224900	   0	 780	
 514	 515	  50	   3	 430	   3	   2	  31	   9	  17	  30	  20	  50	 300	1226502	1226932	   0	 780	
 515	 516	  30	   4	 468	   1	   2	  32	   9	  17	  30	  20	  50	 509	1228735	1229203	   0	 780	
 516	 517	  20	   4	 722	   2	   2	  32	  10	  17	  30	  20	  50	 655	1231169	1231891	   0	 780	
 517	 518	  50	   2	 368	   3	   1	  32	  10	  18	  30	  20	  50	 429	1233619	1233987	   0	 770	
 518	 519	  20	   4	 282	   2	   2	  32	  11	  18	  30	  20	  50	 498	1235785	1236067	   0	 770	
 519	 520	  30	   4	 318	   1	   2	  33	  11	  18	  30	  20	  50	 304	1237669	1237987	   0	 770	
 520	 521	  20	   4	 567	   2	   2	  33	  12	  18	  30	  20	  50	 561	1239852	1240419	   0	 770	
 521	 522	  50	   1	 403	   3	   1	  33	  12	  19	  30	  20	  50	 615	1242352	1242755	   0	 780	
 522	 523	  80	   4	 938	   1	   2	   1	  12	  19	  80	  20	  50	 521	1244585	1245523	   1	 780	
 523	 524	  50	   2	 717	   3	   1	   1	  12	  20	  80	  20	  50	 485	1247318	1248035	   0	 770	
 524	 525	  80	   1	 660	   1	   1	   2	  12	  20	  80	  20	  50	 596	1249935	1250595	   0	 780	
 525	 526	  50	   2	 740	   3	   1	   2	  12	  21	  80	  20	  50	 439	1252335	1253075	   0	 770	
 526	 527	  80	   1	 616	   1	   1	   3	  12	  21	  80	  20	  50	 667	1255051	1255667	   0	 780	
 527	 528	  50	   2	1154	   3	   1	   3	  12	  22	  80	  20	  50	 645	1257601	1258755	   0	 770	
 528	 529	  80	   2	 390	   1	   1	   4	  12	  22	  80	  20	  50	 643	1260701	1261091	   0	 760	
 529	 530	  50	   1	 457	   3	   1	   4	  12	  23	  80	  20	  50	 617	1263018	1263475	   0	 770	
 530	 531	  80	   1	 360	   1	   1	   5	  12	  23	  80	  20	  50	 681	1265451	1265811	   0	 780	
 531	 532	  50	   1	 432	   3	   1	   5	  12	  24	  80	  20	  50	 522	1267651	1268083	   0	 790	
 532	 533	  80	   1	 388	   1	   1	   6	  12	  24	  80	  20	  50	 542	1269918	1270306	   0	 800	
 533	 534	  20	   4	 490	   2	   2	   6	  13	  24	  80	  20	  50	 573	1272184	1272674	   0	 800	
 534	 535	  50	   1	 352	   3	   1	   6	  13	  25	  80	  20	  50	 433	1274418	1274770	   0	 810	
 535	 536	  20	   3	 552	   2	   2	   6	  14	  25	  80	  20	  50	 557	1276634	1277186	   0	 810	
 536	 537	  80	   1	 407	   1	   1	   7	  14	  25	  80	  20	  50	 557	1279051	1279458	   0	 820	
 537	 538	  50	   3	 571	   3	   2	   7	  14	  26	  80	  20	  50	 597	1281351	1281922	   0	 820	
 538	 539	  20	   4	 697	   2	   2	   7	  15	  26	  80	  20	  50	 567	1283801	1284498	   0	 820	
 539	 540	  50	   2	 407	   3	   1	   7	  15	  27	  80	  20	  50	 459	1286251	1286658	   0	 810	
 540	 541	  20	   3	 953	   2	   2	   7	  16	  27	  80	  20	  50	 647	1288601	1289554	   0	 810	
 541	 542	  50	   2	 393	   3	   1	   7	  16	  28	  80	  20	  50	 548	1291417	1291810	   0	 800	
 542	 543	  20	   4	 668	   2	   2	   7	  17	  28	  80	  20	  50	 632	1293734	1294402	   0	 800	
 543	 544	  80	   1	 422	   1	   1	   8	  17	  28	  80	  20	  50	 590	1296300	1296722	   0	 810	
 544	 545	  20	   4	 601	   2	   2	   8	  18	  28	  80	  20	  50	 592	1298617	1299218	   0	 810	
 545	 546	  50	   1	 760	   3	   1	   8	  18	  29	  80	  20	  50	 508	1301034	1301794	   0	 820	
 546	 547	  20	   4	 587	   2	   2	   8	  19	  29	  80	  20	  50	 667	1303767	1304354	   0	 820	
 547	 548	  80	   1	 536	   1	   1	   9	  19	  29	  80	  20	  50	 577	1306234	1306770	   0	 830	
 548	 549	  50	   2	 460	   3	   1	   9	  19	  30	  80	  20	  50	 470	1308550	1309010	   0	 820	
 549	 550	  20	   4	 723	   2	   2	   9	  20	  30	  80	  20	  50	 445	1310750	1311473	   0	 820	
 550	 551	  80	   1	 516	   1	   1	  10	  20	  30	  80	  20	  50	 343	1313117	1313633	   0	 830	
 551	 552	  20	   4	 548	   2	   2	  10	  21	  30	  80	  20	  50	 577	1315533	1316081	   0	 830	
 552	 553	  80	   1	 395	   1	   1	  11	  21	  30	  80	  20	  50	 373	1317750	1318145	   0	 840	
 553	 554	  50	   1	 568	   3	   1	  11	  21	  31	  80	  20	  50	 369	1319817	1320385	   0	 850	
 554	 555	  20	   3	 617	   2	   2	  11	  22	  31	  80	  20	  50	 531	1322216	1322833	   0	 850	
 555	 556	  50	   2	 698	   3	   1	  11	  22	  32	  80	  20	  50	 440	1324583	1325281	   0	 840	
 556	 557	  80	   1	 295	   1	   1	  12	  22	  32	  80	  20	  50	 483	1327066	1327361	   0	 850	
 557	 558	  50	   2	 486	   3	   1	  12	  22	  33	  80	  20	  50	 428	1329083	1329569	   0	 840	
 558	 559	  80	   1	 459	   1	   1	  13	  22	  33	  80	  20	  50	 472	1331350	1331809	   0	 850	
 559	 560	  30	   4	1067	   3	   2	  13	  22	   1	  80	  20	  30	 665	1333766	1334833	   3	 850	
 560	 561	  80	   2	 610	   1	   1	  14	  22	   1	  80	  20	  30	 664	1336799	1337409	   0	 840	
 561	 562	  20	   4	 680	   2	   2	  14	  23	   1	  80	  20	  30	 307	1339033	1339713	   0	 840	
 562	 563	  30	   4	 712	   3	   2	  14	  23	   2	  80	  20	  30	 423	1341433	1342145	   0	 840	
 563	 564	  20	   4	 644	   2	   2	  14	  24	   2	  80	  20	  30	 503	1343949	1344593	   0	 840	
 564	 565	  80	   1	 323	   1	   1	  15	  24	   2	  80	  20	  30	 473	1346366	1346689	   0	 850	
 565	 566	  20	   4	 350	   2	   2	  15	  25	   2	  80	  20	  30	 507	1348499	1348849	   0	 850	
 566	 567	  80	   2	 606	   1	   1	  16	  25	   2	  80	  20	  30	 328	1350482	1351088	   0	 840	
 567	 568	  30	   4	 584	   3	   2	  16	  25	   3	  80	  20	  30	 628	1353016	1353600	   0	 840	
 568	 569	  20	   4	 620	   2	   2	  16	  26	   3	  80	  20	  30	 417	1355332	1355952	   0	 840	
 569	 570	  80	   1	 296	   1	   1	  17	  26	   3	  80	  20	  30	 580	1357832	1358128	   0	 850	
 570	 571	  20	   4	 496	   2	   2	  17	  27	   3	  80	  20	  30	 583	1360016	1360512	   0	 850	
 571	 572	  80	   1	 493	   1	   1	  18	  27	   3	  80	  20	  30	 683	1362515	1363008	   0	 860	
 572	 573	  30	   4	 493	   3	   2	  18	  27	   4	  80	  20	  30	 589	1364899	1365392	   0	 860	
 573	 574	  20	   3	 555	   2	   2	  18	  28	   4	  80	  20	  30	 658	1367349	1367904	   0	 860	
 574	 575	  30	   3	 697	   3	   2	  18	  28	   5	  80	  20	  30	 607	1369815	1370512	   0	 860	
 575	 576	  20	   4	 715	   2	   2	  18	  29	   5	  80	  20	  30	 335	1372149	1372864	   0	 860	
 576	 577	  80	   1	 404	   1	   1	  19	  29	   5	  80	  20	  30	 568	1374732	1375136	   0	 870	
 577	 578	  20	   4	 446	   2	   2	  19	  30	   5	  80	  20	  30	 440	1376882	1377328	   0	 870	
 578	 579	  30	   4	 518	   3	   2	  19	  30	   6	  80	  20	  30	 475	1379098	1379616	   0	 870	
 579	 580	  20	   4	 570	   2	   2	  19	  31	   6	  80	  20	  30	 468	1381398	1381968	   0	 870	
 580	 581	  80	   1	 523	   1	   1	  20	  31	   6	  80	  20	  30	 483	1383765	1384288	   0	 880	
 581	 582	  20	   4	 498	   2	   2	  20	  32	   6	  80	  20	  30	 369	1385982	1386480	   0	 880	
 582	 583	  30	   3	 484	   3	   2	  20	  32	   7	  80	  20	  30	 580	1388348	1388832	   0	 880	
 583	 584	  20	   2	 385	   2	   1	  20	  33	   7	  80	  20	  30	 663	1390798	1391183	   0	 870	
 584	 585	  30	   4	 454	   3	   2	  20	  33	   8	  80	  20	  30	 590	1393081	1393535	   0	 870	
 585	 586	  80	   1	 517	   1	   1	  21	  33	   8	  80	  20	  30	 650	1395498	1396015	   0	 880	
 586	 587	  30	   4	 417	   3	   2	  21	  33	   9	  80	  20	  30	 677	1397998	1398415	   0	 880	
 587	 588	  80	   2	 663	   1	   1	  22	  33	   9	  80	  20	  30	 520	1400248	1400911	   0	 870	
 588	 589	  20	   4	 449	   2	   2	  22	  34	   9	  80	  20	  30	 591	1402798	1403247	   0	 870	
 589	 590	  30	   3	 624	   3	   2	  22	  34	  10	  80	  20	  30	 677	1405231	1405855	   0	 870	
 590	 591	  80	   1	 483	   1	   1	  23	  34	  10	  80	  20	  30	 399	1407564	1408047	   0	 880	
 591	 592	  20	   4	 446	   2	   2	  23	  35	  10	  80	  20	  30	 303	1409681	1410127	   0	 880	
 592	 593	  80	   1	 589	   1	   1	  24	  35	  10	  80	  20	  30	 686	1412114	1412703	   0	 890	
 593	 594	  70	   3	1041	   2	   2	  24	   1	  10	  80	  70	  30	 406	1414414	1415455	   2	 890	
 594	 595	  80	   1	 600	   1	   1	  25	   1	  10	  80	  70	  30	 679	1417431	1418031	   0	 900	
 595	 596	  30	   4	 714	   3	   2	  25	   1	  11	  80	  70	  30	 435	1419781	1420495	   0	 900	
 596	 597	  80	   1	 803	   1	   1	  26	   1	  11	  80	  70	  30	 575	1422364	1423167	   0	 910	
 597	 598	  70	   1	 600	   2	   1	  26	   2	  11	  80	  70	  30	 577	1425047	1425647	   0	 920	
 598	 599	  80	   1	 572	   1	   1	  27	   2	  11	  80	  70	  30	 384	1427347	1427919	   0	 930	
 599	 600	  30	   4	 582	   3	   2	  27	   2	  12	  80	  70	  30	 639	1429864	1430446	   0	 930	
 600	 601	  80	   2	 587	   1	   1	  28	   2	  12	  80	  70	  30	 390	1432147	1432734	   0	 920	
 601	 602	  70	   1	 436	   2	   1	  28	   3	  12	  80	  70	  30	 682	1434730	1435166	   0	 930	
 602	 603	  30	   4	 526	   3	   2	  28	   3	  13	  80	  70	  30	 413	1436880	1437406	   0	 930	
 603	 604	  70	   1	 272	   2	   1	  28	   4	  13	  80	  70	  30	 531	1439230	1439502	   0	 940	
 604	 605	  30	   4	 532	   3	   2	  28	   4	  14	  80	  70	  30	 305	1441114	1441646	   0	 940	
 605	 606	  70	   2	 345	   2	   1	  28	   5	  14	  80	  70	  30	 443	1443397	1443742	   0	 930	
 606	 607	  30	   3	 703	   3	   2	  28	   5	  15	  80	  70	  30	 607	1445647	1446350	   0	 930	
 607	 608	  70	   1	 413	   2	   1	  28	   6	  15	  80	  70	  30	 433	1448097	1448510	   0	 940	
 608	 609	  30	   4	 471	   3	   2	  28	   6	  16	  80	  70	  30	 455	1450263	1450734	   0	 940	
 609	 610	  80	   1	 391	   1	   1	  29	   6	  16	  80	  70	  30	 621	1452663	1453054	   0	 950	
 610	 611	  70	   2	 571	   2	   1	  29	   7	  16	  80	  70	  30	 600	1454963	1455534	   0	 940	
 611	 612	  30	   4	 601	   3	   2	  29	   7	  17	  80	  70	  30	 557	1457413	1458014	   0	 940	
 612	 613	  70	   1	 338	   2	   1	  29	   8	  17	  80	  70	  30	 649	1459980	1460318	   0	 950	
 613	 614	  80	   1	 512	   1	   1	  30	   8	  17	  80	  70	  30	 429	1462046	1462558	   0	 960	
 614	 615	  70	   1	 440	   2	   1	  30	   9	  17	  80	  70	  30	 393	1464246	1464686	   0	 970	
 615	 616	  30	   4	 433	   3	   2	  30	   9	  18	  80	  70	  30	 422	1466413	1466846	   0	 970	
 616	 617	  50	   4	 822	   1	   2	   1	   9	  18	  50	  70	  30	 545	1468696	1469518	   1	 970	
 617	 618	  30	   3	 625	   3	   2	   1	   9	  19	  50	  70	  30	 371	1471196	1471821	   0	 970	
 618	 619	  70	   2	 558	   2	   1	   1	  10	  19	  50	  70	  30	 540	1473663	1474221	   0	 960	
 619	 620	  30	   3	 554	   3	   2	   1	  10	  20	  50	  70	  30	 659	1476179	1476733	   0	 960	
 620	 621	  70	   1	 534	   2	   1	   1	  11	  20	  50	  70	  30	 617	1478663	1479197	   0	 970	
 621	 622	  50	   4	 477	   1	   2	   2	  11	  20	  50	  70	  30	 374	1480896	1481373	   0	 970	
 622	 623	  70	   1	 465	   2	   1	   2	  12	  20	  50	  70	  30	 521	1483196	1483661	   0	 980	
 623	 624	  50	   4	 892	   1	   2	   3	  12	  20	  50	  70	  30	 379	1485329	1486221	   0	 980	
 624	 625	  30	   3	 563	   3	   2	   3	  12	  21	  50	  70	  30	 447	1487962	1488525	   0	 980	
 625	 626	  70	   1	 379	   2	   1	   3	  13	  21	  50	  70	  30	 340	1490162	1490541	   0	 990	
 626	 627	  50	   3	 385	   1	   2	   4	  13	  21	  50	  70	  30	 563	1492396	1492781	   0	 990	
 627	 628	  30	   4	 582	   3	   2	   4	  13	  22	  50	  70	  30	 590	1494679	1495261	   0	 990	
 628	 629	  50	   3	 370	   1	   2	   5	  13	  22	  50	  70	  30	 636	1497195	1497565	   0	 990	
 629	 630	  70	   1	 528	   2	   1	   5	  14	  22	  50	  70	  30	 349	1499229	1499757	   0	1000	
 630	 631	  30	   4	 506	   3	   2	   5	  14	  23	  50	  70	  30	 334	1501395	1501901	   0	1000	
 631	 632	  50	   2	 310	   1	   1	   6	  14	  23	  50	  70	  30	 665	1503879	1504189	   0	 990	
 632	 633	  70	   2	 390	   2	   1	   6	  15	  23	  50	  70	  30	 402	1505895	1506285	   0	 980	
 633	 634	  30	   4	 396	   3	   2	   6	  15	  24	  50	  70	  30	 551	1508145	1508541	   0	 980	
 634	 635	  50	   1	 332	   1	   1	   7	  15	  24	  50	  70	  30	 678	1510512	1510844	   0	 990	
 635	 636	  30	   2	 397	   3	   1	   7	  15	  25	  50	  70	  30	 341	1512495	1512892	   0	 980	
 636	 637	  50	   1	 488	   1	   1	   8	  15	  25	  50	  70	  30	 427	1514612	1515100	   0	 990	
 637	 638	  30	   4	 504	   3	   2	   8	  15	  26	  50	  70	  30	 615	1517012	1517516	   0	 990	
 638	 639	  70	   1	 624	   2	   1	   8	  16	  26	  50	  70	  30	 396	1519212	1519836	   0	1000	
 639	 640	  50	   1	1291	   1	   1	   9	  16	  26	  50	  70	  30	 616	1521761	1523052	   0	1010	
 640	 641	  70	   1	 554	   2	   1	   9	  17	  26	  50	  70	  30	 627	1524978	1525532	   0	1020	
 641	 642	  30	   3	 451	   3	   2	   9	  17	  27	  50	  70	  30	 693	1527545	1527996	   0	1020	
 642	 643	  50	   2	 523	   1	   1	  10	  17	  27	  50	  70	  30	 438	1529745	1530268	   0	1010	
 643	 644	  70	   1	 556	   2	   1	  10	  18	  27	  50	  70	  30	 560	1532128	1532684	   0	1020	
 644	 645	  30	   4	 490	   3	   2	  10	  18	  28	  50	  70	  30	 587	1534578	1535068	   0	1020	
 645	 646	  70	   2	 498	   2	   1	  10	  19	  28	  50	  70	  30	 427	1536794	1537292	   0	1010	
 646	 647	  50	   1	 636	   1	   1	  11	  19	  28	  50	  70	  30	 360	1538944	1539580	   0	1020	
 647	 648	  30	   4	 694	   3	   2	  11	  19	  29	  50	  70	  30	 585	1541478	1542172	   0	1020	
 648	 649	  50	   2	 557	   1	   1	  12	  19	  29	  50	  70	  30	 644	1544111	1544668	   0	1010	
 649	 650	  30	   3	 570	   3	   2	  12	  19	  30	  50	  70	  30	 632	1546594	1547164	   0	1010	
 650	 651	  70	   2	 579	   2	   1	  12	  20	  30	  50	  70	  30	 301	1548777	1549356	   0	1000	
 651	 652	  30	   4	 645	   3	   2	  12	  20	   1	  50	  70	  30	 422	1551094	1551739	   0	1000	
 652	 653	  50	   2	 393	   1	   1	  13	  20	   1	  50	  70	  30	 356	1553394	1553787	   0	 990	
 653	 654	  70	   2	 608	   2	   1	  13	  21	   1	  50	  70	  30	 544	1555627	1556235	   0	 980	
 654	 655	  50	   1	 403	   1	   1	  14	  21	   1	  50	  70	  30	 415	1557944	1558347	   0	 990	
 655	 656	  70	   1	 374	   2	   1	  14	  22	   1	  50	  70	  30	 610	1560261	1560635	   0	1000	
 656	 657	  30	   4	 427	   3	   2	  14	  22	   2	  50	  70	  30	 632	1562560	1562987	   0	1000	
 657	 658	  50	   1	 579	   1	   1	  15	  22	   2	  50	  70	  30	 474	1564760	1565339	   0	1010	
 658	 659	  30	   4	 501	   3	   2	  15	  22	   3	  50	  70	  30	 450	1567094	1567595	   0	1010	
 659	 660	  70	   1	 505	   2	   1	  15	  23	   3	  50	  70	  30	 493	1569394	1569899	   0	1020	
 660	 661	  30	   2	 387	   3	   1	  15	  23	   4	  50	  70	  30	 360	1571560	1571947	   0	1010	
 661	 662	  70	   1	 614	   2	   1	  15	  24	   4	  50	  70	  30	 609	1573877	1574491	   0	1020	
 662	 663	  30	   3	 474	   3	   2	  15	  24	   5	  50	  70	  30	 385	1576177	1576651	   0	1020	
 663	 664	  70	   1	 404	   2	   1	  15	  25	   5	  50	  70	  30	 388	1578343	1578747	   0	1030	
 664	 665	  50	   2	 480	   1	   1	  16	  25	   5	  50	  70	  30	 398	1580443	1580923	   0	1020	
 665	 666	  30	   4	 658	   3	   2	  16	  25	   6	  50	  70	  30	 577	1582793	1583451	   0	1020	
 666	 667	  70	   1	 440	   2	   1	  16	  26	   6	  50	  70	  30	 694	1585443	1585883	   0	1030	
 667	 668	  30	   3	 484	   3	   2	  16	  26	   7	  50	  70	  30	 349	1587543	1588027	   0	1030	
 668	 669	  50	   1	 540	   1	   1	  17	  26	   7	  50	  70	  30	 387	1589726	1590266	   0	1040	
 669	 670	  70	   2	 651	   2	   1	  17	  27	   7	  50	  70	  30	 567	1592143	1592794	   0	1030	
 670	 671	  50	   2	 528	   1	   1	  18	  27	   7	  50	  70	  30	 304	1594410	1594938	   0	1020	
 671	 672	  30	   4	 550	   3	   2	  18	  27	   8	  50	  70	  30	 431	1596676	1597226	   0	1020	
 672	 673	  70	   1	 509	   2	   1	  18	  28	   8	  50	  70	  30	 364	1598893	1599402	   0	1030	
 673	 674	  30	   4	 562	   3	   2	  18	  28	   9	  50	  70	  30	 473	1601176	1601738	   0	1030	
 674	 675	  50	   1	 534	   1	   1	  19	  28	   9	  50	  70	  30	 445	1603476	1604010	   0	1040	
 675	 676	  70	   1	 533	   2	   1	  19	  29	   9	  50	  70	  30	 571	1605893	1606426	   0	1050	
 676	 677	  30	   3	 548	   3	   2	  19	  29	  10	  50	  70	  30	 588	1608326	1608874	   0	1050	
 677	 678	  50	   2	 599	   1	   1	  20	  29	  10	  50	  70	  30	 472	1610643	1611242	   0	1040	
 678	 679	  70	   2	 499	   2	   1	  20	  30	  10	  50	  70	  30	 604	1613159	1613658	   0	1030	
 679	 680	  50	   1	 604	   1	   1	  21	  30	  10	  50	  70	  30	 366	1615326	1615930	   0	1040	
 680	 681	  30	   4	 522	   3	   2	  21	  30	  11	  50	  70	  30	 558	1617792	1618314	   0	1040	
 681	 682	  50	   1	 710	   1	   1	  22	  30	  11	  50	  70	  30	 660	1620292	1621002	   0	1050	
 682	 683	  30	   4	 565	   3	   2	  22	  30	  12	  50	  70	  30	 411	1622709	1623274	   0	1050	
 683	 684	  50	   1	1010	   1	   1	  23	  30	  12	  50	  70	  30	 624	1625192	1626202	   0	1060	
 684	 685	  70	   1	 641	   2	   1	  23	  31	  12	  50	  70	  30	 499	1628009	1628650	   0	1070	
 685	 686	  50	   2	 559	   1	   1	  24	  31	  12	  50	  70	  30	 497	1630442	1631001	   0	1060	
 686	 687	  70	   1	 478	   2	   1	  24	  32	  12	  50	  70	  30	 559	1632859	1633337	   0	1070	
 687	 688	  50	   2	 528	   1	   1	  25	  32	  12	  50	  70	  30	 585	1635225	1635753	   0	1060	
 688	 689	  30	   4	 506	   3	   2	  25	  32	  13	  50	  70	  30	 327	1637375	1637881	   0	1060	
 689	 690	  50	   2	 552	   1	   1	  26	  32	  13	  50	  70	  30	 647	1639825	1640377	   0	1050	
 690	 691	  30	   4	 547	   3	   2	  26	  32	  14	  50	  70	  30	 661	1642342	1642889	   0	1050	
 691	 692	  70	   1	 443	   2	   1	  26	  33	  14	  50	  70	  30	 362	1644558	1645001	   0	1060	
 692	 693	  30	   3	 531	   3	   2	  26	  33	  15	  50	  70	  30	 445	1646742	1647273	   0	1060	
 693	 694	  50	   2	 571	   1	   1	  27	  33	  15	  50	  70	  30	 395	1648958	1649529	   0	1050	
 694	 695	  70	   2	 541	   2	   1	  27	  34	  15	  50	  70	  30	 480	1651308	1651849	   0	1040	
 695	 696	  30	   4	 497	   3	   2	  27	  34	  16	  50	  70	  30	 441	1653592	1654089	   0	1040	
 696	 697	  50	   1	 554	   1	   1	  28	  34	  16	  50	  70	  30	 394	1655775	1656329	   0	1050	
 697	 698	  30	   4	 554	   3	   2	  28	  34	  17	  50	  70	  30	 548	1658175	1658729	   0	1050	
 698	 699	  50	   2	 406	   1	   1	  29	  34	  17	  50	  70	  30	 650	1660691	1661097	   0	1040	
 699	 700	  30	   4	 592	   3	   2	  29	  34	  18	  50	  70	  30	 423	1662825	1663417	   0	1040	
 700	 701	  70	   1	 790	   2	   1	  29	  35	  18	  50	  70	  30	 366	1665091	1665881	   0	1050	
 701	 702	  30	   3	 649	   3	   2	  29	  35	  19	  50	  70	  30	 599	1667808	1668457	   0	1050	
 702	 703	  50	   1	 405	   1	   1	  30	  35	  19	  50	  70	  30	 541	1670291	1670696	   0	1060	
 703	 704	  30	   3	 666	   3	   2	  30	  35	  20	  50	  70	  30	 553	1672558	1673224	   0	1060	
 704	 705	  50	   2	 504	   1	   1	  31	  35	  20	  50	  70	  30	 467	1675008	1675512	   0	1050	
 705	 706	  70	   1	 562	   2	   1	  31	   1	  20	  50	  70	  30	 343	1677158	1677720	   0	1060	
 706	 707	  50	   2	 874	   1	   1	  32	   1	  20	  50	  70	  30	 342	1679358	1680232	   0	1050	
 707	 708	  30	   3	 507	   3	   2	  32	   1	  21	  50	  70	  30	 609	1682141	1682648	   0	1050	
 708	 709	  50	   1	 883	   1	   1	  33	   1	  21	  50	  70	  30	 407	1684357	1685240	   0	1060	
 709	 710	  30	   4	 596	   3	   2	  33	   1	  22	  50	  70	  30	 572	1687124	1687720	   0	1060	
 710	 711	  70	   1	 481	   2	   1	  33	   2	  22	  50	  70	  30	 581	1689591	1690072	   0	1070	
 711	 712	  50	   2	 693	   1	   1	   1	   2	  22	  50	  70	  30	 501	1691891	1692584	   0	1060	
